,Q1_feat1,Q1_feat2,Q1_feat3,Q1_feat4,Q1_feat5,Q1_feat7,Q2_feat1,Q2_feat2,Q2_feat3,Q2_feat5,Q3_feat1,Q3_feat2,Q3_feat3,Q3_feat4,Q3_feat6,Q4_feat1,Q4_feat3,Q5_feat1,Q5_feat2,Q5_feat3,Q5_feat4,Q5_feat6,Q6_feat1,Q6_feat2,Q6_feat3,Q6_feat4,Q7_feat1,Q7_feat2,Q7_feat3,Q7_feat5,Q8_feat1,Q8_feat2,Q8_feat3,Q8_feat5,Q9_feat1,Q9_feat2,Q9_feat3,Q9_feat4,Q9_feat6,Q10_feat1,Q10_feat2,Q10_feat3,Q10_feat4,Q10_feat6,Q10_feat7,Q11_feat1,Q11_feat2,Q11_feat3,Q11_feat5,Q12_feat1,Q12_feat2,Q12_feat3,Q12_feat5,Q13_feat1,Q13_feat2,Q13_feat4,Tablet_Q1_feat1,Tablet_Q1_feat2,Tablet_Q1_feat3,Tablet_Q1_feat4,Tablet_Q1_feat5,Tablet_Q1_feat7,Tablet_Q2_feat1,Tablet_Q2_feat2,Tablet_Q2_feat3,Tablet_Q2_feat5,Tablet_Q3_feat1,Tablet_Q3_feat2,Tablet_Q3_feat3,Tablet_Q3_feat4,Tablet_Q3_feat6,Tablet_Q4_feat1,Tablet_Q4_feat3,Tablet_Q5_feat1,Tablet_Q5_feat2,Tablet_Q5_feat3,Tablet_Q5_feat4,Tablet_Q5_feat6,Tablet_Q6_feat1,Tablet_Q6_feat2,Tablet_Q6_feat3,Tablet_Q6_feat4,Tablet_Q7_feat1,Tablet_Q7_feat2,Tablet_Q7_feat3,Tablet_Q7_feat5,Tablet_Q8_feat1,Tablet_Q8_feat2,Tablet_Q8_feat3,Tablet_Q8_feat5,Tablet_Q9_feat1,Tablet_Q9_feat2,Tablet_Q9_feat3,Tablet_Q9_feat4,Tablet_Q9_feat6,Tablet_Q10_feat1,Tablet_Q10_feat2,Tablet_Q10_feat3,Tablet_Q10_feat4,Tablet_Q10_feat6,Tablet_Q10_feat7,Tablet_Q11_feat1,Tablet_Q11_feat2,Tablet_Q11_feat3,Tablet_Q11_feat5,Tablet_Q12_feat1,Tablet_Q12_feat2,Tablet_Q12_feat3,Tablet_Q12_feat5,Tablet_Q13_feat1,Tablet_Q13_feat2,Tablet_Q13_feat4
Q1_feat1,1.0,0.05676582621807087,0.07091428615122719,0.016121812779503034,0.17991637338388505,-0.1899947463214809,-0.03381871654439244,0.2461822910331858,0.17611980221211399,-0.06678671430571569,0.0754080426944363,0.10989864359767355,0.09312822126478397,0.5216277344059459,-0.17785674265665433,0.0579258807504496,-0.0579258807504496,-0.008868670836207028,0.05690534626467908,0.24609048438490919,0.22660266471810805,-0.1363732696253737,0.18249597630724995,0.140418373859405,-0.07560237896625338,-0.09839267282801771,-0.0794434978419664,-0.06635231492359724,-0.010469574272884457,0.09486422193776853,0.27164479114312906,0.06012427607421902,0.0840768599618782,-0.12937220061605045,0.048037097708181674,0.02906842436183618,0.13183795635472217,0.5049936303158288,-0.17870638216821355,0.08989827045809623,0.4934697527076266,0.09403904173034701,0.2113385354813495,-0.08650957267700078,-0.17997480060926183,0.11440460283522541,-0.022024644312839927,0.4654226660249098,-0.12272295475003997,0.007341567185701117,0.07557609321206343,0.03241987141217087,0.010949413676098006,-0.059930445300655076,-0.048106178086198964,0.10583347662915421,0.19605043930469582,-0.016769757194038008,0.027227235758857937,0.04492053380176632,0.0549053931103618,-0.04485960210399535,0.013954292829647053,0.10218282026060795,0.11819269767782757,-0.11805060265727249,-0.028252287453127814,-0.007491021418513985,-0.014619490186729107,0.1204854865532305,-0.04485960210399535,-0.023307549242515085,0.02136301808086073,0.0100572385502948,0.05986099471777863,0.05841018718048352,0.10319269334699785,-0.009772046524491346,0.07446576357528477,0.08398174810914268,-0.015006749962037236,-0.08625818713131758,0.031451864109128126,-8.654412765970875e-05,-0.0068652977513130485,-0.020467123824574898,0.12048548655323033,0.05616087311242172,0.04896107944310816,-0.1088173893966956,0.002197093129723989,0.12002351697584647,-0.0017859388168723195,0.1663452797937818,-0.09016226470108832,0.1419421685749382,0.06801614970473135,-0.020969910242657326,0.08301510849175299,-0.06354497432420292,-0.06354497432420374,0.03505758297103439,-0.018825782706916136,0.16397037892384936,-0.04485960210399535,-0.0020802197645525414,0.0325471630112035,-0.04038778873848045,0.010269098313169836,-0.021804597360783582,-0.01233101285999913,0.021363018080860222
Q1_feat2,0.05676582621807087,1.0,0.010063141383815762,-0.10310920905363231,0.35272569543587523,-0.5300348007872173,0.09606867447454179,-0.0917161807746753,0.05268932409642749,-0.04154935690392487,0.17630853492703674,0.1351637373940443,0.387887547681201,0.07919052142846493,-0.33625162325150176,0.12604133247342955,-0.12604133247342955,0.07261988915571081,0.13734394365427538,-0.02597012638248503,0.06355181725280107,-0.32935299291317266,0.14748406347868295,0.04234609908414822,0.04782048340019067,-0.20854856795703194,-0.03647297400107371,0.010658130426883884,0.07543720367825392,0.07310861357538204,0.007300006738130578,0.1509602731495511,0.1939163340535277,-0.09740563003495721,0.12437660704381175,0.08969629749968056,0.4299760527039075,0.01862762475482561,-0.3642123731665559,0.17789338775704855,0.10675861430620091,0.4115886530070939,0.20214499289565205,-0.17912082451627645,-0.36835460630034794,0.2813158816319883,0.46901182328429575,0.007300006738130534,-0.3431086469565832,0.033300375249022206,0.039479376411426036,0.11701933726840792,-0.03508909383331183,0.08619039777660906,0.02517042935553612,0.007151857168152529,-0.06183633475934997,0.1680878474169144,0.06833386513050539,0.08381907269170163,0.17680536594414156,-0.12514635654373732,0.08250373483415237,0.02829207114463826,0.07731509851994019,0.010020066729838946,0.13674066544247085,0.13468624759973932,0.1373439436542752,0.035267270208017724,-0.12514635654373732,0.08185641554357916,0.017224925353911458,0.08590594344339722,0.06977654623295358,0.04537795415816597,0.03699015529843324,-0.04223859883904768,0.10799281050032528,0.04765840173572026,0.1129129066679497,-0.14168395389993596,0.06451749450641978,0.12377921021055277,0.08098533176639477,0.051349511599186014,-0.013284532275666183,0.13674066544247082,0.117327990662186,-0.0049731809990612415,0.10799281050032514,0.0934984906952518,0.13239245430887914,0.02061818732125931,-0.02351892689983873,0.02829207114463843,0.06008284850265307,0.18426728384426996,0.0644931298702056,-0.07014170957532961,-0.17727357444909425,0.08250373483415237,0.13414825181461668,0.05877634921632363,-0.12514635654373732,0.08968004181304301,0.07731509851994013,0.12448478600719898,0.015812628250693954,0.09183784055046393,0.10332770634616685,0.017224925353911454
Q1_feat3,0.07091428615122719,0.010063141383815762,1.0,0.31960439432158233,0.10698107651747955,-0.08114313215578975,0.2568577887816471,0.46621173067120975,0.1937234273731002,-0.24542223891056045,0.15071531236533206,0.0870156109890494,0.0294079226981538,0.13654159916807496,-0.07595922231327266,0.09499981941392134,-0.09499981941392134,0.08344458238862552,0.07923832684736805,0.3219895282711391,0.2249373099470473,-0.05824242224574483,0.022833905659857344,0.28369815841565305,0.10043446013504286,-0.021343386433782148,0.29664663234936317,0.35693835097098564,0.231363669498986,-0.24538901385818357,0.2710961125735245,0.16622861750665774,0.19661782313854814,-0.13475504879267924,0.19177679036793635,0.2681309761945652,0.023517112158838557,0.20141507054411506,-0.10617034287843458,0.1671034405213845,0.08385463012832153,0.12682773870787772,0.13364952462919058,0.018798487560425757,-0.04466352574928047,0.21565415803961754,0.07661742341741051,0.2143055929146562,-0.11029277115769531,0.17835181798573466,0.3375360311589925,0.24091020629378668,-0.1942865427139583,0.13557038582331438,0.259778877189079,-0.1877439557846792,0.24300906592099342,0.09739857372958141,0.261897275071097,0.24300906592099347,0.12720745404223371,-0.01915868039751739,0.15190903071566927,0.2621952772066486,0.14644481570988113,0.003653688988930234,0.18592513022676138,0.08279775847155113,0.13688327078609305,0.18210801837997626,-0.01915868039751739,0.06565476243744117,0.08220452898187214,0.1207598610623251,0.31093554723616174,0.29641319300044505,0.24162327819747736,-0.03329278617034027,0.09220454019186491,0.15553808433325492,0.11306522146716445,0.08090309008974049,0.23315187432404888,0.25179618998412584,0.16313139474299582,-0.04937379465598989,0.24300906592099347,0.15190903071566902,0.18312289212518054,0.006482751350872285,0.16986378254824913,0.15837580336343962,0.1420473289639155,0.2844870954794929,-0.03850658348061158,0.32628281709712925,0.11646082781811547,0.13114476233988825,0.34317661703155883,-0.027138846464209415,-0.027138846464209724,0.21994122973785568,0.08777767627135483,0.21311052944855643,-0.01915868039751739,0.14158639186166322,0.19246176394215644,0.10296867695184758,0.042951186103940275,0.07507218483441498,0.12267334730056396,0.03038360414114349
Q1_feat4,0.016121812779503034,-0.10310920905363231,0.31960439432158233,1.0,0.049649992490774085,-0.10034161182137386,0.0476995115266489,0.1880738326155834,0.20117770582623157,-0.09686257983620877,0.09679105836372726,0.11920735332087819,0.08450384495782158,0.10731053024305733,-0.008488596246859218,-0.2426531377646127,0.2426531377646127,0.12071668518227699,0.033830755993930484,0.11213496811644365,0.2478391789451821,-0.017427688402536782,-0.17866792944684845,0.1890598092584412,0.17707674835178042,0.07794952607553055,0.2679181209479363,0.2170994772815826,0.20665680197172695,-0.24462236795598366,0.19556346977845557,0.07028970238724133,0.18079835571497585,-0.024133437451924696,0.19040518440782814,0.24730930452112393,-0.08026727772377107,0.1573859039223281,-0.03532333323018763,-0.04152211730686015,-0.04661887668997216,0.0928312787495045,0.11161387196615113,0.07864438029716585,0.0025527391912442314,0.01151242432881908,-0.015275690674814171,0.21975282724098028,0.049705870994305,0.07614720142907325,0.15192703299659543,0.2116250581650382,-0.11403095313975872,0.25028863263025597,0.2039971337823465,-0.2285314667705603,0.18335578254228105,0.13147742080132366,0.15143611814164396,0.2871165663957012,0.16789523456396743,-0.023691627626187053,0.1121349681164434,0.20095191729455417,0.1709773180809402,0.046438575028080506,0.11213496811644379,0.15118082664710283,0.08293733798039137,0.13147539061557095,-0.023691627626187053,0.06657222083009337,0.1301349197632499,0.15006301825422655,0.2451846519475254,0.23970010502892433,0.19539320964462523,-0.04116986536756315,0.03932748082418206,0.15401554152437827,0.1638245422424747,0.047829542460766816,0.1969081752391852,0.17956219177728783,0.26151902572444957,-0.08756242670082892,0.18335578254228105,0.11213496811644333,0.23754638378975118,0.02865462135192275,0.1054838458270525,0.20621396019075056,0.12936055477421757,0.22125871020236978,-0.047617248059399625,0.20095191729455497,0.06338782194244724,0.11675677271954915,0.34067225573126325,0.08091665361237436,0.08091665361237427,0.1700902462506976,0.1193934125053188,0.23771443617512383,-0.023691627626187053,0.12946032041980127,0.13177639451794657,0.04450565864851962,0.07718997078286001,0.11467345207803128,0.053882974371397774,0.041844488012272356
Q1_feat5,0.17991637338388505,0.35272569543587523,0.10698107651747955,0.049649992490774085,1.0,-0.2509534474862208,0.04251640811408119,-0.03472452084793239,0.18668999689947366,-0.0902425398908483,0.22896887684669778,0.32315168424974977,0.28447010958333885,0.09340234074611597,-0.17444241323936183,-0.07048103969065848,0.07048103969065848,0.08138725962794922,0.07070681201460713,-0.002605653801627922,0.06747207965497633,-0.14148405702341227,0.0697773244943059,0.08516376677285178,0.05339686722864192,-0.0941139951884643,-0.016542656267794074,-0.06636851821874004,0.1077546449015357,0.10791643800031175,0.017679610867691837,0.22219865089039673,0.19457937248590193,-0.1435553712548564,0.2506293831177001,0.05477858681925387,0.3461807772853918,0.10861703193266796,-0.1924996615045592,0.027378093106929048,0.16349847078200333,0.3002630738215817,0.16925642637777066,-0.09409762053512175,-0.1415404383337815,0.24851719279345122,0.2769761618715394,0.08616718861382977,-0.14352165731409894,-0.08860007946603317,0.03535430960717657,0.059888712932928856,0.13339968402740668,-0.07644361256467559,-0.09669294523949294,0.1697666976921788,-0.006578926659165469,0.07055989211247973,0.10891029782408929,0.10358819066976872,0.25723625322394633,-0.05925254260351583,0.09995020736500819,0.05173482868026911,0.15753708068962408,-0.1580075449830185,0.038416690665026454,0.05127178147152016,0.10546580527078724,0.03014344578381291,-0.05925254260351583,0.016825234752081582,0.023409955499836838,0.04579115126240513,0.06003069670660847,0.09584205809197106,0.07812632100130754,0.029572887294144,0.012507617580512309,-0.00723124181417626,0.12876325709164954,-0.08770329016246044,0.07646379158725335,0.02901997348425358,0.06942576422464332,0.04966447603883133,0.030143445783812974,0.09995020736500833,0.11253521190368936,-0.034000898066513977,0.08274856752960887,0.09113483898357383,0.09926770914467316,0.07597397476079418,-0.11909029906341774,0.01309105153953247,0.04058669884272953,0.07200056520883263,0.08912259830246169,-0.002903343010183666,-0.08393300702167493,0.1409725518316627,0.028841928110621595,0.0726390244364542,-0.05925254260351583,-0.06332964680524655,0.07429459571248974,0.06370941579170049,0.0697807267408475,0.06808112634164183,0.11048697921041592,-0.039084447443206424
Q1_feat7,-0.1899947463214809,-0.5300348007872173,-0.08114313215578975,-0.10034161182137386,-0.2509534474862208,1.0,-0.11591563526392207,-0.07050791379095299,-0.0014166107525090492,0.10786545977326094,-0.0675199653974707,-0.18930633419890258,-0.26030038324685617,-0.1376613743333742,0.4736521659985621,-0.0964195239620529,0.0964195239620529,-0.13489227176846383,-0.10933445471810667,-0.042038823556416104,-0.05487564849142824,0.5489182758520892,-0.11958122099972425,-0.07287749698291057,-0.009217575281065614,0.22162283804539218,-0.035637143415479314,-0.009706696047187885,-0.07562793581051905,0.10206611457037124,-0.037041876843832935,-0.1585153341699756,-0.13126669512629766,0.17243473899421194,-0.10930500995076502,-0.062112943792919185,-0.2847596757521931,-0.0789818128245667,0.4179895216308936,-0.06053060252973051,-0.16449207769134247,-0.3052881634232576,-0.1291460024303164,0.18828033426019122,0.4554849254420931,-0.23040658128907307,-0.28729336145250367,-0.07444929852494063,0.4479233694379091,-0.018187869896232063,-0.02800683657712268,-0.11263246503451253,0.07568456961395985,-0.08769768077683023,-0.06337558830716782,0.11997804334971869,-0.04442702549631538,-0.08776163610921744,-0.056772622827291445,-0.04442702549631536,-0.09371299691631416,0.2361096976233788,-0.0868510417224568,-0.04207640090449338,-0.06042446208830688,0.05602688601796379,-0.0868510417224568,-0.09771421020329141,-0.07136423119043828,-0.04442702549631539,0.2361096976233788,-0.07748281325591136,0.015343618899725218,-0.08919375553775329,-0.036983997782203536,-0.024051894892355114,-0.019606069594693153,0.12073108024397754,-0.07364766392940039,-0.04883206351006586,-0.08824539810265448,0.13919506858208894,-0.0689017432185336,-0.06560728902554898,-0.0751845021238151,0.005321796445183258,-0.044427025496315366,-0.0868510417224568,-0.06218791815739549,0.022236913641119144,-0.07364766392940034,-0.0672689071422944,-0.08046974856052098,-0.03960361783925539,0.09777394339421495,-0.04207640090449327,-0.06726890714229435,-0.08487248720032188,-0.03418360324289868,-0.019606069594693198,0.15742520586327205,-0.04203882355641611,-0.09203513634640108,-0.031153510547874037,0.2361096976233788,-0.08962815193572073,-0.06042446208830673,-0.08114313215578985,0.05150758133352605,-0.1003416118213739,-0.0950553514225689,0.08361160443908275
Q2_feat1,-0.03381871654439244,0.09606867447454179,0.2568577887816471,0.0476995115266489,0.04251640811408119,-0.11591563526392207,1.0,0.1968484040480716,-0.22859449449260358,-0.6265189592757563,0.25682756496942294,-0.003624133809321142,0.02378154615155661,-0.10995000983275774,-0.13281240460190763,0.1771123762682733,-0.1771123762682733,0.06241187207467632,0.07389224686055473,0.08439855909305556,0.08964578517946341,-0.04497783728111969,-0.015095111284201088,0.13903593275633513,0.06577001604166911,-0.051743043522952316,0.31143105546440947,0.2638347500740602,0.14389411148378695,-0.25325074234111355,0.18632984644963688,0.06366213281572146,0.09186669529095082,-0.16934879103990574,0.08226588844826553,0.2145925819730715,-0.20037651233461423,-0.02961360696687922,-0.03968605065027132,0.12487873461403684,-0.18347660325551177,0.016559798832584467,-0.007899743069701476,0.1094166107285361,-0.052899182257349825,0.15093347056122453,-0.023243238026330205,-0.047593531084336886,-0.07748313641126442,0.24854068584726055,0.16701175509363766,0.07823134435960637,-0.19855622219622301,0.07163789161131714,0.08477250213775137,-0.10910455923959593,0.09830544355159329,0.055090791127355786,0.13795240798102035,0.1368985013141752,0.06490021030619046,0.07871987264967788,0.2568468628638914,0.19869621057718218,-0.03543012597721162,-0.10122695108043804,0.21373478692118247,0.08198285385487496,0.0556274161148297,0.09830544355159321,0.07871987264967788,0.047268461611571645,0.07113328347149571,0.0320825412978461,0.2103456275249586,0.13679459300452107,0.11150906498751262,0.06714958462576928,0.04977380074565999,0.06563300114315247,0.07601927037688452,0.05322945843525605,0.18368972414003307,0.1831665332900112,0.11314687946089637,-0.03797252822976037,0.17549155907675654,0.08439855909305534,0.1546651494092701,-0.015889922623643808,0.09898654415602266,0.14353626933932798,0.0345468132634958,0.09623325775005488,0.09780343710817305,0.23930855188689854,0.03729001331238721,0.050445578307115914,0.14492718521793135,0.11150906498751127,0.0263516447109789,0.08439855909305537,0.0535606038344349,0.06893460992233204,0.07871987264967788,0.19411519992828982,0.16869679285664466,0.12042986290627375,-0.10842071713942246,0.028329471792943407,0.057270442102476504,0.03829430899668484
Q2_feat2,0.2461822910331858,-0.0917161807746753,0.46621173067120975,0.1880738326155834,-0.03472452084793239,-0.07050791379095299,0.1968484040480716,1.0,0.09386052049153226,-0.251241696335448,0.06801301548746946,0.15527085437103605,-0.056571027417587974,0.2015435550213003,-0.06600344546978272,0.1325844415487201,-0.1325844415487201,0.04664133647838558,0.1596401150812536,0.39186014095539556,0.27171418385060625,-0.05060874010624738,0.010441085995277972,0.2827910542455905,0.1528901062922068,-0.06842589092114018,0.23050884490813472,0.27469443000585386,0.16251942605827024,-0.2398441304780142,0.3435111102062217,0.0868749973336948,0.1462922898590796,-0.19791951719123083,0.06106005305832704,0.26319075157373406,-0.1348493531651903,0.2666195676278928,-0.0501086737862021,0.13484935316518964,0.2693337301733196,-0.019266410917694834,0.1368694873530814,0.046388639468505154,-0.07687523432342837,0.07214774142028621,-0.1105917230572428,0.27977106134958196,-0.09583698575526543,0.1166117757734547,0.3664368173831144,0.15604637367514193,-0.17689486126740955,0.026403344746689823,0.19245911085190578,-0.14080115009498087,0.21997832017469696,0.03229608752402453,0.09549243357720187,0.219978320174697,0.06751237399531455,-0.01664760220523708,0.12460928633364247,0.30904133425991037,0.08226684585139413,-0.07479851223302017,0.08643059281624911,0.057283949764812346,0.030242054804172004,0.15162473283296213,-0.01664760220523708,0.019548059595918175,-0.005494160361123415,0.029773470746068575,0.2806708948471734,0.2177724959686442,0.27806906403191334,-0.028929187656351392,0.04216166728720574,0.12909316255632486,0.04471638114056523,0.028531093307355076,0.1475813882116472,0.11335666587276817,0.08094094251071046,-0.06410592360789293,0.219978320174697,0.12460928633364249,0.1769903392531316,-0.09225487338172027,0.042161667287205634,0.20135515662345432,0.014438548250490672,0.2570279362297403,-0.03345962617295098,0.23711131938667965,0.10726682620731977,0.03744212511516902,0.30950778026948944,-0.023581828751823214,-0.023581828751823065,0.04825189929885572,0.024822206158544337,0.2501181477310243,-0.01664760220523708,0.11581552813898792,0.1339149474390794,0.023218760925380742,-0.07687523432342795,0.016538875357757478,0.06402064032194292,-0.005494160361123556
Q2_feat3,0.17611980221211399,0.05268932409642749,0.1937234273731002,0.20117770582623157,0.18668999689947366,-0.0014166107525090492,-0.22859449449260358,0.09386052049153226,1.0,-0.481873246769133,0.07404950841946903,0.11102419854946005,0.08951572171578213,0.1632225318492707,-0.05560817757616954,-0.030980362498413214,0.030980362498413214,0.1285821311246865,0.033355126828940006,0.08853318920577694,0.192836674006342,-0.09706588621871158,-0.0029427490828397565,0.051913169719164966,0.09331213535181924,0.010457515426553632,0.03140225558383998,0.0523615813408024,0.05662469727279069,-0.017496457035391752,0.12378414737165819,0.016971343896310824,0.15575731425271355,-0.03398790413407861,0.21873991038980384,0.04537487370877649,0.12079045591136767,0.16619797420021545,-0.09721410454912367,-0.01960991030484699,0.0877183197033185,0.15175045099064674,0.0890058158577313,0.05749968188580118,-0.08543681660477458,0.173979629060785,0.10928173775987916,0.20416856459661695,-0.1322776109268572,0.059772173927522064,0.1391745708630261,0.1864459093698404,-0.08810403131636763,0.05905591248223826,0.10975674601685499,-0.0231610954548923,0.15611951873411803,0.0003702684462956385,0.006727836145423083,0.11301817678144324,0.1020220938341415,-0.03192954928487612,0.01631080899450982,0.1297166637747762,0.15371415173375294,-0.11170724790315406,-0.007763317742579201,-0.0049549986528568445,-0.007441781284544484,0.11301817678144341,-0.03192954928487612,-0.006259959179843655,0.024609343802775678,0.033560223450001564,0.1197126789254547,0.1000760873922768,0.14498116219193252,-0.05548522313647817,-0.005012782187402043,0.005786840656244879,0.0580198448480645,-0.04333410413591546,0.04449440577676644,0.06081611723779712,0.0696939252260018,-0.05082645654683815,0.11301817678144309,0.06445906246868768,0.015308030268209996,-0.07063820953881132,0.04994879393875458,0.02280388665919986,0.04316648289328129,0.14877520950633874,-0.06417445406081822,0.08436015377607868,0.08213264262847397,0.009493836717832821,0.142232505207172,-0.04522916598295249,-0.04522916598295299,0.06445906246868749,0.005702666914983547,0.16992331157842053,-0.03192954928487612,-0.06575685912384821,0.023444325419709828,0.015964398583692793,0.03857785336054845,0.04974832235142583,0.02813384684562572,-0.048740836269574504
Q2_feat5,-0.06678671430571569,-0.04154935690392487,-0.24542223891056045,-0.09686257983620877,-0.0902425398908483,0.10786545977326094,-0.6265189592757563,-0.251241696335448,-0.481873246769133,1.0,-0.21333741729017158,-0.049391718299911194,-0.016533150185979464,0.030605104635440673,0.17105935876696024,-0.11645259749187453,0.11645259749187453,-0.11310739695806361,-0.003317143425450798,-0.06081550747335425,-0.042789717434434604,0.12335318450190812,0.07706249243771321,-0.17441289885102657,-0.10420535265645814,0.07447753522163389,-0.21044740005741708,-0.21257988361974048,-0.0738898235599411,0.2257725919967311,-0.17370983288913272,-0.01849782555887919,-0.1073845099994513,0.17862229913533936,-0.14882709932686772,-0.16396552411563659,0.1448210743473854,-0.02239889632889848,0.11556829304987647,0.0003309655633142612,0.12245108131202287,-0.0475233924708188,0.04732058283800166,-0.11239827605887795,0.11917619815299219,-0.19801556834341727,0.005461799843746215,-0.06992341959630685,0.1818405439804044,-0.20506629075624622,-0.21209452765942025,-0.0980813285107383,0.22414421033545043,-0.04268703409074982,-0.12625369903346045,0.09513285312435482,-0.08410833449753695,-0.01439501498283718,-0.05414575249073772,-0.08410833449753688,-0.07959482464634796,-0.049319492686796196,-0.2058682550429853,-0.14993134487396723,-0.019083987808555882,0.1883868729426409,-0.1229809707174818,-0.04456635257472886,0.014240839878228936,-0.08410833449753695,-0.049319492686796196,0.001777571679192064,-0.09388170489115757,-0.021229557771312236,-0.13178552364514168,-0.08570440604374431,-0.06986254334578905,-0.018754653739852533,0.02141968009160234,-0.03807718463067425,-0.10974934912695486,0.02423817605750051,-0.14545315660321817,-0.1294241310043873,-0.08187905364640302,0.07327941971459706,-0.12120784411067471,-0.08153732855473032,-0.057602224382744906,0.06981785337700484,-0.07319674851446911,-0.08649830299447647,-0.012604400200811442,-0.05844093560530721,-0.041050310100666045,-0.14993134487396706,-0.009897401977252609,-0.016988797111723304,-0.07423088847572877,-0.06986254334578836,0.011999291796032955,-0.060815507473354284,-0.018642139148967465,-0.058979187930338677,-0.049319492686796196,-0.07663108750830408,-0.07514890893034074,-0.0705580037018754,0.0658033420873924,-0.003760475860892424,-0.02894595996668548,0.0008226217296049016
Q3_feat1,0.0754080426944363,0.17630853492703674,0.15071531236533206,0.09679105836372726,0.22896887684669778,-0.0675199653974707,0.25682756496942294,0.06801301548746946,0.07404950841946903,-0.21333741729017158,1.0,0.12058072550535837,0.04971456507833741,-0.0043684277021979485,-0.2508176028961542,0.07206692790997454,-0.07206692790997454,0.07163443258903465,0.006539479501892489,0.09751338772908864,0.14405934115061117,-0.15349930182424143,0.006915167421544595,0.1390189649103487,0.07107418695880165,-0.07769781759595945,0.22521096720366365,0.21403261931433962,0.1471170042780942,-0.16599335095124823,0.24548916981415062,0.228439378039259,0.2224459498806649,-0.3013844575136984,0.2521039261555359,0.2109352677098825,-0.04339058999406784,0.01047714705378802,-0.10038649299223171,0.1011193489460892,-0.07978251195698699,0.0312844583460983,0.1508577563002411,0.10146116450498593,-0.1329283131916489,0.23815664912854181,0.10740447084459118,0.10789870859471802,-0.18776825742675826,0.21118911516775235,0.25124896933599244,0.18439339103211527,-0.1871409853467027,0.06764878813216635,0.11180431348371585,-0.05685759177487245,0.055150768101715715,0.07003182445779163,0.12350631542837982,0.09203810101506288,0.1357855792177368,0.05165774898806545,0.07691007731420173,0.11822227941158467,0.08615850269863815,-0.03965720242731025,0.15932331897374777,0.11941357869421106,0.04145461353808351,0.0182634351883677,0.05165774898806545,0.03683935893568259,0.04058913379681382,0.028511745794911128,0.13803352649943282,0.08976768521717231,0.07317475365659529,0.023200826855645916,0.03968323147662921,0.0471041577211061,0.0851228650112726,-0.057705045392970354,0.1327923235317328,0.16704408804444879,0.14188520277626634,-0.07755002941324436,0.12892543392841127,0.05630676689931558,0.1505734404661937,-0.03215331214658943,0.08672088423078105,0.0987387581795487,0.051382487694246,0.10670747373131596,0.046082059351283504,0.15703964815955979,-0.0028116564305735005,0.07253781693206723,0.12758175392129273,-0.008218903490414936,-0.008218903490415168,0.09751338772908816,0.04252266913062144,0.11627269039664458,0.05165774898806545,0.07304815104157003,0.11403064213855565,0.06378322989251528,0.02627451704178235,0.059763201768506816,0.06602565663177903,-0.022186000085412043
Q3_feat2,0.10989864359767355,0.1351637373940443,0.0870156109890494,0.11920735332087819,0.32315168424974977,-0.18930633419890258,-0.003624133809321142,0.15527085437103605,0.11102419854946005,-0.049391718299911194,0.12058072550535837,1.0,0.1940661774760657,0.12198522762423833,-0.28684289844154703,-0.0030766976380010623,0.0030766976380010623,0.13157966137653623,-0.00023260354191254447,0.05167786894949067,0.05483910086607357,-0.1802442757932417,-0.0015278007495258816,0.1739506973650274,0.16378129189563886,-0.12826652545026998,0.06915749994660104,0.012985549502415986,0.08670108634816667,0.032457374516870974,0.06605417322858084,0.2173457230809669,0.2537104745474035,-0.13995416681609943,0.14904883419421544,0.14356072176990464,0.3216110499722994,0.08453448562372809,-0.21485882850801075,0.09162790153171961,0.21257178179215835,0.1931378636120246,0.21183753266948616,-0.009570062670627565,-0.22555518662089316,0.08410366973129187,0.25988604638004925,0.0836418845739184,-0.12333271116783046,-0.040706050325017964,0.13669505687142025,0.1387744051873912,0.021908436100696795,-0.043314054237600444,-0.04109788436946702,0.11819797717410156,0.03182362393511898,0.0864677659381872,0.06476875424778926,0.06954506234470033,0.16658831850011244,-0.07234844233757898,0.07274706651588321,0.05792642435822962,0.11168852298067715,-0.0749523729099625,0.009539473816705397,0.08735880876084452,0.07117668382523572,-0.005897814474462232,-0.07234844233757898,0.04377225519514443,-0.019864784918781887,0.059333128526723386,0.07583781376019598,0.07849354383893188,0.06398455881034813,-0.12572271004710292,-0.00015668169313805117,0.0557098080621963,0.10067430776620045,-0.03888354447219894,0.09768296003302156,0.054953144188186906,0.07986306119046901,-0.019878030166735693,0.03182362393511894,0.0727470665158833,0.06399918797988385,-0.028789264750720727,0.047944598100255024,0.1156858977686952,0.09054569138474253,0.08721414728447464,-0.027312731082489244,0.05792642435822962,0.011839200064047735,0.041052117209674964,0.06318494239596427,-0.019249591845486504,-0.019249591845486535,0.0938162640822762,0.054899469010527016,0.1016697211122213,-0.07234844233757898,0.02512329615538321,0.05468374067798738,0.02034225182023542,0.018648959395379642,0.00561193437775469,0.05430986933473866,0.012232525449986476
Q3_feat3,0.09312822126478397,0.387887547681201,0.0294079226981538,0.08450384495782158,0.28447010958333885,-0.26030038324685617,0.02378154615155661,-0.056571027417587974,0.08951572171578213,-0.016533150185979464,0.04971456507833741,0.1940661774760657,1.0,0.19467529392405744,-0.2990628709532141,-0.03682303989740179,0.03682303989740179,0.011704585050288614,0.1257522297205372,0.1015304440290383,0.10899180185850448,-0.18919639548292697,0.09470574124289503,0.07410172352904633,0.09228656588777086,-0.10235012670633584,-0.059956370552797324,-0.04345532822317696,0.14646230664753004,0.11439930923477896,-0.058644324453488564,0.14654011065965475,0.24383984498347433,0.005641896695779184,0.24209530771139595,0.1570685397345164,0.4702467364206406,0.1008421737859755,-0.2769881108119439,0.11139212465005527,0.1097053876412141,0.3691873473159041,0.20870544770100244,-0.12072325535129923,-0.2112267329567922,0.297706152828763,0.386419954299603,0.08353776918695398,-0.18356813154351767,-0.014725477178123033,0.0676409640652277,0.20805122851946878,0.004455065365237592,-0.03665383932152119,-0.021545794058252726,0.1549731250101813,0.02470862252701866,0.18403315053499314,0.14726300246222118,0.10094527695711676,0.21293085284278923,-0.07543060327456057,0.16540307992435488,0.05148023468250948,0.10273126318312448,-0.001920967128779595,0.1654030799243549,0.16937936776006743,0.17987269867970138,0.06282694974206755,-0.07543060327456057,0.07762144389357394,0.13322659904513987,0.1390686264925192,0.07043400999887152,0.07528622845070673,0.06137009333912005,0.006497918526995599,0.10901036387200695,0.013192589258085238,0.1710630966437232,-0.045933673494926115,0.16426672474835563,0.17855595192373971,0.13977165821753085,0.051833348147377424,0.024708622527018644,0.1441122012925827,0.16657529245274127,0.05205967809621941,0.15761774471253767,0.07938813993918144,0.17562057203445383,0.039015951583039596,0.027405737002111043,0.09159300637674903,0.053153307903305705,0.1908487253190941,0.05811760038776174,-0.022739811371191763,-0.10684971608150373,0.14411220129258256,0.14953062984865695,0.097515406692313,-0.07543060327456057,0.13506220600819288,0.1603358253698264,0.2315325257205407,-0.019291743897956654,0.08450384495782141,0.11850990276261122,0.10079157453533967
Q3_feat4,0.5216277344059459,0.07919052142846493,0.13654159916807496,0.10731053024305733,0.09340234074611597,-0.1376613743333742,-0.10995000983275774,0.2015435550213003,0.1632225318492707,0.030605104635440673,-0.0043684277021979485,0.12198522762423833,0.19467529392405744,1.0,-0.12886674027893422,0.045826239153933565,-0.045826239153933565,-0.07891214722870706,0.1070469148188148,0.29695974689827886,0.29312887855448,-0.09880974122936602,0.10382979783470318,0.18326077904887025,0.01804134872135502,-0.06585318247646445,-0.01187597538000287,0.008948655999099948,0.045644647085630596,0.08895112509672091,0.19528954378785512,0.19825429007020368,0.22617598816696668,-0.17443475106915363,0.049502667699437224,0.1759194190739921,0.16278655737460346,0.5278657427675872,-0.1801206698064091,0.05442546217806895,0.48399617089670294,0.09436295369812273,0.24440708477473772,-0.11385337364553741,-0.15009308657947013,0.0927596264925444,0.07652529114953605,0.47405223365839433,-0.08499155199184458,0.013484574594631236,0.12973315612039454,-0.0135595105342315,0.010338933347179337,0.06117121314643481,0.06506958707540256,-0.019979264442335193,0.1946098714124303,0.10529150541111686,0.07132699343789939,0.10919853399482438,0.1177374935878893,-0.03250318546827155,0.05842850069793476,0.17083106372543666,0.18078760391382315,-0.05165149163404477,0.034575376077900184,0.054502692095746666,0.12725810968313034,0.15190420270362656,-0.03250318546827155,0.0651581410727224,0.057407586179701306,0.08145862038519869,0.1670848612184394,0.09765119403628959,0.14242244558167247,0.020584570465233164,0.12656380269922682,0.15914250257464937,0.0755239295534276,-0.04541636886998688,0.09736427657177431,0.1162115122269792,0.09111308854169359,0.016760392978602368,0.15190420270362653,0.08228162531796929,0.1685847296388955,-0.02212911086193019,0.0721067775714584,0.16534228797247952,0.07418549985510181,0.24010223679047601,0.0015243058134411366,0.08095079540717043,0.13595023099069012,0.09685169967907342,0.1387861408870878,-0.046041738873386084,-0.04604173887338623,0.1538409991780715,0.10843798028199364,0.1664124955418063,-0.03250318546827155,0.04566033810289927,0.18078760391382395,0.03589749125787347,0.09565932717998378,0.04300799390352874,0.11106674901149392,0.05740758617970208
Q3_feat6,-0.17785674265665433,-0.33625162325150176,-0.07595922231327266,-0.008488596246859218,-0.17444241323936183,0.4736521659985621,-0.13281240460190763,-0.06600344546978272,-0.05560817757616954,0.17105935876696024,-0.2508176028961542,-0.28684289844154703,-0.2990628709532141,-0.12886674027893422,1.0,-0.15490587957544485,0.15490587957544485,-0.19550005385677255,-0.02178207608749083,-0.0813024763903528,-0.051369863013698606,0.5876152039676097,-0.12795070287856047,-0.13000348961418826,-0.11164580738329485,0.3870326201808364,-0.08364993689581819,-0.08769324639252911,-0.05938719102925586,0.10798959918988564,-0.06502401607619562,-0.225388250636515,-0.1517218312779249,0.23598125079183974,-0.18405526913272582,-0.16936256922757356,-0.2881162578097902,-0.10822351300490679,0.6104803332682494,-0.11151487689324725,-0.1468451140024626,-0.2780476775691984,-0.12089538139396132,-0.012237065903352435,0.6136694376216456,-0.23914842792981678,-0.280368516147216,-0.06502401607619597,0.4342738952662993,-0.018803796356592187,-0.0496400278732895,-0.10140329431326248,0.07268257227452242,-0.06765711897554781,-0.07191870074181356,0.05978232717806696,-0.04158876070882932,-0.0403390578422871,-0.053145647254116635,-0.041588760708829296,-0.08772604873992956,-0.012956672772197836,-0.08130247639035304,-0.039388308111036385,-0.056564185125531984,0.0672025570679171,-0.03375988543447042,-0.047933975967432936,-0.021782076087490828,-0.04158876070882927,-0.012956672772197836,-0.02880318472149282,-0.049543240747111174,-0.041922378985234585,-0.03462123823589069,-0.022515315623707975,-0.018353516304663902,-0.022515315623707934,-0.014672401518004585,-0.04571237848023177,-0.08260775292397281,0.05777287278999372,-0.0644998867046461,-0.06141590200012007,-0.07038126529760869,0.016310808994509846,-0.04158876070882931,-0.03375988543447023,-0.05821498104667599,-0.019317915894514738,-0.06894260954243144,-0.06297136598796939,-0.03218764773603718,-0.0370735012556109,-0.026041313461142815,-0.039388308111036344,-0.0043889133870402865,-0.037127607932396986,-0.03199974969182601,-0.018353516304663812,-0.018353516304663912,-0.08130247639035311,-0.04504745920092157,-0.029163237487573348,-0.012956672772197836,-0.03749141928177394,-0.0565641851255319,-0.07595922231327232,0.001396063069012439,-0.05120989211219908,-0.044563666409868294,-0.04954324074711119
Q4_feat1,0.0579258807504496,0.12604133247342955,0.09499981941392134,-0.2426531377646127,-0.07048103969065848,-0.0964195239620529,0.1771123762682733,0.1325844415487201,-0.030980362498413214,-0.11645259749187453,0.07206692790997454,-0.0030766976380010623,-0.03682303989740179,0.045826239153933565,-0.15490587957544485,1.0,-1.0,0.1207602179532367,0.0205740091061223,0.00331108850432523,0.011607093217487608,-0.1868689973215808,0.1135839862743879,0.1003471277512787,-0.0587092416442923,-0.10183076099951772,0.10875091284962665,0.10577872699969502,-0.019961831290453508,-0.09957831387773772,-0.025367032249569387,0.055876646197828096,0.008397598464938667,-0.1216794123807235,-0.03861200298665606,-0.016630360867182455,0.0031440057726008805,-0.0457070202992412,-0.14669434710528217,0.20255643748067315,0.13817986325455858,-0.015012409588507147,0.012332963832301763,0.058997183908941944,-0.18042127506648128,0.07554553767026663,0.08263348143573374,-0.06307976300316606,-0.17656793840087595,0.24735313754262425,0.15484663236741458,0.15446220359670587,-0.25721876892428086,0.05565013837181171,0.08263474284140222,-0.11781181014309691,0.11724343444447051,0.00469025635815425,0.02062178883490798,0.03635863809738632,-0.11524909123176152,-0.08946898908193718,0.07107803322618769,0.06848166519054973,-0.08500597375622142,-0.014654825543850003,0.04848905165223364,-0.031736678018509525,-0.017706116927692847,0.11724343444447051,-0.08946898908193718,0.07872075087380447,-0.1700452490905522,-0.025560338219680335,0.09760119816780993,0.06347322897660441,0.051740644563966535,-0.009509097974023792,0.03964413209739796,0.054781128143488095,-0.03488848342595919,0.014385409789221384,0.07275076485953146,0.059380262818536755,0.020972469367902497,-0.0719090052791251,0.11724343444447052,0.0033110885043253777,-0.04444973575551864,-0.022012274676374097,0.013858647873031161,0.010517220243814572,-0.040085342595641955,0.05944990780239571,0.010104655694784408,0.11104010894257214,0.12185468972143829,-0.04166907689628021,0.038348089657717944,0.051740644563966945,-0.037497433419953784,-0.06445585621753729,0.019809590809400895,0.02549572479407162,-0.08946898908193718,0.14832489916137992,0.06778579406087504,0.04734468124386657,-0.1513302396434721,0.0009256522966497837,0.03980361958697331,-0.10122007905653656
