,Q1_feat1,Q1_feat2,Q1_feat3,Q1_feat4,Q1_feat5,Q1_feat7,Q2_feat1,Q2_feat2,Q2_feat3,Q2_feat5,Q3_feat1,Q3_feat2,Q3_feat3,Q3_feat4,Q3_feat6,Q4_feat1,Q4_feat3,Q5_feat1,Q5_feat2,Q5_feat3,Q5_feat4,Q5_feat6,Q6_feat1,Q6_feat2,Q6_feat3,Q6_feat4,Q7_feat1,Q7_feat2,Q7_feat3,Q7_feat5,Q8_feat1,Q8_feat2,Q8_feat3,Q8_feat5,Q9_feat1,Q9_feat2,Q9_feat3,Q9_feat4,Q9_feat6,Q10_feat1,Q10_feat2,Q10_feat3,Q10_feat4,Q10_feat6,Q10_feat7,Q11_feat1,Q11_feat2,Q11_feat3,Q11_feat5,Q12_feat1,Q12_feat2,Q12_feat3,Q12_feat5,Q13_feat1,Q13_feat2,Q13_feat4,Smart Phone_Q1_feat1,Smart Phone_Q1_feat2,Smart Phone_Q1_feat3,Smart Phone_Q1_feat4,Smart Phone_Q1_feat5,Smart Phone_Q1_feat7,Smart Phone_Q2_feat1,Smart Phone_Q2_feat2,Smart Phone_Q2_feat3,Smart Phone_Q2_feat5,Smart Phone_Q3_feat1,Smart Phone_Q3_feat2,Smart Phone_Q3_feat3,Smart Phone_Q3_feat4,Smart Phone_Q3_feat6,Smart Phone_Q4_feat1,Smart Phone_Q4_feat3,Smart Phone_Q5_feat1,Smart Phone_Q5_feat2,Smart Phone_Q5_feat3,Smart Phone_Q5_feat4,Smart Phone_Q5_feat6,Smart Phone_Q6_feat1,Smart Phone_Q6_feat2,Smart Phone_Q6_feat3,Smart Phone_Q6_feat4,Smart Phone_Q7_feat1,Smart Phone_Q7_feat2,Smart Phone_Q7_feat3,Smart Phone_Q7_feat5,Smart Phone_Q8_feat1,Smart Phone_Q8_feat2,Smart Phone_Q8_feat3,Smart Phone_Q8_feat5,Smart Phone_Q9_feat1,Smart Phone_Q9_feat2,Smart Phone_Q9_feat3,Smart Phone_Q9_feat4,Smart Phone_Q9_feat6,Smart Phone_Q10_feat1,Smart Phone_Q10_feat2,Smart Phone_Q10_feat3,Smart Phone_Q10_feat4,Smart Phone_Q10_feat6,Smart Phone_Q10_feat7,Smart Phone_Q11_feat1,Smart Phone_Q11_feat2,Smart Phone_Q11_feat3,Smart Phone_Q11_feat5,Smart Phone_Q12_feat1,Smart Phone_Q12_feat2,Smart Phone_Q12_feat3,Smart Phone_Q12_feat5,Smart Phone_Q13_feat1,Smart Phone_Q13_feat2,Smart Phone_Q13_feat4
Q1_feat1,1.0,0.02058482223974116,0.09489728646579391,0.049433678496652214,0.18051353149708677,-0.17461027738307744,-0.0019179662559639203,0.26747340378536216,0.18751902593511183,-0.06541462403545456,0.051453529259007,0.0725847893114082,0.09022049772325762,0.5135873511614619,-0.14778694657899102,0.04007901766985443,-0.04007901766985443,-0.0050093574258242846,0.08551260841174438,0.24507381492245234,0.22743632464726377,-0.09796065529289652,0.18946273273025416,0.10013661201292177,-0.033190782069103086,-0.090294098831926,-0.0655106447981718,-0.08013653639693778,-0.011449695210313133,0.10222663083250831,0.2972288642186787,0.03841153408027682,0.12182103157442738,-0.12040039218213329,0.05629422803785031,0.0028117189229093092,0.09677074101728343,0.5189716332385113,-0.14498746739074872,0.07741728187552736,0.46240391331638936,0.06585601980945982,0.21278627183987947,-0.03225827172296936,-0.14709932354221963,0.1217642240946859,-0.034532214756177695,0.4769892399331406,-0.0781783454907652,0.005442133227654499,0.08634230146042476,0.039331624735711224,0.00714348145637674,-0.006734305766937946,-0.05304597182200545,0.09063463514902408,0.43135813438942366,-0.08550009701434678,0.10970018503591138,0.1345462800645327,0.01758000755532498,-0.1325855022951571,0.05469616922525313,0.12037003738558752,0.06940504269232714,-0.12235446884443155,-0.05205934431222553,-0.0022331574667016994,0.07788853547360569,0.2575330530778346,-0.12131935302026142,-0.004218876700043351,-0.11837064639613828,-0.008106327351122353,0.05611241317695906,0.10783574572939425,0.20241198912079325,-0.10619387460246076,0.04893397962358693,0.06140756367001194,-0.024293062336762816,-0.07996136740748462,-0.03566511260233604,-0.04464551965589916,-0.013476721712196925,-0.029097078925912522,0.16651415754081,0.06488268580699233,0.06140756367001197,-0.1876026168878988,0.05863043388878813,0.018958575316835573,0.04069800976491908,0.24654268389514072,-0.14212330987337635,0.032811549231331436,0.21009169715223855,0.006467900449940017,0.06198491787433818,-0.04007316022734399,-0.12883260161981044,0.052348138202980427,-0.020484874601303372,0.22773968467822459,-0.14665082888144146,-0.026760813038686125,-0.0009579317514033054,0.06501043656460762,-0.06605514966180659,0.12623571420175486,-0.05116241050816311,-0.08261792499849015
Q1_feat2,0.02058482223974116,1.0,0.020711629524809733,-0.08953823035482647,0.33527199580058087,-0.49320215469290823,0.12294070294719284,-0.06291646950683492,0.025156667871679035,-0.031927213562483056,0.17013813813358442,0.17645326325587513,0.3096709286878669,0.07973527681213048,-0.31884260838055384,0.10327012507645741,-0.10327012507645743,0.08098953490591165,0.1625773531646949,-0.005979283422059495,0.052399095850708045,-0.329485125078575,0.15118251433678523,0.051477343008944354,0.04841828117620423,-0.2009550631565015,-0.04913191660549898,0.02836330120872995,0.11222205143093895,0.0625919136870543,0.011173446441318515,0.13335750309462374,0.20015429279466393,-0.0913483551513113,0.15359063006090978,0.10600660403269406,0.3537818638167369,0.03695066197906154,-0.32801802532493174,0.18189968151312944,0.12429472848279248,0.37141196074291033,0.15925263741603984,-0.139792174792864,-0.3141878045622469,0.26525720568073263,0.4046560118572515,0.03086904489283907,-0.31069127850384365,0.03342371804250195,0.057131549844033055,0.10978647732752883,-0.035748382964336516,0.07028657136989712,0.030477673745463358,0.02058482223974111,0.026248503799611033,0.2517026995913881,0.06028128519451477,0.060613220118325296,0.24002260958622162,-0.3744994647110633,0.09819278012083212,-0.014866372859038865,0.04739964089579127,-0.03394834575683955,0.1489727987588541,0.1860671070325573,0.21497353406743896,0.054621934217875236,-0.34952310598140146,0.1291972306918518,-0.14727257073944258,0.12406372541126234,0.08455056473316591,0.011653083243014882,0.07166070389138682,-0.22141423727122728,0.010697935171573797,0.06114553624479075,0.19250231640991453,-0.16871564505192088,0.04792967018577119,0.09419496165240837,0.09681866052813087,0.0544317718094711,-0.025841444886991857,0.17072274488595238,0.12065178197363527,-0.04690471600275944,0.07533670176966982,0.12566329395568382,0.2172086886755602,0.0009801834990979558,-0.2276085964755516,0.14412296172903408,0.11453115002716256,0.25745312022436495,0.11914881432693022,-0.09247300497798255,-0.28725932903870405,0.12183579532486837,0.2155401299856085,0.06474839350662627,-0.26733389790376894,0.1264997629756527,0.10772430387244936,0.05221668760879651,-0.0541743567473677,0.05494924677206277,0.10065175225169898,-0.014073451932632252
Q1_feat3,0.09489728646579391,0.020711629524809733,1.0,0.3005016336719359,0.11019664255268655,-0.0790952501312768,0.2936469644292119,0.41812542625666177,0.21055489347701428,-0.2606357179097393,0.12017138176858198,0.08414489122174793,0.05848703874052311,0.16664163374823632,-0.07909525013127701,0.1124716646923197,-0.11247166469231958,0.08473826140318608,0.11894759371059503,0.33499452426248005,0.3105922471959921,-0.06005879851395693,0.017887561054879157,0.2609966974628041,0.13291164443524364,-0.03948621476150767,0.31187826746704395,0.3324963116490555,0.23026747702715455,-0.2503179293643644,0.2929408618289836,0.16727366732147192,0.2002818732550111,-0.15780666387393985,0.20877881652239905,0.24666621050990328,0.04993549229236399,0.19654396199555949,-0.11094940685121517,0.20294658794527248,0.09780327165693967,0.11388758797014051,0.17566970441649238,0.038530812889005985,-0.06267722654227509,0.2199400434250291,0.06836406174832636,0.2041638997805729,-0.11471111523832961,0.19726778541864354,0.35759414250399657,0.23094994717314465,-0.1922069782761185,0.17129841695539885,0.25954478730738145,-0.20947441560302724,0.16509039676696424,0.08325195285916795,0.5355100786580183,0.43217250272197905,0.05795065298265579,-0.060058798513957075,0.1668722716177044,0.3589257491199398,0.22464135876842253,-0.12310820078486011,0.13510091749040726,0.10539316253097471,0.054954073064787994,0.20898188077967864,-0.06877041521521507,0.06363823611436849,-0.059919235828221944,0.05080552059118757,0.24156272559981282,0.29527344961180846,0.3349014832340069,-0.06307961054953258,0.10547791984468757,0.23953785194265403,0.11369843553139336,-0.02830889839296135,0.2652420697253495,0.25472875067777423,0.2335229217692469,-0.17515804508323704,0.2851083169216752,0.15887493765187177,0.16924501422625662,-0.1373571145415139,0.22444520898921788,0.20807371615188014,0.07401395877725908,0.3253585558981685,-0.0575911070594408,0.17262579805172448,0.12522753306340967,0.10707052543013133,0.21931854122996908,-0.012308216692591733,-0.09063546003584134,0.1588749376518717,0.06079824294870727,0.1680632215845355,-0.05114306811494353,0.10546233133956895,0.31040490041042124,0.1808940755327772,-0.0905412411425123,0.13854286945799998,0.16418308497660172,-0.08003254865634976
Q1_feat4,0.049433678496652214,-0.08953823035482647,0.3005016336719359,1.0,0.07972614195455828,-0.09566721381755958,0.06984064845780824,0.19868079987735857,0.2759530989511788,-0.12696037142895183,0.14981950525982285,0.15306417638676925,0.11277347445985748,0.16564845507767992,-0.023990849285518027,-0.20895101556647422,0.20895101556647436,0.13813572024222995,0.06928752778859466,0.19977405429035414,0.2711784177967906,-0.026380611102448,-0.14244494065685268,0.18502386766582465,0.20793456049619127,0.04587162890326817,0.26390238567240826,0.2461586862293093,0.2117738915264255,-0.2351497111204678,0.21546674557277934,0.09703333563596257,0.2261705962342985,-0.06798644758941969,0.1607885385693621,0.2563939821778364,-0.023167189547555162,0.21315792318457466,-0.02736880358001458,-0.0019112655948834542,-0.009058302297328756,0.1333926888217832,0.17612949420642932,0.07422728107521764,0.0022240127291649546,0.04280117313793823,0.04378391320455683,0.2620567764856127,0.01718207827319237,0.13426533968393814,0.22623846397492867,0.24574990713297465,-0.14643279517316837,0.24496249958478744,0.22433570990566096,-0.23094796672654705,0.06353040741048269,-0.0016271629200838506,0.2813007025380556,0.3868655046329274,0.1058351571848462,-0.07264226245601618,0.06995995266438568,0.24981374246499993,0.1042733103554508,-0.0783098696899171,0.07504680752624932,0.023780395328689002,0.04037706500787834,0.17295177610427004,-0.042431458536016375,-0.05574136485141892,-0.02342073888633771,-0.008154404540266435,0.1436772165208081,0.2276350578646247,0.32074400614181614,-0.07629599223663502,0.059222987479100035,0.13410323110437497,0.058732682207880665,-0.0874778340138257,0.1092237362545503,0.15771889920793133,0.16127349811640626,-0.14704661226501195,0.18089407553277723,0.011210928449802227,0.11371819220534304,-0.0868300678299754,0.03911061809802126,0.12604140240611678,-0.011447557410865165,0.25082855839561496,-0.012720477672064223,0.0653150888810702,0.04453556007809578,0.037616587392731105,0.1463981848950719,-0.03212462831016175,-0.04615802856115604,0.07819968610047397,-0.011442371495194703,0.15520006204458567,-0.07451525794556778,0.035228849649053554,0.19774081532577611,0.1050911592707262,-0.0927180927412599,-0.021070881107745226,0.06710421686601,-0.06871466853075855
Q1_feat5,0.18051353149708677,0.33527199580058087,0.11019664255268655,0.07972614195455828,1.0,-0.22349906139212294,0.056889362539987824,-0.03882097922115867,0.20273137274892472,-0.07413091431303766,0.20729343223421934,0.2955475827054043,0.30846353025964596,0.14379215157910638,-0.17134209624564894,-0.0858659678539084,0.0858659678539084,0.05756420790076185,0.10680477309012243,0.02997747332442251,0.0902676358276484,-0.13604449213627529,0.10283143616049008,0.05612403444311211,0.08433121292615843,-0.10072684247938321,-0.029189270946714856,-0.05214133724015111,0.12303006346387459,0.1255860428057132,-0.025067729395864855,0.21320652697813222,0.2583115856234175,-0.13162707431140605,0.25233975171957934,0.03280369472418941,0.3514577459721839,0.16140392947596519,-0.1774731874078224,0.012616330896263064,0.15316043749983194,0.3128776157565587,0.1914372505443315,-0.031362502409359144,-0.1436739004567447,0.21485583609986958,0.3080978444954954,0.13442200185585595,-0.15394240966624573,-0.11913900389309769,0.040968736679287084,0.0506110206361824,0.18380774012352985,-0.06842392764975813,-0.10164882918858574,0.19184831993047904,0.09155449994617017,0.00837937945560734,0.13084351396337446,0.07875227011650618,0.4309345442666099,-0.16970785317613085,0.037901548740809345,0.033352843626682796,0.08313715201171386,-0.08481080025043172,0.05717828768853089,0.08836886859966381,0.1799364926123146,0.15760486301113064,-0.10537127002047338,-0.014128160801643088,-0.046546572194253684,-0.013236807171144647,0.059406780090030496,0.09459664658987557,0.1227017041620363,-0.0818168018871331,-0.011093756501652325,0.01115588195531045,0.1619552660357838,-0.1219160256691775,-0.06895987587629662,-0.06444653744673087,0.043965295178430584,0.09998358375863141,-0.046466730475871576,0.20193299311222618,0.18915962480268061,-0.18197869742386827,0.056546657348917874,-0.0915959442840536,0.16556034061826638,0.10866975319367046,-0.0867011441835347,0.00193553086673803,0.08865327438151716,0.13852744986473303,0.24420176754547512,-0.04967448686004515,-0.14064957210354628,0.06788171439283752,0.08106711486047767,0.011207281767011088,-0.1082504573848481,-0.11019261533529197,-0.011175975124542324,0.034293505330532104,0.15101244997919375,0.038589045779994634,-0.005166652990250309,-0.011033265119762435
Q1_feat7,-0.17461027738307744,-0.49320215469290823,-0.0790952501312768,-0.09566721381755958,-0.22349906139212294,1.0,-0.1122634906791532,-0.07579429698702984,-0.0008447892518714414,0.1079612483336753,-0.06839179624439835,-0.17409302307005167,-0.23410664222559668,-0.12444902445726147,0.444576674600479,-0.0886468022462681,0.08864680224626814,-0.1337970612701064,-0.09962030276909695,-0.045242121937691004,-0.05630157734390331,0.5203333846796093,-0.10114225942968287,-0.08055225125333157,-0.0124312834590957,0.21783530556958453,-0.049685714123545825,-0.02959272435549374,-0.0726146497677703,0.11575625442406143,-0.04092105317107432,-0.15133441001555217,-0.11778612628288333,0.16769540239782207,-0.0997823305335148,-0.07196823014486597,-0.24714140465689016,-0.06951468911366304,0.39097089241383004,-0.05986882590277348,-0.14768010831890785,-0.26752526441889957,-0.12162530789239767,0.15668271432540862,0.40311894525171243,-0.21854531761869722,-0.24942943499122097,-0.06714904578015048,0.4210084285283275,-0.02590546075932222,-0.030196431803149827,-0.10646132337208597,0.08060073226413554,-0.08357995939677906,-0.06666222240874242,0.1204463614618779,-0.0797986867091661,-0.11430684623065153,-0.05897829087743461,-0.047597228494074856,-0.11367861913970632,0.7593224424257495,-0.05033682293571186,0.0009231367486467613,0.0013475397177510236,0.16974355516914064,-0.0011257085511749447,-0.0981574830558543,-0.13216702918534715,-0.06653113338602255,0.4484559355212346,0.0038826274754839313,0.20338837074644708,-0.05004700320760993,0.007307574148500574,-0.0535247132245054,-0.035343213566042246,0.4171969027873301,-0.032816172777776674,-0.02843072148395135,-0.04790759551743882,0.3001406362254133,0.02673748106261351,0.009488362582164723,-0.07868130904742027,0.12571355353584007,0.00329090710732733,-0.14046017297258284,-0.028430721483951298,0.2114888099152436,-0.09666082297002426,-0.031306335929154286,-0.11334863798020134,-0.006504958552658116,0.41351371695558153,-0.03019643180314973,-0.054939985003398695,-0.13305368057752023,-0.04090497123908076,0.11294280793690249,0.435509260042546,-0.11162134786565563,-0.07022663642635028,-0.04913294797687873,0.44772132309363144,-0.02467321805952305,-0.09366824814288402,-0.05982903155153867,0.17935497133067052,-0.07492254228173534,-0.022535451243491527,0.1970270508024185
Q2_feat1,-0.0019179662559639203,0.12294070294719284,0.2936469644292119,0.06984064845780824,0.056889362539987824,-0.1122634906791532,1.0,0.15526183434758004,-0.18935441600346198,-0.6234523741801713,0.27789553144424306,0.0019179662559639277,0.020401901274166738,-0.059079808563924745,-0.13941315564686316,0.17575384112760722,-0.17575384112760722,0.09507768474821451,0.09183573307124458,0.11034712502632003,0.16973852972698103,-0.05638269805768354,-0.007225755467582398,0.14280385757701392,0.09687740215652896,-0.07547162918858324,0.3296056702848409,0.27619431918751153,0.1547886349558933,-0.2707394055330749,0.22074046405817516,0.08044120523655904,0.10363513191355309,-0.19191612835563943,0.11764053684594421,0.20419522312964705,-0.14382593135366184,-0.021802747309060774,-0.05155527484056824,0.15847645806554306,-0.14788742428197396,0.01060686951028598,0.009329920908260092,0.12153326416458861,-0.02315079529598146,0.1678011626371267,-0.02900806087055115,-0.01114039831699238,-0.0840648902649867,0.2724730123449822,0.19404025761746202,0.08079115736382557,-0.19839000112446903,0.09043512734418564,0.10273874570977287,-0.1199216528517068,0.13234290296427667,0.18818879570500063,0.1924984827167611,0.20192678078313558,0.07249618774173529,-0.09142879291203149,0.40385762587326746,0.20691553490306516,0.0689155784715459,-0.19759486012041066,0.292979342649115,0.13980286148124213,0.06350873509532029,0.08694612845226697,-0.08308243665671539,0.15837711401944146,0.007822039436459052,0.09212352441797392,0.2394272374258518,0.19564860425990174,0.17530187990127874,-0.03244855405366691,0.11560541487790478,0.14434683968736775,0.14518990598716475,-0.0004992085239024981,0.3646406261780799,0.24313807343364557,0.1811135409626892,-0.1402860396808264,0.293646964429212,0.10743793964411191,0.12890389751038064,-0.02427986275485662,0.20459787731292003,0.25340696157543674,0.0043361204273225295,0.14632937189668707,0.007173881755178543,0.19404025761746221,0.05714572952589193,0.10330132811791848,0.11506230503122321,-0.03244855405366686,-0.022583237860671235,0.24699541947460749,0.06702859726127904,0.10493382906252625,-0.014214021043390061,0.24736244240203475,0.274392838965569,0.0856069142477238,-0.09225835494455895,0.051779955935088134,0.155565502161075,0.04170969935880254
Q2_feat2,0.26747340378536216,-0.06291646950683492,0.41812542625666177,0.19868079987735857,-0.03882097922115867,-0.07579429698702984,0.15526183434758004,1.0,0.126921688206284,-0.2837015741659831,0.02794942354908378,0.15829121932311982,-0.05339283029816447,0.18745018782051853,-0.033204003169240694,0.09906499273568375,-0.09906499273568367,0.051550819754424104,0.20731275041925323,0.3836903406905344,0.2902714972544218,-0.057552310710134294,-0.02863631019062704,0.2667058083084678,0.1585613458723725,-0.060517852440663135,0.2660046196602352,0.27009718181861675,0.1422775983061172,-0.2707764030282304,0.36182243642695955,0.11326023118931892,0.12697446058938117,-0.18473716556963724,0.07220679723240174,0.2952130279293815,-0.16122061646924976,0.26275767484378765,-0.04284238258675451,0.10972825203184827,0.2702198411926914,-0.05512743760142994,0.1537667786554572,0.07967545505142548,-0.057461408594889504,0.11352291829815536,-0.10070911812936217,0.2709792024613149,-0.1099237731931681,0.12440148993562297,0.36340120967506195,0.17449561011302803,-0.19748337586281733,0.07259044376733373,0.20188487203223318,-0.17680272467566224,0.20668632522591093,-0.031286750110578486,0.3435770876355868,0.2772768912463768,-0.041488877377412935,-0.05755231071013437,0.14913345402656702,0.416332834314798,0.15763052005650346,-0.15697740376455974,0.04692366601933181,0.10849165554258025,0.01934008828341259,0.19149227862907656,-0.06590035768383266,0.039894869034333556,-0.0909820859244058,0.02360564728151506,0.20100572417791798,0.31180735848080304,0.3505652505260186,-0.06044705248269886,0.06097357410518768,0.1869983233899571,0.05326708098187173,-0.05746140859488953,0.18452258126297552,0.14676323380573067,0.07538931509606489,-0.1662867801285501,0.30441159989879035,0.12166264997511056,0.11432124481334631,-0.17302826630999082,0.17015338533196497,0.22738311707361253,-0.03401085119257172,0.2711505587089197,-0.0812123450681333,0.08716243576130278,0.14382798318954668,-0.012837228463493845,0.12526896493894876,-0.007953559537197315,-0.0868528889422676,0.18137000726348237,-0.03920060695008673,0.22233775973749606,-0.08473185457363196,0.0909183017508186,0.23195425447962134,0.12448210609599952,-0.15367795186179503,0.07820333139741652,0.06651100182382416,-0.0930985283807445
Q2_feat3,0.18751902593511183,0.025156667871679035,0.21055489347701428,0.2759530989511788,0.20273137274892472,-0.0008447892518714414,-0.18935441600346198,0.126921688206284,1.0,-0.4622968868079773,0.08406056422985092,0.11903988292179994,0.1338334800829277,0.18802673729022418,-0.06217648893773316,-0.030350144656941552,0.030350144656941545,0.07742163988795274,0.09613952389670187,0.1772729131361834,0.2386234074635326,-0.0937825394452484,-0.010416742588145367,0.05527513164359913,0.15089937454459385,-0.005014473422764955,0.02216748338264973,0.07028509612694779,0.07671817820592813,-0.01798842251236552,0.1263702721175444,0.03565088521257529,0.19651911673946604,-0.03991210633176205,0.2103692334379137,0.041386761140813494,0.13374163157881105,0.22983131753257155,-0.08183993129367782,-0.02577737989426981,0.09616939498343278,0.1595368926449147,0.1397905195077334,0.07170986983640179,-0.10036736549594896,0.1634045878336287,0.11467725070718802,0.27499249928257885,-0.134648391719965,0.07154994577068548,0.18149014788305595,0.18250902936020053,-0.08882799575448858,0.06235117275505809,0.10246411380978145,-0.025739345443609483,0.08794408195928581,0.0076756280762529635,0.16463419072187618,0.1644287252779279,0.09813668964177145,-0.05419758384219587,0.0010355543689345127,0.16720026925823975,0.24406893558775117,-0.13375492247916498,-0.007607435404666618,0.028274227577749788,0.022167483382649802,0.13865608395142565,-0.03765227817003909,-0.023044382661477573,0.008188611580407188,-0.013489878023929104,0.09959781694871268,0.20620264792219473,0.2861608931352299,-0.06070322579591669,0.0666058689133487,0.08346680101298953,0.037030817551344686,-0.07478214521854057,-0.012827851488948404,0.02015691622701952,0.04372823503277278,0.0015236023924548692,0.06727155541458991,0.048161961792670134,0.10090977669964205,-0.05679814260544311,0.03994485286322665,0.022575571330658867,0.090607384457262,0.21678271710236638,-0.0283604285117001,-0.06330659594062925,0.07888567534745848,0.04556283473434843,0.05639328776612543,0.014889470478243752,-0.03291357344324583,0.005171489340032729,0.09303200896577543,0.21381615964864567,-0.08256803420159964,-0.011585370410019492,-0.0005475791105673763,0.08006319244236841,0.009499386919286746,-0.014359330858992787,-0.002382548777741322,0.002116340118040334
Q2_feat5,-0.06541462403545456,-0.031927213562483056,-0.2606357179097393,-0.12696037142895183,-0.07413091431303766,0.1079612483336753,-0.6234523741801713,-0.2837015741659831,-0.4622968868079773,1.0,-0.1987930688732011,-0.04991081804744994,-0.022718790425990208,0.0069460351020905675,0.1610281855647167,-0.125988162273698,0.12598816227369808,-0.08632522816021235,-0.04303771867025567,-0.11383133552650951,-0.09326643211543258,0.13436079007948634,0.1068555443032313,-0.169454318312713,-0.1416361997799766,0.09231058909168638,-0.24299389584584322,-0.22218946626250008,-0.07061493487334511,0.25881623237741097,-0.18762765628586942,-0.05445012440836906,-0.10793662786161899,0.202519353830564,-0.12273625427284954,-0.175571741315886,0.14156467425252262,-0.021952379618241417,0.09793786078901472,0.006839365966994574,0.08501088866330904,-0.008478370799527356,0.03658252313361035,-0.10636559227784145,0.08428098467025337,-0.19322193235698903,0.01905470688126561,-0.08416445261305501,0.1950564534444148,-0.20530882625362046,-0.24696476785699298,-0.08010181034752736,0.22728275016071625,-0.061079685591970106,-0.16522073828475925,0.14217117171377353,-0.11369890385989193,-0.12312656955725232,-0.15307661646960052,-0.15084800141343538,-0.05200027121236771,0.1343607900794863,-0.3400006058528452,-0.20559295185464146,-0.15990538120441425,0.31662401253215716,-0.18265866676033518,-0.08509692578997473,-0.006577963945438262,-0.02507117517522699,0.11161439940907504,-0.10164270047074278,-0.017712884975167383,-0.04387079912370288,-0.197338196129554,-0.2003454877505293,-0.13229129002260628,0.08225324028509699,-0.05871570297235991,-0.15790938179369754,-0.09268923768785303,0.06214350461576564,-0.2600391596483048,-0.16587347702516245,-0.0945890752903467,0.1296317636566376,-0.22521424070972587,-0.0793815334961219,-0.08244715747680419,0.06719965558543235,-0.11700527930983107,-0.19779616093612773,0.013772546551754658,-0.13051599455386184,0.013865158616756272,-0.0351556462218167,-0.035394461265516194,-0.07009580191666201,-0.026571464227261244,0.016847049215019783,0.047701152303312976,-0.1785742930799163,-0.07733026315817304,-0.10430650059049074,0.08255469881421906,-0.16924322932691643,-0.1473486914976024,-0.019101359793724047,0.07690617290212552,0.018392206827924355,-0.08215029908469128,-0.04792842331470823
Q3_feat1,0.051453529259007,0.17013813813358442,0.12017138176858198,0.14981950525982285,0.20729343223421934,-0.06839179624439835,0.27789553144424306,0.02794942354908378,0.08406056422985092,-0.1987930688732011,1.0,0.12000575275769558,0.04874149414003843,0.011295121643504486,-0.25248454439801704,0.07717315394409525,-0.07717315394409525,0.08282960462443958,0.03790854569578907,0.13399153107661108,0.15312934155623534,-0.15776921181655648,0.012525144430981234,0.1285215877814624,0.1037747285480838,-0.09016013459466447,0.23400370813897492,0.23855128073911505,0.16809514417877652,-0.17311305924972542,0.22704884661458524,0.19696788311629915,0.22825413541395165,-0.26130562876505076,0.23485498484400233,0.20744565519644098,-0.009014000087558026,0.03321643672606544,-0.09939380771021915,0.12659548097741982,-0.07878176226157493,0.06565186237416301,0.15233221272388803,0.10366843386635333,-0.11230830717790569,0.23695509873483878,0.10675365965885399,0.1382259966346257,-0.17547028655263758,0.22897707735783604,0.24926420548894593,0.21322923775044383,-0.19562764310486558,0.09671498242630194,0.12389106217252513,-0.051422039951014895,0.09943366960935102,0.16572847194928153,0.21123045822153003,0.1343768894725869,0.13610647080772442,-0.08987327359556094,0.27230178200544486,0.14614430425600672,0.022252064877292983,-0.05478253557060062,0.31517253928370886,0.12290620627395901,0.11684047220180513,0.08188691855846095,-0.1597226976895221,0.14753168112353396,0.009979391727001286,0.10648287870018912,0.19692871503571463,0.16328753841735275,0.1399816913558367,-0.10411790049189582,0.10240910290110664,0.16628042490469336,0.16332452253225543,-0.06842465216651748,0.26324148426252886,0.24757569828362008,0.24639305122885138,-0.09799784950071305,0.24305085101363905,0.13846859396187988,0.1363623112787188,-0.03848922709754459,0.12503664910569398,0.17697198279007587,0.07455449949982125,0.0994243101690138,0.023232802255125272,0.15741670749773204,0.05121919822295929,0.12738874198840217,0.0810940647300933,0.12278054303289614,-0.10302711459543921,0.24907419212165088,0.17174791496161979,0.08940198788727485,-0.1632567598014623,0.28996482074236024,0.20052031730873857,0.1345472557767237,-0.09583575105166538,0.05299398833925175,0.10379803909854203,0.05961777085373419
Q3_feat2,0.0725847893114082,0.17645326325587513,0.08414489122174793,0.15306417638676925,0.2955475827054043,-0.17409302307005167,0.0019179662559639277,0.15829121932311982,0.11903988292179994,-0.04991081804744994,0.12000575275769558,1.0,0.22637495454514606,0.13692736899156216,-0.2813863462863979,-0.0025824109323359214,0.0025824109323359166,0.12805876126167284,0.03574159804709637,0.0956454298759012,0.057578816366395634,-0.17903812072518596,0.003757317456227167,0.17724492927573351,0.16161209292368658,-0.12931566918140136,0.06551064479817204,0.04467587482186022,0.09577918949844597,0.045978429351395345,0.07830607828411744,0.22510358345154818,0.26045784971587804,-0.1515989096471499,0.1638085445114992,0.14796670831810677,0.3203946399241446,0.10183978460019696,-0.21481052422761418,0.09567318292492531,0.2212206612173436,0.23797894702879563,0.23066653789740468,-0.04659528137762221,-0.2333490945546098,0.08650997491962782,0.2903524995825561,0.09163832688370614,-0.13578062198327653,-0.0167955490991411,0.18131145968504023,0.15154243648171115,0.01653764885106415,-0.02769601808374503,-0.04962060989747982,0.11921891058581718,0.0047278494650533475,0.040158190197388484,0.11837064639613819,0.05871663550583354,0.1569153018121762,-0.17903812072518527,0.008535389465087072,0.049552332057066585,0.09005084653118214,-0.08461045282625189,-0.066346307224979,0.24421410087344506,0.16111009831269035,0.09236489288062343,-0.18365935297942576,-0.018469304664634565,-0.13250726817911607,-0.02597780579703364,0.07199328483081555,0.09086666899025223,0.08915766187463553,-0.12522862571045015,0.004169262837884204,0.1369376060485272,0.100642686823732,-0.2109697758430317,0.022440969727312587,0.030911347083787764,0.04175446727015883,-0.011216812868385995,-0.023280415390776653,0.12313552825318523,0.12168028530094746,-0.17814691795779117,0.018705494532832875,-0.00389957566692026,0.17136004111544792,0.09556356325293318,-0.1650788426180904,0.08763264328412738,0.11804004641002523,0.15465891370003237,0.14846426549325117,-0.12522862571045076,-0.20368506289612565,0.08553188544114929,0.08880961714592528,0.04049362336264357,-0.2417431584160553,-0.032762318903979626,0.0957931751403255,0.12191066025085816,-0.04004228098967902,0.053062748507389006,0.013337654877891734,-0.09267855882684958
Q3_feat3,0.09022049772325762,0.3096709286878669,0.05848703874052311,0.11277347445985748,0.30846353025964596,-0.23410664222559668,0.020401901274166738,-0.05339283029816447,0.1338334800829277,-0.022718790425990208,0.04874149414003843,0.22637495454514606,1.0,0.2050305087306577,-0.28806264929092495,-0.013194294256821467,0.01319429425682142,0.04466232073915265,0.07143344856225446,0.1217802471938918,0.12378441196354799,-0.18390792842308973,0.07406807593048913,0.08792827805963238,0.10946247016957482,-0.10115882673763758,-0.05870358643052713,-0.04342697509614914,0.12877577010750604,0.14043637625431588,-0.07755704512840607,0.17694371453369853,0.2469261833944839,-0.018189891394633187,0.2161722728803876,0.13043837641003442,0.4732156025396898,0.13637825066047998,-0.2633463039738398,0.10615908367602199,0.09877850647396076,0.37721051400395184,0.2600328274511056,-0.09372793220888452,-0.21838695323824456,0.24525331115633106,0.41772114581013176,0.11181903413690077,-0.18301891076683743,-0.006794707624925394,0.08899079225146209,0.20244605567431964,0.023522423460893727,-0.03577361690895356,-0.03584182574591575,0.14884928518037072,0.06396015272078329,0.029302988119044596,0.04417101693968737,0.0819276380319989,0.18078520413750312,-0.14908342241496164,-0.005571235079801115,0.09301760902246323,0.064503591448493,-0.08314865378665696,-0.024112944551961783,0.19329307027370682,0.3018615891072286,0.14815697249942708,-0.2504598944544988,-0.030928244107468132,-0.07052196695950057,0.00972702326023163,-0.04593979800716779,0.1108662032462977,0.1226928019062547,-0.1299811614780434,-0.06201676313596859,0.06620038429395239,0.15125280021644494,-0.15086185611262035,-0.056828972925284056,0.03287810053083039,0.0732174441529503,0.05730104831718896,-0.04955771984884018,0.13461173099072005,0.1275815835243603,-0.11996913471942237,-0.022241759153318375,0.0463137107004713,0.21435802796051,0.09004821049936193,-0.2121001540185167,0.06207107759539499,0.12034961237344143,0.1942949170323656,0.176239816063844,-0.12998116147804323,-0.2345388858256696,0.021150295194362453,0.13734280003009341,0.11660740369903562,-0.17554299316603655,-0.0256287406043718,0.03901994862858553,0.09710689534430905,-0.004787426887770154,0.0009580821986413274,-0.013519365756487042,-0.015906513036620027
Q3_feat4,0.5135873511614619,0.07973527681213048,0.16664163374823632,0.16564845507767992,0.14379215157910638,-0.12444902445726147,-0.059079808563924745,0.18745018782051853,0.18802673729022418,0.0069460351020905675,0.011295121643504486,0.13692736899156216,0.2050305087306577,1.0,-0.12444902445726139,0.030817959222458106,-0.030817959222458283,-0.044004286356575335,0.11011741269940108,0.3099062924891189,0.2901304087965099,-0.09449693720838895,0.12600286826400292,0.16587995895738955,0.05218790879709854,-0.06975210236004784,0.003823633089978232,-0.002113542823315877,0.08559734203324457,0.09312607017809389,0.20497940036486717,0.1976387214741874,0.2757381900329923,-0.1847683064577805,0.046006186418452236,0.16809254361101833,0.19340870928643836,0.5457083325103781,-0.17456857932465755,0.08272686768984891,0.4791909882108141,0.12180895682714345,0.27341417862954426,-0.0877514473294454,-0.1526921602654656,0.10214042905491143,0.10124887915062145,0.4924609716069295,-0.06974204143494456,0.012714678383694009,0.1619631427035475,0.018442009758044827,0.01459740303833023,0.08273332795960632,0.04433722586797476,-0.017445073453251983,0.1964609352081474,0.027096012064295506,0.18823536079827505,0.16239115697286366,0.10779611386296518,-0.09449693720838896,0.09782899057081411,0.19258034553910824,0.07936643604051694,-0.10517738646624591,-0.03933498681321038,0.12012558099544418,0.16711525799140461,0.2767939364384035,-0.10820385637379716,-0.003843298017761048,-0.0974445311316025,0.04522756823044688,0.03444548264693751,0.11897694462035989,0.2424954618364562,-0.09924990417255257,0.09295352323838028,0.09763804177562478,0.03293216028222286,-0.07624077519461858,-0.04654478264643844,0.03231278421372376,0.056417328184599075,0.013278671950093626,0.06470211057565556,0.1295218013435319,0.16713335386298106,-0.12391336614206615,0.08981075244120983,0.10529719654541242,0.17927682479909354,0.26614805859733065,-0.16153761337510378,0.040049983965573556,0.2775358060559496,0.10549469309185922,0.13368506430873955,-0.09924990417255247,-0.14260647212031843,0.08670175226547898,0.0868047806581575,0.27262666615383724,-0.1391238795175779,0.010867242943669425,0.10471841098216363,0.14791087714458362,-0.010697935171573952,0.09846966455484851,0.03666445444766358,-0.08413471978807334
Q3_feat6,-0.14778694657899102,-0.31884260838055384,-0.07909525013127701,-0.023990849285518027,-0.17134209624564894,0.444576674600479,-0.13941315564686316,-0.033204003169240694,-0.06217648893773316,0.1610281855647167,-0.25248454439801704,-0.2813863462863979,-0.28806264929092495,-0.12444902445726139,1.0,-0.17491701461998294,0.1749170146199829,-0.19670941002794134,-0.029876484244155562,-0.08443756409373333,-0.056301577343903425,0.5999964039283227,-0.12729228804291334,-0.13856905126317176,-0.11987309049842435,0.42836303699066935,-0.07717948581081308,-0.11117874162924726,-0.07261464976777013,0.11575625442406154,-0.07415224400127587,-0.23041462714939875,-0.1461579669203665,0.2530319880105454,-0.179740356987524,-0.17870762766309484,-0.27537058335118,-0.10352254915174869,0.6209165080104323,-0.11675988297792234,-0.14768010831890824,-0.26752526441889946,-0.12162530789239781,-0.0247393759461173,0.6090755633043116,-0.21854531761869697,-0.2821282016585426,-0.06714904578015073,0.4210084285283291,-0.05202680035830507,-0.06098661366984479,-0.07718445944476234,0.08060073226413554,-0.057174802511634815,-0.06666222240874249,0.06679969985370408,-0.07979868670916643,-0.08822678012020113,-0.05897829087743466,-0.047597228494075175,-0.08500221973198356,0.4406703654308975,-0.1085287551830475,-0.05492663654447663,-0.03941553674421495,0.2014884858885615,-0.11009429630492396,-0.15383118047659655,-0.1596608008726132,-0.06653113338602261,0.6589596052551236,-0.07441702661344225,0.25586170307122347,-0.05004700320761006,-0.07690351841993327,-0.053524713224505194,-0.03534321356604228,0.41719690278733024,-0.03281617277777666,-0.09863719698513751,-0.13573818729941012,0.4031189452517129,-0.03411333790747194,-0.0853082140414802,-0.04615133731141379,0.1257135535358401,-0.037902171511974725,-0.14046017297258306,-0.09863719698513744,0.24385408731795588,-0.061074739057124634,-0.10060023801624529,-0.16755885614464572,-0.05897829087743451,0.4135137169555821,-0.09177679553653931,-0.11785233376123312,-0.18601254686002103,-0.08125416841241395,-0.0391842394883129,0.5448005572395349,-0.11162134786565543,-0.20122493561836127,-0.04913294797687866,0.5594208696798781,-0.052062753703580704,-0.09366824814288392,-0.09566721381755999,0.17935497133067077,-0.07492254228173564,-0.10956065125825155,0.19702705080241945
Q4_feat1,0.04007901766985443,0.10327012507645741,0.1124716646923197,-0.20895101556647422,-0.0858659678539084,-0.0886468022462681,0.17575384112760722,0.09906499273568375,-0.030350144656941552,-0.125988162273698,0.07717315394409525,-0.0025824109323359214,-0.013194294256821467,0.030817959222458106,-0.17491701461998294,1.0,-0.9999999999999998,0.12985938037481554,0.026723998556846516,-0.01267907267908892,0.03472259433706709,-0.1895910686821694,0.1291019585593506,0.10143369851160697,-0.051099058563127554,-0.11220650573296205,0.1136074157871756,0.10902292887024054,-0.016651278733677968,-0.1117162484462067,-0.0006398652808723104,0.07572827480531405,-0.02884457045177095,-0.12553686026781027,-0.016730196933710747,-0.007912762273558692,0.007935855296795592,-0.06652971363785598,-0.14451666302937546,0.2323417806527282,0.12396706495701434,-0.007214630337463498,0.004286250100467447,0.032662123669906576,-0.18638727172803102,0.08755125482484394,0.07882760699757445,-0.060590153142880826,-0.1702692759684155,0.24997379050245838,0.15189169240836484,0.14510278176433308,-0.26258796526895295,0.0646723295806456,0.06812209976567148,-0.1224062781927256,0.14183853371852354,0.1309661065203006,0.07193848379638272,0.07778917104141565,-0.00452773619015194,-0.11534990586488023,0.1656074437823868,0.10603298095051747,0.07880310101688749,-0.0656479708155702,0.1055387507233589,0.11845543294667102,0.10079614149989786,0.05908524195302269,-0.17131694125059882,0.25137664041786845,-0.24592453589943025,0.1812951757677506,0.08399273117004968,0.07416253993787526,0.023573101522865174,-0.20621570489058644,0.1589124538532102,0.08759812666379789,0.06324993051265794,-0.09041765522125736,0.16239486760133656,0.17449909859006,0.10785976622070063,-0.06774656408794297,0.13166640577521238,0.1354908699243572,0.03852695385676278,-0.02405521705419584,0.12895626890082607,0.17652145716578319,0.0907075784558634,0.12084048682650812,-0.03861638941718062,0.1805862978438249,0.19260859589175117,0.11584029433261438,0.12104448107545333,0.006444240777830903,-0.118056820746028,0.1220528410220236,0.16405475826329588,0.08389362250116075,-0.12818591611867935,0.15884819288687965,0.16791103255964093,0.20853697788701792,-0.1195193905306206,0.138095855548671,0.1960530185989741,-0.11933405996541946
