,Q1_feat1,Q1_feat2,Q1_feat3,Q1_feat4,Q1_feat5,Q1_feat7,Q2_feat1,Q2_feat2,Q2_feat3,Q2_feat5,Q3_feat1,Q3_feat2,Q3_feat3,Q3_feat4,Q3_feat6,Q4_feat1,Q4_feat3,Q5_feat1,Q5_feat2,Q5_feat3,Q5_feat4,Q5_feat6,Q6_feat1,Q6_feat2,Q6_feat3,Q6_feat4,Q7_feat1,Q7_feat2,Q7_feat3,Q7_feat5,Q8_feat1,Q8_feat2,Q8_feat3,Q8_feat5,Q9_feat1,Q9_feat2,Q9_feat3,Q9_feat4,Q9_feat6,Q10_feat1,Q10_feat2,Q10_feat3,Q10_feat4,Q10_feat6,Q10_feat7,Q11_feat1,Q11_feat2,Q11_feat3,Q11_feat5,Q12_feat1,Q12_feat2,Q12_feat3,Q12_feat5,Q13_feat1,Q13_feat2,Q13_feat4,Laptop_Q1_feat1,Laptop_Q1_feat2,Laptop_Q1_feat3,Laptop_Q1_feat4,Laptop_Q1_feat5,Laptop_Q1_feat7,Laptop_Q2_feat1,Laptop_Q2_feat2,Laptop_Q2_feat3,Laptop_Q2_feat5,Laptop_Q3_feat1,Laptop_Q3_feat2,Laptop_Q3_feat3,Laptop_Q3_feat4,Laptop_Q3_feat6,Laptop_Q4_feat1,Laptop_Q4_feat3,Laptop_Q5_feat1,Laptop_Q5_feat2,Laptop_Q5_feat3,Laptop_Q5_feat4,Laptop_Q5_feat6,Laptop_Q6_feat1,Laptop_Q6_feat2,Laptop_Q6_feat3,Laptop_Q6_feat4,Laptop_Q7_feat1,Laptop_Q7_feat2,Laptop_Q7_feat3,Laptop_Q7_feat5,Laptop_Q8_feat1,Laptop_Q8_feat2,Laptop_Q8_feat3,Laptop_Q8_feat5,Laptop_Q9_feat1,Laptop_Q9_feat2,Laptop_Q9_feat3,Laptop_Q9_feat4,Laptop_Q9_feat6,Laptop_Q10_feat1,Laptop_Q10_feat2,Laptop_Q10_feat3,Laptop_Q10_feat4,Laptop_Q10_feat6,Laptop_Q10_feat7,Laptop_Q11_feat1,Laptop_Q11_feat2,Laptop_Q11_feat3,Laptop_Q11_feat5,Laptop_Q12_feat1,Laptop_Q12_feat2,Laptop_Q12_feat3,Laptop_Q12_feat5,Laptop_Q13_feat1,Laptop_Q13_feat2,Laptop_Q13_feat4
Q1_feat1,1.0,0.0421991268842377,0.09888185152732147,0.03060887632214922,0.16705047925524394,-0.1777162649313781,-0.0035786526093789005,0.2953023199047872,0.20783149441733081,-0.08252615565200512,0.06841702877233076,0.08338415502090478,0.08434372578140428,0.4871952696822923,-0.140472862475592,0.035781698182274065,-0.035781698182274065,0.004663544437005115,0.08770807164732658,0.24169778986598778,0.23241627056252498,-0.09806355233229515,0.17679630202317861,0.10523160823294511,-0.02394662898484478,-0.07800729903378593,-0.0591566646439917,-0.05327746197123869,-0.001753869886600754,0.09372492867184812,0.29478949367881,0.025811482768576782,0.10898220340849166,-0.11714418958109372,0.05579334776345084,0.017337526117170477,0.08423358422589634,0.5124769172983229,-0.15212892128108707,0.08845913313937386,0.46761710969739195,0.06737006006809794,0.22742222459732594,-0.013969379910306617,-0.14776011039375825,0.13566592982481143,-0.055405473030777995,0.4928779783431751,-0.09124462840572066,0.029022133953560802,0.09247195069075563,0.07316690077595503,-0.02441534641437514,-0.013062174613188895,-0.05255406400370018,0.09683068929835315,0.1614481396804072,0.01958482192732942,0.05508000723813929,0.0579243429254197,0.02743673256787358,-0.07659554019240578,-0.013969379910306738,0.04169430584446045,0.07902477342790377,-0.020512409471855196,-0.0012120899564142887,0.03511703263732627,-0.015835171952773928,0.122544883165033,-0.0641356397873068,0.019584821927329393,-0.07658164978197968,-0.0036480269311583483,0.061810359844350106,0.09196682808197452,0.15423066952727224,-0.049948815816446585,0.06413373594364859,0.04967930558878704,0.058446415463333706,-0.05824939787093776,0.061178645694817,-0.009317574264338858,-0.02417283276852828,-0.03083482630555736,0.10832344165472606,0.046198196242066086,0.10652765652134139,-0.1066089319854154,0.017635792601429504,0.0584464154633338,0.03029839896533458,0.1830593586227519,-0.09806355233229545,0.07431948980807848,0.039671002401437144,0.0217001240365194,0.0919668280819743,-0.033209910196030076,-0.06413563978730676,0.06117864569481707,0.014371015183351028,0.15423066952727227,-0.0878047840937171,-0.020267523715105394,0.08414514116360579,0.07766312056442658,-0.036680649633752525,0.025846439821800016,0.014681762505664902,-0.10757355581829948
Q1_feat2,0.0421991268842377,1.0,0.02446349089484454,-0.0901082692230357,0.3396381736832413,-0.47709421128788354,0.12234587577484018,-0.06971155462381709,0.04993576892448025,-0.0374384999968127,0.18797129169712423,0.168487463354084,0.33520405863403746,0.10672318986417971,-0.34067313474001626,0.1313274282187593,-0.1313274282187593,0.07780759317974988,0.16424689247709845,0.004108986962610076,0.05944766366410203,-0.316752151630565,0.16296078429325975,0.034249728967968913,0.06684693927669111,-0.23166183045398372,-0.06578970006149251,0.013532671113647725,0.12082587111313162,0.08142294935120226,0.030947922993656923,0.15708619227350454,0.20362559006703865,-0.12406192097421927,0.18493949565199916,0.12205188051847707,0.38092260311497916,0.055197366038435815,-0.35979452138243256,0.17079652661244293,0.13299326165314315,0.40762618122075633,0.15040313427170574,-0.14670458320579424,-0.36808190439613137,0.2587338324289238,0.435423449474879,0.045212701884185816,-0.3187950234492292,0.03270516408388391,0.05607029512341476,0.09798985818274587,-0.03081706599983488,0.07270271206504501,0.04386086150222245,0.028534208105678947,-0.09288027260083864,0.04738833666629222,0.028273342412847707,0.06654350245210017,0.0938125184965903,-0.2660913048440456,-0.010990354701001445,0.047099252189540745,-0.03015224250008985,-0.14630105498241944,-0.006159662478287547,0.08488685903172276,0.049077990992743396,0.06303212139169637,-0.23738412968568712,-0.05970766162286714,-0.08310221127793045,0.000996222936168029,-0.014543392314351707,-0.048155060092902095,0.05745049484516525,-0.20541071665692456,-0.10997649753819323,-0.019084774863152458,0.12169102749412923,-0.1673470636455193,-0.03293366205057728,-0.0014589084946483534,0.05463711503601593,-0.10086901268015613,-0.08156853731149523,-0.04902030150092065,0.0671959672778072,-0.0667817460372583,0.05499502038954803,0.039099892942249664,0.07015016416006759,0.012475700227113294,-0.26746279533864886,-0.011780310654644252,0.011102729089799913,0.0671488572531287,-0.0034298475849644278,-0.0954101013636374,-0.2373841296856874,-0.006159662478287546,0.04739174824914058,0.05745049484516524,-0.24017020995635935,-0.00895481007476098,0.06791885598961137,0.05873716503937467,-0.19509458974797014,-0.03992973029471781,0.052819159683006975,-0.15228206456003637
Q1_feat3,0.09888185152732147,0.02446349089484454,1.0,0.30064068838037167,0.1240305421477221,-0.08213200295653945,0.29039428741616474,0.4350066697444814,0.22855607172039977,-0.2663837521937682,0.11668793761751682,0.10263209658661952,0.07219073130268353,0.18472708384931225,-0.0792197923914523,0.11638047137976605,-0.11638047137976605,0.10222503212676019,0.13110666128041157,0.3374892116134215,0.30936177281256394,-0.06301422549175484,0.013471720931937126,0.28899086965581766,0.14476667376295446,-0.0390947933695659,0.31090420768204263,0.33788161124525923,0.23040032207297023,-0.2552245747614142,0.30019096323269384,0.16041035642345655,0.21446677971182354,-0.15140198937743624,0.2222181115174248,0.25452961160493687,0.04365706163369778,0.20413552735931914,-0.11238109697484812,0.21281721772916176,0.11920095660279598,0.10903198343938286,0.20281159302211593,0.06516059320338599,-0.053128888360737474,0.23435607559190616,0.06211666136480728,0.21717216031345865,-0.12123187385972448,0.21754108039970518,0.3733511945540772,0.23593259366273167,-0.2099083082328242,0.18162742391551268,0.2623638880954285,-0.22819505245095026,0.2407878503743068,0.30844451607089735,0.4505517122660471,0.1846414758230653,0.2582551833905506,0.009101237716573929,0.22227859160800098,0.3241180104071936,0.23707041881076427,-0.0036119465812942627,0.2774479339996539,0.19636607346900636,0.23059440559440578,0.2965863598057799,0.018349947441221065,0.2774479339996535,0.014506821131822155,0.19755054630871072,0.23024338162150035,0.2925667680669348,0.25764311588905686,0.029404920835164213,0.20665494368691142,0.38412398969371164,0.22936288393138157,-0.023455908647889323,0.24645135192840995,0.3006412794051373,0.28576909141872286,-0.008538553219879227,0.22481117639145623,0.30141736882175557,0.3045366479261084,-0.0106137702698468,0.20654261983279576,0.3249796360562294,0.23665969941011614,0.2671015416820695,-0.005951343518665749,0.31301349773679843,0.26613410897751744,0.22980824685099355,0.344345685759564,0.12817229451137627,0.018349947441220718,0.2774479339996535,0.2244068757902115,0.3337225142403545,0.06154127901805424,0.21377657801005326,0.2883849667071359,0.24439963934583614,0.01934715335275383,0.2189796275123729,0.2810968574432639,-0.012307650814305415
Q1_feat4,0.03060887632214922,-0.0901082692230357,0.30064068838037167,1.0,0.0729553997882162,-0.10001786192744475,0.06794296817025804,0.2028024880411222,0.297390655732955,-0.13837389257852795,0.1486707835914925,0.1584339904571465,0.111518938707822,0.16395662577176578,-0.016242643815253578,-0.22694822171605838,0.22694822171605838,0.13643197503275356,0.0771376978999847,0.21968105092341894,0.2665083166972237,-0.027101493275937937,-0.15664303222554382,0.21114549783984832,0.22305515197601983,0.052217802778300224,0.27649159448633726,0.26281170023038086,0.228859128930133,-0.2550826990863837,0.2157969143314499,0.0994764077740281,0.2400668364433502,-0.06872962070612663,0.1514671480492303,0.2666594797462258,-0.03526199951826735,0.19854454645468295,-0.018826516234713726,-0.005709389225561182,-0.012056421036710303,0.12925845845354336,0.18455116163233848,0.09575061100198105,0.025555792775936656,0.04710506480887592,0.03419861924093453,0.25595976886841304,0.018709187625119576,0.17056194013414644,0.23165252423848565,0.2726560143797229,-0.18155296885560135,0.2806836867670837,0.22470398463486038,-0.25463649304399355,0.1400910659833948,0.3055133662293469,0.22107510245315773,0.46814114542019514,0.19812134787875563,0.044745883837741744,0.36908422909870603,0.2133018063959591,0.2103627194080734,0.14923546563552934,0.33247529297292244,0.3844332877702568,0.3502152277895772,0.24016392155185856,0.05864899475300415,0.33247529297292316,0.17192771207640797,0.3760624744012564,0.2493302415191301,0.27520848465377007,0.20786747597990893,0.009337796772535024,0.22239450593204468,0.32718718048142453,0.3513925603045168,0.08373089542996655,0.2785514394857726,0.35014708273521794,0.26673423826962145,0.21036271940807413,0.1701115027406283,0.27702735400886785,0.2729799427707956,0.2467359771914881,0.2117689347461551,0.26822171713466764,0.383422237599164,0.21305924688894118,0.12180446416151941,0.20196028802677224,0.2685487890871335,0.40716747842238266,0.36528676376735303,0.0969861996143764,0.05864899475300406,0.2785514394857728,0.3527018862429458,0.20786747597990893,0.08545577566411945,0.39211290891721284,0.3075890592196796,0.2861956715808088,0.11499707579577673,0.3346365369973581,0.3177851914727791,0.15479764196894413
Q1_feat5,0.16705047925524394,0.3396381736832413,0.1240305421477221,0.0729553997882162,1.0,-0.22369665381056933,0.08720202573319105,-0.02606306246114279,0.2054119921518131,-0.10271235966843739,0.22670309351268425,0.28584106246176544,0.3066717390196176,0.11911777895401603,-0.18549838534742888,-0.07596569288345517,0.07596569288345517,0.04709185015294883,0.11459213776984271,0.03928056272270679,0.09288775725838475,-0.1341769518452395,0.07549213035667197,0.037984087909294625,0.12399953423437611,-0.11539889654497942,-0.007169142366809314,-0.020329685252028985,0.1365283538755816,0.10119946726622793,-0.024544749825798077,0.2024430103227075,0.24642027353848844,-0.12060890604732806,0.26563822776514234,0.07315509738543641,0.33907481148983126,0.15636628579346584,-0.19476818159327494,-0.005053333986794644,0.10718855832280232,0.3241643638025331,0.15938189252230656,-0.026696219300657145,-0.1486317888800806,0.2337738959455648,0.29035584505253986,0.15187996646760688,-0.16284923677701882,-0.10466867469879548,0.018020657544734565,0.05791710552990499,0.17002042242934778,-0.06526224028921752,-0.0721737302606763,0.18551266757480506,0.013551198205014917,0.12605107504803834,0.053073417596319235,0.14628317287899925,0.2000808181912388,-0.10855451230314352,0.09704265499338412,-0.036185875790599314,0.02241523301501403,0.009482007334568141,0.04467948996752244,0.09140087803193456,0.12403054214772216,0.13443321448446607,-0.09382318094228323,-0.016349198842864638,0.09124053590221683,0.1335441863509946,-0.04797349925094112,0.013551198205014943,0.12252887139502594,-0.07719318897886612,0.06468083574651895,-0.03989438885781305,0.12999706607968417,-0.03618587579059904,0.06502238623765146,0.013794409006311379,0.10385043177512432,0.04928054905506755,-0.0035985953824905497,-0.005860328907210223,0.08102668569786593,0.07238929610409227,0.13263938536442627,0.04632669383491232,0.1917412534035759,0.10310081670896669,-0.13417695184523953,0.06789422073858396,-0.04386646309650031,0.17941483774458436,0.04753343370374469,-0.05778894066168923,-0.09382318094228353,0.1260510750480383,0.11591851641155168,0.07259835630155284,-0.08223829676909808,0.06979830622534483,0.041802751255154535,0.11279445960085668,0.011927894930631518,0.12112977372511333,0.09479557766895996,-0.03885907167674589
Q1_feat7,-0.1777162649313781,-0.47709421128788354,-0.08213200295653945,-0.10001786192744475,-0.22369665381056933,1.0,-0.10932625396113944,-0.07737803317311925,-0.02021167298283899,0.12015608232850351,-0.07566930352384925,-0.158041502653002,-0.2573878140152325,-0.1231648822391755,0.4590104914589727,-0.11692062494089321,0.11692062494089321,-0.1371038096104502,-0.09893777385727984,-0.03914332019129401,-0.059079931571013544,0.4991524831176206,-0.11332603294452888,-0.0637300469570576,-0.023979893697083116,0.2548974089077648,-0.03957000671529883,-0.014459298408300441,-0.06254555197923052,0.10091494311754945,-0.03777741477396849,-0.17361277347724127,-0.11547928457066142,0.18759885477864457,-0.12272858121158972,-0.08663382685290301,-0.26887465209967254,-0.06782684502572014,0.4121027655996495,-0.04417879911122506,-0.13638247811399618,-0.29612812334394034,-0.11796864863783232,0.17358946391134522,0.4453253291204408,-0.20497409356485255,-0.2666442904870245,-0.0638839383439626,0.42792152566381303,-0.04797349925094084,-0.02316939018442901,-0.10056126913968318,0.10402426282079012,-0.09419999065642114,-0.08132307353771169,0.12015608232850367,-0.041039919543928216,-0.07370358194190448,-0.037004714563909115,-0.07977393031014317,-0.04475740952106077,0.4724976557107906,-0.07245473276299651,-0.04293299975900203,-0.053091663033629444,0.2777622194482371,-0.025163445147842186,-0.07737803317311927,-0.08213200295653965,-0.03007226024117346,0.4056413770309411,-0.07370358194190442,0.18852322376799666,-0.046958868964605376,-0.04823151125401933,-0.04103991954392821,-0.027409298526252672,0.44914703851685905,-0.05151226615221842,-0.06329249144191737,-0.07119266884925679,0.3458491647252929,0.023376691646220187,-0.02703716271548291,-0.015066586935600193,0.13921813862151736,-0.042932999759002034,-0.06991658489452085,-0.0498935699543348,0.19961482319476773,-0.05762688740437124,-0.07119266884925703,-0.08095744438326107,-0.03253262547516928,0.40979295017069745,-0.03906806428886762,-0.05463526422700183,-0.08788576389948081,-0.041039919543928174,0.10851702550759043,0.40564137703093994,-0.07370358194190443,-0.08901543842191685,-0.02740929852625268,0.43832129422508803,-0.034148840343289376,-0.0058471468428326415,-0.06862560865194853,0.2545434213274697,-0.04075340911801252,-0.08329806891918877,0.3005636412623533
Q2_feat1,-0.0035786526093789005,0.12234587577484018,0.29039428741616474,0.06794296817025804,0.08720202573319105,-0.10932625396113944,1.0,0.17246443402698267,-0.1811172110203494,-0.6298084339427245,0.2867526044643382,0.023194229993277277,0.03821986116038754,-0.04739856554130965,-0.13254755746713662,0.18904400953056744,-0.18904400953056744,0.09034624396464408,0.10861772217726284,0.12724782751884336,0.17098671819718322,-0.05292842536845737,0.003044527044586648,0.1615629768030464,0.08912487234727916,-0.06343747056260524,0.33115593174583857,0.2694650131386302,0.1640381856559841,-0.262064202881444,0.2413641719729929,0.07919535403367758,0.09873045707111817,-0.18913805375666526,0.13190647707127107,0.19597877123466087,-0.15095332765489514,-0.02971415648811794,-0.04839624207945655,0.1875891665418758,-0.13900051648406056,-0.0027752172771268674,0.025560177698699563,0.14965520594620924,-0.030044680033163525,0.19054036999857296,-0.029033862034692923,-0.01169368641011849,-0.09942701588989795,0.30275672092201494,0.19239691808685064,0.08663661461754088,-0.21363199662004384,0.11405079428203249,0.07627805867005867,-0.13787483497157216,0.13632863526002614,0.0556965075146567,0.21788472864683267,0.03514349521732268,0.13395256934292324,-0.02709642583484417,0.1283505783748276,0.11813418197343022,0.090580563502836,-0.12436577968932479,0.18178721202700637,0.051118954546127506,0.0585529706055454,0.17706625600715925,-0.05873276138799613,0.11874185977083147,-0.10805235991054508,0.0325064882410133,0.04194861357422337,0.17143379726221308,0.1613866676765882,0.006645333374918313,0.07521418462223578,0.1582742269892584,0.05183461761726662,-0.050186374509691496,0.09772674235210631,0.08868228822391247,0.10228579777104636,-0.07593784083132499,0.18546240456667865,0.12659546174170297,0.20575025814059145,-0.14039143110512808,0.13274539013025952,0.09505222719074259,0.007908710534298431,0.14782307559404895,-0.052928425368457925,0.2300337858743838,0.10523937646975526,0.05806077236388007,0.17143379726221336,-0.02861291363430099,-0.011572957908964723,0.13975697718955676,-0.003909715080534189,0.16138666767658816,0.00025134858411606935,0.09440269922170373,0.07326406425032195,0.02554461605976199,-0.060417776083455756,0.043181141746868115,0.012548864096328298,-0.027288321657647493
Q2_feat2,0.2953023199047872,-0.06971155462381709,0.4350066697444814,0.2028024880411222,-0.02606306246114279,-0.07737803317311925,0.17246443402698267,1.0,0.14650664869507518,-0.28694317003370895,0.048641127016992074,0.15707744281077646,-0.03548136940772483,0.21532677473915984,-0.02635897014043366,0.11825921424116122,-0.11825921424116122,0.06276485275574131,0.23327959328903575,0.39764701229322397,0.295356663807239,-0.059366832111223476,-0.008919319039087329,0.3034723057554497,0.16251553661476398,-0.058962082387140784,0.2724262023778235,0.28173274311093927,0.16520048686430097,-0.27200850883455396,0.3583193679209265,0.09542968402707612,0.14490787740058023,-0.17743101825607413,0.08588762554304596,0.29791720202134425,-0.1504186544800676,0.28266013934701395,-0.03485637768580092,0.14019332548589009,0.2778515543472994,-0.03908357625230721,0.18637700649828476,0.1140196070076665,-0.045876131516836734,0.11325437962788625,-0.07864028108693936,0.2967291118673594,-0.11421472287874149,0.13055552486296082,0.39040458496539004,0.2046392143285381,-0.20991321497219145,0.08359249815670977,0.2117735341189329,-0.18700356166726753,0.3677758888977187,0.23867566941877646,0.29903293211579446,0.11600678571420953,0.17828386222781492,0.015326292468843978,0.1798079112280192,0.45089322392802295,0.21477819689055838,-0.038619983455439544,0.20622851836351327,0.18812260536398548,0.136705924400137,0.24301217456323354,0.02456924559003275,0.2711228204740397,-0.04133886934190906,0.1102104239421705,0.389756018946082,0.25937178421358154,0.27458609669536316,0.03566687732875711,0.2695296747449585,0.3030417790138915,0.18605946791536854,-0.01690052395204055,0.2062285183635132,0.2640268721635851,0.1714283265311374,-0.04232471199434488,0.29496197463466933,0.26027013325851334,0.23707619004508598,-0.0703663124532107,0.14674774273326407,0.3195146638238624,0.08122150166578354,0.35291895090419184,0.0003664619266126332,0.27786835906101925,0.2883276422147568,0.14273621686733448,0.2593717842135811,0.049632163538421106,0.02456924559003276,0.2062285183635133,0.19454985634862013,0.3542258364842316,0.007373518832321619,0.17700390207361652,0.27544029323564245,0.13055489858490804,0.028230835326951878,0.12742819511726816,0.22055285108066836,-0.0059195013835054815
Q2_feat3,0.20783149441733081,0.04993576892448025,0.22855607172039977,0.297390655732955,0.2054119921518131,-0.02021167298283899,-0.1811172110203494,0.14650664869507518,1.0,-0.45673584992096883,0.07984438380942098,0.13172567571456106,0.12987362573559438,0.20791976840363932,-0.08333248120343485,-0.0042711196499505555,0.0042711196499505555,0.061767749144715556,0.1121315465499302,0.22095921991991327,0.2503909979008387,-0.09449592585963959,0.005047216593278983,0.1091110399270391,0.16024497379335267,-0.03191716844040266,0.03738709566929544,0.0974854562126881,0.09022794192793294,-0.04657947371553537,0.1289840706201313,0.015509576651561151,0.1995568261798808,-0.016171077398087392,0.22205066299028658,0.06440340125420864,0.13582808613157535,0.2471271386472766,-0.09026481193548105,0.004271119649950569,0.0947773001875698,0.18915926688083334,0.14718457333659019,0.10496426214934478,-0.13951762467455583,0.18758524076382302,0.12521150526181443,0.28431016260055963,-0.15728839597649755,0.061588303488816686,0.198141825962655,0.20965706152785135,-0.08856435671400982,0.07216883933240954,0.0842161292253921,-0.01621547396169104,0.21375352601563868,0.24085722198936727,0.1249176911648796,0.15477727714052994,0.17966824696111874,-0.03347381237526455,0.15329526421246084,0.11947349898775368,0.2736623760410839,-0.0021824577181922206,0.07399742217766823,0.16944669070976978,0.22855607172039957,0.13717738551917769,-0.023300465004453177,0.12167165069529642,0.1278302325069986,0.20640490170324924,0.11705927269227658,0.21375352601563874,0.22254150718892682,-0.01148601327426711,0.19185787395381243,0.1355991307257937,0.18585894591486563,0.0049194970171427465,0.12167165069529637,0.13796974510121737,0.18733402640322233,0.11626305601745347,0.15765816631129062,0.1448160119685798,0.172124856139422,0.09234538384179598,0.17500733189555653,0.1613484214940553,0.28067495262780506,0.2641388103793564,-0.05061320245473605,0.10871819731838893,0.16738349303060834,0.1924570998069843,0.134115069465812,0.06811579719639298,-0.023300465004453284,0.12167165069529642,0.24771122334551957,0.22254150718892685,-0.04248000594280639,0.17718286876922074,0.1722851849041944,0.22885485262162014,0.03268744769054235,0.21356195535061895,0.24264275564956134,-0.05806830774417458
Q2_feat5,-0.08252615565200512,-0.0374384999968127,-0.2663837521937682,-0.13837389257852795,-0.10271235966843739,0.12015608232850351,-0.6298084339427245,-0.28694317003370895,-0.45673584992096883,1.0,-0.2046704760975261,-0.06639823493704873,-0.04088117933095814,-0.016215473961691335,0.16739777167563052,-0.16704350391436187,0.16704350391436187,-0.06877911031571363,-0.06578430990224768,-0.13885858760141576,-0.0942230736809723,0.1304230011784243,0.08278473032917173,-0.22681914690515262,-0.1318094307976307,0.10205201511643225,-0.24725438313234221,-0.22711922686355515,-0.08586729438464367,0.26481087786975493,-0.19205930393353915,-0.019918996290584,-0.09857414683412699,0.17138618591010155,-0.14068797291047225,-0.1673231238466857,0.14275378245452622,-0.021286104039508067,0.09621923470010045,-0.039752124982151915,0.09558292166572506,-0.02335525738650046,0.028396140065248567,-0.14235188552630193,0.1182822454042286,-0.2162324875472242,-0.004407019675156351,-0.08401467804885164,0.2271891161947229,-0.20296454305739073,-0.2606171698807271,-0.1000825364294225,0.23014900507390554,-0.08194128277969696,-0.12111311084315486,0.14277864992150663,-0.15218950558637456,-0.2317779955912504,-0.13722563972909765,-0.10060545457319064,-0.13395866584751598,0.09545274518694885,-0.20551892002935224,-0.1592096690069937,-0.14202379711255864,0.14711472473908488,-0.14869979156404117,-0.14702771832069086,-0.15181765296531313,-0.11151782139997142,0.12152583101278848,-0.16946934257084353,-0.012420551719187987,-0.13214979772839597,-0.11905541592549498,-0.15218950558637465,-0.10164268442862696,0.051290462296291826,-0.10648962448798639,-0.21116619980030485,-0.1572243018648598,0.10695623917905724,-0.10716068955043566,-0.1549209342794384,-0.11549288433802625,-0.004879964592730181,-0.15920966900699374,-0.2159284294044827,-0.15602314899148362,0.07348918360427971,-0.16266205862077937,-0.1999369038714799,-0.14578575317322298,-0.12064166405572838,0.13042300117842404,-0.1448772184354618,-0.17586486417937822,-0.14429146252673666,-0.11749455536178838,0.023041793908145206,0.07491710053023709,-0.14869979156404117,-0.16814046945726535,-0.10164268442862696,0.073281398081637,-0.15917220134258425,-0.10964213008277554,-0.07843848422661034,0.0261239040435771,-0.14489380558504542,-0.17664481427759424,0.10943802192586438
Q3_feat1,0.06841702877233076,0.18797129169712423,0.11668793761751682,0.1486707835914925,0.22670309351268425,-0.07566930352384925,0.2867526044643382,0.048641127016992074,0.07984438380942098,-0.2046704760975261,1.0,0.11877204779176885,0.03168920365650634,0.021743336662386953,-0.24416261920159604,0.08458490555353089,-0.08458490555353089,0.08143787853110486,0.04334823215051586,0.14217290340346725,0.1592810425100574,-0.15639343424297922,-0.00015263696920469712,0.13413525503375592,0.11594063882609071,-0.07945720235520755,0.23845481746202524,0.24590618971635272,0.19453764563518067,-0.19467967258454605,0.2520490613654034,0.16945138538756935,0.23283636406136543,-0.25459561028589794,0.2158287194546342,0.18995982118695104,-0.03389712278790051,0.03489833263974974,-0.09904133227476285,0.14724968721485082,-0.07686458354206434,0.06199103760673312,0.16871727154038496,0.09877347775085243,-0.1280384832149069,0.25071716120160165,0.11644374517850152,0.14434266794644227,-0.20464436039145048,0.26389122257263176,0.24993662791265644,0.22043889922393062,-0.21853236700696393,0.10763601452115192,0.11369130566019087,-0.07811020445907095,0.0934847683803379,0.06516423012339455,0.10836162283601017,0.14133896515257252,0.11346933454639216,0.0002622799813906294,0.0779454352238292,0.07086979477327866,0.07407265405616291,0.06412643150293361,0.18843428246513497,0.08818478638741449,0.09780001921468172,0.07269290331610306,-0.06562160921920594,0.08570923884701802,0.00988243580350535,0.12023721080458383,0.07222154149278626,0.0934847683803379,0.10827795172300951,-0.04300181511285228,0.11987367595615066,0.06372225149361477,0.15448769954820088,-0.027863338115989636,0.18843428246513488,0.15411678043751453,0.17747210560729285,-0.03445626829129391,0.1037808390697016,0.06181599737038087,0.16841493625471377,0.013380235697286953,0.10143579531411244,0.04886062309536211,0.12886320807563,0.1285171908813796,-0.00510483019784218,0.154334850084899,0.030670815370871282,0.1675304198246209,0.16212448570463991,-0.015885811534806227,-0.06562160921920583,0.16788927374151177,0.1024364248271568,0.10827795172300951,-0.02260678372814381,0.12202777376961418,0.12592632257450162,0.11872277607184174,0.018458196544361614,0.11166595613993971,0.04872861608586577,0.0465209333827338
Q3_feat2,0.08338415502090478,0.168487463354084,0.10263209658661952,0.1584339904571465,0.28584106246176544,-0.158041502653002,0.023194229993277277,0.15707744281077646,0.13172567571456106,-0.06639823493704873,0.11877204779176885,1.0,0.20913520125199286,0.13172567571456148,-0.2686146797065385,0.007963807957566592,-0.007963807957566592,0.16283036256238972,0.0014985766883849271,0.10884574156786372,0.061251867586387836,-0.1751609250047883,-0.023658352048520497,0.1809431481300518,0.18543488054358787,-0.11371012767962817,0.09367688690829773,0.07376058966585876,0.13097933086962177,0.01056872729798716,0.08331715391069246,0.22592192636824934,0.28278016123189637,-0.17835441736376073,0.15400339882982908,0.1689766052453927,0.28865377512962254,0.10335901937131473,-0.19793589738952586,0.07533677153441445,0.19329103040764523,0.2356571093527909,0.22686505937532966,-0.03668406163040485,-0.20774901147028743,0.08989766288123234,0.276933985395109,0.1029239676391593,-0.13148082139832418,-0.004413039155016419,0.18582097333229655,0.18108548573779848,-0.00789120953355416,-0.03358936718636549,-0.0334083437605936,0.11398363664193299,0.07748785563900953,0.13916042187848657,0.09437193464519571,0.12917497587072332,0.1607150268469071,-0.057274313905156235,0.0693354781879636,0.1541639313517346,0.10777610029497445,0.014710585854100088,0.09732888888412378,0.19733471195882127,0.1410896408248238,0.10798355319767006,-0.07976385129534544,0.09732888888412365,0.04697294490632104,0.12029464357625186,0.14307790041466964,0.07748785563900949,0.09842138308806198,-0.055588397168137536,-0.013666047213572268,0.15614416410315055,0.23413218020203444,-0.04686583513092751,0.11824465538130517,0.16588891699236108,0.12915208556564248,-0.002711348435093717,0.05364904811040341,0.14193069938496589,0.17915796558613936,0.008074717346504164,0.1041334400035071,0.16961223874314751,0.15462375994074248,0.11681823931704385,-0.05964684229765178,0.06711268396990405,0.16925555646227364,0.18755296080800601,0.14736625380862817,-0.0840266268951617,-0.0797638512953457,0.11824465538130516,0.2109047494123386,0.09842138308806198,-0.11957662833040435,0.10951529233484286,0.17399467814757558,0.1356165341361943,-0.06497832162364232,0.11495191905896877,0.1659240982720839,-0.042646856034387434
Q3_feat3,0.08434372578140428,0.33520405863403746,0.07219073130268353,0.111518938707822,0.3066717390196176,-0.2573878140152325,0.03821986116038754,-0.03548136940772483,0.12987362573559438,-0.04088117933095814,0.03168920365650634,0.20913520125199286,1.0,0.20441377008384098,-0.27754263551734626,-0.013567350877260971,0.013567350877260971,0.05607286629891171,0.055118253046306125,0.13603455434115627,0.1292583637590353,-0.18194839762032505,0.061880396296434104,0.07661169025747182,0.12252168968141774,-0.1051214387923596,-0.022211839091373923,-0.01580453492044122,0.17691857437620084,0.09789974267684036,-0.07448048305156672,0.16384495223638607,0.2362717771165302,-0.0019073333427773469,0.18062700814776841,0.14478593526006606,0.4641544974117349,0.15417733933337913,-0.2552607335436393,0.09754753542131941,0.10254142160709617,0.35516711067267026,0.24214778485949043,-0.09022887579660491,-0.1902067294871243,0.24644669595194357,0.40805180790867224,0.12223094986693765,-0.18622669817206408,0.014049608812301046,0.0657402304238203,0.19187998840996973,0.007107531922156183,-0.04750393339283408,-0.02415301194207086,0.15396186835752618,-0.03349545188085355,0.10853678252553212,0.08978343704563174,0.07903711456113915,0.15554516652923933,-0.06245243640506047,0.059409419674218096,-0.019686745213887212,0.04527307836777127,0.0073714233239348,0.024191154150505847,0.12686145763674228,0.13034767958441693,0.10450995214374242,-0.08476918340548044,-0.017981660037006547,0.059760610863039056,0.09011640946921494,0.015830654262876043,0.07217729631100056,0.09525537669264483,-0.11176630865270316,0.03597956622396786,0.004839120650369818,0.16068703670846607,-0.05346505542297784,0.06636396833801886,0.010723934785233976,0.09775876960219065,0.01742586412646292,0.01409156499520355,0.06695468267024503,0.11451283907117661,0.021661060583570053,0.07073041502428892,0.09564071141836704,0.16376067439258982,0.06918222481077842,-0.1043107305729092,0.02511800831863564,-0.027315152045436348,0.13947919179400758,0.07217729631100044,0.08506659954599549,-0.13208896729278624,0.08745037543177545,0.12665614763708075,0.09525537669264483,-0.125596215040343,0.03939696171970648,0.020320555615743346,0.10444400338907239,-0.00697959080579901,0.10366017886533999,0.07849052573144533,-0.04865199809465489
Q3_feat4,0.4871952696822923,0.10672318986417971,0.18472708384931225,0.16395662577176578,0.11911777895401603,-0.1231648822391755,-0.04739856554130965,0.21532677473915984,0.20791976840363932,-0.016215473961691335,0.021743336662386953,0.13172567571456148,0.20441377008384098,1.0,-0.11879774082787324,0.02737399412013857,-0.02737399412013857,-0.04384214362369625,0.1313305403394667,0.3076933628385059,0.30771365612813745,-0.09449592585963963,0.12051336462197526,0.1418644460193179,0.05688741862194781,-0.05514260797515989,0.007292791500924348,0.007879463566063219,0.09022794192793294,0.0838252742628806,0.20055650810466388,0.20547947795016464,0.2773000447920233,-0.19189678512396988,0.03186256481873546,0.1821902669421296,0.18273481926599672,0.5605318531514436,-0.16852632441145612,0.0833839040751742,0.4857003537259853,0.12696469199111893,0.25066876652363873,-0.06419424507156236,-0.13951762467455583,0.09980611853079924,0.08856971826419224,0.4911126459850637,-0.05924629829325045,0.03282356575621739,0.1647252531412235,0.03149824099731234,-0.014152036382135493,0.07216883933240947,0.06976641442145623,-0.0015314614297152291,0.09429584119089891,0.16934587921292446,0.1688004145697835,0.15477727714052955,0.10617784732583047,-0.0334738123752644,0.08079876111778657,0.15765816631129134,0.08478319201272806,0.062497652839142576,0.05016030791885414,0.1465066486950753,0.1628125899137668,0.19067000236038756,-0.023300465004453187,0.09783453643648236,0.0015494573637210832,0.10313909759757221,0.04842379985471875,0.1739342977407254,0.22254150718892687,-0.011486013274267057,0.030157597560475275,0.1355991307257939,0.16134842149405523,0.04310416434067998,0.09783453643648236,0.09092148474243421,0.08469387076044858,0.053303328008002124,0.11947349898775372,0.14481601196857988,0.17212485613942202,-0.012003299459505687,0.08714430797674032,0.1123273726524318,0.16990009238971127,0.21453670658691926,-0.050613202454735974,0.10871819731838911,0.13669338126009184,0.12992452717866895,0.13411506946581195,0.00280476811985141,-0.023300465004453288,0.16934587921292454,0.08248593677643676,0.1640346270731285,-0.04248000594280632,0.08756050225445572,0.14475333672832758,0.10257407747834242,0.03268744769054237,0.08479278621812536,0.11254154127167174,-0.016371681478533573
Q3_feat6,-0.140472862475592,-0.34067313474001626,-0.0792197923914523,-0.016242643815253578,-0.18549838534742888,0.4590104914589727,-0.13254755746713662,-0.02635897014043366,-0.08333248120343485,0.16739777167563052,-0.24416261920159604,-0.2686146797065385,-0.27754263551734626,-0.11879774082787324,1.0,-0.1638306885466436,0.1638306885466436,-0.22361074688898477,-0.01462428702759018,-0.08034451235627058,-0.056985094056861856,0.6107402687254131,-0.13360664824398005,-0.1258020338399487,-0.10598958751860504,0.41529618111975714,-0.09305378574486282,-0.12918284062475827,-0.11805837885235625,0.14815635978250039,-0.06907187213999247,-0.2228104546862485,-0.14192409993531832,0.2705955644676832,-0.17584656403420468,-0.17031743600708782,-0.254953809458481,-0.10163158562623939,0.5951243965061938,-0.10254738859153971,-0.12748412733349512,-0.25072588517568944,-0.11378575363289714,-0.01903136161905865,0.5931499429184537,-0.22438852639380996,-0.32144770495080865,-0.09854471109194236,0.4471353311761338,-0.09469887540259125,-0.05047682049877422,-0.06063967487352444,0.11912715076493328,-0.023205491893656602,-0.07033068513344423,0.07469390944529866,-0.039584739066356955,-0.07109022366145862,-0.03569261310732928,-0.029794620858928894,-0.04317041546050966,0.17738793920069615,-0.06988565578146104,-0.04141069504234681,-0.05120915564991857,0.1544851377613075,-0.07109022366145862,-0.0746343873639241,-0.07921979239145213,-0.02900596755576607,0.30870636898636633,-0.0710902236614587,0.09325615178708159,-0.042396291899828624,-0.04652133359381505,-0.03958473906635696,-0.026437428294474197,0.2198083323911986,-0.04968576052323116,-0.06104828631318775,-0.06866834173051742,0.1996587082398854,-0.020926992246663112,-0.07228276442567222,-0.0649318242469316,0.08128437404749002,-0.04141069504234677,-0.06743750475675267,-0.04812445954279575,0.10103979567167924,-0.05558357147037465,-0.06866834173051746,-0.07808688094430326,-0.031379093938029345,0.241350050535276,-0.03768280123081499,-0.05269802432074435,-0.08476953830001045,-0.03958473906635696,-0.023609608232494153,0.30870636898636633,-0.07109022366145859,-0.08585915718078516,-0.02643742829447419,0.25978736424989596,-0.02979462085892885,-0.001777254378394051,-0.06619230354117978,0.1114840399254913,-0.03629745380902387,-0.08034451235627045,0.13781138735840784
Q4_feat1,0.035781698182274065,0.1313274282187593,0.11638047137976605,-0.22694822171605838,-0.07596569288345517,-0.11692062494089321,0.18904400953056744,0.11825921424116122,-0.0042711196499505555,-0.16704350391436187,0.08458490555353089,0.007963807957566592,-0.013567350877260971,0.02737399412013857,-0.1638306885466436,1.0,-1.0,0.1304310188023962,0.054573696320459525,-0.0010616143258097277,0.03797011450926823,-0.22154565535625506,0.10055144320980558,0.10409180906451326,-0.059363207048289034,-0.0828748961339569,0.1343828433240589,0.13569783463432977,-0.017688627553561508,-0.1268980837391059,0.02071570027183908,0.09536501894818639,-0.008284226984238549,-0.1678360286611858,-0.030799602347706324,-0.009667840447674058,-0.012473302376086076,-0.07311025407703849,-0.12569287849403196,0.20328092959671926,0.12184156788599025,-0.05010837835331251,-0.027965263231565212,0.052753679764619026,-0.15741645889574077,0.09947723822562889,0.0848438648781646,-0.05468550001132657,-0.1833210356748211,0.2616135857425851,0.16177722048114632,0.1314447914138841,-0.2758107206162496,0.04183266938856911,0.09275922106135222,-0.13947075339482684,0.11983864182969457,-0.008581267501025402,0.10805563909275401,-0.10363100410706337,-0.007301926434794049,-0.18442257779218785,0.030065421712817248,0.12536653185409524,-0.02230261070124601,-0.2746649733568031,0.013798678141648835,-0.0755801905541272,-0.1099429398826219,0.03758992155453223,-0.16330047888444274,0.05855856942699718,-0.2738545521178529,-0.14727360450065916,0.07639868392164856,0.11983864182969457,0.08003653870166302,-0.13968482228142853,0.028966024657160378,0.13408007145213416,-0.09127227536678487,-0.1972873317072339,0.03617862378432315,0.06422582039855154,0.027934239962936605,-0.2883020407722072,0.12536653185409527,0.0873947924255951,0.05195061051769586,-0.32163252410815985,0.0032895557224351655,0.06981305517227514,-0.11721093000132121,0.09499691265050748,-0.22154565535625417,0.1140807247022429,0.1019097007898872,-0.11519874963921448,0.08245357270387565,-0.11248003942167027,-0.16330047888444274,0.013798678141648861,-0.10849234838820762,0.08003653870166298,-0.16006811609010024,0.0015486575956223671,0.025690237857877267,-0.03673215108088046,-0.24879462388696202,-0.11607641328683697,-0.0010616143258098897,-0.23824858716763062
Q4_feat3,-0.035781698182274065,-0.1313274282187593,-0.11638047137976605,0.22694822171605838,0.07596569288345517,0.11692062494089321,-0.18904400953056744,-0.11825921424116122,0.0042711196499505555,0.16704350391436187,-0.08458490555353089,-0.007963807957566592,0.013567350877260971,-0.02737399412013857,0.1638306885466436,-1.0,1.0,-0.1304310188023962,-0.054573696320459525,0.0010616143258097277,-0.03797011450926823,0.22154565535625506,-0.10055144320980558,-0.10409180906451326,0.059363207048289034,0.0828748961339569,-0.1343828433240589,-0.13569783463432977,0.017688627553561508,0.1268980837391059,-0.02071570027183908,-0.09536501894818639,0.008284226984238549,0.1678360286611858,0.030799602347706324,0.009667840447674058,0.012473302376086076,0.07311025407703849,0.12569287849403196,-0.20328092959671926,-0.12184156788599025,0.05010837835331251,0.027965263231565212,-0.052753679764619026,0.15741645889574077,-0.09947723822562889,-0.0848438648781646,0.05468550001132657,0.1833210356748211,-0.2616135857425851,-0.16177722048114632,-0.1314447914138841,0.2758107206162496,-0.04183266938856911,-0.09275922106135222,0.13947075339482684,-0.11983864182969457,0.008581267501025402,-0.10805563909275401,0.10363100410706337,0.007301926434794049,0.18442257779218785,-0.030065421712817248,-0.12536653185409524,0.02230261070124601,0.2746649733568031,-0.013798678141648835,0.0755801905541272,0.1099429398826219,-0.03758992155453223,0.16330047888444274,-0.05855856942699718,0.2738545521178529,0.14727360450065916,-0.07639868392164856,-0.11983864182969457,-0.08003653870166302,0.13968482228142853,-0.028966024657160378,-0.13408007145213416,0.09127227536678487,0.1972873317072339,-0.03617862378432315,-0.06422582039855154,-0.027934239962936605,0.2883020407722072,-0.12536653185409527,-0.0873947924255951,-0.05195061051769586,0.32163252410815985,-0.0032895557224351655,-0.06981305517227514,0.11721093000132121,-0.09499691265050748,0.22154565535625417,-0.1140807247022429,-0.1019097007898872,0.11519874963921448,-0.08245357270387565,0.11248003942167027,0.16330047888444274,-0.013798678141648861,0.10849234838820762,-0.08003653870166298,0.16006811609010024,-0.0015486575956223671,-0.025690237857877267,0.03673215108088046,0.24879462388696202,0.11607641328683697,0.0010616143258098897,0.23824858716763062
