StartDate,EndDate,Status,IPAddress,Progress,Duration (in seconds),Finished,RecordedDate,ResponseId,RecipientLastName,RecipientFirstName,RecipientEmail,ExternalReference,LocationLatitude,LocationLongitude,DistributionChannel,UserLanguage,device_use,Q1,Q1_6_TEXT,Q2,Q2_4_TEXT,Q3,Q3_5_TEXT,Q4,Q4_2_TEXT,Q5,Q5_5_TEXT,Q6,Q7,Q7_4_TEXT,Q8,Q8_4_TEXT,Q183,Q9,Q9_5_TEXT,Q184,Q184_4_TEXT,Q10,Q10_5_TEXT,Q11,Q11_4_TEXT,Q12,Q12_4_TEXT,Q13,Q13_3_TEXT,Q20,1_Q1,1_Q1_6_TEXT,1_Q2,1_Q2_4_TEXT,1_Q3,1_Q3_5_TEXT,1_Q4,1_Q4_2_TEXT,1_Q5,1_Q5_35_TEXT,1_Q6,1_Q7,1_Q7_4_TEXT,1_Q8,1_Q8_4_TEXT,1_Q186,1_Q186_4_TEXT,1_Q9,1_Q9_5_TEXT,1_Q10,1_Q10_5_TEXT,1_Q11,1_Q11_4_TEXT,1_Q185,1_Q185_5_TEXT,1_Q12,1_Q12_4_TEXT,1_Q13,1_Q13_3_TEXT,2_Q1,2_Q1_6_TEXT,2_Q2,2_Q2_4_TEXT,2_Q3,2_Q3_5_TEXT,2_Q4,2_Q4_2_TEXT,2_Q5,2_Q5_35_TEXT,2_Q6,2_Q7,2_Q7_4_TEXT,2_Q8,2_Q8_4_TEXT,2_Q186,2_Q186_4_TEXT,2_Q9,2_Q9_5_TEXT,2_Q10,2_Q10_5_TEXT,2_Q11,2_Q11_4_TEXT,2_Q185,2_Q185_5_TEXT,2_Q12,2_Q12_4_TEXT,2_Q13,2_Q13_3_TEXT,3_Q1,3_Q1_6_TEXT,3_Q2,3_Q2_4_TEXT,3_Q3,3_Q3_5_TEXT,3_Q4,3_Q4_2_TEXT,3_Q5,3_Q5_35_TEXT,3_Q6,3_Q7,3_Q7_4_TEXT,3_Q8,3_Q8_4_TEXT,3_Q186,3_Q186_4_TEXT,3_Q9,3_Q9_5_TEXT,3_Q10,3_Q10_5_TEXT,3_Q11,3_Q11_4_TEXT,3_Q185,3_Q185_5_TEXT,3_Q12,3_Q12_4_TEXT,3_Q13,3_Q13_3_TEXT,4_Q1,4_Q1_6_TEXT,4_Q2,4_Q2_4_TEXT,4_Q3,4_Q3_5_TEXT,4_Q4,4_Q4_2_TEXT,4_Q5,4_Q5_35_TEXT,4_Q6,4_Q7,4_Q7_4_TEXT,4_Q8,4_Q8_4_TEXT,4_Q186,4_Q186_4_TEXT,4_Q9,4_Q9_5_TEXT,4_Q10,4_Q10_5_TEXT,4_Q11,4_Q11_4_TEXT,4_Q185,4_Q185_5_TEXT,4_Q12,4_Q12_4_TEXT,4_Q13,4_Q13_3_TEXT,5_Q1,5_Q1_6_TEXT,5_Q2,5_Q2_4_TEXT,5_Q3,5_Q3_5_TEXT,5_Q4,5_Q4_2_TEXT,5_Q5,5_Q5_35_TEXT,5_Q6,5_Q7,5_Q7_4_TEXT,5_Q8,5_Q8_4_TEXT,5_Q186,5_Q186_4_TEXT,5_Q9,5_Q9_5_TEXT,5_Q10,5_Q10_5_TEXT,5_Q11,5_Q11_4_TEXT,5_Q185,5_Q185_5_TEXT,5_Q12,5_Q12_4_TEXT,5_Q13,5_Q13_3_TEXT,6_Q1,6_Q1_6_TEXT,6_Q2,6_Q2_4_TEXT,6_Q3,6_Q3_5_TEXT,6_Q4,6_Q4_2_TEXT,6_Q5,6_Q5_35_TEXT,6_Q6,6_Q7,6_Q7_4_TEXT,6_Q8,6_Q8_4_TEXT,6_Q186,6_Q186_4_TEXT,6_Q9,6_Q9_5_TEXT,6_Q10,6_Q10_5_TEXT,6_Q11,6_Q11_4_TEXT,6_Q185,6_Q185_5_TEXT,6_Q12,6_Q12_4_TEXT,6_Q13,6_Q13_3_TEXT,Q37,Q38,Q39,Q40,Q41,Q41_7_TEXT,Q42,Random_ID,scenario
Start Date,End Date,Response Type,IP Address,Progress,Duration (in seconds),Finished,Recorded Date,Response ID,Recipient Last Name,Recipient First Name,Recipient Email,External Data Reference,Location Latitude,Location Longitude,Distribution Channel,User Language,Which of these smart devices have you owned for atleast 6 months that you also use at least once a week:,Which of the following type of interactions would you like to use to perform this task? - Selected Choice,"Which of the following type of interactions would you like to use to perform this task? - others, please specify - Text","How would you like to multitask (i.e., use/view other applications) on any device of your choice while executing this task? - Selected Choice","How would you like to multitask (i.e., use/view other applications) on any device of your choice while executing this task? - Please specify, if there are any other device features through which you would like to simultaneously perform another task. - Text","Which aspects of any of
the device(s) would make it easier for you to use them for this task? - Selected Choice","Which aspects of any of
the device(s) would make it easier for you to use them for this task? - If there is any other feature that would make it easy for you to use any device for this task, please specify  - Text",What aspects of mobility do you expect to have for performing this task? - Selected Choice,"What aspects of mobility do you expect to have for performing this task? - If anything else, please specify - Text",What level of accuracy do you expect any of the device(s) to achieve for executing this task? - Selected Choice,"What level of accuracy do you expect any of the device(s) to achieve for executing this task? - If there are other factors you consider when thinking about the accuracy of the device(s) related to this task, please specify - Text",When would you desire to have an option of providing or changing any task related information on any of your device(s) while performing this task?,Which of the following features would help you in developing trust on any of your device(s) to be able to perform this task on it ? - Selected Choice,"Which of the following features would help you in developing trust on any of your device(s) to be able to perform this task on it ? - If anything else, please specify - Text",What sort of personalization or customizability do you expect to have from any your device(s) while performing this task? - Selected Choice,"What sort of personalization or customizability do you expect to have from any your device(s) while performing this task? - If anything else, please specify - Text",alt_p1_2,Which of the following do you expect to have in any of your device(s) to help you understand the features as you use them to perform this task? - Selected Choice,"Which of the following do you expect to have in any of your device(s) to help you understand the features as you use them to perform this task? - If  anything else, please specify - Text",alt_p1_1 - Selected Choice,"alt_p1_1 - If there is any other design component that helps you, please specify - Text",How would you expect any of your  device(s)  to provide feedback or respond to your actions as you perform this task? - Selected Choice,"How would you expect any of your  device(s)  to provide feedback or respond to your actions as you perform this task? - If through anything else, please specify  - Text",Which of the following design features would help you develop an intuition before you decide how to complete this task on any of the  device(s)? - Selected Choice,"Which of the following design features would help you develop an intuition before you decide how to complete this task on any of the  device(s)? - If there is any other design component that helps you, please specify - Text",Which of these maintenance features affect your decision to use any of the device(s) to perform this task? - Selected Choice,"Which of these maintenance features affect your decision to use any of the device(s) to perform this task? - If there are  any other features, please specify  - Text",Which of the following would you like to be able to additionally connect/download to/on your device(s) to execute the task? - Selected Choice,"Which of the following would you like to be able to additionally connect/download to/on your device(s) to execute the task? - If anything else, please specify - Text",Please  select the devices that you would you use for the above task:,Which of the following type of interactions do you use while executing a command on [Field-1]? - Laptop - Which of the following type of interactions do you use while executing a command on [Field-1]? - Selected Choice,"Which of the following type of interactions do you use while executing a command on [Field-1]? - Laptop - If anything else, please specify - Text","How do you multitask (i.e.,use other functionalities) on [Field-1] while executing this task? - Laptop - How do you multitask (i.e.,use other functionalities) on [Field-1] while executing this task? - Selected Choice","How do you multitask (i.e.,use other functionalities) on [Field-1] while executing this task? - Laptop - Please specify, if there are any other device features through which you will simultaneously perform another task on the device - Text",Which  aspects of [Field-1] makes it easy for you to use it for this task? - Laptop - Which  aspects of [Field-1] makes it easy for you to use it for this task? - Selected Choice,"Which  aspects of [Field-1] makes it easy for you to use it for this task? - Laptop - If there is any other feature of the device that makes it easy to use it for specified task, please specify  - Text",Which aspects of mobility does [Field-1]  provide as you perform this task? - Laptop - Which aspects of mobility does [Field-1]  provide as you perform this task? - Selected Choice,"Which aspects of mobility does [Field-1]  provide as you perform this task? - Laptop - If anything else, please specify - Text",What level of accuracy does your [Field-1] provide when executing the task? - Laptop - What level of accuracy does your [Field-1] provide when executing the task? - Selected Choice,"What level of accuracy does your [Field-1] provide when executing the task? - Laptop - If there are other factors you consider when thinking about the accuracy of the device related to this task, please specify - Text",Laptop - When does your [Field-1] give you an option of providing or changing any task related information to perform this task?,Which of the following features help you in reaching the desired level of trust to perform this task on [Field-1]? - Laptop - Which of the following features help you in reaching the desired level of trust to perform this task on [Field-1]? - Selected Choice,"Which of the following features help you in reaching the desired level of trust to perform this task on [Field-1]? - Laptop - If anything else, please specify - Text",What level of personalized communication does your [Field-1] provide while performing this task? - Laptop - What level of personalized communication does your [Field-1] provide while performing this task? - Selected Choice,"What level of personalized communication does your [Field-1] provide while performing this task? - Laptop - If anything else, please specify - Text",alt_p2_2 - Laptop - alt_p2_2 - Selected Choice,"alt_p2_2 - Laptop - If anything else, please specify - Text",How does your [Field-1] help you understand the features that you use to perform this task? - Laptop - How does your [Field-1] help you understand the features that you use to perform this task? - Selected Choice,"How does your [Field-1] help you understand the features that you use to perform this task? - Laptop - If through anything else, please specify - Text",How does [Field-1] provide feedback or respond to your actions as you execute the task? - Laptop - How does [Field-1] provide feedback or respond to your actions as you execute the task? - Selected Choice,"How does [Field-1] provide feedback or respond to your actions as you execute the task? - Laptop - If through anything else, please specify  - Text",Which of the following design components on your [Field-1] help you to develop an intuition before you decide how to complete this task? - Laptop - Which of the following design components on your [Field-1] help you to develop an intuition before you decide how to complete this task? - Selected Choice,"Which of the following design components on your [Field-1] help you to develop an intuition before you decide how to complete this task? - Laptop - If there is any other design component that helps you, please specify - Text",alt_p2_1 - Laptop - alt_p2_1 - Selected Choice,"alt_p2_1 - Laptop - If through anything else, please specify  - Text",Which of these maintenance features in [Field-1] affect you as you perform this task on it? - Laptop - Which of these maintenance features in [Field-1] affect you as you perform this task on it? - Selected Choice,"Which of these maintenance features in [Field-1] affect you as you perform this task on it? - Laptop - If there are  any other features, please specify - Text","Which of the additional
artifacts do you connect/download on your [Field-1] to execute the task? - Laptop - Which of the additional
artifacts do you connect/download on your [Field-1] to execute the task? - Selected Choice","Which of the additional
artifacts do you connect/download on your [Field-1] to execute the task? - Laptop - If anything else, please specify  - Text",Which of the following type of interactions do you use while executing a command on [Field-1]? - Smart Phone - Which of the following type of interactions do you use while executing a command on [Field-1]? - Selected Choice,"Which of the following type of interactions do you use while executing a command on [Field-1]? - Smart Phone - If anything else, please specify - Text","How do you multitask (i.e.,use other functionalities) on [Field-1] while executing this task? - Smart Phone - How do you multitask (i.e.,use other functionalities) on [Field-1] while executing this task? - Selected Choice","How do you multitask (i.e.,use other functionalities) on [Field-1] while executing this task? - Smart Phone - Please specify, if there are any other device features through which you will simultaneously perform another task on the device - Text",Which  aspects of [Field-1] makes it easy for you to use it for this task? - Smart Phone - Which  aspects of [Field-1] makes it easy for you to use it for this task? - Selected Choice,"Which  aspects of [Field-1] makes it easy for you to use it for this task? - Smart Phone - If there is any other feature of the device that makes it easy to use it for specified task, please specify  - Text",Which aspects of mobility does [Field-1]  provide as you perform this task? - Smart Phone - Which aspects of mobility does [Field-1]  provide as you perform this task? - Selected Choice,"Which aspects of mobility does [Field-1]  provide as you perform this task? - Smart Phone - If anything else, please specify - Text",What level of accuracy does your [Field-1] provide when executing the task? - Smart Phone - What level of accuracy does your [Field-1] provide when executing the task? - Selected Choice,"What level of accuracy does your [Field-1] provide when executing the task? - Smart Phone - If there are other factors you consider when thinking about the accuracy of the device related to this task, please specify - Text",Smart Phone - When does your [Field-1] give you an option of providing or changing any task related information to perform this task?,Which of the following features help you in reaching the desired level of trust to perform this task on [Field-1]? - Smart Phone - Which of the following features help you in reaching the desired level of trust to perform this task on [Field-1]? - Selected Choice,"Which of the following features help you in reaching the desired level of trust to perform this task on [Field-1]? - Smart Phone - If anything else, please specify - Text",What level of personalized communication does your [Field-1] provide while performing this task? - Smart Phone - What level of personalized communication does your [Field-1] provide while performing this task? - Selected Choice,"What level of personalized communication does your [Field-1] provide while performing this task? - Smart Phone - If anything else, please specify - Text",alt_p2_2 - Smart Phone - alt_p2_2 - Selected Choice,"alt_p2_2 - Smart Phone - If anything else, please specify - Text",How does your [Field-1] help you understand the features that you use to perform this task? - Smart Phone - How does your [Field-1] help you understand the features that you use to perform this task? - Selected Choice,"How does your [Field-1] help you understand the features that you use to perform this task? - Smart Phone - If through anything else, please specify - Text",How does [Field-1] provide feedback or respond to your actions as you execute the task? - Smart Phone - How does [Field-1] provide feedback or respond to your actions as you execute the task? - Selected Choice,"How does [Field-1] provide feedback or respond to your actions as you execute the task? - Smart Phone - If through anything else, please specify  - Text",Which of the following design components on your [Field-1] help you to develop an intuition before you decide how to complete this task? - Smart Phone - Which of the following design components on your [Field-1] help you to develop an intuition before you decide how to complete this task? - Selected Choice,"Which of the following design components on your [Field-1] help you to develop an intuition before you decide how to complete this task? - Smart Phone - If there is any other design component that helps you, please specify - Text",alt_p2_1 - Smart Phone - alt_p2_1 - Selected Choice,"alt_p2_1 - Smart Phone - If through anything else, please specify  - Text",Which of these maintenance features in [Field-1] affect you as you perform this task on it? - Smart Phone - Which of these maintenance features in [Field-1] affect you as you perform this task on it? - Selected Choice,"Which of these maintenance features in [Field-1] affect you as you perform this task on it? - Smart Phone - If there are  any other features, please specify - Text","Which of the additional
artifacts do you connect/download on your [Field-1] to execute the task? - Smart Phone - Which of the additional
artifacts do you connect/download on your [Field-1] to execute the task? - Selected Choice","Which of the additional
artifacts do you connect/download on your [Field-1] to execute the task? - Smart Phone - If anything else, please specify  - Text",Which of the following type of interactions do you use while executing a command on [Field-1]? - Desktop Computer - Which of the following type of interactions do you use while executing a command on [Field-1]? - Selected Choice,"Which of the following type of interactions do you use while executing a command on [Field-1]? - Desktop Computer - If anything else, please specify - Text","How do you multitask (i.e.,use other functionalities) on [Field-1] while executing this task? - Desktop Computer - How do you multitask (i.e.,use other functionalities) on [Field-1] while executing this task? - Selected Choice","How do you multitask (i.e.,use other functionalities) on [Field-1] while executing this task? - Desktop Computer - Please specify, if there are any other device features through which you will simultaneously perform another task on the device - Text",Which  aspects of [Field-1] makes it easy for you to use it for this task? - Desktop Computer - Which  aspects of [Field-1] makes it easy for you to use it for this task? - Selected Choice,"Which  aspects of [Field-1] makes it easy for you to use it for this task? - Desktop Computer - If there is any other feature of the device that makes it easy to use it for specified task, please specify  - Text",Which aspects of mobility does [Field-1]  provide as you perform this task? - Desktop Computer - Which aspects of mobility does [Field-1]  provide as you perform this task? - Selected Choice,"Which aspects of mobility does [Field-1]  provide as you perform this task? - Desktop Computer - If anything else, please specify - Text",What level of accuracy does your [Field-1] provide when executing the task? - Desktop Computer - What level of accuracy does your [Field-1] provide when executing the task? - Selected Choice,"What level of accuracy does your [Field-1] provide when executing the task? - Desktop Computer - If there are other factors you consider when thinking about the accuracy of the device related to this task, please specify - Text",Desktop Computer - When does your [Field-1] give you an option of providing or changing any task related information to perform this task?,Which of the following features help you in reaching the desired level of trust to perform this task on [Field-1]? - Desktop Computer - Which of the following features help you in reaching the desired level of trust to perform this task on [Field-1]? - Selected Choice,"Which of the following features help you in reaching the desired level of trust to perform this task on [Field-1]? - Desktop Computer - If anything else, please specify - Text",What level of personalized communication does your [Field-1] provide while performing this task? - Desktop Computer - What level of personalized communication does your [Field-1] provide while performing this task? - Selected Choice,"What level of personalized communication does your [Field-1] provide while performing this task? - Desktop Computer - If anything else, please specify - Text",alt_p2_2 - Desktop Computer - alt_p2_2 - Selected Choice,"alt_p2_2 - Desktop Computer - If anything else, please specify - Text",How does your [Field-1] help you understand the features that you use to perform this task? - Desktop Computer - How does your [Field-1] help you understand the features that you use to perform this task? - Selected Choice,"How does your [Field-1] help you understand the features that you use to perform this task? - Desktop Computer - If through anything else, please specify - Text",How does [Field-1] provide feedback or respond to your actions as you execute the task? - Desktop Computer - How does [Field-1] provide feedback or respond to your actions as you execute the task? - Selected Choice,"How does [Field-1] provide feedback or respond to your actions as you execute the task? - Desktop Computer - If through anything else, please specify  - Text",Which of the following design components on your [Field-1] help you to develop an intuition before you decide how to complete this task? - Desktop Computer - Which of the following design components on your [Field-1] help you to develop an intuition before you decide how to complete this task? - Selected Choice,"Which of the following design components on your [Field-1] help you to develop an intuition before you decide how to complete this task? - Desktop Computer - If there is any other design component that helps you, please specify - Text",alt_p2_1 - Desktop Computer - alt_p2_1 - Selected Choice,"alt_p2_1 - Desktop Computer - If through anything else, please specify  - Text",Which of these maintenance features in [Field-1] affect you as you perform this task on it? - Desktop Computer - Which of these maintenance features in [Field-1] affect you as you perform this task on it? - Selected Choice,"Which of these maintenance features in [Field-1] affect you as you perform this task on it? - Desktop Computer - If there are  any other features, please specify - Text","Which of the additional
artifacts do you connect/download on your [Field-1] to execute the task? - Desktop Computer - Which of the additional
artifacts do you connect/download on your [Field-1] to execute the task? - Selected Choice","Which of the additional
artifacts do you connect/download on your [Field-1] to execute the task? - Desktop Computer - If anything else, please specify  - Text",Which of the following type of interactions do you use while executing a command on [Field-1]? - Tablet - Which of the following type of interactions do you use while executing a command on [Field-1]? - Selected Choice,"Which of the following type of interactions do you use while executing a command on [Field-1]? - Tablet - If anything else, please specify - Text","How do you multitask (i.e.,use other functionalities) on [Field-1] while executing this task? - Tablet - How do you multitask (i.e.,use other functionalities) on [Field-1] while executing this task? - Selected Choice","How do you multitask (i.e.,use other functionalities) on [Field-1] while executing this task? - Tablet - Please specify, if there are any other device features through which you will simultaneously perform another task on the device - Text",Which  aspects of [Field-1] makes it easy for you to use it for this task? - Tablet - Which  aspects of [Field-1] makes it easy for you to use it for this task? - Selected Choice,"Which  aspects of [Field-1] makes it easy for you to use it for this task? - Tablet - If there is any other feature of the device that makes it easy to use it for specified task, please specify  - Text",Which aspects of mobility does [Field-1]  provide as you perform this task? - Tablet - Which aspects of mobility does [Field-1]  provide as you perform this task? - Selected Choice,"Which aspects of mobility does [Field-1]  provide as you perform this task? - Tablet - If anything else, please specify - Text",What level of accuracy does your [Field-1] provide when executing the task? - Tablet - What level of accuracy does your [Field-1] provide when executing the task? - Selected Choice,"What level of accuracy does your [Field-1] provide when executing the task? - Tablet - If there are other factors you consider when thinking about the accuracy of the device related to this task, please specify - Text",Tablet - When does your [Field-1] give you an option of providing or changing any task related information to perform this task?,Which of the following features help you in reaching the desired level of trust to perform this task on [Field-1]? - Tablet - Which of the following features help you in reaching the desired level of trust to perform this task on [Field-1]? - Selected Choice,"Which of the following features help you in reaching the desired level of trust to perform this task on [Field-1]? - Tablet - If anything else, please specify - Text",What level of personalized communication does your [Field-1] provide while performing this task? - Tablet - What level of personalized communication does your [Field-1] provide while performing this task? - Selected Choice,"What level of personalized communication does your [Field-1] provide while performing this task? - Tablet - If anything else, please specify - Text",alt_p2_2 - Tablet - alt_p2_2 - Selected Choice,"alt_p2_2 - Tablet - If anything else, please specify - Text",How does your [Field-1] help you understand the features that you use to perform this task? - Tablet - How does your [Field-1] help you understand the features that you use to perform this task? - Selected Choice,"How does your [Field-1] help you understand the features that you use to perform this task? - Tablet - If through anything else, please specify - Text",How does [Field-1] provide feedback or respond to your actions as you execute the task? - Tablet - How does [Field-1] provide feedback or respond to your actions as you execute the task? - Selected Choice,"How does [Field-1] provide feedback or respond to your actions as you execute the task? - Tablet - If through anything else, please specify  - Text",Which of the following design components on your [Field-1] help you to develop an intuition before you decide how to complete this task? - Tablet - Which of the following design components on your [Field-1] help you to develop an intuition before you decide how to complete this task? - Selected Choice,"Which of the following design components on your [Field-1] help you to develop an intuition before you decide how to complete this task? - Tablet - If there is any other design component that helps you, please specify - Text",alt_p2_1 - Tablet - alt_p2_1 - Selected Choice,"alt_p2_1 - Tablet - If through anything else, please specify  - Text",Which of these maintenance features in [Field-1] affect you as you perform this task on it? - Tablet - Which of these maintenance features in [Field-1] affect you as you perform this task on it? - Selected Choice,"Which of these maintenance features in [Field-1] affect you as you perform this task on it? - Tablet - If there are  any other features, please specify - Text","Which of the additional
artifacts do you connect/download on your [Field-1] to execute the task? - Tablet - Which of the additional
artifacts do you connect/download on your [Field-1] to execute the task? - Selected Choice","Which of the additional
artifacts do you connect/download on your [Field-1] to execute the task? - Tablet - If anything else, please specify  - Text",Which of the following type of interactions do you use while executing a command on [Field-1]? - Smart Speaker - Which of the following type of interactions do you use while executing a command on [Field-1]? - Selected Choice,"Which of the following type of interactions do you use while executing a command on [Field-1]? - Smart Speaker - If anything else, please specify - Text","How do you multitask (i.e.,use other functionalities) on [Field-1] while executing this task? - Smart Speaker - How do you multitask (i.e.,use other functionalities) on [Field-1] while executing this task? - Selected Choice","How do you multitask (i.e.,use other functionalities) on [Field-1] while executing this task? - Smart Speaker - Please specify, if there are any other device features through which you will simultaneously perform another task on the device - Text",Which  aspects of [Field-1] makes it easy for you to use it for this task? - Smart Speaker - Which  aspects of [Field-1] makes it easy for you to use it for this task? - Selected Choice,"Which  aspects of [Field-1] makes it easy for you to use it for this task? - Smart Speaker - If there is any other feature of the device that makes it easy to use it for specified task, please specify  - Text",Which aspects of mobility does [Field-1]  provide as you perform this task? - Smart Speaker - Which aspects of mobility does [Field-1]  provide as you perform this task? - Selected Choice,"Which aspects of mobility does [Field-1]  provide as you perform this task? - Smart Speaker - If anything else, please specify - Text",What level of accuracy does your [Field-1] provide when executing the task? - Smart Speaker - What level of accuracy does your [Field-1] provide when executing the task? - Selected Choice,"What level of accuracy does your [Field-1] provide when executing the task? - Smart Speaker - If there are other factors you consider when thinking about the accuracy of the device related to this task, please specify - Text",Smart Speaker - When does your [Field-1] give you an option of providing or changing any task related information to perform this task?,Which of the following features help you in reaching the desired level of trust to perform this task on [Field-1]? - Smart Speaker - Which of the following features help you in reaching the desired level of trust to perform this task on [Field-1]? - Selected Choice,"Which of the following features help you in reaching the desired level of trust to perform this task on [Field-1]? - Smart Speaker - If anything else, please specify - Text",What level of personalized communication does your [Field-1] provide while performing this task? - Smart Speaker - What level of personalized communication does your [Field-1] provide while performing this task? - Selected Choice,"What level of personalized communication does your [Field-1] provide while performing this task? - Smart Speaker - If anything else, please specify - Text",alt_p2_2 - Smart Speaker - alt_p2_2 - Selected Choice,"alt_p2_2 - Smart Speaker - If anything else, please specify - Text",How does your [Field-1] help you understand the features that you use to perform this task? - Smart Speaker - How does your [Field-1] help you understand the features that you use to perform this task? - Selected Choice,"How does your [Field-1] help you understand the features that you use to perform this task? - Smart Speaker - If through anything else, please specify - Text",How does [Field-1] provide feedback or respond to your actions as you execute the task? - Smart Speaker - How does [Field-1] provide feedback or respond to your actions as you execute the task? - Selected Choice,"How does [Field-1] provide feedback or respond to your actions as you execute the task? - Smart Speaker - If through anything else, please specify  - Text",Which of the following design components on your [Field-1] help you to develop an intuition before you decide how to complete this task? - Smart Speaker - Which of the following design components on your [Field-1] help you to develop an intuition before you decide how to complete this task? - Selected Choice,"Which of the following design components on your [Field-1] help you to develop an intuition before you decide how to complete this task? - Smart Speaker - If there is any other design component that helps you, please specify - Text",alt_p2_1 - Smart Speaker - alt_p2_1 - Selected Choice,"alt_p2_1 - Smart Speaker - If through anything else, please specify  - Text",Which of these maintenance features in [Field-1] affect you as you perform this task on it? - Smart Speaker - Which of these maintenance features in [Field-1] affect you as you perform this task on it? - Selected Choice,"Which of these maintenance features in [Field-1] affect you as you perform this task on it? - Smart Speaker - If there are  any other features, please specify - Text","Which of the additional
artifacts do you connect/download on your [Field-1] to execute the task? - Smart Speaker - Which of the additional
artifacts do you connect/download on your [Field-1] to execute the task? - Selected Choice","Which of the additional
artifacts do you connect/download on your [Field-1] to execute the task? - Smart Speaker - If anything else, please specify  - Text",Which of the following type of interactions do you use while executing a command on [Field-1]? - Smart Watch - Which of the following type of interactions do you use while executing a command on [Field-1]? - Selected Choice,"Which of the following type of interactions do you use while executing a command on [Field-1]? - Smart Watch - If anything else, please specify - Text","How do you multitask (i.e.,use other functionalities) on [Field-1] while executing this task? - Smart Watch - How do you multitask (i.e.,use other functionalities) on [Field-1] while executing this task? - Selected Choice","How do you multitask (i.e.,use other functionalities) on [Field-1] while executing this task? - Smart Watch - Please specify, if there are any other device features through which you will simultaneously perform another task on the device - Text",Which  aspects of [Field-1] makes it easy for you to use it for this task? - Smart Watch - Which  aspects of [Field-1] makes it easy for you to use it for this task? - Selected Choice,"Which  aspects of [Field-1] makes it easy for you to use it for this task? - Smart Watch - If there is any other feature of the device that makes it easy to use it for specified task, please specify  - Text",Which aspects of mobility does [Field-1]  provide as you perform this task? - Smart Watch - Which aspects of mobility does [Field-1]  provide as you perform this task? - Selected Choice,"Which aspects of mobility does [Field-1]  provide as you perform this task? - Smart Watch - If anything else, please specify - Text",What level of accuracy does your [Field-1] provide when executing the task? - Smart Watch - What level of accuracy does your [Field-1] provide when executing the task? - Selected Choice,"What level of accuracy does your [Field-1] provide when executing the task? - Smart Watch - If there are other factors you consider when thinking about the accuracy of the device related to this task, please specify - Text",Smart Watch - When does your [Field-1] give you an option of providing or changing any task related information to perform this task?,Which of the following features help you in reaching the desired level of trust to perform this task on [Field-1]? - Smart Watch - Which of the following features help you in reaching the desired level of trust to perform this task on [Field-1]? - Selected Choice,"Which of the following features help you in reaching the desired level of trust to perform this task on [Field-1]? - Smart Watch - If anything else, please specify - Text",What level of personalized communication does your [Field-1] provide while performing this task? - Smart Watch - What level of personalized communication does your [Field-1] provide while performing this task? - Selected Choice,"What level of personalized communication does your [Field-1] provide while performing this task? - Smart Watch - If anything else, please specify - Text",alt_p2_2 - Smart Watch - alt_p2_2 - Selected Choice,"alt_p2_2 - Smart Watch - If anything else, please specify - Text",How does your [Field-1] help you understand the features that you use to perform this task? - Smart Watch - How does your [Field-1] help you understand the features that you use to perform this task? - Selected Choice,"How does your [Field-1] help you understand the features that you use to perform this task? - Smart Watch - If through anything else, please specify - Text",How does [Field-1] provide feedback or respond to your actions as you execute the task? - Smart Watch - How does [Field-1] provide feedback or respond to your actions as you execute the task? - Selected Choice,"How does [Field-1] provide feedback or respond to your actions as you execute the task? - Smart Watch - If through anything else, please specify  - Text",Which of the following design components on your [Field-1] help you to develop an intuition before you decide how to complete this task? - Smart Watch - Which of the following design components on your [Field-1] help you to develop an intuition before you decide how to complete this task? - Selected Choice,"Which of the following design components on your [Field-1] help you to develop an intuition before you decide how to complete this task? - Smart Watch - If there is any other design component that helps you, please specify - Text",alt_p2_1 - Smart Watch - alt_p2_1 - Selected Choice,"alt_p2_1 - Smart Watch - If through anything else, please specify  - Text",Which of these maintenance features in [Field-1] affect you as you perform this task on it? - Smart Watch - Which of these maintenance features in [Field-1] affect you as you perform this task on it? - Selected Choice,"Which of these maintenance features in [Field-1] affect you as you perform this task on it? - Smart Watch - If there are  any other features, please specify - Text","Which of the additional
artifacts do you connect/download on your [Field-1] to execute the task? - Smart Watch - Which of the additional
artifacts do you connect/download on your [Field-1] to execute the task? - Selected Choice","Which of the additional
artifacts do you connect/download on your [Field-1] to execute the task? - Smart Watch - If anything else, please specify  - Text",Please specify the gender you most identify yourself with:,Please specify your age:,What is your current occupation:,What is the highest level of education you have?,How would you identify your race/ethnicity? - Selected Choice,How would you identify your race/ethnicity? - Other: - Text,What is your household's estimated yearly income?,Random_ID,scenario
"{""ImportId"":""startDate"",""timeZone"":""America/Denver""}","{""ImportId"":""endDate"",""timeZone"":""America/Denver""}","{""ImportId"":""status""}","{""ImportId"":""ipAddress""}","{""ImportId"":""progress""}","{""ImportId"":""duration""}","{""ImportId"":""finished""}","{""ImportId"":""recordedDate"",""timeZone"":""America/Denver""}","{""ImportId"":""_recordId""}","{""ImportId"":""recipientLastName""}","{""ImportId"":""recipientFirstName""}","{""ImportId"":""recipientEmail""}","{""ImportId"":""externalDataReference""}","{""ImportId"":""locationLatitude""}","{""ImportId"":""locationLongitude""}","{""ImportId"":""distributionChannel""}","{""ImportId"":""userLanguage""}","{""ImportId"":""QID3""}","{""ImportId"":""QID5""}","{""ImportId"":""QID5_6_TEXT""}","{""ImportId"":""QID8""}","{""ImportId"":""QID8_4_TEXT""}","{""ImportId"":""QID9""}","{""ImportId"":""QID9_5_TEXT""}","{""ImportId"":""QID10""}","{""ImportId"":""QID10_2_TEXT""}","{""ImportId"":""QID11""}","{""ImportId"":""QID11_5_TEXT""}","{""ImportId"":""QID12""}","{""ImportId"":""QID13""}","{""ImportId"":""QID13_4_TEXT""}","{""ImportId"":""QID14""}","{""ImportId"":""QID14_4_TEXT""}","{""ImportId"":""QID1501""}","{""ImportId"":""QID15""}","{""ImportId"":""QID15_5_TEXT""}","{""ImportId"":""QID1502""}","{""ImportId"":""QID1502_4_TEXT""}","{""ImportId"":""QID16""}","{""ImportId"":""QID16_5_TEXT""}","{""ImportId"":""QID17""}","{""ImportId"":""QID17_4_TEXT""}","{""ImportId"":""QID18""}","{""ImportId"":""QID18_4_TEXT""}","{""ImportId"":""QID19""}","{""ImportId"":""QID19_3_TEXT""}","{""ImportId"":""QID20""}","{""ImportId"":""1_QID22""}","{""ImportId"":""1_QID22_6_TEXT""}","{""ImportId"":""1_QID23""}","{""ImportId"":""1_QID23_4_TEXT""}","{""ImportId"":""1_QID24""}","{""ImportId"":""1_QID24_5_TEXT""}","{""ImportId"":""1_QID25""}","{""ImportId"":""1_QID25_2_TEXT""}","{""ImportId"":""1_QID26""}","{""ImportId"":""1_QID26_35_TEXT""}","{""ImportId"":""1_QID27""}","{""ImportId"":""1_QID28""}","{""ImportId"":""1_QID28_4_TEXT""}","{""ImportId"":""1_QID29""}","{""ImportId"":""1_QID29_4_TEXT""}","{""ImportId"":""1_QID1504""}","{""ImportId"":""1_QID1504_4_TEXT""}","{""ImportId"":""1_QID30""}","{""ImportId"":""1_QID30_5_TEXT""}","{""ImportId"":""1_QID31""}","{""ImportId"":""1_QID31_5_TEXT""}","{""ImportId"":""1_QID32""}","{""ImportId"":""1_QID32_4_TEXT""}","{""ImportId"":""1_QID1503""}","{""ImportId"":""1_QID1503_5_TEXT""}","{""ImportId"":""1_QID33""}","{""ImportId"":""1_QID33_4_TEXT""}","{""ImportId"":""1_QID34""}","{""ImportId"":""1_QID34_3_TEXT""}","{""ImportId"":""2_QID22""}","{""ImportId"":""2_QID22_6_TEXT""}","{""ImportId"":""2_QID23""}","{""ImportId"":""2_QID23_4_TEXT""}","{""ImportId"":""2_QID24""}","{""ImportId"":""2_QID24_5_TEXT""}","{""ImportId"":""2_QID25""}","{""ImportId"":""2_QID25_2_TEXT""}","{""ImportId"":""2_QID26""}","{""ImportId"":""2_QID26_35_TEXT""}","{""ImportId"":""2_QID27""}","{""ImportId"":""2_QID28""}","{""ImportId"":""2_QID28_4_TEXT""}","{""ImportId"":""2_QID29""}","{""ImportId"":""2_QID29_4_TEXT""}","{""ImportId"":""2_QID1504""}","{""ImportId"":""2_QID1504_4_TEXT""}","{""ImportId"":""2_QID30""}","{""ImportId"":""2_QID30_5_TEXT""}","{""ImportId"":""2_QID31""}","{""ImportId"":""2_QID31_5_TEXT""}","{""ImportId"":""2_QID32""}","{""ImportId"":""2_QID32_4_TEXT""}","{""ImportId"":""2_QID1503""}","{""ImportId"":""2_QID1503_5_TEXT""}","{""ImportId"":""2_QID33""}","{""ImportId"":""2_QID33_4_TEXT""}","{""ImportId"":""2_QID34""}","{""ImportId"":""2_QID34_3_TEXT""}","{""ImportId"":""3_QID22""}","{""ImportId"":""3_QID22_6_TEXT""}","{""ImportId"":""3_QID23""}","{""ImportId"":""3_QID23_4_TEXT""}","{""ImportId"":""3_QID24""}","{""ImportId"":""3_QID24_5_TEXT""}","{""ImportId"":""3_QID25""}","{""ImportId"":""3_QID25_2_TEXT""}","{""ImportId"":""3_QID26""}","{""ImportId"":""3_QID26_35_TEXT""}","{""ImportId"":""3_QID27""}","{""ImportId"":""3_QID28""}","{""ImportId"":""3_QID28_4_TEXT""}","{""ImportId"":""3_QID29""}","{""ImportId"":""3_QID29_4_TEXT""}","{""ImportId"":""3_QID1504""}","{""ImportId"":""3_QID1504_4_TEXT""}","{""ImportId"":""3_QID30""}","{""ImportId"":""3_QID30_5_TEXT""}","{""ImportId"":""3_QID31""}","{""ImportId"":""3_QID31_5_TEXT""}","{""ImportId"":""3_QID32""}","{""ImportId"":""3_QID32_4_TEXT""}","{""ImportId"":""3_QID1503""}","{""ImportId"":""3_QID1503_5_TEXT""}","{""ImportId"":""3_QID33""}","{""ImportId"":""3_QID33_4_TEXT""}","{""ImportId"":""3_QID34""}","{""ImportId"":""3_QID34_3_TEXT""}","{""ImportId"":""4_QID22""}","{""ImportId"":""4_QID22_6_TEXT""}","{""ImportId"":""4_QID23""}","{""ImportId"":""4_QID23_4_TEXT""}","{""ImportId"":""4_QID24""}","{""ImportId"":""4_QID24_5_TEXT""}","{""ImportId"":""4_QID25""}","{""ImportId"":""4_QID25_2_TEXT""}","{""ImportId"":""4_QID26""}","{""ImportId"":""4_QID26_35_TEXT""}","{""ImportId"":""4_QID27""}","{""ImportId"":""4_QID28""}","{""ImportId"":""4_QID28_4_TEXT""}","{""ImportId"":""4_QID29""}","{""ImportId"":""4_QID29_4_TEXT""}","{""ImportId"":""4_QID1504""}","{""ImportId"":""4_QID1504_4_TEXT""}","{""ImportId"":""4_QID30""}","{""ImportId"":""4_QID30_5_TEXT""}","{""ImportId"":""4_QID31""}","{""ImportId"":""4_QID31_5_TEXT""}","{""ImportId"":""4_QID32""}","{""ImportId"":""4_QID32_4_TEXT""}","{""ImportId"":""4_QID1503""}","{""ImportId"":""4_QID1503_5_TEXT""}","{""ImportId"":""4_QID33""}","{""ImportId"":""4_QID33_4_TEXT""}","{""ImportId"":""4_QID34""}","{""ImportId"":""4_QID34_3_TEXT""}","{""ImportId"":""5_QID22""}","{""ImportId"":""5_QID22_6_TEXT""}","{""ImportId"":""5_QID23""}","{""ImportId"":""5_QID23_4_TEXT""}","{""ImportId"":""5_QID24""}","{""ImportId"":""5_QID24_5_TEXT""}","{""ImportId"":""5_QID25""}","{""ImportId"":""5_QID25_2_TEXT""}","{""ImportId"":""5_QID26""}","{""ImportId"":""5_QID26_35_TEXT""}","{""ImportId"":""5_QID27""}","{""ImportId"":""5_QID28""}","{""ImportId"":""5_QID28_4_TEXT""}","{""ImportId"":""5_QID29""}","{""ImportId"":""5_QID29_4_TEXT""}","{""ImportId"":""5_QID1504""}","{""ImportId"":""5_QID1504_4_TEXT""}","{""ImportId"":""5_QID30""}","{""ImportId"":""5_QID30_5_TEXT""}","{""ImportId"":""5_QID31""}","{""ImportId"":""5_QID31_5_TEXT""}","{""ImportId"":""5_QID32""}","{""ImportId"":""5_QID32_4_TEXT""}","{""ImportId"":""5_QID1503""}","{""ImportId"":""5_QID1503_5_TEXT""}","{""ImportId"":""5_QID33""}","{""ImportId"":""5_QID33_4_TEXT""}","{""ImportId"":""5_QID34""}","{""ImportId"":""5_QID34_3_TEXT""}","{""ImportId"":""6_QID22""}","{""ImportId"":""6_QID22_6_TEXT""}","{""ImportId"":""6_QID23""}","{""ImportId"":""6_QID23_4_TEXT""}","{""ImportId"":""6_QID24""}","{""ImportId"":""6_QID24_5_TEXT""}","{""ImportId"":""6_QID25""}","{""ImportId"":""6_QID25_2_TEXT""}","{""ImportId"":""6_QID26""}","{""ImportId"":""6_QID26_35_TEXT""}","{""ImportId"":""6_QID27""}","{""ImportId"":""6_QID28""}","{""ImportId"":""6_QID28_4_TEXT""}","{""ImportId"":""6_QID29""}","{""ImportId"":""6_QID29_4_TEXT""}","{""ImportId"":""6_QID1504""}","{""ImportId"":""6_QID1504_4_TEXT""}","{""ImportId"":""6_QID30""}","{""ImportId"":""6_QID30_5_TEXT""}","{""ImportId"":""6_QID31""}","{""ImportId"":""6_QID31_5_TEXT""}","{""ImportId"":""6_QID32""}","{""ImportId"":""6_QID32_4_TEXT""}","{""ImportId"":""6_QID1503""}","{""ImportId"":""6_QID1503_5_TEXT""}","{""ImportId"":""6_QID33""}","{""ImportId"":""6_QID33_4_TEXT""}","{""ImportId"":""6_QID34""}","{""ImportId"":""6_QID34_3_TEXT""}","{""ImportId"":""QID37_TEXT""}","{""ImportId"":""QID38_TEXT""}","{""ImportId"":""QID39_TEXT""}","{""ImportId"":""QID40""}","{""ImportId"":""QID41""}","{""ImportId"":""QID41_7_TEXT""}","{""ImportId"":""QID42""}","{""ImportId"":""Random_ID""}","{""ImportId"":""scenario""}"
10/11/2018 8:13,10/11/2018 8:13,0,128.230.143.12,100,10,1,10/11/2018 8:13,R_5jq5xUtOluz35YJ,,,,,43.03770447,-76.13960266,anonymous,EN,"4,6",,,,,,,,,,,,,,,,,,,,,,,,,,,,,,,,,,,,,,,,,,,,,,,,,,,,,,,,,,,,,,,,,,,,,,,,,,,,,,,,,,,,,,,,,,,,,,,,,,,,,,,,,,,,,,,,,,,,,,,,,,,,,,,,,,,,,,,,,,,,,,,,,,,,,,,,,,,,,,,,,,,,,,,,,,,,,,,,,,,,,,,,,,,,,,,,,,,,,,,,,,,,,,,,,,,41912,"<span lang=""EN-GB"">Suppose
     you want to find a route to home when you are alone at Starbucks.<o:p></o:p></span>"
10/14/2018 10:14,10/14/2018 10:14,0,100.35.97.44,100,35,1,10/14/2018 10:14,R_1PYol4iNBcodwyT,,,,,40.74450684,-74.15080261,anonymous,EN,"1,4,5",4,,2,,4,,1,,3,,2,3,,3,,1,3,,2,,2,,1,,2,,2,,5,,,,,,,,,,,,,,,,,,,,,,,,,,,,,,,,,,,,,,,,,,,,,,,,,,,,,,,,,,,,,,,,,,,,,,,,,,,,,,,,,,,,,,,,,,,,,,,,,,,,,,,,,,,,,,,,,,,,,,,,,,,,,,,,,,,,,,,,,,,,,,,,,,,,,,,,,,,,,,,,,,,,,,,,,,,,,,,,,,,,,,70587,"<span lang=""EN-GB"">Suppose
     you want to purchase something (e.g., book, household items) online when
     you are with your close friends at a park.<o:p></o:p></span>"
10/14/2018 15:58,10/14/2018 16:00,0,100.35.97.44,100,168,1,10/14/2018 16:00,R_2gjtljl0DhYbXmp,,,,,40.74450684,-74.15080261,anonymous,EN,"2,3,4,5,6","2,5",,1,,"2,3",,3,,1,,3,5,,"2,3",,1,"2,3",,2,,"3,4",,"2,3",,3,,4,,2,,,,,,,,,,,,,,,,,,,,,,,,,,,,,,5,,1,,1,,1,,3,,2,1,,3,,3,,4,,2,,2,,1,,3,,1,,,,,,,,,,,,,,,,,,,,,,,,,,,,,,,,,,,,,,,,,,,,,,,,,,,,,,,,,,,,,,,,,,,,,,,,,,,,,,,,,,,,,,,,,,,,,,,,,,,,,,,,,,,,,,,,,,,,,,F,45,Hshs,1,5,,2,11364,"<span lang=""EN-GB"">Suppose
     you want to purchase something online when you are with people you are
     close to (e.g., friends, family members).<o:p></o:p></span>"
10/14/2018 16:01,10/14/2018 16:01,0,100.35.97.44,100,5,1,10/14/2018 16:01,R_tPuoehL76ncf0Rz,,,,,40.74450684,-74.15080261,anonymous,EN,4,,,,,,,,,,,,,,,,,,,,,,,,,,,,,,,,,,,,,,,,,,,,,,,,,,,,,,,,,,,,,,,,,,,,,,,,,,,,,,,,,,,,,,,,,,,,,,,,,,,,,,,,,,,,,,,,,,,,,,,,,,,,,,,,,,,,,,,,,,,,,,,,,,,,,,,,,,,,,,,,,,,,,,,,,,,,,,,,,,,,,,,,,,,,,,,,,,,,,,,,,,,,,,,,,,,65752,"<span lang=""EN-GB"">Suppose you have planned to meet a friend next week and you want to put this on your calendar when you are with a very close friend at a park.&nbsp;<o:p></o:p></span>"
10/14/2018 16:01,10/14/2018 16:01,0,100.35.97.44,100,5,1,10/14/2018 16:01,R_1PcJnB5sYOyvq38,,,,,40.74450684,-74.15080261,anonymous,EN,"4,5",,,,,,,,,,,,,,,,,,,,,,,,,,,,,,,,,,,,,,,,,,,,,,,,,,,,,,,,,,,,,,,,,,,,,,,,,,,,,,,,,,,,,,,,,,,,,,,,,,,,,,,,,,,,,,,,,,,,,,,,,,,,,,,,,,,,,,,,,,,,,,,,,,,,,,,,,,,,,,,,,,,,,,,,,,,,,,,,,,,,,,,,,,,,,,,,,,,,,,,,,,,,,,,,,,,37154,"<span lang=""EN-GB"" style=""font-size:11.0pt;line-height:115%;
font-family:&quot;Arial&quot;,sans-serif;mso-fareast-font-family:Arial;mso-ansi-language:
EN-GB;mso-fareast-language:EN-US;mso-bidi-language:AR-SA"">Suppose you want to a
send a text message when you are alone at Starbucks.</span>"
10/14/2018 16:01,10/14/2018 16:02,0,100.35.97.44,100,95,1,10/14/2018 16:02,R_1dmJujogvfzRXZ0,,,,,40.74450684,-74.15080261,anonymous,EN,"1,2,3,4,5,6","3,4,5",,"1,2",,"1,2",,1,,4,,"1,3","1,2",,"1,2",,1,"3,4",,"1,2",,"3,6",,"2,3",,"2,3",,"1,2",,3,,,,,,,,,,,,,,,,,,,,,,,,,,,,,,,,,,,,,,,,,,,,,,,,,,,,,,,,,,,5,,"1,2",,"1,2,4",,"1,2",Ushsh,3,,"1,2",1,,3,,2,,1,,6,,2,,"3,6",,"2,3",,2,,,,,,,,,,,,,,,,,,,,,,,,,,,,,,,,,,,,,,,,,,,,,,,,,,,,,,,,,,,,,,,,,,,,,,,,,,,,,,,,,,,,,,,,,F,57,Hshs,2,5,,2,5238,"<span lang=""EN-GB"">Suppose
     you are at a park and you realize today is the last day to pay one of your
     bills online.<o:p></o:p></span>"
10/14/2018 19:49,10/14/2018 19:54,0,216.106.128.226,100,291,1,10/14/2018 19:54,R_2e5vj6xGnb7nCGJ,,,,,43.03540039,-76.12819672,anonymous,EN,"2,4,6",3,,3,,1,,1,,3,,1,2,,1,,2,3,,3,,2,,3,,3,,2,,4,,,,,,,,,,,,,,,,,,,,,,,,,,,,,,,,,,,,,,,,,,,,,,,,,,,,,,,,,,,,,,,,,,,,,,,,,,,,,,,,,,,,,,,,4,,2,,4,,1,,4,,2,3,,3,,3,,3,,6,,2,,3,,2,,2,,,,,,,,,,,,,,,,,,,,,,,,,,,,,,,,,,,,,,,,,,,,,,,,,,,,,,,,,,,,Female,25,Student,7,5,,3,29952,"<span lang=""EN-GB"">Suppose you have planned to meet a friend next week and you want to put this on your calendar when you are surrounded with people you are close to (e.g., friends, family members) at your home.<strong><o:p></o:p></strong></span>"
10/14/2018 20:43,10/14/2018 20:56,0,216.106.128.226,100,776,1,10/14/2018 20:56,R_2VDPj1m3i5hWyi9,,,,,43.03540039,-76.12819672,anonymous,EN,"2,5,6","2,4",,"1,3",,2,,1,,4,,3,"2,3",,2,,3,"3,4",,"2,3",,"3,4",,"2,3",,"2,3",,"1,2",,"2,6",,,,,,,,,,,,,,,,,,,,,,,,,,,,,,3,,1,,2,,1,,3,,1,1,,1,,1,,1,,1,,3,,2,,1,,1,,,,,,,,,,,,,,,,,,,,,,,,,,,,,,,,,,,,,,,,,,,,,,,,,,,,,,,,,,,,,,,,,,,,,,,,,,,,,,,,,,,,,,,,,5,,2,,2,,1,,1,,1,1,,2,,1,,3,,3,,3,,4,,1,,2,,f,25,student,6,5,,3,70310,"<span lang=""EN-GB"">Suppose you want to find a route to home while walking on a street with your close friends.<o:p></o:p></span>"
10/15/2018 16:12,10/15/2018 16:12,0,66.91.245.82,100,5,1,10/15/2018 16:12,R_3nfs4PZiHiSqXGI,,,,,21.35319519,-157.9268951,anonymous,EN,1,,,,,,,,,,,,,,,,,,,,,,,,,,,,,,,,,,,,,,,,,,,,,,,,,,,,,,,,,,,,,,,,,,,,,,,,,,,,,,,,,,,,,,,,,,,,,,,,,,,,,,,,,,,,,,,,,,,,,,,,,,,,,,,,,,,,,,,,,,,,,,,,,,,,,,,,,,,,,,,,,,,,,,,,,,,,,,,,,,,,,,,,,,,,,,,,,,,,,,,,,,,,,,,,,,,40817,"<span lang=""EN-GB"">Suppose you want to read a digital document when you are at Starbucks with people you know (e.g., acquaintances, colleagues).<o:p></o:p></span>"
10/15/2018 16:12,10/15/2018 16:16,0,66.91.245.82,100,212,1,10/15/2018 16:16,R_2rTte4s93iut5CI,,,,,21.35319519,-157.9268951,anonymous,EN,"1,2,3","3,5",,"1,2",,"1,4",,1,,"3,4",,3,"2,3",,2,,3,"3,4",,"2,3",,"1,2,3",,3,,2,,"1,2",,1,"1,5",,2,,4,,3,,1,,"1,2",5,,1,,3,,1,,"3,4",,3,,3,,2,,2,,,,,,,,,,,,,,,,,,,,,,,,,,,,,,,,,,,,,,,,,,,,,,,,,,,,,,,,,,,,,,,,,,,,,,,,,,,,,,,,,,,,,,,,,,,,,,,,,,,,,,,,,,,,,,,,,,,,,,,,,,,,,,,,,,,,,,,,,,,,,,,,,,,female,23,full time ,3,5,,3,19949,"<span lang=""EN-GB"">Suppose you are on a short vacation and you want to take a picture in front&nbsp;</span>of an iconic monument when you are surrounded by many people."
10/15/2018 16:14,10/15/2018 16:17,0,209.58.149.116,100,166,1,10/15/2018 16:17,R_1GUODiXVn2SsWvU,,,,,32.79389954,-96.83190155,anonymous,EN,"1,2,3,4,5,6","1,2,5",,"2,3",,"1,2,4",,1,,"1,3,4",,"2,3","1,2,3",,"1,3",,"1,3","1,2,3,4",,"1,2",,"1,3,6",,"1,2",,1,,2,,2,,,,,,,,,,,,,,,,,,,,,,,,,,,,,,"1,3,4,5",,"1,2,3",,"1,2,4",,1,,"1,3,4",,"1,2,3","1,2,3",,"1,3",,"1,2",,"1,2,3",,"2,3,6",,"1,2,3",,"2,4,6",,"1,2,3",,"1,2",,,,,,,,,,,,,,,,,,,,,,,,,,,,,,,,,,,,,,,,,,,,,,,,,,,,,,,,,,,,,,,,,,,,,,,,,,,,,,,,,,,,,,,,,,,,,,,,,,,,,,,,,,,,,,,,,,,,,,male,30,CPA,5,3,,8,99001,"<span lang=""EN-GB"">Suppose
     you want to call your mother for sharing an important update about your
     life when you are alone at Starbucks.<o:p></o:p></span>"
10/15/2018 16:49,10/15/2018 16:49,0,49.205.103.121,100,24,1,10/15/2018 16:49,R_UT6v4Iic0sxIlod,,,,,10.99249268,76.96139526,anonymous,EN,"1,2",,,,,,,,,,,,,,,,,,,,,,,,,,,,,,,,,,,,,,,,,,,,,,,,,,,,,,,,,,,,,,,,,,,,,,,,,,,,,,,,,,,,,,,,,,,,,,,,,,,,,,,,,,,,,,,,,,,,,,,,,,,,,,,,,,,,,,,,,,,,,,,,,,,,,,,,,,,,,,,,,,,,,,,,,,,,,,,,,,,,,,,,,,,,,,,,,,,,,,,,,,,,,,,,,,,66403,"<span lang=""EN-GB"" style=""font-size:11.0pt;line-height:115%;
font-family:&quot;Arial&quot;,sans-serif;mso-fareast-font-family:Arial;mso-ansi-language:
EN-GB;mso-fareast-language:EN-US;mso-bidi-language:AR-SA"">Suppose you want to
find a route to a coffee shop when you are alone at home.</span>"
10/15/2018 16:49,10/15/2018 16:51,0,207.182.134.3,100,88,1,10/15/2018 16:51,R_1rOn5823Z8Zdms3,,,,,39.96530151,-83.02349854,anonymous,EN,3,,,,,,,,,,,,,,,,,,,,,,,,,,,,,,,,,,,,,,,,,,,,,,,,,,,,,,,,,,,,,,,,,,,,,,,,,,,,,,,,,,,,,,,,,,,,,,,,,,,,,,,,,,,,,,,,,,,,,,,,,,,,,,,,,,,,,,,,,,,,,,,,,,,,,,,,,,,,,,,,,,,,,,,,,,,,,,,,,,,,,,,,,,,,,,,,,,,,,,,,,,,,,,,,,,,29511,"<span lang=""EN-GB"">Suppose
     you want to a send an email when you are surrounded by people you know
     (e.g., acquaintances, colleagues) your home.<o:p></o:p></span>"
10/15/2018 16:51,10/15/2018 16:52,0,207.182.134.3,100,36,1,10/15/2018 16:52,R_3g1QFJFbcDuIvdu,,,,,39.96530151,-83.02349854,anonymous,EN,"2,6",,,,,,,,,,,,,,,,,,,,,,,,,,,,,,,,,,,,,,,,,,,,,,,,,,,,,,,,,,,,,,,,,,,,,,,,,,,,,,,,,,,,,,,,,,,,,,,,,,,,,,,,,,,,,,,,,,,,,,,,,,,,,,,,,,,,,,,,,,,,,,,,,,,,,,,,,,,,,,,,,,,,,,,,,,,,,,,,,,,,,,,,,,,,,,,,,,,,,,,,,,,,,,,,,,,73520,"<span lang=""EN-GB"">Suppose you want to browse the internet when you are alone at a restaurant.<o:p></o:p></span>"
10/15/2018 16:53,10/15/2018 16:54,0,207.182.134.3,100,36,1,10/15/2018 16:54,R_2bVFsCSpzcvIuC5,,,,,39.96530151,-83.02349854,anonymous,EN,"2,6",,,,,,,,,,,,,,,,,,,,,,,,,,,,,,,,,,,,,,,,,,,,,,,,,,,,,,,,,,,,,,,,,,,,,,,,,,,,,,,,,,,,,,,,,,,,,,,,,,,,,,,,,,,,,,,,,,,,,,,,,,,,,,,,,,,,,,,,,,,,,,,,,,,,,,,,,,,,,,,,,,,,,,,,,,,,,,,,,,,,,,,,,,,,,,,,,,,,,,,,,,,,,,,,,,,27858,"<span lang=""EN-GB"">Suppose
     you want to a view a text message when you are with a very close friend at
     a restaurant&nbsp;<o:p></o:p></span>"
10/15/2018 16:55,10/15/2018 16:55,0,207.182.134.3,100,7,1,10/15/2018 16:55,R_1mg8Gnsx36tO6m7,,,,,39.96530151,-83.02349854,anonymous,EN,2,,,,,,,,,,,,,,,,,,,,,,,,,,,,,,,,,,,,,,,,,,,,,,,,,,,,,,,,,,,,,,,,,,,,,,,,,,,,,,,,,,,,,,,,,,,,,,,,,,,,,,,,,,,,,,,,,,,,,,,,,,,,,,,,,,,,,,,,,,,,,,,,,,,,,,,,,,,,,,,,,,,,,,,,,,,,,,,,,,,,,,,,,,,,,,,,,,,,,,,,,,,,,,,,,,,22480,"<span lang=""EN-GB"">Suppose
     you want to find a route to home when you are alone at Starbucks.<o:p></o:p></span>"
10/15/2018 16:56,10/15/2018 16:56,0,207.182.134.3,100,18,1,10/15/2018 16:56,R_2SBwUfko7bXGVai,,,,,39.96530151,-83.02349854,anonymous,EN,6,,,,,,,,,,,,,,,,,,,,,,,,,,,,,,,,,,,,,,,,,,,,,,,,,,,,,,,,,,,,,,,,,,,,,,,,,,,,,,,,,,,,,,,,,,,,,,,,,,,,,,,,,,,,,,,,,,,,,,,,,,,,,,,,,,,,,,,,,,,,,,,,,,,,,,,,,,,,,,,,,,,,,,,,,,,,,,,,,,,,,,,,,,,,,,,,,,,,,,,,,,,,,,,,,,,38055,"<span lang=""EN-GB"">Suppose
     you want to purchase something (e.g., book, household items) online when
     you are with your close friends at a park.<o:p></o:p></span>"
10/15/2018 16:56,10/15/2018 16:58,0,207.182.134.3,100,110,1,10/15/2018 16:58,R_3I0lzl0S5A6E0GT,,,,,39.96530151,-83.02349854,anonymous,EN,2,,,,,,,,,,,,,,,,,,,,,,,,,,,,,,,,,,,,,,,,,,,,,,,,,,,,,,,,,,,,,,,,,,,,,,,,,,,,,,,,,,,,,,,,,,,,,,,,,,,,,,,,,,,,,,,,,,,,,,,,,,,,,,,,,,,,,,,,,,,,,,,,,,,,,,,,,,,,,,,,,,,,,,,,,,,,,,,,,,,,,,,,,,,,,,,,,,,,,,,,,,,,,,,,,,,48016,"<span lang=""EN-GB"" style=""font-size:11.0pt;line-height:115%;
font-family:&quot;Arial&quot;,sans-serif;mso-fareast-font-family:Arial;mso-ansi-language:
EN-GB;mso-fareast-language:EN-US;mso-bidi-language:AR-SA"">Suppose you want to a
send a text message when you are alone at Starbucks.</span>"
10/15/2018 16:58,10/15/2018 16:59,0,207.182.134.3,100,13,1,10/15/2018 16:59,R_5BVoQR64Csf4g5r,,,,,39.96530151,-83.02349854,anonymous,EN,6,,,,,,,,,,,,,,,,,,,,,,,,,,,,,,,,,,,,,,,,,,,,,,,,,,,,,,,,,,,,,,,,,,,,,,,,,,,,,,,,,,,,,,,,,,,,,,,,,,,,,,,,,,,,,,,,,,,,,,,,,,,,,,,,,,,,,,,,,,,,,,,,,,,,,,,,,,,,,,,,,,,,,,,,,,,,,,,,,,,,,,,,,,,,,,,,,,,,,,,,,,,,,,,,,,,45780,"<span lang=""EN-GB"">Suppose
     you are at home with some people you know (e.g., acquaintances,
     colleagues) when you realize today is the last day to pay one of your
     bills online.<o:p></o:p></span>"
10/16/2018 5:06,10/16/2018 5:15,0,100.35.97.44,100,539,1,10/16/2018 5:15,R_sOwDvheK5MyDJzb,,,,,40.74450684,-74.15080261,anonymous,EN,"1,2,3,4,5,6","1,2,3",,1,,"1,3",,1,,1,,3,"1,2,3",,5,,3,"1,3",,"1,2",,3,,"1,2",,"1,2",,1,,"2,4",,,,,,,,,,,,,,,,,,,,,,,,,,,,,,"1,2,4",,1,,"2,3",,1,,1,,3,"1,2,3",,3,,3,,3,,"1,3",,"1,2",,"1,3",,1,,4,,,,,,,,,,,,,,,,,,,,,,,,,,,,,,,"2,5",,1,,"1,2",,1,,1,,3,"1,2",,5,,5,,3,,"1,3",,2,,"1,3",,"1,3",,1,,,,,,,,,,,,,,,,,,,,,,,,,,,,,,,,,,,,,,,,,,,,,,,,,,,,,,,,,,,,female,25,student,5,5,,2,84023,"<span lang=""EN-GB"">Suppose
     you want to a send an email when you are walking on a street with people
     you know (e.g., acquaintances, colleagues)<strong>.</strong><o:p></o:p></span>"
10/16/2018 5:20,10/16/2018 5:29,0,100.35.97.44,100,531,1,10/16/2018 5:29,R_Zh6Hu0mpI0rTEOJ,,,,,40.74450684,-74.15080261,anonymous,EN,"1,2,3,4,5","2,5",,1,,"1,2,3",,1,,1,,3,3,,3,,3,3,,"1,2",,"1,3",,"1,2",,"1,2",,1,,2,,,,,,,,,,,,,,,,,,,,,,,,,,,,,,"2,5",,1,,"1,2,3",,1,,1,,3,3,,3,,3,,3,,3,,"1,2",,3,,1,,1,,,,,,,,,,,,,,,,,,,,,,,,,,,,,,,,,,,,,,,,,,,,,,,,,,,,,,,,,,,,,,,,,,,,,,,,,,,,,,,,,,,,,,,,,,,,,,,,,,,,,,,,,,,,,,,,,,,,,,Male,45,Architect,5,1,,6,56511,"Suppose
     you want to call your mother for sharing an important update about your
     life when you are surrounded by people you
     know (e.g., acquaintances, colleagues) at a restaurant.<o:p></o:p>"
10/16/2018 5:30,10/16/2018 5:38,0,100.35.97.44,100,485,1,10/16/2018 5:38,R_22VnihC9Syc6BC2,,,,,40.74450684,-74.15080261,anonymous,EN,"1,2,3,4,5,6","1,2",,1,,"1,2,3",,1,,1,,3,3,,3,,3,"1,3",,2,,"1,3",,2,,"1,3",,4,,"2,4",,,,,,,,,,,,,,,,,,,,,,,,,,,,,,"1,2",,1,,2,,1,,1,,1,"1,2,3",,3,,3,,3,,"1,3",,"1,2",,"1,3",,"1,3",,4,,,,,,,,,,,,,,,,,,,,,,,,,,,,,,,2,,1,,"1,2,3",,1,,1,,1,3,,2,,2,,"1,2,3",,"1,3",,"1,2",,"1,3",,"1,3",,4,,,,,,,,,,,,,,,,,,,,,,,,,,,,,,,,,,,,,,,,,,,,,,,,,,,,,,,,,,,,male,57,construction worker,1,2,,2,23704,"<span lang=""EN-GB"">Suppose you want to take a click a photo when you with </span><span lang=""EN-GB"">some people you know (e.g.,
     acquaintances, colleagues)</span><span lang=""EN-GB""> at home<o:p></o:p></span>"
10/16/2018 5:38,10/16/2018 5:50,0,100.35.97.44,100,711,1,10/16/2018 5:50,R_r3GG4BB6PTK0slr,,,,,40.74450684,-74.15080261,anonymous,EN,"1,2,3,4,5,6","2,4,5",,3,,"1,2,3",,3,,1,,"1,2","1,3",,3,,"1,2",3,,2,,3,,2,,1,,4,,"1,2,4","2,5",,1,,2,,3,,1,,3,3,,3,,3,,3,,3,,2,,3,,"1,2",,1,,"2,5",,1,,"1,2,3",,1,,1,,1,"1,3",,3,,3,,3,,3,,"1,2",,3,,1,,4,,,,,,,,,,,,,,,,,,,,,,,,,,,,,,,"2,4,5",,1,,2,,1,,1,,1,3,,5,,5,,3,,3,,2,,3,,"1,3",,1,,,,,,,,,,,,,,,,,,,,,,,,,,,,,,,,,,,,,,,,,,,,,,,,,,,,,,,,,,,,female,45,esthetician,3,1,,4,79072,"<span lang=""EN-GB"">Suppose
     you want to a send an email when you are with a very close friend at a
     restaurant&nbsp;<o:p></o:p></span>"
10/16/2018 5:52,10/16/2018 5:52,0,68.14.82.25,100,6,1,10/16/2018 5:52,R_vfBypEp3AaXG6zL,,,,,41.88139343,-71.35600281,anonymous,EN,5,,,,,,,,,,,,,,,,,,,,,,,,,,,,,,,,,,,,,,,,,,,,,,,,,,,,,,,,,,,,,,,,,,,,,,,,,,,,,,,,,,,,,,,,,,,,,,,,,,,,,,,,,,,,,,,,,,,,,,,,,,,,,,,,,,,,,,,,,,,,,,,,,,,,,,,,,,,,,,,,,,,,,,,,,,,,,,,,,,,,,,,,,,,,,,,,,,,,,,,,,,,,,,,,,,,6951,"<span lang=""EN-GB"">Suppose
     you are at a park with your close friends and you realize today is the
     last day to pay one of your bills online.<o:p></o:p></span>"
10/16/2018 5:52,10/16/2018 5:54,0,68.14.82.25,100,99,1,10/16/2018 5:54,R_1QuUct2qZyWt828,,,,,41.88139343,-71.35600281,anonymous,EN,"1,2,3,4","1,4",,"1,3",,"2,4",,3,,"3,4",,"2,3","2,3",,"1,2",,4,"1,4",,"2,3",,3,,2,,1,,"1,2",,4,,,,,,,,,,,,,,,,,,,,,,,,,,,,,,,,,,,,,,,,,,,,,,,,,,,,,,,,,,,,,,,,,,,,,,,,,,,,,,,,,,,,,,,,"1,3",,"2,3",,"2,4",,1,,2,,"1,2",3,,"2,3",,"2,3",,2,,2,,3,,3,,1,,2,,,,,,,,,,,,,,,,,,,,,,,,,,,,,,,,,,,,,,,,,,,,,,,,,,,,,,,,,,,,asexual,23,retail,4,1,,6,95650,"<span lang=""EN-GB"">Suppose
     you want to set up a reminder when you are with people you know (e.g.,
     acquaintances, colleagues) at your home.<o:p></o:p></span>"
10/16/2018 5:52,10/16/2018 5:55,0,104.200.37.109,100,191,1,10/16/2018 5:55,R_1gbUFKP2OSN8i5s,,,,,35.66650391,-97.4654007,anonymous,EN,"1,2,3,6","2,3,5",,"2,3",,"1,2,3",,1,,"3,4",,"1,3","2,3",,"1,3",,"2,3","1,2,4",,"2,3",,"1,3,4",,"1,2",,"1,2,3",,"1,2",,"1,2",1,,"2,3",,"3,4",,1,,"3,4",,3,5,,"2,3",,"2,3",,"3,4",,"2,4",,2,,2,,"2,3",,1,,2,,2,,"1,4",,1,,4,,"1,3",5,,2,,3,,"2,4",,"1,3,6",,3,,3,,2,,1,,,,,,,,,,,,,,,,,,,,,,,,,,,,,,,,,,,,,,,,,,,,,,,,,,,,,,,,,,,,,,,,,,,,,,,,,,,,,,,,,,,,,,,,,,,,,,,,,,,,,,,,,,,,,,,,,,,,,,male,35,Manufacturing,5,4,,4,42584,"<span lang=""EN-GB"">Suppose you want to find a route to home while walking on a street with your close friends.<o:p></o:p></span>"
10/16/2018 5:54,10/16/2018 5:56,0,66.194.104.5,100,127,1,10/16/2018 5:56,R_20TNnDCENXPUboV,,,,,27.82009888,-82.73079681,anonymous,EN,"1,2,3,6","1,2,3",,"1,3",,"1,4",,1,,"3,4",,"1,2,3",2,,"2,3",,"2,3",4,,1,,"2,4",,2,,"1,3",,2,,2,,,,,,,,,,,,,,,,,,,,,,,,,,,,,,1,,3,,4,,1,,1,,2,"2,3",,3,,2,,3,,3,,2,,"3,6",,"1,2",,2,,,,,,,,,,,,,,,,,,,,,,,,,,,,,,,,,,,,,,,,,,,,,,,,,,,,,,,,,,,,,,,,,,,,,,,,,,,,,,,,,,,,,,,,,,,,,,,,,,,,,,,,,,,,,,,,,,,,,,male,41,Professor,6,1,,4,71616,"<span lang=""EN-GB"">Suppose
     you want to listen to some audio when you are with your close friends in a
     park.<o:p></o:p></span>"
10/16/2018 5:53,10/16/2018 5:57,0,104.200.37.115,100,187,1,10/16/2018 5:57,R_24vMKuNOPjXuFv5,,,,,35.66650391,-97.4654007,anonymous,EN,"1,2,3,4,5,6",1,,1,,2,,1,,1,,2,2,,2,,1,1,,2,,4,,1,,2,,2,,2,,,,,,,,,,,,,,,,,,,,,,,,,,,,,,5,,3,,4,,1,,3,,3,1,,3,,1,,1,,4,,2,,6,,2,,1,,,,,,,,,,,,,,,,,,,,,,,,,,,,,,,,,,,,,,,,,,,,,,,,,,,,,,,,,,,,,,,,,,,,,,,,,,,,,,,,,,,,,,,,,,,,,,,,,,,,,,,,,,,,,,,,,,,,,,male,25,full time employee,5,1,,2,91794,"<span lang=""EN-GB"">Suppose you have planned to meet a friend next week and you want to&nbsp;put this on your calendar </span><span lang=""EN-GB"">when</span><span lang=""EN-GB""> you are surrounded by people you know (e.g., acquaintances, colleagues) at your home.</span><span lang=""EN-GB""><o:p></o:p></span>"
10/16/2018 5:52,10/16/2018 5:59,0,100.35.97.44,100,435,1,10/16/2018 5:59,R_294c0wY5O51Ckot,,,,,40.74450684,-74.15080261,anonymous,EN,"1,2,4,5","1,2,5",,"1,2",,"1,2,3",,3,,"1,3",,3,5,,"2,3",,3,"1,2,3",,"1,2",,"1,3",,"1,2",,"1,2",,4,,"2,4",,,,,,,,,,,,,,,,,,,,,,,,,,,,,,"1,2,5",,"1,2",,"1,2,3",,1,,3,,3,5,,"2,3",,"2,3",,3,,3,,"1,2",,3,,1,,4,,,,,,,,,,,,,,,,,,,,,,,,,,,,,,,"2,5",,"1,2",,"1,2,3",,3,,1,,3,5,,"2,3",,"2,3",,"2,3",,3,,2,,3,,1,,4,,,,,,,,,,,,,,,,,,,,,,,,,,,,,,,,,,,,,,,,,,,,,,,,,,,,,,,,,,,,female,34,home maker,3,1,,4,1671,"<span lang=""EN-GB"">Suppose you want to browse the internet when you are alone at a restaurant.<o:p></o:p></span>"
10/16/2018 5:58,10/16/2018 6:01,0,192.238.218.146,100,157,1,10/16/2018 6:01,R_0cWr64FnOeuVe3n,,,,,37.75100708,-97.8219986,anonymous,EN,1,,,,,,,,,,,,,,,,,,,,,,,,,,,,,,,,,,,,,,,,,,,,,,,,,,,,,,,,,,,,,,,,,,,,,,,,,,,,,,,,,,,,,,,,,,,,,,,,,,,,,,,,,,,,,,,,,,,,,,,,,,,,,,,,,,,,,,,,,,,,,,,,,,,,,,,,,,,,,,,,,,,,,,,,,,,,,,,,,,,,,,,,,,,,,,,,,,,,,,,,,,,,,,,,,,,24213,"<span lang=""EN-GB"">Suppose
     you want to call your mother for sharing an important update about your
     life yourself when you are with a very close friend at a park.&nbsp;<o:p></o:p></span>"
10/16/2018 6:06,10/16/2018 6:06,0,192.171.19.130,100,28,1,10/16/2018 6:06,R_1P1uIvzOiekFBA5,,,,,25.78059387,-80.18260193,anonymous,EN,3,,,,,,,,,,,,,,,,,,,,,,,,,,,,,,,,,,,,,,,,,,,,,,,,,,,,,,,,,,,,,,,,,,,,,,,,,,,,,,,,,,,,,,,,,,,,,,,,,,,,,,,,,,,,,,,,,,,,,,,,,,,,,,,,,,,,,,,,,,,,,,,,,,,,,,,,,,,,,,,,,,,,,,,,,,,,,,,,,,,,,,,,,,,,,,,,,,,,,,,,,,,,,,,,,,,56051,"<span lang=""EN-GB"">Suppose you have planned to meet a friend next week and you want to put this on your calendar when you are alone at a park<o:p></o:p></span>"
10/16/2018 6:07,10/16/2018 6:08,0,103.58.116.82,100,21,1,10/16/2018 6:08,R_2Cs3sSc0fob47jJ,,,,,10.3500061,77.95001221,anonymous,EN,1,,,,,,,,,,,,,,,,,,,,,,,,,,,,,,,,,,,,,,,,,,,,,,,,,,,,,,,,,,,,,,,,,,,,,,,,,,,,,,,,,,,,,,,,,,,,,,,,,,,,,,,,,,,,,,,,,,,,,,,,,,,,,,,,,,,,,,,,,,,,,,,,,,,,,,,,,,,,,,,,,,,,,,,,,,,,,,,,,,,,,,,,,,,,,,,,,,,,,,,,,,,,,,,,,,,54410,"<span lang=""EN-GB"">Suppose you are at a park, you have just read a book you loved and now you&nbsp;</span>want to write a review for it to share with people you are close to (e.g., friends, family members)"
10/15/2018 16:59,10/16/2018 6:09,0,207.182.134.3,100,47394,1,10/16/2018 6:09,R_2BrLvv6e0Y0sr8u,,,,,39.96530151,-83.02349854,anonymous,EN,"1,2,3,4,5,6","1,2,3,4",,"1,2,3",,"1,2,4",,1,,"1,3,4",,"1,2,3","1,2,3",,"1,2,3",,"1,2","1,2,3,4",,"1,2,3",,"1,2,4",,"1,2,3",,"1,2,3",,2,,"1,2,3,4,5,6",2,,2,,"3,4",,1,,1,,2,2,,3,,2,,"1,2",,"2,3",,1,,6,,3,,2,,4,,3,,2,,1,,4,,1,3,,3,,2,,1,,1,,1,,1,,2,,2,,"3,5",,2,,"1,3,4",,1,,4,,2,1,,3,,"1,2,3",,"2,3,4",,"2,4,6",,"1,3",,"1,2,4,6",,2,,2,,"1,2,3,4,5",,"1,2,3",,"1,2,3,4",,1,,"1,3,4",,"1,2,3","2,3",,"2,3",,"2,3",,"1,3,4",,"1,2,3",,"1,2,3",,"1,3,4,6",,"1,2,3",,"1,2",,3,,3,,4,,1,,3,,2,2,,2,,1,,2,,2,,1,,6,,2,,2,,"1,4",,2,,"1,3",,1,,"1,4",,"1,3","1,2",,"1,3",,"2,3",,"1,2,3",,"2,3,6",,1,,"1,6",,"2,3",,2,,female,28,Accountant,5,1,,2,82226,"<span lang=""EN-GB"">Suppose you are at a park, you have just read a book you loved and now you&nbsp;</span>want to write a review for it to share with people you are close to (e.g., friends, family members)"
10/16/2018 6:28,10/16/2018 6:37,0,100.35.97.44,100,509,1,10/16/2018 6:37,R_3R2czFia8WDovZ5,,,,,40.74450684,-74.15080261,anonymous,EN,"1,2,3,4,5,6","2,5",,1,,3,,3,,1,,"1,2","2,3",,"2,3",,"1,2","1,3",,"1,2",,"1,3",,"1,2",,1,,4,,2,,,,,,,,,,,,,,,,,,,,,,,,,,,,,,"2,5",,1,,"1,3",,3,,1,,3,5,,"2,3",,"2,3",,3,,"1,3",,"1,2",,"1,3",,1,,4,,,,,,,,,,,,,,,,,,,,,,,,,,,,,,,,,,,,,,,,,,,,,,,,,,,,,,,,,,,,,,,,,,,,,,,,,,,,,,,,,,,,,,,,,,,,,,,,,,,,,,,,,,,,,,,,,,,,,,male,37,sales manager,4,5,,4,29458,"<span lang=""EN-GB"">Suppose you want to browse internet when you are with your close friends at a restaurant.<o:p></o:p></span>"
10/16/2018 6:11,10/16/2018 6:37,0,108.62.53.113,100,1555,1,10/16/2018 6:37,R_pMeCB6KsGz0gPZL,,,,,40.86210632,-74.41169739,anonymous,EN,"1,3,4","2,5",,"1,2",,"1,4",,1,,6,,2,"1,3",,3,,"1,3",6,,"2,3",,"4,6",,3,,"2,3",,2,,3,,,,,,,,,,,,,,,,,,,,,,,,,,,,,,,,,,,,,,,,,,,,,,,,,,,,,,,,,,,"1,2,5",,"1,2,3",,"2,3,4",,3,,"1,2,3,4",,"1,2,3","1,2",,"1,2,3",,"1,2,3",,"2,3,4",,"2,3,6",,"1,2,3",,"2,3,4",,"1,2,3",,"1,2",,,,,,,,,,,,,,,,,,,,,,,,,,,,,,,,,,,,,,,,,,,,,,,,,,,,,,,,,,,,,,,,,,,,,,,,,,,,,,,,,,,,,,,,,female,28,technical writer,5,1,,2,44686,"<span lang=""EN-GB"">Suppose you want to call your mother for sharing an important
     update about your life when you are surrounded by people you know (e.g.,
     acquaintances, colleagues) at your home.<o:p></o:p></span>"
10/16/2018 6:33,10/16/2018 6:40,0,71.246.111.78,100,415,1,10/16/2018 6:40,R_1n8Ub0q0r6ujIMU,,,,,40.64509583,-73.94499969,anonymous,EN,"1,2,4,5,6",2,,1,,6,,3,,1,,3,5,,5,,2,2,,2,,1,,2,,1,,4,,2,,,,,,,,,,,,,,,,,,,,,,,,,,,,,,2,,1,,6,,3,,1,,4,5,,2,,5,,3,,"1,2",,2,,1,,3,,4,,,,,,,,,,,,,,,,,,,,,,,,,,,,,,,,,,,,,,,,,,,,,,,,,,,,,,,,,,,,,,,,,,,,,,,,,,,,,,,,,,,,,,,,,,,,,,,,,,,,,,,,,,,,,,,,,,,,,,female,29,Physician,7,2,,10,13163,"<span lang=""EN-GB"">Suppose you are at sitting at Starbucks and you want to play a digital/online&nbsp;</span>game."
10/16/2018 6:46,10/16/2018 6:46,0,199.244.51.232,100,39,1,10/16/2018 6:46,R_1QmVJN0AGNgn54Q,,,,,37.39239502,-121.9622955,anonymous,EN,"2,3",,,,,,,,,,,,,,,,,,,,,,,,,,,,,,,,,,,,,,,,,,,,,,,,,,,,,,,,,,,,,,,,,,,,,,,,,,,,,,,,,,,,,,,,,,,,,,,,,,,,,,,,,,,,,,,,,,,,,,,,,,,,,,,,,,,,,,,,,,,,,,,,,,,,,,,,,,,,,,,,,,,,,,,,,,,,,,,,,,,,,,,,,,,,,,,,,,,,,,,,,,,,,,,,,,,54895,"<span lang=""EN-GB"">Suppose
     you want to listen to some audio when you are with people you know (e.g.,
     acquaintances, colleagues) at your home.<o:p></o:p></span>"
10/16/2018 6:47,10/16/2018 6:47,0,199.244.51.232,100,53,1,10/16/2018 6:47,R_2yjCKxt007sg8nN,,,,,37.39239502,-121.9622955,anonymous,EN,5,,,,,,,,,,,,,,,,,,,,,,,,,,,,,,,,,,,,,,,,,,,,,,,,,,,,,,,,,,,,,,,,,,,,,,,,,,,,,,,,,,,,,,,,,,,,,,,,,,,,,,,,,,,,,,,,,,,,,,,,,,,,,,,,,,,,,,,,,,,,,,,,,,,,,,,,,,,,,,,,,,,,,,,,,,,,,,,,,,,,,,,,,,,,,,,,,,,,,,,,,,,,,,,,,,,84235,"<span lang=""EN-GB"">Suppose you have planned to meet a friend next week and you want to put this on your calendar when you are with a very close friend at a park.&nbsp;<o:p></o:p></span>"
10/16/2018 6:38,10/16/2018 6:48,0,100.35.97.44,100,594,1,10/16/2018 6:48,R_D6TWU81opedQx8Z,,,,,40.74450684,-74.15080261,anonymous,EN,"1,2,3,4,5,6","1,2,4",,5,,"1,2,3,4",,3,,"3,4",,"2,3","1,3",,"1,2,3",,"2,3","1,2,3,4",,"2,3",,"2,4",,"2,3",,5,,2,,"2,4,5",,,,,,,,,,,,,,,,,,,,,,,,,,,,,,"1,2,5",,5,,"1,2",,1,,1,,3,5,,3,,3,,3,,3,,2,,3,,5,,4,,,,,,,,,,,,,,,,,,,,,,,,,,,,,,,"2,5",,5,,2,,3,,1,,3,3,,3,,3,,3,,3,,2,,3,,5,,4,,1,,2,,4,,3,,4,,2,5,,"1,2,3",,"1,2,3",,4,,"2,4",,3,,"2,4",,5,,4,,,,,,,,,,,,,,,,,,,,,,,,,,,,,,,female,30,home maker,4,1,,4,46453,"<span lang=""EN-GB"">Suppose you want to control some devices/appliances (e.g., smart lights) when you are at home with people you are close to (e.g., friends, family members)<strong><o:p></o:p></strong></span>"
10/16/2018 6:48,10/16/2018 6:48,0,199.244.51.232,100,9,1,10/16/2018 6:48,R_1fm8wXOBEuAQFk4,,,,,37.39239502,-121.9622955,anonymous,EN,4,,,,,,,,,,,,,,,,,,,,,,,,,,,,,,,,,,,,,,,,,,,,,,,,,,,,,,,,,,,,,,,,,,,,,,,,,,,,,,,,,,,,,,,,,,,,,,,,,,,,,,,,,,,,,,,,,,,,,,,,,,,,,,,,,,,,,,,,,,,,,,,,,,,,,,,,,,,,,,,,,,,,,,,,,,,,,,,,,,,,,,,,,,,,,,,,,,,,,,,,,,,,,,,,,,,32949,"Suppose you want to call your mother for sharing an important update about your life when you are surrounded with people you are close to (e.g., friends, family members)at your home."
10/16/2018 6:48,10/16/2018 6:48,0,199.244.51.232,100,11,1,10/16/2018 6:48,R_3fBRu5RMhiNHr2D,,,,,37.39239502,-121.9622955,anonymous,EN,"1,3",,,,,,,,,,,,,,,,,,,,,,,,,,,,,,,,,,,,,,,,,,,,,,,,,,,,,,,,,,,,,,,,,,,,,,,,,,,,,,,,,,,,,,,,,,,,,,,,,,,,,,,,,,,,,,,,,,,,,,,,,,,,,,,,,,,,,,,,,,,,,,,,,,,,,,,,,,,,,,,,,,,,,,,,,,,,,,,,,,,,,,,,,,,,,,,,,,,,,,,,,,,,,,,,,,,44822,"<span lang=""EN-GB"" style=""font-size:11.0pt;line-height:115%;
font-family:&quot;Arial&quot;,sans-serif;mso-fareast-font-family:Arial;mso-ansi-language:
EN-GB;mso-fareast-language:EN-US;mso-bidi-language:AR-SA"">Suppose you want to check your social media when you are alone in a park.</span>"
10/16/2018 6:55,10/16/2018 6:58,0,199.244.51.232,100,208,1,10/16/2018 6:58,R_UN1qnEXbdnZd0pb,,,,,37.39239502,-121.9622955,anonymous,EN,"1,2,5,6","1,2,3,5",,"2,3",,"2,3",,1,,"3,4",,3,"1,3",,"1,2,3",,"1,3","2,3,4",,"1,2",,"1,2,4",,"1,2",,"2,3",,2,,1,"1,2,3,4",,"1,2,3",,"1,3,4",,1,,4,,"1,2","1,3",,"2,3",,"1,3",,"1,2,4",,"3,4,6",,"1,3",,"2,4",,"1,2",,"1,2",,,,,,,,,,,,,,,,,,,,,,,,,,,,,,,,,,,,,,,,,,,,,,,,,,,,,,,,,,,,,,,,,,,,,,,,,,,,,,,,,,,,,,,,,,,,,,,,,,,,,,,,,,,,,,,,,,,,,,,,,,,,,,,,,,,,,,,,,,,,,,,,,,,FEMALE,22,ASSOCIATE,5,1,,2,23298,"<span lang=""EN-GB"">Suppose
     you want to take a click a photo when you are alone at home.<o:p></o:p></span>"
10/16/2018 6:48,10/16/2018 7:00,0,100.35.97.44,100,703,1,10/16/2018 7:00,R_1qgn8fonNDVpfVu,,,,,40.74450684,-74.15080261,anonymous,EN,"1,2,3,4,5,6",2,,3,,2,,1,,1,,3,5,,"2,3",,3,3,,2,,3,,2,,5,,4,,"2,4",,,,,,,,,,,,,,,,,,,,,,,,,,,,,,"2,5",,3,,2,,1,,1,,3,5,,2,,2,,"1,3",,"1,3",,2,,"1,3",,1,,1,,,,,,,,,,,,,,,,,,,,,,,,,,,,,,,"2,5",,1,,"1,2",,1,,1,,3,5,,2,,2,,"1,3",,3,,2,,3,,1,,1,,,,,,,,,,,,,,,,,,,,,,,,,,,,,,,,,,,,,,,,,,,,,,,,,,,,,,,,,,,,male,45,accounts manager,4,1,,5,96803,"<span lang=""EN-GB"">Suppose you want to read a digital document when you are in a park with people you know (e.g., acquaintances, colleagues).<o:p></o:p></span>"
10/16/2018 7:01,10/16/2018 7:07,0,100.35.97.44,100,396,1,10/16/2018 7:07,R_3KOT4GUJ5Jpt4jj,,,,,40.74450684,-74.15080261,anonymous,EN,"1,2,3,4,5,6","2,5",,5,,"1,2",,3,,1,,3,"1,2,3",,2,,3,3,,"1,2",,"3,4",,"1,2",,5,,4,,3,,,,,,,,,,,,,,,,,,,,,,,,,,,,,,,,,,,,,,,,,,,,,,,,,,,,,,,,,,,4,,5,,"2,3",,3,,1,,3,"1,2,3",,2,,2,,3,,"3,4",,2,,"3,4",,5,,4,,,,,,,,,,,,,,,,,,,,,,,,,,,,,,,,,,,,,,,,,,,,,,,,,,,,,,,,,,,,,,,,,,,,,,,,,,,,,,,,,,,,,,,,,male,45,sales representative,3,1,,4,86986,"<span lang=""EN-GB"">Suppose you are at work with some people you know (e.g., acquaintances, colleagues) when you realize that you have to immediately pay one of your bills online.<o:p></o:p></span>"
10/16/2018 7:11,10/16/2018 7:20,0,199.244.48.159,100,535,1,10/16/2018 7:20,R_1MKCwww7DWiPa3z,,,,,40.75469971,-73.99250031,anonymous,EN,"1,2,3,6","2,4",,"1,2",,"1,2",,1,,"1,4",,1,"1,2,3",,3,,"2,3","1,2,4",,"1,2",,"1,3",,"1,3",,"1,2,3",,"1,2",,"1,2,3",3,,5,,4,,1,,4,,3,2,,1,,3,,3,,4,,3,,1,,2,,2,,1,,"1,2",,3,,1,,4,,1,1,,3,,1,,2,,"1,4",,"1,3",,1,,2,,2,,4,,2,,4,,1,,4,,1,1,,2,,3,,2,,2,,1,,1,,1,,2,,,,,,,,,,,,,,,,,,,,,,,,,,,,,,,,,,,,,,,,,,,,,,,,,,,,,,,,,,,,,,,,,,,,,,,,,,,,,,,,,,,,,,,,,MALE,24,PROCESS EXECUTIVE,4,1,,3,58734,"<span lang=""EN-GB"">Suppose you are at home with people you are close to (e.g., friends, family members) when you realize today is the last day to pay one of your bills online.<o:p></o:p></span>"
10/16/2018 7:08,10/16/2018 7:21,0,100.35.97.44,100,815,1,10/16/2018 7:21,R_Og5HqRu6uLDSmaZ,,,,,40.74450684,-74.15080261,anonymous,EN,"1,2,4,5,6","1,2",,5,,"3,4",,3,,1,,3,5,,1,,3,"3,4",,"2,3",,"1,2,3",,"2,3",,5,,4,,"2,5,6",,,,,,,,,,,,,,,,,,,,,,,,,,,,,,"2,5",,5,,"1,2,3",,1,,1,,1,5,,2,,2,,3,,"1,2,3",,2,,"1,2,3",,5,,4,,,,,,,,,,,,,,,,,,,,,,,,,,,,,,,,,,,,,,,,,,,,,,,,,,,,,,,,,,,,1,,5,,4,,3,,1,,1,5,,2,,2,,4,,"2,4",,3,,"2,4",,5,,4,,"1,2",,5,,2,,1,,1,,3,5,,5,,5,,"1,3",,"1,2,3,4",,2,,"1,2,3,4",,5,,4,,female,54,tutor,4,5,,4,70248,"<span lang=""EN-GB"">Suppose
     you want to set up a reminder when you with people you know (e.g.,
     acquaintances, colleagues) at a park.<o:p></o:p></span>"
10/16/2018 7:35,10/16/2018 7:35,0,108.187.204.115,100,16,1,10/16/2018 7:35,R_2dzohjRfBdQsJNN,,,,,37.75100708,-97.8219986,anonymous,EN,1,,,,,,,,,,,,,,,,,,,,,,,,,,,,,,,,,,,,,,,,,,,,,,,,,,,,,,,,,,,,,,,,,,,,,,,,,,,,,,,,,,,,,,,,,,,,,,,,,,,,,,,,,,,,,,,,,,,,,,,,,,,,,,,,,,,,,,,,,,,,,,,,,,,,,,,,,,,,,,,,,,,,,,,,,,,,,,,,,,,,,,,,,,,,,,,,,,,,,,,,,,,,,,,,,,,32202,"<span lang=""EN-GB"">Suppose
     you want to a view a text message when you are surrounded by people you
     know (e.g., acquaintances, colleagues) at a restaurant.<o:p></o:p></span>"
10/16/2018 7:35,10/16/2018 7:36,0,108.187.204.115,100,26,1,10/16/2018 7:36,R_2OYz543wwpWgbT7,,,,,37.75100708,-97.8219986,anonymous,EN,"3,5",,,,,,,,,,,,,,,,,,,,,,,,,,,,,,,,,,,,,,,,,,,,,,,,,,,,,,,,,,,,,,,,,,,,,,,,,,,,,,,,,,,,,,,,,,,,,,,,,,,,,,,,,,,,,,,,,,,,,,,,,,,,,,,,,,,,,,,,,,,,,,,,,,,,,,,,,,,,,,,,,,,,,,,,,,,,,,,,,,,,,,,,,,,,,,,,,,,,,,,,,,,,,,,,,,,34693,"<span lang=""EN-GB"">Suppose
     you want to call your mother for sharing an important update about your
     life when you are alone at Starbucks.<o:p></o:p></span>"
10/16/2018 7:36,10/16/2018 7:36,0,108.187.204.115,100,18,1,10/16/2018 7:36,R_1eQp39QPwSw9J5Q,,,,,37.75100708,-97.8219986,anonymous,EN,2,,,,,,,,,,,,,,,,,,,,,,,,,,,,,,,,,,,,,,,,,,,,,,,,,,,,,,,,,,,,,,,,,,,,,,,,,,,,,,,,,,,,,,,,,,,,,,,,,,,,,,,,,,,,,,,,,,,,,,,,,,,,,,,,,,,,,,,,,,,,,,,,,,,,,,,,,,,,,,,,,,,,,,,,,,,,,,,,,,,,,,,,,,,,,,,,,,,,,,,,,,,,,,,,,,,42801,"<span lang=""EN-GB"">Suppose
     you want to a send an email when you are walking on a street.<o:p></o:p></span>"
10/16/2018 7:33,10/16/2018 7:36,0,69.130.217.41,100,205,1,10/16/2018 7:36,R_2fB6RjlWWQkP47j,,,,,32.89320374,-105.9485016,anonymous,EN,"1,2,3,4,5",1,,1,,1,,1,,1,,3,"1,2,3",,"1,2",,3,"2,4",,2,,"2,3",,"1,2,3",,"1,2,3",,1,,5,,,,,,,,,,,,,,,,,,,,,,,,,,,,,,,,,,,,,,,,,,,,,,,,,,,,,,,,,,,,,,,,,,,,,,,,,,,,,,,,,,,,,,,,,,,,,,,,,,,,,,,,,,,,,,,,,,,,,1,,2,,4,,1,,4,,3,3,,1,,1,,4,,4,,2,,"1,4",,3,,2,,,,,,,,,,,,,,,,,,,,,,,,,,,,,,,male,29,IT Clerk,3,1,,1,86468,"<span lang=""EN-GB"">Suppose
     you want to listen to some audio when you are with people you know (e.g.,
     acquaintances, colleagues) in a park.<o:p></o:p></span>


<p><span lang=""EN-GB"" style=""color:red"">&nbsp;</span></p>"
10/16/2018 7:37,10/16/2018 7:37,0,108.187.204.115,100,25,1,10/16/2018 7:37,R_51i2i1Kmx68mwLL,,,,,37.75100708,-97.8219986,anonymous,EN,"3,6",,,,,,,,,,,,,,,,,,,,,,,,,,,,,,,,,,,,,,,,,,,,,,,,,,,,,,,,,,,,,,,,,,,,,,,,,,,,,,,,,,,,,,,,,,,,,,,,,,,,,,,,,,,,,,,,,,,,,,,,,,,,,,,,,,,,,,,,,,,,,,,,,,,,,,,,,,,,,,,,,,,,,,,,,,,,,,,,,,,,,,,,,,,,,,,,,,,,,,,,,,,,,,,,,,,61173,"<span lang=""EN-GB"">Suppose
     you want to listen to some audio when you are alone at Starbucks.<o:p></o:p></span>"
10/16/2018 7:37,10/16/2018 7:37,0,108.187.204.115,100,9,1,10/16/2018 7:37,R_T5Zo0XXGcWp2ks9,,,,,37.75100708,-97.8219986,anonymous,EN,4,,,,,,,,,,,,,,,,,,,,,,,,,,,,,,,,,,,,,,,,,,,,,,,,,,,,,,,,,,,,,,,,,,,,,,,,,,,,,,,,,,,,,,,,,,,,,,,,,,,,,,,,,,,,,,,,,,,,,,,,,,,,,,,,,,,,,,,,,,,,,,,,,,,,,,,,,,,,,,,,,,,,,,,,,,,,,,,,,,,,,,,,,,,,,,,,,,,,,,,,,,,,,,,,,,,25653,"<span lang=""EN-GB"">Suppose
     you want&nbsp; to a send a text message
     when you are walking with a very close friend on a street<o:p></o:p></span>"
10/16/2018 7:38,10/16/2018 7:38,0,108.187.204.115,100,27,1,10/16/2018 7:38,R_2X6XGLzzSzuNT7g,,,,,37.75100708,-97.8219986,anonymous,EN,3,,,,,,,,,,,,,,,,,,,,,,,,,,,,,,,,,,,,,,,,,,,,,,,,,,,,,,,,,,,,,,,,,,,,,,,,,,,,,,,,,,,,,,,,,,,,,,,,,,,,,,,,,,,,,,,,,,,,,,,,,,,,,,,,,,,,,,,,,,,,,,,,,,,,,,,,,,,,,,,,,,,,,,,,,,,,,,,,,,,,,,,,,,,,,,,,,,,,,,,,,,,,,,,,,,,76646,"<span lang=""EN-GB"">Suppose you want to find a route to home while walking on a street with people you know (e.g., acquaintances, colleagues).<o:p></o:p></span>"
10/16/2018 7:31,10/16/2018 7:41,0,100.35.97.44,100,556,1,10/16/2018 7:41,R_1KiJ47vnQJg9vvN,,,,,40.74450684,-74.15080261,anonymous,EN,"1,2,3,4,5,6","2,5",,1,,1,,3,,2,,"2,3",3,,2,,"2,3","1,3",,5,,3,,5,,5,,1,,2,,,,,,,,,,,,,,,,,,,,,,,,,,,,,,"2,5",,1,,"1,2",,1,,2,,3,"1,2",,2,,2,,3,,3,,2,,3,,5,,4,,,,,,,,,,,,,,,,,,,,,,,,,,,,,,,,,,,,,,,,,,,,,,,,,,,,,,,,,,,,,,,,,,,,,,,,,,,,,,,,,,,,,,,,,,,,,,,,,,,,,,,,,,,,,,,,,,,,,,female,22,student,5,1,,2,37093,"<span lang=""EN-GB"">Suppose you want to browse the internet when you are with your close friends at a park.<o:p></o:p></span>"
10/16/2018 7:41,10/16/2018 7:45,0,98.159.196.54,100,208,1,10/16/2018 7:45,R_32QT4cv5Gn150XP,,,,,34.7507019,-86.14219666,anonymous,EN,"1,2,3,4,5,6",3,,1,,1,,1,,1,,3,"1,2",,2,,3,2,,1,,"3,6",,1,,1,,2,,"1,2,3,4,5,6",1,,3,,2,,1,,1,,3,1,,3,,2,,4,,6,,1,,6,,1,,4,,4,,3,,2,,1,,4,,4,5,,3,,1,,2,,4,,1,,3,,2,,4,,3,,3,,4,,1,,3,,4,1,,3,,2,,2,,4,,1,,6,,2,,1,,1,,2,,1,,1,,4,,4,1,,3,,2,,2,,6,,2,,4,,2,,4,,4,,3,,2,,1,,3,,3,2,,3,,2,,3,,2,,2,,4,,1,,1,,3,,2,,1,,1,,4,,3,1,,3,,3,,1,,6,,2,,1,,2,,2,,f,32,cashier,5,1,,2,1751,"<span lang=""EN-GB"">Suppose you want to a send an email when you are walking with a very close friend on a street.&nbsp;<o:p></o:p></span>"
10/16/2018 7:32,10/16/2018 7:46,0,113.53.67.233,100,824,1,10/16/2018 7:46,R_1obDTFZzlndCg3j,,,,,6.25,102.0332947,anonymous,EN,"1,2,4,6",4,,1,,"1,2,3",,1,,1,,"2,3","1,2",,"1,2,3",,"2,3","1,2,3",,"1,2,3",,4,,"1,2,3",,"1,3",,1,,"1,2",4,,1,,2,,1,,3,,"2,3",3,,"1,3",,"1,3",,"1,2",,4,,2,,"3,4",,3,,1,,2,,1,,"1,2,3",,1,,3,,3,"2,3",,3,,3,,1,,3,,"1,2",,3,,3,,2,,,,,,,,,,,,,,,,,,,,,,,,,,,,,,,,,,,,,,,,,,,,,,,,,,,,,,,,,,,,,,,,,,,,,,,,,,,,,,,,,,,,,,,,,,,,,,,,,,,,,,,,,,,,,,,,,,,,,,Female,36,Merchandiser,5,5,,6,74162,"<span lang=""EN-GB"">Suppose you are alone at home, you want to take a break from studying/working&nbsp;</span>so you decide to play an online/digital game."
10/16/2018 7:53,10/16/2018 7:53,0,108.187.204.115,100,13,1,10/16/2018 7:53,R_21hq6ZercgRheSH,,,,,37.75100708,-97.8219986,anonymous,EN,4,,,,,,,,,,,,,,,,,,,,,,,,,,,,,,,,,,,,,,,,,,,,,,,,,,,,,,,,,,,,,,,,,,,,,,,,,,,,,,,,,,,,,,,,,,,,,,,,,,,,,,,,,,,,,,,,,,,,,,,,,,,,,,,,,,,,,,,,,,,,,,,,,,,,,,,,,,,,,,,,,,,,,,,,,,,,,,,,,,,,,,,,,,,,,,,,,,,,,,,,,,,,,,,,,,,51241,"<span lang=""EN-GB"">Suppose you want to watch some video when you are alone in a park.<o:p></o:p></span>"
10/16/2018 7:43,10/16/2018 7:54,0,100.35.97.44,100,643,1,10/16/2018 7:54,R_3qdNLXI6jo8XEDQ,,,,,40.74450684,-74.15080261,anonymous,EN,"1,2,4","2,5",,1,,"1,2,3",,1,,2,,3,5,,"2,3",,3,3,,"1,2",,3,,"1,2",,5,,1,,"2,4",,,,,,,,,,,,,,,,,,,,,,,,,,,,,,"2,5",,1,,"1,2,3",,1,,1,,3,5,,2,,2,,3,,3,,2,,3,,1,,1,,,,,,,,,,,,,,,,,,,,,,,,,,,,,,,"2,5",,1,,"1,2",,1,,1,,3,5,,2,,2,,3,,3,,2,,3,,5,,1,,,,,,,,,,,,,,,,,,,,,,,,,,,,,,,,,,,,,,,,,,,,,,,,,,,,,,,,,,,,male,60,retired,4,1,,3,20945,"<span lang=""EN-GB"">Suppose you want to browse the internet when you alone at a park.<o:p></o:p></span>"
10/16/2018 8:05,10/16/2018 8:05,0,108.187.204.115,100,14,1,10/16/2018 8:05,R_DpzvgQ5VhyOocud,,,,,37.75100708,-97.8219986,anonymous,EN,2,,,,,,,,,,,,,,,,,,,,,,,,,,,,,,,,,,,,,,,,,,,,,,,,,,,,,,,,,,,,,,,,,,,,,,,,,,,,,,,,,,,,,,,,,,,,,,,,,,,,,,,,,,,,,,,,,,,,,,,,,,,,,,,,,,,,,,,,,,,,,,,,,,,,,,,,,,,,,,,,,,,,,,,,,,,,,,,,,,,,,,,,,,,,,,,,,,,,,,,,,,,,,,,,,,,18803,"<span lang=""EN-GB"">Suppose you are at Starbucks with your close friends and you realize today is the last day to pay one of your bills online.<o:p></o:p></span>"
10/16/2018 8:11,10/16/2018 8:12,0,216.107.42.174,100,36,1,10/16/2018 8:12,R_22PlGQ3Vt8sSMEA,,,,,37.75100708,-97.8219986,anonymous,EN,"1,2",,,,,,,,,,,,,,,,,,,,,,,,,,,,,,,,,,,,,,,,,,,,,,,,,,,,,,,,,,,,,,,,,,,,,,,,,,,,,,,,,,,,,,,,,,,,,,,,,,,,,,,,,,,,,,,,,,,,,,,,,,,,,,,,,,,,,,,,,,,,,,,,,,,,,,,,,,,,,,,,,,,,,,,,,,,,,,,,,,,,,,,,,,,,,,,,,,,,,,,,,,,,,,,,,,,91010,"<span lang=""EN-GB"" style=""font-size:11.0pt;line-height:115%;
font-family:&quot;Arial&quot;,sans-serif;mso-fareast-font-family:Arial;mso-ansi-language:
EN-GB;mso-fareast-language:EN-US;mso-bidi-language:AR-SA"">Suppose you have
planned to meet a friend next week and you want put this on your calendar<span style=""color:#434343""> when you with </span>people you know (e.g.,
acquaintances, colleagues)<span style=""color:#434343""> at a park</span></span>"
10/16/2018 8:19,10/16/2018 8:19,0,71.194.123.244,100,11,1,10/16/2018 8:19,R_2Rb2Hb56wZyDOQv,,,,,41.97940063,-88.20629883,anonymous,EN,1,,,,,,,,,,,,,,,,,,,,,,,,,,,,,,,,,,,,,,,,,,,,,,,,,,,,,,,,,,,,,,,,,,,,,,,,,,,,,,,,,,,,,,,,,,,,,,,,,,,,,,,,,,,,,,,,,,,,,,,,,,,,,,,,,,,,,,,,,,,,,,,,,,,,,,,,,,,,,,,,,,,,,,,,,,,,,,,,,,,,,,,,,,,,,,,,,,,,,,,,,,,,,,,,,,,71687,"<span lang=""EN-GB"">Suppose
     you want to read a digital document) when you are at home with people you
     know (e.g., acquaintances, colleagues).<o:p></o:p></span>"
10/16/2018 8:20,10/16/2018 8:23,0,177.42.129.170,100,172,1,10/16/2018 8:23,R_31ia10qZc9QVTpC,,,,,-8.011703491,-34.95289612,anonymous,EN,"1,2,3,4,6","1,3",,3,,3,,1,,4,,4,2,,1,,3,4,,2,,3,,1,,3,,1,,2,,,,,,,,,,,,,,,,,,,,,,,,,,,,,,"2,3",,2,,4,,1,,4,,3,2,,2,,2,,1,,1,,1,,1,,2,,2,,,,,,,,,,,,,,,,,,,,,,,,,,,,,,,,,,,,,,,,,,,,,,,,,,,,,,,,,,,,,,,,,,,,,,,,,,,,,,,,,,,,,,,,,,,,,,,,,,,,,,,,,,,,,,,,,,,,,,male,40,pilot,5,1,,3,99289,"<span lang=""EN-GB"">Suppose
     you want to find a route to home when you are alone at Starbucks.<o:p></o:p></span>"
10/16/2018 8:23,10/16/2018 8:23,0,173.23.33.49,100,5,1,10/16/2018 8:23,R_1oEXmXseKiKC3BU,,,,,42.50880432,-94.18070221,anonymous,EN,3,,,,,,,,,,,,,,,,,,,,,,,,,,,,,,,,,,,,,,,,,,,,,,,,,,,,,,,,,,,,,,,,,,,,,,,,,,,,,,,,,,,,,,,,,,,,,,,,,,,,,,,,,,,,,,,,,,,,,,,,,,,,,,,,,,,,,,,,,,,,,,,,,,,,,,,,,,,,,,,,,,,,,,,,,,,,,,,,,,,,,,,,,,,,,,,,,,,,,,,,,,,,,,,,,,,41902,"<span lang=""EN-GB"">Suppose
     you want to purchase something (e.g., book, household items) online when
     you are with your close friends at a park.<o:p></o:p></span>"
10/16/2018 8:31,10/16/2018 8:32,0,63.155.9.65,100,24,1,10/16/2018 8:32,R_3hACCMHx4R8XMPB,,,,,44.10049438,-123.1334,anonymous,EN,1,,,,,,,,,,,,,,,,,,,,,,,,,,,,,,,,,,,,,,,,,,,,,,,,,,,,,,,,,,,,,,,,,,,,,,,,,,,,,,,,,,,,,,,,,,,,,,,,,,,,,,,,,,,,,,,,,,,,,,,,,,,,,,,,,,,,,,,,,,,,,,,,,,,,,,,,,,,,,,,,,,,,,,,,,,,,,,,,,,,,,,,,,,,,,,,,,,,,,,,,,,,,,,,,,,,84612,"<span lang=""EN-GB"">Suppose
     you are at home with some people you know (e.g., acquaintances,
     colleagues) when you realize today is the last day to pay one of your
     bills online.<o:p></o:p></span>"
10/16/2018 8:38,10/16/2018 8:39,0,196.18.226.4,100,60,1,10/16/2018 8:39,R_Ast0f7tPQmJ1Ayd,,,,,39.09970093,-94.57859802,anonymous,EN,1,,,,,,,,,,,,,,,,,,,,,,,,,,,,,,,,,,,,,,,,,,,,,,,,,,,,,,,,,,,,,,,,,,,,,,,,,,,,,,,,,,,,,,,,,,,,,,,,,,,,,,,,,,,,,,,,,,,,,,,,,,,,,,,,,,,,,,,,,,,,,,,,,,,,,,,,,,,,,,,,,,,,,,,,,,,,,,,,,,,,,,,,,,,,,,,,,,,,,,,,,,,,,,,,,,,97532,"<span lang=""EN-GB"">Suppose
     you want to purchase something online when you are with people you know
     (e.g., acquaintances, colleagues) at your home.<o:p></o:p></span>"
10/16/2018 8:34,10/16/2018 8:39,0,12.218.182.74,100,330,1,10/16/2018 8:39,R_2usuLgPL2EBXRHX,,,,,27.76429749,-80.60189819,anonymous,EN,"1,2,3,5",1,,5,,"1,2,3,4",,3,,2,,4,5,,1,,1,2,,5,,7,,5,,5,,4,,2,,,,,,,,,,,,,,,,,,,,,,,,,,,,,,7,,5,,3,,1,,2,,4,5,,"2,3",,5,,2,,7,,5,,7,,5,,4,,,,,,,,,,,,,,,,,,,,,,,,,,,,,,,,,,,,,,,,,,,,,,,,,,,,,,,,,,,,,,,,,,,,,,,,,,,,,,,,,,,,,,,,,,,,,,,,,,,,,,,,,,,,,,,,,,,,,,male,34,salesman,2,1,,3,26961,"<span lang=""EN-GB"" style=""font-size:11.0pt;line-height:115%;
font-family:&quot;Arial&quot;,sans-serif;mso-fareast-font-family:Arial;mso-ansi-language:
EN-GB;mso-fareast-language:EN-US;mso-bidi-language:AR-SA"">Suppose you want to a
send a text message when you are alone at Starbucks.</span>"
10/16/2018 8:49,10/16/2018 8:49,0,196.17.65.53,100,9,1,10/16/2018 8:49,R_31TbcqragcGUMpd,,,,,34.05439758,-118.2440033,anonymous,EN,3,,,,,,,,,,,,,,,,,,,,,,,,,,,,,,,,,,,,,,,,,,,,,,,,,,,,,,,,,,,,,,,,,,,,,,,,,,,,,,,,,,,,,,,,,,,,,,,,,,,,,,,,,,,,,,,,,,,,,,,,,,,,,,,,,,,,,,,,,,,,,,,,,,,,,,,,,,,,,,,,,,,,,,,,,,,,,,,,,,,,,,,,,,,,,,,,,,,,,,,,,,,,,,,,,,,39809,"<span lang=""EN-GB"">Suppose
     you want to read a digital document when you are alone at home.<strong><o:p></o:p></strong></span>"
10/16/2018 8:53,10/16/2018 8:53,0,107.5.199.80,100,18,1,10/16/2018 8:53,R_2xL7am5TVh3oejn,,,,,42.91040039,-85.82759857,anonymous,EN,"1,2",,,,,,,,,,,,,,,,,,,,,,,,,,,,,,,,,,,,,,,,,,,,,,,,,,,,,,,,,,,,,,,,,,,,,,,,,,,,,,,,,,,,,,,,,,,,,,,,,,,,,,,,,,,,,,,,,,,,,,,,,,,,,,,,,,,,,,,,,,,,,,,,,,,,,,,,,,,,,,,,,,,,,,,,,,,,,,,,,,,,,,,,,,,,,,,,,,,,,,,,,,,,,,,,,,,16295,"<span lang=""EN-GB"">Suppose
     you want to purchase something online when you are alone at your home.<o:p></o:p></span>"
10/16/2018 8:00,10/16/2018 8:54,0,100.35.97.44,100,3225,1,10/16/2018 8:54,R_Z4bWr3CviU81sit,,,,,40.74450684,-74.15080261,anonymous,EN,"1,2,3,4,5,6","2,5",,5,,"1,2,3",,1,,1,,3,5,,"2,3",,3,3,,2,,"1,2",,2,,5,,1,,2,,,,,,,,,,,,,,,,,,,,,,,,,,,,,,"1,2",,5,,"1,3,4",,1,,1,,3,5,,"2,3",,"2,3",,3,,"1,2,3",,2,,"1,2,3",,1,,1,,,,,,,,,,,,,,,,,,,,,,,,,,,,,,,,,,,,,,,,,,,,,,,,,,,,,,,,,,,,,,,,,,,,,,,,,,,,,,,,,,,,,,,,,,,,,,,,,,,,,,,,,,,,,,,,,,,,,,agender,36,freelancer,3,3,,3,86317,"Suppose you want to find a route to a coffee shop
     when you are at home with your by your colleagues<o:p></o:p>"
10/16/2018 8:56,10/16/2018 9:03,0,100.35.97.44,100,413,1,10/16/2018 9:03,R_2qmTO2l6egv3qBO,,,,,40.74450684,-74.15080261,anonymous,EN,"1,2,3,4,5,6",2,,5,,3,,3,,1,,1,1,,5,,1,3,,2,,3,,2,,5,,4,,"2,6",,,,,,,,,,,,,,,,,,,,,,,,,,,,,,"2,5",,5,,"1,2,3",,1,,1,,3,5,,5,,5,,3,,"1,3",,2,,"1,3",,1,,4,,,,,,,,,,,,,,,,,,,,,,,,,,,,,,,,,,,,,,,,,,,,,,,,,,,,,,,,,,,,,,,,,,,,,,,,,,,,,,,,,,,,,,,,,"2,5",,5,,"2,3",,1,,1,,3,2,,"2,3",,"2,3",,3,,"1,3,4",,"1,2",,"1,3,4",,1,,4,,Female,32,Teacher,5,1,,4,94175,"<span lang=""EN-GB"">Suppose
     you want to a view a text message when you are surrounded by people you
     know (e.g., acquaintances, colleagues) at your home.<o:p></o:p></span>"
10/16/2018 9:01,10/16/2018 9:11,0,72.207.231.13,100,612,1,10/16/2018 9:11,R_1j8oDsjXa6el5Un,,,,,30.40660095,-91.14679718,anonymous,EN,"1,2,4,5","1,2,3,4,5",,1,,"1,2,3,4",,1,,1,,"1,2","2,3",,"1,2",,"1,2","2,3,4",,"1,2,3",,"2,3,4",,"1,2,3",,"1,2,3",,"1,2",,"4,5",,,,,,,,,,,,,,,,,,,,,,,,,,,,,,,,,,,,,,,,,,,,,,,,,,,,,,,,,,,,,,,,,,,,,,,,,,,,,,,,,,,,,,,,"2,4,5",,"1,3",,"2,3",,1,,1,,1,"1,2,3",,3,,"2,3",,3,,3,,"1,2",,3,,"1,2,3",,2,,1,,2,,2,,1,,4,,3,2,,1,,1,,4,,"1,2",,3,,"1,2,4",,"1,2",,2,,,,,,,,,,,,,,,,,,,,,,,,,,,,,,,female,29,retail ,5,1,,1,15923,"<span lang=""EN-GB"">Suppose
     you want to listen to some audio when you are at home with people you are
     close to (e.g., friends, family members).<strong><o:p></o:p></strong></span>"
10/16/2018 9:16,10/16/2018 9:22,0,100.35.97.44,100,361,1,10/16/2018 9:22,R_1FhWBvilFkKsXz0,,,,,40.74450684,-74.15080261,anonymous,EN,"1,2,3,4,5,6","2,3",,1,,"1,2,3",,1,,1,,3,5,,5,,3,3,,"1,2",,"1,3,4",,"1,2",,1,,4,,"2,6",,,,,,,,,,,,,,,,,,,,,,,,,,,,,,"2,5",,5,,"1,2,3",,1,,1,,3,5,,"2,3",,"1,3",,3,,"1,2,3,4",,"1,2",,"1,2,3,4",,1,,4,,,,,,,,,,,,,,,,,,,,,,,,,,,,,,,,,,,,,,,,,,,,,,,,,,,,,,,,,,,,,,,,,,,,,,,,,,,,,,,,,,,,,,,,,"2,5",,5,,"1,2,3",,1,,1,,3,5,,"2,3",,2,,3,,"1,3,4",,"1,2",,"1,3,4",,1,,4,,female,47,home maker,3,2,,3,22495,"<span lang=""EN-GB"">Suppose
     you want to a view a text message
     when you are walking with a very close friend on a street<o:p></o:p></span>"
10/16/2018 9:28,10/16/2018 9:28,0,108.92.172.65,100,16,1,10/16/2018 9:28,R_XAqj704BcMEbsOJ,,,,,27.84579468,-97.59600067,anonymous,EN,"1,2",,,,,,,,,,,,,,,,,,,,,,,,,,,,,,,,,,,,,,,,,,,,,,,,,,,,,,,,,,,,,,,,,,,,,,,,,,,,,,,,,,,,,,,,,,,,,,,,,,,,,,,,,,,,,,,,,,,,,,,,,,,,,,,,,,,,,,,,,,,,,,,,,,,,,,,,,,,,,,,,,,,,,,,,,,,,,,,,,,,,,,,,,,,,,,,,,,,,,,,,,,,,,,,,,,,68086,"<span lang=""EN-GB"" style=""font-size:11.0pt;line-height:115%;
font-family:&quot;Arial&quot;,sans-serif;mso-fareast-font-family:Arial;mso-ansi-language:
EN-GB;mso-fareast-language:EN-US;mso-bidi-language:AR-SA"">Suppose you want to a
send an email when you are at Starbucks.</span>"
10/16/2018 9:33,10/16/2018 9:33,0,71.215.152.196,100,10,1,10/16/2018 9:33,R_1iqz9us48KY2P9M,,,,,26.69299316,-81.91249847,anonymous,EN,2,,,,,,,,,,,,,,,,,,,,,,,,,,,,,,,,,,,,,,,,,,,,,,,,,,,,,,,,,,,,,,,,,,,,,,,,,,,,,,,,,,,,,,,,,,,,,,,,,,,,,,,,,,,,,,,,,,,,,,,,,,,,,,,,,,,,,,,,,,,,,,,,,,,,,,,,,,,,,,,,,,,,,,,,,,,,,,,,,,,,,,,,,,,,,,,,,,,,,,,,,,,,,,,,,,,48549,"<span lang=""EN-GB"">Suppose you want to read a digital document when you are at a park.<o:p></o:p></span>"
10/16/2018 9:33,10/16/2018 9:33,0,71.215.152.196,100,6,1,10/16/2018 9:33,R_3QJnidKULed3RRr,,,,,26.69299316,-81.91249847,anonymous,EN,1,,,,,,,,,,,,,,,,,,,,,,,,,,,,,,,,,,,,,,,,,,,,,,,,,,,,,,,,,,,,,,,,,,,,,,,,,,,,,,,,,,,,,,,,,,,,,,,,,,,,,,,,,,,,,,,,,,,,,,,,,,,,,,,,,,,,,,,,,,,,,,,,,,,,,,,,,,,,,,,,,,,,,,,,,,,,,,,,,,,,,,,,,,,,,,,,,,,,,,,,,,,,,,,,,,,24532,"<span lang=""EN-GB"">Suppose
     you want to take a click a photo when you are with people you are close to
     (e.g., friends, family members) at home<o:p></o:p></span>"
10/16/2018 9:28,10/16/2018 9:35,0,108.92.172.65,100,432,1,10/16/2018 9:35,R_25Y2VCNAUNS3Hqj,,,,,27.84579468,-97.59600067,anonymous,EN,"1,2,3","1,2,5",,"1,2,3",,"1,2,3,4",,1,,1,,"1,2,3","1,2,3",,"1,2,3",,4,6,,2,,"1,2,3,4",,"1,2,3",,"1,2,3",,"1,2,3",Itunes playlist,2,,,,,,,,,,,,,,,,,,,,,,,,,,,,,,7,,5,,"1,2,3,4",,1,,1,,4,"1,2,3",,"2,3",,"2,3",,6,,7,,"1,2",,7,,"1,3",,2,,,,,,,,,,,,,,,,,,,,,,,,,,,,,,,,,,,,,,,,,,,,,,,,,,,,,,,,,,,,,,,,,,,,,,,,,,,,,,,,,,,,,,,,,,,,,,,,,,,,,,,,,,,,,,,,,,,,,,Male,26,Self-employed Entrepreneur / freelancer,3,7,Maharlika - First Generation Filipino,11,78464,"<span lang=""EN-GB"">Suppose you are at your gym and you want to track the amount of calories&nbsp;</span>you have burnt your workout.&nbsp;"
10/16/2018 9:34,10/16/2018 9:38,0,68.199.29.126,100,228,1,10/16/2018 9:38,R_1CrzscdvjOfhh2I,,,,,40.66639709,-74.11920166,anonymous,EN,"1,2,3,4,5,6",5,,"1,2",,4,,1,,"1,2,4",,"2,3",2,,"1,2",,"1,2","1,3",,2,,"3,4,6",,2,,"1,2,3",,2,,2,,,,,,,,,,,,,,,,,,,,,,,,,,,,,,2,,3,,"1,2,4",,1,,1,,"2,3",1,,"2,3",,"1,2",,2,,"3,4,6",,1,,6,,3,,2,,,,,,,,,,,,,,,,,,,,,,,,,,,,,,,,,,,,,,,,,,,,,,,,,,,,,,,,,,,,,,,,,,,,,,,,,,,,,,,,,,,,,,,,,,,,,,,,,,,,,,,,,,,,,,,,,,,,,,Female,29,Nurse,5,5,,2,32969,"<span lang=""EN-GB"">Suppose you want to browse through one of your social media profiles when you&nbsp;</span>are at your home."
10/16/2018 9:42,10/16/2018 9:42,0,104.227.86.4,100,30,1,10/16/2018 9:42,R_3efVwILXGgAds7E,,,,,34.1072998,-118.2266006,anonymous,EN,1,,,,,,,,,,,,,,,,,,,,,,,,,,,,,,,,,,,,,,,,,,,,,,,,,,,,,,,,,,,,,,,,,,,,,,,,,,,,,,,,,,,,,,,,,,,,,,,,,,,,,,,,,,,,,,,,,,,,,,,,,,,,,,,,,,,,,,,,,,,,,,,,,,,,,,,,,,,,,,,,,,,,,,,,,,,,,,,,,,,,,,,,,,,,,,,,,,,,,,,,,,,,,,,,,,,61365,"<span lang=""EN-GB"">Suppose
     you want to purchase something online when you are alone at a park.<o:p></o:p></span>"
10/16/2018 9:42,10/16/2018 9:42,0,69.207.210.156,100,49,1,10/16/2018 9:42,R_3rHBiZybI6NntGM,,,,,42.4624939,-75.04910278,anonymous,EN,"2,3",,,,,,,,,,,,,,,,,,,,,,,,,,,,,,,,,,,,,,,,,,,,,,,,,,,,,,,,,,,,,,,,,,,,,,,,,,,,,,,,,,,,,,,,,,,,,,,,,,,,,,,,,,,,,,,,,,,,,,,,,,,,,,,,,,,,,,,,,,,,,,,,,,,,,,,,,,,,,,,,,,,,,,,,,,,,,,,,,,,,,,,,,,,,,,,,,,,,,,,,,,,,,,,,,,,89459,"<span lang=""EN-GB"">Suppose
     you want to set up a reminder when you are alone at your home.<strong><o:p></o:p></strong></span>"
10/16/2018 9:53,10/16/2018 9:54,0,196.18.226.219,100,73,1,10/16/2018 9:54,R_6L5pB666YFIJEiJ,,,,,39.09970093,-94.57859802,anonymous,EN,2,,,,,,,,,,,,,,,,,,,,,,,,,,,,,,,,,,,,,,,,,,,,,,,,,,,,,,,,,,,,,,,,,,,,,,,,,,,,,,,,,,,,,,,,,,,,,,,,,,,,,,,,,,,,,,,,,,,,,,,,,,,,,,,,,,,,,,,,,,,,,,,,,,,,,,,,,,,,,,,,,,,,,,,,,,,,,,,,,,,,,,,,,,,,,,,,,,,,,,,,,,,,,,,,,,,68481,"<span lang=""EN-GB"">Suppose you want to a view a text message when you are alone at a street.<o:p></o:p></span>"
10/16/2018 9:54,10/16/2018 9:55,0,196.18.226.219,100,13,1,10/16/2018 9:55,R_1E0fmTUySZ0BaDa,,,,,39.09970093,-94.57859802,anonymous,EN,2,,,,,,,,,,,,,,,,,,,,,,,,,,,,,,,,,,,,,,,,,,,,,,,,,,,,,,,,,,,,,,,,,,,,,,,,,,,,,,,,,,,,,,,,,,,,,,,,,,,,,,,,,,,,,,,,,,,,,,,,,,,,,,,,,,,,,,,,,,,,,,,,,,,,,,,,,,,,,,,,,,,,,,,,,,,,,,,,,,,,,,,,,,,,,,,,,,,,,,,,,,,,,,,,,,,6896,"<span lang=""EN-GB"">Suppose
     you want to a view a text message when you with people you know (e.g.,
     acquaintances, colleagues) at a street<strong>.</strong><o:p></o:p></span>"
10/16/2018 9:55,10/16/2018 9:55,0,196.18.226.219,100,14,1,10/16/2018 9:55,R_qOpFdd9LLdPw9e9,,,,,39.09970093,-94.57859802,anonymous,EN,1,,,,,,,,,,,,,,,,,,,,,,,,,,,,,,,,,,,,,,,,,,,,,,,,,,,,,,,,,,,,,,,,,,,,,,,,,,,,,,,,,,,,,,,,,,,,,,,,,,,,,,,,,,,,,,,,,,,,,,,,,,,,,,,,,,,,,,,,,,,,,,,,,,,,,,,,,,,,,,,,,,,,,,,,,,,,,,,,,,,,,,,,,,,,,,,,,,,,,,,,,,,,,,,,,,,9715,"<span lang=""EN-GB"">Suppose you want to read a digital document when you are at Starbucks with people you know (e.g., acquaintances, colleagues).<o:p></o:p></span>"
10/16/2018 9:55,10/16/2018 9:56,0,207.189.25.84,100,48,1,10/16/2018 9:56,R_30pJVpVEUi86idf,,,,,38.9066925,-77.03119659,anonymous,EN,"1,2",,,,,,,,,,,,,,,,,,,,,,,,,,,,,,,,,,,,,,,,,,,,,,,,,,,,,,,,,,,,,,,,,,,,,,,,,,,,,,,,,,,,,,,,,,,,,,,,,,,,,,,,,,,,,,,,,,,,,,,,,,,,,,,,,,,,,,,,,,,,,,,,,,,,,,,,,,,,,,,,,,,,,,,,,,,,,,,,,,,,,,,,,,,,,,,,,,,,,,,,,,,,,,,,,,,65738,"<span lang=""EN-GB"">Suppose
     you want to listen to some audio when you are alone at your home.<strong><o:p></o:p></strong></span>"
10/16/2018 9:57,10/16/2018 10:07,0,207.189.25.84,100,648,1,10/16/2018 10:07,R_1JImz7Bx5AXV4F4,,,,,38.9066925,-77.03119659,anonymous,EN,"1,2,3,4,5,6","2,3",,3,,"2,4",,1,,"3,4",,"2,3","1,3",,"2,3",,1,"1,4",,"1,3",,"1,2",,"1,2",,1,,1,,"1,2,4","2,4",,"2,3",,"2,3,4",,1,,"3,4",,"2,3","1,3",,"2,3",,"2,3",,"1,2,3",,"1,3",,"1,3",,"1,2,3",,"1,2",,"1,2",,"1,2,5",,"2,3",,"1,4",,1,,"1,4",,"2,3",5,,"1,2",,"2,3",,"1,2",,"3,4",,"1,3",,"2,4,6",,"2,3",,2,,,,,,,,,,,,,,,,,,,,,,,,,,,,,,,"2,4",,"1,3",,"1,2,4",,1,,"1,3,4",,"1,3","1,3",,"1,3",,"2,3",,"1,4",,"1,3,6",,1,,"3,4",,"2,3",,1,,,,,,,,,,,,,,,,,,,,,,,,,,,,,,,,,,,,,,,,,,,,,,,,,,,,,,,,,,,,female,40,self employee,5,1,,3,37533,"<span id=""docs-internal-guid-5a7e3441-7fff-9d1f-10e6-454a1d940975""><span style=""font-size: 11pt; font-family: Arial; color: rgb(0, 0, 0); background-color: transparent; font-variant-numeric: normal; font-variant-east-asian: normal; vertical-align: baseline; white-space: pre-wrap;"">Suppose you want to call your mother for sharing an important update about your life &nbsp;when you are alone at home</span><br> <br><br></span>"
10/16/2018 10:00,10/16/2018 10:09,0,68.21.144.70,100,542,1,10/16/2018 10:09,R_1gLoKaEt2fX6gRX,,,,,30.5059967,-97.74720001,anonymous,EN,"1,2,3,5,6","1,2,4,5",,1,,1,,1,,4,,"2,3","1,2,3",,2,,"2,3","1,3,4",,"1,2,3",,"2,3,4",,"1,3",,"1,2,3",,"1,2",,2,,,,,,,,,,,,,,,,,,,,,,,,,,,,,,3,,1,,"2,3",,1,,1,,2,"1,2,3",,5,,5,,6,,6,,5,,3,,2,,4,,,,,,,,,,,,,,,,,,,,,,,,,,,,,,,,,,,,,,,,,,,,,,,,,,,,,,,,,,,,,,,,,,,,,,,,,,,,,,,,,,,,,,,,,,,,,,,,,,,,,,,,,,,,,,,,,,,,,,male,35,support,5,1,,6,50595,"<span lang=""EN-GB"">Suppose
     you want to a send a text message when you with people you know (e.g., acquaintances,
     colleagues) at a street<strong>.</strong><o:p></o:p></span>"
10/16/2018 10:05,10/16/2018 10:16,0,174.225.141.81,100,675,1,10/16/2018 10:16,R_1n0jsvW9DZcWma0,,,,,40.7888031,-74.0114975,anonymous,EN,"1,2,4,5,6","1,2,4,5",,3,,"1,2,3",,3,,2,,3,"1,3",,"2,3",,3,"1,3",,2,,6,,2,,5,,4,,"2,4,5",,,,,,,,,,,,,,,,,,,,,,,,,,,,,,"1,2,5",,3,,"2,3",,1,,1,,3,"1,3",,"2,3",,"2,3",,3,,"2,3",,"1,2",,"2,3",,5,,4,,,,,,,,,,,,,,,,,,,,,,,,,,,,,,,"2,5",,1,,"1,2,3",,1,,1,,3,"1,2",,2,,3,,3,,3,,"1,2",,3,,5,,4,,1,,2,,4,,3,,4,,"1,3",5,,1,,1,,4,,2,,3,,2,,5,,4,,,,,,,,,,,,,,,,,,,,,,,,,,,,,,,Male,45,Engineer,5,1,,5,33990,"<span lang=""EN-GB"">Suppose you want to browse the internet when you are at home with people you are close to (e.g., friends, family members)<strong><o:p></o:p></strong></span>"
10/16/2018 10:23,10/16/2018 10:23,0,108.187.168.107,100,35,1,10/16/2018 10:23,R_1OrWmB4lhsMPlik,,,,,37.75100708,-97.8219986,anonymous,EN,1,,,,,,,,,,,,,,,,,,,,,,,,,,,,,,,,,,,,,,,,,,,,,,,,,,,,,,,,,,,,,,,,,,,,,,,,,,,,,,,,,,,,,,,,,,,,,,,,,,,,,,,,,,,,,,,,,,,,,,,,,,,,,,,,,,,,,,,,,,,,,,,,,,,,,,,,,,,,,,,,,,,,,,,,,,,,,,,,,,,,,,,,,,,,,,,,,,,,,,,,,,,,,,,,,,,52401,"<span lang=""EN-GB"">Suppose
     you want to set up a reminder about something when you are with people you
     know (e.g., acquaintances, colleagues) at Starbucks.<o:p></o:p></span>"
10/16/2018 10:24,10/16/2018 10:25,0,108.187.168.107,100,44,1,10/16/2018 10:25,R_1mk4Km4YjF8JyIp,,,,,37.75100708,-97.8219986,anonymous,EN,3,,,,,,,,,,,,,,,,,,,,,,,,,,,,,,,,,,,,,,,,,,,,,,,,,,,,,,,,,,,,,,,,,,,,,,,,,,,,,,,,,,,,,,,,,,,,,,,,,,,,,,,,,,,,,,,,,,,,,,,,,,,,,,,,,,,,,,,,,,,,,,,,,,,,,,,,,,,,,,,,,,,,,,,,,,,,,,,,,,,,,,,,,,,,,,,,,,,,,,,,,,,,,,,,,,,21961,"<span lang=""EN-GB"">Suppose you want to take a click a photo when you are with your close friends&nbsp;</span>and family members at Starbucks"
10/16/2018 10:24,10/16/2018 10:25,0,67.191.210.46,100,27,1,10/16/2018 10:25,R_zZjAANIZgAPwyaZ,,,,,33.55310059,-84.40029907,anonymous,EN,"1,2",,,,,,,,,,,,,,,,,,,,,,,,,,,,,,,,,,,,,,,,,,,,,,,,,,,,,,,,,,,,,,,,,,,,,,,,,,,,,,,,,,,,,,,,,,,,,,,,,,,,,,,,,,,,,,,,,,,,,,,,,,,,,,,,,,,,,,,,,,,,,,,,,,,,,,,,,,,,,,,,,,,,,,,,,,,,,,,,,,,,,,,,,,,,,,,,,,,,,,,,,,,,,,,,,,,87145,
10/16/2018 10:28,10/16/2018 10:32,0,72.222.180.210,100,239,1,10/16/2018 10:32,R_2RXuhza5XyrxcJP,,,,,33.52909851,-112.2481995,anonymous,EN,"1,2,3","2,3,4,5",,1,,"1,3",,3,,1,,"2,3","1,2,3",,5,,"2,3","1,2,3",,1,,"1,4",,2,,"1,3",,"1,2",,2,,,,,,,,,,,,,,,,,,,,,,,,,,,,,,"3,5",,1,,"1,2",,3,,1,,3,"1,2,3",,5,,5,,"1,2",,"1,3",,"1,2",,3,,"2,3",,2,,,,,,,,,,,,,,,,,,,,,,,,,,,,,,,,,,,,,,,,,,,,,,,,,,,,,,,,,,,,,,,,,,,,,,,,,,,,,,,,,,,,,,,,,,,,,,,,,,,,,,,,,,,,,,,,,,,,,,Female,24,Web Design,4,3,,2,22248,"<span lang=""EN-GB"">Suppose you have planned to meet a friend next week and you want to put this on your calendar when you are surrounded by people you know (e.g., acquaintances, colleagues) at a restaurant.<o:p></o:p></span>"
10/16/2018 10:30,10/16/2018 10:34,0,174.225.141.81,100,266,1,10/16/2018 10:34,R_eL3YFLAtRuS2sM1,,,,,40.7888031,-74.0114975,anonymous,EN,"1,2,4","2,4,5",,3,,"1,2,3",,3,,1,,3,"1,2,3",,5,,3,3,,2,,3,,2,,3,,1,,1,4,,3,,"1,2,3",,3,,1,,3,5,,5,,5,,3,,3,,2,,3,,1,,1,,,,,,,,,,,,,,,,,,,,,,,,,,,,,,,,,,,,,,,,,,,,,,,,,,,,,,,,,,,,,,,,,,,,,,,,,,,,,,,,,,,,,,,,,,,,,,,,,,,,,,,,,,,,,,,,,,,,,,,,,,,,,,,,,,,,,,,,,,,,,,,,,,,Female,29,Student,7,1,,3,84584,"<span lang=""EN-GB"">Suppose
     you want to a send an email when you are surrounded by people you know
     (e.g., acquaintances, colleagues) your home.<o:p></o:p></span>"
10/16/2018 10:34,10/16/2018 10:40,0,107.77.199.156,100,380,1,10/16/2018 10:40,R_1HcVkdkChiBJ5no,,,,,33.01980591,-96.69889832,anonymous,EN,"1,2,3,4,5",2,,5,,3,,3,,1,,3,1,,5,,2,2,,2,,6,,2,,5,,4,,2,,,,,,,,,,,,,,,,,,,,,,,,,,,,,,2,,5,,"2,3",,3,,1,,2,1,,3,,5,,6,,7,,1,,7,,5,,4,,,,,,,,,,,,,,,,,,,,,,,,,,,,,,,,,,,,,,,,,,,,,,,,,,,,,,,,,,,,,,,,,,,,,,,,,,,,,,,,,,,,,,,,,,,,,,,,,,,,,,,,,,,,,,,,,,,,,,Female ,43,Farmer ,5,1,,4,31235,"<span lang=""EN-GB"">Suppose
     you are at a park and you realize today is the last day to pay one of your
     bills online.<o:p></o:p></span>"
10/16/2018 10:33,10/16/2018 10:41,0,200.93.65.252,100,433,1,10/16/2018 10:41,R_3hGA4u8UFTT0lgC,,,,,10.24690247,-67.59580231,anonymous,EN,2,,,,,,,,,,,,,,,,,,,,,,,,,,,,,,,,,,,,,,,,,,,,,,,,,,,,,,,,,,,,,,,,,,,,,,,,,,,,,,,,,,,,,,,,,,,,,,,,,,,,,,,,,,,,,,,,,,,,,,,,,,,,,,,,,,,,,,,,,,,,,,,,,,,,,,,,,,,,,,,,,,,,,,,,,,,,,,,,,,,,,,,,,,,,,,,,,,,,,,,,,,,,,,,,,,,26999,"<span lang=""EN-GB"">Suppose you are at a park with some people you know (e.g., acquaintances, colleagues) when you realize that you have to immediately pay one of your bills online.<o:p></o:p></span>"
10/16/2018 10:32,10/16/2018 10:44,0,75.186.16.99,100,691,1,10/16/2018 10:44,R_23f9fOrg7YQgnzi,,,,,39.8769989,-84.33190155,anonymous,EN,"1,2,3,4,5","1,2,4,5",,"1,3",,"1,3",,1,,"1,3",,3,1,,"1,2",,"2,3",2,,"1,3",,"4,6",,1,,"1,2",,2,,"4,5",,,,,,,,,,,,,,,,,,,,,,,,,,,,,,,,,,,,,,,,,,,,,,,,,,,,,,,,,,,,,,,,,,,,,,,,,,,,,,,,,,,,,,,,"2,4,5",,"1,3",,"1,2",,1,,3,,2,"2,3",,"1,2",,"1,2",,"2,4",,"1,2",,"1,3",,"1,3",,"1,2,3",,2,,"2,4",,"1,3",,"1,2",,1,,"1,4",,"2,3","1,2,3",,"1,2",,"2,3",,2,,"3,4",,1,,"3,4",,"1,2",,"1,2",,,,,,,,,,,,,,,,,,,,,,,,,,,,,,,male,33,IT/Admin Support,5,3,,2,416,"Suppose you want to purchase something online when
     you are with people you know (e.g., acquaintances,
     colleagues) at a park.<o:p></o:p>"
10/16/2018 10:49,10/16/2018 10:49,0,104.174.21.254,100,20,1,10/16/2018 10:49,R_21HQ0m4AeRLfvCq,,,,,34.16870117,-118.3712997,anonymous,EN,1,,,,,,,,,,,,,,,,,,,,,,,,,,,,,,,,,,,,,,,,,,,,,,,,,,,,,,,,,,,,,,,,,,,,,,,,,,,,,,,,,,,,,,,,,,,,,,,,,,,,,,,,,,,,,,,,,,,,,,,,,,,,,,,,,,,,,,,,,,,,,,,,,,,,,,,,,,,,,,,,,,,,,,,,,,,,,,,,,,,,,,,,,,,,,,,,,,,,,,,,,,,,,,,,,,,87687,"<span lang=""EN-GB"">Suppose
     you want to purchase something online when you are alone at Starbucks.<o:p></o:p></span>"
10/16/2018 10:41,10/16/2018 10:51,0,200.93.65.252,100,586,1,10/16/2018 10:51,R_W2mdJb5aNqdGuuB,,,,,10.24690247,-67.59580231,anonymous,EN,"2,3,4","1,3,4,5",,"1,2,3",,"1,3,4",,1,,"3,4",,"1,3","1,3",,"2,3",,1,"1,2,4",,"2,3",,"1,2,4",,"2,3",,"1,2,3",,"1,2",,"2,3,4",,,,,,,,,,,,,,,,,,,,,,,,,,,,,,"1,2,5",,"1,2",,2,,1,,1,,1,3,,3,,3,,2,,"1,2,4,6",,3,,"1,2,3,6",,"1,2",,1,,4,,1,,1,,3,,1,,1,3,,2,,2,,4,,4,,2,,4,,1,,1,,4,,1,,3,,1,,1,,3,3,,3,,1,,2,,6,,"2,3",,4,,2,,1,,,,,,,,,,,,,,,,,,,,,,,,,,,,,,,,,,,,,,,,,,,,,,,,,,,,,,,,,,,,Female,33,teacher,6,1,,2,67155,"<span lang=""EN-GB"">Suppose
     you want to watch some video when you are alone at Starbucks.<o:p></o:p></span>"
10/16/2018 10:57,10/16/2018 11:00,0,192.171.19.130,100,144,1,10/16/2018 11:00,R_sLkQVm9RpyPyvhD,,,,,25.78059387,-80.18260193,anonymous,EN,1,,,,,,,,,,,,,,,,,,,,,,,,,,,,,,,,,,,,,,,,,,,,,,,,,,,,,,,,,,,,,,,,,,,,,,,,,,,,,,,,,,,,,,,,,,,,,,,,,,,,,,,,,,,,,,,,,,,,,,,,,,,,,,,,,,,,,,,,,,,,,,,,,,,,,,,,,,,,,,,,,,,,,,,,,,,,,,,,,,,,,,,,,,,,,,,,,,,,,,,,,,,,,,,,,,,84675,"Suppose you are alone at home, you want to take a break from studying/working&nbsp;<p>so you decide to play a video game with some with some people you know (e.g., acquaintances, colleagues).<o:p></o:p></p>"
10/16/2018 11:00,10/16/2018 11:00,0,192.171.19.130,100,16,1,10/16/2018 11:00,R_2f9UK1lKA4z1wPb,,,,,25.78059387,-80.18260193,anonymous,EN,2,,,,,,,,,,,,,,,,,,,,,,,,,,,,,,,,,,,,,,,,,,,,,,,,,,,,,,,,,,,,,,,,,,,,,,,,,,,,,,,,,,,,,,,,,,,,,,,,,,,,,,,,,,,,,,,,,,,,,,,,,,,,,,,,,,,,,,,,,,,,,,,,,,,,,,,,,,,,,,,,,,,,,,,,,,,,,,,,,,,,,,,,,,,,,,,,,,,,,,,,,,,,,,,,,,,55133,"<span lang=""EN-GB"">Suppose you have planned to meet a friend next week and you want to put this on your calendar when you are alone at Starbucks.<o:p></o:p></span>"
10/16/2018 11:00,10/16/2018 11:07,0,192.171.19.130,100,412,1,10/16/2018 11:07,R_1QudsKAtV2wmmOw,,,,,25.78059387,-80.18260193,anonymous,EN,"2,5,6",4,,2,,"1,2",,1,,4,,1,3,,3,,"1,3",3,,3,,3,,1,,1,,2,,2,,,,,,,,,,,,,,,,,,,,,,,,,,,,,,"1,3",,2,,3,,1,,1,,3,2,,2,,3,,2,,3,,2,,"1,3",,1,,1,,,,,,,,,,,,,,,,,,,,,,,,,,,,,,,,,,,,,,,,,,,,,,,,,,,,,,,,,,,,,,,,,,,,,,,,,,,,,,,,,,,,,,,,,,,,,,,,,,,,,,,,,,,,,,,,,,,,,,Male,31,Technician,5,1,,1,2593,"<span lang=""EN-GB"">Suppose you want to set up a reminder about something when you are at Starbucks with close friends.<o:p></o:p></span>"
10/16/2018 10:58,10/16/2018 11:08,0,12.250.207.42,100,585,1,10/16/2018 11:08,R_331nXs70lsz8m3C,,,,,40.73570251,-74.17240143,anonymous,EN,"2,4,5,6","1,2,5",,3,,"2,3,4",,3,,2,,3,5,,"2,3",,3,3,,"1,2",,"2,4",,"1,2",,1,,1,,2,,,,,,,,,,,,,,,,,,,,,,,,,,,,,,"1,2,5",,3,,"1,2,3",,1,,2,,3,5,,"2,3",,"2,3",,3,,3,,"1,2",,3,,1,,1,,,,,,,,,,,,,,,,,,,,,,,,,,,,,,,,,,,,,,,,,,,,,,,,,,,,,,,,,,,,,,,,,,,,,,,,,,,,,,,,,,,,,,,,,,,,,,,,,,,,,,,,,,,,,,,,,,,,,,male,44,freelancer,3,3,,2,29314,"<span lang=""EN-GB"">Suppose
     you want to watch some video when you are with people you know (e.g.,
     acquaintances, colleagues) in a park.<o:p></o:p></span>"
10/16/2018 11:08,10/16/2018 11:19,0,192.171.19.130,100,675,1,10/16/2018 11:19,R_27NHEp2HMAYX6hl,,,,,25.78059387,-80.18260193,anonymous,EN,"2,5,6","1,2",,"1,2",,2,,1,,3,,2,5,,3,,1,6,,"2,3",,"1,6",,"1,2",,1,,"1,2",,"2,5,6",,,,,,,,,,,,,,,,,,,,,,,,,,,,,,5,,3,,"3,4",,1,,3,,2,1,,"1,3",,1,,"1,2",,6,,2,,4,,1,,2,,,,,,,,,,,,,,,,,,,,,,,,,,,,,,,,,,,,,,,,,,,,,,,,,,,,,,,,,,,,5,,2,,4,,1,,"2,3",,"1,3","2,3",,1,,"1,3",,"1,2",,"1,6",,"1,3",,"2,4",,3,,2,,"4,5",,1,,"1,3",,1,,4,,3,3,,5,,"1,3",,"2,4",,6,,1,,2,,"2,3",,"1,2",,male,31,technician ,5,1,,1,69319,"<span lang=""EN-GB"">Suppose you want to browse the internet when you are at home with people you know (e.g., acquaintances, colleagues).<o:p></o:p></span>"
10/16/2018 11:18,10/16/2018 11:24,0,12.250.207.42,100,330,1,10/16/2018 11:24,R_1eLZFCqyp8mWxX8,,,,,40.73570251,-74.17240143,anonymous,EN,"2,5,6",2,,5,,"1,2,3",,1,,1,,3,2,,5,,3,3,,2,,"1,3",,2,,1,,1,,2,,,,,,,,,,,,,,,,,,,,,,,,,,,,,,2,,5,,"1,2,3",,1,,1,,3,"1,2,3",,5,,5,,3,,"1,3",,2,,"1,3",,1,,1,,,,,,,,,,,,,,,,,,,,,,,,,,,,,,,,,,,,,,,,,,,,,,,,,,,,,,,,,,,,,,,,,,,,,,,,,,,,,,,,,,,,,,,,,,,,,,,,,,,,,,,,,,,,,,,,,,,,,,male,41,waiter,2,2,,2,58515,"<span lang=""EN-GB"">Suppose you are on a short vacation alone and you want to take a picture in front&nbsp;</span>of an iconic monument."
10/16/2018 11:24,10/16/2018 11:30,0,209.48.7.126,100,361,1,10/16/2018 11:30,R_3HYVNSg7ezcIDOE,,,,,40.74450684,-74.03289795,anonymous,EN,"2,3,4","1,4",,3,,"1,2,3",,1,,2,,4,"1,2",,2,,4,3,,2,,"2,3",,2,,1,,4,,2,,,,,,,,,,,,,,,,,,,,,,,,,,,,,,"2,5",,3,,"1,3",,1,,1,,3,1,,"2,3",,2,,3,,"1,2,3",,2,,"1,2,3",,5,,4,,,,,,,,,,,,,,,,,,,,,,,,,,,,,,,,,,,,,,,,,,,,,,,,,,,,,,,,,,,,,,,,,,,,,,,,,,,,,,,,,,,,,,,,,,,,,,,,,,,,,,,,,,,,,,,,,,,,,,female,20,student,3,1,,1,77705,"Suppose you want to check your social media status
     when you are at Starbucks.<o:p></o:p>"
10/16/2018 11:33,10/16/2018 11:39,0,209.48.7.126,100,354,1,10/16/2018 11:39,R_0Vrtk38NFncvwhr,,,,,40.74450684,-74.03289795,anonymous,EN,"1,2,5,6","1,2,5",,1,,3,,1,,1,,3,5,,"2,3",,3,3,,"1,2",,"1,2",,"1,2",,5,,1,,"2,6",,,,,,,,,,,,,,,,,,,,,,,,,,,,,,"1,2,5",,5,,"1,2,3,4",,1,,1,,"2,3",5,,"2,3",,"2,3",,3,,"1,2,3",,2,,"1,2,3",,5,,4,,,,,,,,,,,,,,,,,,,,,,,,,,,,,,,,,,,,,,,,,,,,,,,,,,,,,,,,,,,,,,,,,,,,,,,,,,,,,,,,,,,,,,,,,"1,2,5",,5,,"1,2,4",,1,,1,,"2,3",5,,"2,3",,"2,3",,"1,3",,"1,3,4,6",,2,,"1,2,3,4",,1,,4,,female,29,manager,5,5,,5,14115,"<span lang=""EN-GB"">Suppose
     you want to find a route to home when you are at Starbucks with your close
     friends.<o:p></o:p></span>"
10/16/2018 11:41,10/16/2018 11:54,0,108.187.189.52,100,769,1,10/16/2018 11:54,R_1erEcI6HLPiucUV,,,,,37.75100708,-97.8219986,anonymous,EN,"1,2,3,6","1,2,3,4,5",,"1,2",,"1,2,3,4",,1,,"1,3,4",,"2,3","1,2,3",,"1,2,3",,"1,2,3","2,3,4",,2,,"1,2,3,4",,"1,2,3",,"1,2,3",,"1,2",,1,"2,4,5",,3,,"1,2,3",,1,,"1,4",,"2,3","2,3",,"1,3",,1,,"1,2,3",,"2,4",,"1,2",,"3,4,6",,1,,"1,2",,,,,,,,,,,,,,,,,,,,,,,,,,,,,,,,,,,,,,,,,,,,,,,,,,,,,,,,,,,,,,,,,,,,,,,,,,,,,,,,,,,,,,,,,,,,,,,,,,,,,,,,,,,,,,,,,,,,,,,,,,,,,,,,,,,,,,,,,,,,,,,,,,,MALE,31,ADMIN,6,1,,3,1678,"<span lang=""EN-GB"">Suppose
     you want to watch&nbsp; some video when
     you are with people you know (e.g., acquaintances, colleagues) at
     Starbucks<o:p></o:p></span>"
10/16/2018 11:57,10/16/2018 12:05,0,174.225.141.81,100,469,1,10/16/2018 12:05,R_rcfhxMWX7qcW89z,,,,,40.7888031,-74.0114975,anonymous,EN,"1,2,3,4,5","1,2,5",,3,,"2,3",,3,,1,,3,5,,5,,3,"3,4",,"2,3",,"1,2,3",,"2,3",,5,,4,,"2,5",,,,,,,,,,,,,,,,,,,,,,,,,,,,,,"2,5",,5,,"1,2",,1,,1,,"2,3",1,,5,,5,,3,,"1,3",,2,,"1,3",,5,,4,,,,,,,,,,,,,,,,,,,,,,,,,,,,,,,,,,,,,,,,,,,,,,,,,,,,,,,,,,,,1,,5,,"2,4",,3,,1,,3,1,,2,,2,,4,,"2,4",,3,,"2,4",,5,,4,,,,,,,,,,,,,,,,,,,,,,,,,,,,,,,Female,37,Data analyst,5,5,,5,27685,"<span lang=""EN-GB"" style=""font-size:11.0pt;line-height:115%;
font-family:&quot;Arial&quot;,sans-serif;mso-fareast-font-family:Arial;mso-ansi-language:
EN-GB;mso-fareast-language:EN-US;mso-bidi-language:AR-SA"">Suppose you want to a
view a text message when you are alone at home</span>"
10/16/2018 12:12,10/16/2018 12:18,0,174.225.141.81,100,373,1,10/16/2018 12:18,R_23V1PpwMMQo8mBJ,,,,,40.7888031,-74.0114975,anonymous,EN,"1,2,5","1,2,5",,1,,"2,3,4",,3,,1,,3,5,,"2,3",,3,3,,"1,2",,6,,"1,2",,1,,1,,1,"2,4",,1,,"1,2,3,4",,3,,1,,3,5,,"2,3",,"2,3",,3,,3,,"1,2",,3,,1,,"1,2",,,,,,,,,,,,,,,,,,,,,,,,,,,,,,,,,,,,,,,,,,,,,,,,,,,,,,,,,,,,,,,,,,,,,,,,,,,,,,,,,,,,,,,,,,,,,,,,,,,,,,,,,,,,,,,,,,,,,,,,,,,,,,,,,,,,,,,,,,,,,,,,,,,Female,51,Homemaker,3,3,,4,47791,"<span lang=""EN-GB"">Suppose you want to watch some video when you are alone at your home.<strong><o:p></o:p></strong></span>"
10/16/2018 13:34,10/16/2018 13:39,0,174.220.24.90,100,316,1,10/16/2018 13:39,R_2P0XozVRw6OLUv6,,,,,42.80909729,-73.86930084,anonymous,EN,"1,2,3,4,5,6","1,2",,5,,"1,3",,1,,3,,1,5,,"2,3",,1,"1,2,3,4",,"1,2",,"1,2,3,4",,"1,2",,1,,1,,6,,,,,,,,,,,,,,,,,,,,,,,,,,,,,,,,,,,,,,,,,,,,,,,,,,,,,,,,,,,,,,,,,,,,,,,,,,,,,,,,,,,,,,,,,,,,,,,,,,,,,,,,,,,,,,,,,,,,,,,,,,,,,,,,,,,,,,,,,,,,,,,,,,2,,3,,"3,4",,1,,3,,1,5,,"2,3",,"2,3",,"2,3,4",,"1,2,3,4",,"1,2",,"1,2,3,4",,"1,3",,1,,Female,37,Cleaning ,2,2,,1,83615,"<span lang=""EN-GB"">Suppose it is a regular working day, you want to track the total amount of calories&nbsp;</span>you consume and burn off during the day.&nbsp;"
10/16/2018 13:41,10/16/2018 13:47,0,108.12.36.168,100,367,1,10/16/2018 13:47,R_3nwNySHdhJhHWpi,,,,,43.03540039,-76.12819672,anonymous,EN,"1,2,3","2,5",,3,,"1,2,3",,3,,2,,3,5,,5,,3,3,,2,,3,,2,,5,,4,,2,,,,,,,,,,,,,,,,,,,,,,,,,,,,,,5,,5,,3,,3,,1,,3,5,,2,,2,,3,,3,,2,,3,,1,,4,,,,,,,,,,,,,,,,,,,,,,,,,,,,,,,,,,,,,,,,,,,,,,,,,,,,,,,,,,,,,,,,,,,,,,,,,,,,,,,,,,,,,,,,,,,,,,,,,,,,,,,,,,,,,,,,,,,,,,Female,47,Journalist,5,1,,4,95676,"<span lang=""EN-GB"">Suppose you want to browse the internet when you are with people you know (e.g., acquaintances, colleagues) at a park.<o:p></o:p></span>"
10/16/2018 14:22,10/16/2018 14:22,0,72.183.179.116,100,13,1,10/16/2018 14:22,R_3izrwKqP7WLc6am,,,,,29.87539673,-97.94039917,anonymous,EN,1,,,,,,,,,,,,,,,,,,,,,,,,,,,,,,,,,,,,,,,,,,,,,,,,,,,,,,,,,,,,,,,,,,,,,,,,,,,,,,,,,,,,,,,,,,,,,,,,,,,,,,,,,,,,,,,,,,,,,,,,,,,,,,,,,,,,,,,,,,,,,,,,,,,,,,,,,,,,,,,,,,,,,,,,,,,,,,,,,,,,,,,,,,,,,,,,,,,,,,,,,,,,,,,,,,,93636,"<span lang=""EN-GB"">Suppose
     you want to a view a text message when you are alone at Starbucks.<o:p></o:p></span>"
10/16/2018 14:22,10/16/2018 14:23,0,71.191.82.125,100,11,1,10/16/2018 14:23,R_2w0LWvXTc1JQEgq,,,,,38.95300293,-77.22949982,anonymous,EN,"1,2",,,,,,,,,,,,,,,,,,,,,,,,,,,,,,,,,,,,,,,,,,,,,,,,,,,,,,,,,,,,,,,,,,,,,,,,,,,,,,,,,,,,,,,,,,,,,,,,,,,,,,,,,,,,,,,,,,,,,,,,,,,,,,,,,,,,,,,,,,,,,,,,,,,,,,,,,,,,,,,,,,,,,,,,,,,,,,,,,,,,,,,,,,,,,,,,,,,,,,,,,,,,,,,,,,,39468,"<span lang=""EN-GB"">Suppose you want to a send a text message when you are surrounded with people you are close to (e.g., friends, family members) at your home.<strong><o:p></o:p></strong></span>"
10/16/2018 14:28,10/16/2018 14:29,0,96.85.159.75,100,47,1,10/16/2018 14:29,R_3Pd9yr0WMo0i4CI,,,,,36.15040588,-86.79160309,anonymous,EN,1,,,,,,,,,,,,,,,,,,,,,,,,,,,,,,,,,,,,,,,,,,,,,,,,,,,,,,,,,,,,,,,,,,,,,,,,,,,,,,,,,,,,,,,,,,,,,,,,,,,,,,,,,,,,,,,,,,,,,,,,,,,,,,,,,,,,,,,,,,,,,,,,,,,,,,,,,,,,,,,,,,,,,,,,,,,,,,,,,,,,,,,,,,,,,,,,,,,,,,,,,,,,,,,,,,,41845,"<span lang=""EN-GB"">Suppose you are alone at home when you realize today is the last day to pay one of your bills online.<o:p></o:p></span>"
10/16/2018 14:24,10/16/2018 14:30,0,66.160.178.71,100,362,1,10/16/2018 14:30,R_3nPiJGV68qcgPMx,,,,,37.75100708,-97.8219986,anonymous,EN,"1,2,4","1,5",,3,,"2,3",,1,,3,,2,3,,1,,2,"2,3,4",,2,,6,,3,,3,,2,,4,,,,,,,,,,,,,,,,,,,,,,,,,,,,,,,,,,,,,,,,,,,,,,,,,,,,,,,,,,,,,,,,,,,,,,,,,,,,,,,,,,,,,,,,"2,4",,"2,3",,2,,1,,1,,3,3,,"1,2",,3,,1,,"4,6",,"1,3",,"3,4",,1,,2,,,,,,,,,,,,,,,,,,,,,,,,,,,,,,,,,,,,,,,,,,,,,,,,,,,,,,,,,,,,Female,32,nurse,5,3,,4,8527,"Suppose you want to purchase something (e.g., book,
     household items) online when you are with people
     you know (e.g., acquaintances, colleagues) at
     Starbucks.<o:p></o:p>"
10/16/2018 14:30,10/16/2018 14:30,0,72.90.179.123,100,12,1,10/16/2018 14:30,R_32PKArqUJdmr9vX,,,,,40.79389954,-74.02580261,anonymous,EN,"3,5",,,,,,,,,,,,,,,,,,,,,,,,,,,,,,,,,,,,,,,,,,,,,,,,,,,,,,,,,,,,,,,,,,,,,,,,,,,,,,,,,,,,,,,,,,,,,,,,,,,,,,,,,,,,,,,,,,,,,,,,,,,,,,,,,,,,,,,,,,,,,,,,,,,,,,,,,,,,,,,,,,,,,,,,,,,,,,,,,,,,,,,,,,,,,,,,,,,,,,,,,,,,,,,,,,,16697,"<span lang=""EN-GB"">Suppose
     you want to purchase something online when you are with people you are
     close to (e.g., friends, family members).<o:p></o:p></span>"
10/16/2018 14:31,10/16/2018 14:40,0,76.237.90.47,100,557,1,10/16/2018 14:40,R_3JIQlBareneT0M9,,,,,33.09339905,-96.645401,anonymous,EN,"1,2,4,6",2,,1,,"2,3",,3,,1,,3,3,,5,,2,1,,2,,4,,2,,1,,2,,"1,2",4,,1,,"1,3",,3,,1,,3,3,,5,,5,,3,,"3,4",,1,,"2,4",,5,,"1,2",,2,,1,,2,,1,,1,,2,3,,5,,5,,3,,4,,2,,"1,3",,1,,2,,,,,,,,,,,,,,,,,,,,,,,,,,,,,,,,,,,,,,,,,,,,,,,,,,,,,,,,,,,,,,,,,,,,,,,,,,,,,,,,,,,,,,,,,,,,,,,,,,,,,,,,,,,,,,,,,,,,,,Male,49,Sales,6,5,,9,48260,"<span lang=""EN-GB"">Suppose
     you want to set up a reminder about something when you are at Starbucks by
     yourself.<o:p></o:p></span>"
10/16/2018 14:44,10/16/2018 14:45,0,196.18.237.241,100,65,1,10/16/2018 14:46,R_skaixKA7VfphOI9,,,,,39.09970093,-94.57859802,anonymous,EN,3,,,,,,,,,,,,,,,,,,,,,,,,,,,,,,,,,,,,,,,,,,,,,,,,,,,,,,,,,,,,,,,,,,,,,,,,,,,,,,,,,,,,,,,,,,,,,,,,,,,,,,,,,,,,,,,,,,,,,,,,,,,,,,,,,,,,,,,,,,,,,,,,,,,,,,,,,,,,,,,,,,,,,,,,,,,,,,,,,,,,,,,,,,,,,,,,,,,,,,,,,,,,,,,,,,,27990,"<span lang=""EN-GB"">Suppose you want to a send an email when you are surrounded with people you are close to (e.g., friends, family members) at your home.<strong><o:p></o:p></strong></span>"
10/16/2018 14:51,10/16/2018 14:52,0,66.108.219.72,100,45,1,10/16/2018 14:52,R_27sc32HhC2ccDXk,,,,,40.6867981,-73.82299805,anonymous,EN,1,,,,,,,,,,,,,,,,,,,,,,,,,,,,,,,,,,,,,,,,,,,,,,,,,,,,,,,,,,,,,,,,,,,,,,,,,,,,,,,,,,,,,,,,,,,,,,,,,,,,,,,,,,,,,,,,,,,,,,,,,,,,,,,,,,,,,,,,,,,,,,,,,,,,,,,,,,,,,,,,,,,,,,,,,,,,,,,,,,,,,,,,,,,,,,,,,,,,,,,,,,,,,,,,,,,80581,"<span lang=""EN-GB"">Suppose
     you want to listen to some audio when you with people you know (e.g.,
     acquaintances, colleagues) at Starbucks<o:p></o:p></span>"
10/16/2018 14:52,10/16/2018 14:52,0,45.72.6.28,100,12,1,10/16/2018 14:52,R_2QS4AGJVbEfcLlB,,,,,42.38290405,-71.10279846,anonymous,EN,3,,,,,,,,,,,,,,,,,,,,,,,,,,,,,,,,,,,,,,,,,,,,,,,,,,,,,,,,,,,,,,,,,,,,,,,,,,,,,,,,,,,,,,,,,,,,,,,,,,,,,,,,,,,,,,,,,,,,,,,,,,,,,,,,,,,,,,,,,,,,,,,,,,,,,,,,,,,,,,,,,,,,,,,,,,,,,,,,,,,,,,,,,,,,,,,,,,,,,,,,,,,,,,,,,,,6434,"<span lang=""EN-GB"">Suppose you want to set up a reminder when you are at a park with close friends.<o:p></o:p></span>"
10/16/2018 14:49,10/16/2018 14:52,0,199.115.114.194,100,224,1,10/16/2018 14:52,R_1l6x3eXxzCaGsVZ,,,,,38.77009583,-77.63210297,anonymous,EN,1,,,,,,,,,,,,,,,,,,,,,,,,,,,,,,,,,,,,,,,,,,,,,,,,,,,,,,,,,,,,,,,,,,,,,,,,,,,,,,,,,,,,,,,,,,,,,,,,,,,,,,,,,,,,,,,,,,,,,,,,,,,,,,,,,,,,,,,,,,,,,,,,,,,,,,,,,,,,,,,,,,,,,,,,,,,,,,,,,,,,,,,,,,,,,,,,,,,,,,,,,,,,,,,,,,,85844,"<span lang=""EN-GB"">Suppose
     you want to a send a text message when you are surrounded by people you
     know (e.g., acquaintances, colleagues) at your home.<o:p></o:p></span>"
10/16/2018 14:53,10/16/2018 14:53,0,45.72.6.28,100,27,1,10/16/2018 14:53,R_2CeusG9tHNyelae,,,,,42.38290405,-71.10279846,anonymous,EN,"1,2",,,,,,,,,,,,,,,,,,,,,,,,,,,,,,,,,,,,,,,,,,,,,,,,,,,,,,,,,,,,,,,,,,,,,,,,,,,,,,,,,,,,,,,,,,,,,,,,,,,,,,,,,,,,,,,,,,,,,,,,,,,,,,,,,,,,,,,,,,,,,,,,,,,,,,,,,,,,,,,,,,,,,,,,,,,,,,,,,,,,,,,,,,,,,,,,,,,,,,,,,,,,,,,,,,,26107,"<span lang=""EN-GB"">Suppose
     you want to set up a reminder when you are at a park by yourself.<o:p></o:p></span>"
10/16/2018 14:54,10/16/2018 14:54,0,108.213.128.25,100,16,1,10/16/2018 14:54,R_2YS3nGMH7YScQ8K,,,,,33.99029541,-80.99970245,anonymous,EN,4,,,,,,,,,,,,,,,,,,,,,,,,,,,,,,,,,,,,,,,,,,,,,,,,,,,,,,,,,,,,,,,,,,,,,,,,,,,,,,,,,,,,,,,,,,,,,,,,,,,,,,,,,,,,,,,,,,,,,,,,,,,,,,,,,,,,,,,,,,,,,,,,,,,,,,,,,,,,,,,,,,,,,,,,,,,,,,,,,,,,,,,,,,,,,,,,,,,,,,,,,,,,,,,,,,,42082,"<span lang=""EN-GB"">Suppose you want to browse the internet when you are with your close friends at a park.<o:p></o:p></span>"
10/16/2018 15:02,10/16/2018 15:02,0,71.33.173.236,100,7,1,10/16/2018 15:02,R_5oKhqvQVaOISfhT,,,,,39.82589722,-104.9113007,anonymous,EN,1,,,,,,,,,,,,,,,,,,,,,,,,,,,,,,,,,,,,,,,,,,,,,,,,,,,,,,,,,,,,,,,,,,,,,,,,,,,,,,,,,,,,,,,,,,,,,,,,,,,,,,,,,,,,,,,,,,,,,,,,,,,,,,,,,,,,,,,,,,,,,,,,,,,,,,,,,,,,,,,,,,,,,,,,,,,,,,,,,,,,,,,,,,,,,,,,,,,,,,,,,,,,,,,,,,,86086,"<span lang=""EN-GB"">Suppose it is a regular working day, you want to track the total amount of calories&nbsp;</span>you consume and burn off during the day.&nbsp;"
10/16/2018 15:06,10/16/2018 15:06,0,73.24.103.111,100,5,1,10/16/2018 15:06,R_2TUlEgRkL3jCVgU,,,,,28.55230713,-81.17949677,anonymous,EN,3,,,,,,,,,,,,,,,,,,,,,,,,,,,,,,,,,,,,,,,,,,,,,,,,,,,,,,,,,,,,,,,,,,,,,,,,,,,,,,,,,,,,,,,,,,,,,,,,,,,,,,,,,,,,,,,,,,,,,,,,,,,,,,,,,,,,,,,,,,,,,,,,,,,,,,,,,,,,,,,,,,,,,,,,,,,,,,,,,,,,,,,,,,,,,,,,,,,,,,,,,,,,,,,,,,,39947,"<span lang=""EN-GB"">Suppose
     you have planned to meet a friend next week and you want put this on your
     calendar when you are alone at home<strong><o:p></o:p></strong></span>"
10/16/2018 14:54,10/16/2018 15:06,0,104.194.220.227,100,719,1,10/16/2018 15:06,R_2PoOuwLmJD6Mk8T,,,,,40.73129272,-73.98919678,anonymous,EN,"1,2,4",4,,1,,2,,1,,1,,3,1,,5,,3,2,,2,,6,,2,,1,,1,,4,,,,,,,,,,,,,,,,,,,,,,,,,,,,,,,,,,,,,,,,,,,,,,,,,,,,,,,,,,,,,,,,,,,,,,,,,,,,,,,,,,,,,,,,2,,1,,3,,1,,1,,3,1,,5,,5,,2,,6,,2,,6,,1,,1,,,,,,,,,,,,,,,,,,,,,,,,,,,,,,,,,,,,,,,,,,,,,,,,,,,,,,,,,,,,Female,20,Personal assistant,2,8,,12,25954,"<span lang=""EN-GB"" style=""font-size:11.0pt;line-height:115%;
font-family:&quot;Arial&quot;,sans-serif;mso-fareast-font-family:Arial;mso-ansi-language:
EN-GB;mso-fareast-language:EN-US;mso-bidi-language:AR-SA"">Suppose you want to
read a digital document when you are at Starbucks surrounded with your close
friends.</span>"
10/16/2018 15:06,10/16/2018 15:06,0,73.24.103.111,100,6,1,10/16/2018 15:06,R_28Mx3g1ATRa7uaO,,,,,28.55230713,-81.17949677,anonymous,EN,1,,,,,,,,,,,,,,,,,,,,,,,,,,,,,,,,,,,,,,,,,,,,,,,,,,,,,,,,,,,,,,,,,,,,,,,,,,,,,,,,,,,,,,,,,,,,,,,,,,,,,,,,,,,,,,,,,,,,,,,,,,,,,,,,,,,,,,,,,,,,,,,,,,,,,,,,,,,,,,,,,,,,,,,,,,,,,,,,,,,,,,,,,,,,,,,,,,,,,,,,,,,,,,,,,,,33314,"<span lang=""EN-GB"">Suppose you are at work with some people you know (e.g., acquaintances, colleagues) when you realize that you have to immediately pay one of your bills online.<o:p></o:p></span>"
10/16/2018 15:06,10/16/2018 15:06,0,73.24.103.111,100,6,1,10/16/2018 15:06,R_ZfcZuaEBJMbIqVr,,,,,28.55230713,-81.17949677,anonymous,EN,6,,,,,,,,,,,,,,,,,,,,,,,,,,,,,,,,,,,,,,,,,,,,,,,,,,,,,,,,,,,,,,,,,,,,,,,,,,,,,,,,,,,,,,,,,,,,,,,,,,,,,,,,,,,,,,,,,,,,,,,,,,,,,,,,,,,,,,,,,,,,,,,,,,,,,,,,,,,,,,,,,,,,,,,,,,,,,,,,,,,,,,,,,,,,,,,,,,,,,,,,,,,,,,,,,,,47496,
10/16/2018 15:06,10/16/2018 15:06,0,73.24.103.111,100,6,1,10/16/2018 15:06,R_3r0RAi3w4EqFV1j,,,,,28.55230713,-81.17949677,anonymous,EN,5,,,,,,,,,,,,,,,,,,,,,,,,,,,,,,,,,,,,,,,,,,,,,,,,,,,,,,,,,,,,,,,,,,,,,,,,,,,,,,,,,,,,,,,,,,,,,,,,,,,,,,,,,,,,,,,,,,,,,,,,,,,,,,,,,,,,,,,,,,,,,,,,,,,,,,,,,,,,,,,,,,,,,,,,,,,,,,,,,,,,,,,,,,,,,,,,,,,,,,,,,,,,,,,,,,,72512,"<span lang=""EN-GB"">Suppose you have planned to meet a friend next week and you want to put this on your calendar when you are surrounded by people you know (e.g., acquaintances, colleagues) at a restaurant.<o:p></o:p></span>"
10/16/2018 15:06,10/16/2018 15:07,0,73.24.103.111,100,6,1,10/16/2018 15:07,R_UhXrDds86J7dWY9,,,,,28.55230713,-81.17949677,anonymous,EN,4,,,,,,,,,,,,,,,,,,,,,,,,,,,,,,,,,,,,,,,,,,,,,,,,,,,,,,,,,,,,,,,,,,,,,,,,,,,,,,,,,,,,,,,,,,,,,,,,,,,,,,,,,,,,,,,,,,,,,,,,,,,,,,,,,,,,,,,,,,,,,,,,,,,,,,,,,,,,,,,,,,,,,,,,,,,,,,,,,,,,,,,,,,,,,,,,,,,,,,,,,,,,,,,,,,,17352,"<span lang=""EN-GB"">Suppose you want to find a route to home while walking on a street with people you know (e.g., acquaintances, colleagues).<o:p></o:p></span>"
10/16/2018 15:07,10/16/2018 15:07,0,73.24.103.111,100,5,1,10/16/2018 15:07,R_1nUy8UHDSRtsyl3,,,,,28.55230713,-81.17949677,anonymous,EN,2,,,,,,,,,,,,,,,,,,,,,,,,,,,,,,,,,,,,,,,,,,,,,,,,,,,,,,,,,,,,,,,,,,,,,,,,,,,,,,,,,,,,,,,,,,,,,,,,,,,,,,,,,,,,,,,,,,,,,,,,,,,,,,,,,,,,,,,,,,,,,,,,,,,,,,,,,,,,,,,,,,,,,,,,,,,,,,,,,,,,,,,,,,,,,,,,,,,,,,,,,,,,,,,,,,,88802,"<span lang=""EN-GB"">Suppose
     you want to a view a text message when you are with a very close friend at
     a restaurant&nbsp;<o:p></o:p></span>"
10/16/2018 15:09,10/16/2018 15:09,0,71.206.234.61,100,5,1,10/16/2018 15:09,R_1H77uMxBQD2aLqC,,,,,40.45979309,-79.82240295,anonymous,EN,2,,,,,,,,,,,,,,,,,,,,,,,,,,,,,,,,,,,,,,,,,,,,,,,,,,,,,,,,,,,,,,,,,,,,,,,,,,,,,,,,,,,,,,,,,,,,,,,,,,,,,,,,,,,,,,,,,,,,,,,,,,,,,,,,,,,,,,,,,,,,,,,,,,,,,,,,,,,,,,,,,,,,,,,,,,,,,,,,,,,,,,,,,,,,,,,,,,,,,,,,,,,,,,,,,,,8605,"<span lang=""EN-GB"">Suppose you want to find a route to a coffee shop when you are
     at home </span><span lang=""EN-GB"">with
     people you are close to (e.g., friends, family members)</span><strong><span lang=""EN-GB""><o:p></o:p></span></strong>"
10/16/2018 15:18,10/16/2018 15:18,0,196.17.65.53,100,19,1,10/16/2018 15:18,R_1K9MFrzAAarTdes,,,,,34.05439758,-118.2440033,anonymous,EN,3,,,,,,,,,,,,,,,,,,,,,,,,,,,,,,,,,,,,,,,,,,,,,,,,,,,,,,,,,,,,,,,,,,,,,,,,,,,,,,,,,,,,,,,,,,,,,,,,,,,,,,,,,,,,,,,,,,,,,,,,,,,,,,,,,,,,,,,,,,,,,,,,,,,,,,,,,,,,,,,,,,,,,,,,,,,,,,,,,,,,,,,,,,,,,,,,,,,,,,,,,,,,,,,,,,,50288,"<span lang=""EN-GB"">Suppose
     you want to read a digital document when you are at Starbucks.<o:p></o:p></span>"
10/16/2018 15:19,10/16/2018 15:23,0,196.17.65.53,100,293,1,10/16/2018 15:23,R_2zNkf5pMlEUJyxj,,,,,34.05439758,-118.2440033,anonymous,EN,"1,2,3","1,4,5",,2,,"2,4",,1,,"3,4",,"1,2,3","1,3",,"1,2",,"1,3","1,2,3",,"2,3",,"1,2,3",,5,,"1,2",,"1,2",,2,,,,,,,,,,,,,,,,,,,,,,,,,,,,,,"1,2",,"1,3",,"1,2,4",,3,,"1,3",,1,"1,2,3",,"1,3",,"1,2,3",,"1,3,4",,"1,3,4,6",,"1,3",,"1,3,4",,"1,2",,4,,,,,,,,,,,,,,,,,,,,,,,,,,,,,,,,,,,,,,,,,,,,,,,,,,,,,,,,,,,,,,,,,,,,,,,,,,,,,,,,,,,,,,,,,,,,,,,,,,,,,,,,,,,,,,,,,,,,,,FEMALE,28,USA,6,1,,4,61993,"<span lang=""EN-GB"">Suppose you want to a send a text message when you are surrounded with people you are close to (e.g., friends, family members) at your home.<strong><o:p></o:p></strong></span>"
10/16/2018 15:19,10/16/2018 15:26,0,104.235.124.39,100,429,1,10/16/2018 15:26,R_1IEsAMvoeCjS8zv,,,,,41.99110413,-88.69280243,anonymous,EN,"1,2,4,6",2,,1,,"1,3",,1,,1,,3,2,,3,,"1,2",3,,2,,1,,2,,1,,2,,2,,,,,,,,,,,,,,,,,,,,,,,,,,,,,,2,,5,,"1,2",,1,,1,,1,3,,"2,3",,2,,2,,1,,2,,1,,1,,2,,,,,,,,,,,,,,,,,,,,,,,,,,,,,,,,,,,,,,,,,,,,,,,,,,,,,,,,,,,,,,,,,,,,,,,,,,,,,,,,,,,,,,,,,,,,,,,,,,,,,,,,,,,,,,,,,,,,,,female,47,nurse,4,1,,3,848,"<span lang=""EN-GB"">Suppose you want to browse the internet when you are alone at a restaurant.<o:p></o:p></span>"
10/16/2018 15:30,10/16/2018 15:30,0,108.187.189.70,100,26,1,10/16/2018 15:30,R_rkIAxpyPWtoEpTb,,,,,37.75100708,-97.8219986,anonymous,EN,3,,,,,,,,,,,,,,,,,,,,,,,,,,,,,,,,,,,,,,,,,,,,,,,,,,,,,,,,,,,,,,,,,,,,,,,,,,,,,,,,,,,,,,,,,,,,,,,,,,,,,,,,,,,,,,,,,,,,,,,,,,,,,,,,,,,,,,,,,,,,,,,,,,,,,,,,,,,,,,,,,,,,,,,,,,,,,,,,,,,,,,,,,,,,,,,,,,,,,,,,,,,,,,,,,,,85802,"<span lang=""EN-GB"">Suppose you are alone at home, you want to take a break from studying/working&nbsp;</span>so you decide to play an online/digital game."
10/16/2018 15:41,10/16/2018 15:41,0,71.47.10.202,100,5,1,10/16/2018 15:41,R_1IorlVV6tpwpeAc,,,,,28.54690552,-81.25710297,anonymous,EN,1,,,,,,,,,,,,,,,,,,,,,,,,,,,,,,,,,,,,,,,,,,,,,,,,,,,,,,,,,,,,,,,,,,,,,,,,,,,,,,,,,,,,,,,,,,,,,,,,,,,,,,,,,,,,,,,,,,,,,,,,,,,,,,,,,,,,,,,,,,,,,,,,,,,,,,,,,,,,,,,,,,,,,,,,,,,,,,,,,,,,,,,,,,,,,,,,,,,,,,,,,,,,,,,,,,,36810,"<span lang=""EN-GB"">Suppose you are on a short vacation alone and you want to take a picture in front&nbsp;</span>of an iconic monument."
10/16/2018 15:43,10/16/2018 15:46,0,104.173.43.96,100,164,1,10/16/2018 15:46,R_2s1kTfQizsu5gCO,,,,,33.73899841,-116.9243011,anonymous,EN,"1,2,3,4,5,6",2,,3,,3,,1,,3,,4,5,,3,,3,4,,3,,4,,3,,1,,2,,3,,,,,,,,,,,,,,,,,,,,,,,,,,,,,,,,,,,,,,,,,,,,,,,,,,,,,,,,,,,3,,3,,2,,1,,1,,2,3,,3,,1,,3,,4,,1,,4,,1,,4,,,,,,,,,,,,,,,,,,,,,,,,,,,,,,,,,,,,,,,,,,,,,,,,,,,,,,,,,,,,,,,,,,,,,,,,,,,,,,,,,,,,,,,,,f,25,sales,3,1,,3,12222,"<span lang=""EN-GB"">Suppose you want to watch some video when you are with your close friends at Starbucks.<o:p></o:p></span>"
10/16/2018 15:42,10/16/2018 15:47,0,71.47.10.202,100,318,1,10/16/2018 15:47,R_ZfqlzV4vqGzzRzX,,,,,28.54690552,-81.25710297,anonymous,EN,"1,3,6",2,,1,,"1,4",,1,,1,,2,"2,3",,3,,"1,3",2,,2,,"1,2",,1,,2,,"1,2",,6,,,,,,,,,,,,,,,,,,,,,,,,,,,,,,,,,,,,,,,,,,,,,,,,,,,,,,,,,,,,,,,,,,,,,,,,,,,,,,,,,,,,,,,,,,,,,,,,,,,,,,,,,,,,,,,,,,,,,,,,,,,,,,,,,,,,,,,,,,,,,,,,,,"1,5",,"1,3",,"1,3",,1,,"1,4",,2,"1,3",,"1,3",,1,,"1,4",,"1,6",,1,,"1,3",,3,,1,,female,26,architect ,5,2,,4,33106,"<span lang=""EN-GB"">Suppose
     you want to a send a text message when you are alone at home<strong><o:p></o:p></strong></span>"
10/16/2018 16:05,10/16/2018 16:11,0,185.230.126.84,100,389,1,10/16/2018 16:11,R_cO4uTHZV87kyOUV,,,,,34.0493927,-118.2640991,anonymous,EN,"1,2,3,4,5,6",1,,3,,"1,2",,1,,1,,2,"1,2",,2,,2,4,,3,,6,,1,,1,,4,,"2,5",,,,,,,,,,,,,,,,,,,,,,,,,,,,,,"1,2",,5,,1,,1,,1,,4,3,,5,,5,,"1,4",,7,,1,,"2,4",,1,,4,,,,,,,,,,,,,,,,,,,,,,,,,,,,,,,,,,,,,,,,,,,,,,,,,,,,,,,,,,,,1,,5,,"2,4",,1,,1,,2,"1,2,3",,5,,5,,4,,2,,5,,7,,3,,4,,,,,,,,,,,,,,,,,,,,,,,,,,,,,,,male,24,handyman,4,2,,3,9417,"<span lang=""EN-GB"">Suppose you have planned to meet a friend next week and you want to put this on your calendar when you are alone at Starbucks.<o:p></o:p></span>"
10/16/2018 16:11,10/16/2018 16:19,0,75.142.163.141,100,464,1,10/16/2018 16:19,R_BEwvNCYJMMTE5Ud,,,,,32.80130005,-97.19519806,anonymous,EN,"1,2,3","1,2",,1,,3,,1,,"1,4",,"2,3","1,2,3",,"1,2",,4,"2,3",,2,,6,,"1,2",,1,,"1,2",,2,,,,,,,,,,,,,,,,,,,,,,,,,,,,,,2,,1,,1,,1,,4,,2,"1,3",,1,,1,,6,,6,,2,,3,,1,,2,,,,,,,,,,,,,,,,,,,,,,,,,,,,,,,,,,,,,,,,,,,,,,,,,,,,,,,,,,,,,,,,,,,,,,,,,,,,,,,,,,,,,,,,,,,,,,,,,,,,,,,,,,,,,,,,,,,,,,Female,28,Homemaker/Student,2,1,,3,69132,"<span lang=""EN-GB"">Suppose
     you want to listen to some audio when you are at home with people you are
     close to (e.g., friends, family members).<strong><o:p></o:p></strong></span>"
10/16/2018 16:37,10/16/2018 16:54,0,108.12.36.168,100,1039,1,10/16/2018 16:54,R_WDaenyWF6jvq8XT,,,,,43.03540039,-76.12819672,anonymous,EN,"1,2,3,4,5,6","2,5",,3,,"1,2,3",,3,,1,,"1,2",5,,"2,3",,"1,2","1,3",,"1,2",,3,,"1,2",,5,,4,,2,,,,,,,,,,,,,,,,,,,,,,,,,,,,,,"2,5",,5,,"1,2,3",,3,,1,,"1,2",5,,"2,3",,"2,3",,3,,3,,2,,3,,1,,4,,,,,,,,,,,,,,,,,,,,,,,,,,,,,,,,,,,,,,,,,,,,,,,,,,,,,,,,,,,,,,,,,,,,,,,,,,,,,,,,,,,,,,,,,,,,,,,,,,,,,,,,,,,,,,,,,,,,,,Female,38,writer,4,3,,3,52480,"<span lang=""EN-GB"">Suppose you want to browse the internet when you are at home with people you know (e.g., acquaintances, colleagues).<o:p></o:p></span>"
10/16/2018 16:59,10/16/2018 17:10,0,108.12.36.168,100,662,1,10/16/2018 17:10,R_2wd9b5HcePM2rNi,,,,,43.03540039,-76.12819672,anonymous,EN,"1,2,3,4,5,6","2,4,5",,3,,3,,3,,1,,3,"1,2",,"2,3",,3,"1,2,3",,"1,2",,3,,"1,2",,5,,1,,"1,2,3","2,4",,1,,3,,3,,1,,3,5,,5,,5,,"2,3",,3,,2,,3,,5,,"1,2",,"2,5",,3,,"1,3",,3,,1,,3,5,,5,,5,,3,,3,,"1,2",,3,,5,,2,,"2,4",,1,,"1,2,3",,3,,1,,3,5,,"2,3",,"2,3",,"1,2,3",,3,,"1,2",,3,,"1,3",,"1,2",,,,,,,,,,,,,,,,,,,,,,,,,,,,,,,,,,,,,,,,,,,,,,,,,,,,,,,,,,,,,,,,,,,,,,,,,,,,,,,,,,,,,,,,,male,31,software engineer,6,5,,6,14431,"<span lang=""EN-GB"">Suppose you are alone and relaxing at home, you have just read a new book that&nbsp;</span>you loved and now you want a write a review for your close family and friends."
10/16/2018 17:16,10/16/2018 17:25,0,108.12.36.168,100,518,1,10/16/2018 17:25,R_UMzR8qzJB46ywud,,,,,43.03540039,-76.12819672,anonymous,EN,"1,2,3,4,5,6","1,2,5",,5,,2,,1,,1,,3,5,,"2,3",,3,3,,2,,"1,2,3",,2,,5,,1,,2,,,,,,,,,,,,,,,,,,,,,,,,,,,,,,"1,2,5",,5,,"1,3",,1,,1,,3,5,,"2,3",,"2,3",,3,,"1,3,4",,2,,"1,3,4",,5,,1,,,,,,,,,,,,,,,,,,,,,,,,,,,,,,,,,,,,,,,,,,,,,,,,,,,,,,,,,,,,,,,,,,,,,,,,,,,,,,,,,,,,,,,,,,,,,,,,,,,,,,,,,,,,,,,,,,,,,,male,54,gardener,2,2,,3,86419,"<span lang=""EN-GB"">Suppose
     you want to call your mother for sharing an important update about your
     life&nbsp; when you are alone at a park<o:p></o:p></span>"
10/16/2018 17:25,10/16/2018 17:32,0,108.12.36.168,100,453,1,10/16/2018 17:32,R_31MWd1TrxoRyvVi,,,,,43.03540039,-76.12819672,anonymous,EN,"1,2,3,4,5","2,5",,5,,"1,3",,3,,2,,3,5,,"2,3",,3,"2,3",,"1,2",,6,,"1,2",,5,,1,,"2,4",,,,,,,,,,,,,,,,,,,,,,,,,,,,,,"1,2,5",,5,,1,,1,,1,,3,5,,"2,3",,"2,3",,3,,"3,4",,"1,2",,"3,4",,5,,1,,,,,,,,,,,,,,,,,,,,,,,,,,,,,,,"2,5",,5,,"1,2,3",,3,,1,,3,5,,"2,3",,"2,3",,3,,"2,3",,"1,2",,"2,3",,5,,1,,,,,,,,,,,,,,,,,,,,,,,,,,,,,,,,,,,,,,,,,,,,,,,,,,,,,,,,,,,,male,41,freelancer,3,3,,3,66100,"<span style=""color: rgb(0, 0, 0); font-family: Times; font-size: medium;"">Suppose you want to watch some video when you are with people you know (e.g., acquaintances, colleagues) at Starbucks</span>"
10/16/2018 17:33,10/16/2018 17:41,0,108.12.36.168,100,473,1,10/16/2018 17:41,R_2R8R701R6buARRN,,,,,43.03540039,-76.12819672,anonymous,EN,"1,2,3,4,5,6","2,5",,5,,"2,3",,1,,1,,1,"2,3",,5,,1,"1,2,3",,2,,"3,4",,2,,5,,4,,"2,6",,,,,,,,,,,,,,,,,,,,,,,,,,,,,,"2,5",,5,,"2,3",,1,,1,,1,5,,2,,2,,3,,"1,2,3,4",,2,,"1,2,3,4",,5,,1,,,,,,,,,,,,,,,,,,,,,,,,,,,,,,,,,,,,,,,,,,,,,,,,,,,,,,,,,,,,,,,,,,,,,,,,,,,,,,,,,,,,,,,,,"2,5",,5,,"1,2,3",,1,,1,,1,"1,2",,"2,3",,"2,3",,3,,"1,3,4",,2,,"1,3,4",,5,,4,,female,34,teacher,5,1,,4,45549,"<span lang=""EN-GB"">Suppose
     you want to a view a text message when you with people you know (e.g.,
     acquaintances, colleagues) at a street<strong>.</strong><o:p></o:p></span>"
10/16/2018 17:41,10/16/2018 18:12,0,108.12.36.168,100,1861,1,10/16/2018 18:12,R_8CU5qwwvklIZKkp,,,,,43.03540039,-76.12819672,anonymous,EN,"1,2,3,4,5,6","2,5",,5,,2,,1,,1,,3,5,,5,,3,3,,2,,"1,3",,2,,5,,4,,2,,,,,,,,,,,,,,,,,,,,,,,,,,,,,,"2,5",,5,,1,,1,,1,,1,5,,2,,2,,3,,"1,3,4",,2,,"1,3,4",,5,,4,,,,,,,,,,,,,,,,,,,,,,,,,,,,,,,,,,,,,,,,,,,,,,,,,,,,,,,,,,,,,,,,,,,,,,,,,,,,,,,,,,,,,,,,,,,,,,,,,,,,,,,,,,,,,,,,,,,,,,female,22,student,6,5,,3,53741,"<span lang=""EN-GB"">Suppose
     you want to a send a text message when you with people you know (e.g., acquaintances,
     colleagues) at a street<strong>.</strong><o:p></o:p></span>"
10/17/2018 17:19,10/17/2018 17:23,0,174.220.11.53,100,278,1,10/17/2018 17:23,R_1NFk6Rvb6W9pTBY,,,,,41.53720093,-74.05259705,anonymous,EN,"1,2,3,4,5,6","2,5",,5,,1,,1,,1,,3,5,,"2,3",,3,3,,"1,2",,"3,4",,"1,2",,5,,4,,2,,,,,,,,,,,,,,,,,,,,,,,,,,,,,,"2,5",,5,,"1,2,3",,1,,1,,3,5,,"2,3",,"2,3",,3,,3,,"1,2",,3,,5,,4,,,,,,,,,,,,,,,,,,,,,,,,,,,,,,,,,,,,,,,,,,,,,,,,,,,,,,,,,,,,,,,,,,,,,,,,,,,,,,,,,,,,,,,,,,,,,,,,,,,,,,,,,,,,,,,,,,,,,,Female,30,Teacher,5,5,,4,89882,"<span lang=""EN-GB"">Suppose
     you want to a send an email when you are walking on a street.<o:p></o:p></span>"
10/17/2018 17:27,10/17/2018 17:47,0,174.220.11.53,100,1173,1,10/17/2018 17:47,R_eCK31Ws8SfffJn3,,,,,41.53720093,-74.05259705,anonymous,EN,"1,2,4,5","2,5",,5,,"1,2",,1,,1,,3,5,,"1,2",,3,3,,"1,2",,3,,"1,2",,1,,1,,5,,,,,,,,,,,,,,,,,,,,,,,,,,,,,,,,,,,,,,,,,,,,,,,,,,,,,,,,,,,,,,,,,,,,,,,,,,,,,,,,,,,,,,,,,,,,,,,,,,,,,,,,,,,,,,,,,,,,,1,,5,,4,,3,,3,,"2,3",5,,"1,3",,"1,3",,4,,"2,4",,3,,"2,4",,5,,4,,,,,,,,,,,,,,,,,,,,,,,,,,,,,,,Male,54,Adjunct,5,1,,5,39906,"<span lang=""EN-GB"">Suppose
     you want to call your mother for sharing an important update about your
     life when you are with a very close friend at a restaurant&nbsp;<o:p></o:p></span>"
10/17/2018 18:36,10/17/2018 18:38,0,24.46.117.154,100,130,1,10/17/2018 18:38,R_QgB7zFVn9V6RWcV,,,,,40.62049866,-73.92389679,anonymous,EN,"2,3,5,6","1,2,3",,2,,1,,1,,"1,3",,2,"1,2",,"1,2",,"1,2","1,2",,"1,2",,2,,1,,3,,"1,2",,"2,3",,,,,,,,,,,,,,,,,,,,,,,,,,,,,,2,,"2,3",,"2,3",,1,,"1,2,3",,2,1,,1,,2,,1,,"2,4",,1,,2,,2,,1,,"3,4",,"1,2",,"1,2,3",,1,,"1,2",,"1,2","1,2",,2,,"2,3",,2,,"1,2",,"1,3",,"1,2",,"1,3",,1,,,,,,,,,,,,,,,,,,,,,,,,,,,,,,,,,,,,,,,,,,,,,,,,,,,,,,,,,,,,,,,,,,,,,,,,,,,,,,,,,,,,,,,,,,,,,,,,27537,"<span lang=""EN-GB"" style=""font-size:11.0pt;line-height:115%;
font-family:&quot;Arial&quot;,sans-serif;mso-fareast-font-family:Arial;mso-ansi-language:
EN-GB;mso-fareast-language:EN-US;mso-bidi-language:AR-SA"">Suppose you want to a
send a text message when you are alone at Starbucks.</span>"
10/17/2018 18:29,10/17/2018 18:48,0,108.12.36.168,100,1129,1,10/17/2018 18:48,R_3FIDKh8Phn9KPhn,,,,,43.03540039,-76.12819672,anonymous,EN,"1,2,3,4,5,6","1,2,4,5",,3,,"1,2,3",,3,,2,,3,5,,"1,2,3",,3,"1,2,3",,"1,2,3",,3,,"1,2,3",,5,,"1,2",,"2,4,5",,,,,,,,,,,,,,,,,,,,,,,,,,,,,,"1,2,5",,1,,1,,1,,1,,3,5,,2,,2,,3,,3,,2,,3,,5,,1,,,,,,,,,,,,,,,,,,,,,,,,,,,,,,,"2,3,5",,3,,2,,3,,1,,3,5,,2,,2,,3,,3,,3,,3,,5,,1,,1,,2,,4,,3,,2,,3,5,,"1,2,3",,"1,2,3",,4,,"2,4",,3,,"2,4",,5,,4,,,,,,,,,,,,,,,,,,,,,,,,,,,,,,,female,44,home maker,2,1,,3,70403,"<span lang=""EN-GB"">Suppose
     you want to read a digital document when you are at home with people you
     are close to (e.g., friends, family members).<strong><o:p></o:p></strong></span>"
10/17/2018 18:37,10/17/2018 18:49,0,91.207.175.216,100,704,1,10/17/2018 18:49,R_2Pv3tMO4Xn1aNjb,,,,,34.0493927,-118.2640991,anonymous,EN,"1,2,4,5",2,,5,,1,,1,,1,,3,1,,5,,3,6,,2,,6,,1,,2,,2,,,,,,,,,,,,,,,,,,,,,,,,,,,,,,,,,,,,,,,,,,,,,,,,,,,,,,,,,,,,,,,,,,,,,,,,,,,,,,,,,,,,,,,,,,,,,,,,,,,,,,,,,,,,,,,,,,,,,,,,,,,,,,,,,,,,,,,,,,,,,,,,,,,,,,,,,,,,,,,,,,,,,,,,,,,,,,,,,,,,,,,,61955,"<span lang=""EN-GB"">Suppose you are at a park with some people you know (e.g., acquaintances, colleagues) when you realize that you have to immediately pay one of your bills online.<o:p></o:p></span>"
10/17/2018 18:54,10/17/2018 18:55,0,100.14.74.140,100,42,1,10/17/2018 18:55,R_br3MGxWn1tJUtQB,,,,,39.94410706,-75.58820343,anonymous,EN,1,,,,,,,,,,,,,,,,,,,,,,,,,,,,,,,,,,,,,,,,,,,,,,,,,,,,,,,,,,,,,,,,,,,,,,,,,,,,,,,,,,,,,,,,,,,,,,,,,,,,,,,,,,,,,,,,,,,,,,,,,,,,,,,,,,,,,,,,,,,,,,,,,,,,,,,,,,,,,,,,,,,,,,,,,,,,,,,,,,,,,,,,,,,,,,,,,,,,,,,,,,,,,,,,,,,72784,"<span lang=""EN-GB"">Suppose
     you want to a view a text message when you are with a very close friend at
     a restaurant&nbsp;<o:p></o:p></span>"
10/17/2018 19:03,10/17/2018 19:04,0,47.219.181.231,100,44,1,10/17/2018 19:04,R_1dymPr6hqfIS7qU,,,,,32.27679443,-95.30310059,anonymous,EN,"1,2",,,,,,,,,,,,,,,,,,,,,,,,,,,,,,,,,,,,,,,,,,,,,,,,,,,,,,,,,,,,,,,,,,,,,,,,,,,,,,,,,,,,,,,,,,,,,,,,,,,,,,,,,,,,,,,,,,,,,,,,,,,,,,,,,,,,,,,,,,,,,,,,,,,,,,,,,,,,,,,,,,,,,,,,,,,,,,,,,,,,,,,,,,,,,,,,,,,,,,,,,,,,,,,,,,,61349,"Suppose you want to find a route to a coffee shop
     when you are at home with your by your colleagues<o:p></o:p>"
10/17/2018 18:56,10/17/2018 19:05,0,97.120.208.215,100,545,1,10/17/2018 19:05,R_1pWmaMjwL0O2XrT,,,,,45.5440979,-122.6423035,anonymous,EN,"2,3,5","2,3,4",,5,,"1,2,3",,3,,1,,"2,3","1,2,3",,"2,3",,"2,3","1,2,3",,"1,2",,6,,"1,2",,5,,4,,3,,,,,,,,,,,,,,,,,,,,,,,,,,,,,,,,,,,,,,,,,,,,,,,,,,,,,,,,,,,"2,4",,5,,"1,2,3",,3,,1,,"2,3","1,2,3",,"2,3",,3,,3,,6,,"1,2",,6,,3,,4,,,,,,,,,,,,,,,,,,,,,,,,,,,,,,,,,,,,,,,,,,,,,,,,,,,,,,,,,,,,,,,,,,,,,,,,,,,,,,,,,,,,,,,,,,,,,,,,12544,"<span lang=""EN-GB"">Suppose you are alone at home when you realize today is the last day to pay one of your bills online.<o:p></o:p></span>"
10/17/2018 19:03,10/17/2018 19:07,0,70.162.165.42,100,251,1,10/17/2018 19:07,R_25TapmpCoo6T1Nc,,,,,33.39169312,-111.9248962,anonymous,EN,"1,2,3,5","1,2",,5,,1,,1,,1,,1,5,,5,,4,2,,5,,2,,5,,3,,4,,,,,,,,,,,,,,,,,,,,,,,,,,,,,,,,,,,,,,,,,,,,,,,,,,,,,,,,,,,,,,,,,,,,,,,,,,,,,,,,,,,,,,,,,,,,,,,,,,,,,,,,,,,,,,,,,,,,,,,,,,,,,,,,,,,,,,,,,,,,,,,,,,,,,,,,,,,,,,,,,,,,,,,,,,,,,,,,,,,,,,,,97012,"<span lang=""EN-GB"">Suppose you want to set up a reminder about something when you are at Starbucks with close friends.<o:p></o:p></span>"
10/17/2018 19:00,10/17/2018 19:09,0,108.12.36.168,100,551,1,10/17/2018 19:09,R_2qwvc4nZgMOFDaS,,,,,43.03540039,-76.12819672,anonymous,EN,"1,2,4,5,6","2,5",,1,,"1,2,3",,1,,1,,3,5,,"2,3",,3,"1,3",,"1,2",,3,,"1,2",,5,,4,,2,,,,,,,,,,,,,,,,,,,,,,,,,,,,,,"2,5",,3,,"1,2,3",,3,,1,,3,5,,2,,2,,3,,3,,"1,2",,3,,5,,4,,,,,,,,,,,,,,,,,,,,,,,,,,,,,,,,,,,,,,,,,,,,,,,,,,,,,,,,,,,,,,,,,,,,,,,,,,,,,,,,,,,,,,,,,,,,,,,,,,,,,,,,,,,,,,,,,,,,,,female,21,student,3,5,,4,62616,"Suppose you want to check your social media status
     when you are at Starbucks.<o:p></o:p>"
10/17/2018 19:09,10/17/2018 19:10,0,206.82.167.128,100,11,1,10/17/2018 19:10,R_1oqmZaDbPe7C9X5,,,,,41.64920044,-83.67060089,anonymous,EN,"1,2",,,,,,,,,,,,,,,,,,,,,,,,,,,,,,,,,,,,,,,,,,,,,,,,,,,,,,,,,,,,,,,,,,,,,,,,,,,,,,,,,,,,,,,,,,,,,,,,,,,,,,,,,,,,,,,,,,,,,,,,,,,,,,,,,,,,,,,,,,,,,,,,,,,,,,,,,,,,,,,,,,,,,,,,,,,,,,,,,,,,,,,,,,,,,,,,,,,,,,,,,,,,,,,,,,,50176,"<span lang=""EN-GB"">Suppose
     you want to find a route to home when you are alone at Starbucks.<o:p></o:p></span>"
10/17/2018 19:09,10/17/2018 19:10,0,66.214.10.101,100,70,1,10/17/2018 19:10,R_1kHLQONNIpBd5Zh,,,,,33.79389954,-118.1192017,anonymous,EN,"1,2,3","1,2,3",,"1,2",,"2,3",,1,,"1,2,4",,"1,2","1,2",,"1,2,3",,"1,2","1,2,4",,"1,2,3",,"2,3",,"1,2",,"1,2,3",,1,,3,,,,,,,,,,,,,,,,,,,,,,,,,,,,,,,,,,,,,,,,,,,,,,,,,,,,,,,,,,,"1,2,4",,"1,3",,"1,3,4",,1,,"1,3,4",,"1,2,3","1,2",,"1,2,3",,"1,2,3",,"1,2,3",,"1,2,3,4",,"1,2,3",,"1,2,3",,"1,2,3",,"1,2",,,,,,,,,,,,,,,,,,,,,,,,,,,,,,,,,,,,,,,,,,,,,,,,,,,,,,,,,,,,,,,,,,,,,,,,,,,,,,,,,,,,,,,,,,,,,,,,4373,"<span lang=""EN-GB"">Suppose
     you want to read a digital document) when you are at home with people you
     know (e.g., acquaintances, colleagues).<o:p></o:p></span>"
10/17/2018 19:11,10/17/2018 19:11,0,73.121.39.251,100,37,1,10/17/2018 19:11,R_27pnQ9F6SfhfbwD,,,,,36.01589966,-84.26229858,anonymous,EN,1,,,,,,,,,,,,,,,,,,,,,,,,,,,,,,,,,,,,,,,,,,,,,,,,,,,,,,,,,,,,,,,,,,,,,,,,,,,,,,,,,,,,,,,,,,,,,,,,,,,,,,,,,,,,,,,,,,,,,,,,,,,,,,,,,,,,,,,,,,,,,,,,,,,,,,,,,,,,,,,,,,,,,,,,,,,,,,,,,,,,,,,,,,,,,,,,,,,,,,,,,,,,,,,,,,,39466,"<span lang=""EN-GB"">Suppose
     you want to purchase something online when you are alone at Starbucks.<o:p></o:p></span>"
10/17/2018 19:10,10/17/2018 19:11,0,66.214.10.101,100,68,1,10/17/2018 19:11,R_2zvTSNwhWxfyqqp,,,,,33.79389954,-118.1192017,anonymous,EN,"1,2,3,4,5,6","1,2,3,4",,"1,2,3",,"1,2,3,4",,1,,"2,3,4",,"1,2,3","1,2,3",,"1,2,3",,"2,3","1,2,3,4",,"1,2",,"1,2,3,4",,"1,2",,"1,2,3",,"1,2",,,,,,,,,,,,,,,,,,,,,,,,,,,,,,,,,,,,,,,,,,,,,,,,,,,,,,,,,,,,,,,,,,,,,,,,,,,,,,,,,,,,,,,,,,,,,,,,,,,,,,,,,,,,,,,,,,,,,,,,,,,,,,,,,,,,,,,,,,,,,,,,,,,,,,,,,,,,,,,,,,,,,,,,,,,,,,,,,,,,,,,,62683,"<span lang=""EN-GB"">Suppose you want to read a digital document when you are at a park.<o:p></o:p></span>"
10/17/2018 19:12,10/17/2018 19:12,0,108.62.142.190,100,18,1,10/17/2018 19:12,R_2aL8gtsrdSi0HBu,,,,,33.6730957,-111.9460983,anonymous,EN,1,,,,,,,,,,,,,,,,,,,,,,,,,,,,,,,,,,,,,,,,,,,,,,,,,,,,,,,,,,,,,,,,,,,,,,,,,,,,,,,,,,,,,,,,,,,,,,,,,,,,,,,,,,,,,,,,,,,,,,,,,,,,,,,,,,,,,,,,,,,,,,,,,,,,,,,,,,,,,,,,,,,,,,,,,,,,,,,,,,,,,,,,,,,,,,,,,,,,,,,,,,,,,,,,,,,17758,"<span lang=""EN-GB"">Suppose you want to control some devices/appliances (e.g., smart lights) when you are at home with people you are close to (e.g., friends, family members)<strong><o:p></o:p></strong></span>"
10/17/2018 19:12,10/17/2018 19:15,0,66.214.10.101,100,219,1,10/17/2018 19:15,R_qBYWeOnCFcnuYWB,,,,,33.79389954,-118.1192017,anonymous,EN,"1,2,3,4,5,6","1,2,3,4",,"1,2",,"1,2,3,4",,1,,"1,2,4",,"1,3","2,3",,1,,"1,3","1,2,3",,"1,2",,"2,3",,"1,2",,"1,2,3",,"1,2",,"1,2,3,4","1,3,5",,"1,2",,"1,2,3",,1,,"1,3,4",,"2,3","1,2",,"1,2",,1,,"1,3,4",,"2,4",,"1,2",,"1,3",,"1,2",,"1,2",,"3,4",,"1,3",,"2,3",,1,,1,,4,"1,2",,"2,3",,"1,2,3",,"1,2",,"1,3",,"1,3",,"2,3",,"1,2",,1,,"2,3,4",,"1,3",,"1,2,3",,1,,"1,2,3",,"1,2","1,2",,"1,2",,1,,"1,2,3",,"1,2,3",,"1,2",,"1,2,3",,"1,2",,"1,2",,"1,2,3,4",,"1,3",,"1,2,3",,1,,"1,2,3",,"1,2","1,2",,1,,2,,"1,3",,"1,2",,"1,2",,"1,2,3",,"1,2",,2,,,,,,,,,,,,,,,,,,,,,,,,,,,,,,,,,,,,,,,,,,,,,,,,,,,,,,,,,,,,,,,,,,,31995,"<span lang=""EN-GB"">Suppose you are at a coffee shop, you have just read a book you loved and now&nbsp;</span>you want to write a review for it to share with your close family and friends."
10/17/2018 19:14,10/17/2018 19:20,0,108.88.55.185,100,366,1,10/17/2018 19:20,R_dd26THHW71x0he9,,,,,34.27400208,-92.09100342,anonymous,EN,"1,2,4",2,,1,,3,,1,,1,,3,2,,3,,3,2,,1,,6,,5,,1,,2,,,,,,,,,,,,,,,,,,,,,,,,,,,,,,,,,,,,,,,,,,,,,,,,,,,,,,,,,,,,,,,,,,,,,,,,,,,,,,,,,,,,,,,,,,,,,,,,,,,,,,,,,,,,,,,,,,,,,,,,,,,,,,,,,,,,,,,,,,,,,,,,,,,,,,,,,,,,,,,,,,,,,,,,,,,,,,,,,,,,,,,,62559,"<span lang=""EN-GB"">Suppose
     you want to listen to some audio when you are with your friends at
     Starbucks.<o:p></o:p></span>"
10/17/2018 19:12,10/17/2018 19:21,0,68.189.205.43,100,567,1,10/17/2018 19:21,R_21A4xXlvRoXPWnP,,,,,36.89109802,-89.58200073,anonymous,EN,"2,3,4",7,,3,,"1,3",,1,,1,,3,5,,2,,3,"1,2,3",,2,,3,,2,,1,,"1,2",,2,,,,,,,,,,,,,,,,,,,,,,,,,,,,,,7,,3,,2,,1,,1,,3,5,,3,,3,,2,,7,,2,,7,,1,,1,,,,,,,,,,,,,,,,,,,,,,,,,,,,,,,,,,,,,,,,,,,,,,,,,,,,,,,,,,,,,,,,,,,,,,,,,,,,,,,,,,,,,,,,,,,,,,,,,,,,,,,,,,,,,,,,,,,,,,female,33,chef,4,3,,2,69365,"<span style=""color: rgb(0, 0, 0); font-family: Times; font-size: medium;"">Suppose you want to watch some video when you are with people you know (e.g., acquaintances, colleagues) at Starbucks</span>"
10/17/2018 19:22,10/17/2018 19:28,0,35.136.179.95,100,374,1,10/17/2018 19:28,R_2Ck0nPThZwq4cwQ,,,,,27.84660339,-82.79540253,anonymous,EN,"1,2,3,4","1,2,3,5",,3,,"1,2",,1,,1,,3,"1,2,3",,1,,3,"1,2,3,4",,2,,"2,3",,"1,2",,"1,2,3",,"1,2",,,,,,,,,,,,,,,,,,,,,,,,,,,,,,,,,,,,,,,,,,,,,,,,,,,,,,,,,,,,,,,,,,,,,,,,,,,,,,,,,,,,,,,,,,,,,,,,,,,,,,,,,,,,,,,,,,,,,,,,,,,,,,,,,,,,,,,,,,,,,,,,,,,,,,,,,,,,,,,,,,,,,,,,,,,,,,,,,,,,,,,,37196,"<span lang=""EN-GB"">Suppose
     you want to set up a reminder when you are with people you know (e.g.,
     acquaintances, colleagues) at your home.<o:p></o:p></span>"
10/17/2018 19:28,10/17/2018 19:34,0,106.215.69.188,100,376,1,10/17/2018 19:34,R_UFofQMEcAjJoJgt,,,,,28.6000061,77.20001221,anonymous,EN,"1,2,3,4","2,5",,"1,3",,"1,2,3",,1,,1,,"2,3","1,2,3",,"2,3",,"2,3","2,3",,"1,2",,"2,3",,"1,2",,"1,2,3",,2,,"2,4",,,,,,,,,,,,,,,,,,,,,,,,,,,,,,"2,3",,2,,2,,1,,2,,2,2,,2,,2,,2,,2,,2,,2,,"1,2",,2,,,,,,,,,,,,,,,,,,,,,,,,,,,,,,,2,,2,,"1,2",,1,,2,,"2,3",2,,1,,2,,2,,2,,2,,"1,2",,"1,2",,2,,,,,,,,,,,,,,,,,,,,,,,,,,,,,,,,,,,,,,,,,,,,,,,,,,,,,,,,,,,,,,,,,,,65912,"<span lang=""EN-GB"">Suppose
     you want to purchase something online when you are with people you know
     (e.g., acquaintances, colleagues) at your home.<o:p></o:p></span>"
10/17/2018 19:35,10/17/2018 19:36,0,47.36.241.204,100,12,1,10/17/2018 19:36,R_qF17KN5CjFt2aR3,,,,,34.44819641,-86.92420197,anonymous,EN,"1,2",,,,,,,,,,,,,,,,,,,,,,,,,,,,,,,,,,,,,,,,,,,,,,,,,,,,,,,,,,,,,,,,,,,,,,,,,,,,,,,,,,,,,,,,,,,,,,,,,,,,,,,,,,,,,,,,,,,,,,,,,,,,,,,,,,,,,,,,,,,,,,,,,,,,,,,,,,,,,,,,,,,,,,,,,,,,,,,,,,,,,,,,,,,,,,,,,,,,,,,,,,,,,,,,,,,50241,"<span lang=""EN-GB"">Suppose you are at Starbucks with your close friends and you realize today is the last day to pay one of your bills online.<o:p></o:p></span>"
10/17/2018 19:36,10/17/2018 19:37,0,96.19.230.179,100,23,1,10/17/2018 19:37,R_29lZwXABIap75aa,,,,,36.72990417,-97.04540253,anonymous,EN,"2,6",,,,,,,,,,,,,,,,,,,,,,,,,,,,,,,,,,,,,,,,,,,,,,,,,,,,,,,,,,,,,,,,,,,,,,,,,,,,,,,,,,,,,,,,,,,,,,,,,,,,,,,,,,,,,,,,,,,,,,,,,,,,,,,,,,,,,,,,,,,,,,,,,,,,,,,,,,,,,,,,,,,,,,,,,,,,,,,,,,,,,,,,,,,,,,,,,,,,,,,,,,,,,,,,,,,22843,
10/17/2018 19:39,10/17/2018 19:42,0,66.160.178.98,100,194,1,10/17/2018 19:42,R_2zUtPfUhv2il3F3,,,,,37.75100708,-97.8219986,anonymous,EN,"1,2,4,6","1,3,4",,"1,2,3",,"1,2",,1,,"2,3",,"1,2","1,2",,"2,3",,"1,2","2,3",,"2,3",,"1,2,3,4",,"1,2",,"1,2",,1,,,,,,,,,,,,,,,,,,,,,,,,,,,,,,,,,,,,,,,,,,,,,,,,,,,,,,,,,,,,,,,,,,,,,,,,,,,,,,,,,,,,,,,,,,,,,,,,,,,,,,,,,,,,,,,,,,,,,,,,,,,,,,,,,,,,,,,,,,,,,,,,,,,,,,,,,,,,,,,,,,,,,,,,,,,,,,,,,,,,,,,,37907,"Suppose you want to purchase something (e.g., book,
     household items) online when you are with people
     you know (e.g., acquaintances, colleagues) at
     Starbucks.<o:p></o:p>"
10/17/2018 19:38,10/17/2018 19:43,0,199.115.115.207,100,318,1,10/17/2018 19:43,R_2uVxDnlrS5evPzo,,,,,38.77009583,-77.63210297,anonymous,EN,"1,2,6","1,2,4",,1,,"1,2,4",,1,,2,,1,2,,2,,1,"1,2",,"1,3",,"1,2",,1,,1,,1,,2,,,,,,,,,,,,,,,,,,,,,,,,,,,,,,1,,1,,1,,1,,1,,1,1,,1,,"1,2",,1,,1,,1,,1,,"1,2",,1,,,,,,,,,,,,,,,,,,,,,,,,,,,,,,,,,,,,,,,,,,,,,,,,,,,,,,,,,,,,,,,,,,,,,,,,,,,,,,,,,,,,,,,,,,,,,,,,,,,,,,,,,,,,,,,,,,,,,,male,31,cpa,5,1,,3,46664,"<span lang=""EN-GB"">Suppose you want to take a click a photo when you with </span><span lang=""EN-GB"">some people you know (e.g.,
     acquaintances, colleagues)</span><span lang=""EN-GB""> at home<o:p></o:p></span>"
10/17/2018 19:45,10/17/2018 19:51,0,190.155.56.51,100,309,1,10/17/2018 19:51,R_T27fKGxjksMGzh7,,,,,-0.216705322,-78.5,anonymous,EN,"1,2,3",4,,5,,"1,2,3",,3,,1,,2,"1,2",,2,,2,2,,2,,"3,4",,2,,"1,3",,"1,2",,1,7,,5,,"1,2",,3,,2,,1,"1,2",,5,,5,,6,,"3,4",,2,,"3,4",,1,,"1,2",,,,,,,,,,,,,,,,,,,,,,,,,,,,,,,,,,,,,,,,,,,,,,,,,,,,,,,,,,,,,,,,,,,,,,,,,,,,,,,,,,,,,,,,,,,,,,,,,,,,,,,,,,,,,,,,,,,,,,,,,,,,,,,,,,,,,,,,,,,,,,,,,,,Female,36,Executive Assistant,3,1,,3,30531,"<span lang=""EN-GB"">Suppose you want to browse the internet when you are at home with people you know (e.g., acquaintances, colleagues).<o:p></o:p></span>"
10/17/2018 19:53,10/17/2018 19:53,0,162.248.134.225,100,43,1,10/17/2018 19:53,R_2gC3GbFbYa0SpLb,,,,,37.75100708,-97.8219986,anonymous,EN,"1,2",,,,,,,,,,,,,,,,,,,,,,,,,,,,,,,,,,,,,,,,,,,,,,,,,,,,,,,,,,,,,,,,,,,,,,,,,,,,,,,,,,,,,,,,,,,,,,,,,,,,,,,,,,,,,,,,,,,,,,,,,,,,,,,,,,,,,,,,,,,,,,,,,,,,,,,,,,,,,,,,,,,,,,,,,,,,,,,,,,,,,,,,,,,,,,,,,,,,,,,,,,,,,,,,,,,69798,"<span lang=""EN-GB"" style=""font-size:11.0pt;line-height:115%;
font-family:&quot;Arial&quot;,sans-serif;mso-fareast-font-family:Arial;mso-ansi-language:
EN-GB;mso-fareast-language:EN-US;mso-bidi-language:AR-SA"">Suppose you have
planned to meet a friend next week and you want put this on your calendar<span style=""color:#434343""> when you with </span>people you know (e.g.,
acquaintances, colleagues)<span style=""color:#434343""> at a park</span></span>"
10/17/2018 19:55,10/17/2018 19:55,0,98.116.223.145,100,8,1,10/17/2018 19:55,R_3HRNkr3EzIgnq9c,,,,,40.74690247,-73.63980103,anonymous,EN,3,,,,,,,,,,,,,,,,,,,,,,,,,,,,,,,,,,,,,,,,,,,,,,,,,,,,,,,,,,,,,,,,,,,,,,,,,,,,,,,,,,,,,,,,,,,,,,,,,,,,,,,,,,,,,,,,,,,,,,,,,,,,,,,,,,,,,,,,,,,,,,,,,,,,,,,,,,,,,,,,,,,,,,,,,,,,,,,,,,,,,,,,,,,,,,,,,,,,,,,,,,,,,,,,,,,81690,"<span lang=""EN-GB"">Suppose
     you want to a view a text message when you are alone at Starbucks.<o:p></o:p></span>"
10/17/2018 19:55,10/17/2018 19:55,0,98.116.223.145,100,9,1,10/17/2018 19:55,R_2af4D2GVlwXgPte,,,,,40.74690247,-73.63980103,anonymous,EN,2,,,,,,,,,,,,,,,,,,,,,,,,,,,,,,,,,,,,,,,,,,,,,,,,,,,,,,,,,,,,,,,,,,,,,,,,,,,,,,,,,,,,,,,,,,,,,,,,,,,,,,,,,,,,,,,,,,,,,,,,,,,,,,,,,,,,,,,,,,,,,,,,,,,,,,,,,,,,,,,,,,,,,,,,,,,,,,,,,,,,,,,,,,,,,,,,,,,,,,,,,,,,,,,,,,,93003,"<span lang=""EN-GB"">Suppose you want to find a route to a coffee shop when you are
     at home </span><span lang=""EN-GB"">with
     people you are close to (e.g., friends, family members)</span><strong><span lang=""EN-GB""><o:p></o:p></span></strong>"
10/17/2018 19:54,10/17/2018 20:02,0,162.248.134.225,100,474,1,10/17/2018 20:02,R_2OHzFG8iRPXGAi7,,,,,37.75100708,-97.8219986,anonymous,EN,"1,2,3,4,5,6","2,3",,2,,2,,1,,3,,2,2,,2,,2,2,,2,,2,,2,,2,,2,,1,2,,2,,1,,1,,2,,2,2,,2,,2,,2,,2,,2,,2,,2,,2,,,,,,,,,,,,,,,,,,,,,,,,,,,,,,,,,,,,,,,,,,,,,,,,,,,,,,,,,,,,,,,,,,,,,,,,,,,,,,,,,,,,,,,,,,,,,,,,,,,,,,,,,,,,,,,,,,,,,,,,,,,,,,,,,,,,,,,,,,,,,,,,,,,MALE,35,MANAGER,5,1,,3,95121,"<span lang=""EN-GB"">Suppose you want to call your mother for sharing an important
     update about your life when you are surrounded by people you know (e.g.,
     acquaintances, colleagues) at your home.<o:p></o:p></span>"
10/17/2018 19:55,10/17/2018 20:06,0,98.116.223.145,100,653,1,10/17/2018 20:06,R_1jGHGgxKMQXEfZU,,,,,40.74690247,-73.63980103,anonymous,EN,"2,4,6","2,3,5",,1,,"1,3",,1,,1,,3,"1,2,3",,"2,3",,3,6,,"1,2",,"3,4",,"1,2",,"1,2",,"1,2",,"2,4",,,,,,,,,,,,,,,,,,,,,,,,,,,,,,"2,3,5",,1,,"1,3",,1,,1,,1,"1,2,3",,"1,2,3",,"1,2,3",,6,,"3,4",,"1,2",,"3,4",,"1,2,3",,"1,2",,,,,,,,,,,,,,,,,,,,,,,,,,,,,,,"2,3,5",,1,,"1,2",,1,,1,,4,"1,2,3",,"1,2,3",,"1,2,3",,6,,"3,4",,"1,2",,6,,"1,2",,"1,2",,,,,,,,,,,,,,,,,,,,,,,,,,,,,,,,,,,,,,,,,,,,,,,,,,,,,,,,,,,,,,,,,,,31021,"<span lang=""EN-GB"">Suppose you want to listen to some audio when you are alone in a park.<o:p></o:p></span>"
10/17/2018 20:11,10/17/2018 20:11,0,208.38.240.182,100,13,1,10/17/2018 20:11,R_1Lh9PSY2SK9E5G4,,,,,40.40010071,-86.86019897,anonymous,EN,"1,2",,,,,,,,,,,,,,,,,,,,,,,,,,,,,,,,,,,,,,,,,,,,,,,,,,,,,,,,,,,,,,,,,,,,,,,,,,,,,,,,,,,,,,,,,,,,,,,,,,,,,,,,,,,,,,,,,,,,,,,,,,,,,,,,,,,,,,,,,,,,,,,,,,,,,,,,,,,,,,,,,,,,,,,,,,,,,,,,,,,,,,,,,,,,,,,,,,,,,,,,,,,,,,,,,,,43382,"<span lang=""EN-GB"" style=""font-size:11.0pt;line-height:115%;
font-family:&quot;Arial&quot;,sans-serif;mso-fareast-font-family:Arial;mso-ansi-language:
EN-GB;mso-fareast-language:EN-US;mso-bidi-language:AR-SA"">Suppose you want to
find a route to a coffee shop when you are alone at home.</span>"
10/16/2018 10:40,10/17/2018 20:20,0,99.203.128.218,100,121182,1,10/17/2018 20:20,R_3mfybMea0c0FhHI,,,,,42.27679443,-83.37580109,anonymous,EN,"1,2,3,4,5,6","1,2,4,5",,"1,2",,"1,3,4",,1,,1,,"1,2","1,2,3",,"1,2",,"1,2","1,2,3,4",,"1,2,3",,"1,3,4",,"1,2,3",,"1,2,3",,"1,2",,6,,,,,,,,,,,,,,,,,,,,,,,,,,,,,,,,,,,,,,,,,,,,,,,,,,,,,,,,,,,,,,,,,,,,,,,,,,,,,,,,,,,,,,,,,,,,,,,,,,,,,,,,,,,,,,,,,,,,,,,,,,,,,,,,,,,,,,,,,,,,,,,,,,"1,2",,"1,2",,"1,2,3,4",,1,,1,,3,"1,2,3",,2,,"1,2,3",,"3,4",,"1,2,3,4",,"1,2",,"1,2,3,4",,"1,3",,2,,Female,32,Residential Builder Sales rep,5,1,,4,73855,"<span lang=""EN-GB"">Suppose
     you want to set up a reminder when you are at home with people you are
     close to (e.g., friends, family members).<strong><o:p></o:p></strong></span>"
10/17/2018 20:37,10/17/2018 20:37,0,98.197.167.218,100,13,1,10/17/2018 20:37,R_2D6X9GAtoiMFuGi,,,,,30.00419617,-95.17279816,anonymous,EN,"1,2",,,,,,,,,,,,,,,,,,,,,,,,,,,,,,,,,,,,,,,,,,,,,,,,,,,,,,,,,,,,,,,,,,,,,,,,,,,,,,,,,,,,,,,,,,,,,,,,,,,,,,,,,,,,,,,,,,,,,,,,,,,,,,,,,,,,,,,,,,,,,,,,,,,,,,,,,,,,,,,,,,,,,,,,,,,,,,,,,,,,,,,,,,,,,,,,,,,,,,,,,,,,,,,,,,,55186,"<span lang=""EN-GB"">Suppose you are at sitting in a park and you want to play a digital/online game.<o:p></o:p></span>"
10/17/2018 20:36,10/17/2018 20:41,0,66.172.225.105,100,246,1,10/17/2018 20:41,R_2TYI9qeo8zaEMMS,,,,,43.01849365,-96.0565033,anonymous,EN,"1,2,3,4","1,2",,1,,"1,2,3",,1,,1,,2,"1,2",,2,,2,3,,"1,2",,"1,3",,"1,2",,1,,"1,2",,1,4,,3,,6,,3,,1,,3,1,,1,,5,,6,,6,,2,,4,,"1,3",,4,,,,,,,,,,,,,,,,,,,,,,,,,,,,,,,,,,,,,,,,,,,,,,,,,,,,,,,,,,,,,,,,,,,,,,,,,,,,,,,,,,,,,,,,,,,,,,,,,,,,,,,,,,,,,,,,,,,,,,,,,,,,,,,,,,,,,,,,,,,,,,,,,,,,,,,,,,91621,"<span lang=""EN-GB"">Suppose
     you are at home with some people you know (e.g., acquaintances,
     colleagues) when you realize today is the last day to pay one of your
     bills online.<o:p></o:p></span>"
10/17/2018 20:39,10/17/2018 20:49,0,74.83.233.229,100,570,1,10/17/2018 20:49,R_wYkMH8KPrI25Lgd,,,,,39.28509521,-84.52880096,anonymous,EN,"1,2,4,5",2,,1,,"1,2,3",,1,,1,,"2,3","1,2,3",,1,,"2,3",2,,"1,2",,"1,3,4",,"1,2",,"1,2",,1,,2,,,,,,,,,,,,,,,,,,,,,,,,,,,,,,2,,1,,"1,2,3",,1,,1,,3,1,,1,,2,,2,,"1,3",,2,,1,,1,,2,,,,,,,,,,,,,,,,,,,,,,,,,,,,,,,,,,,,,,,,,,,,,,,,,,,,,,,,,,,,,,,,,,,,,,,,,,,,,,,,,,,,,,,,,,,,,,,,,,,,,,,,,,,,,,,,,,,,,,,,,,,,,44309,"<span lang=""EN-GB"">Suppose it is a regular working day, you want to track the total amount of calories&nbsp;</span>you consume and burn off during the day.&nbsp;"
10/17/2018 20:48,10/17/2018 20:50,0,47.183.199.65,100,143,1,10/17/2018 20:50,R_3NQbRLIv2y0TEOc,,,,,33.00050354,-96.83139801,anonymous,EN,"1,2,3,4,5","2,3,4,5",,1,,"1,2",,1,,1,,2,2,,2,,1,3,,"1,2",,"1,2,3",,"1,2",,"1,2",,2,,,,,,,,,,,,,,,,,,,,,,,,,,,,,,,,,,,,,,,,,,,,,,,,,,,,,,,,,,,,,,,,,,,,,,,,,,,,,,,,,,,,,,,,,,,,,,,,,,,,,,,,,,,,,,,,,,,,,,,,,,,,,,,,,,,,,,,,,,,,,,,,,,,,,,,,,,,,,,,,,,,,,,,,,,,,,,,,,,,,,,,,85881,"<span lang=""EN-GB"">Suppose you want to browse internet when you are with your close friends at a restaurant.<o:p></o:p></span>"
10/17/2018 20:50,10/17/2018 20:57,0,66.85.140.119,100,383,1,10/17/2018 20:57,R_xhiq0LWwQXO66E9,,,,,33.42269897,-111.9261017,anonymous,EN,"1,2,4","2,5",,3,,"1,2",,1,,1,,3,"1,2,3",,"1,3",,3,"1,3",,"1,2",,"1,3,4",,"1,2",,1,,2,,2,,,,,,,,,,,,,,,,,,,,,,,,,,,,,,5,,1,,"1,2",,1,,2,,1,"2,3",,1,,5,,6,,3,,1,,3,,1,,2,,,,,,,,,,,,,,,,,,,,,,,,,,,,,,,,,,,,,,,,,,,,,,,,,,,,,,,,,,,,,,,,,,,,,,,,,,,,,,,,,,,,,,,,,,,,,,,,,,,,,,,,,,,,,,,,,,,,,,,,,,,,,97643,"<span lang=""EN-GB"">Suppose you want to a send a text message when you are surrounded with people you are close to (e.g., friends, family members) at your home.<strong><o:p></o:p></strong></span>"
10/17/2018 21:19,10/17/2018 21:22,0,68.2.94.44,100,149,1,10/17/2018 21:22,R_2t4gdkP5fk19WGa,,,,,33.6013031,-111.8867035,anonymous,EN,"1,2,4,6",2,,1,,1,,1,,1,,2,2,,1,,2,1,,1,,1,,2,,1,,2,,,,,,,,,,,,,,,,,,,,,,,,,,,,,,,,,,,,,,,,,,,,,,,,,,,,,,,,,,,,,,,,,,,,,,,,,,,,,,,,,,,,,,,,,,,,,,,,,,,,,,,,,,,,,,,,,,,,,,,,,,,,,,,,,,,,,,,,,,,,,,,,,,,,,,,,,,,,,,,,,,,,,,,,,,,,,,,,,,,,,,,,20457,"<span lang=""EN-GB"">Suppose you are at home with people you are close to (e.g., friends, family members) when you realize today is the last day to pay one of your bills online.<o:p></o:p></span>"
10/17/2018 21:21,10/17/2018 21:23,0,99.186.250.223,100,67,1,10/17/2018 21:23,R_3NxPj7CSTuaQOWt,,,,,30.45640564,-87.21040344,anonymous,EN,"1,2",,,,,,,,,,,,,,,,,,,,,,,,,,,,,,,,,,,,,,,,,,,,,,,,,,,,,,,,,,,,,,,,,,,,,,,,,,,,,,,,,,,,,,,,,,,,,,,,,,,,,,,,,,,,,,,,,,,,,,,,,,,,,,,,,,,,,,,,,,,,,,,,,,,,,,,,,,,,,,,,,,,,,,,,,,,,,,,,,,,,,,,,,,,,,,,,,,,,,,,,,,,,,,,,,,,59525,"<span lang=""EN-GB"">Suppose
     you want to watch some video when you are alone at Starbucks.<o:p></o:p></span>"
10/17/2018 21:23,10/17/2018 21:25,0,174.194.4.139,100,135,1,10/17/2018 21:25,R_8wcAZKx3qQ71TDH,,,,,35.21060181,-80.44069672,anonymous,EN,"1,2,4,5","1,2,3,4",,"2,3",,3,,3,,"2,3",,4,2,,3,,1,2,,"1,3",,"2,3",,"2,3",,"1,3",,2,,,,,,,,,,,,,,,,,,,,,,,,,,,,,,,,,,,,,,,,,,,,,,,,,,,,,,,,,,,,,,,,,,,,,,,,,,,,,,,,,,,,,,,,,,,,,,,,,,,,,,,,,,,,,,,,,,,,,,,,,,,,,,,,,,,,,,,,,,,,,,,,,,,,,,,,,,,,,,,,,,,,,,,,,,,,,,,,,,,,,,,,68525,"<span lang=""EN-GB"">Suppose you are at work with some people you know (e.g., acquaintances, colleagues) when you realize that you have to immediately pay one of your bills online.<o:p></o:p></span>"
10/17/2018 21:56,10/17/2018 22:02,0,72.160.103.119,100,367,1,10/17/2018 22:02,R_3qy81Lrl2LEyRhZ,,,,,47.68089294,-118.1667023,anonymous,EN,1,,,,,,,,,,,,,,,,,,,,,,,,,,,,,,,,,,,,,,,,,,,,,,,,,,,,,,,,,,,,,,,,,,,,,,,,,,,,,,,,,,,,,,,,,,,,,,,,,,,,,,,,,,,,,,,,,,,,,,,,,,,,,,,,,,,,,,,,,,,,,,,,,,,,,,,,,,,,,,,,,,,,,,,,,,,,,,,,,,,,,,,,,,,,,,,,,,,,,,,,,,,,,,,,,,,44625,"<span lang=""EN-GB"">Suppose you want to find a route to home while walking on a street with people you know (e.g., acquaintances, colleagues).<o:p></o:p></span>"
10/17/2018 22:04,10/17/2018 22:16,0,72.79.146.111,100,729,1,10/17/2018 22:16,R_cYBqv6EubeNquDT,,,,,41.31970215,-75.85410309,anonymous,EN,"1,2,3,4,5",7,,5,,"1,3",,3,,1,,3,"1,2,3",,5,,3,2,,2,,6,,2,,5,,4,,"1,2",7,,5,,6,,3,,1,,4,"1,2,3",,5,,5,,6,,6,,5,,6,,5,,4,,7,,5,,1,,3,,1,,4,"1,2,3",,5,,5,,6,,6,,5,,6,,5,,4,,,,,,,,,,,,,,,,,,,,,,,,,,,,,,,,,,,,,,,,,,,,,,,,,,,,,,,,,,,,,,,,,,,,,,,,,,,,,,,,,,,,,,,,,,,,,,,,,,,,,,,,,,,,,,,,,,,,,,male,33,machinist,3,1,,2,29034,"<span lang=""EN-GB"">Suppose
     you are at starbucks and you realize today is the last day to pay one of
     your bills online.<o:p></o:p></span>"
10/17/2018 23:01,10/17/2018 23:01,0,158.48.6.139,100,6,1,10/17/2018 23:01,R_1MMz37ZHJfaG88I,,,,,39.26379395,-84.40920258,anonymous,EN,3,,,,,,,,,,,,,,,,,,,,,,,,,,,,,,,,,,,,,,,,,,,,,,,,,,,,,,,,,,,,,,,,,,,,,,,,,,,,,,,,,,,,,,,,,,,,,,,,,,,,,,,,,,,,,,,,,,,,,,,,,,,,,,,,,,,,,,,,,,,,,,,,,,,,,,,,,,,,,,,,,,,,,,,,,,,,,,,,,,,,,,,,,,,,,,,,,,,,,,,,,,,,,,,,,,,94451,"<span lang=""EN-GB"">Suppose you want to a send an email when you are walking with a very close friend on a street.&nbsp;<o:p></o:p></span>"
10/17/2018 23:06,10/17/2018 23:07,0,108.62.54.238,100,78,1,10/17/2018 23:07,R_2y8h4AY5idXlCg0,,,,,40.86210632,-74.41169739,anonymous,EN,3,,,,,,,,,,,,,,,,,,,,,,,,,,,,,,,,,,,,,,,,,,,,,,,,,,,,,,,,,,,,,,,,,,,,,,,,,,,,,,,,,,,,,,,,,,,,,,,,,,,,,,,,,,,,,,,,,,,,,,,,,,,,,,,,,,,,,,,,,,,,,,,,,,,,,,,,,,,,,,,,,,,,,,,,,,,,,,,,,,,,,,,,,,,,,,,,,,,,,,,,,,,,,,,,,,,24505,"<span lang=""EN-GB"">Suppose
     you want to listen to some audio when you are alone at Starbucks.<o:p></o:p></span>"
10/17/2018 23:04,10/17/2018 23:09,0,108.62.54.238,100,334,1,10/17/2018 23:09,R_2dnbb6npeKSsbks,,,,,40.86210632,-74.41169739,anonymous,EN,"1,2,3,4,5,6",3,,2,,4,,1,,4,,1,1,,3,,2,1,,2,,2,,3,,2,,1,,,,,,,,,,,,,,,,,,,,,,,,,,,,,,,,,,,,,,,,,,,,,,,,,,,,,,,,,,,,,,,,,,,,,,,,,,,,,,,,,,,,,,,,,,,,,,,,,,,,,,,,,,,,,,,,,,,,,,,,,,,,,,,,,,,,,,,,,,,,,,,,,,,,,,,,,,,,,,,,,,,,,,,,,,,,,,,,,,,,,,,,89954,"<span lang=""EN-GB"">Suppose
     you want to watch&nbsp; some video when
     you are with people you know (e.g., acquaintances, colleagues) at
     Starbucks<o:p></o:p></span>"
10/17/2018 23:06,10/17/2018 23:10,0,172.251.16.57,100,210,1,10/17/2018 23:10,R_yluOwaFvTbZlk8p,,,,,34.04179382,-117.756897,anonymous,EN,"1,2,3,4,5,6","3,4,5",,3,,2,,3,,1,,1,1,,1,,1,1,,5,,6,,5,,1,,4,,2,,,,,,,,,,,,,,,,,,,,,,,,,,,,,,5,,3,,1,,1,,1,,4,5,,5,,5,,1,,7,,1,,"1,3",,5,,"1,2",,,,,,,,,,,,,,,,,,,,,,,,,,,,,,,,,,,,,,,,,,,,,,,,,,,,,,,,,,,,,,,,,,,,,,,,,,,,,,,,,,,,,,,,,,,,,,,,,,,,,,,,,,,,,,,,,,,,,,,,,,,,,37467,"<span lang=""EN-GB"">Suppose
     you want to a view a text message when you are surrounded by people you
     know (e.g., acquaintances, colleagues) at a restaurant.<o:p></o:p></span>"
10/17/2018 23:11,10/17/2018 23:17,0,45.46.160.244,100,382,1,10/17/2018 23:17,R_2wiafeF3XcSCiY7,,,,,42.91639709,-78.876297,anonymous,EN,"1,2,3,4,5,6","1,2,3,4,5",,"1,2",,"2,3,4",,1,,"2,3",,4,"1,2",,"1,2",,"1,2,3","1,2,3",,"1,2",,"1,2",,"1,2",,"1,2,3",,"1,2",,,,,,,,,,,,,,,,,,,,,,,,,,,,,,,,,,,,,,,,,,,,,,,,,,,,,,,,,,,,,,,,,,,,,,,,,,,,,,,,,,,,,,,,,,,,,,,,,,,,,,,,,,,,,,,,,,,,,,,,,,,,,,,,,,,,,,,,,,,,,,,,,,,,,,,,,,,,,,,,,,,,,,,,,,,,,,,,,,,,,,,,44230,"<span lang=""EN-GB"">Suppose
     you want to a view a text message when you with people you know (e.g.,
     acquaintances, colleagues) at a street<strong>.</strong><o:p></o:p></span>"
10/17/2018 23:21,10/17/2018 23:23,0,68.6.162.179,100,142,1,10/17/2018 23:23,R_SB2ylwhzA8v2peV,,,,,32.57530212,-117.0707016,anonymous,EN,"1,2,3,4,6",2,,1,,"1,2,3",,1,,1,,4,"1,2",,5,,1,6,,2,,1,,2,,1,,"1,2",,,,,,,,,,,,,,,,,,,,,,,,,,,,,,,,,,,,,,,,,,,,,,,,,,,,,,,,,,,,,,,,,,,,,,,,,,,,,,,,,,,,,,,,,,,,,,,,,,,,,,,,,,,,,,,,,,,,,,,,,,,,,,,,,,,,,,,,,,,,,,,,,,,,,,,,,,,,,,,,,,,,,,,,,,,,,,,,,,,,,,,,43622,"<span lang=""EN-GB"">Suppose you are on a short vacation alone and you want to take a picture in front&nbsp;</span>of an iconic monument."
10/17/2018 23:41,10/17/2018 23:47,0,47.149.20.170,100,339,1,10/17/2018 23:47,R_74CFwbNjdSsyyd3,,,,,34.04179382,-117.756897,anonymous,EN,"1,2,3,4","1,2",,"1,2",,"1,2,3,4",,1,,"1,3",,"1,3","1,2,3",,2,,"1,3","1,2,3,4",,"1,2",,"2,3,4",,1,,1,,"1,2",,2,,,,,,,,,,,,,,,,,,,,,,,,,,,,,,"1,2,3",,1,,"1,2",,1,,1,,2,"1,2,3",,2,,"1,2",,"3,4",,"1,2,3,4",,1,,4,,"1,3",,2,,,,,,,,,,,,,,,,,,,,,,,,,,,,,,,,,,,,,,,,,,,,,,,,,,,,,,,,,,,,,,,,,,,,,,,,,,,,,,,,,,,,,,,,,,,,,,,,,,,,,,,,,,,,,,,,,,,,,,,,,,,,,18624,"<span lang=""EN-GB"">Suppose you are on a short vacation and you want to take a picture in front&nbsp;</span>of an iconic monument when you are surrounded by many people."
10/17/2018 23:48,10/18/2018 0:08,0,75.70.28.84,100,1176,1,10/18/2018 0:08,R_2rHZohAlfMaktv5,,,,,38.87600708,-104.8170013,anonymous,EN,"1,2,3,4,5","2,3,4,5",,1,,"1,2,3",,1,,"1,3",,"2,3","1,2,3",,"1,2,3",,"2,3","1,2,3,4",,"1,2",,3,,"1,2",,"1,2,3",,"1,2",,"1,2,4","2,4",,1,,"1,2,3",,1,,"1,3",,"2,3","1,2,3",,"2,3",,"2,3",,"1,2,3",,3,,"1,2",,3,,"1,2,3",,2,,"1,2,3,5",,"1,2",,"1,2,3,4",,1,,"1,3",,"2,3","1,2",,"1,3",,"1,3",,"1,3,4",,"1,2,3",,2,,"1,2,3",,"1,2",,"1,2",,,,,,,,,,,,,,,,,,,,,,,,,,,,,,,"2,3,4,5",,1,,"1,2,3",,1,,"1,3",,"2,3","1,2,3",,"2,3",,"2,3",,"1,2,3",,3,,"1,2",,3,,"1,2",,2,,,,,,,,,,,,,,,,,,,,,,,,,,,,,,,,,,,,,,,,,,,,,,,,,,,,,,,,,,,,Female,45,IT Security Analyst,2,1,,5,51800,"<span lang=""EN-GB"">Suppose
     you want to purchase something online when you are alone at a park.<o:p></o:p></span>"
10/17/2018 23:44,10/18/2018 0:09,0,23.235.227.106,100,1505,1,10/18/2018 0:09,R_2dAYaiQrUv4UiKi,,,,,33.42269897,-111.9261017,anonymous,EN,"1,2,3,4","2,5",,1,,"1,2,3",,1,,1,,3,3,,1,,3,3,,2,,6,,2,,"1,2",,4,,"2,4",,,,,,,,,,,,,,,,,,,,,,,,,,,,,,"2,5",,1,,1,,1,,1,,3,"1,2,3",,1,,1,,3,,3,,2,,3,,"1,2",,2,,,,,,,,,,,,,,,,,,,,,,,,,,,,,,,"2,5",,1,,1,,1,,1,,3,3,,1,,1,,3,,3,,2,,3,,"1,2",,2,,,,,,,,,,,,,,,,,,,,,,,,,,,,,,,,,,,,,,,,,,,,,,,,,,,,,,,,,,,,male,41,Transactions analyst,5,1,,2,66971,"<span lang=""EN-GB"">Suppose you want to browse the internet when you alone at a park.<o:p></o:p></span>"
10/18/2018 1:12,10/18/2018 1:13,0,96.90.1.57,100,31,1,10/18/2018 1:13,R_RxnL8tdwHQ8kdxf,,,,,30.22140503,-81.55709839,anonymous,EN,"1,2",,,,,,,,,,,,,,,,,,,,,,,,,,,,,,,,,,,,,,,,,,,,,,,,,,,,,,,,,,,,,,,,,,,,,,,,,,,,,,,,,,,,,,,,,,,,,,,,,,,,,,,,,,,,,,,,,,,,,,,,,,,,,,,,,,,,,,,,,,,,,,,,,,,,,,,,,,,,,,,,,,,,,,,,,,,,,,,,,,,,,,,,,,,,,,,,,,,,,,,,,,,,,,,,,,,72665,"<span lang=""EN-GB"">Suppose
     you want to listen to some audio when you with people you know (e.g.,
     acquaintances, colleagues) at Starbucks<o:p></o:p></span>"
10/18/2018 1:18,10/18/2018 1:19,0,104.173.43.96,100,57,1,10/18/2018 1:19,R_1jPTa52hZxymLZs,,,,,33.73899841,-116.9243011,anonymous,EN,"1,2,4",3,,2,,3,,1,,3,,3,3,,5,,3,2,,1,,3,,5,,1,,1,,,,,,,,,,,,,,,,,,,,,,,,,,,,,,,,,,,,,,,,,,,,,,,,,,,,,,,,,,,,,,,,,,,,,,,,,,,,,,,,,,,,,,,,,,,,,,,,,,,,,,,,,,,,,,,,,,,,,,,,,,,,,,,,,,,,,,,,,,,,,,,,,,,,,,,,,,,,,,,,,,,,,,,,,,,,,,,,,,,,,,,,19746,"<span lang=""EN-GB"">Suppose
     you want to a send a text message when you are surrounded by people you
     know (e.g., acquaintances, colleagues) at your home.<o:p></o:p></span>"
10/18/2018 1:20,10/18/2018 1:20,0,104.173.43.96,100,47,1,10/18/2018 1:20,R_1NCxVA6zqqe8wnY,,,,,33.73899841,-116.9243011,anonymous,EN,"1,2,3,4,5,6",2,,3,,1,,1,,1,,2,2,,1,,1,2,,1,,2,,1,,3,,1,,,,,,,,,,,,,,,,,,,,,,,,,,,,,,,,,,,,,,,,,,,,,,,,,,,,,,,,,,,,,,,,,,,,,,,,,,,,,,,,,,,,,,,,,,,,,,,,,,,,,,,,,,,,,,,,,,,,,,,,,,,,,,,,,,,,,,,,,,,,,,,,,,,,,,,,,,,,,,,,,,,,,,,,,,,,,,,,,,,,,,,,551,"<span lang=""EN-GB"">Suppose you have planned to meet a friend next week and you want to&nbsp;put this on your calendar </span><span lang=""EN-GB"">when</span><span lang=""EN-GB""> you are surrounded by people you know (e.g., acquaintances, colleagues) at your home.</span><span lang=""EN-GB""><o:p></o:p></span>"
10/18/2018 1:21,10/18/2018 1:22,0,104.173.43.96,100,76,1,10/18/2018 1:22,R_1LjRbRDrHrWThXv,,,,,33.73899841,-116.9243011,anonymous,EN,"1,2,3,4,5,6",4,,1,,2,,1,,3,,2,2,,2,,3,4,,1,,6,,2,,5,,4,,,,,,,,,,,,,,,,,,,,,,,,,,,,,,,,,,,,,,,,,,,,,,,,,,,,,,,,,,,,,,,,,,,,,,,,,,,,,,,,,,,,,,,,,,,,,,,,,,,,,,,,,,,,,,,,,,,,,,,,,,,,,,,,,,,,,,,,,,,,,,,,,,,,,,,,,,,,,,,,,,,,,,,,,,,,,,,,,,,,,,,,8125,"<span lang=""EN-GB"">Suppose you are at sitting at Starbucks and you want to play a digital/online&nbsp;</span>game with some close friends."
10/18/2018 1:31,10/18/2018 1:33,0,104.173.43.96,100,163,1,10/18/2018 1:33,R_6MAL6TqVSgiK06Z,,,,,33.73899841,-116.9243011,anonymous,EN,"1,2,3,4",5,,1,,1,,1,,1,,1,1,,1,,1,1,,1,,3,,1,,1,,1,,"1,2",1,,1,,1,,1,,1,,1,1,,1,,1,,1,,1,,1,,1,,1,,1,,1,,1,,1,,1,,1,,1,1,,1,,1,,1,,1,,1,,1,,1,,1,,,,,,,,,,,,,,,,,,,,,,,,,,,,,,,,,,,,,,,,,,,,,,,,,,,,,,,,,,,,,,,,,,,,,,,,,,,,,,,,,,,,,,,,,,,,,,,,,,,,,,,,,,,,,,,,,,,,,,F,25,Sales,3,1,,3,31056,"<span lang=""EN-GB"">Suppose
     you want to listen to some audio when you are at home with people you are
     close to (e.g., friends, family members).<strong><o:p></o:p></strong></span>"
10/18/2018 7:36,10/18/2018 7:39,0,72.182.160.80,100,177,1,10/18/2018 7:39,R_1pRLci8G0o5LaRr,,,,,32.6605072,-97.03109741,anonymous,EN,"1,2,3,4","2,3,4",,"1,2",,"1,2",,1,,"1,2,4",,"1,3","1,2",,"2,3",,"1,3","2,3",,"2,3",,"2,3,4",,"1,2",,"1,2",,1,,,,,,,,,,,,,,,,,,,,,,,,,,,,,,,,,,,,,,,,,,,,,,,,,,,,,,,,,,,,,,,,,,,,,,,,,,,,,,,,,,,,,,,,,,,,,,,,,,,,,,,,,,,,,,,,,,,,,,,,,,,,,,,,,,,,,,,,,,,,,,,,,,,,,,,,,,,,,,,,,,,,,,,,,,,,,,,,,,,,,,,,54852,"<span id=""docs-internal-guid-5a7e3441-7fff-9d1f-10e6-454a1d940975""><span style=""font-size: 11pt; font-family: Arial; color: rgb(0, 0, 0); background-color: transparent; font-variant-numeric: normal; font-variant-east-asian: normal; vertical-align: baseline; white-space: pre-wrap;"">Suppose you want to call your mother for sharing an important update about your life &nbsp;when you are alone at home</span><br> <br><br></span>"
10/18/2018 7:36,10/18/2018 7:39,0,209.126.90.85,100,215,1,10/18/2018 7:39,R_pLz9Ejoipf9GaDD,,,,,51.29930115,9.490997314,anonymous,EN,"1,2,3",2,,2,,3,,1,,3,,2,3,,3,,2,2,,3,,2,,3,,2,,2,,2,,,,,,,,,,,,,,,,,,,,,,,,,,,,,,5,,2,,3,,1,,4,,3,3,,3,,3,,3,,4,,2,,6,,3,,2,,,,,,,,,,,,,,,,,,,,,,,,,,,,,,,,,,,,,,,,,,,,,,,,,,,,,,,,,,,,,,,,,,,,,,,,,,,,,,,,,,,,,,,,,,,,,,,,,,,,,,,,,,,,,,,,,,,,,,,,,,,,,33937,"<span lang=""EN-GB"">Suppose you want to browse the internet when you are at home with people you are close to (e.g., friends, family members)<strong><o:p></o:p></strong></span>"
10/18/2018 7:44,10/18/2018 7:44,0,71.112.147.179,100,16,1,10/18/2018 7:44,R_1ezLAOUvO9M2Ag3,,,,,40.38049316,-79.96669769,anonymous,EN,"1,2",,,,,,,,,,,,,,,,,,,,,,,,,,,,,,,,,,,,,,,,,,,,,,,,,,,,,,,,,,,,,,,,,,,,,,,,,,,,,,,,,,,,,,,,,,,,,,,,,,,,,,,,,,,,,,,,,,,,,,,,,,,,,,,,,,,,,,,,,,,,,,,,,,,,,,,,,,,,,,,,,,,,,,,,,,,,,,,,,,,,,,,,,,,,,,,,,,,,,,,,,,,,,,,,,,,73368,"<span lang=""EN-GB"">Suppose
     you want to read a digital document when you are at Starbucks.<o:p></o:p></span>"
10/18/2018 7:38,10/18/2018 7:50,0,68.61.220.139,100,742,1,10/18/2018 7:50,R_2Tn0VLpblrmndti,,,,,43.19619751,-86.27380371,anonymous,EN,"1,2,4",2,,1,,1,,1,,1,,1,1,,3,,1,2,,2,,"3,6",,2,,1,,4,,2,,,,,,,,,,,,,,,,,,,,,,,,,,,,,,2,,1,,1,,1,,1,,1,1,,3,,1,,1,,1,,2,,3,,1,,4,,,,,,,,,,,,,,,,,,,,,,,,,,,,,,,,,,,,,,,,,,,,,,,,,,,,,,,,,,,,,,,,,,,,,,,,,,,,,,,,,,,,,,,,,,,,,,,,,,,,,,,,,,,,,,,,,,,,,,,,,,,,,49812,"<span lang=""EN-GB"" style=""font-size:11.0pt;line-height:115%;
font-family:&quot;Arial&quot;,sans-serif;mso-fareast-font-family:Arial;mso-ansi-language:
EN-GB;mso-fareast-language:EN-US;mso-bidi-language:AR-SA"">Suppose you want to
take a click a photo when you are at Starbucks.</span>"
10/18/2018 7:44,10/18/2018 7:50,0,73.27.157.82,100,357,1,10/18/2018 7:50,R_1hyCJJigeSUsBvU,,,,,26.91520691,-82.05319977,anonymous,EN,"1,2,4,5","2,5",,1,,"1,2,3",,1,,1,,2,"2,3",,"2,3",,2,"1,2",,2,,"2,3",,2,,"1,3",,1,,4,,,,,,,,,,,,,,,,,,,,,,,,,,,,,,,,,,,,,,,,,,,,,,,,,,,,,,,,,,,,,,,,,,,,,,,,,,,,,,,,,,,,,,,,"2,3",,1,,"1,2",,1,,1,,2,"2,3",,2,,"2,3",,1,,"2,3",,2,,"2,3",,"1,3",,1,,,,,,,,,,,,,,,,,,,,,,,,,,,,,,,,,,,,,,,,,,,,,,,,,,,,,,,,,,,,female,58,marketing associate,5,1,,4,39460,"<span lang=""EN-GB"">Suppose you are at a park, you have just read a book you loved and now you&nbsp;</span>want to write a review for it to share with people you are close to (e.g., friends, family members)"
10/18/2018 7:47,10/18/2018 7:55,0,128.230.139.137,100,472,1,10/18/2018 7:55,R_3LYXGPCHAPOHy6l,,,,,43.03770447,-76.13960266,anonymous,EN,"1,2,3,4,5,6","1,2,5",,3,,"1,2,3,4",,3,,2,,3,3,,"1,3",,3,"3,4",,"2,3",,"2,3,4",,"2,3",,"2,3",,4,,"2,5,6",,,,,,,,,,,,,,,,,,,,,,,,,,,,,,"2,5",,1,,"2,3",,1,,1,,3,"1,2,3",,"2,3",,"2,3",,3,,"2,3",,"1,2",,"2,3",,1,,1,,,,,,,,,,,,,,,,,,,,,,,,,,,,,,,,,,,,,,,,,,,,,,,,,,,,,,,,,,,,1,,5,,4,,3,,3,,"2,3",5,,"2,3",,"2,3",,4,,"2,4",,3,,"2,4",,5,,4,,"1,2,5",,3,,"3,4",,1,,2,,3,5,,2,,2,,"2,3",,"2,3,4",,2,,"2,3,4",,1,,1,,male,20,student,3,3,,3,88281,"Suppose you want to call your mother for sharing an important update about your life when you are surrounded with people you are close to (e.g., friends, family members)at your home."
10/18/2018 8:05,10/18/2018 8:05,0,122.164.18.217,100,28,1,10/18/2018 8:05,R_2v1RxsciakzuE5B,,,,,13.08329773,80.28329468,anonymous,EN,3,,,,,,,,,,,,,,,,,,,,,,,,,,,,,,,,,,,,,,,,,,,,,,,,,,,,,,,,,,,,,,,,,,,,,,,,,,,,,,,,,,,,,,,,,,,,,,,,,,,,,,,,,,,,,,,,,,,,,,,,,,,,,,,,,,,,,,,,,,,,,,,,,,,,,,,,,,,,,,,,,,,,,,,,,,,,,,,,,,,,,,,,,,,,,,,,,,,,,,,,,,,,,,,,,,,91334,"<span lang=""EN-GB"">Suppose you have planned to meet a friend next week and you want to put this on your calendar when you are alone at a park<o:p></o:p></span>"
10/18/2018 8:05,10/18/2018 8:06,0,122.164.18.217,100,34,1,10/18/2018 8:06,R_Zh3qlqkphLBBhS1,,,,,13.08329773,80.28329468,anonymous,EN,5,,,,,,,,,,,,,,,,,,,,,,,,,,,,,,,,,,,,,,,,,,,,,,,,,,,,,,,,,,,,,,,,,,,,,,,,,,,,,,,,,,,,,,,,,,,,,,,,,,,,,,,,,,,,,,,,,,,,,,,,,,,,,,,,,,,,,,,,,,,,,,,,,,,,,,,,,,,,,,,,,,,,,,,,,,,,,,,,,,,,,,,,,,,,,,,,,,,,,,,,,,,,,,,,,,,43442,"<span lang=""EN-GB"">Suppose
     you want to a view a text message when you are surrounded by people you
     know (e.g., acquaintances, colleagues) at your home.<o:p></o:p></span>"
10/18/2018 8:06,10/18/2018 8:06,0,122.164.18.217,100,5,1,10/18/2018 8:06,R_22tP7uXGSkBYrLd,,,,,13.08329773,80.28329468,anonymous,EN,1,,,,,,,,,,,,,,,,,,,,,,,,,,,,,,,,,,,,,,,,,,,,,,,,,,,,,,,,,,,,,,,,,,,,,,,,,,,,,,,,,,,,,,,,,,,,,,,,,,,,,,,,,,,,,,,,,,,,,,,,,,,,,,,,,,,,,,,,,,,,,,,,,,,,,,,,,,,,,,,,,,,,,,,,,,,,,,,,,,,,,,,,,,,,,,,,,,,,,,,,,,,,,,,,,,,78786,"<span lang=""EN-GB"">Suppose you are alone and relaxing at home, you have just read a new book that&nbsp;</span>you loved and now you want a write a review for your close family and friends."
10/18/2018 8:06,10/18/2018 8:06,0,122.164.18.217,100,5,1,10/18/2018 8:06,R_2SkTu3TaEzwTClo,,,,,13.08329773,80.28329468,anonymous,EN,1,,,,,,,,,,,,,,,,,,,,,,,,,,,,,,,,,,,,,,,,,,,,,,,,,,,,,,,,,,,,,,,,,,,,,,,,,,,,,,,,,,,,,,,,,,,,,,,,,,,,,,,,,,,,,,,,,,,,,,,,,,,,,,,,,,,,,,,,,,,,,,,,,,,,,,,,,,,,,,,,,,,,,,,,,,,,,,,,,,,,,,,,,,,,,,,,,,,,,,,,,,,,,,,,,,,2884,"<span lang=""EN-GB"">Suppose
     you want to call your mother for sharing an important update about your
     life when you are alone at Starbucks.<o:p></o:p></span>"
10/18/2018 8:06,10/18/2018 8:06,0,122.164.18.217,100,10,1,10/18/2018 8:06,R_BFDG8UQWVsOad2x,,,,,13.08329773,80.28329468,anonymous,EN,2,,,,,,,,,,,,,,,,,,,,,,,,,,,,,,,,,,,,,,,,,,,,,,,,,,,,,,,,,,,,,,,,,,,,,,,,,,,,,,,,,,,,,,,,,,,,,,,,,,,,,,,,,,,,,,,,,,,,,,,,,,,,,,,,,,,,,,,,,,,,,,,,,,,,,,,,,,,,,,,,,,,,,,,,,,,,,,,,,,,,,,,,,,,,,,,,,,,,,,,,,,,,,,,,,,,64203,"<span lang=""EN-GB"">Suppose
     you want to a send an email when you are with a very close friend at a
     restaurant&nbsp;<o:p></o:p></span>"
10/18/2018 8:06,10/18/2018 8:06,0,122.164.18.217,100,5,1,10/18/2018 8:06,R_2wESUOFPt3BDMSw,,,,,13.08329773,80.28329468,anonymous,EN,6,,,,,,,,,,,,,,,,,,,,,,,,,,,,,,,,,,,,,,,,,,,,,,,,,,,,,,,,,,,,,,,,,,,,,,,,,,,,,,,,,,,,,,,,,,,,,,,,,,,,,,,,,,,,,,,,,,,,,,,,,,,,,,,,,,,,,,,,,,,,,,,,,,,,,,,,,,,,,,,,,,,,,,,,,,,,,,,,,,,,,,,,,,,,,,,,,,,,,,,,,,,,,,,,,,,27723,"<span lang=""EN-GB"">Suppose you want to find a route to home while walking on a street with your close friends.<o:p></o:p></span>"
10/18/2018 8:06,10/18/2018 8:07,0,122.164.18.217,100,6,1,10/18/2018 8:07,R_vBOtR9LgfrKpT8t,,,,,13.08329773,80.28329468,anonymous,EN,1,,,,,,,,,,,,,,,,,,,,,,,,,,,,,,,,,,,,,,,,,,,,,,,,,,,,,,,,,,,,,,,,,,,,,,,,,,,,,,,,,,,,,,,,,,,,,,,,,,,,,,,,,,,,,,,,,,,,,,,,,,,,,,,,,,,,,,,,,,,,,,,,,,,,,,,,,,,,,,,,,,,,,,,,,,,,,,,,,,,,,,,,,,,,,,,,,,,,,,,,,,,,,,,,,,,91441,"<span lang=""EN-GB"">Suppose you have planned to meet a friend next week and you want to put this on your calendar when you are with a very close friend at a restaurant&nbsp;<o:p></o:p></span>"
10/18/2018 8:07,10/18/2018 8:07,0,122.164.18.217,100,4,1,10/18/2018 8:07,R_wRBlOT3EAoPFux3,,,,,13.08329773,80.28329468,anonymous,EN,4,,,,,,,,,,,,,,,,,,,,,,,,,,,,,,,,,,,,,,,,,,,,,,,,,,,,,,,,,,,,,,,,,,,,,,,,,,,,,,,,,,,,,,,,,,,,,,,,,,,,,,,,,,,,,,,,,,,,,,,,,,,,,,,,,,,,,,,,,,,,,,,,,,,,,,,,,,,,,,,,,,,,,,,,,,,,,,,,,,,,,,,,,,,,,,,,,,,,,,,,,,,,,,,,,,,44004,"<span lang=""EN-GB"">Suppose
     you want to a send a text message when you with people you know (e.g., acquaintances,
     colleagues) at a street<strong>.</strong><o:p></o:p></span>"
10/18/2018 8:02,10/18/2018 8:10,0,8.41.22.56,100,455,1,10/18/2018 8:10,R_3GAKRMQgF89anh7,,,,,37.86839294,-97.65910339,anonymous,EN,"1,2,4,5","1,2",,3,,1,,1,,1,,3,"1,2",,1,,3,4,,3,,"2,3",,3,,"1,3",,4,,2,,,,,,,,,,,,,,,,,,,,,,,,,,,,,,"1,2",,1,,"1,3",,1,,1,,3,3,,1,,1,,6,,3,,2,,3,,1,,4,,,,,,,,,,,,,,,,,,,,,,,,,,,,,,,,,,,,,,,,,,,,,,,,,,,,,,,,,,,,,,,,,,,,,,,,,,,,,,,,,,,,,,,,,,,,,,,,,,,,,,,,,,,,,,,,,,,,,,Female,26,Data Entry Clerk,4,1,,4,51199,"<span lang=""EN-GB"">Suppose
     you want to purchase something (e.g., book, household items) online when
     you are with your close friends at a park.<o:p></o:p></span>"
10/18/2018 7:59,10/18/2018 8:16,0,129.115.195.66,100,1021,1,10/18/2018 8:16,R_6lOTffUYBQZOoJr,,,,,29.561203,-98.61170197,anonymous,EN,"1,2,3,4,6","2,4",,1,,"1,2,3",,1,,3,,"2,3","1,2,3",,"2,3",,"2,3","1,2,3",,"1,2,3",,1,,"1,2,3",,"1,3",,"1,2",,2,,,,,,,,,,,,,,,,,,,,,,,,,,,,,,2,,1,,"1,2",,1,,1,,"2,3",3,,2,,"2,3",,3,,"1,3",,2,,"1,3",,1,,"1,2",,,,,,,,,,,,,,,,,,,,,,,,,,,,,,,,,,,,,,,,,,,,,,,,,,,,,,,,,,,,,,,,,,,,,,,,,,,,,,,,,,,,,,,,,,,,,,,,,,,,,,,,,,,,,,,,,,,,,,Male,26,Student,3,2,,1,21547,"<span lang=""EN-GB"" style=""font-size:11.0pt;line-height:115%;
font-family:&quot;Arial&quot;,sans-serif;mso-fareast-font-family:Arial;mso-ansi-language:
EN-GB;mso-fareast-language:EN-US;mso-bidi-language:AR-SA"">Suppose you want to a
view a text message when you are alone at home</span>"
10/18/2018 8:17,10/18/2018 8:23,0,74.110.155.33,100,357,1,10/18/2018 8:23,R_A5uy3T8a7NOqitz,,,,,37.51330566,-77.56459808,anonymous,EN,"1,2,4","1,2",,3,,"1,2,3,4",,1,,3,,"2,3","1,2",,2,,3,"2,3",,"2,3",,"2,3,4",,"2,3",,"1,2,3",,1,,,,,,,,,,,,,,,,,,,,,,,,,,,,,,,,,,,,,,,,,,,,,,,,,,,,,,,,,,,,,,,,,,,,,,,,,,,,,,,,,,,,,,,,,,,,,,,,,,,,,,,,,,,,,,,,,,,,,,,,,,,,,,,,,,,,,,,,,,,,,,,,,,,,,,,,,,,,,,,,,,,,,,,,,,,,,,,,,,,,,,,,9908,"<span lang=""EN-GB"">Suppose
     you want to listen to some audio when you are with your close friends in a
     park.<o:p></o:p></span>"
10/18/2018 8:25,10/18/2018 8:25,0,199.115.115.207,100,47,1,10/18/2018 8:25,R_2w1zH7jMa96izhL,,,,,38.77009583,-77.63210297,anonymous,EN,2,,,,,,,,,,,,,,,,,,,,,,,,,,,,,,,,,,,,,,,,,,,,,,,,,,,,,,,,,,,,,,,,,,,,,,,,,,,,,,,,,,,,,,,,,,,,,,,,,,,,,,,,,,,,,,,,,,,,,,,,,,,,,,,,,,,,,,,,,,,,,,,,,,,,,,,,,,,,,,,,,,,,,,,,,,,,,,,,,,,,,,,,,,,,,,,,,,,,,,,,,,,,,,,,,,,64564,"<span lang=""EN-GB"">Suppose
     you are at a park and you realize today is the last day to pay one of your
     bills online.<o:p></o:p></span>"
10/18/2018 8:27,10/18/2018 8:35,0,74.178.0.156,100,482,1,10/18/2018 8:35,R_20MNPYAnbdh09ff,,,,,32.99299622,-80.1257019,anonymous,EN,"1,2,3","2,3,5",,1,,"1,2,3",,1,,"1,3",,"2,3","1,2,3",,"2,3",,"2,3","1,2,3",,"1,2",,"3,4",,"1,2",,"1,2,3",,"1,2",,2,,,,,,,,,,,,,,,,,,,,,,,,,,,,,,"2,3,5",,"1,3",,"1,2,3",,1,,"1,3",,"2,3","1,2,3",,"2,3",,"2,3",,"1,2,3",,"3,4",,"1,2",,"3,4",,"1,2",,"1,2",,,,,,,,,,,,,,,,,,,,,,,,,,,,,,,,,,,,,,,,,,,,,,,,,,,,,,,,,,,,,,,,,,,,,,,,,,,,,,,,,,,,,,,,,,,,,,,,,,,,,,,,,,,,,,,,,,,,,,male,41,technician,5,3,,4,32643,"<span lang=""EN-GB"">Suppose you want to browse the internet when you are with your close friends at a park.<o:p></o:p></span>"
10/18/2018 8:26,10/18/2018 8:36,0,199.115.115.207,100,593,1,10/18/2018 8:36,R_3NTYlYxpNXx8TeK,,,,,38.77009583,-77.63210297,anonymous,EN,"1,2,3,6","1,2,3",,"1,2",,"2,3",,1,,1,,3,"1,2",,"1,2",,3,"1,2",,"1,2",,"2,3",,"1,2",,"1,2",,"1,2",,2,,,,,,,,,,,,,,,,,,,,,,,,,,,,,,"1,2,3",,3,,"1,2",,1,,1,,3,"1,2",,"1,2",,"1,2",,"1,2",,"2,3",,"1,2",,"2,3",,"1,2",,"1,2",,,,,,,,,,,,,,,,,,,,,,,,,,,,,,,,,,,,,,,,,,,,,,,,,,,,,,,,,,,,,,,,,,,,,,,,,,,,,,,,,,,,,,,,,,,,,,,,,,,,,,,,,,,,,,,,,,,,,,Female,29,Accounting,5,3,,4,83128,"<span lang=""EN-GB"">Suppose
     you want to purchase something online when you are with your close friends
     at Starbucks.<o:p></o:p></span>"
10/18/2018 9:01,10/18/2018 9:01,0,73.1.76.197,100,12,1,10/18/2018 9:01,R_22oayGwJSSD0zja,,,,,26.92120361,-80.21440125,anonymous,EN,"2,3",,,,,,,,,,,,,,,,,,,,,,,,,,,,,,,,,,,,,,,,,,,,,,,,,,,,,,,,,,,,,,,,,,,,,,,,,,,,,,,,,,,,,,,,,,,,,,,,,,,,,,,,,,,,,,,,,,,,,,,,,,,,,,,,,,,,,,,,,,,,,,,,,,,,,,,,,,,,,,,,,,,,,,,,,,,,,,,,,,,,,,,,,,,,,,,,,,,,,,,,,,,,,,,,,,,82086,"<span lang=""EN-GB"">Suppose
     you want to find a route to home when you are at Starbucks with your close
     friends.<o:p></o:p></span>"
10/17/2018 17:49,10/18/2018 9:11,0,128.230.138.116,100,55282,1,10/18/2018 9:11,R_12ElUaSzJ39vFkG,,,,,43.03770447,-76.13960266,anonymous,EN,"1,2,3,4,5,6",2,,1,,1,,1,,4,,1,1,,1,,1,1,,1,,1,,1,,1,,1,,3,,,,,,,,,,,,,,,,,,,,,,,,,,,,,,,,,,,,,,,,,,,,,,,,,,,,,,,,,,,1,,1,,1,,3,,1,,"1,2",1,,1,,1,,"1,4",,1,,1,,1,,1,,1,,,,,,,,,,,,,,,,,,,,,,,,,,,,,,,,,,,,,,,,,,,,,,,,,,,,,,,,,,,,,,,,,,,,,,,,,,,,,,,,,,,,,,,,,M,45,Hshs,1,3,,4,78668,"<span lang=""EN-GB"">Suppose
     you want to call your mother for sharing an important update about your
     life yourself when you are with a very close friend at a park.&nbsp;<o:p></o:p></span>"
10/18/2018 9:14,10/18/2018 9:15,0,63.155.73.57,100,26,1,10/18/2018 9:15,R_1FnyNDuUvRO5StI,,,,,44.10049438,-123.1334,anonymous,EN,"1,2",,,,,,,,,,,,,,,,,,,,,,,,,,,,,,,,,,,,,,,,,,,,,,,,,,,,,,,,,,,,,,,,,,,,,,,,,,,,,,,,,,,,,,,,,,,,,,,,,,,,,,,,,,,,,,,,,,,,,,,,,,,,,,,,,,,,,,,,,,,,,,,,,,,,,,,,,,,,,,,,,,,,,,,,,,,,,,,,,,,,,,,,,,,,,,,,,,,,,,,,,,,,,,,,,,,88226,"<span lang=""EN-GB"">Suppose you want to find a route to home while walking on a street.<o:p></o:p></span>"
10/18/2018 9:17,10/18/2018 9:18,0,35.132.166.226,100,87,1,10/18/2018 9:18,R_1MSXxqCujE822tK,,,,,43.98809814,-124.0993042,anonymous,EN,"1,2,4,5,6",4,,2,,3,,1,,3,,3,1,,1,,1,4,,2,,2,,1,,3,,2,,,,,,,,,,,,,,,,,,,,,,,,,,,,,,,,,,,,,,,,,,,,,,,,,,,,,,,,,,,,,,,,,,,,,,,,,,,,,,,,,,,,,,,,,,,,,,,,,,,,,,,,,,,,,,,,,,,,,,,,,,,,,,,,,,,,,,,,,,,,,,,,,,,,,,,,,,,,,,,,,,,,,,,,,,,,,,,,,,,,,,,,7875,"<span lang=""EN-GB"">Suppose you are at your gym and you want to track the amount of calories&nbsp;</span>you have burnt your workout.&nbsp;"
10/18/2018 9:11,10/18/2018 9:19,0,174.220.8.45,100,515,1,10/18/2018 9:19,R_3J4dwvyzFeEbwcm,,,,,42.93719482,-74.64330292,anonymous,EN,"1,2,3,4,5,6","1,2,4,5",,3,,"1,2,3,4",,3,,1,,"2,3","1,2,3",,"1,3",,"2,3","3,4",,"1,2,3",,"2,3,4",,"1,2,3",,3,,2,,"1,4,5",4,,3,,"2,3",,3,,1,,"2,3",5,,5,,5,,"1,3",,3,,2,,3,,5,,1,,,,,,,,,,,,,,,,,,,,,,,,,,,,,,,,,,,,,,,,,,,,,,,,,,,,,,,,,,,,"2,5",,1,,"2,3",,3,,1,,3,5,,3,,3,,3,,3,,"1,2",,3,,5,,1,,1,,2,,4,,3,,"2,3,4",,"2,3",5,,"1,2",,"1,2",,4,,"2,4",,3,,"2,4",,5,,4,,,,,,,,,,,,,,,,,,,,,,,,,,,,,,,Female,45,Writer,4,1,,3,77591,"<span lang=""EN-GB"" style=""font-size:11.0pt;line-height:115%;
font-family:&quot;Arial&quot;,sans-serif;mso-fareast-font-family:Arial;mso-ansi-language:
EN-GB;mso-fareast-language:EN-US;mso-bidi-language:AR-SA"">Suppose you want to a
send an email when you are alone at home</span>"
10/18/2018 9:18,10/18/2018 9:20,0,35.132.166.226,100,105,1,10/18/2018 9:20,R_PzXCyjGohnBAhiN,,,,,43.98809814,-124.0993042,anonymous,EN,"1,2,4,5,6",4,,3,,1,,3,,3,,2,2,,2,,4,3,,1,,3,,2,,2,,1,,,,,,,,,,,,,,,,,,,,,,,,,,,,,,,,,,,,,,,,,,,,,,,,,,,,,,,,,,,,,,,,,,,,,,,,,,,,,,,,,,,,,,,,,,,,,,,,,,,,,,,,,,,,,,,,,,,,,,,,,,,,,,,,,,,,,,,,,,,,,,,,,,,,,,,,,,,,,,,,,,,,,,,,,,,,,,,,,,,,,,,,11455,"<span lang=""EN-GB"">Suppose
     you want to watch some video when you are with people you know (e.g.,
     acquaintances, colleagues) at your home.<o:p></o:p></span>"
10/18/2018 9:45,10/18/2018 9:50,0,107.5.88.103,100,281,1,10/18/2018 9:50,R_2rCxz3zU39LmChx,,,,,41.90049744,-84.04460144,anonymous,EN,"1,2,3,4","1,2,5",,2,,"2,3",,1,,1,,2,1,,5,,"1,2",4,,"1,3",,"2,4",,"2,3",,1,,2,,,,,,,,,,,,,,,,,,,,,,,,,,,,,,,,,,,,,,,,,,,,,,,,,,,,,,,,,,,,,,,,,,,,,,,,,,,,,,,,,,,,,,,,,,,,,,,,,,,,,,,,,,,,,,,,,,,,,,,,,,,,,,,,,,,,,,,,,,,,,,,,,,,,,,,,,,,,,,,,,,,,,,,,,,,,,,,,,,,,,,,,94968,"<span lang=""EN-GB"">Suppose you want to browse the internet when you are with people you know (e.g., acquaintances, colleagues) at a park.<o:p></o:p></span>"
10/18/2018 9:37,10/18/2018 9:55,0,71.176.70.228,100,1050,1,10/18/2018 9:55,R_2fIhojthc5nwIXi,,,,,43.03540039,-76.12819672,anonymous,EN,"1,2,3,4,5,6","1,2,5",,5,,"2,3,4",,3,,3,,"2,3","1,2,3",,"1,2,3",,"2,3","3,4",,"1,2,3",,"2,3,4",,"1,2,3",,5,,4,,"2,5,6",,,,,,,,,,,,,,,,,,,,,,,,,,,,,,"2,5",,3,,"1,2,3,4",,1,,1,,3,5,,3,,3,,3,,"1,2,3",,"1,2",,"1,2,3",,5,,1,,,,,,,,,,,,,,,,,,,,,,,,,,,,,,,,,,,,,,,,,,,,,,,,,,,,,,,,,,,,1,,2,,"2,4",,3,,2,,"1,2",5,,"1,2,3",,"1,2,3",,4,,"2,4",,3,,"2,4",,5,,4,,"1,2,5",,5,,"2,3,4",,1,,2,,"2,3",5,,"1,2,3",,"1,2,3",,"3,4",,"1,2,3,4",,"1,2",,"1,2,3,4",,1,,1,,Female,25,Student,5,5,,4,47847,"<span lang=""EN-GB"">Suppose
     you want to a send a text message when you are alone at home<strong><o:p></o:p></strong></span>"
10/18/2018 10:06,10/18/2018 10:07,0,192.3.231.20,100,22,1,10/18/2018 10:07,R_3fowi5XP2gQi5tm,,,,,42.88639832,-78.87809753,anonymous,EN,"1,2",,,,,,,,,,,,,,,,,,,,,,,,,,,,,,,,,,,,,,,,,,,,,,,,,,,,,,,,,,,,,,,,,,,,,,,,,,,,,,,,,,,,,,,,,,,,,,,,,,,,,,,,,,,,,,,,,,,,,,,,,,,,,,,,,,,,,,,,,,,,,,,,,,,,,,,,,,,,,,,,,,,,,,,,,,,,,,,,,,,,,,,,,,,,,,,,,,,,,,,,,,,,,,,,,,,23891,"<span lang=""EN-GB"">Suppose you want to read a digital document when you are at Starbucks with people you know (e.g., acquaintances, colleagues).<o:p></o:p></span>"
10/18/2018 10:22,10/18/2018 10:23,0,73.24.103.111,100,14,1,10/18/2018 10:23,R_3QLX5SakSjus0Zb,,,,,28.55230713,-81.17949677,anonymous,EN,3,,,,,,,,,,,,,,,,,,,,,,,,,,,,,,,,,,,,,,,,,,,,,,,,,,,,,,,,,,,,,,,,,,,,,,,,,,,,,,,,,,,,,,,,,,,,,,,,,,,,,,,,,,,,,,,,,,,,,,,,,,,,,,,,,,,,,,,,,,,,,,,,,,,,,,,,,,,,,,,,,,,,,,,,,,,,,,,,,,,,,,,,,,,,,,,,,,,,,,,,,,,,,,,,,,,54810,"<span lang=""EN-GB"">Suppose you are at sitting at Starbucks and you want to play a digital/online&nbsp;</span>game."
10/18/2018 10:23,10/18/2018 10:25,0,73.24.103.111,100,104,1,10/18/2018 10:25,R_2qefxZpCNPBiAb6,,,,,28.55230713,-81.17949677,anonymous,EN,"2,5,6","1,3",,"2,3",,2,,3,,"1,2,3",,"1,3",2,,"2,3",,"1,3","2,3",,"1,3",,"2,3",,"1,3",,"1,3",,"1,2",,6,,,,,,,,,,,,,,,,,,,,,,,,,,,,,,,,,,,,,,,,,,,,,,,,,,,,,,,,,,,,,,,,,,,,,,,,,,,,,,,,,,,,,,,,,,,,,,,,,,,,,,,,,,,,,,,,,,,,,,,,,,,,,,,,,,,,,,,,,,,,,,,,,,3,,2,,2,,1,,1,,2,2,,3,,2,,1,,1,,1,,1,,1,,2,,,,,,,,,32236,"<span lang=""EN-GB"">Suppose you are alone at home, you want to take a break from studying/working&nbsp;</span>so you decide to play an online/digital game with some close friends ."
10/18/2018 10:27,10/18/2018 10:32,0,184.105.35.33,100,307,1,10/18/2018 10:32,R_1QAzQwJZZRLIm61,,,,,31.64030457,-97.09629822,anonymous,EN,"1,2,3,4","1,2,4,5",,1,,"1,2,3,4",,3,,1,,"2,3","1,2,3",,"1,2,3",,3,"1,2",,"1,2,3",,"2,3,4",,"1,2,3",,"1,2",,"1,2",,,,,,,,,,,,,,,,,,,,,,,,,,,,,,,,,,,,,,,,,,,,,,,,,,,,,,,,,,,,,,,,,,,,,,,,,,,,,,,,,,,,,,,,,,,,,,,,,,,,,,,,,,,,,,,,,,,,,,,,,,,,,,,,,,,,,,,,,,,,,,,,,,,,,,,,,,,,,,,,,,,,,,,,,,,,,,,,,,,,,,,,85452,"<span lang=""EN-GB"" style=""font-size:11.0pt;line-height:115%;
font-family:&quot;Arial&quot;,sans-serif;mso-fareast-font-family:Arial;mso-ansi-language:
EN-GB;mso-fareast-language:EN-US;mso-bidi-language:AR-SA"">Suppose you want to browse the internet when you are alone at your home.</span>"
10/18/2018 10:35,10/18/2018 10:39,0,168.10.170.3,100,250,1,10/18/2018 10:39,R_3LXgiKhPYIYiJ8B,,,,,32.25579834,-83.74469757,anonymous,EN,"1,2,4",2,,5,,1,,1,,3,,3,5,,2,,3,4,,2,,3,,5,,1,,4,,,,,,,,,,,,,,,,,,,,,,,,,,,,,,,,,,,,,,,,,,,,,,,,,,,,,,,,,,,,,,,,,,,,,,,,,,,,,,,,,,,,,,,,,,,,,,,,,,,,,,,,,,,,,,,,,,,,,,,,,,,,,,,,,,,,,,,,,,,,,,,,,,,,,,,,,,,,,,,,,,,,,,,,,,,,,,,,,,,,,,,,83919,"<span lang=""EN-GB"" style=""font-size:11.0pt;line-height:115%;
font-family:&quot;Arial&quot;,sans-serif;mso-fareast-font-family:Arial;mso-ansi-language:
EN-GB;mso-fareast-language:EN-US;mso-bidi-language:AR-SA"">Suppose you want to
read a digital document when you are at Starbucks surrounded with your close
friends.</span>"
10/18/2018 10:35,10/18/2018 10:40,0,96.246.102.156,100,254,1,10/18/2018 10:40,R_3CPBnGSQDlg6rz2,,,,,40.6006012,-73.75800323,anonymous,EN,"1,2,3,5,6","1,2",,2,,2,,1,,2,,2,"2,3",,"1,3",,2,"1,3",,1,,"2,3",,"1,2",,2,,"1,2",,,,,,,,,,,,,,,,,,,,,,,,,,,,,,,,,,,,,,,,,,,,,,,,,,,,,,,,,,,,,,,,,,,,,,,,,,,,,,,,,,,,,,,,,,,,,,,,,,,,,,,,,,,,,,,,,,,,,,,,,,,,,,,,,,,,,,,,,,,,,,,,,,,,,,,,,,,,,,,,,,,,,,,,,,,,,,,,,,,,,,,,88242,"<span lang=""EN-GB"">Suppose
     you want to set up a reminder about something when you are at Starbucks by
     yourself.<o:p></o:p></span>"
10/18/2018 10:41,10/18/2018 10:42,0,74.231.123.208,100,76,1,10/18/2018 10:42,R_02KaFptanw4vTix,,,,,31.2243042,-82.35959625,anonymous,EN,"1,2,3,4,5,6","1,3,4",,"1,3",,"2,3",,3,,"1,2,3",,"2,3","1,2",,"2,3",,2,"2,3",,"2,3",,"1,3",,"1,2",,"2,3",,1,,,,,,,,,,,,,,,,,,,,,,,,,,,,,,,,,,,,,,,,,,,,,,,,,,,,,,,,,,,,,,,,,,,,,,,,,,,,,,,,,,,,,,,,,,,,,,,,,,,,,,,,,,,,,,,,,,,,,,,,,,,,,,,,,,,,,,,,,,,,,,,,,,,,,,,,,,,,,,,,,,,,,,,,,,,,,,,,,,,,,,,,23349,"Suppose you are alone at home, you want to take a break from studying/working&nbsp;<p>so you decide to play a video game with some with some people you know (e.g., acquaintances, colleagues).<o:p></o:p></p>"
10/18/2018 11:16,10/18/2018 11:16,0,71.185.25.37,100,29,1,10/18/2018 11:16,R_31NNn9NjoiliLVJ,,,,,40.14959717,-75.37960052,anonymous,EN,2,,,,,,,,,,,,,,,,,,,,,,,,,,,,,,,,,,,,,,,,,,,,,,,,,,,,,,,,,,,,,,,,,,,,,,,,,,,,,,,,,,,,,,,,,,,,,,,,,,,,,,,,,,,,,,,,,,,,,,,,,,,,,,,,,,,,,,,,,,,,,,,,,,,,,,,,,,,,,,,,,,,,,,,,,,,,,,,,,,,,,,,,,,,,,,,,,,,,,,,,,,,,,,,,,,,6385,"<span lang=""EN-GB"">Suppose you want to a send an email when you are surrounded with people you are close to (e.g., friends, family members) at your home.<strong><o:p></o:p></strong></span>"
10/18/2018 11:23,10/18/2018 11:31,0,66.147.105.33,100,467,1,10/18/2018 11:31,R_2YKs2mgPCV3I7fM,,,,,34.02130127,-84.31040192,anonymous,EN,"1,2,3,4",2,,2,,3,,1,,4,,1,3,,2,,2,3,,1,,4,,3,,2,,2,,,,,,,,,,,,,,,,,,,,,,,,,,,,,,,,,,,,,,,,,,,,,,,,,,,,,,,,,,,,,,,,,,,,,,,,,,,,,,,,,,,,,,,,,,,,,,,,,,,,,,,,,,,,,,,,,,,,,,,,,,,,,,,,,,,,,,,,,,,,,,,,,,,,,,,,,,,,,,,,,,,,,,,,,,,,,,,,,,,,,,,,89334,"<span lang=""EN-GB"">Suppose you want to control some devices/appliances (e.g., smart lights) when you are alone at home.<o:p></o:p></span>"
10/18/2018 11:31,10/18/2018 11:32,0,66.147.105.33,100,30,1,10/18/2018 11:32,R_33CGrMFW5XEi2mU,,,,,34.02130127,-84.31040192,anonymous,EN,3,,,,,,,,,,,,,,,,,,,,,,,,,,,,,,,,,,,,,,,,,,,,,,,,,,,,,,,,,,,,,,,,,,,,,,,,,,,,,,,,,,,,,,,,,,,,,,,,,,,,,,,,,,,,,,,,,,,,,,,,,,,,,,,,,,,,,,,,,,,,,,,,,,,,,,,,,,,,,,,,,,,,,,,,,,,,,,,,,,,,,,,,,,,,,,,,,,,,,,,,,,,,,,,,,,,25780,"<span lang=""EN-GB"">Suppose you want to watch some video when you are alone at your home.<strong><o:p></o:p></strong></span>"
10/18/2018 11:32,10/18/2018 11:33,0,173.191.181.166,100,35,1,10/18/2018 11:33,R_1H2GImEMyir9jBn,,,,,41.40820313,-92.91719818,anonymous,EN,"1,2",,,,,,,,,,,,,,,,,,,,,,,,,,,,,,,,,,,,,,,,,,,,,,,,,,,,,,,,,,,,,,,,,,,,,,,,,,,,,,,,,,,,,,,,,,,,,,,,,,,,,,,,,,,,,,,,,,,,,,,,,,,,,,,,,,,,,,,,,,,,,,,,,,,,,,,,,,,,,,,,,,,,,,,,,,,,,,,,,,,,,,,,,,,,,,,,,,,,,,,,,,,,,,,,,,,83528,"<span lang=""EN-GB"">Suppose you have planned to meet a friend next week and you want to put this on your calendar when you are with a very close friend at a park.&nbsp;<o:p></o:p></span>"
10/18/2018 11:33,10/18/2018 11:33,0,70.112.174.247,100,7,1,10/18/2018 11:33,R_3M43G2NgvP25cqB,,,,,30.34230042,-97.66729736,anonymous,EN,1,,,,,,,,,,,,,,,,,,,,,,,,,,,,,,,,,,,,,,,,,,,,,,,,,,,,,,,,,,,,,,,,,,,,,,,,,,,,,,,,,,,,,,,,,,,,,,,,,,,,,,,,,,,,,,,,,,,,,,,,,,,,,,,,,,,,,,,,,,,,,,,,,,,,,,,,,,,,,,,,,,,,,,,,,,,,,,,,,,,,,,,,,,,,,,,,,,,,,,,,,,,,,,,,,,,52545,"<span lang=""EN-GB"">Suppose
     you want to a view a text message when you are surrounded with people you
     are close to (e.g., friends, family members) at your home.<strong><o:p></o:p></strong></span>"
10/18/2018 11:32,10/18/2018 11:34,0,66.147.105.33,100,134,1,10/18/2018 11:34,R_3GfxdAKsQL1YCaV,,,,,34.02130127,-84.31040192,anonymous,EN,"1,2,3,4","1,2,5",,"1,3",,"1,2,3,4",,1,,3,,2,3,,2,,2,"2,3",,2,,3,,"1,3",,1,,"1,2",,,,,,,,,,,,,,,,,,,,,,,,,,,,,,,,,,,,,,,,,,,,,,,,,,,,,,,,,,,,,,,,,,,,,,,,,,,,,,,,,,,,,,,,,,,,,,,,,,,,,,,,,,,,,,,,,,,,,,,,,,,,,,,,,,,,,,,,,,,,,,,,,,,,,,,,,,,,,,,,,,,,,,,,,,,,,,,,,,,,,,,,46294,"<span lang=""EN-GB"">Suppose you want to watch some video when you are with your close friends at Starbucks.<o:p></o:p></span>"
10/18/2018 11:32,10/18/2018 11:35,0,76.164.81.166,100,226,1,10/18/2018 11:35,R_2zD3cqGT0FL2UoO,,,,,30.18769836,-95.42880249,anonymous,EN,"1,2,4,5","2,4",,1,,"2,3,4",,1,,1,,3,"1,2,3",,"1,2",,"1,2",4,,"2,3",,"2,3",,1,,"2,3",,2,,,,,,,,,,,,,,,,,,,,,,,,,,,,,,,,,,,,,,,,,,,,,,,,,,,,,,,,,,,,,,,,,,,,,,,,,,,,,,,,,,,,,,,,,,,,,,,,,,,,,,,,,,,,,,,,,,,,,,,,,,,,,,,,,,,,,,,,,,,,,,,,,,,,,,,,,,,,,,,,,,,,,,,,,,,,,,,,,,,,,,,,78164,"<span lang=""EN-GB"">Suppose
     you want to a send an email when you are walking on a street with people
     you know (e.g., acquaintances, colleagues)<strong>.</strong><o:p></o:p></span>"
10/18/2018 11:42,10/18/2018 11:42,0,24.158.88.94,100,20,1,10/18/2018 11:42,R_27NCO0MFa6mrc0X,,,,,36.34449768,-82.20149994,anonymous,EN,"1,2",,,,,,,,,,,,,,,,,,,,,,,,,,,,,,,,,,,,,,,,,,,,,,,,,,,,,,,,,,,,,,,,,,,,,,,,,,,,,,,,,,,,,,,,,,,,,,,,,,,,,,,,,,,,,,,,,,,,,,,,,,,,,,,,,,,,,,,,,,,,,,,,,,,,,,,,,,,,,,,,,,,,,,,,,,,,,,,,,,,,,,,,,,,,,,,,,,,,,,,,,,,,,,,,,,,23171,"<span lang=""EN-GB"">Suppose
     you want to a send a text message when you are with a very close friend at
     a restaurant&nbsp;<o:p></o:p></span>"
10/18/2018 11:44,10/18/2018 11:44,0,69.85.255.82,100,12,1,10/18/2018 11:44,R_1nQ5lSysgBTWWX9,,,,,30.52409363,-87.21669769,anonymous,EN,"2,3",,,,,,,,,,,,,,,,,,,,,,,,,,,,,,,,,,,,,,,,,,,,,,,,,,,,,,,,,,,,,,,,,,,,,,,,,,,,,,,,,,,,,,,,,,,,,,,,,,,,,,,,,,,,,,,,,,,,,,,,,,,,,,,,,,,,,,,,,,,,,,,,,,,,,,,,,,,,,,,,,,,,,,,,,,,,,,,,,,,,,,,,,,,,,,,,,,,,,,,,,,,,,,,,,,,51511,"<span lang=""EN-GB"">Suppose
     you have planned to meet a friend next week and you want put this on your
     calendar when you are alone at home<strong><o:p></o:p></strong></span>"
10/18/2018 11:45,10/18/2018 11:45,0,74.77.70.204,100,14,1,10/18/2018 11:45,R_1GwfmuWzOgon5y2,,,,,43.04980469,-78.85099792,anonymous,EN,2,,,,,,,,,,,,,,,,,,,,,,,,,,,,,,,,,,,,,,,,,,,,,,,,,,,,,,,,,,,,,,,,,,,,,,,,,,,,,,,,,,,,,,,,,,,,,,,,,,,,,,,,,,,,,,,,,,,,,,,,,,,,,,,,,,,,,,,,,,,,,,,,,,,,,,,,,,,,,,,,,,,,,,,,,,,,,,,,,,,,,,,,,,,,,,,,,,,,,,,,,,,,,,,,,,,32880,"<span lang=""EN-GB"">Suppose you want to watch some video when you are alone in a park.<o:p></o:p></span>"
10/18/2018 11:47,10/18/2018 11:52,0,113.173.156.182,100,322,1,10/18/2018 11:52,R_2R4jCsdKAuMcwks,,,,,10.81419373,106.6437988,anonymous,EN,"1,2,4",2,,1,,"1,2,3,4",,1,,1,,"2,3","1,2,3",,5,,3,2,,5,,"3,4",,2,,5,,2,,,,,,,,,,,,,,,,,,,,,,,,,,,,,,,,,,,,,,,,,,,,,,,,,,,,,,,,,,,,,,,,,,,,,,,,,,,,,,,,,,,,,,,,,,,,,,,,,,,,,,,,,,,,,,,,,,,,,,,,,,,,,,,,,,,,,,,,,,,,,,,,,,,,,,,,,,,,,,,,,,,,,,,,,,,,,,,,,,,,,,,,97641,"<span lang=""EN-GB"">Suppose you are on a short vacation alone and you want to take a picture in front&nbsp;</span>of an iconic monument."
10/18/2018 11:52,10/18/2018 11:58,0,71.197.253.121,100,352,1,10/18/2018 11:58,R_1rqC8r4CWUenFzi,,,,,47.02400208,-122.7826996,anonymous,EN,"1,2",,,,,,,,,,,,,,,,,,,,,,,,,,,,,,,,,,,,,,,,,,,,,,,,,,,,,,,,,,,,,,,,,,,,,,,,,,,,,,,,,,,,,,,,,,,,,,,,,,,,,,,,,,,,,,,,,,,,,,,,,,,,,,,,,,,,,,,,,,,,,,,,,,,,,,,,,,,,,,,,,,,,,,,,,,,,,,,,,,,,,,,,,,,,,,,,,,,,,,,,,,,,,,,,,,,39185,"<span lang=""EN-GB"">Suppose you are at a park, you have just read a book you loved and now you&nbsp;</span>want to write a review for it to share with people you are close to (e.g., friends, family members)"
10/18/2018 12:09,10/18/2018 12:11,0,68.60.94.2,100,139,1,10/18/2018 12:11,R_3iCOL9zoWTlmaa4,,,,,42.99580383,-82.4598999,anonymous,EN,"2,3,4,6",2,,5,,3,,1,,1,,2,2,,2,,4,2,,2,,3,,2,,1,,1,,,,,,,,,,,,,,,,,,,,,,,,,,,,,,,,,,,,,,,,,,,,,,,,,,,,,,,,,,,,,,,,,,,,,,,,,,,,,,,,,,,,,,,,,,,,,,,,,,,,,,,,,,,,,,,,,,,,,,,,,,,,,,,,,,,,,,,,,,,,,,,,,,,,,,,,,,,,,,,,,,,,,,,,,,,,,,,,,,,,,,,,98142,"<span lang=""EN-GB"">Suppose
     you want to watch some video when you are alone at Starbucks.<o:p></o:p></span>"
10/18/2018 12:41,10/18/2018 12:45,0,98.176.238.152,100,245,1,10/18/2018 12:45,R_32K16Vno1kK8eNw,,,,,32.63710022,-117.0675964,anonymous,EN,"1,2,3,4,5","1,2,3,4,5",,"1,2,3",,"1,2,3,4",,1,,"1,2,3,4",,"1,2,3","1,2,3",,"1,2,3",,"1,2,3","1,2,3,4",,"1,2,3",,"1,2,3,4",,"1,2,3",,"1,2,3",,"1,2",,"1,2,3,4",4,,"1,2,3",,"1,2,3,4",,1,,"1,2,3,4",,"1,2,3","1,2,3",,"1,2,3",,"1,2,3",,"1,2,3,4",,"2,3",,"1,2,3",,"1,2,3,4",,"1,2,3",,"1,2",,"1,2,3,4,5",,"1,2,3",,"1,2,3,4",,1,,"1,2,3,4",,"1,2,3","1,2,3",,"1,2,3",,"1,2,3",,"1,2,3,4",,"1,2,3,4",,"1,2,3",,"1,2,3,4",,"1,2,3",,"1,2",,"1,2,3,4,5",,"1,2,3",,"1,2,3,4",,1,,"1,2,3,4",,"1,2,3","1,2,3",,"1,2,3",,"1,2,3",,"1,2,3,4",,"1,2,3,4",,"1,2,3",,"1,2,3,4",,"1,2,3",,"1,2",,"1,2,3,4,5",,"1,2,3",,"1,2,3,4",,1,,"1,2,3,4",,"1,2,3","1,2,3",,"1,2,3",,"1,2,3",,"1,2,3,4",,"1,2,3,4",,"1,2,3",,"1,2,3,4",,"1,2,3",,"1,2",,,,,,,,,,,,,,,,,,,,,,,,,,,,,,,,,,,,,,,,,,,,,,,,,,,,,,,,,,,,male,28,System Administrator,5,5,,10,69917,"<span lang=""EN-GB"">Suppose
     you want to read a digital document when you are alone at home.<strong><o:p></o:p></strong></span>"
10/18/2018 12:53,10/18/2018 12:53,0,142.129.64.47,100,8,1,10/18/2018 12:53,R_2e4PNDx2RbKKrfe,,,,,33.75239563,-117.9938965,anonymous,EN,"1,2",,,,,,,,,,,,,,,,,,,,,,,,,,,,,,,,,,,,,,,,,,,,,,,,,,,,,,,,,,,,,,,,,,,,,,,,,,,,,,,,,,,,,,,,,,,,,,,,,,,,,,,,,,,,,,,,,,,,,,,,,,,,,,,,,,,,,,,,,,,,,,,,,,,,,,,,,,,,,,,,,,,,,,,,,,,,,,,,,,,,,,,,,,,,,,,,,,,,,,,,,,,,,,,,,,,37598,"<span lang=""EN-GB"">Suppose you want to find a route to home while walking on a street with your close friends.<o:p></o:p></span>"
10/18/2018 12:55,10/18/2018 12:57,0,192.254.109.206,100,113,1,10/18/2018 12:57,R_1LSEdEIrGaVoyux,,,,,18.48379517,-66.84490204,anonymous,EN,"1,2,4",3,,1,,1,,1,,1,,2,1,,2,,2,2,,3,,2,,"2,3",,1,,1,,,,,,,,,,,,,,,,,,,,,,,,,,,,,,,,,,,,,,,,,,,,,,,,,,,,,,,,,,,,,,,,,,,,,,,,,,,,,,,,,,,,,,,,,,,,,,,,,,,,,,,,,,,,,,,,,,,,,,,,,,,,,,,,,,,,,,,,,,,,,,,,,,,,,,,,,,,,,,,,,,,,,,,,,,,,,,,,,,,,,,,,11153,"<span lang=""EN-GB"">Suppose you want to set up a reminder when you are at a park with close friends.<o:p></o:p></span>"
10/18/2018 12:58,10/18/2018 13:02,0,142.129.64.47,100,231,1,10/18/2018 13:02,R_3R4n8BjlMyXF6IS,,,,,33.75239563,-117.9938965,anonymous,EN,"1,2,3,4,5,6","2,4,5",,3,,"1,2,3",,1,,4,,2,"1,2",,"1,2",,2,2,,"1,2",,"3,4",,"1,2",,"1,3",,"1,2",,2,,,,,,,,,,,,,,,,,,,,,,,,,,,,,,"2,4",,1,,"2,3",,1,,3,,1,1,,"1,2",,1,,1,,"3,4",,"1,2",,7,,5,,"1,2",,,,,,,,,,,,,,,,,,,,,,,,,,,,,,,,,,,,,,,,,,,,,,,,,,,,,,,,,,,,,,,,,,,,,,,,,,,,,,,,,,,,,,,,,,,,,,,,,,,,,,,,,,,,,,,,,,,,,,,,,,,,,11889,"<span lang=""EN-GB"">Suppose
     you want to purchase something online when you are alone at a park.<o:p></o:p></span>"
10/18/2018 13:03,10/18/2018 13:04,0,75.39.85.140,100,54,1,10/18/2018 13:04,R_3JGZJQJ3sgw4mDT,,,,,41.36759949,-81.86180115,anonymous,EN,"3,4,5","2,4",,2,,2,,1,,"1,2,3",,"1,3","2,3",,"2,3",,3,2,,"1,2",,"1,2,3,4",,"1,3",,"1,2",,"1,2",,,,,,,,,,,,,,,,,,,,,,,,,,,,,,,,,,,,,,,,,,,,,,,,,,,,,,,,,,,,,,,,,,,,,,,,,,,,,,,,,,,,,,,,,,,,,,,,,,,,,,,,,,,,,,,,,,,,,,,,,,,,,,,,,,,,,,,,,,,,,,,,,,,,,,,,,,,,,,,,,,,,,,,,,,,,,,,,,,,,,,,,82338,"<span lang=""EN-GB"" style=""font-size:11.0pt;line-height:115%;
font-family:&quot;Arial&quot;,sans-serif;mso-fareast-font-family:Arial;mso-ansi-language:
EN-GB;mso-fareast-language:EN-US;mso-bidi-language:AR-SA"">Suppose you want to browse the internet when you are alone at your home.</span>"
10/18/2018 13:08,10/18/2018 13:15,0,190.124.31.15,100,389,1,10/18/2018 13:15,R_2xY1DsnQoqh2jd1,,,,,9.983306885,-72.03330231,anonymous,EN,"2,3,4","2,3,4",,"1,2,3",,"1,2,3,4",,3,,"1,2,3,4",,"1,2,3","1,2,3",,"1,2,3",,"1,3","1,2,3,4",,"1,2,3",,"2,3,4",,"1,2,3",,"1,2,3",,"1,2",,,,,,,,,,,,,,,,,,,,,,,,,,,,,,,,,,,,,,,,,,,,,,,,,,,,,,,,,,,,,,,,,,,,,,,,,,,,,,,,,,,,,,,,,,,,,,,,,,,,,,,,,,,,,,,,,,,,,,,,,,,,,,,,,,,,,,,,,,,,,,,,,,,,,,,,,,,,,,,,,,,,,,,,,,,,,,,,,,,,,,,,35767,"<span lang=""EN-GB"">Suppose you want to a send a text message when you are surrounded with people you are close to (e.g., friends, family members) at your home.<strong><o:p></o:p></strong></span>"
10/18/2018 13:14,10/18/2018 13:15,0,71.33.173.236,100,31,1,10/18/2018 13:15,R_umKGhAxMHvbfiJr,,,,,39.82589722,-104.9113007,anonymous,EN,1,,,,,,,,,,,,,,,,,,,,,,,,,,,,,,,,,,,,,,,,,,,,,,,,,,,,,,,,,,,,,,,,,,,,,,,,,,,,,,,,,,,,,,,,,,,,,,,,,,,,,,,,,,,,,,,,,,,,,,,,,,,,,,,,,,,,,,,,,,,,,,,,,,,,,,,,,,,,,,,,,,,,,,,,,,,,,,,,,,,,,,,,,,,,,,,,,,,,,,,,,,,,,,,,,,,7148,"<span lang=""EN-GB"">Suppose
     you are at starbucks and you realize today is the last day to pay one of
     your bills online.<o:p></o:p></span>"
10/18/2018 13:15,10/18/2018 13:15,0,71.33.173.236,100,29,1,10/18/2018 13:15,R_2aglnteNAvplQrn,,,,,39.82589722,-104.9113007,anonymous,EN,"2,5,6",4,,3,,4,,1,,2,,2,3,,2,,2,3,,2,,4,,1,,2,,1,,,,,,,,,,,,,,,,,,,,,,,,,,,,,,,,,,,,,,,,,,,,,,,,,,,,,,,,,,,,,,,,,,,,,,,,,,,,,,,,,,,,,,,,,,,,,,,,,,,,,,,,,,,,,,,,,,,,,,,,,,,,,,,,,,,,,,,,,,,,,,,,,,,,,,,,,,,,,,,,,,,,,,,,,,,,,,,,,,,,,,,,44326,"<span lang=""EN-GB"">Suppose
     you have planned to meet a friend next week and you want put this on your
     calendar when you are alone at home<strong><o:p></o:p></strong></span>"
10/18/2018 13:15,10/18/2018 13:16,0,190.124.31.15,100,57,1,10/18/2018 13:16,R_DhF8BLkHKYXqpUd,,,,,9.983306885,-72.03330231,anonymous,EN,3,,,,,,,,,,,,,,,,,,,,,,,,,,,,,,,,,,,,,,,,,,,,,,,,,,,,,,,,,,,,,,,,,,,,,,,,,,,,,,,,,,,,,,,,,,,,,,,,,,,,,,,,,,,,,,,,,,,,,,,,,,,,,,,,,,,,,,,,,,,,,,,,,,,,,,,,,,,,,,,,,,,,,,,,,,,,,,,,,,,,,,,,,,,,,,,,,,,,,,,,,,,,,,,,,,,1623,"<span lang=""EN-GB"">Suppose
     you want to a send an email when you are walking on a street with people
     you know (e.g., acquaintances, colleagues)<strong>.</strong><o:p></o:p></span>"
10/18/2018 13:17,10/18/2018 13:17,0,190.124.31.15,100,16,1,10/18/2018 13:17,R_3lzgcii9i7FBoXG,,,,,9.983306885,-72.03330231,anonymous,EN,"1,2",,,,,,,,,,,,,,,,,,,,,,,,,,,,,,,,,,,,,,,,,,,,,,,,,,,,,,,,,,,,,,,,,,,,,,,,,,,,,,,,,,,,,,,,,,,,,,,,,,,,,,,,,,,,,,,,,,,,,,,,,,,,,,,,,,,,,,,,,,,,,,,,,,,,,,,,,,,,,,,,,,,,,,,,,,,,,,,,,,,,,,,,,,,,,,,,,,,,,,,,,,,,,,,,,,,49603,"<span lang=""EN-GB"">Suppose you are at a coffee shop, you have just read a book you loved and now&nbsp;</span>you want to write a review for it to share with your close family and friends."
10/18/2018 13:17,10/18/2018 13:19,0,190.124.31.15,100,119,1,10/18/2018 13:19,R_CdF85pJntHf16ZX,,,,,9.983306885,-72.03330231,anonymous,EN,"1,2,3",4,,2,,2,,1,,2,,2,3,,2,,1,3,,1,,4,,2,,1,,2,,,,,,,,,,,,,,,,,,,,,,,,,,,,,,,,,,,,,,,,,,,,,,,,,,,,,,,,,,,,,,,,,,,,,,,,,,,,,,,,,,,,,,,,,,,,,,,,,,,,,,,,,,,,,,,,,,,,,,,,,,,,,,,,,,,,,,,,,,,,,,,,,,,,,,,,,,,,,,,,,,,,,,,,,,,,,,,,,,,,,,,,96649,"<span style=""color: rgb(0, 0, 0); font-family: Times; font-size: medium;"">Suppose you want to watch some video when you are with people you know (e.g., acquaintances, colleagues) at Starbucks</span>"
10/18/2018 13:17,10/18/2018 13:32,0,99.90.34.71,100,896,1,10/18/2018 13:32,R_25Qn0gdzACWGdcv,,,,,33.90600586,-84.18399811,anonymous,EN,"1,2,3,4","1,2,3,4,5",,1,,"1,2,3",,1,,1,,"2,3","1,2",,"1,2,3",,"2,3","1,2,3",,"1,2,3",,"1,2,3,4",,"1,2,3",,"1,2,3",,"1,2",,"1,2","2,4,5",,1,,"1,2",,1,,2,,"2,3","1,2",,2,,2,,"2,3",,"2,3,4",,"1,2",,"2,3,4",,"1,2,3",,"1,2",,"1,2,4,5",,1,,"1,2,3",,1,,2,,"2,3","1,2,3",,"1,2",,"1,2",,"2,3,4",,"1,2,3,4",,"1,2",,"1,2,3,4",,"1,2,3",,"1,2",,,,,,,,,,,,,,,,,,,,,,,,,,,,,,,,,,,,,,,,,,,,,,,,,,,,,,,,,,,,,,,,,,,,,,,,,,,,,,,,,,,,,,,,,,,,,,,,,,,,,,,,,,,,,,,,,,,,,,Female,61,Admin Assistant,3,1,,4,46978,"<span lang=""EN-GB"">Suppose
     you want to read a digital document when you are at Starbucks.<o:p></o:p></span>"
10/18/2018 13:29,10/18/2018 13:33,0,174.59.27.98,100,212,1,10/18/2018 13:33,R_6SzeZZ0CryPDVVT,,,,,40.15530396,-76.60250092,anonymous,EN,"1,2,3,4",2,,1,,3,,1,,1,,1,5,,5,,1,6,,5,,6,,5,,5,,2,,2,,,,,,,,,,,,,,,,,,,,,,,,,,,,,,2,,1,,1,,1,,1,,1,5,,5,,5,,2,,7,,5,,7,,1,,2,,,,,,,,,,,,,,,,,,,,,,,,,,,,,,,,,,,,,,,,,,,,,,,,,,,,,,,,,,,,,,,,,,,,,,,,,,,,,,,,,,,,,,,,,,,,,,,,,,,,,,,,,,,,,,,,,,,,,,female,37,Recreation Coordinator,5,1,,3,58371,"<span lang=""EN-GB"" style=""font-size:11.0pt;line-height:115%;
font-family:&quot;Arial&quot;,sans-serif;mso-fareast-font-family:Arial;mso-ansi-language:
EN-GB;mso-fareast-language:EN-US;mso-bidi-language:AR-SA"">Suppose you want to check your social media when you are alone in a park.</span>"
10/18/2018 13:32,10/18/2018 13:33,0,71.183.92.137,100,70,1,10/18/2018 13:33,R_3phkjPOkdSieN8K,,,,,40.78160095,-73.95110321,anonymous,EN,"1,2,3,4",2,,1,,1,,1,,"1,2",,1,3,,"1,2,3",,2,"1,2,3,4",,1,,"1,3",,2,,2,,"1,2",,,,,,,,,,,,,,,,,,,,,,,,,,,,,,,,,,,,,,,,,,,,,,,,,,,,,,,,,,,,,,,,,,,,,,,,,,,,,,,,,,,,,,,,,,,,,,,,,,,,,,,,,,,,,,,,,,,,,,,,,,,,,,,,,,,,,,,,,,,,,,,,,,,,,,,,,,,,,,,,,,,,,,,,,,,,,,,,,,,,,,,,47381,"Suppose you want to purchase something online when
     you are with people you know (e.g., acquaintances,
     colleagues) at a park.<o:p></o:p>"
10/18/2018 13:35,10/18/2018 13:39,0,131.247.56.82,100,215,1,10/18/2018 13:39,R_2vdEU9hqyrCAVVV,,,,,28.05999756,-82.40789795,anonymous,EN,"1,2,3,4","2,5",,1,,"1,2",,1,,1,,2,2,,"1,2,3",,3,3,,2,,3,,2,,3,,2,,,,,,,,,,,,,,,,,,,,,,,,,,,,,,,,,,,,,,,,,,,,,,,,,,,,,,,,,,,,,,,,,,,,,,,,,,,,,,,,,,,,,,,,,,,,,,,,,,,,,,,,,,,,,,,,,,,,,,,,,,,,,,,,,,,,,,,,,,,,,,,,,,,,,,,,,,,,,,,,,,,,,,,,,,,,,,,,,,,,,,,,17314,"<span lang=""EN-GB"">Suppose
     you want to a view a text message when you are surrounded by people you
     know (e.g., acquaintances, colleagues) at a restaurant.<o:p></o:p></span>"
10/18/2018 13:41,10/18/2018 13:42,0,107.207.205.160,100,62,1,10/18/2018 13:42,R_3nAQWwkHe6KWDTm,,,,,41.07739258,-80.64089966,anonymous,EN,3,,,,,,,,,,,,,,,,,,,,,,,,,,,,,,,,,,,,,,,,,,,,,,,,,,,,,,,,,,,,,,,,,,,,,,,,,,,,,,,,,,,,,,,,,,,,,,,,,,,,,,,,,,,,,,,,,,,,,,,,,,,,,,,,,,,,,,,,,,,,,,,,,,,,,,,,,,,,,,,,,,,,,,,,,,,,,,,,,,,,,,,,,,,,,,,,,,,,,,,,,,,,,,,,,,,28073,"<span lang=""EN-GB"">Suppose you want to call your mother for sharing an important
     update about your life&nbsp; when you
     with people you know (e.g., acquaintances, colleagues) at a park<o:p></o:p></span>"
10/18/2018 13:47,10/18/2018 13:52,0,142.129.109.174,100,266,1,10/18/2018 13:52,R_3imu6tQyj8BQEwo,,,,,34.07659912,-118.2646027,anonymous,EN,"1,2,3,4,5,6",1,,"1,2",,"1,3,4",,1,,3,,"1,2,3","1,2",,"2,3",,"1,3","1,2,4",,"2,3",,"1,3",,"1,2,3",,"1,2",,"1,2",,,,,,,,,,,,,,,,,,,,,,,,,,,,,,,,,,,,,,,,,,,,,,,,,,,,,,,,,,,,,,,,,,,,,,,,,,,,,,,,,,,,,,,,,,,,,,,,,,,,,,,,,,,,,,,,,,,,,,,,,,,,,,,,,,,,,,,,,,,,,,,,,,,,,,,,,,,,,,,,,,,,,,,,,,,,,,,,,,,,,,,,85735,"<span lang=""EN-GB"">Suppose
     you want to set up a reminder about something when you are with people you
     know (e.g., acquaintances, colleagues) at Starbucks.<o:p></o:p></span>"
10/18/2018 14:30,10/18/2018 14:32,0,173.76.107.195,100,142,1,10/18/2018 14:32,R_YRpDceKxMZMp7Wx,,,,,42.44259644,-71.22650146,anonymous,EN,"1,2,3,6","1,2,4",,5,,"1,3",,1,,"2,3",,"1,2",3,,"2,3",,"2,3","2,3,4",,"2,3",,"1,2,4",,"2,3",,"1,2,3",,1,,,,,,,,,,,,,,,,,,,,,,,,,,,,,,,,,,,,,,,,,,,,,,,,,,,,,,,,,,,,,,,,,,,,,,,,,,,,,,,,,,,,,,,,,,,,,,,,,,,,,,,,,,,,,,,,,,,,,,,,,,,,,,,,,,,,,,,,,,,,,,,,,,,,,,,,,,,,,,,,,,,,,,,,,,,,,,,,,,,,,,,,39130,"<span lang=""EN-GB"">Suppose you are alone at home, you want to take a break from studying/working&nbsp;</span>so you decide to play an online/digital game."
10/18/2018 14:30,10/18/2018 14:32,0,73.91.141.70,100,132,1,10/18/2018 14:32,R_2RRhijKfDDPxEU7,,,,,34.94410706,-89.85440063,anonymous,EN,"1,2,3,6","3,4,5",,"1,2",,"2,4",,1,,1,,"2,3","1,2,3",,5,,3,"1,3",,3,,"1,3,4",,1,,"1,3",,2,,,,,,,,,,,,,,,,,,,,,,,,,,,,,,,,,,,,,,,,,,,,,,,,,,,,,,,,,,,,,,,,,,,,,,,,,,,,,,,,,,,,,,,,,,,,,,,,,,,,,,,,,,,,,,,,,,,,,,,,,,,,,,,,,,,,,,,,,,,,,,,,,,,,,,,,,,,,,,,,,,,,,,,,,,,,,,,,,,,,,,,,46259,"<span lang=""EN-GB"">Suppose
     you want to find a route to home when you are alone at Starbucks.<o:p></o:p></span>"
10/18/2018 14:33,10/18/2018 14:33,0,122.178.142.128,100,22,1,10/18/2018 14:33,R_323WGhHA5YcslE2,,,,,10.99249268,76.96139526,anonymous,EN,"1,3",,,,,,,,,,,,,,,,,,,,,,,,,,,,,,,,,,,,,,,,,,,,,,,,,,,,,,,,,,,,,,,,,,,,,,,,,,,,,,,,,,,,,,,,,,,,,,,,,,,,,,,,,,,,,,,,,,,,,,,,,,,,,,,,,,,,,,,,,,,,,,,,,,,,,,,,,,,,,,,,,,,,,,,,,,,,,,,,,,,,,,,,,,,,,,,,,,,,,,,,,,,,,,,,,,,66685,"<span lang=""EN-GB"" style=""font-size:11.0pt;line-height:115%;
font-family:&quot;Arial&quot;,sans-serif;mso-fareast-font-family:Arial;mso-ansi-language:
EN-GB;mso-fareast-language:EN-US;mso-bidi-language:AR-SA"">Suppose you have
planned to meet a friend next week and you want put this on your calendar<span style=""color:#434343""> when you with </span>people you know (e.g.,
acquaintances, colleagues)<span style=""color:#434343""> at a park</span></span>"
10/18/2018 14:33,10/18/2018 14:33,0,122.178.142.128,100,9,1,10/18/2018 14:33,R_3NWBNZTeglzp5Td,,,,,10.99249268,76.96139526,anonymous,EN,"2,5",,,,,,,,,,,,,,,,,,,,,,,,,,,,,,,,,,,,,,,,,,,,,,,,,,,,,,,,,,,,,,,,,,,,,,,,,,,,,,,,,,,,,,,,,,,,,,,,,,,,,,,,,,,,,,,,,,,,,,,,,,,,,,,,,,,,,,,,,,,,,,,,,,,,,,,,,,,,,,,,,,,,,,,,,,,,,,,,,,,,,,,,,,,,,,,,,,,,,,,,,,,,,,,,,,,99635,"<span lang=""EN-GB"">Suppose you want to browse through one of your social media profiles when you&nbsp;</span>are at your home."
10/18/2018 14:33,10/18/2018 14:34,0,122.178.142.128,100,31,1,10/18/2018 14:34,R_3OoDy7rZNe1SZm6,,,,,10.99249268,76.96139526,anonymous,EN,5,,,,,,,,,,,,,,,,,,,,,,,,,,,,,,,,,,,,,,,,,,,,,,,,,,,,,,,,,,,,,,,,,,,,,,,,,,,,,,,,,,,,,,,,,,,,,,,,,,,,,,,,,,,,,,,,,,,,,,,,,,,,,,,,,,,,,,,,,,,,,,,,,,,,,,,,,,,,,,,,,,,,,,,,,,,,,,,,,,,,,,,,,,,,,,,,,,,,,,,,,,,,,,,,,,,18721,"<span lang=""EN-GB"">Suppose
     you want to set up a reminder when you are with people you know (e.g.,
     acquaintances, colleagues) at your home.<o:p></o:p></span>"
10/18/2018 14:35,10/18/2018 14:35,0,162.248.134.237,100,12,1,10/18/2018 14:35,R_3oMTs2z636EAIcG,,,,,37.75100708,-97.8219986,anonymous,EN,1,,,,,,,,,,,,,,,,,,,,,,,,,,,,,,,,,,,,,,,,,,,,,,,,,,,,,,,,,,,,,,,,,,,,,,,,,,,,,,,,,,,,,,,,,,,,,,,,,,,,,,,,,,,,,,,,,,,,,,,,,,,,,,,,,,,,,,,,,,,,,,,,,,,,,,,,,,,,,,,,,,,,,,,,,,,,,,,,,,,,,,,,,,,,,,,,,,,,,,,,,,,,,,,,,,,99100,"<span lang=""EN-GB"">Suppose
     you want to find a route to home when you are at Starbucks with your close
     friends.<o:p></o:p></span>"
10/18/2018 14:35,10/18/2018 14:35,0,164.58.69.2,100,11,1,10/18/2018 14:35,R_W0WAkp9rxSI0JRn,,,,,35.33399963,-97.47679901,anonymous,EN,"2,3",,,,,,,,,,,,,,,,,,,,,,,,,,,,,,,,,,,,,,,,,,,,,,,,,,,,,,,,,,,,,,,,,,,,,,,,,,,,,,,,,,,,,,,,,,,,,,,,,,,,,,,,,,,,,,,,,,,,,,,,,,,,,,,,,,,,,,,,,,,,,,,,,,,,,,,,,,,,,,,,,,,,,,,,,,,,,,,,,,,,,,,,,,,,,,,,,,,,,,,,,,,,,,,,,,,86616,"<span lang=""EN-GB"">Suppose
     you want to a send an email when you are with a very close friend at a
     restaurant&nbsp;<o:p></o:p></span>"
10/18/2018 14:35,10/18/2018 14:36,0,162.248.134.237,100,49,1,10/18/2018 14:36,R_pyHmi2H32Mqfkg9,,,,,37.75100708,-97.8219986,anonymous,EN,"1,2,3,4,5,6",2,,1,,2,,1,,3,,2,2,,1,,3,1,,2,,1,,1,,1,,1,,,,,,,,,,,,,,,,,,,,,,,,,,,,,,,,,,,,,,,,,,,,,,,,,,,,,,,,,,,,,,,,,,,,,,,,,,,,,,,,,,,,,,,,,,,,,,,,,,,,,,,,,,,,,,,,,,,,,,,,,,,,,,,,,,,,,,,,,,,,,,,,,,,,,,,,,,,,,,,,,,,,,,,,,,,,,,,,,,,,,,,,97123,"<span lang=""EN-GB"">Suppose you want to watch some video when you are with your close friends at Starbucks.<o:p></o:p></span>"
10/18/2018 14:36,10/18/2018 14:37,0,162.248.134.252,100,57,1,10/18/2018 14:37,R_3KxT9hBoyAkUC1e,,,,,37.75100708,-97.8219986,anonymous,EN,"1,2,3,4,5,6",3,,1,,2,,1,,2,,1,1,,2,,2,3,,1,,2,,1,,2,,2,,,,,,,,,,,,,,,,,,,,,,,,,,,,,,,,,,,,,,,,,,,,,,,,,,,,,,,,,,,,,,,,,,,,,,,,,,,,,,,,,,,,,,,,,,,,,,,,,,,,,,,,,,,,,,,,,,,,,,,,,,,,,,,,,,,,,,,,,,,,,,,,,,,,,,,,,,,,,,,,,,,,,,,,,,,,,,,,,,,,,,,,95739,"<span lang=""EN-GB"">Suppose you have planned to meet a friend next week and you want to put this on your calendar when you are surrounded by people you know (e.g., acquaintances, colleagues) at a restaurant.<o:p></o:p></span>"
10/18/2018 14:35,10/18/2018 14:44,0,162.248.134.237,100,514,1,10/18/2018 14:44,R_1P29MRntmFq5g7X,,,,,37.75100708,-97.8219986,anonymous,EN,"1,2,3,4,5,6","1,2,3,4,5",,"1,2,3",,"1,2,3,4",,1,,"1,2,3,4",,"1,2,3","1,2,3",,"1,2,3",,"1,2,3","1,2,3,4",,"1,2,3",,"1,2,3,4,6",,"1,2,3",,"1,2,3",,"1,2",,"1,2,3,4,5,6","1,2,3,4,5",,"1,2,3",,"1,2,3,4",,1,,"1,2,3,4",,"1,2,3","1,2,3",,"1,2,3",,"1,2,3",,"1,2,3,4",,"1,2,3,4",,"1,2,3",,"1,2,3,4",,"1,2,3",,"1,2",,"1,2,3,4,5",,"1,2,3",,"1,2,3,4",,1,,"1,2,3,4",,"1,2,3","1,2,3",,"1,2,3",,"1,2,3",,"1,2,3,4",,"1,2,3,4",,"1,2,3",,"1,2,3,4",,"1,2,3",,"1,2",,"1,2,3,4,5",,"1,2,3",,"1,2,3,4",,1,,"1,2,3,4",,"1,2,3","1,2,3",,"1,2,3",,"1,2,3",,"1,2,3,4",,"1,2,3,4",,"1,2,3",,"1,2,3,4",,"1,2,3",,"1,2",,"1,2,3,4,5",,"1,2,3",,"1,2,3,4",,1,,"1,2,3,4",,"1,2,3","1,2,3",,"1,2,3",,"1,2,3",,"1,2,3,4",,"1,2,3,4",,"1,2,3",,"1,2,3,4",,"1,2,3",,"1,2",,"1,2,3,4,5",,"1,2,3",,"1,2,3,4",,1,,"1,2,3,4",,"1,2,3","1,2,3",,"1,2,3",,"1,2,3",,"1,2,3,4",,"1,2,3,4",,"1,2,3",,"1,2,3,4",,"1,2,3",,"1,2",,"1,2,3,4,5",,"1,2,3",,"1,2,3,4",,3,,"1,2,3,4",,"1,2,3","1,2,3",,"1,2,3",,"1,2,3",,"1,2,3,4",,"1,2,3,4",,"1,2,3",,"1,2,3,4",,"1,2,3",,"1,2",,male,40,manager,5,1,,2,88854,"<span lang=""EN-GB"">Suppose
     you are at home with some people you know (e.g., acquaintances,
     colleagues) when you realize today is the last day to pay one of your
     bills online.<o:p></o:p></span>"
10/18/2018 14:36,10/18/2018 14:45,0,100.8.35.242,100,535,1,10/18/2018 14:45,R_BMygX0dF1supMyd,,,,,40.74450684,-74.15080261,anonymous,EN,"1,2,3,4,5,6","2,5",,5,,2,,1,,1,,3,"1,2",,3,,3,"1,2,3",,"1,2",,3,,"1,2",,5,,2,,2,,,,,,,,,,,,,,,,,,,,,,,,,,,,,,"2,5",,5,,"1,2",,1,,1,,3,"1,2",,3,,3,,3,,3,,"1,2",,3,,3,,2,,,,,,,,,,,,,,,,,,,,,,,,,,,,,,,,,,,,,,,,,,,,,,,,,,,,,,,,,,,,,,,,,,,,,,,,,,,,,,,,,,,,,,,,,,,,,,,,,,,,,,,,,,,,,,,,,,,,,,male,23,student,4,2,,3,25986,"<span lang=""EN-GB"">Suppose
     you are at a park and you realize today is the last day to pay one of your
     bills online.<o:p></o:p></span>"
10/18/2018 14:36,10/18/2018 14:49,0,162.248.134.252,100,756,1,10/18/2018 14:49,R_2YmHSPYXVj4Ka38,,,,,37.75100708,-97.8219986,anonymous,EN,"1,2,3,4,5,6","1,2,3,4,5",,"1,2,3",,"1,2,3,4",,1,,"1,2,3,4",,"1,2,3","1,2,3",,"1,2,3",,"1,2,3","1,2,3,4",,"1,2,3",,"1,2,3,4,6",,"1,2,3",,"1,2,3",,"1,2",,"1,2,3,4,5,6","1,2,3,4,5",,"1,2,3",,"1,2,3,4",,1,,"1,2,3,4",,"1,2,3","1,2,3",,"1,2,3",,"1,2,3",,"1,2,3,4",,"1,2,3,4,6",,"1,2,3",,"1,2,3,4,6",,"1,2,3",,"1,2",,"1,2,3,4,5",,"1,2,3",,"1,2,3,4",,1,,"1,2,3,4",,"1,2,3","1,2,3",,"1,2,3",,"1,2,3",,"1,2,3,4",,"1,2,3,4,6",,"1,2,3",,"1,2,3,4,6",,"1,2,3",,"1,2",,"1,3,4,5",,"1,2,3",,"1,2,3,4",,1,,"1,2,3,4",,"1,2,3","1,2,3",,"1,2,3",,"1,2,3",,"1,2,3,4",,"1,2,3,4,6",,"1,2,3",,"1,2,3,4,6",,"1,2,3",,"1,2",,"1,2,3,4,5",,"1,2,3",,"1,2,3,4",,1,,"1,2,3,4",,"1,2,3","1,2,3",,"1,2,3",,"1,2,3",,"1,2,3,4",,"1,2,3,4,6",,"1,2,3",,"1,2,3,4,6",,"1,2,3",,"1,2",,"1,2,3,4,5",,"1,2,3",,"1,2,3,4",,1,,"1,2,3,4",,"1,2,3","1,2,3",,"1,2,3",,"1,2,3",,"1,2,3,4",,"1,2,3,4,6",,"1,2,3",,"1,2,3,4,6",,"1,2,3",,"1,2",,"1,2,3,4,5",,"1,2,3",,"1,2,3,4",,1,,"1,2,3,4",,"1,2,3","1,2,3",,"1,2,3",,"1,2,3",,"1,2,3,4",,"1,2,3,4,6",,"1,2,3",,"1,2,3,4",,"1,2,3",,"1,2",,,,,,,,,47455,"<span lang=""EN-GB"">Suppose
     you want to watch some video when
     you are at home with people you are close to (e.g., friends, family
     members)<strong><o:p></o:p></strong></span>"
10/18/2018 14:51,10/18/2018 14:51,0,73.11.171.41,100,26,1,10/18/2018 14:51,R_1jUup8x5aBcijj7,,,,,47.90170288,-122.2472,anonymous,EN,"1,2,3,4,5,6","2,3,4",,"2,3",,"2,3,4",,1,,"2,3",,"2,3","2,3",,"1,3",,2,"2,3",,"2,3",,"1,3",,"1,2",,"1,2",,1,,,,,,,,,,,,,,,,,,,,,,,,,,,,,,,,,,,,,,,,,,,,,,,,,,,,,,,,,,,,,,,,,,,,,,,,,,,,,,,,,,,,,,,,,,,,,,,,,,,,,,,,,,,,,,,,,,,,,,,,,,,,,,,,,,,,,,,,,,,,,,,,,,,,,,,,,,,,,,,,,,,,,,,,,,,,,,,,,,,,,,,,53084,"<span lang=""EN-GB"">Suppose
     you want to find a route to home when you are at Starbucks with people you
     know (e.g., acquaintances, colleagues).<o:p></o:p></span>"
10/18/2018 14:51,10/18/2018 14:51,0,175.158.225.202,100,54,1,10/18/2018 14:51,R_2rBGK2NYic0M9Tb,,,,,10.31109619,123.8916931,anonymous,EN,"1,2",,,,,,,,,,,,,,,,,,,,,,,,,,,,,,,,,,,,,,,,,,,,,,,,,,,,,,,,,,,,,,,,,,,,,,,,,,,,,,,,,,,,,,,,,,,,,,,,,,,,,,,,,,,,,,,,,,,,,,,,,,,,,,,,,,,,,,,,,,,,,,,,,,,,,,,,,,,,,,,,,,,,,,,,,,,,,,,,,,,,,,,,,,,,,,,,,,,,,,,,,,,,,,,,,,,7542,"<span lang=""EN-GB"">Suppose you want to read a digital document when you are in a park surrounded by your close friends.<o:p></o:p></span>"
10/18/2018 14:47,10/18/2018 14:56,0,100.8.35.242,100,538,1,10/18/2018 14:56,R_1resJxU9NUWxdo8,,,,,40.74450684,-74.15080261,anonymous,EN,"1,2,5,6","1,2,4,5",,3,,"1,2,3,4",,3,,3,,3,5,,"2,3",,3,"2,3,4",,"1,2,3",,"2,3,4",,"1,2,3",,2,,"1,2",,"1,5",4,,1,,3,,3,,1,,3,5,,5,,5,,3,,3,,2,,3,,"2,3",,"1,2",,,,,,,,,,,,,,,,,,,,,,,,,,,,,,,,,,,,,,,,,,,,,,,,,,,,,,,,,,,,,,,,,,,,,,,,,,,,,,,,,,,,,,,,,1,,5,,4,,1,,3,,3,5,,"1,3",,"1,3",,4,,"2,4",,3,,"2,4",,5,,4,,,,,,,,,,,,,,,,,,,,,,,,,,,,,,,female,32,barista,2,1,,2,74214,"<span lang=""EN-GB"">Suppose
     you want to read a digital document when you are at home with people you
     are close to (e.g., friends, family members).<strong><o:p></o:p></strong></span>"
10/18/2018 14:56,10/18/2018 15:03,0,97.34.14.37,100,418,1,10/18/2018 15:03,R_3fvNwckN6n3QPoN,,,,,41.97940063,-88.20629883,anonymous,EN,"1,2,4","2,4",,1,,"1,2,3",,3,,1,,"1,2,3","1,2,3",,5,,2,"1,2,3",,2,,"3,4,6",,"1,2",,5,,1,,,,,,,,,,,,,,,,,,,,,,,,,,,,,,,,,,,,,,,,,,,,,,,,,,,,,,,,,,,,,,,,,,,,,,,,,,,,,,,,,,,,,,,,,,,,,,,,,,,,,,,,,,,,,,,,,,,,,,,,,,,,,,,,,,,,,,,,,,,,,,,,,,,,,,,,,,,,,,,,,,,,,,,,,,,,,,,,,,,,,,,,47306,"<span lang=""EN-GB"">Suppose
     you want to purchase something online when you are with people you know
     (e.g., acquaintances, colleagues) at your home.<o:p></o:p></span>"
10/18/2018 15:05,10/18/2018 15:05,0,8.41.192.198,100,31,1,10/18/2018 15:05,R_1FG8ZrwclirhmV6,,,,,40.03379822,-75.17310333,anonymous,EN,1,,,,,,,,,,,,,,,,,,,,,,,,,,,,,,,,,,,,,,,,,,,,,,,,,,,,,,,,,,,,,,,,,,,,,,,,,,,,,,,,,,,,,,,,,,,,,,,,,,,,,,,,,,,,,,,,,,,,,,,,,,,,,,,,,,,,,,,,,,,,,,,,,,,,,,,,,,,,,,,,,,,,,,,,,,,,,,,,,,,,,,,,,,,,,,,,,,,,,,,,,,,,,,,,,,,84682,"<span lang=""EN-GB"" style=""font-size:11.0pt;line-height:115%;
font-family:&quot;Arial&quot;,sans-serif;mso-fareast-font-family:Arial;mso-ansi-language:
EN-GB;mso-fareast-language:EN-US;mso-bidi-language:AR-SA"">Suppose you want to a
view a text message when you are alone at home</span>"
10/18/2018 15:05,10/18/2018 15:07,0,107.137.132.222,100,97,1,10/18/2018 15:07,R_1MSNpEFCHp5isif,,,,,29.88169861,-95.4539032,anonymous,EN,"1,2,3,4,6","1,2",,"1,2,3",,"1,2",,1,,"2,3,4",,"1,2,3","1,2,3",,"1,2,3",,1,"3,4",,1,,"1,2,3",,1,,"1,2,3",,"1,2",,,,,,,,,,,,,,,,,,,,,,,,,,,,,,,,,,,,,,,,,,,,,,,,,,,,,,,,,,,,,,,,,,,,,,,,,,,,,,,,,,,,,,,,,,,,,,,,,,,,,,,,,,,,,,,,,,,,,,,,,,,,,,,,,,,,,,,,,,,,,,,,,,,,,,,,,,,,,,,,,,,,,,,,,,,,,,,,,,,,,,,,25730,"<span lang=""EN-GB"">Suppose you want to call your mother for sharing an important
     update about your life when you are surrounded by people you know (e.g.,
     acquaintances, colleagues) at your home.<o:p></o:p></span>"
10/18/2018 15:02,10/18/2018 15:11,0,98.214.237.154,100,590,1,10/18/2018 15:11,R_2xV3iPFg5wlei24,,,,,39.85830688,-88.9382019,anonymous,EN,"1,2,3,4,5",2,,1,,"1,2,3",,1,,1,,1,5,,5,,1,6,,2,,2,,2,,1,,"1,2",,"1,5","4,5",,5,,1,,1,,1,,1,5,,5,,3,,6,,3,,1,,6,,5,,1,,,,,,,,,,,,,,,,,,,,,,,,,,,,,,,,,,,,,,,,,,,,,,,,,,,,,,,,,,,,,,,,,,,,,,,,,,,,,,,,,,,,,,,,,1,,5,,4,,1,,1,,4,5,,5,,1,,4,,2,,3,,2,,5,,4,,,,,,,,,,,,,,,,,,,,,,,,,,,,,,,,,,,,,,91531,"<span lang=""EN-GB"">Suppose
     you want to listen to some audio when you are alone at your home.<strong><o:p></o:p></strong></span>"
10/18/2018 15:12,10/18/2018 15:14,0,66.69.37.207,100,136,1,10/18/2018 15:14,R_1GHwyPfxTfG0Z2C,,,,,29.51730347,-98.32170105,anonymous,EN,"2,4,5","1,2",,2,,"1,2,3,4",,1,,"1,4",,"2,3","1,2,3",,"1,2",,"1,2","2,3",,"1,2,3",,"1,2,4",,"2,3",,"1,2,3",,4,,,,,,,,,,,,,,,,,,,,,,,,,,,,,,,,,,,,,,,,,,,,,,,,,,,,,,,,,,,,,,,,,,,,,,,,,,,,,,,,,,,,,,,,,,,,,,,,,,,,,,,,,,,,,,,,,,,,,,,,,,,,,,,,,,,,,,,,,,,,,,,,,,,,,,,,,,,,,,,,,,,,,,,,,,,,,,,,,,,,,,,,52520,"<span id=""docs-internal-guid-5a7e3441-7fff-9d1f-10e6-454a1d940975""><span style=""font-size: 11pt; font-family: Arial; color: rgb(0, 0, 0); background-color: transparent; font-variant-numeric: normal; font-variant-east-asian: normal; vertical-align: baseline; white-space: pre-wrap;"">Suppose you want to call your mother for sharing an important update about your life &nbsp;when you are alone at home</span><br> <br><br></span>"
10/18/2018 15:15,10/18/2018 15:15,0,107.77.235.176,100,24,1,10/18/2018 15:15,R_r3JOkLcTakUFRIJ,,,,,33.52070618,-86.80249786,anonymous,EN,2,,,,,,,,,,,,,,,,,,,,,,,,,,,,,,,,,,,,,,,,,,,,,,,,,,,,,,,,,,,,,,,,,,,,,,,,,,,,,,,,,,,,,,,,,,,,,,,,,,,,,,,,,,,,,,,,,,,,,,,,,,,,,,,,,,,,,,,,,,,,,,,,,,,,,,,,,,,,,,,,,,,,,,,,,,,,,,,,,,,,,,,,,,,,,,,,,,,,,,,,,,,,,,,,,,,62374,"<span lang=""EN-GB"">Suppose
     you want to a send a text message when you are with a very close friend at
     a restaurant&nbsp;<o:p></o:p></span>"
10/18/2018 15:00,10/18/2018 15:16,0,100.8.35.242,100,961,1,10/18/2018 15:16,R_6WmIK4QgrbDx56h,,,,,40.74450684,-74.15080261,anonymous,EN,"1,2,3,4,5,6","1,2,5",,5,,"1,2,3",,1,,1,,3,5,,2,,3,"3,4",,"2,3",,"1,3,4",,"2,3",,"1,2,3",,4,,"2,5",,,,,,,,,,,,,,,,,,,,,,,,,,,,,,"2,5",,1,,3,,1,,1,,3,5,,"2,3",,"2,3",,4,,"1,3",,2,,"1,3",,5,,1,,,,,,,,,,,,,,,,,,,,,,,,,,,,,,,,,,,,,,,,,,,,,,,,,,,,,,,,,,,,1,,5,,4,,3,,"3,4",,3,5,,1,,1,,4,,"2,4",,3,,"2,4",,5,,4,,,,,,,,,,,,,,,,,,,,,,,,,,,,,,,male,34,engineer,5,1,,6,97775,"<span lang=""EN-GB"">Suppose
     you want to a send a text message when you are alone at home<strong><o:p></o:p></strong></span>"
10/18/2018 15:17,10/18/2018 15:17,0,67.161.81.229,100,15,1,10/18/2018 15:17,R_pbC6dz66J4gjIPL,,,,,48.74899292,-122.4887009,anonymous,EN,"1,2",,,,,,,,,,,,,,,,,,,,,,,,,,,,,,,,,,,,,,,,,,,,,,,,,,,,,,,,,,,,,,,,,,,,,,,,,,,,,,,,,,,,,,,,,,,,,,,,,,,,,,,,,,,,,,,,,,,,,,,,,,,,,,,,,,,,,,,,,,,,,,,,,,,,,,,,,,,,,,,,,,,,,,,,,,,,,,,,,,,,,,,,,,,,,,,,,,,,,,,,,,,,,,,,,,,95751,"<span lang=""EN-GB"">Suppose
     you want to a view a text message when you are surrounded with people you
     are close to (e.g., friends, family members) at your home.<strong><o:p></o:p></strong></span>"
10/18/2018 15:18,10/18/2018 15:19,0,67.161.81.229,100,55,1,10/18/2018 15:19,R_3KwhDXoX4HjQ9W0,,,,,48.74899292,-122.4887009,anonymous,EN,"1,2,3,4,5,6",4,,"1,3",,"1,4",,1,,"2,4",,"1,3","2,3",,5,,3,"2,3",,"1,3",,"2,4",,5,,3,,1,,,,,,,,,,,,,,,,,,,,,,,,,,,,,,,,,,,,,,,,,,,,,,,,,,,,,,,,,,,,,,,,,,,,,,,,,,,,,,,,,,,,,,,,,,,,,,,,,,,,,,,,,,,,,,,,,,,,,,,,,,,,,,,,,,,,,,,,,,,,,,,,,,,,,,,,,,,,,,,,,,,,,,,,,,,,,,,,,,,,,,,,57904,"<span lang=""EN-GB"">Suppose you are at a park with some people you know (e.g., acquaintances, colleagues) when you realize that you have to immediately pay one of your bills online.<o:p></o:p></span>"
10/18/2018 15:12,10/18/2018 15:19,0,4.16.21.154,100,412,1,10/18/2018 15:19,R_8cgz6AXXDvwcadj,,,,,37.73789978,-97.24790192,anonymous,EN,"1,2,4","2,3,4,5",,1,,1,,1,,1,,2,"1,2,3",,2,,2,1,,2,,3,,2,,1,,"1,2",,1,"2,4",,1,,"1,3",,3,,1,,2,"2,3",,5,,5,,3,,3,,5,,3,,1,,2,,,,,,,,,,,,,,,,,,,,,,,,,,,,,,,,,,,,,,,,,,,,,,,,,,,,,,,,,,,,,,,,,,,,,,,,,,,,,,,,,,,,,,,,,,,,,,,,,,,,,,,,,,,,,,,,,,,,,,,,,,,,,,,,,,,,,,,,,,,,,,,,,,,Female ,33,Office Admin,5,1,,2,12080,"<span lang=""EN-GB"">Suppose you want to read a digital document when you are at Starbucks with people you know (e.g., acquaintances, colleagues).<o:p></o:p></span>"
10/18/2018 15:19,10/18/2018 15:20,0,73.166.22.95,100,24,1,10/18/2018 15:20,R_1QoruQYTdC238Go,,,,,29.82969666,-95.28790283,anonymous,EN,1,,,,,,,,,,,,,,,,,,,,,,,,,,,,,,,,,,,,,,,,,,,,,,,,,,,,,,,,,,,,,,,,,,,,,,,,,,,,,,,,,,,,,,,,,,,,,,,,,,,,,,,,,,,,,,,,,,,,,,,,,,,,,,,,,,,,,,,,,,,,,,,,,,,,,,,,,,,,,,,,,,,,,,,,,,,,,,,,,,,,,,,,,,,,,,,,,,,,,,,,,,,,,,,,,,,38288,"Suppose you want to purchase something (e.g., book,
     household items) online when you are with people
     you know (e.g., acquaintances, colleagues) at
     Starbucks.<o:p></o:p>"
10/18/2018 15:18,10/18/2018 15:22,0,107.77.196.159,100,189,1,10/18/2018 15:22,R_pscJ5lThhSdWZuF,,,,,32.77870178,-96.82170105,anonymous,EN,"1,2,4,5,6","1,2,4,5",,3,,"1,3",,1,,3,,2,"1,2",,"1,2",,2,"2,3",,"1,2",,"2,3",,2,,"1,2",,"1,2",,2,,,,,,,,,,,,,,,,,,,,,,,,,,,,,,2,,2,,2,,1,,2,,2,2,,2,,2,,2,,2,,2,,2,,"1,2",,"1,2",,,,,,,,,,,,,,,,,,,,,,,,,,,,,,,,,,,,,,,,,,,,,,,,,,,,,,,,,,,,,,,,,,,,,,,,,,,,,,,,,,,,,,,,,,,,,,,,,,,,,,,,,,,,,,,,,,,,,,Female ,39,Manager ,6,1,,9,52650,"<span lang=""EN-GB"" style=""font-size:11.0pt;line-height:115%;
font-family:&quot;Arial&quot;,sans-serif;mso-fareast-font-family:Arial;mso-ansi-language:
EN-GB;mso-fareast-language:EN-US;mso-bidi-language:AR-SA"">Suppose you want to
find a route to a coffee shop when you are alone at home.</span>"
10/18/2018 15:18,10/18/2018 15:26,0,100.8.35.242,100,472,1,10/18/2018 15:26,R_11XzlLgfqPYa28P,,,,,40.74450684,-74.15080261,anonymous,EN,"1,2,3,4,5,6","1,2,3,4,5",,3,,"1,2,3,4",,3,,1,,3,5,,"1,2,3",,3,"1,3,4",,"1,2,3",,"2,3",,"1,2,3",,"2,3",,4,,"1,4","2,4",,5,,2,,3,,1,,3,"1,2",,5,,5,,"2,3",,3,,"1,2",,3,,3,,"1,2",,,,,,,,,,,,,,,,,,,,,,,,,,,,,,,,,,,,,,,,,,,,,,,,,,,,,,,,,,,,"2,5",,5,,3,,3,,1,,3,2,,5,,5,,3,,3,,"1,2",,3,,5,,4,,,,,,,,,,,,,,,,,,,,,,,,,,,,,,,,,,,,,,,,,,,,,,,,,,,,,,,,,,,,female,45,home maker,3,4,,3,65603,"<span lang=""EN-GB"" style=""font-size:11.0pt;line-height:115%;
font-family:&quot;Arial&quot;,sans-serif;mso-fareast-font-family:Arial;mso-ansi-language:
EN-GB;mso-fareast-language:EN-US;mso-bidi-language:AR-SA"">Suppose you want to a
send an email when you are alone at home</span>"
10/18/2018 15:26,10/18/2018 15:27,0,108.70.32.22,100,26,1,10/18/2018 15:27,R_XLlK2W0jFSIPdct,,,,,35.20230103,-84.84760284,anonymous,EN,"1,2",,,,,,,,,,,,,,,,,,,,,,,,,,,,,,,,,,,,,,,,,,,,,,,,,,,,,,,,,,,,,,,,,,,,,,,,,,,,,,,,,,,,,,,,,,,,,,,,,,,,,,,,,,,,,,,,,,,,,,,,,,,,,,,,,,,,,,,,,,,,,,,,,,,,,,,,,,,,,,,,,,,,,,,,,,,,,,,,,,,,,,,,,,,,,,,,,,,,,,,,,,,,,,,,,,,61113,"<span lang=""EN-GB"">Suppose
     you want to call your mother for sharing an important update about your
     life when you are alone at Starbucks.<o:p></o:p></span>"
10/18/2018 15:23,10/18/2018 15:29,0,207.225.105.220,100,348,1,10/18/2018 15:29,R_0x18FCPSUteAxQB,,,,,39.67100525,-104.9279022,anonymous,EN,"1,2,3,4",2,,5,,2,,1,,2,,4,3,,3,,2,2,,2,,3,,2,,5,,4,,,,,,,,,,,,,,,,,,,,,,,,,,,,,,,,,,,,,,,,,,,,,,,,,,,,,,,,,,,,,,,,,,,,,,,,,,,,,,,,,,,,,,,,,,,,,,,,,,,,,,,,,,,,,,,,,,,,,,,,,,,,,,,,,,,,,,,,,,,,,,,,,,,,,,,,,,,,,,,,,,,,,,,,,,,,,,,,,,,,,,,,59520,"Suppose you want to call your mother for sharing an important update about your life when you are surrounded with people you are close to (e.g., friends, family members)at your home."
10/18/2018 15:31,10/18/2018 15:31,0,93.137.156.89,100,29,1,10/18/2018 15:31,R_1KjOpmHPrxLrTbq,,,,,45.38059998,14.39169312,anonymous,EN,"1,2",,,,,,,,,,,,,,,,,,,,,,,,,,,,,,,,,,,,,,,,,,,,,,,,,,,,,,,,,,,,,,,,,,,,,,,,,,,,,,,,,,,,,,,,,,,,,,,,,,,,,,,,,,,,,,,,,,,,,,,,,,,,,,,,,,,,,,,,,,,,,,,,,,,,,,,,,,,,,,,,,,,,,,,,,,,,,,,,,,,,,,,,,,,,,,,,,,,,,,,,,,,,,,,,,,,83158,"<span lang=""EN-GB"">Suppose
     you want&nbsp; to a send a text message
     when you are walking with a very close friend on a street<o:p></o:p></span>"
10/18/2018 15:33,10/18/2018 15:38,0,100.8.35.242,100,253,1,10/18/2018 15:38,R_1IBhY0SKPzm2J3S,,,,,40.74450684,-74.15080261,anonymous,EN,"1,2,3,4,5,6","1,2,5",,5,,"1,2,3",,3,,1,,3,5,,"1,2,3",,3,"1,2,3",,"1,2",,"2,3",,"1,2",,5,,"1,2",,3,,,,,,,,,,,,,,,,,,,,,,,,,,,,,,,,,,,,,,,,,,,,,,,,,,,,,,,,,,,"2,4",,5,,"2,3",,3,,1,,3,5,,5,,5,,3,,3,,"1,2",,3,,5,,"1,2",,,,,,,,,,,,,,,,,,,,,,,,,,,,,,,,,,,,,,,,,,,,,,,,,,,,,,,,,,,,,,,,,,,,,,,,,,,,,,,,,,,,,,,,,male,34,manager,5,1,,4,52831,"<span lang=""EN-GB"">Suppose
     you want to watch some video when you are with people you know (e.g.,
     acquaintances, colleagues) at your home.<o:p></o:p></span>"
10/18/2018 15:40,10/18/2018 15:40,0,129.244.43.104,100,12,1,10/18/2018 15:40,R_2ty5INhxACvIzsj,,,,,36.14639282,-95.95259857,anonymous,EN,2,,,,,,,,,,,,,,,,,,,,,,,,,,,,,,,,,,,,,,,,,,,,,,,,,,,,,,,,,,,,,,,,,,,,,,,,,,,,,,,,,,,,,,,,,,,,,,,,,,,,,,,,,,,,,,,,,,,,,,,,,,,,,,,,,,,,,,,,,,,,,,,,,,,,,,,,,,,,,,,,,,,,,,,,,,,,,,,,,,,,,,,,,,,,,,,,,,,,,,,,,,,,,,,,,,,77605,"<span lang=""EN-GB"">Suppose you want to browse internet when you are with your close friends at a restaurant.<o:p></o:p></span>"
10/18/2018 15:40,10/18/2018 15:40,0,129.244.43.104,100,13,1,10/18/2018 15:40,R_2no9YtqQGfFqvHr,,,,,36.14639282,-95.95259857,anonymous,EN,"5,6",,,,,,,,,,,,,,,,,,,,,,,,,,,,,,,,,,,,,,,,,,,,,,,,,,,,,,,,,,,,,,,,,,,,,,,,,,,,,,,,,,,,,,,,,,,,,,,,,,,,,,,,,,,,,,,,,,,,,,,,,,,,,,,,,,,,,,,,,,,,,,,,,,,,,,,,,,,,,,,,,,,,,,,,,,,,,,,,,,,,,,,,,,,,,,,,,,,,,,,,,,,,,,,,,,,22649,"<span lang=""EN-GB"">Suppose you have planned to meet a friend next week and you want to put this on your calendar when you are surrounded with people you are close to (e.g., friends, family members) at your home.<strong><o:p></o:p></strong></span>"
10/18/2018 15:28,10/18/2018 15:41,0,186.26.116.240,100,739,1,10/18/2018 15:41,R_12nihNfsVhQsV3c,,,,,9.933303833,-84.08329773,anonymous,EN,"1,2,4,5",2,,1,,"1,2,3",,1,,2,,3,"1,2",,"1,2,3",,3,6,,2,,"1,3",,2,,"1,2",,"1,2",,"2,4",,,,,,,,,,,,,,,,,,,,,,,,,,,,,,"1,2",,1,,"1,2,3",,1,,2,,3,"1,2",,1,,1,,"2,5",I just google it.,"1,2,3",,2,,"1,2,3",,"1,2",,2,,,,,,,,,,,,,,,,,,,,,,,,,,,,,,,"2,3,5",,5,,"1,3",,1,,5,I have an old tablet; of course it makes mistakes. That's fine; I just don't use it for anything crazy-important.,4,"1,2",,5,,5,,6,,"1,2,3",,2,,"1,2,3",,"1,2",,2,,,,,,,,,,,,,,,,,,,,,,,,,,,,,,,,,,,,,,,,,,,,,,,,,,,,,,,,,,,,Female Woman,30,Artist,5,1,,4,69224,"<span lang=""EN-GB"">Suppose you want to browse the internet when you are with people you know (e.g., acquaintances, colleagues) at a park.<o:p></o:p></span>"
10/18/2018 15:40,10/18/2018 15:41,0,129.244.43.104,100,49,1,10/18/2018 15:41,R_21vX66Wxbik1DQO,,,,,36.14639282,-95.95259857,anonymous,EN,"1,2,3,4,5,6","1,2",,1,,"1,2",,1,,"1,2",,1,1,,1,,"2,3","2,3",,2,,3,,1,,1,,2,,,,,,,,,,,,,,,,,,,,,,,,,,,,,,,,,,,,,,,,,,,,,,,,,,,,,,,,,,,,,,,,,,,,,,,,,,,,,,,,,,,,,,,,,,,,,,,,,,,,,,,,,,,,,,,,,,,,,,,,,,,,,,,,,,,,,,,,,,,,,,,,,,,,,,,,,,,,,,,,,,,,,,,,,,,,,,,,,,,,,,,,21654,"<span lang=""EN-GB"">Suppose you want to browse the internet when you are with your close friends at a park.<o:p></o:p></span>"
10/18/2018 15:38,10/18/2018 15:44,0,100.8.35.242,100,390,1,10/18/2018 15:44,R_3KImLHjyUMbqQja,,,,,40.74450684,-74.15080261,anonymous,EN,"1,2,3,4,5,6","1,2",,3,,"1,2,3,4",,1,,1,,3,5,,5,,3,3,,"1,2",,"1,2,3,4",,"1,2",,1,,4,,"2,6",,,,,,,,,,,,,,,,,,,,,,,,,,,,,,"1,2,5",,5,,3,,1,,1,,3,5,,5,,5,,3,,"1,2,3,4",,"2,3",,"1,2,3,4",,5,,4,,,,,,,,,,,,,,,,,,,,,,,,,,,,,,,,,,,,,,,,,,,,,,,,,,,,,,,,,,,,,,,,,,,,,,,,,,,,,,,,,,,,,,,,,"1,2,5",,5,,4,,1,,1,,3,5,,5,,5,,"3,4",,"1,2,3,4",,"1,2,3",,"1,2,3,4",,1,,4,,male,45,fire lieutant,3,3,,3,9631,"<span lang=""EN-GB"">Suppose
     you want to set up a reminder when you with people you know (e.g.,
     acquaintances, colleagues) at a park.<o:p></o:p></span>"
10/18/2018 15:32,10/18/2018 15:46,0,69.132.159.26,100,826,1,10/18/2018 15:46,R_2uCiiyux7nkgoBn,,,,,35.01780701,-80.53720093,anonymous,EN,"1,2,4",7,,5,,"3,4",,1,,3,,2,"1,2",,"1,2",,2,"1,2,3,4",,"1,2,3",,"2,4",,"1,2,3",,5,,"1,2",,2,,,,,,,,,,,,,,,,,,,,,,,,,,,,,,2,,1,,2,,1,,2,,1,"1,2",,2,,1,,6,,3,,2,,3,,"1,2",,4,,,,,,,,,,,,,,,,,,,,,,,,,,,,,,,,,,,,,,,,,,,,,,,,,,,,,,,,,,,,,,,,,,,,,,,,,,,,,,,,,,,,,,,,,,,,,,,,,,,,,,,,,,,,,,,,,,,,,,,,,,,,,21486,"<span lang=""EN-GB"">Suppose
     you want to a send an email when you are walking on a street.<o:p></o:p></span>"
10/18/2018 15:41,10/18/2018 15:50,0,47.156.189.41,100,534,1,10/18/2018 15:50,R_3k0tjA00HvJcbS6,,,,,34.10229492,-117.8168945,anonymous,EN,"1,2,3,4,5",7,,3,,"1,2",,1,,1,,"2,3","1,2,3",,"1,2",,"2,3","1,2,3",,"1,2,3",,6,,"1,2,3",,"1,2,3",,"1,2",,2,,,,,,,,,,,,,,,,,,,,,,,,,,,,,,"2,5",,1,,"1,2,3",,1,,1,,2,1,,5,,5,,6,,"1,2,3",,"1,2",,"1,2,3",,1,,2,,,,,,,,,,,,,,,,,,,,,,,,,,,,,,,,,,,,,,,,,,,,,,,,,,,,,,,,,,,,,,,,,,,,,,,,,,,,,,,,,,,,,,,,,,,,,,,,,,,,,,,,,,,,,,,,,,,,,,Male,42,Programmer,4,1,,2,28675,"<span lang=""EN-GB"">Suppose
     you want to set up a reminder when you are at a park by yourself.<o:p></o:p></span>"
10/18/2018 15:49,10/18/2018 15:54,0,76.184.57.2,100,272,1,10/18/2018 15:54,R_2zUgD3nd0GHtUYS,,,,,32.83099365,-96.76920319,anonymous,EN,"1,2,3,4",2,,"1,3",,"1,2,3",,1,,1,,"1,2","1,2",,"1,2",,"1,2",3,,5,,"1,2,4",,2,,"1,2",,2,,,,,,,,,,,,,,,,,,,,,,,,,,,,,,,,,,,,,,,,,,,,,,,,,,,,,,,,,,,,,,,,,,,,,,,,,,,,,,,,,,,,,,,,,,,,,,,,,,,,,,,,,,,,,,,,,,,,,,,,,,,,,,,,,,,,,,,,,,,,,,,,,,,,,,,,,,,,,,,,,,,,,,,,,,,,,,,,,,,,,,,,84702,"<span lang=""EN-GB"">Suppose
     you want to a send a text message when you with people you know (e.g., acquaintances,
     colleagues) at a street<strong>.</strong><o:p></o:p></span>"
10/18/2018 15:49,10/18/2018 15:56,0,68.57.122.148,100,416,1,10/18/2018 15:56,R_1Fn7vC6FoeTJnA4,,,,,36.2953949,-82.49019623,anonymous,EN,"1,2,4,5","1,3,4",,5,,"1,2",,1,,1,,2,3,,3,,2,6,,2,,"3,4",,2,,3,,2,,2,,,,,,,,,,,,,,,,,,,,,,,,,,,,,,"2,3",,2,,"1,2,3",,1,,1,,2,3,,2,,2,,2,,3,,2,,4,,3,,2,,,,,,,,,,,,,,,,,,,,,,,,,,,,,,,,,,,,,,,,,,,,,,,,,,,,,,,,,,,,,,,,,,,,,,,,,,,,,,,,,,,,,,,,,,,,,,,,,,,,,,,,,,,,,,,,,,,,,,,,,,,,,50155,"<span lang=""EN-GB"">Suppose you have planned to meet a friend next week and you want to&nbsp;put this on your calendar </span><span lang=""EN-GB"">when</span><span lang=""EN-GB""> you are surrounded by people you know (e.g., acquaintances, colleagues) at your home.</span><span lang=""EN-GB""><o:p></o:p></span>"
10/18/2018 15:51,10/18/2018 15:56,0,192.182.172.120,100,311,1,10/18/2018 15:56,R_3HizpImtqxxsUGe,,,,,40.06469727,-83.57240295,anonymous,EN,"1,2,3,4,5","1,2",,"1,2",,"1,2,3,4",,1,,1,,2,"1,2,3",,"1,2,3",,"1,2","1,2,3,4",,"1,2,3",,"1,2,3",,"1,2",,"1,2,3",,1,,2,,,,,,,,,,,,,,,,,,,,,,,,,,,,,,1,,2,,"1,2,3,4",,1,,2,,"1,2","1,2,3",,"1,3",,"1,2,3",,"2,3,4",,"1,2,3",,"1,2,3",,"1,2,3",,1,,2,,,,,,,,,,,,,,,,,,,,,,,,,,,,,,,,,,,,,,,,,,,,,,,,,,,,,,,,,,,,,,,,,,,,,,,,,,,,,,,,,,,,,,,,,,,,,,,,,,,,,,,,,,,,,,,,,,,,,,FEMALE,60,HOME HEALTH NURSE,4,1,,2,71424,"Suppose you want to find a route to a coffee shop
     when you are at home with your by your colleagues<o:p></o:p>"
10/18/2018 15:57,10/18/2018 15:57,0,204.210.213.184,100,12,1,10/18/2018 15:57,R_R8C1GTEFEEo1W25,,,,,42.12649536,-80.06400299,anonymous,EN,"2,4",,,,,,,,,,,,,,,,,,,,,,,,,,,,,,,,,,,,,,,,,,,,,,,,,,,,,,,,,,,,,,,,,,,,,,,,,,,,,,,,,,,,,,,,,,,,,,,,,,,,,,,,,,,,,,,,,,,,,,,,,,,,,,,,,,,,,,,,,,,,,,,,,,,,,,,,,,,,,,,,,,,,,,,,,,,,,,,,,,,,,,,,,,,,,,,,,,,,,,,,,,,,,,,,,,,88365,"<span lang=""EN-GB"">Suppose you are at work with some people you know (e.g., acquaintances, colleagues) when you realize that you have to immediately pay one of your bills online.<o:p></o:p></span>"
10/18/2018 16:00,10/18/2018 16:00,0,66.213.22.193,100,32,1,10/18/2018 16:00,R_3g5Gh8CHY4iL7df,,,,,41.38529968,-81.70439911,anonymous,EN,"1,2",,,,,,,,,,,,,,,,,,,,,,,,,,,,,,,,,,,,,,,,,,,,,,,,,,,,,,,,,,,,,,,,,,,,,,,,,,,,,,,,,,,,,,,,,,,,,,,,,,,,,,,,,,,,,,,,,,,,,,,,,,,,,,,,,,,,,,,,,,,,,,,,,,,,,,,,,,,,,,,,,,,,,,,,,,,,,,,,,,,,,,,,,,,,,,,,,,,,,,,,,,,,,,,,,,,74493,"<span lang=""EN-GB"">Suppose
     you want to set up a reminder when you are at home with people you are
     close to (e.g., friends, family members).<strong><o:p></o:p></strong></span>"
10/18/2018 16:00,10/18/2018 16:02,0,160.2.247.96,100,139,1,10/18/2018 16:02,R_tZ2749B0WRgV8Sl,,,,,28.60110474,-96.62590027,anonymous,EN,"1,2,3,4,5,6",2,,1,,2,,3,,1,,1,"1,2",,5,,2,3,,1,,"3,4",,1,,1,,4,,,,,,,,,,,,,,,,,,,,,,,,,,,,,,,,,,,,,,,,,,,,,,,,,,,,,,,,,,,,,,,,,,,,,,,,,,,,,,,,,,,,,,,,,,,,,,,,,,,,,,,,,,,,,,,,,,,,,,,,,,,,,,,,,,,,,,,,,,,,,,,,,,,,,,,,,,,,,,,,,,,,,,,,,,,,,,,,,,,,,,,,90096,"<span lang=""EN-GB"">Suppose
     you are at a park with your close friends and you realize today is the
     last day to pay one of your bills online.<o:p></o:p></span>"
10/18/2018 16:03,10/18/2018 16:04,0,160.2.247.96,100,85,1,10/18/2018 16:04,R_3frwz7nLrLTWZ9W,,,,,28.60110474,-96.62590027,anonymous,EN,"1,2,3,4,5,6",3,,2,,"1,2,3",,3,,"2,4",,2,3,,3,,3,3,,1,,"3,4",,1,,"1,2",,"1,2",,,,,,,,,,,,,,,,,,,,,,,,,,,,,,,,,,,,,,,,,,,,,,,,,,,,,,,,,,,,,,,,,,,,,,,,,,,,,,,,,,,,,,,,,,,,,,,,,,,,,,,,,,,,,,,,,,,,,,,,,,,,,,,,,,,,,,,,,,,,,,,,,,,,,,,,,,,,,,,,,,,,,,,,,,,,,,,,,,,,,,,,39231,"<span lang=""EN-GB"">Suppose
     you want to call your mother for sharing an important update about your
     life&nbsp; when you are alone at a park<o:p></o:p></span>"
10/18/2018 16:02,10/18/2018 16:06,0,71.72.60.61,100,280,1,10/18/2018 16:06,R_39kZqqAdbvnmNuV,,,,,42.07629395,-80.06680298,anonymous,EN,"1,2,3,4","2,4,5",,1,,2,,"1,2",Internet access anywhere.,1,,2,"2,3",,5,,3,2,,"1,2",,"3,4",,"1,2",,"1,3",,2,,,,,,,,,,,,,,,,,,,,,,,,,,,,,,,,,,,,,,,,,,,,,,,,,,,,,,,,,,,,,,,,,,,,,,,,,,,,,,,,,,,,,,,,,,,,,,,,,,,,,,,,,,,,,,,,,,,,,,,,,,,,,,,,,,,,,,,,,,,,,,,,,,,,,,,,,,,,,,,,,,,,,,,,,,,,,,,,,,,,,,,,16963,"<span lang=""EN-GB"">Suppose
     you want to a send an email when you are surrounded by people you know
     (e.g., acquaintances, colleagues) at a restaurant.<o:p></o:p></span>"
10/18/2018 16:06,10/18/2018 16:08,0,71.11.74.140,100,98,1,10/18/2018 16:08,R_2uJ7jUpNxzR3ZXr,,,,,43.21510315,-124.1983948,anonymous,EN,"1,2,3,4","2,3",,2,,"1,3",,1,,"1,2,4",,"2,3","1,2,3",,"1,2",,"1,3","2,3",,"2,3",,"1,2,4",,"2,3",,"2,3",,"1,2",,,,,,,,,,,,,,,,,,,,,,,,,,,,,,,,,,,,,,,,,,,,,,,,,,,,,,,,,,,,,,,,,,,,,,,,,,,,,,,,,,,,,,,,,,,,,,,,,,,,,,,,,,,,,,,,,,,,,,,,,,,,,,,,,,,,,,,,,,,,,,,,,,,,,,,,,,,,,,,,,,,,,,,,,,,,,,,,,,,,,,,,96152,"<span lang=""EN-GB"">Suppose you want to take a click a photo when you with </span><span lang=""EN-GB"">some people you know (e.g.,
     acquaintances, colleagues)</span><span lang=""EN-GB""> at home<o:p></o:p></span>"
10/18/2018 16:02,10/18/2018 16:11,0,24.154.43.118,100,580,1,10/18/2018 16:11,R_pnEfcnHXd72kc3n,,,,,39.6882019,-76.04920197,anonymous,EN,"1,2,3,4,5",4,,3,,"1,2,3",,3,,1,,"1,2","2,3",,"1,2",,"1,2","1,2",,"1,2,3",,"2,3",,"1,2",,"1,2,3",,"1,2",,"1,2","4,5",,3,,"1,2,3",,3,,1,,"2,3","2,3",,"1,3",,"1,2,3",,"1,2,3",,"3,4",,"1,2,3",,3,,"1,2,3",,"1,2",,"2,5",,1,,"1,2,3",,1,,1,,1,"2,3",,"1,2,3",,"1,2,3",,"1,2,3",,"1,3,4",,"1,2",,"1,3,4",,"1,2,3",,"1,2",,,,,,,,,,,,,,,,,,,,,,,,,,,,,,,,,,,,,,,,,,,,,,,,,,,,,,,,,,,,,,,,,,,,,,,,,,,,,,,,,,,,,,,,,,,,,,,,,,,,,,,,,,,,,,,,,,,,,,,,,,,,,6087,"<span lang=""EN-GB"" style=""font-size:11.0pt;line-height:115%;
font-family:&quot;Arial&quot;,sans-serif;mso-fareast-font-family:Arial;mso-ansi-language:
EN-GB;mso-fareast-language:EN-US;mso-bidi-language:AR-SA"">Suppose you want to a
send an email when you are at Starbucks.</span>"
10/18/2018 16:07,10/18/2018 16:14,0,71.72.60.61,100,428,1,10/18/2018 16:14,R_2ZOA5JF9B7LffKo,,,,,42.07629395,-80.06680298,anonymous,EN,"1,2,3,4","2,5",,1,,"1,2,4",,1,,1,,3,"1,2,3",,5,,3,"2,3",,"1,2",,"3,4",,"1,2",,"1,3",,2,,2,,,,,,,,,,,,,,,,,,,,,,,,,,,,,,2,,1,,3,,1,,"2,3",,"2,3","1,2,3",,3,,3,,2,,"1,3",,2,,4,,"1,3",,2,,,,,,,,,,,,,,,,,,,,,,,,,,,,,,,,,,,,,,,,,,,,,,,,,,,,,,,,,,,,,,,,,,,,,,,,,,,,,,,,,,,,,,,,,,,,,,,,,,,,,,,,,,,,,,,,,,,,,,,,,,,,,108,"<span lang=""EN-GB"">Suppose
     you want to a view a text message when you are alone at Starbucks.<o:p></o:p></span>"
10/18/2018 16:17,10/18/2018 16:19,0,107.77.204.110,100,151,1,10/18/2018 16:19,R_9Ft8ppno6nT4elz,,,,,39.12080383,-76.84349823,anonymous,EN,"1,2,3,4","2,3,4,5",,1,,"1,2,3",,1,,1,,"1,2,3","1,2",,"2,3",,2,"1,2",,"1,2",,"1,3",,"1,2",,1,,2,,,,,,,,,,,,,,,,,,,,,,,,,,,,,,,,,,,,,,,,,,,,,,,,,,,,,,,,,,,,,,,,,,,,,,,,,,,,,,,,,,,,,,,,,,,,,,,,,,,,,,,,,,,,,,,,,,,,,,,,,,,,,,,,,,,,,,,,,,,,,,,,,,,,,,,,,,,,,,,,,,,,,,,,,,,,,,,,,,,,,,,,27982,"<span lang=""EN-GB"">Suppose
     you want to listen to some audio when you are alone at Starbucks.<o:p></o:p></span>"
10/18/2018 16:17,10/18/2018 16:20,0,68.201.165.77,100,168,1,10/18/2018 16:20,R_2cd5d0gFTOXraOD,,,,,26.21589661,-98.32530212,anonymous,EN,"1,2,3,4,5,6",2,,1,,1,,1,,1,,3,2,,1,,4,3,,2,,"1,3",,2,,"1,3",,"1,2",,,,,,,,,,,,,,,,,,,,,,,,,,,,,,,,,,,,,,,,,,,,,,,,,,,,,,,,,,,,,,,,,,,,,,,,,,,,,,,,,,,,,,,,,,,,,,,,,,,,,,,,,,,,,,,,,,,,,,,,,,,,,,,,,,,,,,,,,,,,,,,,,,,,,,,,,,,,,,,,,,,,,,,,,,,,,,,,,,,,,,,,4952,"<span lang=""EN-GB"">Suppose you want to watch some video when you are alone at your home.<strong><o:p></o:p></strong></span>"
10/18/2018 16:17,10/18/2018 16:22,0,98.243.233.124,100,292,1,10/18/2018 16:22,R_tKkp1hXJsdBqfnP,,,,,42.69380188,-82.8207016,anonymous,EN,"1,2,4",3,,1,,2,,1,,1,,2,2,,1,,2,1,,1,,3,,2,,1,,1,,,,,,,,,,,,,,,,,,,,,,,,,,,,,,,,,,,,,,,,,,,,,,,,,,,,,,,,,,,,,,,,,,,,,,,,,,,,,,,,,,,,,,,,,,,,,,,,,,,,,,,,,,,,,,,,,,,,,,,,,,,,,,,,,,,,,,,,,,,,,,,,,,,,,,,,,,,,,,,,,,,,,,,,,,,,,,,,,,,,,,,,78352,"<span lang=""EN-GB"">Suppose you want to a send an email when you are walking with a very close friend on a street.&nbsp;<o:p></o:p></span>"
10/18/2018 16:21,10/18/2018 16:22,0,104.231.99.74,100,29,1,10/18/2018 16:22,R_22xIEB3c4Fue5Ae,,,,,41.6894989,-81.34210205,anonymous,EN,"1,2",,,,,,,,,,,,,,,,,,,,,,,,,,,,,,,,,,,,,,,,,,,,,,,,,,,,,,,,,,,,,,,,,,,,,,,,,,,,,,,,,,,,,,,,,,,,,,,,,,,,,,,,,,,,,,,,,,,,,,,,,,,,,,,,,,,,,,,,,,,,,,,,,,,,,,,,,,,,,,,,,,,,,,,,,,,,,,,,,,,,,,,,,,,,,,,,,,,,,,,,,,,,,,,,,,,70542,"<span lang=""EN-GB"">Suppose
     you want to purchase something (e.g., book, household items) online when
     you are with your close friends at a park.<o:p></o:p></span>"
10/18/2018 15:46,10/18/2018 16:22,0,100.35.97.44,100,2156,1,10/18/2018 16:22,R_3hFlx8QPd98RTT0,,,,,40.74450684,-74.15080261,anonymous,EN,"1,2,3,4,5,6","2,5",,5,,2,,3,,1,,3,5,,5,,3,"1,2,3",,2,,"2,3",,2,,1,,1,,2,,,,,,,,,,,,,,,,,,,,,,,,,,,,,,"1,2,5",,5,,2,,1,,1,,3,5,,3,,3,,3,,"2,3",,"1,2",,"2,3",,1,,"1,2",,,,,,,,,,,,,,,,,,,,,,,,,,,,,,,,,,,,,,,,,,,,,,,,,,,,,,,,,,,,,,,,,,,,,,,,,,,,,,,,,,,,,,,,,,,,,,,,,,,,,,,,,,,,,,,,,,,,,,male,23,student,3,1,,2,31130,"<span lang=""EN-GB"">Suppose
     you want to watch some video when you are with your close friends in a
     park.<o:p></o:p></span>"
10/18/2018 16:28,10/18/2018 16:29,0,50.81.70.31,100,19,1,10/18/2018 16:29,R_sToNAw80469kFax,,,,,38.27119446,-94.31369781,anonymous,EN,"1,2",,,,,,,,,,,,,,,,,,,,,,,,,,,,,,,,,,,,,,,,,,,,,,,,,,,,,,,,,,,,,,,,,,,,,,,,,,,,,,,,,,,,,,,,,,,,,,,,,,,,,,,,,,,,,,,,,,,,,,,,,,,,,,,,,,,,,,,,,,,,,,,,,,,,,,,,,,,,,,,,,,,,,,,,,,,,,,,,,,,,,,,,,,,,,,,,,,,,,,,,,,,,,,,,,,,68255,"<span lang=""EN-GB"">Suppose you are at sitting at Starbucks and you want to play a digital/online&nbsp;</span>game with some close friends."
10/18/2018 16:30,10/18/2018 16:34,0,100.35.97.44,100,270,1,10/18/2018 16:34,R_3HNv1NMaW588ccj,,,,,40.74450684,-74.15080261,anonymous,EN,"1,2,3,4,5,6","1,2,5",,5,,"3,4",,3,,2,,1,5,,"1,2",,1,"2,3,4",,"1,2,3",,"2,3,4",,"1,2,3",,5,,4,,5,,,,,,,,,,,,,,,,,,,,,,,,,,,,,,,,,,,,,,,,,,,,,,,,,,,,,,,,,,,,,,,,,,,,,,,,,,,,,,,,,,,,,,,,,,,,,,,,,,,,,,,,,,,,,,,,,,,,,1,,5,,4,,3,,4,,1,5,,"1,2,3",,"1,2,3",,4,,"2,4",,3,,"2,4",,5,,4,,,,,,,,,,,,,,,,,,,,,,,,,,,,,,,female,23,student,3,1,,2,76529,"<span lang=""EN-GB"">Suppose you want to find a route to a coffee shop when you are
     at home </span><span lang=""EN-GB"">with
     people you are close to (e.g., friends, family members)</span><strong><span lang=""EN-GB""><o:p></o:p></span></strong>"
10/18/2018 16:30,10/18/2018 16:39,0,99.72.100.55,100,552,1,10/18/2018 16:39,R_DjwSga1lpFpkhHz,,,,,44.24249268,-88.35639954,anonymous,EN,"1,2,4","2,5",,3,,"1,2,3",,1,,3,,"2,3","1,2,3",,2,,"2,3","1,2",,"1,2,3",,"3,6",,"1,2,3",,"1,2,3",,1,,2,,,,,,,,,,,,,,,,,,,,,,,,,,,,,,"2,5",,1,,"1,2,3",,1,,3,,3,"1,2,3",,2,,"1,2",,"1,2,3",,6,,"1,2",,"3,4",,"1,2",,1,,,,,,,,,,,,,,,,,,,,,,,,,,,,,,,,,,,,,,,,,,,,,,,,,,,,,,,,,,,,,,,,,,,,,,,,,,,,,,,,,,,,,,,,,,,,,,,,,,,,,,,,,,,,,,,,,,,,,,,,,,,,,24303,"<span lang=""EN-GB"">Suppose
     you want to listen to some audio when you are at home with people you are
     close to (e.g., friends, family members).<strong><o:p></o:p></strong></span>"
10/18/2018 16:43,10/18/2018 16:47,0,65.60.89.50,100,270,1,10/18/2018 16:47,R_3rVp9SLT6A4F67v,,,,,33.71020508,-117.9503021,anonymous,EN,"1,2,4",2,,1,,"1,2",,1,,3,,4,3,,2,,3,6,,1,,1,,1,,5,,4,,,,,,,,,,,,,,,,,,,,,,,,,,,,,,,,,,,,,,,,,,,,,,,,,,,,,,,,,,,,,,,,,,,,,,,,,,,,,,,,,,,,,,,,,,,,,,,,,,,,,,,,,,,,,,,,,,,,,,,,,,,,,,,,,,,,,,,,,,,,,,,,,,,,,,,,,,,,,,,,,,,,,,,,,,,,,,,,,,,,,,,,63188,"<span lang=""EN-GB"" style=""font-size:11.0pt;line-height:115%;
font-family:&quot;Arial&quot;,sans-serif;mso-fareast-font-family:Arial;mso-ansi-language:
EN-GB;mso-fareast-language:EN-US;mso-bidi-language:AR-SA"">Suppose you want to
take a click a photo when you are at Starbucks.</span>"
10/18/2018 16:51,10/18/2018 16:52,0,190.124.31.105,100,27,1,10/18/2018 16:52,R_1cVbAWBLYqxnDQs,,,,,9.983306885,-72.03330231,anonymous,EN,2,,,,,,,,,,,,,,,,,,,,,,,,,,,,,,,,,,,,,,,,,,,,,,,,,,,,,,,,,,,,,,,,,,,,,,,,,,,,,,,,,,,,,,,,,,,,,,,,,,,,,,,,,,,,,,,,,,,,,,,,,,,,,,,,,,,,,,,,,,,,,,,,,,,,,,,,,,,,,,,,,,,,,,,,,,,,,,,,,,,,,,,,,,,,,,,,,,,,,,,,,,,,,,,,,,,68468,"<span lang=""EN-GB"">Suppose
     you want to purchase something online when you are with people you are
     close to (e.g., friends, family members).<o:p></o:p></span>"
10/18/2018 16:52,10/18/2018 16:52,0,190.124.31.105,100,29,1,10/18/2018 16:52,R_2XmKvr5PnA7Rxil,,,,,9.983306885,-72.03330231,anonymous,EN,1,,,,,,,,,,,,,,,,,,,,,,,,,,,,,,,,,,,,,,,,,,,,,,,,,,,,,,,,,,,,,,,,,,,,,,,,,,,,,,,,,,,,,,,,,,,,,,,,,,,,,,,,,,,,,,,,,,,,,,,,,,,,,,,,,,,,,,,,,,,,,,,,,,,,,,,,,,,,,,,,,,,,,,,,,,,,,,,,,,,,,,,,,,,,,,,,,,,,,,,,,,,,,,,,,,,67116,"<span lang=""EN-GB"">Suppose you want to a send a text message when you are alone at a street.<o:p></o:p></span>"
10/18/2018 16:53,10/18/2018 16:54,0,190.124.31.105,100,104,1,10/18/2018 16:54,R_AhrYQZd9BEfxPJ7,,,,,9.983306885,-72.03330231,anonymous,EN,"1,3",,,,,,,,,,,,,,,,,,,,,,,,,,,,,,,,,,,,,,,,,,,,,,,,,,,,,,,,,,,,,,,,,,,,,,,,,,,,,,,,,,,,,,,,,,,,,,,,,,,,,,,,,,,,,,,,,,,,,,,,,,,,,,,,,,,,,,,,,,,,,,,,,,,,,,,,,,,,,,,,,,,,,,,,,,,,,,,,,,,,,,,,,,,,,,,,,,,,,,,,,,,,,,,,,,,46747,"<span lang=""EN-GB"">Suppose
     you want to a send an email when you are surrounded by people you know
     (e.g., acquaintances, colleagues) your home.<o:p></o:p></span>"
10/18/2018 17:04,10/18/2018 17:08,0,69.203.194.105,100,184,1,10/18/2018 17:08,R_yWHxNK7La3i4MJr,,,,,40.85830688,-73.92960358,anonymous,EN,"1,2,5,6","2,3,4",,"1,2",,"1,2",,1,,1,,"2,3",3,,"1,2",,"2,3","2,3",,2,,3,,2,,"1,2,3",,4,,2,,,,,,,,,,,,,,,,,,,,,,,,,,,,,,"2,3,4",,1,,"1,3",,1,,1,,"1,2,3","2,3",,2,,"2,3",,"2,3",,"3,4",,"2,3",,"3,4",,"1,2,3",,4,,,,,,,,,,,,,,,,,,,,,,,,,,,,,,,,,,,,,,,,,,,,,,,,,,,,,,,,,,,,,,,,,,,,,,,,,,,,,,,,,,,,,,,,,,,,,,,,,,,,,,,,,,,,,,,,,,,,,,female,33,analyst,6,5,,9,78238,"<span lang=""EN-GB"">Suppose
     you want to purchase something online when you are alone at your home.<o:p></o:p></span>"
10/18/2018 17:12,10/18/2018 17:12,0,166.181.83.208,100,30,1,10/18/2018 17:12,R_11bV00Wh0mwYvkM,,,,,43.07310486,-89.40119934,anonymous,EN,"1,2",,,,,,,,,,,,,,,,,,,,,,,,,,,,,,,,,,,,,,,,,,,,,,,,,,,,,,,,,,,,,,,,,,,,,,,,,,,,,,,,,,,,,,,,,,,,,,,,,,,,,,,,,,,,,,,,,,,,,,,,,,,,,,,,,,,,,,,,,,,,,,,,,,,,,,,,,,,,,,,,,,,,,,,,,,,,,,,,,,,,,,,,,,,,,,,,,,,,,,,,,,,,,,,,,,,96651,"<span lang=""EN-GB"">Suppose you have planned to meet a friend next week and you want to put this on your calendar when you are alone at a park<o:p></o:p></span>"
10/18/2018 17:14,10/18/2018 17:19,0,99.12.149.131,100,294,1,10/18/2018 17:19,R_UmXnhlKHebnIyd3,,,,,33.91349792,-84.68589783,anonymous,EN,"2,3,4","1,2,3,4,5",,"1,2",,"1,2,3,4",,1,,1,,2,"1,2",,"1,2,3",,3,"1,2,4",,"1,2,3",,"1,2,3,4",,"1,2,3",,"1,2,3",,"1,2",,,,,,,,,,,,,,,,,,,,,,,,,,,,,,,,,,,,,,,,,,,,,,,,,,,,,,,,,,,,,,,,,,,,,,,,,,,,,,,,,,,,,,,,,,,,,,,,,,,,,,,,,,,,,,,,,,,,,,,,,,,,,,,,,,,,,,,,,,,,,,,,,,,,,,,,,,,,,,,,,,,,,,,,,,,,,,,,,,,,,,,,41933,"<span lang=""EN-GB"">Suppose you want to read a digital document when you are in a park with people you know (e.g., acquaintances, colleagues).<o:p></o:p></span>"
10/18/2018 17:21,10/18/2018 17:21,0,71.161.71.235,100,7,1,10/18/2018 17:21,R_8C7rGrPc75Dja5b,,,,,42.32200623,-79.57260132,anonymous,EN,1,,,,,,,,,,,,,,,,,,,,,,,,,,,,,,,,,,,,,,,,,,,,,,,,,,,,,,,,,,,,,,,,,,,,,,,,,,,,,,,,,,,,,,,,,,,,,,,,,,,,,,,,,,,,,,,,,,,,,,,,,,,,,,,,,,,,,,,,,,,,,,,,,,,,,,,,,,,,,,,,,,,,,,,,,,,,,,,,,,,,,,,,,,,,,,,,,,,,,,,,,,,,,,,,,,,49391,"<span lang=""EN-GB"">Suppose you are at your gym and you want to track the amount of calories&nbsp;</span>you have burnt your workout.&nbsp;"
10/18/2018 17:21,10/18/2018 17:24,0,71.161.71.235,100,150,1,10/18/2018 17:24,R_3PsKY21OQ6Ib6nz,,,,,42.32200623,-79.57260132,anonymous,EN,"1,2,3,4","1,2,4,5",,"1,2,3",,"2,3,4",,1,,"1,2,3,4",,"1,2,3","1,2,3",,"1,2",,"2,3","1,2,3",,"1,2,3",,"1,2,3,4",,"1,2,3",,"1,2,3",,"1,2",,,,,,,,,,,,,,,,,,,,,,,,,,,,,,,,,,,,,,,,,,,,,,,,,,,,,,,,,,,,,,,,,,,,,,,,,,,,,,,,,,,,,,,,,,,,,,,,,,,,,,,,,,,,,,,,,,,,,,,,,,,,,,,,,,,,,,,,,,,,,,,,,,,,,,,,,,,,,,,,,,,,,,,,,,,,,,,,,,,,,,,,3135,"<span lang=""EN-GB"">Suppose
     you want to listen to some audio when you are with your friends at
     Starbucks.<o:p></o:p></span>"
10/18/2018 17:26,10/18/2018 17:29,0,100.35.97.44,100,213,1,10/18/2018 17:29,R_3Dda48Nr1zARub0,,,,,40.74450684,-74.15080261,anonymous,EN,"1,2,3,4,5,6","2,5",,1,,2,,1,,2,,3,5,,"2,3",,3,"1,2,3",,"1,2",,3,,"1,2",,5,,4,,2,,,,,,,,,,,,,,,,,,,,,,,,,,,,,,"2,5",,3,,3,,1,,1,,3,5,,"2,3",,"2,3",,3,,"3,4",,"1,2",,"3,4",,5,,2,,,,,,,,,,,,,,,,,,,,,,,,,,,,,,,,,,,,,,,,,,,,,,,,,,,,,,,,,,,,,,,,,,,,,,,,,,,,,,,,,,,,,,,,,,,,,,,,,,,,,,,,,,,,,,,,,,,,,,female,36,freelancer,5,5,,2,19630,"Suppose you want to check your social media status
     when you are at Starbucks.<o:p></o:p>"
10/18/2018 17:30,10/18/2018 17:30,0,74.78.175.80,100,22,1,10/18/2018 17:30,R_1JDZFLBRi999PJv,,,,,44.543396,-70.5644989,anonymous,EN,"1,2",,,,,,,,,,,,,,,,,,,,,,,,,,,,,,,,,,,,,,,,,,,,,,,,,,,,,,,,,,,,,,,,,,,,,,,,,,,,,,,,,,,,,,,,,,,,,,,,,,,,,,,,,,,,,,,,,,,,,,,,,,,,,,,,,,,,,,,,,,,,,,,,,,,,,,,,,,,,,,,,,,,,,,,,,,,,,,,,,,,,,,,,,,,,,,,,,,,,,,,,,,,,,,,,,,,37413,"<span lang=""EN-GB"">Suppose you are at Starbucks with your close friends and you realize today is the last day to pay one of your bills online.<o:p></o:p></span>"
10/18/2018 17:29,10/18/2018 17:33,0,100.35.97.44,100,233,1,10/18/2018 17:33,R_1jqsAmJunh7nxVd,,,,,40.74450684,-74.15080261,anonymous,EN,"1,2,3,4,5,6","2,5",,3,,"1,2,4",,1,,1,,3,5,,"2,3",,3,"1,2,3",,"1,2",,2,,"1,2",,1,,1,,4,,,,,,,,,,,,,,,,,,,,,,,,,,,,,,,,,,,,,,,,,,,,,,,,,,,,,,,,,,,,,,,,,,,,,,,,,,,,,,,,,,,,,,,,"2,5",,3,,3,,1,,1,,3,5,,5,,5,,3,,"2,3",,"1,2",,"2,3",,5,,"1,2",,,,,,,,,,,,,,,,,,,,,,,,,,,,,,,,,,,,,,,,,,,,,,,,,,,,,,,,,,,,female,22,student,3,1,,1,63929,"<span lang=""EN-GB"">Suppose
     you want to listen to some audio when you with people you know (e.g.,
     acquaintances, colleagues) at Starbucks<o:p></o:p></span>"
10/18/2018 17:33,10/18/2018 17:38,0,96.255.96.161,100,268,1,10/18/2018 17:38,R_XugGCvOqUFyajTj,,,,,38.81570435,-77.62159729,anonymous,EN,"1,2,4,5",5,,1,,"1,2,3",,3,,1,,2,"1,2",,2,,3,"1,4",,"2,3",,6,,2,,"1,3",,"1,2",,,,,,,,,,,,,,,,,,,,,,,,,,,,,,,,,,,,,,,,,,,,,,,,,,,,,,,,,,,,,,,,,,,,,,,,,,,,,,,,,,,,,,,,,,,,,,,,,,,,,,,,,,,,,,,,,,,,,,,,,,,,,,,,,,,,,,,,,,,,,,,,,,,,,,,,,,,,,,,,,,,,,,,,,,,,,,,,,,,,,,,,59391,"<span lang=""EN-GB"">Suppose you want to browse the internet when you are at home with people you know (e.g., acquaintances, colleagues).<o:p></o:p></span>"
10/18/2018 17:30,10/18/2018 17:39,0,75.87.79.117,100,510,1,10/18/2018 17:39,R_2SjzhzQoPaUxK0U,,,,,27.89349365,-97.31690216,anonymous,EN,"2,3,4",2,,3,,2,,1,,1,,2,3,,2,,2,2,,2,,3,,2,,4,size and mobility,1,,2,,,,,,,,,,,,,,,,,,,,,,,,,,,,,,2,,1,,1,,1,,2,,3,1,,2,,2,,2,,2,,2,,3,,1,,2,,,,,,,,,,,,,,,,,,,,,,,,,,,,,,,,,,,,,,,,,,,,,,,,,,,,,,,,,,,,,,,,,,,,,,,,,,,,,,,,,,,,,,,,,,,,,,,,,,,,,,,,,,,,,,,,,,,,,,,,,,,,,49048,"<span lang=""EN-GB"">Suppose
     you want to set up a reminder when you are alone at your home.<strong><o:p></o:p></strong></span>"
10/18/2018 17:40,10/18/2018 17:41,0,96.246.236.117,100,19,1,10/18/2018 17:41,R_24qLFATJ5Gd2y27,,,,,40.72720337,-73.94979858,anonymous,EN,"1,2",,,,,,,,,,,,,,,,,,,,,,,,,,,,,,,,,,,,,,,,,,,,,,,,,,,,,,,,,,,,,,,,,,,,,,,,,,,,,,,,,,,,,,,,,,,,,,,,,,,,,,,,,,,,,,,,,,,,,,,,,,,,,,,,,,,,,,,,,,,,,,,,,,,,,,,,,,,,,,,,,,,,,,,,,,,,,,,,,,,,,,,,,,,,,,,,,,,,,,,,,,,,,,,,,,,69981,"<span lang=""EN-GB"">Suppose you want to find a route to home while walking on a street with people you know (e.g., acquaintances, colleagues).<o:p></o:p></span>"
10/18/2018 17:37,10/18/2018 17:41,0,100.35.97.44,100,254,1,10/18/2018 17:41,R_xlvSzGoYl8DEleV,,,,,40.74450684,-74.15080261,anonymous,EN,"1,2,3,4,5,6","2,5",,5,,3,,3,,2,,3,5,,5,,3,3,,"1,2",,"2,3",,"1,2",,5,,2,,2,,,,,,,,,,,,,,,,,,,,,,,,,,,,,,"1,2,4",,5,,"1,2,3,4",,1,,1,,3,2,,3,,3,,3,,"2,3,4",,2,,"2,3,4",,5,,"1,2",,,,,,,,,,,,,,,,,,,,,,,,,,,,,,,,,,,,,,,,,,,,,,,,,,,,,,,,,,,,,,,,,,,,,,,,,,,,,,,,,,,,,,,,,,,,,,,,,,,,,,,,,,,,,,,,,,,,,,male,56,retired ,4,1,,3,84636,"<span lang=""EN-GB"">Suppose
     you want to listen to some audio when you are with your close friends in a
     park.<o:p></o:p></span>"
10/18/2018 17:43,10/18/2018 17:47,0,76.124.133.50,100,284,1,10/18/2018 17:47,R_2riqwmySk0mlqLA,,,,,40.23779297,-75.29550171,anonymous,EN,"1,2,3,4,5,6",2,,1,,2,,1,,2,,2,2,,1,,2,1,,2,,2,,2,,1,,2,,"2,4",,,,,,,,,,,,,,,,,,,,,,,,,,,,,,2,,1,,1,,1,,1,,2,2,,2,,1,,3,,2,,1,,1,,1,,2,,,,,,,,,,,,,,,,,,,,,,,,,,,,,,,2,,1,,1,,1,,2,,2,1,,2,,2,,1,,1,,2,,2,,2,,1,,,,,,,,,,,,,,,,,,,,,,,,,,,,,,,,,,,,,,,,,,,,,,,,,,,,,,,,,,,,,,,,,,,37736,"<span lang=""EN-GB"">Suppose you are at sitting in a park and you want to play a digital/online game.<o:p></o:p></span>"
10/18/2018 17:49,10/18/2018 17:49,0,23.124.48.22,100,14,1,10/18/2018 17:49,R_3nibPcyRGPxWsor,,,,,42.66259766,-83.18370056,anonymous,EN,"1,2",,,,,,,,,,,,,,,,,,,,,,,,,,,,,,,,,,,,,,,,,,,,,,,,,,,,,,,,,,,,,,,,,,,,,,,,,,,,,,,,,,,,,,,,,,,,,,,,,,,,,,,,,,,,,,,,,,,,,,,,,,,,,,,,,,,,,,,,,,,,,,,,,,,,,,,,,,,,,,,,,,,,,,,,,,,,,,,,,,,,,,,,,,,,,,,,,,,,,,,,,,,,,,,,,,,41492,"<span lang=""EN-GB"" style=""font-size:11.0pt;line-height:115%;
font-family:&quot;Arial&quot;,sans-serif;mso-fareast-font-family:Arial;mso-ansi-language:
EN-GB;mso-fareast-language:EN-US;mso-bidi-language:AR-SA"">Suppose you want to a
send a text message when you are alone at Starbucks.</span>"
10/18/2018 17:49,10/18/2018 17:50,0,98.230.44.126,100,42,1,10/18/2018 17:50,R_29hOmqfYZvE4sQN,,,,,30.48739624,-84.31890106,anonymous,EN,"1,2",,,,,,,,,,,,,,,,,,,,,,,,,,,,,,,,,,,,,,,,,,,,,,,,,,,,,,,,,,,,,,,,,,,,,,,,,,,,,,,,,,,,,,,,,,,,,,,,,,,,,,,,,,,,,,,,,,,,,,,,,,,,,,,,,,,,,,,,,,,,,,,,,,,,,,,,,,,,,,,,,,,,,,,,,,,,,,,,,,,,,,,,,,,,,,,,,,,,,,,,,,,,,,,,,,,46453,"<span lang=""EN-GB"">Suppose you have planned to meet a friend next week and you want to put this on your calendar when you are alone at Starbucks.<o:p></o:p></span>"
10/18/2018 17:51,10/18/2018 17:52,0,34.224.88.99,100,26,1,10/18/2018 17:52,R_215SwpSkpBXYMKg,,,,,39.0480957,-77.47280121,anonymous,EN,2,,,,,,,,,,,,,,,,,,,,,,,,,,,,,,,,,,,,,,,,,,,,,,,,,,,,,,,,,,,,,,,,,,,,,,,,,,,,,,,,,,,,,,,,,,,,,,,,,,,,,,,,,,,,,,,,,,,,,,,,,,,,,,,,,,,,,,,,,,,,,,,,,,,,,,,,,,,,,,,,,,,,,,,,,,,,,,,,,,,,,,,,,,,,,,,,,,,,,,,,,,,,,,,,,,,1759,"<span lang=""EN-GB"">Suppose it is a regular working day, you want to track the total amount of calories&nbsp;</span>you consume and burn off during the day.&nbsp;"
10/18/2018 17:42,10/18/2018 17:52,0,100.35.97.44,100,585,1,10/18/2018 17:52,R_1oFs3aRMiO1g9po,,,,,40.74450684,-74.15080261,anonymous,EN,"1,2,3,4,5,6","1,2,5",,5,,"1,2,3,4",,3,,3,,3,"2,3",,"1,2,3",,3,"1,2,3,4",,"2,3",,"2,3,4",,"2,3",,2,,"1,2",,"4,5",,,,,,,,,,,,,,,,,,,,,,,,,,,,,,,,,,,,,,,,,,,,,,,,,,,,,,,,,,,,,,,,,,,,,,,,,,,,,,,,,,,,,,,,"2,5",,3,,3,,1,,1,,1,5,,5,,5,,3,,3,,2,,3,,2,,2,,1,,5,,"2,4",,3,,"2,3",,1,3,,1,,1,,4,,"2,4",,3,,"2,4",,5,,4,,,,,,,,,,,,,,,,,,,,,,,,,,,,,,,female,34,artist,2,3,,3,96716,"<span lang=""EN-GB"">Suppose you want to control some devices/appliances (e.g., smart lights) when you are at home with people you are close to (e.g., friends, family members)<strong><o:p></o:p></strong></span>"
10/18/2018 17:52,10/18/2018 17:52,0,34.224.88.99,100,16,1,10/18/2018 17:52,R_1gpgSYNAcyOkG09,,,,,39.0480957,-77.47280121,anonymous,EN,3,,,,,,,,,,,,,,,,,,,,,,,,,,,,,,,,,,,,,,,,,,,,,,,,,,,,,,,,,,,,,,,,,,,,,,,,,,,,,,,,,,,,,,,,,,,,,,,,,,,,,,,,,,,,,,,,,,,,,,,,,,,,,,,,,,,,,,,,,,,,,,,,,,,,,,,,,,,,,,,,,,,,,,,,,,,,,,,,,,,,,,,,,,,,,,,,,,,,,,,,,,,,,,,,,,,43624,"<span lang=""EN-GB"">Suppose
     you want to find a route to home when you are at Starbucks with your close
     friends.<o:p></o:p></span>"
10/18/2018 17:52,10/18/2018 17:53,0,34.224.88.99,100,8,1,10/18/2018 17:53,R_2atbOBb4VEN3tC0,,,,,39.0480957,-77.47280121,anonymous,EN,1,,,,,,,,,,,,,,,,,,,,,,,,,,,,,,,,,,,,,,,,,,,,,,,,,,,,,,,,,,,,,,,,,,,,,,,,,,,,,,,,,,,,,,,,,,,,,,,,,,,,,,,,,,,,,,,,,,,,,,,,,,,,,,,,,,,,,,,,,,,,,,,,,,,,,,,,,,,,,,,,,,,,,,,,,,,,,,,,,,,,,,,,,,,,,,,,,,,,,,,,,,,,,,,,,,,83418,"<span lang=""EN-GB"">Suppose you want to a send a text message when you are surrounded with people you are close to (e.g., friends, family members) at your home.<strong><o:p></o:p></strong></span>"
10/18/2018 17:53,10/18/2018 17:53,0,34.224.88.99,100,10,1,10/18/2018 17:53,R_1F2IHbmXC9G9F7o,,,,,39.0480957,-77.47280121,anonymous,EN,6,,,,,,,,,,,,,,,,,,,,,,,,,,,,,,,,,,,,,,,,,,,,,,,,,,,,,,,,,,,,,,,,,,,,,,,,,,,,,,,,,,,,,,,,,,,,,,,,,,,,,,,,,,,,,,,,,,,,,,,,,,,,,,,,,,,,,,,,,,,,,,,,,,,,,,,,,,,,,,,,,,,,,,,,,,,,,,,,,,,,,,,,,,,,,,,,,,,,,,,,,,,,,,,,,,,39838,"<span lang=""EN-GB"">Suppose you are alone at home, you want to take a break from studying/working&nbsp;</span>so you decide to play an online/digital game."
10/18/2018 17:53,10/18/2018 17:53,0,34.224.88.99,100,11,1,10/18/2018 17:53,R_2rkmnkAs7BMAln2,,,,,39.0480957,-77.47280121,anonymous,EN,5,,,,,,,,,,,,,,,,,,,,,,,,,,,,,,,,,,,,,,,,,,,,,,,,,,,,,,,,,,,,,,,,,,,,,,,,,,,,,,,,,,,,,,,,,,,,,,,,,,,,,,,,,,,,,,,,,,,,,,,,,,,,,,,,,,,,,,,,,,,,,,,,,,,,,,,,,,,,,,,,,,,,,,,,,,,,,,,,,,,,,,,,,,,,,,,,,,,,,,,,,,,,,,,,,,,75420,"<span lang=""EN-GB"">Suppose you want to watch some video when you are alone in a park.<o:p></o:p></span>"
10/18/2018 17:56,10/18/2018 18:05,0,208.58.104.140,100,550,1,10/18/2018 18:05,R_1mRb5YPJGbj5mzA,,,,,39.87840271,-75.32150269,anonymous,EN,"1,2,3",2,,5,,"1,2",,1,,1,,3,"1,2,3",,2,,3,"2,3",,1,,"3,4",,2,,1,,1,,,,,,,,,,,,,,,,,,,,,,,,,,,,,,,,,,,,,,,,,,,,,,,,,,,,,,,,,,,,,,,,,,,,,,,,,,,,,,,,,,,,,,,,,,,,,,,,,,,,,,,,,,,,,,,,,,,,,,,,,,,,,,,,,,,,,,,,,,,,,,,,,,,,,,,,,,,,,,,,,,,,,,,,,,,,,,,,,,,,,,,,50690,"<span lang=""EN-GB"">Suppose
     you want to listen to some audio when you are with people you know (e.g.,
     acquaintances, colleagues) in a park.<o:p></o:p></span>


<p><span lang=""EN-GB"" style=""color:red"">&nbsp;</span></p>"
10/18/2018 18:09,10/18/2018 18:15,0,100.35.97.44,100,305,1,10/18/2018 18:15,R_9oWAjQtyFvI8XeN,,,,,40.74450684,-74.15080261,anonymous,EN,"1,2,4,5,6","1,2,5",,3,,"1,2,3",,1,,1,,1,5,,5,,1,3,,2,,"3,4",,2,,5,,4,,6,,,,,,,,,,,,,,,,,,,,,,,,,,,,,,,,,,,,,,,,,,,,,,,,,,,,,,,,,,,,,,,,,,,,,,,,,,,,,,,,,,,,,,,,,,,,,,,,,,,,,,,,,,,,,,,,,,,,,,,,,,,,,,,,,,,,,,,,,,,,,,,,,,"1,2,5",,5,,"1,2,3",,1,,2,,1,5,,5,,5,,3,,"1,3",,2,,"1,3",,1,,4,,Male,34,Manager,5,4,,4,49598,"<span lang=""EN-GB"">Suppose
     you want to a view a text message when you with people you know (e.g.,
     acquaintances, colleagues) at a street<strong>.</strong><o:p></o:p></span>"
10/18/2018 18:15,10/18/2018 18:15,0,34.224.88.99,100,17,1,10/18/2018 18:15,R_1IQaukufEzhajSA,,,,,39.0480957,-77.47280121,anonymous,EN,6,,,,,,,,,,,,,,,,,,,,,,,,,,,,,,,,,,,,,,,,,,,,,,,,,,,,,,,,,,,,,,,,,,,,,,,,,,,,,,,,,,,,,,,,,,,,,,,,,,,,,,,,,,,,,,,,,,,,,,,,,,,,,,,,,,,,,,,,,,,,,,,,,,,,,,,,,,,,,,,,,,,,,,,,,,,,,,,,,,,,,,,,,,,,,,,,,,,,,,,,,,,,,,,,,,,75976,"<span lang=""EN-GB"">Suppose
     you want to a send an email when you are surrounded by people you know
     (e.g., acquaintances, colleagues) your home.<o:p></o:p></span>"
10/18/2018 18:08,10/18/2018 18:16,0,172.98.84.156,100,432,1,10/18/2018 18:16,R_2737wZRWbF3GAc1,,,,,33.7480011,-84.38580322,anonymous,EN,"1,2,3,4","1,2,5",,"2,3",,"1,2,4",,1,,"1,3",,"2,3","1,2",,"1,2",,4,4,,"2,3",,2,,"2,3",,"1,3",,"1,2",,,,,,,,,,,,,,,,,,,,,,,,,,,,,,,,,,,,,,,,,,,,,,,,,,,,,,,,,,,,,,,,,,,,,,,,,,,,,,,,,,,,,,,,,,,,,,,,,,,,,,,,,,,,,,,,,,,,,,,,,,,,,,,,,,,,,,,,,,,,,,,,,,,,,,,,,,,,,,,,,,,,,,,,,,,,,,,,,,,,,,,,27205,"<span lang=""EN-GB"">Suppose
     you want to set up a reminder when you are at a park by yourself.<o:p></o:p></span>"
10/18/2018 18:17,10/18/2018 18:18,0,201.185.240.253,100,24,1,10/18/2018 18:18,R_32L39Ldcs2nNXWe,,,,,4.533905029,-75.68109894,anonymous,EN,"1,2",,,,,,,,,,,,,,,,,,,,,,,,,,,,,,,,,,,,,,,,,,,,,,,,,,,,,,,,,,,,,,,,,,,,,,,,,,,,,,,,,,,,,,,,,,,,,,,,,,,,,,,,,,,,,,,,,,,,,,,,,,,,,,,,,,,,,,,,,,,,,,,,,,,,,,,,,,,,,,,,,,,,,,,,,,,,,,,,,,,,,,,,,,,,,,,,,,,,,,,,,,,,,,,,,,,94374,"<span lang=""EN-GB"">Suppose
     you want to listen to some audio when you are with your friends at
     Starbucks.<o:p></o:p></span>"
10/18/2018 18:16,10/18/2018 18:19,0,172.98.84.156,100,164,1,10/18/2018 18:19,R_24jknafJSp98VLU,,,,,33.7480011,-84.38580322,anonymous,EN,"1,2,3,4","1,2,5",,2,,"1,3",,1,,"1,2,3,4",,"1,3","1,3",,1,,"1,2","1,3,4",,"1,2,3",,"2,3",,"1,2,3",,"1,2",,"1,2",,,,,,,,,,,,,,,,,,,,,,,,,,,,,,,,,,,,,,,,,,,,,,,,,,,,,,,,,,,,,,,,,,,,,,,,,,,,,,,,,,,,,,,,,,,,,,,,,,,,,,,,,,,,,,,,,,,,,,,,,,,,,,,,,,,,,,,,,,,,,,,,,,,,,,,,,,,,,,,,,,,,,,,,,,,,,,,,,,,,,,,,29337,"<span lang=""EN-GB"">Suppose
     you want&nbsp; to a send a text message
     when you are walking with a very close friend on a street<o:p></o:p></span>"
10/18/2018 18:19,10/18/2018 18:25,0,100.35.97.44,100,367,1,10/18/2018 18:25,R_qymChD1LZ8wUy7D,,,,,40.74450684,-74.15080261,anonymous,EN,"2,3,4,5,6",2,,5,,"1,2",,1,,2,,1,5,,5,,1,3,,2,,1,,2,,1,,"1,2",,2,,,,,,,,,,,,,,,,,,,,,,,,,,,,,,2,,5,,2,,1,,1,,1,5,,5,,5,,3,,"1,3",,2,,"1,3",,1,,1,,,,,,,,,,,,,,,,,,,,,,,,,,,,,,,,,,,,,,,,,,,,,,,,,,,,,,,,,,,,,,,,,,,,,,,,,,,,,,,,,,,,,,,,,,,,,,,,,,,,,,,,,,,,,,,,,,,,,,Male ,47,Accountant,3,1,,3,1759,"<span lang=""EN-GB"">Suppose you are on a short vacation alone and you want to take a picture in front&nbsp;</span>of an iconic monument."
10/18/2018 18:22,10/18/2018 18:25,0,73.19.183.9,100,234,1,10/18/2018 18:25,R_1KfLFpMgXCIQnIv,,,,,30.19490051,-85.67269897,anonymous,EN,"1,2,3,5","2,4,5",,1,,"1,2,3",,1,,1,,2,"1,2,3",,"1,2,3",,2,3,,2,,3,,"1,2",,"1,3",,"1,2",,,,,,,,,,,,,,,,,,,,,,,,,,,,,,,,,,,,,,,,,,,,,,,,,,,,,,,,,,,,,,,,,,,,,,,,,,,,,,,,,,,,,,,,,,,,,,,,,,,,,,,,,,,,,,,,,,,,,,,,,,,,,,,,,,,,,,,,,,,,,,,,,,,,,,,,,,,,,,,,,,,,,,,,,,,,,,,,,,,,,,,,5317,"<span lang=""EN-GB"">Suppose you want to browse the internet when you are alone at a restaurant.<o:p></o:p></span>"
10/18/2018 18:25,10/18/2018 18:30,0,100.35.97.44,100,294,1,10/18/2018 18:30,R_XBce7uEdCKJ0Djr,,,,,40.74450684,-74.15080261,anonymous,EN,"2,4,5,6",2,,1,,"2,3",,3,,2,,3,5,,5,,3,3,,2,,3,,2,,5,,2,,2,,,,,,,,,,,,,,,,,,,,,,,,,,,,,,2,,5,,2,,1,,6,,3,5,,5,,5,,3,,"1,2,3",,2,,"1,2,3",,1,,2,,,,,,,,,,,,,,,,,,,,,,,,,,,,,,,,,,,,,,,,,,,,,,,,,,,,,,,,,,,,,,,,,,,,,,,,,,,,,,,,,,,,,,,,,,,,,,,,,,,,,,,,,,,,,,,,,,,,,,Female,48,Admin assistant,4,1,,3,5260,"<span lang=""EN-GB"">Suppose you are at sitting at Starbucks and you want to play a digital/online&nbsp;</span>game."
10/18/2018 18:36,10/18/2018 18:37,0,65.31.36.145,100,21,1,10/18/2018 18:37,R_1Gyw59fNBirOIsa,,,,,39.05839539,-84.33959961,anonymous,EN,"1,2",,,,,,,,,,,,,,,,,,,,,,,,,,,,,,,,,,,,,,,,,,,,,,,,,,,,,,,,,,,,,,,,,,,,,,,,,,,,,,,,,,,,,,,,,,,,,,,,,,,,,,,,,,,,,,,,,,,,,,,,,,,,,,,,,,,,,,,,,,,,,,,,,,,,,,,,,,,,,,,,,,,,,,,,,,,,,,,,,,,,,,,,,,,,,,,,,,,,,,,,,,,,,,,,,,,33613,"<span lang=""EN-GB"">Suppose you are at home with people you are close to (e.g., friends, family members) when you realize today is the last day to pay one of your bills online.<o:p></o:p></span>"
10/18/2018 18:38,10/18/2018 18:38,0,107.175.83.188,100,28,1,10/18/2018 18:38,R_ZfKKp6EmrBrl4tz,,,,,36.17050171,-115.217598,anonymous,EN,1,,,,,,,,,,,,,,,,,,,,,,,,,,,,,,,,,,,,,,,,,,,,,,,,,,,,,,,,,,,,,,,,,,,,,,,,,,,,,,,,,,,,,,,,,,,,,,,,,,,,,,,,,,,,,,,,,,,,,,,,,,,,,,,,,,,,,,,,,,,,,,,,,,,,,,,,,,,,,,,,,,,,,,,,,,,,,,,,,,,,,,,,,,,,,,,,,,,,,,,,,,,,,,,,,,,86926,"<span lang=""EN-GB"">Suppose you are at Starbucks with your close friends and you realize today is the last day to pay one of your bills online.<o:p></o:p></span>"
10/18/2018 18:39,10/18/2018 18:39,0,107.175.83.188,100,45,1,10/18/2018 18:39,R_3ijOlzyZZq3PUfc,,,,,36.17050171,-115.217598,anonymous,EN,2,,,,,,,,,,,,,,,,,,,,,,,,,,,,,,,,,,,,,,,,,,,,,,,,,,,,,,,,,,,,,,,,,,,,,,,,,,,,,,,,,,,,,,,,,,,,,,,,,,,,,,,,,,,,,,,,,,,,,,,,,,,,,,,,,,,,,,,,,,,,,,,,,,,,,,,,,,,,,,,,,,,,,,,,,,,,,,,,,,,,,,,,,,,,,,,,,,,,,,,,,,,,,,,,,,,3202,"<span lang=""EN-GB"">Suppose
     you want to call your mother for sharing an important update about your
     life yourself when you are with a very close friend at a park.&nbsp;<o:p></o:p></span>"
10/18/2018 18:39,10/18/2018 18:40,0,107.175.83.188,100,15,1,10/18/2018 18:40,R_p3IRAYeukxtorND,,,,,36.17050171,-115.217598,anonymous,EN,4,,,,,,,,,,,,,,,,,,,,,,,,,,,,,,,,,,,,,,,,,,,,,,,,,,,,,,,,,,,,,,,,,,,,,,,,,,,,,,,,,,,,,,,,,,,,,,,,,,,,,,,,,,,,,,,,,,,,,,,,,,,,,,,,,,,,,,,,,,,,,,,,,,,,,,,,,,,,,,,,,,,,,,,,,,,,,,,,,,,,,,,,,,,,,,,,,,,,,,,,,,,,,,,,,,,74621,"<span lang=""EN-GB"" style=""font-size:11.0pt;line-height:115%;
font-family:&quot;Arial&quot;,sans-serif;mso-fareast-font-family:Arial;mso-ansi-language:
EN-GB;mso-fareast-language:EN-US;mso-bidi-language:AR-SA"">Suppose you want to
find a route to a coffee shop when you are alone at home.</span>"
10/18/2018 18:47,10/18/2018 18:50,0,192.210.226.116,100,173,1,10/18/2018 18:50,R_27wboxZqJukhpPb,,,,,41.10339355,-104.905899,anonymous,EN,5,,,,,,,,,,,,,,,,,,,,,,,,,,,,,,,,,,,,,,,,,,,,,,,,,,,,,,,,,,,,,,,,,,,,,,,,,,,,,,,,,,,,,,,,,,,,,,,,,,,,,,,,,,,,,,,,,,,,,,,,,,,,,,,,,,,,,,,,,,,,,,,,,,,,,,,,,,,,,,,,,,,,,,,,,,,,,,,,,,,,,,,,,,,,,,,,,,,,,,,,,,,,,,,,,,,93730,"<span lang=""EN-GB"">Suppose you want to control some devices/appliances (e.g., smart lights) when you are alone at home.<o:p></o:p></span>"
10/18/2018 18:47,10/18/2018 18:53,0,100.35.97.44,100,353,1,10/18/2018 18:53,R_s7fF9qrF4JPkg6Z,,,,,40.74450684,-74.15080261,anonymous,EN,"2,4,5,6","2,5",,5,,2,,1,,1,,3,5,,5,,3,3,,2,,"2,3",,2,,5,,1,,4,,,,,,,,,,,,,,,,,,,,,,,,,,,,,,,,,,,,,,,,,,,,,,,,,,,,,,,,,,,,,,,,,,,,,,,,,,,,,,,,,,,,,,,,"2,5",,5,,3,,1,,1,,3,5,,5,,5,,3,,"2,3",,2,,"2,3",,5,,"1,2",,,,,,,,,,,,,,,,,,,,,,,,,,,,,,,,,,,,,,,,,,,,,,,,,,,,,,,,,,,,Male,39,Manager,5,1,,4,89965,"<span style=""color: rgb(0, 0, 0); font-family: Times; font-size: medium;"">Suppose you want to watch some video when you are with people you know (e.g., acquaintances, colleagues) at Starbucks</span>"
10/18/2018 18:45,10/18/2018 18:57,0,199.241.146.244,100,733,1,10/18/2018 18:57,R_A5msOTCNjYE9WTL,,,,,34.04469299,-118.4487,anonymous,EN,"1,2,3,4,6",1,,"1,2,3",,"1,2,3",,1,,2,,"1,2,3",1,,"1,2,3",,"1,2,3",4,,"1,2",,7,,1,,"2,3",,"1,2",,"1,2,3,4,6","1,2,3,4,5",,"1,2,3",,"1,2,3,4",,1,,"1,2,3,4",,"1,2,3","1,2,3",,"1,2,3",,"1,2,3",,"1,2,3,4",,"1,2,3",,"1,2,3",,"1,2,3",,"1,2,3",,"1,2",,"1,2,3,4,5",,"1,2,3",,"1,2,3",,1,,"1,2,3",,"1,2,3","1,2,3",,"1,2,3",,"1,2,3",,"1,2,3",,"1,2,3,4",,"1,2,3",,"1,2,3,4",,"1,2",,"1,2",,"1,2,3,5",,"1,2,3",,"1,2,3",,1,,"1,2,3",,"1,2,3","1,2,3",,"1,2,3",,"1,2,3",,"1,2,3",,"1,2,3,4",,"1,2,3",,"1,2,3",,"1,2,3",,"1,2",,"1,2,3,4,5",,"1,2,3",,"1,2,3,4",,1,,"1,2,3,4",,"1,2,3","1,2,3",,"1,2,3",,"1,2,3",,"1,2,3,4",,"1,2,3",,"1,2",,"1,2,3",,"1,2,3",,"1,2",,,,,,,,,,,,,,,,,,,,,,,,,,,,,,,"1,2,3",,"1,3",,"1,2",,1,,"1,2",,"1,2","1,2",,"1,2",,"1,2,3",,"1,3",,"1,3",,"1,2",,"1,2,3",,"1,2",,"1,2",,,,,,,,,74074,"<span lang=""EN-GB"">Suppose
     you want to a send a text message when you are surrounded by people you
     know (e.g., acquaintances, colleagues) at a restaurant.<o:p></o:p></span>"
10/18/2018 18:57,10/18/2018 19:00,0,199.241.146.244,100,162,1,10/18/2018 19:00,R_1rNAARYOaMEGxXM,,,,,34.04469299,-118.4487,anonymous,EN,"1,2,3,4,6","1,2,3",,"1,2",,"1,2,4",,1,,"1,3",,"1,2","1,2,3",,"1,2",,"1,2","1,2,3",,"1,2",,"1,2,3,4",,"1,2",,"1,2",,"1,2",,2,,,,,,,,,,,,,,,,,,,,,,,,,,,,,,"1,2,3",,"1,2,3",,"1,2,3",,1,,"1,2",,"1,2","1,2",,"1,2",,"1,2",,"1,2,3",,"1,2",,"1,2",,"1,2",,"1,2",,"1,2",,,,,,,,,,,,,,,,,,,,,,,,,,,,,,,,,,,,,,,,,,,,,,,,,,,,,,,,,,,,,,,,,,,,,,,,,,,,,,,,,,,,,,,,,,,,,,,,,,,,,,,,,,,,,,,,,,,,,,Male,25,Information Technology Manager,6,1,,3,75380,"<span lang=""EN-GB"">Suppose
     you want to purchase something online when you are with your close friends
     at Starbucks.<o:p></o:p></span>"
10/18/2018 19:07,10/18/2018 19:10,0,50.89.213.70,100,157,1,10/18/2018 19:10,R_1l0RdDY32C16WRa,,,,,29.16000366,-81.02690125,anonymous,EN,"1,2,3,4,5,6",1,,2,,1,,1,,1,,2,1,,3,,2,2,,1,,2,,2,,1,,1,,,,,,,,,,,,,,,,,,,,,,,,,,,,,,,,,,,,,,,,,,,,,,,,,,,,,,,,,,,,,,,,,,,,,,,,,,,,,,,,,,,,,,,,,,,,,,,,,,,,,,,,,,,,,,,,,,,,,,,,,,,,,,,,,,,,,,,,,,,,,,,,,,,,,,,,,,,,,,,,,,,,,,,,,,,,,,,,,,,,,,,,92430,"<span lang=""EN-GB"">Suppose
     you want to set up a reminder about something when you are with people you
     know (e.g., acquaintances, colleagues) at Starbucks.<o:p></o:p></span>"
10/18/2018 19:13,10/18/2018 19:13,0,73.31.235.95,100,15,1,10/18/2018 19:13,R_2YfYQKGrtdg4ipv,,,,,37.6690979,-77.32939911,anonymous,EN,"2,6",,,,,,,,,,,,,,,,,,,,,,,,,,,,,,,,,,,,,,,,,,,,,,,,,,,,,,,,,,,,,,,,,,,,,,,,,,,,,,,,,,,,,,,,,,,,,,,,,,,,,,,,,,,,,,,,,,,,,,,,,,,,,,,,,,,,,,,,,,,,,,,,,,,,,,,,,,,,,,,,,,,,,,,,,,,,,,,,,,,,,,,,,,,,,,,,,,,,,,,,,,,,,,,,,,,80722,"<span lang=""EN-GB"">Suppose
     you want to take a click a photo when you are with people you are close to
     (e.g., friends, family members) at home<o:p></o:p></span>"
10/18/2018 19:14,10/18/2018 19:20,0,100.0.27.41,100,347,1,10/18/2018 19:20,R_1CDSVrCS6GbUTQa,,,,,42.47509766,-71.44830322,anonymous,EN,"1,2,3,4","4,5",,3,,"2,3,4",,1,,1,,3,"1,2,3",,2,,3,"1,2,3",,"1,2",,"1,3,4",,"1,2",,3,,2,,2,,,,,,,,,,,,,,,,,,,,,,,,,,,,,,5,,1,,"1,2,3,4",,1,,"1,2",,2,2,,1,,5,,3,,"1,2,3",,"1,2",,"1,2,3",,"2,3",,2,,,,,,,,,,,,,,,,,,,,,,,,,,,,,,,,,,,,,,,,,,,,,,,,,,,,,,,,,,,,,,,,,,,,,,,,,,,,,,,,,,,,,,,,,,,,,,,,,,,,,,,,,,,,,,,,,,,,,,,,,,,,,18921,"<span lang=""EN-GB"">Suppose you have planned to meet a friend next week and you want to&nbsp;put this on your calendar </span><span lang=""EN-GB"">when</span><span lang=""EN-GB""> you are surrounded by people you know (e.g., acquaintances, colleagues) at your home.</span><span lang=""EN-GB""><o:p></o:p></span>"
10/18/2018 19:29,10/18/2018 19:33,0,97.99.5.42,100,230,1,10/18/2018 19:33,R_1dbmkAalJcYw1Jv,,,,,32.93739319,-96.78720093,anonymous,EN,"1,2,6",2,,5,,"1,2,3,4",,1,,"1,3,4",,"1,3","1,2",,"2,3",,"1,2,3","2,3",,"1,2",,"2,4",,"1,2",,"1,2,3",,2,,1,"2,3,4",,"2,3",,"3,4",,3,,"2,3,4",,"1,2",2,,"1,2",,"2,3",,"3,4",,"1,2",,2,,"2,3,4",,2,,2,,,,,,,,,,,,,,,,,,,,,,,,,,,,,,,,,,,,,,,,,,,,,,,,,,,,,,,,,,,,,,,,,,,,,,,,,,,,,,,,,,,,,,,,,,,,,,,,,,,,,,,,,,,,,,,,,,,,,,,,,,,,,,,,,,,,,,,,,,,,,,,,,,,,,,,,,,6831,"<span lang=""EN-GB"">Suppose
     you want to watch&nbsp; some video when
     you are with people you know (e.g., acquaintances, colleagues) at
     Starbucks<o:p></o:p></span>"
10/18/2018 19:29,10/18/2018 19:35,0,100.35.97.44,100,370,1,10/18/2018 19:35,R_3ma7OnGb8tvGdfb,,,,,40.74450684,-74.15080261,anonymous,EN,"1,2,4,5,6","1,2,5",,5,,2,,1,,1,,1,3,,2,,1,3,,2,,"1,2",,2,,1,,1,,6,,,,,,,,,,,,,,,,,,,,,,,,,,,,,,,,,,,,,,,,,,,,,,,,,,,,,,,,,,,,,,,,,,,,,,,,,,,,,,,,,,,,,,,,,,,,,,,,,,,,,,,,,,,,,,,,,,,,,,,,,,,,,,,,,,,,,,,,,,,,,,,,,,"1,2",,5,,"1,2,3",,1,,1,,1,5,,"2,3",,"2,3",,"3,4",,"1,2,4",,2,,"1,2,4",,1,,4,,Male,36,Salesman,3,5,,3,22383,"<span lang=""EN-GB"">Suppose you want to find a route to home while walking on a street with your close friends.<o:p></o:p></span>"
10/18/2018 19:51,10/18/2018 19:57,0,100.35.97.44,100,389,1,10/18/2018 19:57,R_1rdbZnpP0aNdrlQ,,,,,40.74450684,-74.15080261,anonymous,EN,"2,4,5,6","1,2,5",,5,,"2,3,4",,1,,1,,1,5,,5,,1,3,,2,,"1,2",,2,,1,,1,,2,,,,,,,,,,,,,,,,,,,,,,,,,,,,,,"1,2,5",,5,,3,,1,,1,,1,5,,5,,5,,3,,"1,2,3",,2,,"1,2,3",,5,,"1,2",,,,,,,,,,,,,,,,,,,,,,,,,,,,,,,,,,,,,,,,,,,,,,,,,,,,,,,,,,,,,,,,,,,,,,,,,,,,,,,,,,,,,,,,,,,,,,,,,,,,,,,,,,,,,,,,,,,,,,Female,31,Clerk,3,3,,2,242,"<span lang=""EN-GB"">Suppose
     you want to find a route to home when you are at Starbucks with people you
     know (e.g., acquaintances, colleagues).<o:p></o:p></span>"
10/18/2018 19:34,10/18/2018 20:04,0,104.143.209.100,100,1763,1,10/18/2018 20:04,R_Tc6dyHs0b7ZOUCJ,,,,,40.76069641,-74.1882019,anonymous,EN,3,,,,,,,,,,,,,,,,,,,,,,,,,,,,,,,,,,,,,,,,,,,,,,,,,,,,,,,,,,,,,,,,,,,,,,,,,,,,,,,,,,,,,,,,,,,,,,,,,,,,,,,,,,,,,,,,,,,,,,,,,,,,,,,,,,,,,,,,,,,,,,,,,,,,,,,,,,,,,,,,,,,,,,,,,,,,,,,,,,,,,,,,,,,,,,,,,,,,,,,,,,,,,,,,,,,54025,"<span lang=""EN-GB"">Suppose you are at sitting in a park and you want to play a digital/online game.<o:p></o:p></span>"
10/18/2018 20:04,10/18/2018 20:07,0,190.124.31.21,100,202,1,10/18/2018 20:07,R_3Gq8n4qkxLYZQqV,,,,,9.983306885,-72.03330231,anonymous,EN,"1,2,6","2,3,4",,"1,2,3",,"2,3",,1,,"1,3,4",,"1,3","2,3",,"2,3",,"1,2","3,4",,"2,3",,"1,3,4",,"2,3",,"2,3",,2,,,,,,,,,,,,,,,,,,,,,,,,,,,,,,,,,,,,,,,,,,,,,,,,,,,,,,,,,,,,,,,,,,,,,,,,,,,,,,,,,,,,,,,,,,,,,,,,,,,,,,,,,,,,,,,,,,,,,,,,,,,,,,,,,,,,,,,,,,,,,,,,,,,,,,,,,,,,,,,,,,,,,,,,,,,,,,,,,,,,,,,,77593,"Suppose you are alone at home, you want to take a break from studying/working&nbsp;<p>so you decide to play a video game with some with some people you know (e.g., acquaintances, colleagues).<o:p></o:p></p>"
10/18/2018 20:10,10/18/2018 20:10,0,64.134.168.130,100,17,1,10/18/2018 20:10,R_Z4NtifvJCPxDuPn,,,,,40.36659241,-74.64080048,anonymous,EN,2,,,,,,,,,,,,,,,,,,,,,,,,,,,,,,,,,,,,,,,,,,,,,,,,,,,,,,,,,,,,,,,,,,,,,,,,,,,,,,,,,,,,,,,,,,,,,,,,,,,,,,,,,,,,,,,,,,,,,,,,,,,,,,,,,,,,,,,,,,,,,,,,,,,,,,,,,,,,,,,,,,,,,,,,,,,,,,,,,,,,,,,,,,,,,,,,,,,,,,,,,,,,,,,,,,,45373,"<span lang=""EN-GB"">Suppose you have planned to meet a friend next week and you want to put this on your calendar when you are with a very close friend at a park.&nbsp;<o:p></o:p></span>"
10/18/2018 20:08,10/18/2018 20:12,0,100.35.97.44,100,288,1,10/18/2018 20:12,R_uri6IToD6CKNdeN,,,,,40.74450684,-74.15080261,anonymous,EN,"1,2,4,5,6","1,2,5",,5,,"1,2,3,4",,1,,1,,1,5,,5,,1,"3,4",,"1,2,3",,"1,2,3",,"1,2,3",,1,,4,,5,,,,,,,,,,,,,,,,,,,,,,,,,,,,,,,,,,,,,,,,,,,,,,,,,,,,,,,,,,,,,,,,,,,,,,,,,,,,,,,,,,,,,,,,,,,,,,,,,,,,,,,,,,,,,,,,,,,,,1,,5,,4,,1,,2,,1,5,,5,,5,,4,,2,,3,,2,,5,,4,,,,,,,,,,,,,,,,,,,,,,,,,,,,,,,Male,41,Software engineer,5,5,,6,84188,"<span lang=""EN-GB"" style=""font-size:11.0pt;line-height:115%;
font-family:&quot;Arial&quot;,sans-serif;mso-fareast-font-family:Arial;mso-ansi-language:
EN-GB;mso-fareast-language:EN-US;mso-bidi-language:AR-SA"">Suppose you want to a
view a text message when you are alone at home</span>"
10/18/2018 20:12,10/18/2018 20:12,0,69.136.185.8,100,5,1,10/18/2018 20:12,R_3fp1dS3RgdFw4bG,,,,,41.7454071,-87.71350098,anonymous,EN,1,,,,,,,,,,,,,,,,,,,,,,,,,,,,,,,,,,,,,,,,,,,,,,,,,,,,,,,,,,,,,,,,,,,,,,,,,,,,,,,,,,,,,,,,,,,,,,,,,,,,,,,,,,,,,,,,,,,,,,,,,,,,,,,,,,,,,,,,,,,,,,,,,,,,,,,,,,,,,,,,,,,,,,,,,,,,,,,,,,,,,,,,,,,,,,,,,,,,,,,,,,,,,,,,,,,86902,"<span lang=""EN-GB"">Suppose you want to browse through one of your social media profiles when you&nbsp;</span>are at your home."
10/18/2018 20:13,10/18/2018 20:13,0,69.136.185.8,100,9,1,10/18/2018 20:13,R_z6g5gHL5XzhP8AN,,,,,41.7454071,-87.71350098,anonymous,EN,"1,3",,,,,,,,,,,,,,,,,,,,,,,,,,,,,,,,,,,,,,,,,,,,,,,,,,,,,,,,,,,,,,,,,,,,,,,,,,,,,,,,,,,,,,,,,,,,,,,,,,,,,,,,,,,,,,,,,,,,,,,,,,,,,,,,,,,,,,,,,,,,,,,,,,,,,,,,,,,,,,,,,,,,,,,,,,,,,,,,,,,,,,,,,,,,,,,,,,,,,,,,,,,,,,,,,,,79704,"<span lang=""EN-GB"">Suppose you have planned to meet a friend next week and you want to put this on your calendar when you are surrounded with people you are close to (e.g., friends, family members) at your home.<strong><o:p></o:p></strong></span>"
10/18/2018 20:13,10/18/2018 20:14,0,69.136.185.8,100,67,1,10/18/2018 20:14,R_eaJHKz9Zbsxp8pH,,,,,41.7454071,-87.71350098,anonymous,EN,"1,2,3,4,5,6","2,4",,3,,4,,1,,"3,4",,4,"2,3",,3,,2,3,,"2,3",,3,,"2,3",,"1,2",,1,,,,,,,,,,,,,,,,,,,,,,,,,,,,,,,,,,,,,,,,,,,,,,,,,,,,,,,,,,,,,,,,,,,,,,,,,,,,,,,,,,,,,,,,,,,,,,,,,,,,,,,,,,,,,,,,,,,,,,,,,,,,,,,,,,,,,,,,,,,,,,,,,,,,,,,,,,,,,,,,,,,,,,,,,,,,,,,,,,,,,,,,98602,"<span lang=""EN-GB"">Suppose
     you want to a send a text message when you with people you know (e.g., acquaintances,
     colleagues) at a street<strong>.</strong><o:p></o:p></span>"
10/18/2018 20:18,10/18/2018 20:21,0,24.251.87.43,100,184,1,10/18/2018 20:21,R_pc8j3LpyBP4oDyF,,,,,33.49389648,-112.1696014,anonymous,EN,"1,2,3,4,5,6",1,,3,,2,,1,,1,,2,1,,3,,2,"3,4",,2,,2,,3,,1,,2,,,,,,,,,,,,,,,,,,,,,,,,,,,,,,,,,,,,,,,,,,,,,,,,,,,,,,,,,,,,,,,,,,,,,,,,,,,,,,,,,,,,,,,,,,,,,,,,,,,,,,,,,,,,,,,,,,,,,,,,,,,,,,,,,,,,,,,,,,,,,,,,,,,,,,,,,,,,,,,,,,,,,,,,,,,,,,,,,,,,,,,,41734,"<span lang=""EN-GB"">Suppose you are alone at home, you want to take a break from studying/working&nbsp;</span>so you decide to play an online/digital game with some close friends ."
10/18/2018 20:18,10/18/2018 20:24,0,100.35.97.44,100,377,1,10/18/2018 20:24,R_1kXHTithHBLWyKG,,,,,40.74450684,-74.15080261,anonymous,EN,"1,2,6","2,5",,5,,2,,3,,1,,3,"1,2",,5,,3,"1,3",,2,,3,,2,,5,,4,,2,,,,,,,,,,,,,,,,,,,,,,,,,,,,,,"2,5",,5,,"2,3",,1,,1,,3,2,,2,,2,,"1,3",,3,,2,,3,,5,,4,,,,,,,,,,,,,,,,,,,,,,,,,,,,,,,,,,,,,,,,,,,,,,,,,,,,,,,,,,,,,,,,,,,,,,,,,,,,,,,,,,,,,,,,,,,,,,,,,,,,,,,,,,,,,,,,,,,,,,Male ,55,Unemployed,3,3,,2,38730,"<span lang=""EN-GB"">Suppose
     you are at a park with your close friends and you realize today is the
     last day to pay one of your bills online.<o:p></o:p></span>"
10/19/2018 6:09,10/19/2018 6:10,0,47.32.4.227,100,32,1,10/19/2018 6:10,R_2Tt36HdMB0EwO5G,,,,,45.20640564,-93.65930176,anonymous,EN,"1,2,3","1,3",,1,,"2,3",,1,,"1,2",,3,3,,2,,2,1,,"2,3",,"2,3",,2,,1,,1,,,,,,,,,,,,,,,,,,,,,,,,,,,,,,,,,,,,,,,,,,,,,,,,,,,,,,,,,,,,,,,,,,,,,,,,,,,,,,,,,,,,,,,,,,,,,,,,,,,,,,,,,,,,,,,,,,,,,,,,,,,,,,,,,,,,,,,,,,,,,,,,,,,,,,,,,,,,,,,,,,,,,,,,,,,,,,,,,,,,,,,,71780,"Suppose you want to check your social media status
     when you are at Starbucks.<o:p></o:p>"
10/19/2018 6:10,10/19/2018 6:10,0,47.32.4.227,100,44,1,10/19/2018 6:10,R_2wuBGJd5pGBTXAb,,,,,45.20640564,-93.65930176,anonymous,EN,"2,3,4,5","1,4",,2,,1,,1,,"2,3",,"2,3",1,,2,,4,"1,2",,"1,2",,"2,3",,2,,1,,1,,,,,,,,,,,,,,,,,,,,,,,,,,,,,,,,,,,,,,,,,,,,,,,,,,,,,,,,,,,,,,,,,,,,,,,,,,,,,,,,,,,,,,,,,,,,,,,,,,,,,,,,,,,,,,,,,,,,,,,,,,,,,,,,,,,,,,,,,,,,,,,,,,,,,,,,,,,,,,,,,,,,,,,,,,,,,,,,,,,,,,,,55646,"<span lang=""EN-GB"">Suppose
     you want to read a digital document when you are at Starbucks.<o:p></o:p></span>"
10/19/2018 6:10,10/19/2018 6:11,0,107.172.3.125,100,37,1,10/19/2018 6:11,R_1eCXn5WJu6ZLUZT,,,,,42.88639832,-78.87809753,anonymous,EN,1,,,,,,,,,,,,,,,,,,,,,,,,,,,,,,,,,,,,,,,,,,,,,,,,,,,,,,,,,,,,,,,,,,,,,,,,,,,,,,,,,,,,,,,,,,,,,,,,,,,,,,,,,,,,,,,,,,,,,,,,,,,,,,,,,,,,,,,,,,,,,,,,,,,,,,,,,,,,,,,,,,,,,,,,,,,,,,,,,,,,,,,,,,,,,,,,,,,,,,,,,,,,,,,,,,,62568,"<span lang=""EN-GB"">Suppose you want to take a click a photo when you are with your close friends&nbsp;</span>and family members at Starbucks"
10/19/2018 6:11,10/19/2018 6:11,0,107.172.3.125,100,13,1,10/19/2018 6:11,R_1jH5sYAQxDzj8q8,,,,,42.88639832,-78.87809753,anonymous,EN,4,,,,,,,,,,,,,,,,,,,,,,,,,,,,,,,,,,,,,,,,,,,,,,,,,,,,,,,,,,,,,,,,,,,,,,,,,,,,,,,,,,,,,,,,,,,,,,,,,,,,,,,,,,,,,,,,,,,,,,,,,,,,,,,,,,,,,,,,,,,,,,,,,,,,,,,,,,,,,,,,,,,,,,,,,,,,,,,,,,,,,,,,,,,,,,,,,,,,,,,,,,,,,,,,,,,7471,"<span lang=""EN-GB"">Suppose
     you want to take a click a photo when you are alone at home.<o:p></o:p></span>"
10/19/2018 6:11,10/19/2018 6:12,0,107.172.165.113,100,62,1,10/19/2018 6:12,R_Y36jOANb6yx0rWp,,,,,42.88639832,-78.87809753,anonymous,EN,2,,,,,,,,,,,,,,,,,,,,,,,,,,,,,,,,,,,,,,,,,,,,,,,,,,,,,,,,,,,,,,,,,,,,,,,,,,,,,,,,,,,,,,,,,,,,,,,,,,,,,,,,,,,,,,,,,,,,,,,,,,,,,,,,,,,,,,,,,,,,,,,,,,,,,,,,,,,,,,,,,,,,,,,,,,,,,,,,,,,,,,,,,,,,,,,,,,,,,,,,,,,,,,,,,,,27089,"<span lang=""EN-GB"">Suppose you want to read a digital document when you are at Starbucks with people you know (e.g., acquaintances, colleagues).<o:p></o:p></span>"
10/19/2018 6:12,10/19/2018 6:12,0,107.172.165.113,100,10,1,10/19/2018 6:12,R_2taNw3X37dwmRxe,,,,,42.88639832,-78.87809753,anonymous,EN,6,,,,,,,,,,,,,,,,,,,,,,,,,,,,,,,,,,,,,,,,,,,,,,,,,,,,,,,,,,,,,,,,,,,,,,,,,,,,,,,,,,,,,,,,,,,,,,,,,,,,,,,,,,,,,,,,,,,,,,,,,,,,,,,,,,,,,,,,,,,,,,,,,,,,,,,,,,,,,,,,,,,,,,,,,,,,,,,,,,,,,,,,,,,,,,,,,,,,,,,,,,,,,,,,,,,78085,"<span lang=""EN-GB"">Suppose
     you want to purchase something online when you are alone at Starbucks.<o:p></o:p></span>"
10/19/2018 6:08,10/19/2018 6:17,0,100.35.97.44,100,527,1,10/19/2018 6:17,R_ROJ7D5LaUcJ1V0R,,,,,40.74450684,-74.15080261,anonymous,EN,"2,4,5,6","2,5",,3,,"1,2,3",,3,,1,,4,5,,5,,4,3,,5,,7,,5,,5,,1,,2,,,,,,,,,,,,,,,,,,,,,,,,,,,,,,"3,5",,3,,2,,3,,6,,4,5,,5,,5,,3,,7,,2,,7,,5,,1,,,,,,,,,,,,,,,,,,,,,,,,,,,,,,,,,,,,,,,,,,,,,,,,,,,,,,,,,,,,,,,,,,,,,,,,,,,,,,,,,,,,,,,,,,,,,,,,,,,,,,,,,,,,,,,,,,,,,,female,46,barista,4,5,,3,81561,"<span lang=""EN-GB"">Suppose you are alone and relaxing at home, you have just read a new book that&nbsp;</span>you loved and now you want a write a review for your close family and friends."
10/19/2018 6:18,10/19/2018 6:18,0,107.172.140.116,100,27,1,10/19/2018 6:18,R_3JxvZ9o4fhptCdJ,,,,,42.88639832,-78.87809753,anonymous,EN,6,,,,,,,,,,,,,,,,,,,,,,,,,,,,,,,,,,,,,,,,,,,,,,,,,,,,,,,,,,,,,,,,,,,,,,,,,,,,,,,,,,,,,,,,,,,,,,,,,,,,,,,,,,,,,,,,,,,,,,,,,,,,,,,,,,,,,,,,,,,,,,,,,,,,,,,,,,,,,,,,,,,,,,,,,,,,,,,,,,,,,,,,,,,,,,,,,,,,,,,,,,,,,,,,,,,6609,"<span lang=""EN-GB"">Suppose
     you want to a view a text message
     when you are walking with a very close friend on a street<o:p></o:p></span>"
10/19/2018 6:18,10/19/2018 6:19,0,107.172.140.116,100,23,1,10/19/2018 6:19,R_1JFPdLCAo4OTi3n,,,,,42.88639832,-78.87809753,anonymous,EN,2,,,,,,,,,,,,,,,,,,,,,,,,,,,,,,,,,,,,,,,,,,,,,,,,,,,,,,,,,,,,,,,,,,,,,,,,,,,,,,,,,,,,,,,,,,,,,,,,,,,,,,,,,,,,,,,,,,,,,,,,,,,,,,,,,,,,,,,,,,,,,,,,,,,,,,,,,,,,,,,,,,,,,,,,,,,,,,,,,,,,,,,,,,,,,,,,,,,,,,,,,,,,,,,,,,,90392,"<span lang=""EN-GB"">Suppose
     you want to watch some video when you are alone at Starbucks.<o:p></o:p></span>"
10/19/2018 6:19,10/19/2018 6:20,0,107.172.140.116,100,12,1,10/19/2018 6:20,R_w013NVZCVTdSQBr,,,,,42.88639832,-78.87809753,anonymous,EN,3,,,,,,,,,,,,,,,,,,,,,,,,,,,,,,,,,,,,,,,,,,,,,,,,,,,,,,,,,,,,,,,,,,,,,,,,,,,,,,,,,,,,,,,,,,,,,,,,,,,,,,,,,,,,,,,,,,,,,,,,,,,,,,,,,,,,,,,,,,,,,,,,,,,,,,,,,,,,,,,,,,,,,,,,,,,,,,,,,,,,,,,,,,,,,,,,,,,,,,,,,,,,,,,,,,,36144,"<span lang=""EN-GB"">Suppose you want to find a route to home while walking on a street with people you know (e.g., acquaintances, colleagues).<o:p></o:p></span>"
10/19/2018 6:20,10/19/2018 6:20,0,107.172.140.116,100,8,1,10/19/2018 6:20,R_1H6SWRDyEMNnSaz,,,,,42.88639832,-78.87809753,anonymous,EN,4,,,,,,,,,,,,,,,,,,,,,,,,,,,,,,,,,,,,,,,,,,,,,,,,,,,,,,,,,,,,,,,,,,,,,,,,,,,,,,,,,,,,,,,,,,,,,,,,,,,,,,,,,,,,,,,,,,,,,,,,,,,,,,,,,,,,,,,,,,,,,,,,,,,,,,,,,,,,,,,,,,,,,,,,,,,,,,,,,,,,,,,,,,,,,,,,,,,,,,,,,,,,,,,,,,,73456,"<span lang=""EN-GB"">Suppose you want to watch some video when you are alone at your home.<strong><o:p></o:p></strong></span>"
10/19/2018 6:12,10/19/2018 6:23,0,107.172.165.113,100,648,1,10/19/2018 6:23,R_3PIjAmxnWDVePel,,,,,42.88639832,-78.87809753,anonymous,EN,5,,,,,,,,,,,,,,,,,,,,,,,,,,,,,,,,,,,,,,,,,,,,,,,,,,,,,,,,,,,,,,,,,,,,,,,,,,,,,,,,,,,,,,,,,,,,,,,,,,,,,,,,,,,,,,,,,,,,,,,,,,,,,,,,,,,,,,,,,,,,,,,,,,,,,,,,,,,,,,,,,,,,,,,,,,,,,,,,,,,,,,,,,,,,,,,,,,,,,,,,,,,,,,,,,,,449,"<span lang=""EN-GB"">Suppose you have planned to meet a friend next week and you want to put this on your calendar when you are alone at a park<o:p></o:p></span>"
10/19/2018 6:17,10/19/2018 6:24,0,100.35.97.44,100,426,1,10/19/2018 6:24,R_3PLzLI6v6FmyUNr,,,,,40.74450684,-74.15080261,anonymous,EN,"1,2,4,6",2,,1,,"1,2,3",,1,,2,,3,"1,2",,5,,3,3,,"1,2",,"1,3",,"1,2",,1,,1,,2,,,,,,,,,,,,,,,,,,,,,,,,,,,,,,2,,5,,"1,2,3",,1,,1,,"1,2",5,,5,,5,,3,,3,,"1,2",,3,,"1,3",,1,,,,,,,,,,,,,,,,,,,,,,,,,,,,,,,,,,,,,,,,,,,,,,,,,,,,,,,,,,,,,,,,,,,,,,,,,,,,,,,,,,,,,,,,,,,,,,,,,,,,,,,,,,,,,,,,,,,,,,male,24,engineer,5,1,,4,93568,"<span lang=""EN-GB"" style=""font-size:11.0pt;line-height:115%;
font-family:&quot;Arial&quot;,sans-serif;mso-fareast-font-family:Arial;mso-ansi-language:
EN-GB;mso-fareast-language:EN-US;mso-bidi-language:AR-SA"">Suppose you want to
take a click a photo when you are at Starbucks.</span>"
10/16/2018 6:30,10/19/2018 6:24,0,78.70.208.177,100,258854,1,10/19/2018 6:24,R_3O82VmAS24qQhpq,,,,,58.75300598,17.00790405,anonymous,EN,"1,2,5","1,2,4,5",,3,,"1,4",,1,,3,,3,"2,3",,"1,3",,"1,2,3",3,,"1,2",,"1,4,6",,"2,3",,3,,"1,2",,1,"2,3,4",,1,,"1,2",,1,,"3,4",,"2,3",3,,2,,"1,2,3",,"2,4",,"1,2,3,4",,"1,2",,"1,3,4,6",,2,,"1,2",,,,,,,,,,,,,,,,,,,,,,,,,,,,,,,,,,,,,,,,,,,,,,,,,,,,,,,,,,,,,,,,,,,,,,,,,,,,,,,,,,,,,,,,,,,,,,,,,,,,,,,,,,,,,,,,,,,,,,,,,,,,,,,,,,,,,,,,,,,,,,,,,,,Male,22,Analyst,5,1,,3,54557,"<span lang=""EN-GB"">Suppose you are alone at home, you want to take a break from studying/working&nbsp;</span>so you decide to play an online/digital game with some close friends ."
10/19/2018 6:25,10/19/2018 6:26,0,171.49.218.95,100,58,1,10/19/2018 6:26,R_22rYAekyKLosu3I,,,,,13.08329773,80.28329468,anonymous,EN,"2,3",,,,,,,,,,,,,,,,,,,,,,,,,,,,,,,,,,,,,,,,,,,,,,,,,,,,,,,,,,,,,,,,,,,,,,,,,,,,,,,,,,,,,,,,,,,,,,,,,,,,,,,,,,,,,,,,,,,,,,,,,,,,,,,,,,,,,,,,,,,,,,,,,,,,,,,,,,,,,,,,,,,,,,,,,,,,,,,,,,,,,,,,,,,,,,,,,,,,,,,,,,,,,,,,,,,68054,"<span lang=""EN-GB"">Suppose
     you have planned to meet a friend next week and you want put this on your
     calendar when you are alone at home<strong><o:p></o:p></strong></span>"
10/19/2018 6:26,10/19/2018 6:27,0,171.49.218.95,100,13,1,10/19/2018 6:27,R_1dGktd2J3KUeitj,,,,,13.08329773,80.28329468,anonymous,EN,4,,,,,,,,,,,,,,,,,,,,,,,,,,,,,,,,,,,,,,,,,,,,,,,,,,,,,,,,,,,,,,,,,,,,,,,,,,,,,,,,,,,,,,,,,,,,,,,,,,,,,,,,,,,,,,,,,,,,,,,,,,,,,,,,,,,,,,,,,,,,,,,,,,,,,,,,,,,,,,,,,,,,,,,,,,,,,,,,,,,,,,,,,,,,,,,,,,,,,,,,,,,,,,,,,,,13961,"<span lang=""EN-GB"">Suppose you want to set up a reminder when you are at a park with close friends.<o:p></o:p></span>"
10/19/2018 6:27,10/19/2018 6:27,0,171.49.218.95,100,11,1,10/19/2018 6:27,R_3L6nts4sSVoueld,,,,,13.08329773,80.28329468,anonymous,EN,3,,,,,,,,,,,,,,,,,,,,,,,,,,,,,,,,,,,,,,,,,,,,,,,,,,,,,,,,,,,,,,,,,,,,,,,,,,,,,,,,,,,,,,,,,,,,,,,,,,,,,,,,,,,,,,,,,,,,,,,,,,,,,,,,,,,,,,,,,,,,,,,,,,,,,,,,,,,,,,,,,,,,,,,,,,,,,,,,,,,,,,,,,,,,,,,,,,,,,,,,,,,,,,,,,,,58183,"<span lang=""EN-GB"">Suppose you want to a view a text message when you are alone at a street.<o:p></o:p></span>"
10/19/2018 6:27,10/19/2018 6:27,0,171.49.218.95,100,6,1,10/19/2018 6:27,R_2BbVYRMDpeooE8s,,,,,13.08329773,80.28329468,anonymous,EN,6,,,,,,,,,,,,,,,,,,,,,,,,,,,,,,,,,,,,,,,,,,,,,,,,,,,,,,,,,,,,,,,,,,,,,,,,,,,,,,,,,,,,,,,,,,,,,,,,,,,,,,,,,,,,,,,,,,,,,,,,,,,,,,,,,,,,,,,,,,,,,,,,,,,,,,,,,,,,,,,,,,,,,,,,,,,,,,,,,,,,,,,,,,,,,,,,,,,,,,,,,,,,,,,,,,,1914,
10/19/2018 6:27,10/19/2018 6:27,0,171.49.218.95,100,6,1,10/19/2018 6:27,R_21Fl0XZamR5INWD,,,,,13.08329773,80.28329468,anonymous,EN,5,,,,,,,,,,,,,,,,,,,,,,,,,,,,,,,,,,,,,,,,,,,,,,,,,,,,,,,,,,,,,,,,,,,,,,,,,,,,,,,,,,,,,,,,,,,,,,,,,,,,,,,,,,,,,,,,,,,,,,,,,,,,,,,,,,,,,,,,,,,,,,,,,,,,,,,,,,,,,,,,,,,,,,,,,,,,,,,,,,,,,,,,,,,,,,,,,,,,,,,,,,,,,,,,,,,55159,"<span lang=""EN-GB"">Suppose you want to a send a text message when you are alone at a street.<o:p></o:p></span>"
10/19/2018 6:27,10/19/2018 6:27,0,171.49.218.95,100,6,1,10/19/2018 6:27,R_3KMZVOkUB2O7DwE,,,,,13.08329773,80.28329468,anonymous,EN,1,,,,,,,,,,,,,,,,,,,,,,,,,,,,,,,,,,,,,,,,,,,,,,,,,,,,,,,,,,,,,,,,,,,,,,,,,,,,,,,,,,,,,,,,,,,,,,,,,,,,,,,,,,,,,,,,,,,,,,,,,,,,,,,,,,,,,,,,,,,,,,,,,,,,,,,,,,,,,,,,,,,,,,,,,,,,,,,,,,,,,,,,,,,,,,,,,,,,,,,,,,,,,,,,,,,79099,"<span lang=""EN-GB"">Suppose
     you are at a park and you realize today is the last day to pay one of your
     bills online.<o:p></o:p></span>"
10/19/2018 6:27,10/19/2018 6:28,0,171.49.218.95,100,14,1,10/19/2018 6:28,R_2dBiVvP9SsTC1Jl,,,,,13.08329773,80.28329468,anonymous,EN,"5,6",,,,,,,,,,,,,,,,,,,,,,,,,,,,,,,,,,,,,,,,,,,,,,,,,,,,,,,,,,,,,,,,,,,,,,,,,,,,,,,,,,,,,,,,,,,,,,,,,,,,,,,,,,,,,,,,,,,,,,,,,,,,,,,,,,,,,,,,,,,,,,,,,,,,,,,,,,,,,,,,,,,,,,,,,,,,,,,,,,,,,,,,,,,,,,,,,,,,,,,,,,,,,,,,,,,1227,"<span lang=""EN-GB"">Suppose
     you want to listen to some audio when you are with people you know (e.g.,
     acquaintances, colleagues) at your home.<o:p></o:p></span>"
10/19/2018 6:25,10/19/2018 6:33,0,100.35.97.44,100,498,1,10/19/2018 6:33,R_3FOibIxxLmO2Tl3,,,,,40.74450684,-74.15080261,anonymous,EN,"2,4,5,6","1,2,5",,5,,"3,4",,1,,3,,"1,2",5,,"2,3",,"1,2",3,,"1,2",,"2,3,4",,"1,2",,"1,2,3",,1,,"2,4",,,,,,,,,,,,,,,,,,,,,,,,,,,,,,"2,5",,3,,"1,2,3,4",,1,,1,,"1,3",5,,"1,2",,"1,2",,3,,"2,3",,2,,"2,3",,1,,1,,,,,,,,,,,,,,,,,,,,,,,,,,,,,,,"2,5",,3,,"1,3",,1,,6,,"1,2",5,,"2,3",,"2,3",,2,,"2,3",,"1,2",,"2,3",,"1,2,3",,"1,2",,,,,,,,,,,,,,,,,,,,,,,,,,,,,,,,,,,,,,,,,,,,,,,,,,,,,,,,,,,,female,45,personal assistant,4,1,,4,40275,"<span lang=""EN-GB"">Suppose
     you want to listen to some audio when you are with your close friends in a
     park.<o:p></o:p></span>"
10/19/2018 6:34,10/19/2018 6:35,0,107.172.168.133,100,38,1,10/19/2018 6:35,R_0ritN0DGLhXSvSN,,,,,42.88639832,-78.87809753,anonymous,EN,5,,,,,,,,,,,,,,,,,,,,,,,,,,,,,,,,,,,,,,,,,,,,,,,,,,,,,,,,,,,,,,,,,,,,,,,,,,,,,,,,,,,,,,,,,,,,,,,,,,,,,,,,,,,,,,,,,,,,,,,,,,,,,,,,,,,,,,,,,,,,,,,,,,,,,,,,,,,,,,,,,,,,,,,,,,,,,,,,,,,,,,,,,,,,,,,,,,,,,,,,,,,,,,,,,,,16113,"<span lang=""EN-GB"">Suppose
     you are at home with some people you know (e.g., acquaintances,
     colleagues) when you realize today is the last day to pay one of your
     bills online.<o:p></o:p></span>"
10/19/2018 6:28,10/19/2018 6:39,0,171.49.218.95,100,673,1,10/19/2018 6:39,R_2cnI6Q2eiubEWt4,,,,,13.08329773,80.28329468,anonymous,EN,"2,4,5,6",3,,3,,3,,1,,"1,4",,2,1,,2,,1,2,,2,,4,,1,,"1,3",,4,,,,,,,,,,,,,,,,,,,,,,,,,,,,,,,,,,,,,,,,,,,,,,,,,,,,,,,,,,,,,,,,,,,,,,,,,,,,,,,,,,,,,,,,,,,,,,,,,,,,,,,,,,,,,,,,,,,,,,,,,,,,,,,,,,,,,,,,,,,,,,,,,,,,,,,,,,,,,,,,,,,,,,,,,,,,,,,,,,,,,,,,48045,"<span lang=""EN-GB"">Suppose you want to set up a reminder about something when you are at Starbucks with close friends.<o:p></o:p></span>"
10/19/2018 6:37,10/19/2018 6:40,0,192.34.83.144,100,185,1,10/19/2018 6:40,R_2veT7i2G0h82lIF,,,,,42.35839844,-71.05979919,anonymous,EN,"3,5,6","1,2",,2,,"2,4",,1,,3,,"1,2",2,,1,,1,"2,3",,1,,"1,2",,1,,"1,2",,"1,2",,,,,,,,,,,,,,,,,,,,,,,,,,,,,,,,,,,,,,,,,,,,,,,,,,,,,,,,,,,,,,,,,,,,,,,,,,,,,,,,,,,,,,,,,,,,,,,,,,,,,,,,,,,,,,,,,,,,,,,,,,,,,,,,,,,,,,,,,,,,,,,,,,,,,,,,,,,,,,,,,,,,,,,,,,,,,,,,,,,,,,,,93787,"<span lang=""EN-GB"">Suppose
     you want to set up a reminder when you with people you know (e.g.,
     acquaintances, colleagues) at a park.<o:p></o:p></span>"
10/19/2018 6:33,10/19/2018 6:44,0,100.35.97.44,100,638,1,10/19/2018 6:44,R_1IyARATsM45e8pg,,,,,40.74450684,-74.15080261,anonymous,EN,"2,4,5,6",2,,5,,"2,3",,1,,2,,"1,2",5,,5,,"1,2",3,,"1,2",,"1,2,3,4",,"1,2",,1,,4,,"2,6",,,,,,,,,,,,,,,,,,,,,,,,,,,,,,2,,1,,"2,3",,1,,1,,"1,2",1,,5,,5,,3,,"1,2,3,4",,"1,2",,"1,2,3,4",,5,,"1,2",,,,,,,,,,,,,,,,,,,,,,,,,,,,,,,,,,,,,,,,,,,,,,,,,,,,,,,,,,,,,,,,,,,,,,,,,,,,,,,,,,,,,,,,,2,,5,,"2,3",,1,,1,,1,5,,5,,5,,3,,"1,2,3,4",,"1,2",,"1,2,3,4",,"1,3",,"1,2",,male,36,Sales manager,5,5,,5,86371,"<span lang=""EN-GB"">Suppose
     you want to a view a text message when you are alone at Starbucks.<o:p></o:p></span>"
10/19/2018 6:46,10/19/2018 6:47,0,107.174.128.126,100,23,1,10/19/2018 6:47,R_2B9YBA8vzlZTxUB,,,,,42.88639832,-78.87809753,anonymous,EN,2,,,,,,,,,,,,,,,,,,,,,,,,,,,,,,,,,,,,,,,,,,,,,,,,,,,,,,,,,,,,,,,,,,,,,,,,,,,,,,,,,,,,,,,,,,,,,,,,,,,,,,,,,,,,,,,,,,,,,,,,,,,,,,,,,,,,,,,,,,,,,,,,,,,,,,,,,,,,,,,,,,,,,,,,,,,,,,,,,,,,,,,,,,,,,,,,,,,,,,,,,,,,,,,,,,,47321,"<span lang=""EN-GB"" style=""font-size:11.0pt;line-height:115%;
font-family:&quot;Arial&quot;,sans-serif;mso-fareast-font-family:Arial;mso-ansi-language:
EN-GB;mso-fareast-language:EN-US;mso-bidi-language:AR-SA"">Suppose you want to a
send an email when you are alone at home</span>"
10/19/2018 6:47,10/19/2018 6:48,0,107.173.171.157,100,42,1,10/19/2018 6:48,R_3PtuIvTHgJKjtwx,,,,,42.88639832,-78.87809753,anonymous,EN,1,,,,,,,,,,,,,,,,,,,,,,,,,,,,,,,,,,,,,,,,,,,,,,,,,,,,,,,,,,,,,,,,,,,,,,,,,,,,,,,,,,,,,,,,,,,,,,,,,,,,,,,,,,,,,,,,,,,,,,,,,,,,,,,,,,,,,,,,,,,,,,,,,,,,,,,,,,,,,,,,,,,,,,,,,,,,,,,,,,,,,,,,,,,,,,,,,,,,,,,,,,,,,,,,,,,66059,"<span lang=""EN-GB"">Suppose
     you want to set up a reminder when you are with people you know (e.g.,
     acquaintances, colleagues) at your home.<o:p></o:p></span>"
10/19/2018 6:42,10/19/2018 6:49,0,75.128.97.239,100,368,1,10/19/2018 6:49,R_1E0ZZQ0GT8Fj3sy,,,,,45.60800171,-84.48670197,anonymous,EN,"1,2,3,4,5,6",4,,5,,3,,3,,1,,3,5,,5,,3,6,,5,,7,,5,,1,,2,,4,,,,,,,,,,,,,,,,,,,,,,,,,,,,,,,,,,,,,,,,,,,,,,,,,,,,,,,,,,,,,,,,,,,,,,,,,,,,,,,,,,,,,,,,2,,5,,1,,3,,1,,1,5,,1,,5,,1,,6,,1,,4,,1,,2,,,,,,,,,,,,,,,,,,,,,,,,,,,,,,,,,,,,,,,,,,,,,,,,,,,,,,,,,,,,,,,,,,,51510,"<span lang=""EN-GB"">Suppose you are alone at home when you realize today is the last day to pay one of your bills online.<o:p></o:p></span>"
10/19/2018 6:49,10/19/2018 6:49,0,107.173.171.157,100,46,1,10/19/2018 6:49,R_2Eohhrl7RnKonSt,,,,,42.88639832,-78.87809753,anonymous,EN,5,,,,,,,,,,,,,,,,,,,,,,,,,,,,,,,,,,,,,,,,,,,,,,,,,,,,,,,,,,,,,,,,,,,,,,,,,,,,,,,,,,,,,,,,,,,,,,,,,,,,,,,,,,,,,,,,,,,,,,,,,,,,,,,,,,,,,,,,,,,,,,,,,,,,,,,,,,,,,,,,,,,,,,,,,,,,,,,,,,,,,,,,,,,,,,,,,,,,,,,,,,,,,,,,,,,22167,"<span lang=""EN-GB"">Suppose
     you want to a send an email when you are surrounded by people you know
     (e.g., acquaintances, colleagues) at a restaurant.<o:p></o:p></span>"
10/19/2018 6:44,10/19/2018 6:50,0,100.35.97.44,100,362,1,10/19/2018 6:50,R_5dMltyC98shKMNz,,,,,40.74450684,-74.15080261,anonymous,EN,"2,4,6",2,,5,,3,,1,,1,,"1,2",5,,5,,"1,2",1,,"1,2",,"1,3",,"1,2",,"1,3",,"1,2",,"2,4",,,,,,,,,,,,,,,,,,,,,,,,,,,,,,2,,5,,2,,1,,1,,1,5,,5,,5,,"1,3",,"1,3",,2,,"1,3",,"1,3",,"1,2",,,,,,,,,,,,,,,,,,,,,,,,,,,,,,,2,,5,,3,,1,,1,,1,"2,3",,5,,5,,3,,3,,2,,3,,"1,2,3",,4,,,,,,,,,,,,,,,,,,,,,,,,,,,,,,,,,,,,,,,,,,,,,,,,,,,,,,,,,,,,male,21,student,3,5,,3,35278,"<span lang=""EN-GB"">Suppose you want to take a click a photo when you with </span><span lang=""EN-GB"">some people you know (e.g.,
     acquaintances, colleagues)</span><span lang=""EN-GB""> at home<o:p></o:p></span>"
10/19/2018 6:50,10/19/2018 6:57,0,208.108.81.45,100,424,1,10/19/2018 6:57,R_2aWdnJpe1EpIq4x,,,,,41.37240601,-82.10510254,anonymous,EN,"1,2,3,6",1,,5,,1,,1,,1,,3,5,,2,,4,6,,2,,2,,5,,5,,4,,,,,,,,,,,,,,,,,,,,,,,,,,,,,,,,,,,,,,,,,,,,,,,,,,,,,,,,,,,,,,,,,,,,,,,,,,,,,,,,,,,,,,,,,,,,,,,,,,,,,,,,,,,,,,,,,,,,,,,,,,,,,,,,,,,,,,,,,,,,,,,,,,,,,,,,,,,,,,,,,,,,,,,,,,,,,,,,,,,,,,,,72973,"<span lang=""EN-GB"">Suppose
     you want to a view a text message when you are surrounded by people you
     know (e.g., acquaintances, colleagues) at your home.<o:p></o:p></span>"
10/19/2018 6:53,10/19/2018 7:00,0,72.198.74.135,100,430,1,10/19/2018 7:00,R_1QEYTrXHrpjjetj,,,,,35.5184021,-97.57460022,anonymous,EN,"1,2,5","2,4",,"1,2",,1,,1,,1,,2,"1,2",,1,,"1,2",3,,"1,2",,6,,"1,2",,"1,3",,"1,2",,"1,2",4,,1,,"1,2",,1,,1,,"1,2","1,2,3",,1,,1,,1,,3,,"1,2",,7,,5,,4,,"2,5",,1,,"1,2",,1,,1,,4,"1,2,3",,1,,1,,1,,6,,"1,2",,3,,1,,2,,,,,,,,,,,,,,,,,,,,,,,,,,,,,,,,,,,,,,,,,,,,,,,,,,,,,,,,,,,,,,,,,,,,,,,,,,,,,,,,,,,,,,,,,,,,,,,,,,,,,,,,,,,,,,,,,,,,,,,,,,,,,23238,"<span lang=""EN-GB"">Suppose
     you want to a send an email when you are with a very close friend at a
     restaurant&nbsp;<o:p></o:p></span>"
10/19/2018 7:02,10/19/2018 7:02,0,174.226.158.2,100,16,1,10/19/2018 7:02,R_3OjfJbWigBPqmvB,,,,,37.30290222,-79.93219757,anonymous,EN,"2,4",,,,,,,,,,,,,,,,,,,,,,,,,,,,,,,,,,,,,,,,,,,,,,,,,,,,,,,,,,,,,,,,,,,,,,,,,,,,,,,,,,,,,,,,,,,,,,,,,,,,,,,,,,,,,,,,,,,,,,,,,,,,,,,,,,,,,,,,,,,,,,,,,,,,,,,,,,,,,,,,,,,,,,,,,,,,,,,,,,,,,,,,,,,,,,,,,,,,,,,,,,,,,,,,,,,37528,"<span id=""docs-internal-guid-5a7e3441-7fff-9d1f-10e6-454a1d940975""><span style=""font-size: 11pt; font-family: Arial; color: rgb(0, 0, 0); background-color: transparent; font-variant-numeric: normal; font-variant-east-asian: normal; vertical-align: baseline; white-space: pre-wrap;"">Suppose you want to call your mother for sharing an important update about your life &nbsp;when you are alone at home</span><br> <br><br></span>"
10/19/2018 7:00,10/19/2018 7:07,0,100.35.97.44,100,467,1,10/19/2018 7:07,R_3CTtsnkwioOVmRJ,,,,,40.74450684,-74.15080261,anonymous,EN,"1,2,3,4,5,6","2,3,5",,3,,"1,2,3,4",,1,,1,,"1,2",5,,"2,3",,"1,2","1,2,3",,"1,2",,"1,3",,"1,2",,"1,2",,"1,2",,2,,,,,,,,,,,,,,,,,,,,,,,,,,,,,,2,,1,,3,,1,,1,,3,5,,5,,5,,3,,3,,"1,2",,3,,5,,"1,2",,,,,,,,,,,,,,,,,,,,,,,,,,,,,,,,,,,,,,,,,,,,,,,,,,,,,,,,,,,,,,,,,,,,,,,,,,,,,,,,,,,,,,,,,,,,,,,,,,,,,,,,,,,,,,,,,,,,,,female,41,home maker,2,3,,3,75638,"<span lang=""EN-GB"">Suppose you want to browse the internet when you are with your close friends at a park.<o:p></o:p></span>"
10/19/2018 7:07,10/19/2018 7:10,0,76.243.113.111,100,169,1,10/19/2018 7:10,R_1j9UNL00MYOlkY0,,,,,41.5881958,-81.54679871,anonymous,EN,"1,2,3,5,6",3,,1,,4,,1,,"2,3",,3,2,,3,,1,"2,3,4",,"1,2",,"1,2",,1,,1,,2,,,,,,,,,,,,,,,,,,,,,,,,,,,,,,,,,,,,,,,,,,,,,,,,,,,,,,,,,,,,,,,,,,,,,,,,,,,,,,,,,,,,,,,,,,,,,,,,,,,,,,,,,,,,,,,,,,,,,,,,,,,,,,,,,,,,,,,,,,,,,,,,,,,,,,,,,,,,,,,,,,,,,,,,,,,,,,,,,,,,,,,,61299,"<span lang=""EN-GB"">Suppose you want to listen to some audio when you are alone in a park.<o:p></o:p></span>"
10/19/2018 7:10,10/19/2018 7:11,0,76.243.113.111,100,56,1,10/19/2018 7:11,R_2zTLx9GYtvUOBP5,,,,,41.5881958,-81.54679871,anonymous,EN,"1,2,5,6",4,,3,,4,,1,,4,,3,2,,3,,2,3,,3,,1,,2,,2,,1,,,,,,,,,,,,,,,,,,,,,,,,,,,,,,,,,,,,,,,,,,,,,,,,,,,,,,,,,,,,,,,,,,,,,,,,,,,,,,,,,,,,,,,,,,,,,,,,,,,,,,,,,,,,,,,,,,,,,,,,,,,,,,,,,,,,,,,,,,,,,,,,,,,,,,,,,,,,,,,,,,,,,,,,,,,,,,,,,,,,,,,,53621,"<span lang=""EN-GB"">Suppose you want to a send an email when you are surrounded with people you are close to (e.g., friends, family members) at your home.<strong><o:p></o:p></strong></span>"
10/19/2018 7:12,10/19/2018 7:12,0,74.242.161.109,100,24,1,10/19/2018 7:12,R_1er8Mil3B69qlCA,,,,,35.42689514,-88.63980103,anonymous,EN,"2,3",,,,,,,,,,,,,,,,,,,,,,,,,,,,,,,,,,,,,,,,,,,,,,,,,,,,,,,,,,,,,,,,,,,,,,,,,,,,,,,,,,,,,,,,,,,,,,,,,,,,,,,,,,,,,,,,,,,,,,,,,,,,,,,,,,,,,,,,,,,,,,,,,,,,,,,,,,,,,,,,,,,,,,,,,,,,,,,,,,,,,,,,,,,,,,,,,,,,,,,,,,,,,,,,,,,77294,"<span lang=""EN-GB"">Suppose you have planned to meet a friend next week and you want to put this on your calendar when you are with a very close friend at a restaurant&nbsp;<o:p></o:p></span>"
10/19/2018 7:12,10/19/2018 7:15,0,76.243.113.111,100,200,1,10/19/2018 7:15,R_5c3go7dG9bYiNr3,,,,,41.5881958,-81.54679871,anonymous,EN,"2,5,6",7,,5,,6,,3,,6,,4,5,,5,,4,6,,5,,7,,5,,3,,4,,2,,,,,,,,,,,,,,,,,,,,,,,,,,,,,,7,,5,,4,,3,,6,,4,5,,5,,5,,6,,4,,5,,7,,5,,4,,,,,,,,,,,,,,,,,,,,,,,,,,,,,,,,,,,,,,,,,,,,,,,,,,,,,,,,,,,,,,,,,,,,,,,,,,,,,,,,,,,,,,,,,,,,,,,,,,,,,,,,,,,,,,,,,,,,,,,,,,,,,6776,"<span lang=""EN-GB"">Suppose
     you want to set up a reminder about something when you are at Starbucks by
     yourself.<o:p></o:p></span>"
10/19/2018 7:13,10/19/2018 7:16,0,74.242.161.109,100,209,1,10/19/2018 7:16,R_aXb2fCRRd72gdI5,,,,,35.42689514,-88.63980103,anonymous,EN,"1,2,3,4,5,6",4,,3,,"1,2,3",,1,,1,,3,3,,5,,1,3,,2,,4,,2,,"1,3",,"1,2",,,,,,,,,,,,,,,,,,,,,,,,,,,,,,,,,,,,,,,,,,,,,,,,,,,,,,,,,,,,,,,,,,,,,,,,,,,,,,,,,,,,,,,,,,,,,,,,,,,,,,,,,,,,,,,,,,,,,,,,,,,,,,,,,,,,,,,,,,,,,,,,,,,,,,,,,,,,,,,,,,,,,,,,,,,,,,,,,,,,,,,,88577,"<span lang=""EN-GB"">Suppose you want to call your mother for sharing an important
     update about your life when you are surrounded by people you know (e.g.,
     acquaintances, colleagues) at your home.<o:p></o:p></span>"
10/19/2018 7:16,10/19/2018 7:16,0,107.174.133.112,100,8,1,10/19/2018 7:16,R_3WwsnBfxIj2M6zf,,,,,32.81520081,-96.87030029,anonymous,EN,1,,,,,,,,,,,,,,,,,,,,,,,,,,,,,,,,,,,,,,,,,,,,,,,,,,,,,,,,,,,,,,,,,,,,,,,,,,,,,,,,,,,,,,,,,,,,,,,,,,,,,,,,,,,,,,,,,,,,,,,,,,,,,,,,,,,,,,,,,,,,,,,,,,,,,,,,,,,,,,,,,,,,,,,,,,,,,,,,,,,,,,,,,,,,,,,,,,,,,,,,,,,,,,,,,,,42988,"<span lang=""EN-GB"">Suppose
     you are at starbucks and you realize today is the last day to pay one of
     your bills online.<o:p></o:p></span>"
10/19/2018 7:08,10/19/2018 7:16,0,100.35.97.44,100,530,1,10/19/2018 7:16,R_3WsYjmLycBLfmhj,,,,,40.74450684,-74.15080261,anonymous,EN,"2,3,4,5,6","2,5",,5,,"2,4",,1,,1,,"1,2","1,2,3",,5,,"1,2",3,,2,,"1,2,3,4",,2,,5,,1,,2,,,,,,,,,,,,,,,,,,,,,,,,,,,,,,"2,5",,1,,3,,1,,1,,"1,2",3,,5,,5,,3,,"1,2,3,4",,"1,2",,"1,2,3,4",,"1,2,3",,"1,2",,,,,,,,,,,,,,,,,,,,,,,,,,,,,,,,,,,,,,,,,,,,,,,,,,,,,,,,,,,,,,,,,,,,,,,,,,,,,,,,,,,,,,,,,,,,,,,,,,,,,,,,,,,,,,,,,,,,,,female,37,home maker,3,1,,4,95183,"<span lang=""EN-GB"">Suppose
     you want to call your mother for sharing an important update about your
     life when you are with a very close friend at a restaurant&nbsp;<o:p></o:p></span>"
10/19/2018 7:18,10/19/2018 7:19,0,141.238.29.205,100,73,1,10/19/2018 7:19,R_22EP8QNyOgEXALx,,,,,42.43330383,-79.33390045,anonymous,EN,"1,2,3,4","1,2,3",,"1,3",,"1,2,3",,1,,"2,3,4",,"2,3","2,3",,2,,2,"1,3,4",,"1,3",,"1,3",,"1,3",,"1,2",,"1,2",,,,,,,,,,,,,,,,,,,,,,,,,,,,,,,,,,,,,,,,,,,,,,,,,,,,,,,,,,,,,,,,,,,,,,,,,,,,,,,,,,,,,,,,,,,,,,,,,,,,,,,,,,,,,,,,,,,,,,,,,,,,,,,,,,,,,,,,,,,,,,,,,,,,,,,,,,,,,,,,,,,,,,,,,,,,,,,,,,,,,,,,30070,"<span lang=""EN-GB"">Suppose
     you want to set up a reminder when you are at home with people you are
     close to (e.g., friends, family members).<strong><o:p></o:p></strong></span>"
10/19/2018 7:19,10/19/2018 7:19,0,216.107.42.51,100,35,1,10/19/2018 7:19,R_3GeOM49CDObtcpE,,,,,37.75100708,-97.8219986,anonymous,EN,1,,,,,,,,,,,,,,,,,,,,,,,,,,,,,,,,,,,,,,,,,,,,,,,,,,,,,,,,,,,,,,,,,,,,,,,,,,,,,,,,,,,,,,,,,,,,,,,,,,,,,,,,,,,,,,,,,,,,,,,,,,,,,,,,,,,,,,,,,,,,,,,,,,,,,,,,,,,,,,,,,,,,,,,,,,,,,,,,,,,,,,,,,,,,,,,,,,,,,,,,,,,,,,,,,,,7857,"<span lang=""EN-GB"">Suppose
     you want to watch some video when you are with people you know (e.g.,
     acquaintances, colleagues) in a park.<o:p></o:p></span>"
10/19/2018 7:17,10/19/2018 7:19,0,32.210.113.253,100,124,1,10/19/2018 7:19,R_3Lb63CF6wSJUChc,,,,,41.74980164,-72.69470215,anonymous,EN,"1,2,4","1,2,3,4,5",,"1,2",,"1,2",,1,,1,,3,1,,1,,"2,3","2,3",,"1,2",,3,,"1,2,3",,1,,"1,2",,,,,,,,,,,,,,,,,,,,,,,,,,,,,,,,,,,,,,,,,,,,,,,,,,,,,,,,,,,,,,,,,,,,,,,,,,,,,,,,,,,,,,,,,,,,,,,,,,,,,,,,,,,,,,,,,,,,,,,,,,,,,,,,,,,,,,,,,,,,,,,,,,,,,,,,,,,,,,,,,,,,,,,,,,,,,,,,,,,,,,,,18681,"<span lang=""EN-GB"">Suppose
     you want to a view a text message when you are surrounded by people you
     know (e.g., acquaintances, colleagues) at a restaurant.<o:p></o:p></span>"
10/19/2018 7:21,10/19/2018 7:21,0,143.59.14.54,100,18,1,10/19/2018 7:21,R_1gtDA9Z4mQZEYMj,,,,,42.42579651,-83.36360168,anonymous,EN,"1,2",,,,,,,,,,,,,,,,,,,,,,,,,,,,,,,,,,,,,,,,,,,,,,,,,,,,,,,,,,,,,,,,,,,,,,,,,,,,,,,,,,,,,,,,,,,,,,,,,,,,,,,,,,,,,,,,,,,,,,,,,,,,,,,,,,,,,,,,,,,,,,,,,,,,,,,,,,,,,,,,,,,,,,,,,,,,,,,,,,,,,,,,,,,,,,,,,,,,,,,,,,,,,,,,,,,28412,"<span lang=""EN-GB"" style=""font-size:11.0pt;line-height:115%;
font-family:&quot;Arial&quot;,sans-serif;mso-fareast-font-family:Arial;mso-ansi-language:
EN-GB;mso-fareast-language:EN-US;mso-bidi-language:AR-SA"">Suppose you want to a
send a text message when you are alone at Starbucks.</span>"
10/19/2018 7:22,10/19/2018 7:22,0,108.253.190.88,100,36,1,10/19/2018 7:22,R_3Eze1vVDBEfZvOl,,,,,41.48469543,-81.80180359,anonymous,EN,1,,,,,,,,,,,,,,,,,,,,,,,,,,,,,,,,,,,,,,,,,,,,,,,,,,,,,,,,,,,,,,,,,,,,,,,,,,,,,,,,,,,,,,,,,,,,,,,,,,,,,,,,,,,,,,,,,,,,,,,,,,,,,,,,,,,,,,,,,,,,,,,,,,,,,,,,,,,,,,,,,,,,,,,,,,,,,,,,,,,,,,,,,,,,,,,,,,,,,,,,,,,,,,,,,,,37798,"<span lang=""EN-GB"">Suppose you want to call your mother for sharing an important
     update about your life&nbsp; when you
     with people you know (e.g., acquaintances, colleagues) at a park<o:p></o:p></span>"
10/19/2018 7:19,10/19/2018 7:27,0,65.31.213.39,100,485,1,10/19/2018 7:27,R_2aCxrXGokvdDQPM,,,,,39.19790649,-94.51989746,anonymous,EN,"1,2,4,5","2,5",,"1,2",,"2,3",,1,,1,,"2,3","1,2",,3,,3,6,,1,,"1,3",,2,,5,,4,,,,,,,,,,,,,,,,,,,,,,,,,,,,,,,,,,,,,,,,,,,,,,,,,,,,,,,,,,,,,,,,,,,,,,,,,,,,,,,,,,,,,,,,,,,,,,,,,,,,,,,,,,,,,,,,,,,,,,,,,,,,,,,,,,,,,,,,,,,,,,,,,,,,,,,,,,,,,,,,,,,,,,,,,,,,,,,,,,,,,,,,88107,"Suppose
     you want to call your mother for sharing an important update about your
     life when you are surrounded by people you
     know (e.g., acquaintances, colleagues) at a restaurant.<o:p></o:p>"
10/19/2018 7:16,10/19/2018 7:28,0,47.205.213.152,100,672,1,10/19/2018 7:28,R_1nNoUn5Nyws23hv,,,,,28.00959778,-82.69670105,anonymous,EN,"1,2,3,4","1,2,4",,3,,"1,3",,3,,"1,4",,3,2,,2,,3,"1,2",,"1,3",,"3,4",,"1,3",,"1,2",,4,,2,,,,,,,,,,,,,,,,,,,,,,,,,,,,,,"2,5",,5,,3,,1,,"1,4",,2,2,,5,,5,,3,,3,,2,,3,,1,,4,,,,,,,,,,,,,,,,,,,,,,,,,,,,,,,,,,,,,,,,,,,,,,,,,,,,,,,,,,,,,,,,,,,,,,,,,,,,,,,,,,,,,,,,,,,,,,,,,,,,,,,,,,,,,,,,,,,,,,Male,44,Auditor,3,1,,2,47208,"<span lang=""EN-GB"">Suppose you have planned to meet a friend next week and you want to put this on your calendar when you are surrounded by people you know (e.g., acquaintances, colleagues) at a restaurant.<o:p></o:p></span>"
10/19/2018 7:27,10/19/2018 7:28,0,97.80.23.162,100,85,1,10/19/2018 7:28,R_1JJIcyebw1IlHJw,,,,,30.49110413,-90.46970367,anonymous,EN,"1,2,3,4,5,6",2,,5,,2,,1,,1,,3,"1,2",,3,,2,3,,2,,3,,2,,1,,2,,,,,,,,,,,,,,,,,,,,,,,,,,,,,,,,,,,,,,,,,,,,,,,,,,,,,,,,,,,,,,,,,,,,,,,,,,,,,,,,,,,,,,,,,,,,,,,,,,,,,,,,,,,,,,,,,,,,,,,,,,,,,,,,,,,,,,,,,,,,,,,,,,,,,,,,,,,,,,,,,,,,,,,,,,,,,,,,,,,,,,,,57162,"<span lang=""EN-GB"">Suppose you are at work with some people you know (e.g., acquaintances, colleagues) when you realize that you have to immediately pay one of your bills online.<o:p></o:p></span>"
10/19/2018 7:17,10/19/2018 7:30,0,100.35.97.44,100,773,1,10/19/2018 7:30,R_2zc4h9z9yJEKcS3,,,,,40.74450684,-74.15080261,anonymous,EN,"2,4,5,6","2,5",,5,,"1,2,3",,1,,2,,"1,2",3,,"2,3",,"1,2","1,3",,"1,2",,"1,2,3,4",,"1,2",,"1,2,3",,4,,"2,6",,,,,,,,,,,,,,,,,,,,,,,,,,,,,,"2,5",,1,,"2,3",,1,,1,,3,5,,2,,2,,3,,"1,2,3,4",,"1,2",,"1,2,3,4",,3,,2,,,,,,,,,,,,,,,,,,,,,,,,,,,,,,,,,,,,,,,,,,,,,,,,,,,,,,,,,,,,,,,,,,,,,,,,,,,,,,,,,,,,,,,,,"2,5",,5,,"1,3",,1,,1,,3,"2,3",,2,,2,,"1,3",,"1,2,3,4",,"1,2",,"1,2,3,4",,"1,2",,2,,female,34,home maker,3,1,,4,70646,"<span lang=""EN-GB"" style=""font-size:11.0pt;line-height:115%;
font-family:&quot;Arial&quot;,sans-serif;mso-fareast-font-family:Arial;mso-ansi-language:
EN-GB;mso-fareast-language:EN-US;mso-bidi-language:AR-SA"">Suppose you have
planned to meet a friend next week and you want put this on your calendar<span style=""color:#434343""> when you with </span>people you know (e.g.,
acquaintances, colleagues)<span style=""color:#434343""> at a park</span></span>"
10/19/2018 7:30,10/19/2018 7:35,0,107.1.58.90,100,294,1,10/19/2018 7:35,R_V44cNQlX4R4Bgpr,,,,,33.05079651,-83.936203,anonymous,EN,"1,2,3,4,6",4,,1,,2,,3,,1,,2,1,,2,,2,2,,2,,3,,2,,1,,1,,1,4,,1,,3,,1,,1,,2,2,,2,,2,,2,,3,,2,,3,,1,,1,,,,,,,,,,,,,,,,,,,,,,,,,,,,,,,,,,,,,,,,,,,,,,,,,,,,,,,,,,,,,,,,,,,,,,,,,,,,,,,,,,,,,,,,,,,,,,,,,,,,,,,,,,,,,,,,,,,,,,,,,,,,,,,,,,,,,,,,,,,,,,,,,,,male,32,project manager,5,1,,5,93112,"<span lang=""EN-GB"">Suppose
     you want to purchase something online when you are alone at your home.<o:p></o:p></span>"
10/19/2018 7:46,10/19/2018 7:47,0,108.253.190.88,100,28,1,10/19/2018 7:47,R_3EZ6nB0AfsvYFUy,,,,,41.48469543,-81.80180359,anonymous,EN,1,,,,,,,,,,,,,,,,,,,,,,,,,,,,,,,,,,,,,,,,,,,,,,,,,,,,,,,,,,,,,,,,,,,,,,,,,,,,,,,,,,,,,,,,,,,,,,,,,,,,,,,,,,,,,,,,,,,,,,,,,,,,,,,,,,,,,,,,,,,,,,,,,,,,,,,,,,,,,,,,,,,,,,,,,,,,,,,,,,,,,,,,,,,,,,,,,,,,,,,,,,,,,,,,,,,22178,"<span lang=""EN-GB"">Suppose
     you want to purchase something (e.g., book, household items) online when
     you are with your close friends at a park.<o:p></o:p></span>"
10/19/2018 7:52,10/19/2018 8:01,0,100.35.97.44,100,523,1,10/19/2018 8:01,R_2Tpes89mC9YA3Bg,,,,,40.74450684,-74.15080261,anonymous,EN,"1,2,5,6","2,5",,5,,"2,3",,1,,1,,"1,2","1,2,3",,"2,3",,"1,2","1,2,3",,"1,2",,"3,4",,"1,2",,5,,4,,"2,6",,,,,,,,,,,,,,,,,,,,,,,,,,,,,,2,,5,,"1,2,3",,1,,1,,3,"1,2,3",,5,,5,,3,,"1,3,4",,1,,"1,3,4",,3,,"1,2",,,,,,,,,,,,,,,,,,,,,,,,,,,,,,,,,,,,,,,,,,,,,,,,,,,,,,,,,,,,,,,,,,,,,,,,,,,,,,,,,,,,,,,,,"2,5",,5,,3,,1,,1,,3,5,,5,,5,,"1,3",,"1,2,3,4",,"1,2",,"1,2,3,4",,"1,2,3",,4,,female,24,engineer,5,1,,4,14337,"<span lang=""EN-GB"">Suppose you want to a send an email when you are walking with a very close friend on a street.&nbsp;<o:p></o:p></span>"
10/19/2018 8:01,10/19/2018 8:24,0,100.35.97.44,100,1339,1,10/19/2018 8:24,R_1hYiRNBZM2sd3jd,,,,,40.74450684,-74.15080261,anonymous,EN,"2,4,5,6","1,2,4,5",,5,,"1,2,3,4",,1,,1,,"1,2",5,,5,,"1,2","1,2,3,4",,"1,2,3",,"1,2,3,4",,"1,2,3",,5,,2,,"2,5,6",,,,,,,,,,,,,,,,,,,,,,,,,,,,,,"2,5",,1,,"2,3",,1,,1,,"1,2",5,,5,,5,,3,,"1,2,3,4",,"1,2",,"1,2,3,4",,3,,2,,,,,,,,,,,,,,,,,,,,,,,,,,,,,,,,,,,,,,,,,,,,,,,,,,,,,,,,,,,,1,,5,,4,,3,,"3,4",,3,5,,"2,3",,"2,3",,4,,"2,4",,3,,"2,4",,5,,2,,"2,5",,1,,"2,3",,1,,1,,3,5,,5,,5,,"1,3",,"1,2,3,4",,2,,"1,2,3,4",,1,,4,,female ,31,home maker,4,1,,4,27419,"<span lang=""EN-GB"">Suppose
     you want to a send a text message when you are surrounded by people you
     know (e.g., acquaintances, colleagues) at your home.<o:p></o:p></span>"
10/19/2018 8:33,10/19/2018 8:34,0,198.55.125.199,100,45,1,10/19/2018 8:34,R_D5YBoR4QJFO0sQp,,,,,32.81520081,-96.87030029,anonymous,EN,1,,,,,,,,,,,,,,,,,,,,,,,,,,,,,,,,,,,,,,,,,,,,,,,,,,,,,,,,,,,,,,,,,,,,,,,,,,,,,,,,,,,,,,,,,,,,,,,,,,,,,,,,,,,,,,,,,,,,,,,,,,,,,,,,,,,,,,,,,,,,,,,,,,,,,,,,,,,,,,,,,,,,,,,,,,,,,,,,,,,,,,,,,,,,,,,,,,,,,,,,,,,,,,,,,,,81517,"<span lang=""EN-GB"" style=""font-size:11.0pt;line-height:115%;
font-family:&quot;Arial&quot;,sans-serif;mso-fareast-font-family:Arial;mso-ansi-language:
EN-GB;mso-fareast-language:EN-US;mso-bidi-language:AR-SA"">Suppose you want to a
send a text message when you are alone at Starbucks.</span>"
10/19/2018 8:34,10/19/2018 8:34,0,198.55.125.199,100,15,1,10/19/2018 8:34,R_2aIXSuwush3JUk4,,,,,32.81520081,-96.87030029,anonymous,EN,3,,,,,,,,,,,,,,,,,,,,,,,,,,,,,,,,,,,,,,,,,,,,,,,,,,,,,,,,,,,,,,,,,,,,,,,,,,,,,,,,,,,,,,,,,,,,,,,,,,,,,,,,,,,,,,,,,,,,,,,,,,,,,,,,,,,,,,,,,,,,,,,,,,,,,,,,,,,,,,,,,,,,,,,,,,,,,,,,,,,,,,,,,,,,,,,,,,,,,,,,,,,,,,,,,,,57797,"<span lang=""EN-GB"">Suppose you want to browse internet when you are with your close friends at a restaurant.<o:p></o:p></span>"
10/19/2018 8:34,10/19/2018 8:35,0,198.55.125.199,100,19,1,10/19/2018 8:35,R_2VHLPLpJyLDS7po,,,,,32.81520081,-96.87030029,anonymous,EN,2,,,,,,,,,,,,,,,,,,,,,,,,,,,,,,,,,,,,,,,,,,,,,,,,,,,,,,,,,,,,,,,,,,,,,,,,,,,,,,,,,,,,,,,,,,,,,,,,,,,,,,,,,,,,,,,,,,,,,,,,,,,,,,,,,,,,,,,,,,,,,,,,,,,,,,,,,,,,,,,,,,,,,,,,,,,,,,,,,,,,,,,,,,,,,,,,,,,,,,,,,,,,,,,,,,,24281,"<span lang=""EN-GB"">Suppose
     you want to listen to some audio when you are alone at Starbucks.<o:p></o:p></span>"
10/19/2018 8:35,10/19/2018 8:35,0,198.55.125.199,100,13,1,10/19/2018 8:35,R_3dF9GN5nZVXwWAp,,,,,32.81520081,-96.87030029,anonymous,EN,5,,,,,,,,,,,,,,,,,,,,,,,,,,,,,,,,,,,,,,,,,,,,,,,,,,,,,,,,,,,,,,,,,,,,,,,,,,,,,,,,,,,,,,,,,,,,,,,,,,,,,,,,,,,,,,,,,,,,,,,,,,,,,,,,,,,,,,,,,,,,,,,,,,,,,,,,,,,,,,,,,,,,,,,,,,,,,,,,,,,,,,,,,,,,,,,,,,,,,,,,,,,,,,,,,,,81392,"<span lang=""EN-GB"">Suppose you want to read a digital document when you are in a park with people you know (e.g., acquaintances, colleagues).<o:p></o:p></span>"
10/19/2018 8:35,10/19/2018 8:36,0,198.55.125.199,100,31,1,10/19/2018 8:36,R_2PzfVoLBunOuJKj,,,,,32.81520081,-96.87030029,anonymous,EN,6,,,,,,,,,,,,,,,,,,,,,,,,,,,,,,,,,,,,,,,,,,,,,,,,,,,,,,,,,,,,,,,,,,,,,,,,,,,,,,,,,,,,,,,,,,,,,,,,,,,,,,,,,,,,,,,,,,,,,,,,,,,,,,,,,,,,,,,,,,,,,,,,,,,,,,,,,,,,,,,,,,,,,,,,,,,,,,,,,,,,,,,,,,,,,,,,,,,,,,,,,,,,,,,,,,,21452,"<span lang=""EN-GB"">Suppose
     you want to a send an email when you are walking on a street with people
     you know (e.g., acquaintances, colleagues)<strong>.</strong><o:p></o:p></span>"
10/19/2018 8:36,10/19/2018 8:40,0,198.55.125.199,100,250,1,10/19/2018 8:40,R_z2sI9eZ8OtevS37,,,,,32.81520081,-96.87030029,anonymous,EN,"2,5,6","2,4",,3,,2,,1,,4,,3,2,,3,,4,1,,2,,4,,2,,2,,1,,,,,,,,,,,,,,,,,,,,,,,,,,,,,,,,,,,,,,,,,,,,,,,,,,,,,,,,,,,,,,,,,,,,,,,,,,,,,,,,,,,,,,,,,,,,,,,,,,,,,,,,,,,,,,,,,,,,,,,,,,,,,,,,,,,,,,,,,,,,,,,,,,,,,,,,,,,,,,,,,,,,,,,,,,,,,,,,,,,,,,,,33238,"<span lang=""EN-GB"">Suppose
     you want to read a digital document when you are alone at home.<strong><o:p></o:p></strong></span>"
10/19/2018 8:34,10/19/2018 8:44,0,100.35.97.44,100,556,1,10/19/2018 8:44,R_3CBdGgPRPAAjt30,,,,,40.74450684,-74.15080261,anonymous,EN,"1,2,4,5,6","1,2,5",,5,,"1,2,3,4",,1,,"1,4",,"1,2",5,,"2,3",,"1,2","1,2,3",,"1,2,3",,"2,3,4",,"1,2,3",,5,,4,,"2,5",,,,,,,,,,,,,,,,,,,,,,,,,,,,,,"2,5",,1,,"2,3",,1,,1,,"1,2",5,,5,,5,,3,,3,,"1,2",,3,,5,,4,,,,,,,,,,,,,,,,,,,,,,,,,,,,,,,,,,,,,,,,,,,,,,,,,,,,,,,,,,,,1,,2,,4,,3,,"3,4",,"1,2",5,,"2,3",,"2,3",,4,,"2,4",,3,,"2,4",,5,,4,,,,,,,,,,,,,,,,,,,,,,,,,,,,,,,female,19,student,3,1,,3,20783,"<span lang=""EN-GB"">Suppose you want to browse the internet when you are at home with people you are close to (e.g., friends, family members)<strong><o:p></o:p></strong></span>"
10/19/2018 8:40,10/19/2018 8:47,0,198.55.125.199,100,382,1,10/19/2018 8:47,R_1ib6uV3Mqy1gsCG,,,,,32.81520081,-96.87030029,anonymous,EN,"2,5,6","3,5",,3,,"1,3",,1,,"1,4",,"2,3","1,2",,5,,"1,2","2,4",,"1,2",,"2,4",,5,,"1,2",,4,,,,,,,,,,,,,,,,,,,,,,,,,,,,,,,,,,,,,,,,,,,,,,,,,,,,,,,,,,,,,,,,,,,,,,,,,,,,,,,,,,,,,,,,,,,,,,,,,,,,,,,,,,,,,,,,,,,,,,,,,,,,,,,,,,,,,,,,,,,,,,,,,,,,,,,,,,,,,,,,,,,,,,,,,,,,,,,,,,,,,,,,65456,"<span lang=""EN-GB"">Suppose you are at a park, you have just read a book you loved and now you&nbsp;</span>want to write a review for it to share with people you are close to (e.g., friends, family members)"
10/19/2018 8:48,10/19/2018 8:48,0,73.152.56.226,100,11,1,10/19/2018 8:48,R_W8rUZl5omxc5UmR,,,,,37.51579285,-77.50469971,anonymous,EN,"2,3",,,,,,,,,,,,,,,,,,,,,,,,,,,,,,,,,,,,,,,,,,,,,,,,,,,,,,,,,,,,,,,,,,,,,,,,,,,,,,,,,,,,,,,,,,,,,,,,,,,,,,,,,,,,,,,,,,,,,,,,,,,,,,,,,,,,,,,,,,,,,,,,,,,,,,,,,,,,,,,,,,,,,,,,,,,,,,,,,,,,,,,,,,,,,,,,,,,,,,,,,,,,,,,,,,,42528,"<span lang=""EN-GB"">Suppose
     you want to a send a text message when you are with a very close friend at
     a restaurant&nbsp;<o:p></o:p></span>"
10/19/2018 8:49,10/19/2018 8:51,0,75.97.62.35,100,170,1,10/19/2018 8:51,R_1GZzGIoFXN0fws9,,,,,40.81230164,-76.13960266,anonymous,EN,"2,3,4",7,,5,,1,,3,,1,,1,2,,5,,4,6,,2,,7,,5,,1,,4,,,,,,,,,,,,,,,,,,,,,,,,,,,,,,,,,,,,,,,,,,,,,,,,,,,,,,,,,,,,,,,,,,,,,,,,,,,,,,,,,,,,,,,,,,,,,,,,,,,,,,,,,,,,,,,,,,,,,,,,,,,,,,,,,,,,,,,,,,,,,,,,,,,,,,,,,,,,,,,,,,,,,,,,,,,,,,,,,,,,,,,,30908,"<span lang=""EN-GB"">Suppose
     you want to set up a reminder when you are alone at your home.<strong><o:p></o:p></strong></span>"
10/19/2018 8:44,10/19/2018 8:53,0,100.35.97.44,100,502,1,10/19/2018 8:53,R_ykYhtxHoV3BgiL7,,,,,40.74450684,-74.15080261,anonymous,EN,"1,2,4,5,6",2,,1,,"2,3",,1,,1,,"1,2","1,3",,"2,3",,"1,2",3,,"1,2",,3,,"1,2",,5,,4,,2,,,,,,,,,,,,,,,,,,,,,,,,,,,,,,"2,5",,5,,"2,3",,1,,1,,"1,2",1,,5,,5,,3,,3,,2,,3,,5,,4,,,,,,,,,,,,,,,,,,,,,,,,,,,,,,,,,,,,,,,,,,,,,,,,,,,,,,,,,,,,,,,,,,,,,,,,,,,,,,,,,,,,,,,,,,,,,,,,,,,,,,,,,,,,,,,,,,,,,,male,39,salesman,4,1,,4,50358,"Suppose you want to purchase something online when
     you are with people you know (e.g., acquaintances,
     colleagues) at a park.<o:p></o:p>"
10/19/2018 8:49,10/19/2018 8:56,0,99.102.123.35,100,443,1,10/19/2018 8:56,R_2wh7aLiEAC7muto,,,,,34.88070679,-92.2303009,anonymous,EN,"1,2,4",5,,3,,6,,1,,1,,4,"1,2",,1,,4,6,,2,,"1,3",,2,,"1,2,3",,"1,2",,2,,,,,,,,,,,,,,,,,,,,,,,,,,,,,,2,,5,,6,,3,,1,,4,3,,5,,5,,6,,7,,5,,7,,5,,1,,,,,,,,,,,,,,,,,,,,,,,,,,,,,,,,,,,,,,,,,,,,,,,,,,,,,,,,,,,,,,,,,,,,,,,,,,,,,,,,,,,,,,,,,,,,,,,,,,,,,,,,,,,,,,,,,,,,,,Female,34,Homemaker,2,1,,3,18551,"<span lang=""EN-GB"">Suppose
     you want to a send a text message when you are alone at home<strong><o:p></o:p></strong></span>"
10/19/2018 8:35,10/19/2018 8:57,0,66.38.28.100,100,1342,1,10/19/2018 8:57,R_3Es9pGDcYOD1kqA,,,,,36.69140625,-86.85849762,anonymous,EN,"1,3,4",5,,3,,"2,3",,3,,3,,3,2,,2,,2,2,,2,,3,,2,,1,,2,,,,,,,,,,,,,,,,,,,,,,,,,,,,,,,,,,,,,,,,,,,,,,,,,,,,,,,,,,,,,,,,,,,,,,,,,,,,,,,,,,,,,,,,,,,,,,,,,,,,,,,,,,,,,,,,,,,,,,,,,,,,,,,,,,,,,,,,,,,,,,,,,,,,,,,,,,,,,,,,,,,,,,,,,,,,,,,,,,,,,,,,28665,"<span lang=""EN-GB"" style=""font-size:11.0pt;line-height:115%;
font-family:&quot;Arial&quot;,sans-serif;mso-fareast-font-family:Arial;mso-ansi-language:
EN-GB;mso-fareast-language:EN-US;mso-bidi-language:AR-SA"">Suppose you want to browse the internet when you are alone at your home.</span>"
10/19/2018 8:58,10/19/2018 9:00,0,108.226.178.119,100,117,1,10/19/2018 9:00,R_1NeUDL6DyaXPwQG,,,,,29.74040222,-95.55889893,anonymous,EN,"1,2,3,4,5,6","1,2",,"1,2,3",,"1,3",,1,,1,,1,"1,2",,"1,2",,2,"1,2,3,4",,"1,2",,2,,2,,1,,"1,2",,,,,,,,,,,,,,,,,,,,,,,,,,,,,,,,,,,,,,,,,,,,,,,,,,,,,,,,,,,,,,,,,,,,,,,,,,,,,,,,,,,,,,,,,,,,,,,,,,,,,,,,,,,,,,,,,,,,,,,,,,,,,,,,,,,,,,,,,,,,,,,,,,,,,,,,,,,,,,,,,,,,,,,,,,,,,,,,,,,,,,,,10992,"Suppose you want to purchase something (e.g., book,
     household items) online when you are with people
     you know (e.g., acquaintances, colleagues) at
     Starbucks.<o:p></o:p>"
10/19/2018 9:00,10/19/2018 9:01,0,108.226.178.119,100,43,1,10/19/2018 9:01,R_2wSwWLjiDOOGm7r,,,,,29.74040222,-95.55889893,anonymous,EN,"1,2,3,4,5,6",2,,3,,3,,1,,3,,1,1,,"1,2",,2,1,,2,,2,,2,,1,,2,,,,,,,,,,,,,,,,,,,,,,,,,,,,,,,,,,,,,,,,,,,,,,,,,,,,,,,,,,,,,,,,,,,,,,,,,,,,,,,,,,,,,,,,,,,,,,,,,,,,,,,,,,,,,,,,,,,,,,,,,,,,,,,,,,,,,,,,,,,,,,,,,,,,,,,,,,,,,,,,,,,,,,,,,,,,,,,,,,,,,,,,26668,"<span lang=""EN-GB"">Suppose
     you want to purchase something online when you are with people you know
     (e.g., acquaintances, colleagues) at your home.<o:p></o:p></span>"
10/19/2018 9:07,10/19/2018 9:07,0,71.208.118.220,100,10,1,10/19/2018 9:07,R_2rT4iKGw80OEkzC,,,,,26.60650635,-81.95020294,anonymous,EN,2,,,,,,,,,,,,,,,,,,,,,,,,,,,,,,,,,,,,,,,,,,,,,,,,,,,,,,,,,,,,,,,,,,,,,,,,,,,,,,,,,,,,,,,,,,,,,,,,,,,,,,,,,,,,,,,,,,,,,,,,,,,,,,,,,,,,,,,,,,,,,,,,,,,,,,,,,,,,,,,,,,,,,,,,,,,,,,,,,,,,,,,,,,,,,,,,,,,,,,,,,,,,,,,,,,,13531,"<span lang=""EN-GB"">Suppose you want to browse the internet when you are with people you know (e.g., acquaintances, colleagues) at a park.<o:p></o:p></span>"
10/19/2018 9:07,10/19/2018 9:07,0,71.208.118.220,100,8,1,10/19/2018 9:07,R_2v8qb39hKeZkqiU,,,,,26.60650635,-81.95020294,anonymous,EN,3,,,,,,,,,,,,,,,,,,,,,,,,,,,,,,,,,,,,,,,,,,,,,,,,,,,,,,,,,,,,,,,,,,,,,,,,,,,,,,,,,,,,,,,,,,,,,,,,,,,,,,,,,,,,,,,,,,,,,,,,,,,,,,,,,,,,,,,,,,,,,,,,,,,,,,,,,,,,,,,,,,,,,,,,,,,,,,,,,,,,,,,,,,,,,,,,,,,,,,,,,,,,,,,,,,,80986,"<span lang=""EN-GB"">Suppose you want to find a route to a coffee shop when you are
     at home </span><span lang=""EN-GB"">with
     people you are close to (e.g., friends, family members)</span><strong><span lang=""EN-GB""><o:p></o:p></span></strong>"
10/19/2018 9:07,10/19/2018 9:08,0,71.208.118.220,100,50,1,10/19/2018 9:08,R_SOHXu0ZCgyNLawx,,,,,26.60650635,-81.95020294,anonymous,EN,4,,,,,,,,,,,,,,,,,,,,,,,,,,,,,,,,,,,,,,,,,,,,,,,,,,,,,,,,,,,,,,,,,,,,,,,,,,,,,,,,,,,,,,,,,,,,,,,,,,,,,,,,,,,,,,,,,,,,,,,,,,,,,,,,,,,,,,,,,,,,,,,,,,,,,,,,,,,,,,,,,,,,,,,,,,,,,,,,,,,,,,,,,,,,,,,,,,,,,,,,,,,,,,,,,,,56492,"<span style=""color: rgb(0, 0, 0); font-family: Times; font-size: medium;"">Suppose you want to watch some video when you are with people you know (e.g., acquaintances, colleagues) at Starbucks</span>"
10/19/2018 9:08,10/19/2018 9:08,0,71.208.118.220,100,22,1,10/19/2018 9:08,R_31KHgmBLGxFiNfe,,,,,26.60650635,-81.95020294,anonymous,EN,4,,,,,,,,,,,,,,,,,,,,,,,,,,,,,,,,,,,,,,,,,,,,,,,,,,,,,,,,,,,,,,,,,,,,,,,,,,,,,,,,,,,,,,,,,,,,,,,,,,,,,,,,,,,,,,,,,,,,,,,,,,,,,,,,,,,,,,,,,,,,,,,,,,,,,,,,,,,,,,,,,,,,,,,,,,,,,,,,,,,,,,,,,,,,,,,,,,,,,,,,,,,,,,,,,,,74363,"<span lang=""EN-GB"">Suppose you are on a short vacation and you want to take a picture in front&nbsp;</span>of an iconic monument when you are surrounded by many people."
10/19/2018 9:09,10/19/2018 9:09,0,71.208.118.220,100,11,1,10/19/2018 9:09,R_2agAEu0Wbzqkxbg,,,,,26.60650635,-81.95020294,anonymous,EN,5,,,,,,,,,,,,,,,,,,,,,,,,,,,,,,,,,,,,,,,,,,,,,,,,,,,,,,,,,,,,,,,,,,,,,,,,,,,,,,,,,,,,,,,,,,,,,,,,,,,,,,,,,,,,,,,,,,,,,,,,,,,,,,,,,,,,,,,,,,,,,,,,,,,,,,,,,,,,,,,,,,,,,,,,,,,,,,,,,,,,,,,,,,,,,,,,,,,,,,,,,,,,,,,,,,,10901,"<span lang=""EN-GB"">Suppose you want to browse internet when you are with your close friends at a restaurant.<o:p></o:p></span>"
10/19/2018 9:09,10/19/2018 9:09,0,71.208.118.220,100,10,1,10/19/2018 9:09,R_1jIjrueosI65uZ3,,,,,26.60650635,-81.95020294,anonymous,EN,6,,,,,,,,,,,,,,,,,,,,,,,,,,,,,,,,,,,,,,,,,,,,,,,,,,,,,,,,,,,,,,,,,,,,,,,,,,,,,,,,,,,,,,,,,,,,,,,,,,,,,,,,,,,,,,,,,,,,,,,,,,,,,,,,,,,,,,,,,,,,,,,,,,,,,,,,,,,,,,,,,,,,,,,,,,,,,,,,,,,,,,,,,,,,,,,,,,,,,,,,,,,,,,,,,,,76345,"<span lang=""EN-GB"">Suppose you want to watch some video when you are alone at your home.<strong><o:p></o:p></strong></span>"
10/19/2018 9:09,10/19/2018 9:09,0,71.208.118.220,100,21,1,10/19/2018 9:09,R_1ovyHeupx0mTwU5,,,,,26.60650635,-81.95020294,anonymous,EN,1,,,,,,,,,,,,,,,,,,,,,,,,,,,,,,,,,,,,,,,,,,,,,,,,,,,,,,,,,,,,,,,,,,,,,,,,,,,,,,,,,,,,,,,,,,,,,,,,,,,,,,,,,,,,,,,,,,,,,,,,,,,,,,,,,,,,,,,,,,,,,,,,,,,,,,,,,,,,,,,,,,,,,,,,,,,,,,,,,,,,,,,,,,,,,,,,,,,,,,,,,,,,,,,,,,,70662,"<span lang=""EN-GB"">Suppose you want to browse the internet when you are alone at a restaurant.<o:p></o:p></span>"
10/19/2018 9:12,10/19/2018 9:21,0,76.114.99.55,100,533,1,10/19/2018 9:21,R_3iD3u7KJfT93zQd,,,,,36.00630188,-86.79090118,anonymous,EN,"1,2,4",4,,5,,2,,1,,1,,3,1,,5,,3,3,,2,,7,,2,,1,,1,,4,,,,,,,,,,,,,,,,,,,,,,,,,,,,,,,,,,,,,,,,,,,,,,,,,,,,,,,,,,,,,,,,,,,,,,,,,,,,,,,,,,,,,,,,2,,5,,2,,1,,1,,4,3,,5,,5,,3,,7,,2,,7,,1,,1,,,,,,,,,,,,,,,,,,,,,,,,,,,,,,,,,,,,,,,,,,,,,,,,,,,,,,,,,,,,female,60,retired,5,5,,3,92701,"<span lang=""EN-GB"">Suppose
     you want to read a digital document when you are at Starbucks.<o:p></o:p></span>"
10/19/2018 9:21,10/19/2018 9:23,0,72.209.17.198,100,114,1,10/19/2018 9:23,R_V3ZEGzMDueec1rj,,,,,41.7776947,-72.5243988,anonymous,EN,"1,2,3",5,,1,,2,,3,,1,,1,1,,1,,1,1,,2,,6,,1,,1,,1,,,,,,,,,,,,,,,,,,,,,,,,,,,,,,,,,,,,,,,,,,,,,,,,,,,,,,,,,,,,,,,,,,,,,,,,,,,,,,,,,,,,,,,,,,,,,,,,,,,,,,,,,,,,,,,,,,,,,,,,,,,,,,,,,,,,,,,,,,,,,,,,,,,,,,,,,,,,,,,,,,,,,,,,,,,,,,,,,,,,,,,,30339,"<span lang=""EN-GB"">Suppose
     you want to purchase something (e.g., book, household items) online when
     you are with your close friends at a park.<o:p></o:p></span>"
10/19/2018 9:32,10/19/2018 9:43,0,100.35.97.44,100,662,1,10/19/2018 9:43,R_3phCe6jpO4W350L,,,,,40.74450684,-74.15080261,anonymous,EN,"1,2,3,5,6","1,2,5",,5,,"2,3",,3,,1,,"1,2",5,,3,,"1,2","3,4",,"1,2",,"2,3,4",,"1,2",,5,,4,,1,4,,5,,2,,3,,1,,3,1,,5,,5,,"1,2,3",,3,,2,,3,,"2,3",,"1,2",,,,,,,,,,,,,,,,,,,,,,,,,,,,,,,,,,,,,,,,,,,,,,,,,,,,,,,,,,,,,,,,,,,,,,,,,,,,,,,,,,,,,,,,,,,,,,,,,,,,,,,,,,,,,,,,,,,,,,,,,,,,,,,,,,,,,,,,,,,,,,,,,,,female,36,clerical assistant,4,3,,3,13638,"<span lang=""EN-GB"" style=""font-size:11.0pt;line-height:115%;
font-family:&quot;Arial&quot;,sans-serif;mso-fareast-font-family:Arial;mso-ansi-language:
EN-GB;mso-fareast-language:EN-US;mso-bidi-language:AR-SA"">Suppose you want to a
send an email when you are alone at home</span>"
10/19/2018 9:48,10/19/2018 10:02,0,100.35.97.44,100,863,1,10/19/2018 10:02,R_3fBMDQZCcuIO9AN,,,,,40.74450684,-74.15080261,anonymous,EN,"1,2,4,5","2,5",,1,,"1,2,3",,3,,1,,"1,2",5,,2,,"1,2","1,3",,"1,2",,"1,3,4",,"1,2",,"1,3",,4,,2,,,,,,,,,,,,,,,,,,,,,,,,,,,,,,"2,5",,1,,"1,2,3",,1,,1,,"1,2","1,3",,5,,5,,"1,3",,3,,"1,2",,3,,3,,4,,,,,,,,,,,,,,,,,,,,,,,,,,,,,,,,,,,,,,,,,,,,,,,,,,,,,,,,,,,,,,,,,,,,,,,,,,,,,,,,,,,,,,,,,,,,,,,,,,,,,,,,,,,,,,,,,,,,,,male,34,assistant,4,3,,2,24528,"<span lang=""EN-GB"">Suppose
     you are at a park with your close friends and you realize today is the
     last day to pay one of your bills online.<o:p></o:p></span>"
10/19/2018 10:08,10/19/2018 10:08,0,174.225.22.218,100,19,1,10/19/2018 10:08,R_2TXy8cRQivZYDD0,,,,,40.75990295,-74.41790009,anonymous,EN,"2,6",,,,,,,,,,,,,,,,,,,,,,,,,,,,,,,,,,,,,,,,,,,,,,,,,,,,,,,,,,,,,,,,,,,,,,,,,,,,,,,,,,,,,,,,,,,,,,,,,,,,,,,,,,,,,,,,,,,,,,,,,,,,,,,,,,,,,,,,,,,,,,,,,,,,,,,,,,,,,,,,,,,,,,,,,,,,,,,,,,,,,,,,,,,,,,,,,,,,,,,,,,,,,,,,,,,60150,"<span lang=""EN-GB"">Suppose
     you want to a view a text message when you are surrounded by people you
     know (e.g., acquaintances, colleagues) at your home.<o:p></o:p></span>"
10/19/2018 10:11,10/19/2018 10:13,0,74.87.97.138,100,142,1,10/19/2018 10:13,R_246EIzsxV1CbDj2,,,,,44.55220032,-88.07879639,anonymous,EN,"1,2,4,5",7,,5,,6,,3,,6,,4,5,,5,,4,6,,5,,7,,5,,5,,4,,2,,,,,,,,,,,,,,,,,,,,,,,,,,,,,,7,,5,,6,,3,,6,,4,5,,5,,5,,6,,7,,5,,7,,5,,4,,,,,,,,,,,,,,,,,,,,,,,,,,,,,,,,,,,,,,,,,,,,,,,,,,,,,,,,,,,,,,,,,,,,,,,,,,,,,,,,,,,,,,,,,,,,,,,,,,,,,,,,,,,,,,,,,,,,,,Female,36,Consultant,6,1,,12,10253,"<span lang=""EN-GB"">Suppose
     you want to set up a reminder when you are with people you know (e.g.,
     acquaintances, colleagues) at your home.<o:p></o:p></span>"
10/19/2018 10:11,10/19/2018 10:24,0,68.96.248.231,100,796,1,10/19/2018 10:24,R_3nwP2XxqIjbWpYp,,,,,36.25889587,-115.1717987,anonymous,EN,"1,2,3,4,6","2,3,4,5",,"1,2,3",,"1,3,4",,1,,"1,3",,"2,3","2,3",,"1,2,3",,"2,3","2,3,4",,"1,2,3",,"3,4",,"1,2,3",,"2,3",,"1,2",,"1,2,4","1,2,4",,2,,4,,1,,"1,3",,2,"1,2,3",,2,,3,,"2,4",,"2,3,4",,"1,2",,"2,3,4",,5,,2,,"1,2,3,5",,"1,2",,"1,3",,1,,3,,2,3,,3,,"1,3",,"2,3,4",,"2,3,4",,2,,"2,3",,"1,3",,2,,,,,,,,,,,,,,,,,,,,,,,,,,,,,,,"1,2,3,5",,3,,"1,2,3",,1,,"1,3",,"2,3","1,2",,3,,3,,"2,4",,"2,4",,2,,"2,3,4",,3,,2,,,,,,,,,,,,,,,,,,,,,,,,,,,,,,,,,,,,,,,,,,,,,,,,,,,,,,,,,,,,,,,,,,,70993,"<span lang=""EN-GB"">Suppose
     you want to listen to some audio when you are with people you know (e.g.,
     acquaintances, colleagues) at your home.<o:p></o:p></span>"
10/19/2018 10:15,10/19/2018 10:25,0,100.35.97.44,100,609,1,10/19/2018 10:25,R_2tA0tMNN9WpU0YN,,,,,40.74450684,-74.15080261,anonymous,EN,"1,2,3,4,5,6","2,5",,5,,"2,3",,3,,"3,4",,"1,2",5,,"1,2,3",,"1,2","1,2,3",,"1,2",,3,,"1,2",,5,,4,,"2,6",,,,,,,,,,,,,,,,,,,,,,,,,,,,,,"2,5",,5,,"1,2,3",,1,,1,,3,5,,"2,3",,"2,3",,"1,3",,3,,5,,3,,1,,4,,,,,,,,,,,,,,,,,,,,,,,,,,,,,,,,,,,,,,,,,,,,,,,,,,,,,,,,,,,,,,,,,,,,,,,,,,,,,,,,,,,,,,,,,"1,2,5",,5,,"2,3",,1,,1,,2,5,,"2,3",,"2,3",,"1,3",,"1,2,3,4",,"1,2",,"1,2,3,4",,1,,4,,male,26,manager,5,3,,5,64778,"<span lang=""EN-GB"">Suppose you want to a send an email when you are surrounded with people you are close to (e.g., friends, family members) at your home.<strong><o:p></o:p></strong></span>"
10/19/2018 10:27,10/19/2018 10:41,0,100.35.97.44,100,852,1,10/19/2018 10:41,R_5yvbdg9CY896LGp,,,,,40.74450684,-74.15080261,anonymous,EN,"2,3,5","1,2,5",,5,,"3,4",,1,,1,,"1,2",5,,"2,3",,"1,2",3,,"1,2",,"1,2,3,4",,"1,2",,5,,1,,2,,,,,,,,,,,,,,,,,,,,,,,,,,,,,,"1,2,5",,5,,"1,2,3",,1,,1,,3,5,,"2,3",,"2,3",,"1,3",,"2,3,4",,2,,"2,3,4",,2,,1,,,,,,,,,,,,,,,,,,,,,,,,,,,,,,,,,,,,,,,,,,,,,,,,,,,,,,,,,,,,,,,,,,,,,,,,,,,,,,,,,,,,,,,,,,,,,,,,,,,,,,,,,,,,,,,,,,,,,,male,46,sale assistant,3,3,,3,20179,"<span lang=""EN-GB"">Suppose you want to find a route to home while walking on a street with people you know (e.g., acquaintances, colleagues).<o:p></o:p></span>"
10/19/2018 10:15,10/19/2018 10:47,0,173.191.101.114,100,1893,1,10/19/2018 10:47,R_2WYUxlXLyab7BZJ,,,,,30.17590332,-83.03040314,anonymous,EN,"2,3,4,5",2,,1,,"1,2",,1,,"1,2",,1,"1,2,3",,"1,2",,"1,2","1,2",,"1,2",,1,,"1,2",,"1,2,3",,"1,2",,2,,,,,,,,,,,,,,,,,,,,,,,,,,,,,,2,,"1,2",,"1,2",,1,,"1,2",,"1,2","1,2,3",,"1,2",,1,,"1,2,3",,1,,"1,2",,1,,"1,2",,"1,2",,,,,,,,,,,,,,,,,,,,,,,,,,,,,,,,,,,,,,,,,,,,,,,,,,,,,,,,,,,,,,,,,,,,,,,,,,,,,,,,,,,,,,,,,,,,,,,,,,,,,,,,,,,,,,,,,,,,,,,,,,,,,19539,"<span lang=""EN-GB"">Suppose
     you want to a send a text message when you with people you know (e.g., acquaintances,
     colleagues) at a street<strong>.</strong><o:p></o:p></span>"
10/19/2018 10:43,10/19/2018 10:49,0,100.35.97.44,100,374,1,10/19/2018 10:49,R_2eOp94V0mDPot2q,,,,,40.74450684,-74.15080261,anonymous,EN,"1,2,3,4,5,6","1,2,5",,1,,"1,2,3",,1,,2,,"1,2",5,,5,,"1,2","1,3",,"1,2",,3,,"1,2",,5,,4,,"2,6",,,,,,,,,,,,,,,,,,,,,,,,,,,,,,"1,2,5",,3,,"2,3",,1,,1,,3,3,,5,,5,,3,,"1,2,3,4",,"1,2",,"1,2,3,4",,3,,4,,,,,,,,,,,,,,,,,,,,,,,,,,,,,,,,,,,,,,,,,,,,,,,,,,,,,,,,,,,,,,,,,,,,,,,,,,,,,,,,,,,,,,,,,"1,2,5",,5,,3,,1,,1,,"1,2",3,,5,,5,,"3,4",,"1,2,3,4",,"1,2",,"1,2,3,4",,5,,4,,female,30,teacher,5,1,,4,91651,"<span lang=""EN-GB"" style=""font-size:11.0pt;line-height:115%;
font-family:&quot;Arial&quot;,sans-serif;mso-fareast-font-family:Arial;mso-ansi-language:
EN-GB;mso-fareast-language:EN-US;mso-bidi-language:AR-SA"">Suppose you want to a
send a text message when you are alone at Starbucks.</span>"
10/19/2018 10:50,10/19/2018 10:51,0,73.125.128.101,100,68,1,10/19/2018 10:51,R_56apk0YkCvwaT4Z,,,,,25.65739441,-80.36270142,anonymous,EN,"1,2",,,,,,,,,,,,,,,,,,,,,,,,,,,,,,,,,,,,,,,,,,,,,,,,,,,,,,,,,,,,,,,,,,,,,,,,,,,,,,,,,,,,,,,,,,,,,,,,,,,,,,,,,,,,,,,,,,,,,,,,,,,,,,,,,,,,,,,,,,,,,,,,,,,,,,,,,,,,,,,,,,,,,,,,,,,,,,,,,,,,,,,,,,,,,,,,,,,,,,,,,,,,,,,,,,,59719,
10/19/2018 10:51,10/19/2018 10:53,0,73.125.128.101,100,109,1,10/19/2018 10:53,R_3PbLQFFVfTRoudF,,,,,25.65739441,-80.36270142,anonymous,EN,"1,2,3,4,5,6","1,2",,"1,2",,"3,4",,1,,1,,3,"1,2",,"1,2",,2,1,,"1,2",,"2,3,4",,2,,"1,3",,"1,2",,,,,,,,,,,,,,,,,,,,,,,,,,,,,,,,,,,,,,,,,,,,,,,,,,,,,,,,,,,,,,,,,,,,,,,,,,,,,,,,,,,,,,,,,,,,,,,,,,,,,,,,,,,,,,,,,,,,,,,,,,,,,,,,,,,,,,,,,,,,,,,,,,,,,,,,,,,,,,,,,,,,,,,,,,,,,,,,,,,,,,,,16298,"<span lang=""EN-GB"">Suppose
     you want to a view a text message
     when you are walking with a very close friend on a street<o:p></o:p></span>"
10/19/2018 10:53,10/19/2018 10:54,0,73.125.128.101,100,98,1,10/19/2018 10:54,R_3EiOQLCuQxEdM7Y,,,,,25.65739441,-80.36270142,anonymous,EN,"1,2,3,4,5,6","1,2,3,4,5",,"1,2,3",,"1,2,3,4",,1,,"3,4",,4,"1,2,3",,"1,2,3",,"1,2,3","1,2,3,4",,"1,2,3",,"1,2,3,4",,"1,2,3",,"1,2,3",,"1,2",,,,,,,,,,,,,,,,,,,,,,,,,,,,,,,,,,,,,,,,,,,,,,,,,,,,,,,,,,,,,,,,,,,,,,,,,,,,,,,,,,,,,,,,,,,,,,,,,,,,,,,,,,,,,,,,,,,,,,,,,,,,,,,,,,,,,,,,,,,,,,,,,,,,,,,,,,,,,,,,,,,,,,,,,,,,,,,,,,,,,,,,63922,"<span lang=""EN-GB"" style=""font-size:11.0pt;line-height:115%;
font-family:&quot;Arial&quot;,sans-serif;mso-fareast-font-family:Arial;mso-ansi-language:
EN-GB;mso-fareast-language:EN-US;mso-bidi-language:AR-SA"">Suppose you want to a
send a text message when you are alone at Starbucks.</span>"
10/19/2018 10:54,10/19/2018 10:55,0,50.44.186.44,100,11,1,10/19/2018 10:55,R_T5Y2vSLkhxS71p7,,,,,39.73390198,-90.22899628,anonymous,EN,"2,4",,,,,,,,,,,,,,,,,,,,,,,,,,,,,,,,,,,,,,,,,,,,,,,,,,,,,,,,,,,,,,,,,,,,,,,,,,,,,,,,,,,,,,,,,,,,,,,,,,,,,,,,,,,,,,,,,,,,,,,,,,,,,,,,,,,,,,,,,,,,,,,,,,,,,,,,,,,,,,,,,,,,,,,,,,,,,,,,,,,,,,,,,,,,,,,,,,,,,,,,,,,,,,,,,,,71759,"<span lang=""EN-GB"">Suppose
     you want to a send a text message when you are surrounded by people you
     know (e.g., acquaintances, colleagues) at a restaurant.<o:p></o:p></span>"
10/19/2018 10:54,10/19/2018 10:55,0,99.172.19.71,100,61,1,10/19/2018 10:55,R_2TAbrIwKnGXTWDL,,,,,33.78599548,-84.35140228,anonymous,EN,"1,2,6",1,,3,,1,,1,,1,,1,3,,2,,2,3,,2,,2,,2,,2,,2,,,,,,,,,,,,,,,,,,,,,,,,,,,,,,,,,,,,,,,,,,,,,,,,,,,,,,,,,,,,,,,,,,,,,,,,,,,,,,,,,,,,,,,,,,,,,,,,,,,,,,,,,,,,,,,,,,,,,,,,,,,,,,,,,,,,,,,,,,,,,,,,,,,,,,,,,,,,,,,,,,,,,,,,,,,,,,,,,,,,,,,,50388,"<span lang=""EN-GB"">Suppose you want to call your mother for sharing an important
     update about your life&nbsp; when you
     with people you know (e.g., acquaintances, colleagues) at a park<o:p></o:p></span>"
10/19/2018 10:55,10/19/2018 10:55,0,99.172.19.71,100,10,1,10/19/2018 10:55,R_1g0CMh3rd2wDAzi,,,,,33.78599548,-84.35140228,anonymous,EN,1,,,,,,,,,,,,,,,,,,,,,,,,,,,,,,,,,,,,,,,,,,,,,,,,,,,,,,,,,,,,,,,,,,,,,,,,,,,,,,,,,,,,,,,,,,,,,,,,,,,,,,,,,,,,,,,,,,,,,,,,,,,,,,,,,,,,,,,,,,,,,,,,,,,,,,,,,,,,,,,,,,,,,,,,,,,,,,,,,,,,,,,,,,,,,,,,,,,,,,,,,,,,,,,,,,,78428,"<span lang=""EN-GB"" style=""font-size:11.0pt;line-height:115%;
font-family:&quot;Arial&quot;,sans-serif;mso-fareast-font-family:Arial;mso-ansi-language:
EN-GB;mso-fareast-language:EN-US;mso-bidi-language:AR-SA"">Suppose you want to browse the internet when you are alone at your home.</span>"
10/19/2018 10:55,10/19/2018 10:55,0,99.172.19.71,100,9,1,10/19/2018 10:55,R_3ee13nujLNE4bm1,,,,,33.78599548,-84.35140228,anonymous,EN,6,,,,,,,,,,,,,,,,,,,,,,,,,,,,,,,,,,,,,,,,,,,,,,,,,,,,,,,,,,,,,,,,,,,,,,,,,,,,,,,,,,,,,,,,,,,,,,,,,,,,,,,,,,,,,,,,,,,,,,,,,,,,,,,,,,,,,,,,,,,,,,,,,,,,,,,,,,,,,,,,,,,,,,,,,,,,,,,,,,,,,,,,,,,,,,,,,,,,,,,,,,,,,,,,,,,34673,"<span lang=""EN-GB"">Suppose
     you want to watch some video when you are with people you know (e.g.,
     acquaintances, colleagues) at your home.<o:p></o:p></span>"
10/19/2018 10:55,10/19/2018 10:56,0,99.172.19.71,100,9,1,10/19/2018 10:56,R_2fHaWEqEq20cwmj,,,,,33.78599548,-84.35140228,anonymous,EN,"2,6",,,,,,,,,,,,,,,,,,,,,,,,,,,,,,,,,,,,,,,,,,,,,,,,,,,,,,,,,,,,,,,,,,,,,,,,,,,,,,,,,,,,,,,,,,,,,,,,,,,,,,,,,,,,,,,,,,,,,,,,,,,,,,,,,,,,,,,,,,,,,,,,,,,,,,,,,,,,,,,,,,,,,,,,,,,,,,,,,,,,,,,,,,,,,,,,,,,,,,,,,,,,,,,,,,,35318,"<span lang=""EN-GB"">Suppose
     you want to listen to some audio when you are with people you know (e.g.,
     acquaintances, colleagues) in a park.<o:p></o:p></span>


<p><span lang=""EN-GB"" style=""color:red"">&nbsp;</span></p>"
10/19/2018 10:56,10/19/2018 10:57,0,199.218.242.15,100,73,1,10/19/2018 10:57,R_2VJzgXgtVGEvmsj,,,,,40.03259277,-82.91030121,anonymous,EN,"2,3,4",2,,5,,2,,3,,6,,4,"1,2",,5,,4,6,,"1,2",,7,,5,,5,,4,,,,,,,,,,,,,,,,,,,,,,,,,,,,,,,,,,,,,,,,,,,,,,,,,,,,,,,,,,,,,,,,,,,,,,,,,,,,,,,,,,,,,,,,,,,,,,,,,,,,,,,,,,,,,,,,,,,,,,,,,,,,,,,,,,,,,,,,,,,,,,,,,,,,,,,,,,,,,,,,,,,,,,,,,,,,,,,,,,,,,,,,57639,"<span lang=""EN-GB"">Suppose
     you are at home with some people you know (e.g., acquaintances,
     colleagues) when you realize today is the last day to pay one of your
     bills online.<o:p></o:p></span>"
10/19/2018 10:58,10/19/2018 10:59,0,65.31.180.86,100,7,1,10/19/2018 10:59,R_27TjypSxfPypcfo,,,,,42.88920593,-87.90270233,anonymous,EN,"2,3",,,,,,,,,,,,,,,,,,,,,,,,,,,,,,,,,,,,,,,,,,,,,,,,,,,,,,,,,,,,,,,,,,,,,,,,,,,,,,,,,,,,,,,,,,,,,,,,,,,,,,,,,,,,,,,,,,,,,,,,,,,,,,,,,,,,,,,,,,,,,,,,,,,,,,,,,,,,,,,,,,,,,,,,,,,,,,,,,,,,,,,,,,,,,,,,,,,,,,,,,,,,,,,,,,,44822,"<span id=""docs-internal-guid-5a7e3441-7fff-9d1f-10e6-454a1d940975""><span style=""font-size: 11pt; font-family: Arial; color: rgb(0, 0, 0); background-color: transparent; font-variant-numeric: normal; font-variant-east-asian: normal; vertical-align: baseline; white-space: pre-wrap;"">Suppose you want to call your mother for sharing an important update about your life &nbsp;when you are alone at home</span><br> <br><br></span>"
10/19/2018 11:00,10/19/2018 11:01,0,72.185.190.207,100,96,1,10/19/2018 11:01,R_2dxR4qzQjHuECIb,,,,,28.21290588,-82.68070221,anonymous,EN,"1,2,4","2,5",,1,,1,,1,,1,,1,"1,2,3",,"1,3",,1,"1,3",,"1,2",,3,,5,,"1,2",,4,,,,,,,,,,,,,,,,,,,,,,,,,,,,,,,,,,,,,,,,,,,,,,,,,,,,,,,,,,,,,,,,,,,,,,,,,,,,,,,,,,,,,,,,,,,,,,,,,,,,,,,,,,,,,,,,,,,,,,,,,,,,,,,,,,,,,,,,,,,,,,,,,,,,,,,,,,,,,,,,,,,,,,,,,,,,,,,,,,,,,,,,43025,"<span lang=""EN-GB"">Suppose you want to browse the internet when you are with people you know (e.g., acquaintances, colleagues) at a park.<o:p></o:p></span>"
10/19/2018 10:43,10/19/2018 11:01,0,100.35.97.44,100,1103,1,10/19/2018 11:01,R_1QMKPr01kD2qCUY,,,,,40.74450684,-74.15080261,anonymous,EN,"1,2,4,5,6","1,2,3,4,5",,3,,"2,3,4",,3,,1,,"1,2","1,2,3",,5,,"1,2","2,4",,"1,2,3",,"1,2,3,4",,"1,2,3",,5,,"1,2",,"4,5",,,,,,,,,,,,,,,,,,,,,,,,,,,,,,,,,,,,,,,,,,,,,,,,,,,,,,,,,,,,,,,,,,,,,,,,,,,,,,,,,,,,,,,,"2,5",,3,,"1,3",,3,,1,,3,"1,3",,2,,2,,"1,3",,3,,"1,2",,3,,5,,4,,1,,5,,4,,3,,3,,3,5,,2,,2,,4,,"2,4",,3,,"2,4",,5,,4,,,,,,,,,,,,,,,,,,,,,,,,,,,,,,,male,34,sales representative,3,3,,4,68926,"<span lang=""EN-GB"">Suppose
     you want to purchase something online when you are alone at your home.<o:p></o:p></span>"
10/19/2018 10:54,10/19/2018 11:02,0,173.95.134.235,100,522,1,10/19/2018 11:02,R_3gL6WSSE2qSrKiJ,,,,,35.98150635,-78.53919983,anonymous,EN,"1,2,4,5",7,,3,,1,,1,,1,,3,"1,2,3",,3,,3,6,,1,,6,,5,,1,,"1,2",,,,,,,,,,,,,,,,,,,,,,,,,,,,,,,,,,,,,,,,,,,,,,,,,,,,,,,,,,,,,,,,,,,,,,,,,,,,,,,,,,,,,,,,,,,,,,,,,,,,,,,,,,,,,,,,,,,,,,,,,,,,,,,,,,,,,,,,,,,,,,,,,,,,,,,,,,,,,,,,,,,,,,,,,,,,,,,,,,,,,,,,89113,"<span lang=""EN-GB"">Suppose you want to control some devices/appliances (e.g., smart lights) when you are at home with people you are close to (e.g., friends, family members)<strong><o:p></o:p></strong></span>"
10/19/2018 11:01,10/19/2018 11:04,0,108.202.89.175,100,233,1,10/19/2018 11:04,R_1lhNr8NME3XV3We,,,,,39.07499695,-94.44989777,anonymous,EN,"1,2,3,4,5,6",2,,5,,"1,2,3,4",,1,,1,,4,"1,2,3",,5,,2,6,,5,,6,,5,,1,,4,,,,,,,,,,,,,,,,,,,,,,,,,,,,,,,,,,,,,,,,,,,,,,,,,,,,,,,,,,,,,,,,,,,,,,,,,,,,,,,,,,,,,,,,,,,,,,,,,,,,,,,,,,,,,,,,,,,,,,,,,,,,,,,,,,,,,,,,,,,,,,,,,,,,,,,,,,,,,,,,,,,,,,,,,,,,,,,,,,,,,,,,15746,"<span lang=""EN-GB"">Suppose
     you want to watch some video when you are alone at Starbucks.<o:p></o:p></span>"
10/19/2018 11:05,10/19/2018 11:05,0,162.248.134.240,100,36,1,10/19/2018 11:05,R_ULX10qq23ijnzwt,,,,,37.75100708,-97.8219986,anonymous,EN,1,,,,,,,,,,,,,,,,,,,,,,,,,,,,,,,,,,,,,,,,,,,,,,,,,,,,,,,,,,,,,,,,,,,,,,,,,,,,,,,,,,,,,,,,,,,,,,,,,,,,,,,,,,,,,,,,,,,,,,,,,,,,,,,,,,,,,,,,,,,,,,,,,,,,,,,,,,,,,,,,,,,,,,,,,,,,,,,,,,,,,,,,,,,,,,,,,,,,,,,,,,,,,,,,,,,37623,"<span lang=""EN-GB"">Suppose
     you want to purchase something online when you are alone at Starbucks.<o:p></o:p></span>"
10/19/2018 11:03,10/19/2018 11:07,0,174.58.16.213,100,248,1,10/19/2018 11:07,R_26nXW1KqmMmSpkh,,,,,27.32620239,-82.47239685,anonymous,EN,"1,2,3,4,5","1,2,4",,"1,2,3",,"1,2",,1,,"1,2",,"2,3","1,3",,"1,2",,2,"1,2,4",,"2,3",,"1,2,4",,"2,3",,"1,2,3",,2,,,,,,,,,,,,,,,,,,,,,,,,,,,,,,,,,,,,,,,,,,,,,,,,,,,,,,,,,,,,,,,,,,,,,,,,,,,,,,,,,,,,,,,,,,,,,,,,,,,,,,,,,,,,,,,,,,,,,,,,,,,,,,,,,,,,,,,,,,,,,,,,,,,,,,,,,,,,,,,,,,,,,,,,,,,,,,,,,,,,,,,,27650,"<span lang=""EN-GB"">Suppose you are at a park with some people you know (e.g., acquaintances, colleagues) when you realize that you have to immediately pay one of your bills online.<o:p></o:p></span>"
10/19/2018 11:07,10/19/2018 11:07,0,216.183.48.117,100,11,1,10/19/2018 11:07,R_2DTsUMH2e996H2W,,,,,28.4756012,-98.17819977,anonymous,EN,"1,2",,,,,,,,,,,,,,,,,,,,,,,,,,,,,,,,,,,,,,,,,,,,,,,,,,,,,,,,,,,,,,,,,,,,,,,,,,,,,,,,,,,,,,,,,,,,,,,,,,,,,,,,,,,,,,,,,,,,,,,,,,,,,,,,,,,,,,,,,,,,,,,,,,,,,,,,,,,,,,,,,,,,,,,,,,,,,,,,,,,,,,,,,,,,,,,,,,,,,,,,,,,,,,,,,,,25178,"<span lang=""EN-GB"">Suppose
     you have planned to meet a friend next week and you want put this on your
     calendar when you are alone at home<strong><o:p></o:p></strong></span>"
10/19/2018 11:06,10/19/2018 11:12,0,107.155.94.58,100,348,1,10/19/2018 11:12,R_30qR9YSj3ybOdZx,,,,,30.30929565,-97.72419739,anonymous,EN,"1,2,3,4,5,6","1,2",,3,,"1,2,3,4",,1,,3,,1,5,,"1,2",,3,"1,3",,1,,2,,2,,"1,3",,"1,2",,,,,,,,,,,,,,,,,,,,,,,,,,,,,,,,,,,,,,,,,,,,,,,,,,,,,,,,,,,,,,,,,,,,,,,,,,,,,,,,,,,,,,,,,,,,,,,,,,,,,,,,,,,,,,,,,,,,,,,,,,,,,,,,,,,,,,,,,,,,,,,,,,,,,,,,,,,,,,,,,,,,,,,,,,,,,,,,,,,,,,,,7328,"<span lang=""EN-GB"">Suppose
     you want to listen to some audio when you are alone at Starbucks.<o:p></o:p></span>"
10/19/2018 11:12,10/19/2018 11:14,0,172.220.18.170,100,167,1,10/19/2018 11:14,R_3Of91R2Vzuj1lVu,,,,,43.74099731,-87.72470093,anonymous,EN,"1,2,3,6","1,2,4,5",,"1,2",,"1,2",,3,,1,,3,"1,2",,1,,3,"1,2",,5,,"1,3,4",,1,,5,,"1,2",,,,,,,,,,,,,,,,,,,,,,,,,,,,,,,,,,,,,,,,,,,,,,,,,,,,,,,,,,,,,,,,,,,,,,,,,,,,,,,,,,,,,,,,,,,,,,,,,,,,,,,,,,,,,,,,,,,,,,,,,,,,,,,,,,,,,,,,,,,,,,,,,,,,,,,,,,,,,,,,,,,,,,,,,,,,,,,,,,,,,,,,42170,"<span lang=""EN-GB"">Suppose you have planned to meet a friend next week and you want to&nbsp;put this on your calendar </span><span lang=""EN-GB"">when</span><span lang=""EN-GB""> you are surrounded by people you know (e.g., acquaintances, colleagues) at your home.</span><span lang=""EN-GB""><o:p></o:p></span>"
10/19/2018 11:07,10/19/2018 11:18,0,66.160.201.94,100,659,1,10/19/2018 11:18,R_aXCwBaDZWOn3Yqd,,,,,37.75100708,-97.8219986,anonymous,EN,"1,2,3,4,6",2,,"1,2",,2,,1,,"1,2,3",,"1,2",2,,2,,1,"1,2",,"2,3",,"1,3",,"1,2",,2,,2,,,,,,,,,,,,,,,,,,,,,,,,,,,,,,,,,,,,,,,,,,,,,,,,,,,,,,,,,,,,,,,,,,,,,,,,,,,,,,,,,,,,,,,,,,,,,,,,,,,,,,,,,,,,,,,,,,,,,,,,,,,,,,,,,,,,,,,,,,,,,,,,,,,,,,,,,,,,,,,,,,,,,,,,,,,,,,,,,,,,,,,,83608,"<span lang=""EN-GB"">Suppose
     you want to a view a text message when you are surrounded by people you
     know (e.g., acquaintances, colleagues) at a restaurant.<o:p></o:p></span>"
10/19/2018 11:16,10/19/2018 11:19,0,131.247.56.82,100,190,1,10/19/2018 11:19,R_9uziE1IgCVlKfIZ,,,,,28.05999756,-82.40789795,anonymous,EN,"1,2,3,4",2,,3,,2,,3,,1,,2,"1,2,3",,2,,3,2,,2,,3,,2,,3,,"1,2",,,,,,,,,,,,,,,,,,,,,,,,,,,,,,,,,,,,,,,,,,,,,,,,,,,,,,,,,,,,,,,,,,,,,,,,,,,,,,,,,,,,,,,,,,,,,,,,,,,,,,,,,,,,,,,,,,,,,,,,,,,,,,,,,,,,,,,,,,,,,,,,,,,,,,,,,,,,,,,,,,,,,,,,,,,,,,,,,,,,,,,,73414,"<span lang=""EN-GB"">Suppose
     you are at starbucks and you realize today is the last day to pay one of
     your bills online.<o:p></o:p></span>"
10/19/2018 11:22,10/19/2018 11:23,0,71.178.178.98,100,100,1,10/19/2018 11:23,R_3MhYZG5Q5u43tXf,,,,,38.86000061,-76.97419739,anonymous,EN,"1,2,4",2,,2,,2,,1,,3,,2,2,,2,,3,1,,1,,3,,1,,3,,2,,,,,,,,,,,,,,,,,,,,,,,,,,,,,,,,,,,,,,,,,,,,,,,,,,,,,,,,,,,,,,,,,,,,,,,,,,,,,,,,,,,,,,,,,,,,,,,,,,,,,,,,,,,,,,,,,,,,,,,,,,,,,,,,,,,,,,,,,,,,,,,,,,,,,,,,,,,,,,,,,,,,,,,,,,,,,,,,,,,,,,,,5241,"<span lang=""EN-GB"" style=""font-size:11.0pt;line-height:115%;
font-family:&quot;Arial&quot;,sans-serif;mso-fareast-font-family:Arial;mso-ansi-language:
EN-GB;mso-fareast-language:EN-US;mso-bidi-language:AR-SA"">Suppose you want to a
view a text message when you are alone at home</span>"
10/19/2018 11:24,10/19/2018 11:24,0,98.127.106.159,100,11,1,10/19/2018 11:25,R_bx6OKUI5o6fu5Hz,,,,,39.10319519,-108.5491028,anonymous,EN,"2,3",,,,,,,,,,,,,,,,,,,,,,,,,,,,,,,,,,,,,,,,,,,,,,,,,,,,,,,,,,,,,,,,,,,,,,,,,,,,,,,,,,,,,,,,,,,,,,,,,,,,,,,,,,,,,,,,,,,,,,,,,,,,,,,,,,,,,,,,,,,,,,,,,,,,,,,,,,,,,,,,,,,,,,,,,,,,,,,,,,,,,,,,,,,,,,,,,,,,,,,,,,,,,,,,,,,16474,"<span lang=""EN-GB"">Suppose it is a regular working day, you want to track the total amount of calories&nbsp;</span>you consume and burn off during the day.&nbsp;"
10/19/2018 11:24,10/19/2018 11:25,0,71.178.178.98,100,68,1,10/19/2018 11:25,R_2uEhbFOePprs1zA,,,,,38.86000061,-76.97419739,anonymous,EN,"2,3,4","3,4",,"2,3",,"1,3",,1,,"2,4",,"2,3","1,3",,"1,2",,"1,3","1,2",,"1,3",,"2,3",,1,,"1,2",,"1,2",,,,,,,,,,,,,,,,,,,,,,,,,,,,,,,,,,,,,,,,,,,,,,,,,,,,,,,,,,,,,,,,,,,,,,,,,,,,,,,,,,,,,,,,,,,,,,,,,,,,,,,,,,,,,,,,,,,,,,,,,,,,,,,,,,,,,,,,,,,,,,,,,,,,,,,,,,,,,,,,,,,,,,,,,,,,,,,,,,,,,,,,83682,"<span lang=""EN-GB"">Suppose
     you want to a view a text message when you are alone at Starbucks.<o:p></o:p></span>"
10/19/2018 11:02,10/19/2018 11:30,0,100.35.97.44,100,1722,1,10/19/2018 11:30,R_1kNSXt5UKHN2aIy,,,,,40.74450684,-74.15080261,anonymous,EN,"1,2,4,5,6","1,2,5",,1,,"3,4",,1,,1,,3,5,,5,,3,"3,4",,2,,"1,2,3,4",,2,,5,,4,,2,,,,,,,,,,,,,,,,,,,,,,,,,,,,,,"1,2,5",,1,,"1,2,3",,1,,1,,3,5,,5,,5,,"1,3",,"2,3,4",,"1,2",,"2,3,4",,5,,1,,,,,,,,,,,,,,,,,,,,,,,,,,,,,,,,,,,,,,,,,,,,,,,,,,,,,,,,,,,,,,,,,,,,,,,,,,,,,,,,,,,,,,,,,,,,,,,,,,,,,,,,,,,,,,,,,,,,,,female,34,consultant,5,1,,5,8372,"<span lang=""EN-GB"">Suppose
     you want to call your mother for sharing an important update about your
     life when you are alone at Starbucks.<o:p></o:p></span>"
10/19/2018 11:33,10/19/2018 11:38,0,68.205.81.224,100,343,1,10/19/2018 11:38,R_RDAML6uXU0D8WZ3,,,,,28.55230713,-81.17949677,anonymous,EN,"1,2,4",1,,1,,6,,1,,1,,"2,3","1,2",,5,,3,"2,4",,2,,7,,2,,"1,3",,"1,2",,,,,,,,,,,,,,,,,,,,,,,,,,,,,,,,,,,,,,,,,,,,,,,,,,,,,,,,,,,,,,,,,,,,,,,,,,,,,,,,,,,,,,,,,,,,,,,,,,,,,,,,,,,,,,,,,,,,,,,,,,,,,,,,,,,,,,,,,,,,,,,,,,,,,,,,,,,,,,,,,,,,,,,,,,,,,,,,,,,,,,,,38146,"<span lang=""EN-GB"">Suppose you want to a send an email when you are walking with a very close friend on a street.&nbsp;<o:p></o:p></span>"
10/19/2018 11:31,10/19/2018 11:39,0,100.35.97.44,100,508,1,10/19/2018 11:39,R_cVcEPSrKkWIElwd,,,,,40.74450684,-74.15080261,anonymous,EN,"2,4,5,6","1,2,5",,1,,2,,1,,1,,"1,2",3,,5,,"1,2","3,4",,"1,2",,"1,2,3",,"1,2",,1,,4,,6,,,,,,,,,,,,,,,,,,,,,,,,,,,,,,,,,,,,,,,,,,,,,,,,,,,,,,,,,,,,,,,,,,,,,,,,,,,,,,,,,,,,,,,,,,,,,,,,,,,,,,,,,,,,,,,,,,,,,,,,,,,,,,,,,,,,,,,,,,,,,,,,,,"1,2,5",,1,,"3,4",,1,,1,,"1,2",5,,5,,5,,"3,4",,"1,2,3,4",,"1,2",,"1,2,3,4",,1,,4,,female,34,assistant manager,4,1,,4,50781,"<span lang=""EN-GB"">Suppose you want to find a route to home while walking on a street with your close friends.<o:p></o:p></span>"
10/19/2018 11:41,10/19/2018 11:41,0,23.88.172.215,100,17,1,10/19/2018 11:41,R_1FLK0y0FNf0ZBVz,,,,,41.82400513,-71.41280365,anonymous,EN,3,,,,,,,,,,,,,,,,,,,,,,,,,,,,,,,,,,,,,,,,,,,,,,,,,,,,,,,,,,,,,,,,,,,,,,,,,,,,,,,,,,,,,,,,,,,,,,,,,,,,,,,,,,,,,,,,,,,,,,,,,,,,,,,,,,,,,,,,,,,,,,,,,,,,,,,,,,,,,,,,,,,,,,,,,,,,,,,,,,,,,,,,,,,,,,,,,,,,,,,,,,,,,,,,,,,46315,"<span lang=""EN-GB"" style=""font-size:11.0pt;line-height:115%;
font-family:&quot;Arial&quot;,sans-serif;mso-fareast-font-family:Arial;mso-ansi-language:
EN-GB;mso-fareast-language:EN-US;mso-bidi-language:AR-SA"">Suppose you want to a
send an email when you are at Starbucks.</span>"
10/19/2018 11:37,10/19/2018 11:43,0,24.116.234.17,100,371,1,10/19/2018 11:43,R_2t3eJ85v9WS3bho,,,,,33.63720703,-96.61840057,anonymous,EN,"1,2,3,4","2,3,4",,1,,"1,2,3",,3,,1,,"1,3","1,2",,2,,3,"2,3",,2,,"3,4,6",,2,,1,,1,,,,,,,,,,,,,,,,,,,,,,,,,,,,,,,,,,,,,,,,,,,,,,,,,,,,,,,,,,,,,,,,,,,,,,,,,,,,,,,,,,,,,,,,,,,,,,,,,,,,,,,,,,,,,,,,,,,,,,,,,,,,,,,,,,,,,,,,,,,,,,,,,,,,,,,,,,,,,,,,,,,,,,,,,,,,,,,,,,,,,,,,72604,"<span lang=""EN-GB"">Suppose you want to browse the internet when you are at home with people you know (e.g., acquaintances, colleagues).<o:p></o:p></span>"
10/19/2018 11:44,10/19/2018 11:44,0,75.142.31.154,100,12,1,10/19/2018 11:44,R_2dAdjzF2APQHIbM,,,,,42.46380615,-123.3457031,anonymous,EN,2,,,,,,,,,,,,,,,,,,,,,,,,,,,,,,,,,,,,,,,,,,,,,,,,,,,,,,,,,,,,,,,,,,,,,,,,,,,,,,,,,,,,,,,,,,,,,,,,,,,,,,,,,,,,,,,,,,,,,,,,,,,,,,,,,,,,,,,,,,,,,,,,,,,,,,,,,,,,,,,,,,,,,,,,,,,,,,,,,,,,,,,,,,,,,,,,,,,,,,,,,,,,,,,,,,,58483,"<span lang=""EN-GB"">Suppose
     you want to watch some video when you are with people you know (e.g.,
     acquaintances, colleagues) in a park.<o:p></o:p></span>"
10/19/2018 11:44,10/19/2018 11:45,0,71.181.102.191,100,57,1,10/19/2018 11:45,R_bl2Al1alPNdmCmR,,,,,42.75439453,-72.01899719,anonymous,EN,1,,,,,,,,,,,,,,,,,,,,,,,,,,,,,,,,,,,,,,,,,,,,,,,,,,,,,,,,,,,,,,,,,,,,,,,,,,,,,,,,,,,,,,,,,,,,,,,,,,,,,,,,,,,,,,,,,,,,,,,,,,,,,,,,,,,,,,,,,,,,,,,,,,,,,,,,,,,,,,,,,,,,,,,,,,,,,,,,,,,,,,,,,,,,,,,,,,,,,,,,,,,,,,,,,,,7792,"<span lang=""EN-GB"">Suppose you have planned to meet a friend next week and you want to put this on your calendar when you are alone at Starbucks.<o:p></o:p></span>"
10/19/2018 11:47,10/19/2018 11:47,0,173.174.117.171,100,7,1,10/19/2018 11:47,R_yO98O1tyMLvDghH,,,,,30.40359497,-97.75260162,anonymous,EN,3,,,,,,,,,,,,,,,,,,,,,,,,,,,,,,,,,,,,,,,,,,,,,,,,,,,,,,,,,,,,,,,,,,,,,,,,,,,,,,,,,,,,,,,,,,,,,,,,,,,,,,,,,,,,,,,,,,,,,,,,,,,,,,,,,,,,,,,,,,,,,,,,,,,,,,,,,,,,,,,,,,,,,,,,,,,,,,,,,,,,,,,,,,,,,,,,,,,,,,,,,,,,,,,,,,,97411,"<span lang=""EN-GB"">Suppose you are alone at home, you want to take a break from studying/working&nbsp;</span>so you decide to play an online/digital game with some close friends ."
10/19/2018 11:44,10/19/2018 11:50,0,96.250.198.23,100,342,1,10/19/2018 11:50,R_2y7of73slV6NuvM,,,,,40.67900085,-73.96440125,anonymous,EN,"1,2,3,4,6",2,,1,,"2,3,4",,1,,"3,4",,3,"1,2,3",,"1,2,3",,3,"1,2",,"2,3",,"3,4",,"1,2,3",,"1,2,3",,"1,2",,,,,,,,,,,,,,,,,,,,,,,,,,,,,,,,,,,,,,,,,,,,,,,,,,,,,,,,,,,,,,,,,,,,,,,,,,,,,,,,,,,,,,,,,,,,,,,,,,,,,,,,,,,,,,,,,,,,,,,,,,,,,,,,,,,,,,,,,,,,,,,,,,,,,,,,,,,,,,,,,,,,,,,,,,,,,,,,,,,,,,,,60431,"<span lang=""EN-GB"">Suppose
     you want to a send an email when you are walking on a street.<o:p></o:p></span>"
10/19/2018 11:50,10/19/2018 11:51,0,135.26.145.178,100,24,1,10/19/2018 11:51,R_2U6qAASk5OTGaMW,,,,,38.77029419,-121.337204,anonymous,EN,"1,2",,,,,,,,,,,,,,,,,,,,,,,,,,,,,,,,,,,,,,,,,,,,,,,,,,,,,,,,,,,,,,,,,,,,,,,,,,,,,,,,,,,,,,,,,,,,,,,,,,,,,,,,,,,,,,,,,,,,,,,,,,,,,,,,,,,,,,,,,,,,,,,,,,,,,,,,,,,,,,,,,,,,,,,,,,,,,,,,,,,,,,,,,,,,,,,,,,,,,,,,,,,,,,,,,,,55757,"<span lang=""EN-GB"">Suppose
     you want to a view a text message when you are surrounded with people you
     are close to (e.g., friends, family members) at your home.<strong><o:p></o:p></strong></span>"
10/19/2018 11:45,10/19/2018 11:52,0,73.91.232.38,100,369,1,10/19/2018 11:52,R_1H8oZoetq6C4z8m,,,,,35.15719604,-89.92680359,anonymous,EN,"1,2,3,4",1,,2,,2,,1,,1,,1,3,,2,,1,3,,2,,2,,2,,1,,2,,3,,,,,,,,,,,,,,,,,,,,,,,,,,,,,,,,,,,,,,,,,,,,,,,,,,,,,,,,,,,1,,1,,1,,1,,2,,1,3,,2,,2,,3,,4,,1,,4,,2,,1,,,,,,,,,,,,,,,,,,,,,,,,,,,,,,,,,,,,,,,,,,,,,,,,,,,,,,,,,,,,,,,,,,,,,,,,,,,,,,,,,,,,,,,,,male,67,drug and alcohol screener,3,1,,2,10066,"<span lang=""EN-GB"">Suppose
     you want to listen to some audio when you are at home with people you are
     close to (e.g., friends, family members).<strong><o:p></o:p></strong></span>"
10/19/2018 11:54,10/19/2018 11:54,0,71.30.176.232,100,30,1,10/19/2018 11:54,R_3GjFFAvuF40jGJy,,,,,31.72479248,-83.24949646,anonymous,EN,1,,,,,,,,,,,,,,,,,,,,,,,,,,,,,,,,,,,,,,,,,,,,,,,,,,,,,,,,,,,,,,,,,,,,,,,,,,,,,,,,,,,,,,,,,,,,,,,,,,,,,,,,,,,,,,,,,,,,,,,,,,,,,,,,,,,,,,,,,,,,,,,,,,,,,,,,,,,,,,,,,,,,,,,,,,,,,,,,,,,,,,,,,,,,,,,,,,,,,,,,,,,,,,,,,,,86109,"<span lang=""EN-GB"">Suppose you have planned to meet a friend next week and you want to put this on your calendar when you are surrounded by people you know (e.g., acquaintances, colleagues) at a restaurant.<o:p></o:p></span>"
10/19/2018 11:47,10/19/2018 11:57,0,173.174.117.171,100,621,1,10/19/2018 11:57,R_2bZVQtcIm11YCje,,,,,30.40359497,-97.75260162,anonymous,EN,"1,2,4,5",1,,2,,3,,1,,1,,2,3,,1,,2,4,,1,,"3,4",,1,,"1,3",,"1,2",,"1,2,4,5",7,,5,,6,,3,,6,,3,2,,5,,5,,6,,7,,2,,6,,5,,"1,2",,"1,2",,2,,"1,2",,1,,2,,2,2,,2,,"2,3",,3,,"2,3,4",,2,,"2,3,4",,3,,"1,2",,,,,,,,,,,,,,,,,,,,,,,,,,,,,,,"1,2",,5,,"2,3",,1,,2,,1,2,,5,,2,,2,,4,,2,,4,,5,,2,,2,,5,,2,,1,,1,,4,5,,5,,5,,3,,1,,2,,1,,1,,1,,,,,,,,,,,,,,,,,,,,,,,,,,,,,,,,,,,,,,2390,"<span lang=""EN-GB"">Suppose
     you want to purchase something online when you are with people you are
     close to (e.g., friends, family members).<o:p></o:p></span>"
10/19/2018 11:58,10/19/2018 11:59,0,100.34.130.212,100,59,1,10/19/2018 11:59,R_RF9ksuy96lC1cyZ,,,,,40.26300049,-74.95549774,anonymous,EN,"1,2",,,,,,,,,,,,,,,,,,,,,,,,,,,,,,,,,,,,,,,,,,,,,,,,,,,,,,,,,,,,,,,,,,,,,,,,,,,,,,,,,,,,,,,,,,,,,,,,,,,,,,,,,,,,,,,,,,,,,,,,,,,,,,,,,,,,,,,,,,,,,,,,,,,,,,,,,,,,,,,,,,,,,,,,,,,,,,,,,,,,,,,,,,,,,,,,,,,,,,,,,,,,,,,,,,,77508,"Suppose you want to call your mother for sharing an important update about your life when you are surrounded with people you are close to (e.g., friends, family members)at your home."
10/19/2018 11:58,10/19/2018 12:02,0,165.225.38.80,100,274,1,10/19/2018 12:02,R_9SocmadoOFmExXj,,,,,40.71429443,-74.0059967,anonymous,EN,1,,,,,,,,,,,,,,,,,,,,,,,,,,,,,,,,,,,,,,,,,,,,,,,,,,,,,,,,,,,,,,,,,,,,,,,,,,,,,,,,,,,,,,,,,,,,,,,,,,,,,,,,,,,,,,,,,,,,,,,,,,,,,,,,,,,,,,,,,,,,,,,,,,,,,,,,,,,,,,,,,,,,,,,,,,,,,,,,,,,,,,,,,,,,,,,,,,,,,,,,,,,,,,,,,,,77669,"<span lang=""EN-GB"">Suppose
     you want to set up a reminder when you are alone at your home.<strong><o:p></o:p></strong></span>"
10/19/2018 12:01,10/19/2018 12:03,0,103.98.63.228,100,150,1,10/19/2018 12:03,R_125wqSWM9MVefEw,,,,,13.08329773,80.28329468,anonymous,EN,"1,2,4,6","1,2,5",,2,,"1,2,4",,1,,"1,3,4",,"1,3","1,3",,3,,3,"2,4",,"1,2,3",,"2,3",,2,,"1,2",,2,,,,,,,,,,,,,,,,,,,,,,,,,,,,,,,,,,,,,,,,,,,,,,,,,,,,,,,,,,,,,,,,,,,,,,,,,,,,,,,,,,,,,,,,,,,,,,,,,,,,,,,,,,,,,,,,,,,,,,,,,,,,,,,,,,,,,,,,,,,,,,,,,,,,,,,,,,,,,,,,,,,,,,,,,,,,,,,,,,,,,,,,66129,"<span lang=""EN-GB"">Suppose
     you want to find a route to home when you are at Starbucks with your close
     friends.<o:p></o:p></span>"
10/19/2018 12:01,10/19/2018 12:04,0,75.128.183.238,100,176,1,10/19/2018 12:04,R_1i34stnCQC6608J,,,,,43.6013031,-84.77359772,anonymous,EN,"1,2,3,4",2,,5,,"1,2",,1,,1,,4,5,,5,,4,6,,5,,6,,2,,5,,1,,,,,,,,,,,,,,,,,,,,,,,,,,,,,,,,,,,,,,,,,,,,,,,,,,,,,,,,,,,,,,,,,,,,,,,,,,,,,,,,,,,,,,,,,,,,,,,,,,,,,,,,,,,,,,,,,,,,,,,,,,,,,,,,,,,,,,,,,,,,,,,,,,,,,,,,,,,,,,,,,,,,,,,,,,,,,,,,,,,,,,,,24365,"<span lang=""EN-GB"">Suppose you want to browse the internet when you are at home with people you are close to (e.g., friends, family members)<strong><o:p></o:p></strong></span>"
10/19/2018 12:04,10/19/2018 12:04,0,103.98.63.228,100,20,1,10/19/2018 12:04,R_1GWi0wH6XROSQZd,,,,,13.08329773,80.28329468,anonymous,EN,"1,2",,,,,,,,,,,,,,,,,,,,,,,,,,,,,,,,,,,,,,,,,,,,,,,,,,,,,,,,,,,,,,,,,,,,,,,,,,,,,,,,,,,,,,,,,,,,,,,,,,,,,,,,,,,,,,,,,,,,,,,,,,,,,,,,,,,,,,,,,,,,,,,,,,,,,,,,,,,,,,,,,,,,,,,,,,,,,,,,,,,,,,,,,,,,,,,,,,,,,,,,,,,,,,,,,,,23380,"<span lang=""EN-GB"">Suppose you want to find a route to home while walking on a street.<o:p></o:p></span>"
10/19/2018 12:09,10/19/2018 12:10,0,73.96.106.234,100,46,1,10/19/2018 12:10,R_2QSZ8PQdL9VZpYb,,,,,45.52870178,-122.6362991,anonymous,EN,"1,2",,,,,,,,,,,,,,,,,,,,,,,,,,,,,,,,,,,,,,,,,,,,,,,,,,,,,,,,,,,,,,,,,,,,,,,,,,,,,,,,,,,,,,,,,,,,,,,,,,,,,,,,,,,,,,,,,,,,,,,,,,,,,,,,,,,,,,,,,,,,,,,,,,,,,,,,,,,,,,,,,,,,,,,,,,,,,,,,,,,,,,,,,,,,,,,,,,,,,,,,,,,,,,,,,,,79857,"<span lang=""EN-GB"">Suppose you have planned to meet a friend next week and you want to put this on your calendar when you are surrounded with people you are close to (e.g., friends, family members) at your home.<strong><o:p></o:p></strong></span>"
10/19/2018 12:10,10/19/2018 12:11,0,73.96.106.234,100,107,1,10/19/2018 12:11,R_VIT7jPXkOMRYGQN,,,,,45.52870178,-122.6362991,anonymous,EN,"1,2,3,4,5,6","2,3",,"1,2",,1,,1,,2,,2,2,,"1,2",,1,2,,1,,"2,3",,1,,1,,"1,2",,,,,,,,,,,,,,,,,,,,,,,,,,,,,,,,,,,,,,,,,,,,,,,,,,,,,,,,,,,,,,,,,,,,,,,,,,,,,,,,,,,,,,,,,,,,,,,,,,,,,,,,,,,,,,,,,,,,,,,,,,,,,,,,,,,,,,,,,,,,,,,,,,,,,,,,,,,,,,,,,,,,,,,,,,,,,,,,,,,,,,,,34309,"<span lang=""EN-GB"">Suppose you are at sitting at Starbucks and you want to play a digital/online&nbsp;</span>game with some close friends."
10/19/2018 12:06,10/19/2018 12:16,0,173.63.61.15,100,586,1,10/19/2018 12:16,R_RwU5c1DCYnYO401,,,,,40.92520142,-74.17810059,anonymous,EN,"2,3,4",1,,3,,4,,1,,1,,3,3,,1,,3,4,,3,,2,,3,,1,,2,,4,,,,,,,,,,,,,,,,,,,,,,,,,,,,,,,,,,,,,,,,,,,,,,,,,,,,,,,,,,,,,,,,,,,,,,,,,,,,,,,,,,,,,,,,1,,2,,4,,1,,1,,3,3,,1,,1,,4,,2,,2,,2,,2,,2,,,,,,,,,,,,,,,,,,,,,,,,,,,,,,,,,,,,,,,,,,,,,,,,,,,,,,,,,,,,female,55,hair dresser,2,1,,4,37370,"<span lang=""EN-GB"">Suppose
     you want to watch some video when you are with your close friends in a
     park.<o:p></o:p></span>"
10/19/2018 12:13,10/19/2018 12:17,0,98.207.149.179,100,255,1,10/19/2018 12:17,R_2YfVkkKIHyqR3so,,,,,37.9940033,-121.703598,anonymous,EN,"1,2,4,5","2,3,4,5",,"1,3",,"2,3",,1,,3,,4,2,,"1,2,3",,3,3,,"1,2",,"3,4",,"1,3",,"1,2,3",,2,,,,,,,,,,,,,,,,,,,,,,,,,,,,,,,,,,,,,,,,,,,,,,,,,,,,,,,,,,,,,,,,,,,,,,,,,,,,,,,,,,,,,,,,,,,,,,,,,,,,,,,,,,,,,,,,,,,,,,,,,,,,,,,,,,,,,,,,,,,,,,,,,,,,,,,,,,,,,,,,,,,,,,,,,,,,,,,,,,,,,,,,63357,"<span lang=""EN-GB"">Suppose you want to find a route to a coffee shop when you are
     at home </span><span lang=""EN-GB"">with
     people you are close to (e.g., friends, family members)</span><strong><span lang=""EN-GB""><o:p></o:p></span></strong>"
10/19/2018 11:45,10/19/2018 12:20,0,100.35.97.44,100,2118,1,10/19/2018 12:20,R_DOGZBzECeMuQTw5,,,,,40.74450684,-74.15080261,anonymous,EN,"1,2,4,5,6","1,2,5",,3,,"2,3",,1,,1,,"1,2",3,,5,,"1,2",3,,2,,"1,2,3,4",,2,,5,,4,,"2,6",,,,,,,,,,,,,,,,,,,,,,,,,,,,,,"1,2,5",,3,,"1,2,3",,1,,1,,3,5,,5,,5,,"1,2,3,4",,"1,2,3,4",,"1,2",,"1,2,3,4",,5,,4,,,,,,,,,,,,,,,,,,,,,,,,,,,,,,,,,,,,,,,,,,,,,,,,,,,,,,,,,,,,,,,,,,,,,,,,,,,,,,,,,,,,,,,,,"1,2,5",,5,,"1,2,3",,1,,1,,3,5,,"2,3",,"2,3",,3,,"1,2,3,4",,"1,2,3",,"1,2,3,4",,1,,4,,female,45,male,4,1,,5,29432,"<span lang=""EN-GB"">Suppose you want to a send a text message when you are alone at a street.<o:p></o:p></span>"
10/19/2018 12:17,10/19/2018 12:23,0,72.92.25.56,100,312,1,10/19/2018 12:23,R_2Pn9mQ2eRV9Md8g,,,,,39.82949829,-75.43540192,anonymous,EN,"1,2,6",2,,1,,"1,2",,3,,2,,1,2,,5,,1,1,,2,,7,,2,,1,,1,,1,7,,1,,2,,3,,2,,2,2,,1,,5,,2,,3,,2,,"3,6",,3,,1,,,,,,,,,,,,,,,,,,,,,,,,,,,,,,,,,,,,,,,,,,,,,,,,,,,,,,,,,,,,,,,,,,,,,,,,,,,,,,,,,,,,,,,,,,,,,,,,,,,,,,,,,,,,,,,,,,,,,,,,,,,,,,,,,,,,,,,,,,,,,,,,,,,,,,,,,,15087,"<span lang=""EN-GB"">Suppose you want to watch some video when you are with your close friends at Starbucks.<o:p></o:p></span>"
10/19/2018 12:22,10/19/2018 12:23,0,97.124.101.53,100,54,1,10/19/2018 12:23,R_bl2VnN6zkC5yn4d,,,,,33.33540344,-111.7406006,anonymous,EN,1,,,,,,,,,,,,,,,,,,,,,,,,,,,,,,,,,,,,,,,,,,,,,,,,,,,,,,,,,,,,,,,,,,,,,,,,,,,,,,,,,,,,,,,,,,,,,,,,,,,,,,,,,,,,,,,,,,,,,,,,,,,,,,,,,,,,,,,,,,,,,,,,,,,,,,,,,,,,,,,,,,,,,,,,,,,,,,,,,,,,,,,,,,,,,,,,,,,,,,,,,,,,,,,,,,,58271,"<span lang=""EN-GB"">Suppose you are at a coffee shop, you have just read a book you loved and now&nbsp;</span>you want to write a review for it to share with your close family and friends."
10/19/2018 12:23,10/19/2018 12:25,0,97.124.101.53,100,69,1,10/19/2018 12:25,R_3PIiLidUGMR1wk2,,,,,33.33540344,-111.7406006,anonymous,EN,"2,4,5,6",5,,2,,"1,4",,1,,"3,4",,3,2,,3,,1,"1,3",,3,,3,,1,,1,,2,,,,,,,,,,,,,,,,,,,,,,,,,,,,,,,,,,,,,,,,,,,,,,,,,,,,,,,,,,,,,,,,,,,,,,,,,,,,,,,,,,,,,,,,,,,,,,,,,,,,,,,,,,,,,,,,,,,,,,,,,,,,,,,,,,,,,,,,,,,,,,,,,,,,,,,,,,,,,,,,,,,,,,,,,,,,,,,,,,,,,,,,99779,"<span lang=""EN-GB"">Suppose you want to listen to some audio when you are alone in a park.<o:p></o:p></span>"
10/19/2018 12:22,10/19/2018 12:28,0,12.233.24.130,100,358,1,10/19/2018 12:28,R_3IXYxo6zwt9ZwpJ,,,,,42.96589661,-85.65270233,anonymous,EN,"1,2,3",2,,1,,1,,1,,1,,1,"1,2,3",,"1,2",,1,"1,2,3",,"1,2",,"1,3",,"1,2",,1,,2,,2,,,,,,,,,,,,,,,,,,,,,,,,,,,,,,"2,5",,1,,"1,2",,1,,2,,"1,2,3","1,3",,"1,2,3",,"1,2,3",,"1,2,3",,1,,"1,2",,1,,"1,2",,2,,,,,,,,,,,,,,,,,,,,,,,,,,,,,,,,,,,,,,,,,,,,,,,,,,,,,,,,,,,,,,,,,,,,,,,,,,,,,,,,,,,,,,,,,,,,,,,,,,,,,,,,,,,,,,,,,,,,,,male,39,manager,6,2,,7,84537,"<span lang=""EN-GB"">Suppose you are at Starbucks with your close friends and you realize today is the last day to pay one of your bills online.<o:p></o:p></span>"
10/19/2018 12:25,10/19/2018 12:29,0,97.124.101.53,100,245,1,10/19/2018 12:29,R_1pSQmfcrPcMDALQ,,,,,33.33540344,-111.7406006,anonymous,EN,"1,2,5,6","1,2,3,4,5",,"1,2,3",,"1,2,3,4",,1,,"1,2,3,4",,"1,2,3","1,2,3",,"1,2,3",,"1,2,3","1,2,3,4",,"1,2,3",,"1,2,3,4,6",,"1,2,3",,"1,2,3",,"1,2",,"2,5",,,,,,,,,,,,,,,,,,,,,,,,,,,,,,"1,2,3,4,5",,"1,2,3",,"1,2,3,4",,1,,"1,3,4",,"1,2,3","1,2,3",,"1,2,3",,"1,2,3",,"1,2,3,4",,"1,2,3,4",,"1,2",,"1,2,3,4",,"1,2,3",,"1,2",,,,,,,,,,,,,,,,,,,,,,,,,,,,,,,,,,,,,,,,,,,,,,,,,,,,,,,,,,,,"1,2,3,4,5",,"1,2,3",,"1,2,3,4",,1,,"1,2,3,4",,"1,2,3","1,2,3",,"1,2,3",,"1,2,3",,"1,2,3,4",,"1,2,3,4",,"1,2,3",,"1,2,3,4",,"1,2,3",,"1,2",,,,,,,,,,,,,,,,,,,,,,,,,,,,,,,male,28,merchandiser,3,1,,3,72411,"<span lang=""EN-GB"">Suppose
     you want to purchase something online when you are with your close friends
     at Starbucks.<o:p></o:p></span>"
10/19/2018 12:29,10/19/2018 12:30,0,71.63.204.163,100,43,1,10/19/2018 12:30,R_3qJXxWxHHDj3BHf,,,,,45.48869324,-122.5091019,anonymous,EN,"2,3",,,,,,,,,,,,,,,,,,,,,,,,,,,,,,,,,,,,,,,,,,,,,,,,,,,,,,,,,,,,,,,,,,,,,,,,,,,,,,,,,,,,,,,,,,,,,,,,,,,,,,,,,,,,,,,,,,,,,,,,,,,,,,,,,,,,,,,,,,,,,,,,,,,,,,,,,,,,,,,,,,,,,,,,,,,,,,,,,,,,,,,,,,,,,,,,,,,,,,,,,,,,,,,,,,,25642,"<span lang=""EN-GB"">Suppose
     you want to a view a text message when you with people you know (e.g.,
     acquaintances, colleagues) at a street<strong>.</strong><o:p></o:p></span>"
10/19/2018 12:27,10/19/2018 12:32,0,174.218.145.13,100,292,1,10/19/2018 12:32,R_21aDddZDyPkolwf,,,,,33.86869812,-84.33509827,anonymous,EN,"1,3,5","1,2,3,5",,"1,2",,"1,3",,1,,"1,3",,1,"1,2,3",,"1,2",,1,"2,3,4",,"1,2",,"1,2,3",,1,,"2,3",,1,,5,,,,,,,,,,,,,,,,,,,,,,,,,,,,,,,,,,,,,,,,,,,,,,,,,,,,,,,,,,,,,,,,,,,,,,,,,,,,,,,,,,,,,,,,,,,,,,,,,,,,,,,,,,,,,,,,,,,,,"1,2",,"1,2",,"1,3",,1,,"1,2,3",,2,"1,2,3",,"1,2",,2,,1,,"1,2,3",,1,,"1,2,4",,2,,1,,,,,,,,,,,,,,,,,,,,,,,,,,,,,,,,,,,,,,38735,"<span lang=""EN-GB"">Suppose you are on a short vacation alone and you want to take a picture in front&nbsp;</span>of an iconic monument."
10/19/2018 12:40,10/19/2018 12:41,0,24.96.234.72,100,51,1,10/19/2018 12:41,R_2BsLZ2l0d0b2Pt5,,,,,28.02839661,-82.77940369,anonymous,EN,1,,,,,,,,,,,,,,,,,,,,,,,,,,,,,,,,,,,,,,,,,,,,,,,,,,,,,,,,,,,,,,,,,,,,,,,,,,,,,,,,,,,,,,,,,,,,,,,,,,,,,,,,,,,,,,,,,,,,,,,,,,,,,,,,,,,,,,,,,,,,,,,,,,,,,,,,,,,,,,,,,,,,,,,,,,,,,,,,,,,,,,,,,,,,,,,,,,,,,,,,,,,,,,,,,,,6821,"Suppose you want to purchase something (e.g., book,
     household items) online when you are with people
     you know (e.g., acquaintances, colleagues) at
     Starbucks.<o:p></o:p>"
10/19/2018 12:43,10/19/2018 12:43,0,71.181.102.191,100,6,1,10/19/2018 12:43,R_beh1v2l0Orj8Jvr,,,,,42.75439453,-72.01899719,anonymous,EN,1,,,,,,,,,,,,,,,,,,,,,,,,,,,,,,,,,,,,,,,,,,,,,,,,,,,,,,,,,,,,,,,,,,,,,,,,,,,,,,,,,,,,,,,,,,,,,,,,,,,,,,,,,,,,,,,,,,,,,,,,,,,,,,,,,,,,,,,,,,,,,,,,,,,,,,,,,,,,,,,,,,,,,,,,,,,,,,,,,,,,,,,,,,,,,,,,,,,,,,,,,,,,,,,,,,,2958,"<span lang=""EN-GB"">Suppose you want to take a click a photo when you are with your close friends&nbsp;</span>and family members at Starbucks"
10/19/2018 12:22,10/19/2018 12:44,0,100.35.97.44,100,1322,1,10/19/2018 12:44,R_1mntsdg8mdgAIQa,,,,,40.74450684,-74.15080261,anonymous,EN,"1,2,3,4,5,6","2,5",,5,,"1,2,3",,1,,1,,1,5,,5,,1,3,,"1,2",,3,,"1,2",,5,,4,,"1,4",4,,1,,3,,3,,1,,3,"1,2,3",,5,,5,,"2,3",,3,,"1,2",,3,,3,,"1,2",,,,,,,,,,,,,,,,,,,,,,,,,,,,,,,,,,,,,,,,,,,,,,,,,,,,,,,,,,,,"2,5",,1,,"2,3",,1,,1,,3,"1,3",,5,,5,,3,,3,,2,,3,,5,,"1,2",,,,,,,,,,,,,,,,,,,,,,,,,,,,,,,,,,,,,,,,,,,,,,,,,,,,,,,,,,,,male,35,architect assistant,3,4,,3,20157,"<span lang=""EN-GB"" style=""font-size:11.0pt;line-height:115%;
font-family:&quot;Arial&quot;,sans-serif;mso-fareast-font-family:Arial;mso-ansi-language:
EN-GB;mso-fareast-language:EN-US;mso-bidi-language:AR-SA"">Suppose you want to
read a digital document when you are at Starbucks surrounded with your close
friends.</span>"
10/16/2018 14:33,10/19/2018 12:57,0,74.139.72.253,100,253417,1,10/19/2018 12:57,R_bgaVTeaFEHcdO8N,,,,,37.15660095,-84.52480316,anonymous,EN,"1,2,3,4,6","3,5",,1,,"1,3",,1,,1,,3,"2,3",,3,,4,6,,"1,2",,4,,5,,1,,1,,"1,3",4,,5,,2,,3,,1,,3,3,,5,,5,,6,,7,,1,,7,,"1,2",,1,,,,,,,,,,,,,,,,,,,,,,,,,,,,,,,4,,3,,"1,3",,1,,1,,4,2,,5,,5,,1,,6,,"1,2",,6,,2,,"1,2",,,,,,,,,,,,,,,,,,,,,,,,,,,,,,,,,,,,,,,,,,,,,,,,,,,,,,,,,,,,,,,,,,,,,,,,,,,,,,,,,,,,,,,,,Female,33,IT Team Lead,4,1,,2,17968,"<span lang=""EN-GB"">Suppose
     you want to read a digital document when you are at home with people you
     are close to (e.g., friends, family members).<strong><o:p></o:p></strong></span>"
10/19/2018 13:00,10/19/2018 13:00,0,66.160.188.79,100,23,1,10/19/2018 13:00,R_1gAAijQybKM8W3r,,,,,37.75100708,-97.8219986,anonymous,EN,2,,,,,,,,,,,,,,,,,,,,,,,,,,,,,,,,,,,,,,,,,,,,,,,,,,,,,,,,,,,,,,,,,,,,,,,,,,,,,,,,,,,,,,,,,,,,,,,,,,,,,,,,,,,,,,,,,,,,,,,,,,,,,,,,,,,,,,,,,,,,,,,,,,,,,,,,,,,,,,,,,,,,,,,,,,,,,,,,,,,,,,,,,,,,,,,,,,,,,,,,,,,,,,,,,,,6736,"<span lang=""EN-GB"">Suppose
     you want to set up a reminder when you are at a park by yourself.<o:p></o:p></span>"
10/19/2018 13:10,10/19/2018 13:12,0,104.236.205.233,100,108,1,10/19/2018 13:12,R_20TZ9Ug6McJ9czl,,,,,40.83439636,-74.13770294,anonymous,EN,"1,2,3,4,5,6","3,4",,"1,2",,"2,3",,1,,"2,3",,3,"1,2",,"2,3",,2,2,,"1,2",,3,,1,,2,,1,,,,,,,,,,,,,,,,,,,,,,,,,,,,,,,,,,,,,,,,,,,,,,,,,,,,,,,,,,,,,,,,,,,,,,,,,,,,,,,,,,,,,,,,,,,,,,,,,,,,,,,,,,,,,,,,,,,,,,,,,,,,,,,,,,,,,,,,,,,,,,,,,,,,,,,,,,,,,,,,,,,,,,,,,,,,,,,,,,,,,,,,74971,"<span lang=""EN-GB"">Suppose
     you want to a send a text message when you are with a very close friend at
     a restaurant&nbsp;<o:p></o:p></span>"
10/19/2018 13:17,10/19/2018 13:19,0,184.155.52.193,100,146,1,10/19/2018 13:19,R_2uD8NvW4udQmm6w,,,,,32.82949829,-109.6266022,anonymous,EN,"1,2,3,4,6","1,2",,"1,2",,1,,1,,1,,1,"1,2",,1,,1,"1,2",,1,,"2,3",,"1,2",,1,,"1,2",,,,,,,,,,,,,,,,,,,,,,,,,,,,,,,,,,,,,,,,,,,,,,,,,,,,,,,,,,,,,,,,,,,,,,,,,,,,,,,,,,,,,,,,,,,,,,,,,,,,,,,,,,,,,,,,,,,,,,,,,,,,,,,,,,,,,,,,,,,,,,,,,,,,,,,,,,,,,,,,,,,,,,,,,,,,,,,,,,,,,,,,3149,"<span lang=""EN-GB"">Suppose you want to watch some video when you are alone in a park.<o:p></o:p></span>"
10/19/2018 13:14,10/19/2018 13:22,0,71.171.84.56,100,504,1,10/19/2018 13:22,R_28UpWM82POjXSJx,,,,,38.26879883,-77.54759979,anonymous,EN,"1,2,4","1,2,4",,1,,"1,2",,1,,"1,3",,2,"1,2",,2,,"1,2","1,3",,"1,2",,"3,4",,"2,3",,2,,2,,,,,,,,,,,,,,,,,,,,,,,,,,,,,,,,,,,,,,,,,,,,,,,,,,,,,,,,,,,,,,,,,,,,,,,,,,,,,,,,,,,,,,,,,,,,,,,,,,,,,,,,,,,,,,,,,,,,,,,,,,,,,,,,,,,,,,,,,,,,,,,,,,,,,,,,,,,,,,,,,,,,,,,,,,,,,,,,,,,,,,,,66979,"<span lang=""EN-GB"">Suppose
     you are at a park and you realize today is the last day to pay one of your
     bills online.<o:p></o:p></span>"
10/19/2018 13:24,10/19/2018 13:29,0,173.28.167.253,100,327,1,10/19/2018 13:29,R_1i9uMBjbyRQTiei,,,,,40.90130615,-89.50679779,anonymous,EN,"1,2,3,4",2,,1,,"2,3",,1,,1,,2,3,,2,,1,2,,"1,2",,3,,2,,1,,4,,,,,,,,,,,,,,,,,,,,,,,,,,,,,,,,,,,,,,,,,,,,,,,,,,,,,,,,,,,,,,,,,,,,,,,,,,,,,,,,,,,,,,,,,,,,,,,,,,,,,,,,,,,,,,,,,,,,,,,,,,,,,,,,,,,,,,,,,,,,,,,,,,,,,,,,,,,,,,,,,,,,,,,,,,,,,,,,,,,,,,,,74507,"<span lang=""EN-GB"">Suppose
     you want to read a digital document when you are at home with people you
     are close to (e.g., friends, family members).<strong><o:p></o:p></strong></span>"
10/19/2018 13:24,10/19/2018 13:36,0,184.220.172.143,100,742,1,10/19/2018 13:36,R_3gUwKKBFbblc41l,,,,,35.25999451,-80.80419922,anonymous,EN,"1,2,3,4","2,4",,"1,3",,"2,3,4",,1,,1,,2,3,,2,,2,"2,3",,2,,"2,3",,2,,1,,"1,2",,"2,4",,,,,,,,,,,,,,,,,,,,,,,,,,,,,,"2,4",,1,,"2,3",,1,,1,,2,"2,3",,2,,2,,"1,3",,3,,2,,"2,3",,"1,2",,1,,,,,,,,,,,,,,,,,,,,,,,,,,,,,,,2,,1,,2,,1,,1,,2,3,,2,,3,,2,,3,,2,,2,,1,,"1,2",,,,,,,,,,,,,,,,,,,,,,,,,,,,,,,,,,,,,,,,,,,,,,,,,,,,,,,,,,,,,,,,,,,86578,"<span lang=""EN-GB"">Suppose
     you want to listen to some audio when you are with your close friends in a
     park.<o:p></o:p></span>"
10/19/2018 13:38,10/19/2018 13:39,0,207.244.77.16,100,70,1,10/19/2018 13:39,R_2AGBRWQmqQuiwd3,,,,,38.85899353,-77.09970093,anonymous,EN,2,,,,,,,,,,,,,,,,,,,,,,,,,,,,,,,,,,,,,,,,,,,,,,,,,,,,,,,,,,,,,,,,,,,,,,,,,,,,,,,,,,,,,,,,,,,,,,,,,,,,,,,,,,,,,,,,,,,,,,,,,,,,,,,,,,,,,,,,,,,,,,,,,,,,,,,,,,,,,,,,,,,,,,,,,,,,,,,,,,,,,,,,,,,,,,,,,,,,,,,,,,,,,,,,,,,5586,"<span lang=""EN-GB"">Suppose you want to browse the internet when you alone at a park.<o:p></o:p></span>"
10/19/2018 14:03,10/19/2018 14:06,0,70.189.219.67,100,169,1,10/19/2018 14:06,R_2fIoUXM7g8WgdSp,,,,,36.24499512,-115.2742996,anonymous,EN,"2,3,4,6","2,6",text based from phone,"2,3",,1,,3,,"3,4",,"2,3","2,3",,"2,3",,2,2,,"1,3",,"2,3",,"1,3",,"1,3",,2,,,,,,,,,,,,,,,,,,,,,,,,,,,,,,,,,,,,,,,,,,,,,,,,,,,,,,,,,,,,,,,,,,,,,,,,,,,,,,,,,,,,,,,,,,,,,,,,,,,,,,,,,,,,,,,,,,,,,,,,,,,,,,,,,,,,,,,,,,,,,,,,,,,,,,,,,,,,,,,,,,,,,,,,,,,,,,,,,,,,,,,,7243,"<span lang=""EN-GB"">Suppose
     you want to listen to some audio when you are alone at your home.<strong><o:p></o:p></strong></span>"
10/19/2018 14:06,10/19/2018 14:11,0,70.189.219.67,100,267,1,10/19/2018 14:11,R_sLNfl8KQCp32Scx,,,,,36.24499512,-115.2742996,anonymous,EN,"2,3,4,5,6","3,4",,"1,2",,"1,2,3,4",,1,,"2,3",,"1,2","2,3",,"2,3",,2,"1,2,3,4",,"1,2",,4,,"1,2",,"2,3",,1,,,,,,,,,,,,,,,,,,,,,,,,,,,,,,,,,,,,,,,,,,,,,,,,,,,,,,,,,,,,,,,,,,,,,,,,,,,,,,,,,,,,,,,,,,,,,,,,,,,,,,,,,,,,,,,,,,,,,,,,,,,,,,,,,,,,,,,,,,,,,,,,,,,,,,,,,,,,,,,,,,,,,,,,,,,,,,,,,,,,,,,,38725,"<span lang=""EN-GB"">Suppose
     you want to set up a reminder about something when you are at Starbucks by
     yourself.<o:p></o:p></span>"
10/19/2018 14:05,10/19/2018 14:14,0,108.219.51.173,100,543,1,10/19/2018 14:14,R_e8oC5i5qvXfOCFr,,,,,39.0151062,-95.64389801,anonymous,EN,"1,2,3","2,4",,2,,"1,2",,3,,1,,1,"1,3",,2,,1,2,,"1,2",,6,,2,,5,,4,,"1,3",5,,5,,"1,2",,3,,1,,1,"1,3",,5,,2,,3,,2,,2,,2,,5,,4,,,,,,,,,,,,,,,,,,,,,,,,,,,,,,,5,,5,,1,,3,,1,,1,"1,3",,5,,5,,2,,2,,5,,2,,5,,4,,,,,,,,,,,,,,,,,,,,,,,,,,,,,,,,,,,,,,,,,,,,,,,,,,,,,,,,,,,,,,,,,,,,,,,,,,,,,,,,,,,,,,,,,,,,,,,,92570,"<span lang=""EN-GB"">Suppose
     you want to read a digital document when you are alone at home.<strong><o:p></o:p></strong></span>"
10/19/2018 14:13,10/19/2018 14:17,0,208.105.149.194,100,260,1,10/19/2018 14:17,R_2qgQUeIDGZlgiOY,,,,,42.89370728,-73.35810089,anonymous,EN,"3,4,5",2,,5,,"1,2",,3,,"1,3",,3,5,,2,,3,6,,5,,6,,2,,5,,1,,,,,,,,,,,,,,,,,,,,,,,,,,,,,,,,,,,,,,,,,,,,,,,,,,,,,,,,,,,,,,,,,,,,,,,,,,,,,,,,,,,,,,,,,,,,,,,,,,,,,,,,,,,,,,,,,,,,,,,,,,,,,,,,,,,,,,,,,,,,,,,,,,,,,,,,,,,,,,,,,,,,,,,,,,,,,,,,,,,,,,,,61847,"<span lang=""EN-GB"">Suppose you are at home with people you are close to (e.g., friends, family members) when you realize today is the last day to pay one of your bills online.<o:p></o:p></span>"
10/19/2018 15:06,10/19/2018 15:06,0,50.5.57.98,100,20,1,10/19/2018 15:06,R_3pg4VQRIrTwhTGS,,,,,39.21000671,-84.39499664,anonymous,EN,"1,2",,,,,,,,,,,,,,,,,,,,,,,,,,,,,,,,,,,,,,,,,,,,,,,,,,,,,,,,,,,,,,,,,,,,,,,,,,,,,,,,,,,,,,,,,,,,,,,,,,,,,,,,,,,,,,,,,,,,,,,,,,,,,,,,,,,,,,,,,,,,,,,,,,,,,,,,,,,,,,,,,,,,,,,,,,,,,,,,,,,,,,,,,,,,,,,,,,,,,,,,,,,,,,,,,,,20882,"<span lang=""EN-GB"">Suppose
     you want to find a route to home when you are alone at Starbucks.<o:p></o:p></span>"
10/19/2018 15:20,10/19/2018 15:20,0,12.40.206.6,100,14,1,10/19/2018 15:20,R_1pst3PMOTByyeEH,,,,,42.64419556,-82.89849854,anonymous,EN,"2,3",,,,,,,,,,,,,,,,,,,,,,,,,,,,,,,,,,,,,,,,,,,,,,,,,,,,,,,,,,,,,,,,,,,,,,,,,,,,,,,,,,,,,,,,,,,,,,,,,,,,,,,,,,,,,,,,,,,,,,,,,,,,,,,,,,,,,,,,,,,,,,,,,,,,,,,,,,,,,,,,,,,,,,,,,,,,,,,,,,,,,,,,,,,,,,,,,,,,,,,,,,,,,,,,,,,92464,"<span lang=""EN-GB"">Suppose you want to control some devices/appliances (e.g., smart lights) when you are alone at home.<o:p></o:p></span>"
10/19/2018 15:21,10/19/2018 15:22,0,75.162.232.98,100,25,1,10/19/2018 15:22,R_1FOIBxuLz0LBkpn,,,,,41.58050537,-93.74469757,anonymous,EN,"1,4",,,,,,,,,,,,,,,,,,,,,,,,,,,,,,,,,,,,,,,,,,,,,,,,,,,,,,,,,,,,,,,,,,,,,,,,,,,,,,,,,,,,,,,,,,,,,,,,,,,,,,,,,,,,,,,,,,,,,,,,,,,,,,,,,,,,,,,,,,,,,,,,,,,,,,,,,,,,,,,,,,,,,,,,,,,,,,,,,,,,,,,,,,,,,,,,,,,,,,,,,,,,,,,,,,,31220,"<span lang=""EN-GB"">Suppose
     you want to watch&nbsp; some video when
     you are with people you know (e.g., acquaintances, colleagues) at
     Starbucks<o:p></o:p></span>"
10/19/2018 15:27,10/19/2018 15:28,0,172.114.54.32,100,26,1,10/19/2018 15:28,R_3kHchHE4vGxfMxP,,,,,33.97309875,-118.2478943,anonymous,EN,"1,4",,,,,,,,,,,,,,,,,,,,,,,,,,,,,,,,,,,,,,,,,,,,,,,,,,,,,,,,,,,,,,,,,,,,,,,,,,,,,,,,,,,,,,,,,,,,,,,,,,,,,,,,,,,,,,,,,,,,,,,,,,,,,,,,,,,,,,,,,,,,,,,,,,,,,,,,,,,,,,,,,,,,,,,,,,,,,,,,,,,,,,,,,,,,,,,,,,,,,,,,,,,,,,,,,,,4735,"<span lang=""EN-GB"">Suppose
     you want to purchase something online when you are with people you are
     close to (e.g., friends, family members).<o:p></o:p></span>"
10/19/2018 15:28,10/19/2018 15:28,0,172.114.54.32,100,23,1,10/19/2018 15:28,R_3m7tJcBEMhqSOLo,,,,,33.97309875,-118.2478943,anonymous,EN,2,,,,,,,,,,,,,,,,,,,,,,,,,,,,,,,,,,,,,,,,,,,,,,,,,,,,,,,,,,,,,,,,,,,,,,,,,,,,,,,,,,,,,,,,,,,,,,,,,,,,,,,,,,,,,,,,,,,,,,,,,,,,,,,,,,,,,,,,,,,,,,,,,,,,,,,,,,,,,,,,,,,,,,,,,,,,,,,,,,,,,,,,,,,,,,,,,,,,,,,,,,,,,,,,,,,83016,"<span lang=""EN-GB"">Suppose
     you want to find a route to home when you are alone at Starbucks.<o:p></o:p></span>"
10/19/2018 15:26,10/19/2018 15:30,0,98.181.23.130,100,255,1,10/19/2018 15:30,R_1K2MSjdEBsGWHAl,,,,,30.45899963,-90.90270233,anonymous,EN,"1,2,4","2,4,5",,1,,"1,2,3",,1,,1,,1,"1,2,3",,"1,3",,"2,3","1,2,3,4",,"1,2",,"2,3,4",,"1,2",,"2,3",,"1,2",,,,,,,,,,,,,,,,,,,,,,,,,,,,,,,,,,,,,,,,,,,,,,,,,,,,,,,,,,,,,,,,,,,,,,,,,,,,,,,,,,,,,,,,,,,,,,,,,,,,,,,,,,,,,,,,,,,,,,,,,,,,,,,,,,,,,,,,,,,,,,,,,,,,,,,,,,,,,,,,,,,,,,,,,,,,,,,,,,,,,,,,28833,"<span lang=""EN-GB"">Suppose you want to browse through one of your social media profiles when you&nbsp;</span>are at your home."
10/19/2018 15:33,10/19/2018 15:37,0,186.96.124.237,100,286,1,10/19/2018 15:37,R_3kdFnGBWpIBQsko,,,,,4.649200439,-74.06279755,anonymous,EN,"1,2,3,4","1,2",,1,,"2,3",,1,,1,,2,"1,2",,"1,2,3",,1,"2,3,4",,2,,"1,2,3,4",,2,,"1,2,3",,2,,,,,,,,,,,,,,,,,,,,,,,,,,,,,,,,,,,,,,,,,,,,,,,,,,,,,,,,,,,,,,,,,,,,,,,,,,,,,,,,,,,,,,,,,,,,,,,,,,,,,,,,,,,,,,,,,,,,,,,,,,,,,,,,,,,,,,,,,,,,,,,,,,,,,,,,,,,,,,,,,,,,,,,,,,,,,,,,,,,,,,,,95715,"<span lang=""EN-GB"">Suppose
     you want to find a route to home when you are at Starbucks with people you
     know (e.g., acquaintances, colleagues).<o:p></o:p></span>"
10/19/2018 15:40,10/19/2018 15:40,0,216.106.128.226,100,11,1,10/19/2018 15:40,R_3lK24hI12KXOvqj,,,,,43.03540039,-76.12819672,anonymous,EN,"1,5",,,,,,,,,,,,,,,,,,,,,,,,,,,,,,,,,,,,,,,,,,,,,,,,,,,,,,,,,,,,,,,,,,,,,,,,,,,,,,,,,,,,,,,,,,,,,,,,,,,,,,,,,,,,,,,,,,,,,,,,,,,,,,,,,,,,,,,,,,,,,,,,,,,,,,,,,,,,,,,,,,,,,,,,,,,,,,,,,,,,,,,,,,,,,,,,,,,,,,,,,,,,,,,,,,,68477,"<span lang=""EN-GB"">Suppose
     you want to listen to some audio when you are at home with people you are
     close to (e.g., friends, family members).<strong><o:p></o:p></strong></span>"
10/19/2018 15:40,10/19/2018 15:41,0,216.106.128.226,100,66,1,10/19/2018 15:41,R_D2yeUlVnthaj7vr,,,,,43.03540039,-76.12819672,anonymous,EN,"1,3,4",1,,1,,1,,1,,1,,2,1,,1,,1,1,,1,,1,,2,,1,,1,,,,,,,,,,,,,,,,,,,,,,,,,,,,,,,,,,,,,,,,,,,,,,,,,,,,,,,,,,,,,,,,,,,,,,,,,,,,,,,,,,,,,,,,,,,,,,,,,,,,,,,,,,,,,,,,,,,,,,,,,,,,,,,,,,,,,,,,,,,,,,,,,,,,,,,,,,,,,,,,,,,,,,,,,,,,,,,,,,,,,,,,63051,"<span lang=""EN-GB"">Suppose
     you want to listen to some audio when you are with your close friends in a
     park.<o:p></o:p></span>"
10/19/2018 15:42,10/19/2018 15:44,0,72.94.218.3,100,126,1,10/19/2018 15:44,R_3HZF7SHdrbpd0GE,,,,,40.58169556,-75.32550049,anonymous,EN,"1,2,3,4,6","3,5",,"2,3",,"2,3",,1,,"3,4",,"2,3","1,3",,"1,3",,"1,2","3,4",,"1,3",,"1,3",,1,,"1,3",,4,,,,,,,,,,,,,,,,,,,,,,,,,,,,,,,,,,,,,,,,,,,,,,,,,,,,,,,,,,,,,,,,,,,,,,,,,,,,,,,,,,,,,,,,,,,,,,,,,,,,,,,,,,,,,,,,,,,,,,,,,,,,,,,,,,,,,,,,,,,,,,,,,,,,,,,,,,,,,,,,,,,,,,,,,,,,,,,,,,,,,,,,80388,"<span lang=""EN-GB"">Suppose
     you want to a send a text message when you with people you know (e.g., acquaintances,
     colleagues) at a street<strong>.</strong><o:p></o:p></span>"
10/19/2018 15:44,10/19/2018 15:45,0,73.110.42.183,100,79,1,10/19/2018 15:45,R_3NQxTHWh2QbjrPv,,,,,41.87919617,-87.8431015,anonymous,EN,"1,2,3,4,6","1,2",,2,,"3,4",,1,,3,,3,2,,2,,2,"3,4",,2,,4,,2,,"1,2",,2,,,,,,,,,,,,,,,,,,,,,,,,,,,,,,,,,,,,,,,,,,,,,,,,,,,,,,,,,,,,,,,,,,,,,,,,,,,,,,,,,,,,,,,,,,,,,,,,,,,,,,,,,,,,,,,,,,,,,,,,,,,,,,,,,,,,,,,,,,,,,,,,,,,,,,,,,,,,,,,,,,,,,,,,,,,,,,,,,,,,,,,,569,"<span lang=""EN-GB"">Suppose
     you want to set up a reminder when you are at a park by yourself.<o:p></o:p></span>"
10/19/2018 15:46,10/19/2018 15:46,0,24.131.166.213,100,20,1,10/19/2018 15:46,R_3GvrYZwjjWR5EWt,,,,,44.76089478,-93.27529907,anonymous,EN,"2,4",,,,,,,,,,,,,,,,,,,,,,,,,,,,,,,,,,,,,,,,,,,,,,,,,,,,,,,,,,,,,,,,,,,,,,,,,,,,,,,,,,,,,,,,,,,,,,,,,,,,,,,,,,,,,,,,,,,,,,,,,,,,,,,,,,,,,,,,,,,,,,,,,,,,,,,,,,,,,,,,,,,,,,,,,,,,,,,,,,,,,,,,,,,,,,,,,,,,,,,,,,,,,,,,,,,71272,"<span lang=""EN-GB"">Suppose
     you want to a view a text message when you are surrounded with people you
     are close to (e.g., friends, family members) at your home.<strong><o:p></o:p></strong></span>"
10/19/2018 15:42,10/19/2018 15:46,0,216.106.128.226,100,267,1,10/19/2018 15:46,R_1gSnGamTEWytTQK,,,,,43.03540039,-76.12819672,anonymous,EN,"1,2,3,4,5,6",1,,1,,1,,1,,1,,1,1,,1,,1,1,,1,,1,,1,,1,,1,,"2,5",,,,,,,,,,,,,,,,,,,,,,,,,,,,,,1,,1,,1,,1,,1,,1,1,,"2,3",,"1,2,3",,1,,"2,4",,1,,"2,3",,1,,"1,2",,,,,,,,,,,,,,,,,,,,,,,,,,,,,,,,,,,,,,,,,,,,,,,,,,,,,,,,,,,,1,,1,,1,,1,,2,,1,1,,3,,5,,1,,"1,2,6",,2,,"1,3",,1,,1,,,,,,,,,,,,,,,,,,,,,,,,,,,,,,,,,,,,,,14209,"<span lang=""EN-GB"">Suppose
     you want to listen to some audio when you are with people you know (e.g.,
     acquaintances, colleagues) in a park.<o:p></o:p></span>


<p><span lang=""EN-GB"" style=""color:red"">&nbsp;</span></p>"
10/19/2018 15:48,10/19/2018 15:50,0,216.106.128.226,100,153,1,10/19/2018 15:50,R_2s15OcOlClpq9hr,,,,,43.03540039,-76.12819672,anonymous,EN,"3,4,6",1,,1,,1,,1,,1,,1,1,,1,,1,1,,1,,1,,1,,1,,1,,4,,,,,,,,,,,,,,,,,,,,,,,,,,,,,,,,,,,,,,,,,,,,,,,,,,,,,,,,,,,,,,,,,,,,,,,,,,,,,,,,,,,,,,,,1,,1,,1,,1,,1,,1,1,,"1,2",,"1,2",,1,,"1,4,6",,1,,"1,2",,1,,1,,,,,,,,,,,,,,,,,,,,,,,,,,,,,,,,,,,,,,,,,,,,,,,,,,,,,,,,,,,,,,,,,,,21909,"<span lang=""EN-GB"">Suppose
     you are at starbucks and you realize today is the last day to pay one of
     your bills online.<o:p></o:p></span>"
10/19/2018 15:49,10/19/2018 15:53,0,98.221.122.111,100,282,1,10/19/2018 15:53,R_27NFWFXFZbgP9sb,,,,,40.47749329,-74.62719727,anonymous,EN,"1,2,3,4",2,,1,,"1,2,3",,1,,1,,"2,3","1,2",,2,,"2,3","2,3,4",,"2,3",,3,,"1,2,3",,5,,4,,,,,,,,,,,,,,,,,,,,,,,,,,,,,,,,,,,,,,,,,,,,,,,,,,,,,,,,,,,,,,,,,,,,,,,,,,,,,,,,,,,,,,,,,,,,,,,,,,,,,,,,,,,,,,,,,,,,,,,,,,,,,,,,,,,,,,,,,,,,,,,,,,,,,,,,,,,,,,,,,,,,,,,,,,,,,,,,,,,,,,,,57613,"Suppose you want to purchase something (e.g., book,
     household items) online when you are with people
     you know (e.g., acquaintances, colleagues) at
     Starbucks.<o:p></o:p>"
10/19/2018 15:57,10/19/2018 16:01,0,63.210.214.99,100,217,1,10/19/2018 16:01,R_6Ke7rAOWBa6Wfvj,,,,,40.74429321,-73.97810364,anonymous,EN,"1,2,3","2,5",,2,,"1,2,3",,3,,1,,4,"1,2",,5,,3,3,,2,,7,,2,,"1,3",,4,,,,,,,,,,,,,,,,,,,,,,,,,,,,,,,,,,,,,,,,,,,,,,,,,,,,,,,,,,,,,,,,,,,,,,,,,,,,,,,,,,,,,,,,,,,,,,,,,,,,,,,,,,,,,,,,,,,,,,,,,,,,,,,,,,,,,,,,,,,,,,,,,,,,,,,,,,,,,,,,,,,,,,,,,,,,,,,,,,,,,,,,84827,"<span lang=""EN-GB"" style=""font-size:11.0pt;line-height:115%;
font-family:&quot;Arial&quot;,sans-serif;mso-fareast-font-family:Arial;mso-ansi-language:
EN-GB;mso-fareast-language:EN-US;mso-bidi-language:AR-SA"">Suppose you have
planned to meet a friend next week and you want put this on your calendar<span style=""color:#434343""> when you with </span>people you know (e.g.,
acquaintances, colleagues)<span style=""color:#434343""> at a park</span></span>"
10/19/2018 15:58,10/19/2018 16:05,0,174.65.16.219,100,400,1,10/19/2018 16:05,R_24pIySCIqjWMVbi,,,,,32.72399902,-116.9976044,anonymous,EN,"1,2,3,4","1,2,5",,1,,"1,3",,1,,2,,2,"1,2,3",,3,,2,6,,5,,"1,3",,5,,1,,4,,2,,,,,,,,,,,,,,,,,,,,,,,,,,,,,,"1,3",,1,,1,,1,,2,,2,"1,2,3",,2,,2,,6,,"1,3",,5,,"1,3",,1,,1,,,,,,,,,,,,,,,,,,,,,,,,,,,,,,,,,,,,,,,,,,,,,,,,,,,,,,,,,,,,,,,,,,,,,,,,,,,,,,,,,,,,,,,,,,,,,,,,,,,,,,,,,,,,,,,,,,,,,,female,35,homemaker,6,1,,2,78408,"Suppose
     you want to call your mother for sharing an important update about your
     life when you are surrounded by people you
     know (e.g., acquaintances, colleagues) at a restaurant.<o:p></o:p>"
10/19/2018 16:03,10/19/2018 16:07,0,96.47.238.101,100,252,1,10/19/2018 16:07,R_2BrplmbrkJZexy9,,,,,25.78059387,-80.18260193,anonymous,EN,1,,,,,,,,,,,,,,,,,,,,,,,,,,,,,,,,,,,,,,,,,,,,,,,,,,,,,,,,,,,,,,,,,,,,,,,,,,,,,,,,,,,,,,,,,,,,,,,,,,,,,,,,,,,,,,,,,,,,,,,,,,,,,,,,,,,,,,,,,,,,,,,,,,,,,,,,,,,,,,,,,,,,,,,,,,,,,,,,,,,,,,,,,,,,,,,,,,,,,,,,,,,,,,,,,,,60868,"<span lang=""EN-GB"">Suppose you are at a coffee shop, you have just read a book you loved and now&nbsp;</span>you want to write a review for it to share with your close family and friends."
10/19/2018 16:22,10/19/2018 16:22,0,96.42.142.186,100,34,1,10/19/2018 16:22,R_2Sct11o5szRiIJn,,,,,43.96879578,-86.44029999,anonymous,EN,2,,,,,,,,,,,,,,,,,,,,,,,,,,,,,,,,,,,,,,,,,,,,,,,,,,,,,,,,,,,,,,,,,,,,,,,,,,,,,,,,,,,,,,,,,,,,,,,,,,,,,,,,,,,,,,,,,,,,,,,,,,,,,,,,,,,,,,,,,,,,,,,,,,,,,,,,,,,,,,,,,,,,,,,,,,,,,,,,,,,,,,,,,,,,,,,,,,,,,,,,,,,,,,,,,,,81256,"<span lang=""EN-GB"">Suppose you have planned to meet a friend next week and you want to put this on your calendar when you are alone at a park<o:p></o:p></span>"
10/19/2018 16:24,10/19/2018 16:25,0,76.5.110.102,100,99,1,10/19/2018 16:25,R_s893Fe3eAxQF9Tj,,,,,40.17720032,-77.23120117,anonymous,EN,"1,2,4","1,4",,"1,2",,"2,3",,1,,"3,4",,2,"1,2",,"2,3",,2,"2,4",,"1,2",,"2,4",,2,,"1,3",,"1,2",,4,,,,,,,,,,,,,,,,,,,,,,,,,,,,,,,,,,,,,,,,,,,,,,,,,,,,,,,,,,,,,,,,,,,,,,,,,,,,,,,,,,,,,,,,2,,2,,"1,4",,1,,"2,4",,"2,3","2,3",,"2,3",,"2,3",,"2,4",,"2,3,4",,"2,3",,"2,4",,"1,3",,"1,2",,,,,,,,,,,,,,,,,,,,,,,,,,,,,,,,,,,,,,,,,,,,,,,,,,,,,,,,,,,,,,,,,,,60425,"<span lang=""EN-GB"">Suppose you have planned to meet a friend next week and you want to put this on your calendar when you are alone at Starbucks.<o:p></o:p></span>"
10/19/2018 16:28,10/19/2018 16:36,0,76.118.56.130,100,491,1,10/19/2018 16:36,R_w0Kw3akeevyQjNn,,,,,41.85609436,-72.66390228,anonymous,EN,"1,2,3,4,5,6","1,2,3,4,5",,"1,2,3",,"1,2,3,4",,1,,"1,2,3,4",,4,"1,2,3",,"1,2,3",,4,"1,2,3,4",,"1,2,3",,"1,2,3,4",,"1,2,3",,"1,2,3",,"1,2",,4,,,,,,,,,,,,,,,,,,,,,,,,,,,,,,,,,,,,,,,,,,,,,,,,,,,,,,,,,,,,,,,,,,,,,,,,,,,,,,,,,,,,,,,,"1,2,3,4,5",,"1,2,3",,"1,3",,1,,"1,2",,4,"1,2,3",,"1,2,3",,"1,2,3",,"2,3,4",,"1,2,3,4",,"1,2,3",,"1,2,3,4",,"1,2",,"1,2",,,,,,,,,,,,,,,,,,,,,,,,,,,,,,,,,,,,,,,,,,,,,,,,,,,,,,,,,,,,male,25,accounting,4,4,,3,32813,"<span lang=""EN-GB"">Suppose
     you want to watch some video when you are with your close friends in a
     park.<o:p></o:p></span>"
10/19/2018 16:38,10/19/2018 16:38,0,68.57.122.148,100,15,1,10/19/2018 16:38,R_0oMijHKacJgbip3,,,,,36.2953949,-82.49019623,anonymous,EN,1,,,,,,,,,,,,,,,,,,,,,,,,,,,,,,,,,,,,,,,,,,,,,,,,,,,,,,,,,,,,,,,,,,,,,,,,,,,,,,,,,,,,,,,,,,,,,,,,,,,,,,,,,,,,,,,,,,,,,,,,,,,,,,,,,,,,,,,,,,,,,,,,,,,,,,,,,,,,,,,,,,,,,,,,,,,,,,,,,,,,,,,,,,,,,,,,,,,,,,,,,,,,,,,,,,,99135,"<span lang=""EN-GB"" style=""font-size:11.0pt;line-height:115%;
font-family:&quot;Arial&quot;,sans-serif;mso-fareast-font-family:Arial;mso-ansi-language:
EN-GB;mso-fareast-language:EN-US;mso-bidi-language:AR-SA"">Suppose you want to
find a route to a coffee shop when you are alone at home.</span>"
10/19/2018 16:41,10/19/2018 16:44,0,71.212.102.36,100,204,1,10/19/2018 16:44,R_3qvN7mK1RVZqnyQ,,,,,47.53439331,-122.3546982,anonymous,EN,"1,2,4,5","1,2",,2,,1,,1,,1,,1,"1,2,3",,2,,2,2,,2,,2,,2,,2,,"1,2",,,,,,,,,,,,,,,,,,,,,,,,,,,,,,,,,,,,,,,,,,,,,,,,,,,,,,,,,,,,,,,,,,,,,,,,,,,,,,,,,,,,,,,,,,,,,,,,,,,,,,,,,,,,,,,,,,,,,,,,,,,,,,,,,,,,,,,,,,,,,,,,,,,,,,,,,,,,,,,,,,,,,,,,,,,,,,,,,,,,,,,,57425,"<span lang=""EN-GB"">Suppose you want to browse the internet when you alone at a park.<o:p></o:p></span>"
10/19/2018 16:53,10/19/2018 16:57,0,73.28.132.137,100,273,1,10/19/2018 16:57,R_1poJYbm8qVPtbhU,,,,,27.26660156,-82.51629639,anonymous,EN,"1,2,4,5",7,,5,,2,,1,,1,,3,3,,3,,2,2,,2,,7,,2,,1,,4,,,,,,,,,,,,,,,,,,,,,,,,,,,,,,,,,,,,,,,,,,,,,,,,,,,,,,,,,,,,,,,,,,,,,,,,,,,,,,,,,,,,,,,,,,,,,,,,,,,,,,,,,,,,,,,,,,,,,,,,,,,,,,,,,,,,,,,,,,,,,,,,,,,,,,,,,,,,,,,,,,,,,,,,,,,,,,,,,,,,,,,,64590,"<span lang=""EN-GB"" style=""font-size:11.0pt;line-height:115%;
font-family:&quot;Arial&quot;,sans-serif;mso-fareast-font-family:Arial;mso-ansi-language:
EN-GB;mso-fareast-language:EN-US;mso-bidi-language:AR-SA"">Suppose you want to
take a click a photo when you are at Starbucks.</span>"
10/19/2018 17:04,10/19/2018 17:23,0,68.0.165.247,100,1144,1,10/19/2018 17:23,R_2rGvURsPAkQXp7M,,,,,31.53649902,-110.2666016,anonymous,EN,"1,3,4",2,,"1,3",,"1,2,3",,3,,"1,3",,"2,3","1,3",,"1,2",,1,"1,3",,"1,2",,3,,"1,2",,"1,3",,2,,,,,,,,,,,,,,,,,,,,,,,,,,,,,,,,,,,,,,,,,,,,,,,,,,,,,,,,,,,,,,,,,,,,,,,,,,,,,,,,,,,,,,,,,,,,,,,,,,,,,,,,,,,,,,,,,,,,,,,,,,,,,,,,,,,,,,,,,,,,,,,,,,,,,,,,,,,,,,,,,,,,,,,,,,,,,,,,,,,,,,,,79045,"Suppose you want to purchase something online when
     you are with people you know (e.g., acquaintances,
     colleagues) at a park.<o:p></o:p>"
10/19/2018 17:27,10/19/2018 17:35,0,71.231.76.16,100,458,1,10/19/2018 17:35,R_3L8gc2bQxjnhzf3,,,,,47.90170288,-122.2472,anonymous,EN,"1,2,3,4","1,2",,1,,3,,1,,3,,4,"2,3",,"1,2,3",,"2,3",2,,"1,2",,"1,3",,"1,2",,"1,3",,2,,,,,,,,,,,,,,,,,,,,,,,,,,,,,,,,,,,,,,,,,,,,,,,,,,,,,,,,,,,,,,,,,,,,,,,,,,,,,,,,,,,,,,,,,,,,,,,,,,,,,,,,,,,,,,,,,,,,,,,,,,,,,,,,,,,,,,,,,,,,,,,,,,,,,,,,,,,,,,,,,,,,,,,,,,,,,,,,,,,,,,,,7714,"<span lang=""EN-GB"" style=""font-size:11.0pt;line-height:115%;
font-family:&quot;Arial&quot;,sans-serif;mso-fareast-font-family:Arial;mso-ansi-language:
EN-GB;mso-fareast-language:EN-US;mso-bidi-language:AR-SA"">Suppose you want to check your social media when you are alone in a park.</span>"
10/19/2018 18:13,10/19/2018 18:13,0,69.136.185.8,100,6,1,10/19/2018 18:13,R_3FRTHesAhj8nyTs,,,,,41.7454071,-87.71350098,anonymous,EN,3,,,,,,,,,,,,,,,,,,,,,,,,,,,,,,,,,,,,,,,,,,,,,,,,,,,,,,,,,,,,,,,,,,,,,,,,,,,,,,,,,,,,,,,,,,,,,,,,,,,,,,,,,,,,,,,,,,,,,,,,,,,,,,,,,,,,,,,,,,,,,,,,,,,,,,,,,,,,,,,,,,,,,,,,,,,,,,,,,,,,,,,,,,,,,,,,,,,,,,,,,,,,,,,,,,,28930,"<span lang=""EN-GB"">Suppose
     you want to purchase something online when you are alone at your home.<o:p></o:p></span>"
10/19/2018 18:13,10/19/2018 18:14,0,69.136.185.8,100,32,1,10/19/2018 18:14,R_1i3YtfX5z9A1vgb,,,,,41.7454071,-87.71350098,anonymous,EN,"1,3,4,6",3,,3,,3,,3,,4,,2,2,,2,,3,3,,2,,2,,2,,3,,2,,,,,,,,,,,,,,,,,,,,,,,,,,,,,,,,,,,,,,,,,,,,,,,,,,,,,,,,,,,,,,,,,,,,,,,,,,,,,,,,,,,,,,,,,,,,,,,,,,,,,,,,,,,,,,,,,,,,,,,,,,,,,,,,,,,,,,,,,,,,,,,,,,,,,,,,,,,,,,,,,,,,,,,,,,,,,,,,,,,,,,,,18182,"<span lang=""EN-GB"">Suppose
     you want to purchase something online when you are alone at Starbucks.<o:p></o:p></span>"
10/19/2018 21:27,10/19/2018 21:28,0,104.200.37.103,100,33,1,10/19/2018 21:28,R_2OHhxedh7Ifwwqq,,,,,35.66650391,-97.4654007,anonymous,EN,"2,3",,,,,,,,,,,,,,,,,,,,,,,,,,,,,,,,,,,,,,,,,,,,,,,,,,,,,,,,,,,,,,,,,,,,,,,,,,,,,,,,,,,,,,,,,,,,,,,,,,,,,,,,,,,,,,,,,,,,,,,,,,,,,,,,,,,,,,,,,,,,,,,,,,,,,,,,,,,,,,,,,,,,,,,,,,,,,,,,,,,,,,,,,,,,,,,,,,,,,,,,,,,,,,,,,,,89967,"<span lang=""EN-GB"">Suppose
     you want to a send a text message when you are alone at home<strong><o:p></o:p></strong></span>"
10/19/2018 21:28,10/19/2018 21:28,0,104.200.37.103,100,7,1,10/19/2018 21:28,R_3qJ2VQbrjol49Sn,,,,,35.66650391,-97.4654007,anonymous,EN,2,,,,,,,,,,,,,,,,,,,,,,,,,,,,,,,,,,,,,,,,,,,,,,,,,,,,,,,,,,,,,,,,,,,,,,,,,,,,,,,,,,,,,,,,,,,,,,,,,,,,,,,,,,,,,,,,,,,,,,,,,,,,,,,,,,,,,,,,,,,,,,,,,,,,,,,,,,,,,,,,,,,,,,,,,,,,,,,,,,,,,,,,,,,,,,,,,,,,,,,,,,,,,,,,,,,34604,"<span lang=""EN-GB"" style=""font-size:11.0pt;line-height:115%;
font-family:&quot;Arial&quot;,sans-serif;mso-fareast-font-family:Arial;mso-ansi-language:
EN-GB;mso-fareast-language:EN-US;mso-bidi-language:AR-SA"">Suppose you want to
read a digital document when you are at Starbucks surrounded with your close
friends.</span>"
10/19/2018 21:28,10/19/2018 21:28,0,104.200.37.103,100,5,1,10/19/2018 21:28,R_1cV5a1giLRGJGpB,,,,,35.66650391,-97.4654007,anonymous,EN,1,,,,,,,,,,,,,,,,,,,,,,,,,,,,,,,,,,,,,,,,,,,,,,,,,,,,,,,,,,,,,,,,,,,,,,,,,,,,,,,,,,,,,,,,,,,,,,,,,,,,,,,,,,,,,,,,,,,,,,,,,,,,,,,,,,,,,,,,,,,,,,,,,,,,,,,,,,,,,,,,,,,,,,,,,,,,,,,,,,,,,,,,,,,,,,,,,,,,,,,,,,,,,,,,,,,41078,"<span lang=""EN-GB"">Suppose
     you want to set up a reminder when you are with people you know (e.g.,
     acquaintances, colleagues) at your home.<o:p></o:p></span>"
10/19/2018 21:28,10/19/2018 21:29,0,104.200.37.103,100,5,1,10/19/2018 21:29,R_bNKUuho5d1XoUwN,,,,,35.66650391,-97.4654007,anonymous,EN,2,,,,,,,,,,,,,,,,,,,,,,,,,,,,,,,,,,,,,,,,,,,,,,,,,,,,,,,,,,,,,,,,,,,,,,,,,,,,,,,,,,,,,,,,,,,,,,,,,,,,,,,,,,,,,,,,,,,,,,,,,,,,,,,,,,,,,,,,,,,,,,,,,,,,,,,,,,,,,,,,,,,,,,,,,,,,,,,,,,,,,,,,,,,,,,,,,,,,,,,,,,,,,,,,,,,92194,"<span lang=""EN-GB"">Suppose you are at Starbucks with your close friends and you realize today is the last day to pay one of your bills online.<o:p></o:p></span>"
10/19/2018 21:29,10/19/2018 21:29,0,104.200.37.103,100,6,1,10/19/2018 21:29,R_WjjbIznE6NQn2Pn,,,,,35.66650391,-97.4654007,anonymous,EN,4,,,,,,,,,,,,,,,,,,,,,,,,,,,,,,,,,,,,,,,,,,,,,,,,,,,,,,,,,,,,,,,,,,,,,,,,,,,,,,,,,,,,,,,,,,,,,,,,,,,,,,,,,,,,,,,,,,,,,,,,,,,,,,,,,,,,,,,,,,,,,,,,,,,,,,,,,,,,,,,,,,,,,,,,,,,,,,,,,,,,,,,,,,,,,,,,,,,,,,,,,,,,,,,,,,,23738,"<span lang=""EN-GB"">Suppose you want to call your mother for sharing an important
     update about your life when you are surrounded by people you know (e.g.,
     acquaintances, colleagues) at your home.<o:p></o:p></span>"
10/19/2018 21:29,10/19/2018 21:29,0,104.200.37.103,100,37,1,10/19/2018 21:29,R_1HjW8FwyqU1QbEZ,,,,,35.66650391,-97.4654007,anonymous,EN,"1,2,3,4,5,6",4,,2,,3,,1,,"3,4",,3,2,,2,,2,3,,2,,4,,1,,2,,1,,,,,,,,,,,,,,,,,,,,,,,,,,,,,,,,,,,,,,,,,,,,,,,,,,,,,,,,,,,,,,,,,,,,,,,,,,,,,,,,,,,,,,,,,,,,,,,,,,,,,,,,,,,,,,,,,,,,,,,,,,,,,,,,,,,,,,,,,,,,,,,,,,,,,,,,,,,,,,,,,,,,,,,,,,,,,,,,,,,,,,,,45214,"<span lang=""EN-GB"">Suppose you want to a send an email when you are walking with a very close friend on a street.&nbsp;<o:p></o:p></span>"
10/19/2018 21:30,10/19/2018 21:30,0,104.200.37.103,100,52,1,10/19/2018 21:30,R_2uxO0MdnI8XsB1F,,,,,35.66650391,-97.4654007,anonymous,EN,"1,2,3,4,5,6","2,4",,2,,3,,1,,4,,2,2,,1,,3,"1,3",,2,,4,,"1,2",,3,,2,,,,,,,,,,,,,,,,,,,,,,,,,,,,,,,,,,,,,,,,,,,,,,,,,,,,,,,,,,,,,,,,,,,,,,,,,,,,,,,,,,,,,,,,,,,,,,,,,,,,,,,,,,,,,,,,,,,,,,,,,,,,,,,,,,,,,,,,,,,,,,,,,,,,,,,,,,,,,,,,,,,,,,,,,,,,,,,,,,,,,,,,24110,"<span lang=""EN-GB"">Suppose you want to find a route to home while walking on a street with people you know (e.g., acquaintances, colleagues).<o:p></o:p></span>"
10/19/2018 21:30,10/19/2018 21:31,0,104.200.37.103,100,54,1,10/19/2018 21:31,R_2Qtg3XbAR7lt55x,,,,,35.66650391,-97.4654007,anonymous,EN,"1,2,3,4,5,6","3,4",,2,,2,,1,,3,,2,3,,2,,3,3,,1,,"3,4",,1,,1,,2,,,,,,,,,,,,,,,,,,,,,,,,,,,,,,,,,,,,,,,,,,,,,,,,,,,,,,,,,,,,,,,,,,,,,,,,,,,,,,,,,,,,,,,,,,,,,,,,,,,,,,,,,,,,,,,,,,,,,,,,,,,,,,,,,,,,,,,,,,,,,,,,,,,,,,,,,,,,,,,,,,,,,,,,,,,,,,,,,,,,,,,,85083,"<span lang=""EN-GB"">Suppose
     you want to read a digital document when you are at Starbucks.<o:p></o:p></span>"
10/19/2018 21:33,10/19/2018 21:34,0,207.255.18.1,100,6,1,10/19/2018 21:34,R_4UtLmmYBIUCN04h,,,,,40.50520325,-78.39050293,anonymous,EN,1,,,,,,,,,,,,,,,,,,,,,,,,,,,,,,,,,,,,,,,,,,,,,,,,,,,,,,,,,,,,,,,,,,,,,,,,,,,,,,,,,,,,,,,,,,,,,,,,,,,,,,,,,,,,,,,,,,,,,,,,,,,,,,,,,,,,,,,,,,,,,,,,,,,,,,,,,,,,,,,,,,,,,,,,,,,,,,,,,,,,,,,,,,,,,,,,,,,,,,,,,,,,,,,,,,,41819,"<span lang=""EN-GB"">Suppose you want to browse internet when you are with your close friends at a restaurant.<o:p></o:p></span>"
10/19/2018 21:34,10/19/2018 21:36,0,207.255.18.1,100,161,1,10/19/2018 21:36,R_08v3qraFPQkphol,,,,,40.50520325,-78.39050293,anonymous,EN,"1,2,3,4,5",1,,3,,2,,3,,1,,1,2,,3,,2,1,,1,,2,,1,,2,,2,,,,,,,,,,,,,,,,,,,,,,,,,,,,,,,,,,,,,,,,,,,,,,,,,,,,,,,,,,,,,,,,,,,,,,,,,,,,,,,,,,,,,,,,,,,,,,,,,,,,,,,,,,,,,,,,,,,,,,,,,,,,,,,,,,,,,,,,,,,,,,,,,,,,,,,,,,,,,,,,,,,,,,,,,,,,,,,,,,,,,,,,89508,"<span lang=""EN-GB"">Suppose you want to browse the internet when you are at home with people you are close to (e.g., friends, family members)<strong><o:p></o:p></strong></span>"
10/19/2018 21:48,10/19/2018 21:52,0,76.99.68.243,100,261,1,10/19/2018 21:52,R_3DcrKuBcTc1aFG0,,,,,39.936203,-75.15630341,anonymous,EN,"1,2,4,5",2,,1,,"1,2",,1,,1,,4,"1,2,3",,2,,3,3,,"1,2",,"3,6",,1,,1,,2,,,,,,,,,,,,,,,,,,,,,,,,,,,,,,,,,,,,,,,,,,,,,,,,,,,,,,,,,,,,,,,,,,,,,,,,,,,,,,,,,,,,,,,,,,,,,,,,,,,,,,,,,,,,,,,,,,,,,,,,,,,,,,,,,,,,,,,,,,,,,,,,,,,,,,,,,,,,,,,,,,,,,,,,,,,,,,,,,,,,,,,,80162,"<span lang=""EN-GB"">Suppose
     you want to read a digital document when you are alone at home.<strong><o:p></o:p></strong></span>"
10/19/2018 21:52,10/19/2018 21:53,0,50.24.252.180,100,74,1,10/19/2018 21:53,R_2P6lcvpaBoO3c7x,,,,,30.64480591,-95.57980347,anonymous,EN,"1,2",,,,,,,,,,,,,,,,,,,,,,,,,,,,,,,,,,,,,,,,,,,,,,,,,,,,,,,,,,,,,,,,,,,,,,,,,,,,,,,,,,,,,,,,,,,,,,,,,,,,,,,,,,,,,,,,,,,,,,,,,,,,,,,,,,,,,,,,,,,,,,,,,,,,,,,,,,,,,,,,,,,,,,,,,,,,,,,,,,,,,,,,,,,,,,,,,,,,,,,,,,,,,,,,,,,77000,"<span lang=""EN-GB"">Suppose you are at a park with some people you know (e.g., acquaintances, colleagues) when you realize that you have to immediately pay one of your bills online.<o:p></o:p></span>"
10/19/2018 21:54,10/19/2018 21:56,0,67.227.104.34,100,135,1,10/19/2018 21:56,R_OiGmEyQzMQmz5VT,,,,,40.75480652,-111.8809967,anonymous,EN,"2,3,6","2,3,4",,"2,3",,"1,2",,1,,"3,4",,"2,3","1,2",,"1,2",,"2,3","2,3",,"1,2",,"2,3,4",,"1,2",,"2,3",,4,,3,,,,,,,,,,,,,,,,,,,,,,,,,,,,,,,,,,,,,,,,,,,,,,,,,,,,,,,,,,,"2,3,4",,"1,2",,"2,4",,3,,"2,3",,"1,2","1,2",,"1,2",,"2,3",,"1,2",,"2,3",,"1,2",,"1,2",,"2,3",,"1,2",,,,,,,,,,,,,,,,,,,,,,,,,,,,,,,,,,,,,,,,,,,,,,,,,,,,,,,,,,,,,,,,,,,,,,,,,,,,,,,,,,,,,,,,,,,,,,,,44151,"<span lang=""EN-GB"">Suppose you are at work with some people you know (e.g., acquaintances, colleagues) when you realize that you have to immediately pay one of your bills online.<o:p></o:p></span>"
10/19/2018 21:51,10/19/2018 21:57,0,159.118.108.230,100,307,1,10/19/2018 21:57,R_1rknCTE5XtVXfhu,,,,,30.35980225,-89.16459656,anonymous,EN,"1,2,3,4,5","1,2,5",,1,,"1,2",,1,,2,,4,"1,2,3",,2,,2,"2,3,4",,"1,2,3",,3,,2,,"1,2,3",,2,,,,,,,,,,,,,,,,,,,,,,,,,,,,,,,,,,,,,,,,,,,,,,,,,,,,,,,,,,,,,,,,,,,,,,,,,,,,,,,,,,,,,,,,,,,,,,,,,,,,,,,,,,,,,,,,,,,,,,,,,,,,,,,,,,,,,,,,,,,,,,,,,,,,,,,,,,,,,,,,,,,,,,,,,,,,,,,,,,,,,,,,15347,"<span lang=""EN-GB"">Suppose you want to listen to some audio when you are alone in a park.<o:p></o:p></span>"
10/19/2018 21:58,10/19/2018 21:58,0,104.131.19.173,100,10,1,10/19/2018 21:58,R_3PMDCJiQv0eE3GD,,,,,40.83439636,-74.13770294,anonymous,EN,1,,,,,,,,,,,,,,,,,,,,,,,,,,,,,,,,,,,,,,,,,,,,,,,,,,,,,,,,,,,,,,,,,,,,,,,,,,,,,,,,,,,,,,,,,,,,,,,,,,,,,,,,,,,,,,,,,,,,,,,,,,,,,,,,,,,,,,,,,,,,,,,,,,,,,,,,,,,,,,,,,,,,,,,,,,,,,,,,,,,,,,,,,,,,,,,,,,,,,,,,,,,,,,,,,,,699,"<span lang=""EN-GB"">Suppose you want to read a digital document when you are at Starbucks with people you know (e.g., acquaintances, colleagues).<o:p></o:p></span>"
10/19/2018 21:59,10/19/2018 21:59,0,198.134.117.204,100,13,1,10/19/2018 21:59,R_2QlCOh0PenSie8P,,,,,40.72450256,-73.6486969,anonymous,EN,2,,,,,,,,,,,,,,,,,,,,,,,,,,,,,,,,,,,,,,,,,,,,,,,,,,,,,,,,,,,,,,,,,,,,,,,,,,,,,,,,,,,,,,,,,,,,,,,,,,,,,,,,,,,,,,,,,,,,,,,,,,,,,,,,,,,,,,,,,,,,,,,,,,,,,,,,,,,,,,,,,,,,,,,,,,,,,,,,,,,,,,,,,,,,,,,,,,,,,,,,,,,,,,,,,,,68866,"<span lang=""EN-GB"">Suppose you are alone and relaxing at home, you have just read a new book that&nbsp;</span>you loved and now you want a write a review for your close family and friends."
10/19/2018 21:51,10/19/2018 21:59,0,174.234.12.226,100,454,1,10/19/2018 21:59,R_1lmheIAvSMRytTZ,,,,,38.92730713,-94.71430206,anonymous,EN,"1,2,3,4,5","1,2,3,4,5",,"1,2,3",,"1,2,3,4",,1,,"1,3",,1,"1,2",,"1,2,3",,1,"1,2,4",,"1,2",,"1,2,3,4",,"1,2",,"1,3",,2,,"2,4",,,,,,,,,,,,,,,,,,,,,,,,,,,,,,"1,2,3",,"1,2",,"1,2,3,4",,1,,"1,2",,1,"1,2,3",,"1,2,3",,"1,2,3",,"1,2,3,4",,"1,2,3,4",,"1,2",,"1,2,3,4",,"1,2,3",,2,,,,,,,,,,,,,,,,,,,,,,,,,,,,,,,"1,2,4,5",,"1,2",,"1,2,3,4",,1,,"1,2",,1,"1,2,3",,"1,2,3",,"1,2,3",,"1,2,3,4",,"1,2,3,4",,"1,2",,"1,2,3,4",,"1,2,3",,"1,2",,,,,,,,,,,,,,,,,,,,,,,,,,,,,,,,,,,,,,,,,,,,,,,,,,,,,,,,,,,,female,24,Lab tech,5,5,,4,88238,"<span lang=""EN-GB"">Suppose you want to read a digital document when you are in a park with people you know (e.g., acquaintances, colleagues).<o:p></o:p></span>"
10/19/2018 21:51,10/19/2018 22:00,0,216.254.252.200,100,494,1,10/19/2018 22:00,R_2Qh3d7Pfc6WnMnM,,,,,43.51789856,-96.79239655,anonymous,EN,"1,2,5",2,,1,,1,,1,,1,,1,2,,1,,2,2,,2,,"1,2,3,4",,"1,2,3",,"1,2",,2,,,,,,,,,,,,,,,,,,,,,,,,,,,,,,,,,,,,,,,,,,,,,,,,,,,,,,,,,,,,,,,,,,,,,,,,,,,,,,,,,,,,,,,,,,,,,,,,,,,,,,,,,,,,,,,,,,,,,,,,,,,,,,,,,,,,,,,,,,,,,,,,,,,,,,,,,,,,,,,,,,,,,,,,,,,,,,,,,,,,,,,,87074,"<span lang=""EN-GB"">Suppose
     you want to call your mother for sharing an important update about your
     life when you are alone at Starbucks.<o:p></o:p></span>"
10/19/2018 21:58,10/19/2018 22:00,0,104.131.19.173,100,144,1,10/19/2018 22:00,R_3HZgkt6Jw0YXuQu,,,,,40.83439636,-74.13770294,anonymous,EN,"2,3,4,5",2,,1,,3,,1,,1,,2,2,,1,,2,2,,1,,1,,1,,1,,1,,"2,3,4",,,,,,,,,,,,,,,,,,,,,,,,,,,,,,5,,2,,2,,1,,2,,2,1,,2,,2,,2,,4,,1,,2,,1,,1,,4,,2,,2,,1,,2,,2,3,,1,,1,,2,,2,,2,,1,,2,,1,,3,,2,,3,,1,,3,,2,1,,1,,2,,2,,3,,1,,2,,2,,1,,,,,,,,,,,,,,,,,,,,,,,,,,,,,,,,,,,,,,,,,,,,,,,,,,,,,,,,,,,,,,,,,,,32327,"<span lang=""EN-GB"">Suppose
     you want to purchase something (e.g., book, household items) online when
     you are with your close friends at a park.<o:p></o:p></span>"
10/19/2018 21:59,10/19/2018 22:01,0,198.134.117.204,100,104,1,10/19/2018 22:01,R_3IAYFWYiBpCR99T,,,,,40.72450256,-73.6486969,anonymous,EN,"2,5,6","1,2,3",,"2,3",,"2,3,4",,1,,"2,4",,"1,2","2,3",,2,,"1,2","1,3",,"1,2",,"1,2,4",,"1,2",,"1,2",,"1,2",,2,,,,,,,,,,,,,,,,,,,,,,,,,,,,,,"2,3,4",,"1,3",,"2,4",,1,,"2,3",,"1,3",2,,"1,3",,2,,"1,3",,"1,2,4",,"1,2",,"2,3,4",,2,,2,,,,,,,,,,,,,,,,,,,,,,,,,,,,,,,,,,,,,,,,,,,,,,,,,,,,,,,,,,,,,,,,,,,,,,,,,,,,,,,,,,,,,,,,,,,,,,,,,,,,,,,,,,,,,,,,,,,,,,,,,,,,,4792,"<span lang=""EN-GB"">Suppose you are at a park, you have just read a book you loved and now you&nbsp;</span>want to write a review for it to share with people you are close to (e.g., friends, family members)"
10/19/2018 22:01,10/19/2018 22:01,0,76.183.166.45,100,25,1,10/19/2018 22:01,R_8bMrfb19JiLbvUZ,,,,,32.62550354,-97.07839966,anonymous,EN,"1,2",,,,,,,,,,,,,,,,,,,,,,,,,,,,,,,,,,,,,,,,,,,,,,,,,,,,,,,,,,,,,,,,,,,,,,,,,,,,,,,,,,,,,,,,,,,,,,,,,,,,,,,,,,,,,,,,,,,,,,,,,,,,,,,,,,,,,,,,,,,,,,,,,,,,,,,,,,,,,,,,,,,,,,,,,,,,,,,,,,,,,,,,,,,,,,,,,,,,,,,,,,,,,,,,,,,7151,"Suppose you want to call your mother for sharing an important update about your life when you are surrounded with people you are close to (e.g., friends, family members)at your home."
10/19/2018 22:02,10/19/2018 22:02,0,105.49.36.6,100,16,1,10/19/2018 22:02,R_2flYF9cwDdpi3wt,,,,,1,38,anonymous,EN,1,,,,,,,,,,,,,,,,,,,,,,,,,,,,,,,,,,,,,,,,,,,,,,,,,,,,,,,,,,,,,,,,,,,,,,,,,,,,,,,,,,,,,,,,,,,,,,,,,,,,,,,,,,,,,,,,,,,,,,,,,,,,,,,,,,,,,,,,,,,,,,,,,,,,,,,,,,,,,,,,,,,,,,,,,,,,,,,,,,,,,,,,,,,,,,,,,,,,,,,,,,,,,,,,,,,69307,"<span lang=""EN-GB"">Suppose you want to browse the internet when you are alone at a restaurant.<o:p></o:p></span>"
10/19/2018 22:03,10/19/2018 22:03,0,105.49.36.6,100,36,1,10/19/2018 22:03,R_2QST0rBJWTXInoa,,,,,1,38,anonymous,EN,2,,,,,,,,,,,,,,,,,,,,,,,,,,,,,,,,,,,,,,,,,,,,,,,,,,,,,,,,,,,,,,,,,,,,,,,,,,,,,,,,,,,,,,,,,,,,,,,,,,,,,,,,,,,,,,,,,,,,,,,,,,,,,,,,,,,,,,,,,,,,,,,,,,,,,,,,,,,,,,,,,,,,,,,,,,,,,,,,,,,,,,,,,,,,,,,,,,,,,,,,,,,,,,,,,,,17471,"<span lang=""EN-GB"">Suppose
     you are at a park with your close friends and you realize today is the
     last day to pay one of your bills online.<o:p></o:p></span>"
10/19/2018 22:03,10/19/2018 22:04,0,105.49.36.6,100,16,1,10/19/2018 22:04,R_1FEsxxuP208doSH,,,,,1,38,anonymous,EN,6,,,,,,,,,,,,,,,,,,,,,,,,,,,,,,,,,,,,,,,,,,,,,,,,,,,,,,,,,,,,,,,,,,,,,,,,,,,,,,,,,,,,,,,,,,,,,,,,,,,,,,,,,,,,,,,,,,,,,,,,,,,,,,,,,,,,,,,,,,,,,,,,,,,,,,,,,,,,,,,,,,,,,,,,,,,,,,,,,,,,,,,,,,,,,,,,,,,,,,,,,,,,,,,,,,,46997,"<span lang=""EN-GB"">Suppose you have planned to meet a friend next week and you want to&nbsp;put this on your calendar </span><span lang=""EN-GB"">when</span><span lang=""EN-GB""> you are surrounded by people you know (e.g., acquaintances, colleagues) at your home.</span><span lang=""EN-GB""><o:p></o:p></span>"
10/19/2018 22:04,10/19/2018 22:04,0,105.49.36.6,100,16,1,10/19/2018 22:04,R_3GeRUVlb6YNXi5K,,,,,1,38,anonymous,EN,3,,,,,,,,,,,,,,,,,,,,,,,,,,,,,,,,,,,,,,,,,,,,,,,,,,,,,,,,,,,,,,,,,,,,,,,,,,,,,,,,,,,,,,,,,,,,,,,,,,,,,,,,,,,,,,,,,,,,,,,,,,,,,,,,,,,,,,,,,,,,,,,,,,,,,,,,,,,,,,,,,,,,,,,,,,,,,,,,,,,,,,,,,,,,,,,,,,,,,,,,,,,,,,,,,,,97660,"<span lang=""EN-GB"">Suppose
     you want&nbsp; to a send a text message
     when you are walking with a very close friend on a street<o:p></o:p></span>"
10/19/2018 22:04,10/19/2018 22:05,0,105.49.36.6,100,28,1,10/19/2018 22:05,R_VXdM6Orm5sjenzb,,,,,1,38,anonymous,EN,5,,,,,,,,,,,,,,,,,,,,,,,,,,,,,,,,,,,,,,,,,,,,,,,,,,,,,,,,,,,,,,,,,,,,,,,,,,,,,,,,,,,,,,,,,,,,,,,,,,,,,,,,,,,,,,,,,,,,,,,,,,,,,,,,,,,,,,,,,,,,,,,,,,,,,,,,,,,,,,,,,,,,,,,,,,,,,,,,,,,,,,,,,,,,,,,,,,,,,,,,,,,,,,,,,,,28768,"<span lang=""EN-GB"">Suppose
     you want to purchase something online when you are with people you know
     (e.g., acquaintances, colleagues) at your home.<o:p></o:p></span>"
10/19/2018 22:08,10/19/2018 22:10,0,23.88.172.215,100,88,1,10/19/2018 22:10,R_1QiK3YZeKC7d8hR,,,,,41.82400513,-71.41280365,anonymous,EN,"1,2,3,5","1,2,3,4,5",,"1,2",,"1,2,3",,1,,"1,2,4",,"1,2","1,2",,"2,3",,"1,2,3","1,2,3",,"1,2",,"1,3,4",,"1,2,3",,"1,2,3",,"1,2",,,,,,,,,,,,,,,,,,,,,,,,,,,,,,,,,,,,,,,,,,,,,,,,,,,,,,,,,,,,,,,,,,,,,,,,,,,,,,,,,,,,,,,,,,,,,,,,,,,,,,,,,,,,,,,,,,,,,,,,,,,,,,,,,,,,,,,,,,,,,,,,,,,,,,,,,,,,,,,,,,,,,,,,,,,,,,,,,,,,,,,,22470,"<span lang=""EN-GB"">Suppose you have planned to meet a friend next week and you want to put this on your calendar when you are with a very close friend at a restaurant&nbsp;<o:p></o:p></span>"
10/19/2018 22:10,10/19/2018 22:12,0,23.88.172.215,100,109,1,10/19/2018 22:12,R_2CkyBPp7GGqDBE9,,,,,41.82400513,-71.41280365,anonymous,EN,"1,2,3,4,5,6","1,2,3,5",,"1,2",,"1,2,4",,1,,"1,2,3",,1,1,,"1,3",,1,"1,2",,1,,2,,"1,2",,"1,2",,1,,,,,,,,,,,,,,,,,,,,,,,,,,,,,,,,,,,,,,,,,,,,,,,,,,,,,,,,,,,,,,,,,,,,,,,,,,,,,,,,,,,,,,,,,,,,,,,,,,,,,,,,,,,,,,,,,,,,,,,,,,,,,,,,,,,,,,,,,,,,,,,,,,,,,,,,,,,,,,,,,,,,,,,,,,,,,,,,,,,,,,,,58461,"<span lang=""EN-GB"">Suppose
     you want to watch&nbsp; some video when
     you are with people you know (e.g., acquaintances, colleagues) at
     Starbucks<o:p></o:p></span>"
10/19/2018 21:59,10/19/2018 22:12,0,73.215.54.67,100,787,1,10/19/2018 22:12,R_2QlfdF27dKifhjg,,,,,40.42840576,-74.40640259,anonymous,EN,"1,2,4",2,,1,,3,,1,,1,,3,2,,5,,3,2,,2,,6,,2,,1,,1,,2,,,,,,,,,,,,,,,,,,,,,,,,,,,,,,"2,4",,1,,2,,1,,1,,2,"1,2",,3,,2,,2,,3,,2,,3,,1,,2,,,,,,,,,,,,,,,,,,,,,,,,,,,,,,,,,,,,,,,,,,,,,,,,,,,,,,,,,,,,,,,,,,,,,,,,,,,,,,,,,,,,,,,,,,,,,,,,,,,,,,,,,,,,,,,,,,,,,,,,,,,,,82188,"<span lang=""EN-GB"">Suppose you have planned to meet a friend next week and you want to put this on your calendar when you are surrounded with people you are close to (e.g., friends, family members) at your home.<strong><o:p></o:p></strong></span>"
10/20/2018 8:32,10/20/2018 8:43,0,100.35.97.44,100,675,1,10/20/2018 8:43,R_eXRAltO9chg82dj,,,,,40.74450684,-74.15080261,anonymous,EN,"1,2,5,6","2,5",,1,,"1,2,3,4",,1,,1,,1,"1,2,3",,2,,1,3,,2,,"1,2,3,4",,2,,5,,4,,"2,6",,,,,,,,,,,,,,,,,,,,,,,,,,,,,,"2,5",,1,,2,,1,,1,,1,5,,2,,2,,3,,"1,2",,"1,2",,"1,2",,5,,4,,,,,,,,,,,,,,,,,,,,,,,,,,,,,,,,,,,,,,,,,,,,,,,,,,,,,,,,,,,,,,,,,,,,,,,,,,,,,,,,,,,,,,,,,"2,5",,5,,2,,1,,1,,3,5,,2,,2,,3,,"1,2,3,4",,2,,"1,2,3,4",,5,,4,,female,34,sales representative,4,2,,3,25274,"<span lang=""EN-GB"">Suppose you want to set up a reminder when you are at a park with close friends.<o:p></o:p></span>"
10/20/2018 8:44,10/20/2018 8:44,0,122.174.108.96,100,9,1,10/20/2018 8:44,R_3QGC5cfsFoonTjw,,,,,9.983306885,76.28329468,anonymous,EN,3,,,,,,,,,,,,,,,,,,,,,,,,,,,,,,,,,,,,,,,,,,,,,,,,,,,,,,,,,,,,,,,,,,,,,,,,,,,,,,,,,,,,,,,,,,,,,,,,,,,,,,,,,,,,,,,,,,,,,,,,,,,,,,,,,,,,,,,,,,,,,,,,,,,,,,,,,,,,,,,,,,,,,,,,,,,,,,,,,,,,,,,,,,,,,,,,,,,,,,,,,,,,,,,,,,,63936,"<span lang=""EN-GB"">Suppose you want to a send a text message when you are alone at a street.<o:p></o:p></span>"
10/20/2018 8:45,10/20/2018 8:45,0,122.174.108.96,100,16,1,10/20/2018 8:45,R_2OZ11vnmVMatEMb,,,,,9.983306885,76.28329468,anonymous,EN,2,,,,,,,,,,,,,,,,,,,,,,,,,,,,,,,,,,,,,,,,,,,,,,,,,,,,,,,,,,,,,,,,,,,,,,,,,,,,,,,,,,,,,,,,,,,,,,,,,,,,,,,,,,,,,,,,,,,,,,,,,,,,,,,,,,,,,,,,,,,,,,,,,,,,,,,,,,,,,,,,,,,,,,,,,,,,,,,,,,,,,,,,,,,,,,,,,,,,,,,,,,,,,,,,,,,71541,"<span lang=""EN-GB"">Suppose you want to watch some video when you are alone in a park.<o:p></o:p></span>"
10/20/2018 8:45,10/20/2018 8:45,0,122.174.108.96,100,10,1,10/20/2018 8:45,R_3MN0yDfzWfnb1vy,,,,,9.983306885,76.28329468,anonymous,EN,1,,,,,,,,,,,,,,,,,,,,,,,,,,,,,,,,,,,,,,,,,,,,,,,,,,,,,,,,,,,,,,,,,,,,,,,,,,,,,,,,,,,,,,,,,,,,,,,,,,,,,,,,,,,,,,,,,,,,,,,,,,,,,,,,,,,,,,,,,,,,,,,,,,,,,,,,,,,,,,,,,,,,,,,,,,,,,,,,,,,,,,,,,,,,,,,,,,,,,,,,,,,,,,,,,,,46147,"<span lang=""EN-GB"">Suppose you want to a view a text message when you are alone at a street.<o:p></o:p></span>"
10/20/2018 8:45,10/20/2018 8:45,0,122.174.108.96,100,5,1,10/20/2018 8:45,R_3Jt7ptBL1q8Jf5V,,,,,9.983306885,76.28329468,anonymous,EN,4,,,,,,,,,,,,,,,,,,,,,,,,,,,,,,,,,,,,,,,,,,,,,,,,,,,,,,,,,,,,,,,,,,,,,,,,,,,,,,,,,,,,,,,,,,,,,,,,,,,,,,,,,,,,,,,,,,,,,,,,,,,,,,,,,,,,,,,,,,,,,,,,,,,,,,,,,,,,,,,,,,,,,,,,,,,,,,,,,,,,,,,,,,,,,,,,,,,,,,,,,,,,,,,,,,,93325,"<span lang=""EN-GB"">Suppose
     you want to watch some video when
     you are at home with people you are close to (e.g., friends, family
     members)<strong><o:p></o:p></strong></span>"
10/20/2018 8:45,10/20/2018 8:45,0,67.184.181.248,100,52,1,10/20/2018 8:45,R_241pxokQC2coQm0,,,,,41.93989563,-87.65280151,anonymous,EN,"1,2,6",3,,2,,2,,1,,3,,2,3,,2,,2,1,,1,,2,,2,,2,,"1,2",,,,,,,,,,,,,,,,,,,,,,,,,,,,,,,,,,,,,,,,,,,,,,,,,,,,,,,,,,,,,,,,,,,,,,,,,,,,,,,,,,,,,,,,,,,,,,,,,,,,,,,,,,,,,,,,,,,,,,,,,,,,,,,,,,,,,,,,,,,,,,,,,,,,,,,,,,,,,,,,,,,,,,,,,,,,,,,,,,,,,,,,48941,"<span lang=""EN-GB"" style=""font-size:11.0pt;line-height:115%;
font-family:&quot;Arial&quot;,sans-serif;mso-fareast-font-family:Arial;mso-ansi-language:
EN-GB;mso-fareast-language:EN-US;mso-bidi-language:AR-SA"">Suppose you want to a
send a text message when you are alone at Starbucks.</span>"
10/20/2018 8:45,10/20/2018 8:46,0,122.174.108.96,100,7,1,10/20/2018 8:46,R_cZu0xOmnm6zxM9b,,,,,9.983306885,76.28329468,anonymous,EN,6,,,,,,,,,,,,,,,,,,,,,,,,,,,,,,,,,,,,,,,,,,,,,,,,,,,,,,,,,,,,,,,,,,,,,,,,,,,,,,,,,,,,,,,,,,,,,,,,,,,,,,,,,,,,,,,,,,,,,,,,,,,,,,,,,,,,,,,,,,,,,,,,,,,,,,,,,,,,,,,,,,,,,,,,,,,,,,,,,,,,,,,,,,,,,,,,,,,,,,,,,,,,,,,,,,,43510,"<span lang=""EN-GB"">Suppose you want to find a route to home while walking on a street.<o:p></o:p></span>"
10/20/2018 8:46,10/20/2018 8:46,0,108.62.246.220,100,10,1,10/20/2018 8:46,R_331EutORvAybdTJ,,,,,33.6730957,-111.9460983,anonymous,EN,1,,,,,,,,,,,,,,,,,,,,,,,,,,,,,,,,,,,,,,,,,,,,,,,,,,,,,,,,,,,,,,,,,,,,,,,,,,,,,,,,,,,,,,,,,,,,,,,,,,,,,,,,,,,,,,,,,,,,,,,,,,,,,,,,,,,,,,,,,,,,,,,,,,,,,,,,,,,,,,,,,,,,,,,,,,,,,,,,,,,,,,,,,,,,,,,,,,,,,,,,,,,,,,,,,,,7967,"<span lang=""EN-GB"">Suppose you want to watch some video when you are alone at your home.<strong><o:p></o:p></strong></span>"
10/20/2018 8:44,10/20/2018 8:47,0,75.40.162.228,100,169,1,10/20/2018 8:47,R_BVQ7e0WMgEYNZOp,,,,,25.81410217,-80.35489655,anonymous,EN,"1,2,3,4","1,5",,1,,"2,3",,1,,3,,2,"1,2",,1,,1,"1,2,3",,1,,"1,2,6",,"1,3",,"1,3",,1,,,,,,,,,,,,,,,,,,,,,,,,,,,,,,,,,,,,,,,,,,,,,,,,,,,,,,,,,,,,,,,,,,,,,,,,,,,,,,,,,,,,,,,,,,,,,,,,,,,,,,,,,,,,,,,,,,,,,,,,,,,,,,,,,,,,,,,,,,,,,,,,,,,,,,,,,,,,,,,,,,,,,,,,,,,,,,,,,,,,,,,,50921,"<span lang=""EN-GB"" style=""font-size:11.0pt;line-height:115%;
font-family:&quot;Arial&quot;,sans-serif;mso-fareast-font-family:Arial;mso-ansi-language:
EN-GB;mso-fareast-language:EN-US;mso-bidi-language:AR-SA"">Suppose you want to a
send a text message when you are alone at Starbucks.</span>"
10/20/2018 8:46,10/20/2018 8:47,0,185.144.158.226,100,98,1,10/20/2018 8:47,R_2atnC3JOEVvEMLS,,,,,25.78059387,-80.18260193,anonymous,EN,"1,2,3,4,5,6","1,2",,"1,3",,"2,3",,1,,1,,"1,2",2,,2,,2,"1,4",,2,,"1,2",,"1,2",,2,,"1,2",,,,,,,,,,,,,,,,,,,,,,,,,,,,,,,,,,,,,,,,,,,,,,,,,,,,,,,,,,,,,,,,,,,,,,,,,,,,,,,,,,,,,,,,,,,,,,,,,,,,,,,,,,,,,,,,,,,,,,,,,,,,,,,,,,,,,,,,,,,,,,,,,,,,,,,,,,,,,,,,,,,,,,,,,,,,,,,,,,,,,,,,6694,"<span lang=""EN-GB"">Suppose you want to take a click a photo when you are with your close friends&nbsp;</span>and family members at Starbucks"
10/20/2018 8:48,10/20/2018 8:48,0,104.129.196.213,100,7,1,10/20/2018 8:48,R_1FQIuNdALaVpQrt,,,,,37.75100708,-97.8219986,anonymous,EN,3,,,,,,,,,,,,,,,,,,,,,,,,,,,,,,,,,,,,,,,,,,,,,,,,,,,,,,,,,,,,,,,,,,,,,,,,,,,,,,,,,,,,,,,,,,,,,,,,,,,,,,,,,,,,,,,,,,,,,,,,,,,,,,,,,,,,,,,,,,,,,,,,,,,,,,,,,,,,,,,,,,,,,,,,,,,,,,,,,,,,,,,,,,,,,,,,,,,,,,,,,,,,,,,,,,,85636,"<span lang=""EN-GB"">Suppose
     you want to a view a text message when you are surrounded by people you
     know (e.g., acquaintances, colleagues) at a restaurant.<o:p></o:p></span>"
10/20/2018 8:44,10/20/2018 8:49,0,100.35.97.44,100,314,1,10/20/2018 8:49,R_U9g8O29hTEEecAF,,,,,40.74450684,-74.15080261,anonymous,EN,"1,2,4,5","2,5",,1,,"1,2,3,4",,1,,1,,3,5,,2,,3,"1,2,3",,"1,2",,"1,3",,"1,2",,5,,4,,2,,,,,,,,,,,,,,,,,,,,,,,,,,,,,,"1,2,5",,1,,"1,2,3",,3,,1,,4,5,,"2,3",,"2,3",,"1,3",,"1,2,3",,"1,2",,"1,2,3",,5,,4,,,,,,,,,,,,,,,,,,,,,,,,,,,,,,,,,,,,,,,,,,,,,,,,,,,,,,,,,,,,,,,,,,,,,,,,,,,,,,,,,,,,,,,,,,,,,,,,,,,,,,,,,,,,,,,,,,,,,,female,24,artist,3,5,,3,86828,"<span lang=""EN-GB"">Suppose
     you want to a send a text message when you are with a very close friend at
     a restaurant&nbsp;<o:p></o:p></span>"
10/20/2018 8:50,10/20/2018 8:50,0,162.248.134.253,100,15,1,10/20/2018 8:50,R_2zGdtad70Lv1oX1,,,,,37.75100708,-97.8219986,anonymous,EN,1,,,,,,,,,,,,,,,,,,,,,,,,,,,,,,,,,,,,,,,,,,,,,,,,,,,,,,,,,,,,,,,,,,,,,,,,,,,,,,,,,,,,,,,,,,,,,,,,,,,,,,,,,,,,,,,,,,,,,,,,,,,,,,,,,,,,,,,,,,,,,,,,,,,,,,,,,,,,,,,,,,,,,,,,,,,,,,,,,,,,,,,,,,,,,,,,,,,,,,,,,,,,,,,,,,,90961,"<span lang=""EN-GB"">Suppose
     you want to a view a text message
     when you are walking with a very close friend on a street<o:p></o:p></span>"
10/20/2018 8:50,10/20/2018 8:51,0,162.248.134.253,100,16,1,10/20/2018 8:51,R_cY2EOagik07bYyt,,,,,37.75100708,-97.8219986,anonymous,EN,"5,6",,,,,,,,,,,,,,,,,,,,,,,,,,,,,,,,,,,,,,,,,,,,,,,,,,,,,,,,,,,,,,,,,,,,,,,,,,,,,,,,,,,,,,,,,,,,,,,,,,,,,,,,,,,,,,,,,,,,,,,,,,,,,,,,,,,,,,,,,,,,,,,,,,,,,,,,,,,,,,,,,,,,,,,,,,,,,,,,,,,,,,,,,,,,,,,,,,,,,,,,,,,,,,,,,,,21094,"<span lang=""EN-GB"">Suppose it is a regular working day, you want to track the total amount of calories&nbsp;</span>you consume and burn off during the day.&nbsp;"
10/20/2018 8:49,10/20/2018 8:52,0,75.184.112.42,100,208,1,10/20/2018 8:52,R_3MnX8sbdggPw9sQ,,,,,44.02200317,-88.54360199,anonymous,EN,"1,2,3,4,5,6","1,2",,5,,"1,2,3",,1,,"1,3",,3,"1,2",,"1,2,3",,3,"1,2,3",,"1,2",,"2,3",,"1,2",,"1,2,3",,2,,"2,6",,,,,,,,,,,,,,,,,,,,,,,,,,,,,,"1,2",,5,,"1,2,3",,1,,1,,3,5,,1,,5,,1,,3,,"1,2",,3,,1,,4,,,,,,,,,,,,,,,,,,,,,,,,,,,,,,,,,,,,,,,,,,,,,,,,,,,,,,,,,,,,,,,,,,,,,,,,,,,,,,,,,,,,,,,,,1,,5,,"1,2,3",,1,,1,,3,5,,"1,2",,5,,3,,"1,3",,2,,3,,5,,4,,,,,,,,,3459,"<span lang=""EN-GB"">Suppose
     you want to set up a reminder about something when you are at Starbucks by
     yourself.<o:p></o:p></span>"
10/20/2018 8:51,10/20/2018 8:53,0,162.248.134.253,100,157,1,10/20/2018 8:54,R_3F2jgLFtU6SUXUS,,,,,37.75100708,-97.8219986,anonymous,EN,"1,2,3,4,5,6","2,3,4",,"1,3",,"1,3",,1,,"2,3,4",,4,"1,2",,"1,2,3",,1,"1,4",,1,,"1,2",,"1,3",,"1,3",,"1,2",,,,,,,,,,,,,,,,,,,,,,,,,,,,,,,,,,,,,,,,,,,,,,,,,,,,,,,,,,,,,,,,,,,,,,,,,,,,,,,,,,,,,,,,,,,,,,,,,,,,,,,,,,,,,,,,,,,,,,,,,,,,,,,,,,,,,,,,,,,,,,,,,,,,,,,,,,,,,,,,,,,,,,,,,,,,,,,,,,,,,,,,64739,"<span lang=""EN-GB"">Suppose
     you are at home with some people you know (e.g., acquaintances,
     colleagues) when you realize today is the last day to pay one of your
     bills online.<o:p></o:p></span>"
10/20/2018 8:49,10/20/2018 8:56,0,100.35.97.44,100,387,1,10/20/2018 8:56,R_22sn1MfC9f0tRkf,,,,,40.74450684,-74.15080261,anonymous,EN,"1,2,3,4,5,6","1,2",,3,,"3,4",,3,,3,,1,5,,5,,1,"1,2,3,4",,"1,2,3",,"1,2,3",,"1,2,3",,"1,2",,"1,2",,"3,5",,,,,,,,,,,,,,,,,,,,,,,,,,,,,,,,,,,,,,,,,,,,,,,,,,,,,,,,,,,"2,4",,5,,"3,4",,3,,1,,1,5,,5,,5,,"1,2,3",,"2,3",,"1,2",,"2,3",,"2,3",,"1,2",,,,,,,,,,,,,,,,,,,,,,,,,,,,,,,1,,5,,4,,3,,3,,"1,2",3,,5,,5,,4,,2,,3,,2,,5,,4,,,,,,,,,,,,,,,,,,,,,,,,,,,,,,,female,25,Accounts clerk,4,1,,3,94515,"<span lang=""EN-GB"">Suppose you are alone at home, you want to take a break from studying/working&nbsp;</span>so you decide to play an online/digital game."
10/20/2018 8:56,10/20/2018 8:59,0,100.35.97.44,100,197,1,10/20/2018 8:59,R_1PaW7suoup0kcxr,,,,,40.74450684,-74.15080261,anonymous,EN,"1,2,3,5,6",2,,5,,"1,2,3",,1,,1,,"1,2",5,,2,,"1,2","1,2,3",,"1,2",,"1,2,3",,"1,2",,1,,"1,2",,2,,,,,,,,,,,,,,,,,,,,,,,,,,,,,,"1,2,5",,5,,"2,3",,1,,1,,"1,2",5,,2,,2,,"1,3",,"1,2,3",,"1,2",,"1,2,3",,"1,2",,"1,2",,,,,,,,,,,,,,,,,,,,,,,,,,,,,,,,,,,,,,,,,,,,,,,,,,,,,,,,,,,,,,,,,,,,,,,,,,,,,,,,,,,,,,,,,,,,,,,,,,,,,,,,,,,,,,,,,,,,,,female,27,archivist,4,3,,4,30314,"<span lang=""EN-GB"">Suppose you are at sitting at Starbucks and you want to play a digital/online&nbsp;</span>game."
10/20/2018 8:59,10/20/2018 9:03,0,100.35.97.44,100,253,1,10/20/2018 9:03,R_3FbMWSqSkrZvWZX,,,,,40.74450684,-74.15080261,anonymous,EN,"1,2,5,6",2,,5,,"1,2,3",,1,,1,,2,5,,2,,2,3,,"1,2",,"1,3,4",,"1,2",,"1,3",,4,,6,,,,,,,,,,,,,,,,,,,,,,,,,,,,,,,,,,,,,,,,,,,,,,,,,,,,,,,,,,,,,,,,,,,,,,,,,,,,,,,,,,,,,,,,,,,,,,,,,,,,,,,,,,,,,,,,,,,,,,,,,,,,,,,,,,,,,,,,,,,,,,,,,,2,,5,,3,,1,,"2,3",,2,"1,2",,2,,2,,3,,"1,3,4",,"1,2",,"1,3,4",,"1,3",,2,,female,28,hairdresser,4,1,,4,40042,"<span lang=""EN-GB"">Suppose you are at your gym and you want to track the amount of calories&nbsp;</span>you have burnt your workout.&nbsp;"
10/20/2018 8:49,10/20/2018 9:05,0,47.41.89.123,100,933,1,10/20/2018 9:05,R_1LSb8XujBvbzNra,,,,,45.31359863,-93.58139801,anonymous,EN,"1,2,3,4,5",2,,1,,"1,2,3,4",,1,,1,,"2,3","1,2",,5,,"2,3",4,,2,,3,,2,,2,,2,,"1,2,3,4",2,,3,,1,,1,,1,,1,2,,2,,5,,1,,3,,1,,3,,1,,4,,2,,1,,2,,1,,2,,1,"2,3",,"2,3",,5,,2,,3,,2,,3,,"1,2",,4,,2,,1,,2,,3,,1,,"2,3","1,2",,2,,"2,3",,1,,3,,1,,3,,5,,"1,2",,2,,3,,2,,1,,1,,1,2,,5,,5,,1,,7,,1,,7,,1,,4,,,,,,,,,,,,,,,,,,,,,,,,,,,,,,,,,,,,,,,,,,,,,,,,,,,,,,,,,,,,,,,,,,,52363,"<span lang=""EN-GB"">Suppose
     you want to read a digital document when you are at home with people you
     are close to (e.g., friends, family members).<strong><o:p></o:p></strong></span>"
10/20/2018 9:07,10/20/2018 9:07,0,71.208.118.220,100,15,1,10/20/2018 9:07,R_3R8jvPrkYSQLBGN,,,,,26.60650635,-81.95020294,anonymous,EN,2,,,,,,,,,,,,,,,,,,,,,,,,,,,,,,,,,,,,,,,,,,,,,,,,,,,,,,,,,,,,,,,,,,,,,,,,,,,,,,,,,,,,,,,,,,,,,,,,,,,,,,,,,,,,,,,,,,,,,,,,,,,,,,,,,,,,,,,,,,,,,,,,,,,,,,,,,,,,,,,,,,,,,,,,,,,,,,,,,,,,,,,,,,,,,,,,,,,,,,,,,,,,,,,,,,,18503,"<span lang=""EN-GB"">Suppose
     you want to listen to some audio when you are alone at your home.<strong><o:p></o:p></strong></span>"
10/20/2018 9:02,10/20/2018 9:09,0,196.16.225.36,100,405,1,10/20/2018 9:09,R_3MoeSrgKUkfoMdo,,,,,39.09970093,-94.57859802,anonymous,EN,"1,2,3,4,6",2,,1,,2,,1,,1,,2,2,,1,,2,2,,1,,"1,4",,1,,2,,"1,2",,2,,,,,,,,,,,,,,,,,,,,,,,,,,,,,,2,,3,,2,,1,,1,,2,1,,1,,1,,2,,"1,4",,1,,"2,4",,2,,"1,2",,,,,,,,,,,,,,,,,,,,,,,,,,,,,,,,,,,,,,,,,,,,,,,,,,,,,,,,,,,,,,,,,,,,,,,,,,,,,,,,,,,,,,,,,,,,,,,,,,,,,,,,,,,,,,,,,,,,,,,,,,,,,75107,"<span lang=""EN-GB"">Suppose
     you want to a view a text message when you are with a very close friend at
     a restaurant&nbsp;<o:p></o:p></span>"
10/20/2018 9:03,10/20/2018 9:09,0,100.35.97.44,100,328,1,10/20/2018 9:09,R_2dXUV3NBNVvU7zM,,,,,40.74450684,-74.15080261,anonymous,EN,"1,2,3,4,5,6","1,2,5",,5,,"1,2",,1,,1,,1,5,,2,,1,"1,3",,"1,2",,"2,3",,"1,2",,"1,3",,2,,6,,,,,,,,,,,,,,,,,,,,,,,,,,,,,,,,,,,,,,,,,,,,,,,,,,,,,,,,,,,,,,,,,,,,,,,,,,,,,,,,,,,,,,,,,,,,,,,,,,,,,,,,,,,,,,,,,,,,,,,,,,,,,,,,,,,,,,,,,,,,,,,,,,"1,2,5",,3,,"1,2,3",,1,,1,,1,5,,"2,3",,"2,3",,"1,3",,"1,2,3,4",,"1,2",,"1,2,3,4",,"1,3",,2,,male,30,handy person,3,1,,3,70309,"<span lang=""EN-GB"">Suppose
     you want to a send an email when you are with a very close friend at a
     restaurant&nbsp;<o:p></o:p></span>"
10/20/2018 9:14,10/20/2018 9:15,0,66.87.170.1,100,12,1,10/20/2018 9:15,R_1CxV7JPNeuLSIrT,,,,,37.78129578,-122.4167023,anonymous,EN,"1,2",,,,,,,,,,,,,,,,,,,,,,,,,,,,,,,,,,,,,,,,,,,,,,,,,,,,,,,,,,,,,,,,,,,,,,,,,,,,,,,,,,,,,,,,,,,,,,,,,,,,,,,,,,,,,,,,,,,,,,,,,,,,,,,,,,,,,,,,,,,,,,,,,,,,,,,,,,,,,,,,,,,,,,,,,,,,,,,,,,,,,,,,,,,,,,,,,,,,,,,,,,,,,,,,,,,53646,"<span lang=""EN-GB"">Suppose you want to read a digital document when you are at a park.<o:p></o:p></span>"
10/20/2018 9:17,10/20/2018 9:19,0,174.232.136.200,100,104,1,10/20/2018 9:19,R_1lfyg2TgCYjKQ2L,,,,,41.23710632,-81.646698,anonymous,EN,"2,3,4","2,5",,3,,2,,1,,1,,2,"1,2",,5,,1,6,,"1,2,3",,3,,"1,2,3",,1,,2,,,,,,,,,,,,,,,,,,,,,,,,,,,,,,,,,,,,,,,,,,,,,,,,,,,,,,,,,,,,,,,,,,,,,,,,,,,,,,,,,,,,,,,,,,,,,,,,,,,,,,,,,,,,,,,,,,,,,,,,,,,,,,,,,,,,,,,,,,,,,,,,,,,,,,,,,,,,,,,,,,,,,,,,,,,,,,,,,,,,,,,,17917,"<span lang=""EN-GB"">Suppose you have planned to meet a friend next week and you want to put this on your calendar when you are with a very close friend at a park.&nbsp;<o:p></o:p></span>"
10/20/2018 9:09,10/20/2018 9:19,0,100.35.97.44,100,581,1,10/20/2018 9:19,R_2Sfvc8mp6dRpB4y,,,,,40.74450684,-74.15080261,anonymous,EN,"1,2,4,5,6","1,2,5",,1,,"2,3,4",,1,,1,,1,5,,2,,1,"1,2,3",,"1,2",,"2,3",,2,,"1,3",,"1,2",,"4,6",,,,,,,,,,,,,,,,,,,,,,,,,,,,,,,,,,,,,,,,,,,,,,,,,,,,,,,,,,,,,,,,,,,,,,,,,,,,,,,,,,,,,,,,"2,5",,5,,3,,1,,1,,3,5,,2,,2,,"1,2,3",,"2,3",,2,,"2,3",,2,,"1,2",,,,,,,,,,,,,,,,,,,,,,,,,,,,,,,"1,2,5",,5,,"2,4",,1,,1,,1,3,,5,,5,,"1,3",,"2,3",,"1,2",,"2,3",,"1,3",,2,,female,32,copywighter,5,1,,5,29331,"<span lang=""EN-GB"">Suppose you want to read a digital document when you are in a park surrounded by your close friends.<o:p></o:p></span>"
10/20/2018 9:13,10/20/2018 9:22,0,71.71.202.110,100,576,1,10/20/2018 9:22,R_esrtxrgJZNnfDG1,,,,,35.22000122,-80.7881012,anonymous,EN,"1,2,3","2,4,5",,3,,"1,2,3",,1,,1,,3,5,,5,,3,6,,"1,2",,6,,"1,2",,"1,2",,"1,2",,"1,2","2,4",,3,,"1,2,3",,1,,1,,3,5,,1,,5,,6,,6,,"1,2",,6,,"1,2",,1,,"2,5",,1,,"1,2,3",,1,,1,,3,5,,5,,5,,6,,6,,"1,2",,6,,"1,2",,"1,2",,,,,,,,,,,,,,,,,,,,,,,,,,,,,,,,,,,,,,,,,,,,,,,,,,,,,,,,,,,,,,,,,,,,,,,,,,,,,,,,,,,,,,,,,,,,,,,,,,,,,,,,,,,,,,,,,,,,,,,,,,,,,29659,"<span lang=""EN-GB"">Suppose
     you want to listen to some audio when you are with people you know (e.g.,
     acquaintances, colleagues) at your home.<o:p></o:p></span>"
10/20/2018 9:22,10/20/2018 9:23,0,96.241.75.169,100,110,1,10/20/2018 9:23,R_3iIvvaY4bX3WuzK,,,,,38.89759827,-77.50920105,anonymous,EN,"1,2,3,4,5,6",2,,1,,"1,2",,1,,1,,"1,2","2,3",,"1,2",,"1,3","1,2,3",,"1,2",,"1,2",,"1,2",,1,,"1,2",,,,,,,,,,,,,,,,,,,,,,,,,,,,,,,,,,,,,,,,,,,,,,,,,,,,,,,,,,,,,,,,,,,,,,,,,,,,,,,,,,,,,,,,,,,,,,,,,,,,,,,,,,,,,,,,,,,,,,,,,,,,,,,,,,,,,,,,,,,,,,,,,,,,,,,,,,,,,,,,,,,,,,,,,,,,,,,,,,,,,,,,95780,"<span lang=""EN-GB"">Suppose you want to watch some video when you are with your close friends at Starbucks.<o:p></o:p></span>"
10/20/2018 9:19,10/20/2018 9:24,0,100.35.97.44,100,291,1,10/20/2018 9:24,R_3MmrM3jf1hS0eHS,,,,,40.74450684,-74.15080261,anonymous,EN,"2,4,5,6","2,5",,3,,"1,2,3",,1,,1,,1,5,,"2,3",,1,"1,3",,"1,2",,"2,3,4",,"1,2",,"1,3",,2,,2,,,,,,,,,,,,,,,,,,,,,,,,,,,,,,"2,5",,1,,3,,1,,1,,1,5,,"2,3",,"2,3",,"1,2,3",,"2,3,4",,"1,2",,"2,3,4",,"1,3",,"1,2",,,,,,,,,,,,,,,,,,,,,,,,,,,,,,,,,,,,,,,,,,,,,,,,,,,,,,,,,,,,,,,,,,,,,,,,,,,,,,,,,,,,,,,,,,,,,,,,,,,,,,,,,,,,,,,,,,,,,,male,34,carpenter,2,1,,2,36119,"Suppose you want to check your social media status
     when you are at Starbucks.<o:p></o:p>"
10/20/2018 9:21,10/20/2018 9:24,0,67.189.112.86,100,173,1,10/20/2018 9:24,R_XvVPfHv9O4Tuk4p,,,,,45.41499329,-122.5200043,anonymous,EN,"1,2,3,4,6","1,2",,1,,1,,1,,1,,1,"1,2,3",,1,,1,1,,1,,6,,1,,"1,3",,"1,2",,2,,,,,,,,,,,,,,,,,,,,,,,,,,,,,,"1,2",,1,,1,,1,,1,,1,1,,1,,1,,1,,6,,1,,6,,1,,2,,,,,,,,,,,,,,,,,,,,,,,,,,,,,,,,,,,,,,,,,,,,,,,,,,,,,,,,,,,,,,,,,,,,,,,,,,,,,,,,,,,,,,,,,,,,,,,,,,,,,,,,,,,,,,,,,,,,,,Male,30,Teacher,6,1,,3,79430,"<span lang=""EN-GB"">Suppose
     you want to purchase something online when you are alone at a park.<o:p></o:p></span>"
10/20/2018 9:26,10/20/2018 9:26,0,74.254.158.207,100,7,1,10/20/2018 9:26,R_1kRDD50YsE6v2S1,,,,,32.49079895,-87.83969879,anonymous,EN,3,,,,,,,,,,,,,,,,,,,,,,,,,,,,,,,,,,,,,,,,,,,,,,,,,,,,,,,,,,,,,,,,,,,,,,,,,,,,,,,,,,,,,,,,,,,,,,,,,,,,,,,,,,,,,,,,,,,,,,,,,,,,,,,,,,,,,,,,,,,,,,,,,,,,,,,,,,,,,,,,,,,,,,,,,,,,,,,,,,,,,,,,,,,,,,,,,,,,,,,,,,,,,,,,,,,91682,"<span lang=""EN-GB"">Suppose
     you want to listen to some audio when you are with your friends at
     Starbucks.<o:p></o:p></span>"
10/20/2018 9:25,10/20/2018 9:28,0,100.35.97.44,100,213,1,10/20/2018 9:28,R_2aS7GqdDOTfZWLA,,,,,40.74450684,-74.15080261,anonymous,EN,"1,2,3,4,5,6","2,5",,5,,"1,2,3",,1,,1,,3,"1,2,3",,"2,3",,3,"1,3",,"1,2",,3,,"1,2",,"1,2,3",,"1,2",,2,,,,,,,,,,,,,,,,,,,,,,,,,,,,,,"2,5",,5,,3,,1,,1,,"1,2","2,3",,2,,2,,"1,2,3",,3,,"1,2",,3,,"1,2,3",,"1,2",,,,,,,,,,,,,,,,,,,,,,,,,,,,,,,,,,,,,,,,,,,,,,,,,,,,,,,,,,,,,,,,,,,,,,,,,,,,,,,,,,,,,,,,,,,,,,,,,,,,,,,,,,,,,,,,,,,,,,male,34,delivery driver,2,1,,2,84627,"<span lang=""EN-GB"">Suppose
     you are at a park and you realize today is the last day to pay one of your
     bills online.<o:p></o:p></span>"
10/20/2018 9:31,10/20/2018 9:31,0,99.108.83.14,100,23,1,10/20/2018 9:31,R_1F4XsCHnHRJE7vX,,,,,35.32699585,-97.55560303,anonymous,EN,"1,2",,,,,,,,,,,,,,,,,,,,,,,,,,,,,,,,,,,,,,,,,,,,,,,,,,,,,,,,,,,,,,,,,,,,,,,,,,,,,,,,,,,,,,,,,,,,,,,,,,,,,,,,,,,,,,,,,,,,,,,,,,,,,,,,,,,,,,,,,,,,,,,,,,,,,,,,,,,,,,,,,,,,,,,,,,,,,,,,,,,,,,,,,,,,,,,,,,,,,,,,,,,,,,,,,,,30230,"<span lang=""EN-GB"" style=""font-size:11.0pt;line-height:115%;
font-family:&quot;Arial&quot;,sans-serif;mso-fareast-font-family:Arial;mso-ansi-language:
EN-GB;mso-fareast-language:EN-US;mso-bidi-language:AR-SA"">Suppose you want to check your social media when you are alone in a park.</span>"
10/20/2018 9:31,10/20/2018 9:36,0,74.136.165.154,100,312,1,10/20/2018 9:36,R_26eVAI0IYiEFb7i,,,,,36.93440247,-84.10209656,anonymous,EN,"1,2,3,4,6",2,,1,,3,,3,,1,,2,2,,3,,2,3,,2,,3,,1,,2,,1,,,,,,,,,,,,,,,,,,,,,,,,,,,,,,,,,,,,,,,,,,,,,,,,,,,,,,,,,,,,,,,,,,,,,,,,,,,,,,,,,,,,,,,,,,,,,,,,,,,,,,,,,,,,,,,,,,,,,,,,,,,,,,,,,,,,,,,,,,,,,,,,,,,,,,,,,,,,,,,,,,,,,,,,,,,,,,,,,,,,,,,,32162,"<span lang=""EN-GB"">Suppose
     you want to watch some video when
     you are at home with people you are close to (e.g., friends, family
     members)<strong><o:p></o:p></strong></span>"
10/20/2018 10:05,10/20/2018 10:07,0,66.160.201.80,100,91,1,10/20/2018 10:07,R_2uwZggPK7t7KNyQ,,,,,37.75100708,-97.8219986,anonymous,EN,"1,2,3,4",3,,1,,1,,1,,1,,1,1,,1,,2,2,,2,,2,,1,,1,,2,,,,,,,,,,,,,,,,,,,,,,,,,,,,,,,,,,,,,,,,,,,,,,,,,,,,,,,,,,,,,,,,,,,,,,,,,,,,,,,,,,,,,,,,,,,,,,,,,,,,,,,,,,,,,,,,,,,,,,,,,,,,,,,,,,,,,,,,,,,,,,,,,,,,,,,,,,,,,,,,,,,,,,,,,,,,,,,,,,,,,,,,73689,"<span lang=""EN-GB"">Suppose you are alone at home when you realize today is the last day to pay one of your bills online.<o:p></o:p></span>"
10/20/2018 10:15,10/20/2018 10:17,0,24.73.15.118,100,83,1,10/20/2018 10:17,R_3MFZY04FOUnYAxB,,,,,28.33180237,-82.24459839,anonymous,EN,"1,4",,,,,,,,,,,,,,,,,,,,,,,,,,,,,,,,,,,,,,,,,,,,,,,,,,,,,,,,,,,,,,,,,,,,,,,,,,,,,,,,,,,,,,,,,,,,,,,,,,,,,,,,,,,,,,,,,,,,,,,,,,,,,,,,,,,,,,,,,,,,,,,,,,,,,,,,,,,,,,,,,,,,,,,,,,,,,,,,,,,,,,,,,,,,,,,,,,,,,,,,,,,,,,,,,,,8504,"<span lang=""EN-GB"">Suppose
     you want to read a digital document when you are alone at home.<strong><o:p></o:p></strong></span>"
10/20/2018 10:18,10/20/2018 10:19,0,192.3.161.138,100,16,1,10/20/2018 10:19,R_1ewpDPiXiTF1ngK,,,,,42.88639832,-78.87809753,anonymous,EN,"1,2",,,,,,,,,,,,,,,,,,,,,,,,,,,,,,,,,,,,,,,,,,,,,,,,,,,,,,,,,,,,,,,,,,,,,,,,,,,,,,,,,,,,,,,,,,,,,,,,,,,,,,,,,,,,,,,,,,,,,,,,,,,,,,,,,,,,,,,,,,,,,,,,,,,,,,,,,,,,,,,,,,,,,,,,,,,,,,,,,,,,,,,,,,,,,,,,,,,,,,,,,,,,,,,,,,,87126,"<span lang=""EN-GB"">Suppose
     you want to a view a text message
     when you are walking with a very close friend on a street<o:p></o:p></span>"
10/20/2018 10:17,10/20/2018 10:19,0,103.66.79.122,100,75,1,10/20/2018 10:19,R_2uVW0zCEum6sxA1,,,,,9.933303833,78.11669922,anonymous,EN,1,,,,,,,,,,,,,,,,,,,,,,,,,,,,,,,,,,,,,,,,,,,,,,,,,,,,,,,,,,,,,,,,,,,,,,,,,,,,,,,,,,,,,,,,,,,,,,,,,,,,,,,,,,,,,,,,,,,,,,,,,,,,,,,,,,,,,,,,,,,,,,,,,,,,,,,,,,,,,,,,,,,,,,,,,,,,,,,,,,,,,,,,,,,,,,,,,,,,,,,,,,,,,,,,,,,47075,"<span lang=""EN-GB"">Suppose you want to control some devices/appliances (e.g., smart lights) when you are alone at home.<o:p></o:p></span>"
10/20/2018 10:18,10/20/2018 10:19,0,71.91.133.66,100,39,1,10/20/2018 10:19,R_1DupWoe9SLyvf0X,,,,,33.47349548,-86.91829681,anonymous,EN,"1,2,3,4,5,6","2,4",,"1,3",,"1,3",,1,,"1,2,3",,4,"1,2",,"1,2",,"1,3","1,2,4",,"1,3",,"1,4",,3,,"1,2,3",,1,,,,,,,,,,,,,,,,,,,,,,,,,,,,,,,,,,,,,,,,,,,,,,,,,,,,,,,,,,,,,,,,,,,,,,,,,,,,,,,,,,,,,,,,,,,,,,,,,,,,,,,,,,,,,,,,,,,,,,,,,,,,,,,,,,,,,,,,,,,,,,,,,,,,,,,,,,,,,,,,,,,,,,,,,,,,,,,,,,,,,,,,72158,"<span lang=""EN-GB"">Suppose
     you want to set up a reminder when you are alone at your home.<strong><o:p></o:p></strong></span>"
10/20/2018 10:12,10/20/2018 10:21,0,74.78.212.206,100,500,1,10/20/2018 10:21,R_UlFVSTXv9lkIkkV,,,,,43.10670471,-75.23139954,anonymous,EN,"1,2,3",2,,1,,"1,2,3,4",,1,,1,,2,"1,2",,"1,2",,"2,3","1,2,3,4",,1,,3,,1,,"1,2,3",,1,,2,,,,,,,,,,,,,,,,,,,,,,,,,,,,,,2,,1,,"1,2,3,4",,1,,1,,"2,3","1,2,3",,"1,2,3",,1,,"1,2,3,4",,3,,"1,2,3",,"2,3",,"1,2,3",,"1,2",,,,,,,,,,,,,,,,,,,,,,,,,,,,,,,,,,,,,,,,,,,,,,,,,,,,,,,,,,,,,,,,,,,,,,,,,,,,,,,,,,,,,,,,,,,,,,,,,,,,,,,,,,,,,,,,,,,,,,,,,,,,,82592,"<span lang=""EN-GB"">Suppose
     you want to a view a text message when you with people you know (e.g.,
     acquaintances, colleagues) at a street<strong>.</strong><o:p></o:p></span>"
10/20/2018 10:22,10/20/2018 10:22,0,136.58.80.221,100,28,1,10/20/2018 10:22,R_11ZwVnycOw6m6kj,,,,,36.15040588,-86.79160309,anonymous,EN,"1,2",,,,,,,,,,,,,,,,,,,,,,,,,,,,,,,,,,,,,,,,,,,,,,,,,,,,,,,,,,,,,,,,,,,,,,,,,,,,,,,,,,,,,,,,,,,,,,,,,,,,,,,,,,,,,,,,,,,,,,,,,,,,,,,,,,,,,,,,,,,,,,,,,,,,,,,,,,,,,,,,,,,,,,,,,,,,,,,,,,,,,,,,,,,,,,,,,,,,,,,,,,,,,,,,,,,59892,"<span lang=""EN-GB"">Suppose you want to watch some video when you are alone at your home.<strong><o:p></o:p></strong></span>"
10/20/2018 10:23,10/20/2018 10:25,0,50.26.74.104,100,128,1,10/20/2018 10:25,R_2fqgiQyNtmX5aIc,,,,,35.16630554,-101.8868027,anonymous,EN,"1,2,3,4",2,,1,,"2,3",,1,,"1,3",,1,1,,5,,4,6,,2,,3,,2,,5,,2,,,,,,,,,,,,,,,,,,,,,,,,,,,,,,,,,,,,,,,,,,,,,,,,,,,,,,,,,,,,,,,,,,,,,,,,,,,,,,,,,,,,,,,,,,,,,,,,,,,,,,,,,,,,,,,,,,,,,,,,,,,,,,,,,,,,,,,,,,,,,,,,,,,,,,,,,,,,,,,,,,,,,,,,,,,,,,,,,,,,,,,,8769,"<span lang=""EN-GB"">Suppose you want to set up a reminder when you are at a park with close friends.<o:p></o:p></span>"
10/20/2018 10:23,10/20/2018 10:30,0,67.185.81.252,100,459,1,10/20/2018 10:30,R_2EAYFfibdmSrlBv,,,,,47.61560059,-117.3621979,anonymous,EN,"1,2,3",2,,1,,1,,1,,1,,3,5,,5,,3,3,,3,,6,,2,,2,,4,,,,,,,,,,,,,,,,,,,,,,,,,,,,,,,,,,,,,,,,,,,,,,,,,,,,,,,,,,,,,,,,,,,,,,,,,,,,,,,,,,,,,,,,,,,,,,,,,,,,,,,,,,,,,,,,,,,,,,,,,,,,,,,,,,,,,,,,,,,,,,,,,,,,,,,,,,,,,,,,,,,,,,,,,,,,,,,,,,,,,,,,10852,"<span lang=""EN-GB"">Suppose
     you want to set up a reminder when you are at a park by yourself.<o:p></o:p></span>"
10/20/2018 10:26,10/20/2018 10:31,0,172.56.2.220,100,246,1,10/20/2018 10:31,R_2xyDW6Is5U7LOxk,,,,,40.86329651,-73.88950348,anonymous,EN,"1,2,4",2,,1,,1,,1,,1,,2,1,,1,,"1,2",2,,1,,"2,3",,1,,2,,1,,2,,,,,,,,,,,,,,,,,,,,,,,,,,,,,,"1,2",,1,,"1,2",,1,,1,,2,2,,2,,1,,1,,1,,1,,1,,2,,1,,,,,,,,,,,,,,,,,,,,,,,,,,,,,,,,,,,,,,,,,,,,,,,,,,,,,,,,,,,,,,,,,,,,,,,,,,,,,,,,,,,,,,,,,,,,,,,,,,,,,,,,,,,,,,,,,,,,,,,,,,,,,35582,"Suppose you want to purchase something online when
     you are with people you know (e.g., acquaintances,
     colleagues) at a park.<o:p></o:p>"
10/20/2018 10:26,10/20/2018 10:31,0,70.189.167.20,100,323,1,10/20/2018 10:31,R_3IaEQ2aL4tB7PMW,,,,,36.01040649,-115.2072983,anonymous,EN,"2,3,4,5",5,,5,,2,,1,,1,,2,1,,5,,1,1,,1,,3,,2,,1,,"1,2",,,,,,,,,,,,,,,,,,,,,,,,,,,,,,,,,,,,,,,,,,,,,,,,,,,,,,,,,,,,,,,,,,,,,,,,,,,,,,,,,,,,,,,,,,,,,,,,,,,,,,,,,,,,,,,,,,,,,,,,,,,,,,,,,,,,,,,,,,,,,,,,,,,,,,,,,,,,,,,,,,,,,,,,,,,,,,,,,,,,,,,,72788,
10/20/2018 10:33,10/20/2018 10:33,0,172.222.208.179,100,40,1,10/20/2018 10:33,R_2qfQgForVOitLl3,,,,,34.26100159,-116.8130951,anonymous,EN,"1,2,4",3,,2,,2,,1,,3,,3,2,,2,,2,2,,2,,4,,1,,1,,1,,,,,,,,,,,,,,,,,,,,,,,,,,,,,,,,,,,,,,,,,,,,,,,,,,,,,,,,,,,,,,,,,,,,,,,,,,,,,,,,,,,,,,,,,,,,,,,,,,,,,,,,,,,,,,,,,,,,,,,,,,,,,,,,,,,,,,,,,,,,,,,,,,,,,,,,,,,,,,,,,,,,,,,,,,,,,,,,,,,,,,,,51223,"<span lang=""EN-GB"">Suppose you want to take a click a photo when you are with your close friends&nbsp;</span>and family members at Starbucks"
10/20/2018 10:32,10/20/2018 10:34,0,172.58.200.202,100,79,1,10/20/2018 10:34,R_3GfuBnEa0jEQXRG,,,,,40.05960083,-75.08180237,anonymous,EN,"1,2,3,4","1,2,4,5",,"1,3",,"1,4",,1,,"1,2",,"1,2","2,3",,"2,3",,4,"1,2,3,4",,"1,2",,"1,3,4",,"1,2",,1,,2,,,,,,,,,,,,,,,,,,,,,,,,,,,,,,,,,,,,,,,,,,,,,,,,,,,,,,,,,,,,,,,,,,,,,,,,,,,,,,,,,,,,,,,,,,,,,,,,,,,,,,,,,,,,,,,,,,,,,,,,,,,,,,,,,,,,,,,,,,,,,,,,,,,,,,,,,,,,,,,,,,,,,,,,,,,,,,,,,,,,,,,,67345,"<span lang=""EN-GB"">Suppose you want to browse the internet when you are alone at a restaurant.<o:p></o:p></span>"
10/20/2018 10:34,10/20/2018 10:34,0,66.78.41.33,100,19,1,10/20/2018 10:34,R_1CkBdI5HBgJj5ER,,,,,43.63220215,-116.2052002,anonymous,EN,1,,,,,,,,,,,,,,,,,,,,,,,,,,,,,,,,,,,,,,,,,,,,,,,,,,,,,,,,,,,,,,,,,,,,,,,,,,,,,,,,,,,,,,,,,,,,,,,,,,,,,,,,,,,,,,,,,,,,,,,,,,,,,,,,,,,,,,,,,,,,,,,,,,,,,,,,,,,,,,,,,,,,,,,,,,,,,,,,,,,,,,,,,,,,,,,,,,,,,,,,,,,,,,,,,,,93737,"<span lang=""EN-GB"">Suppose
     you want to a send an email when you are walking on a street.<o:p></o:p></span>"
10/20/2018 10:37,10/20/2018 10:38,0,162.252.126.31,100,33,1,10/20/2018 10:38,R_3JgGmA2iEy9Hgs9,,,,,26.09680176,-80.18099976,anonymous,EN,"1,2,5,6","2,3",,"2,3",,"2,4",,1,,"3,4",,"2,3","1,2",,"1,2",,"1,2",2,,"1,2",,"1,2,4",,"1,2",,"1,2",,1,,,,,,,,,,,,,,,,,,,,,,,,,,,,,,,,,,,,,,,,,,,,,,,,,,,,,,,,,,,,,,,,,,,,,,,,,,,,,,,,,,,,,,,,,,,,,,,,,,,,,,,,,,,,,,,,,,,,,,,,,,,,,,,,,,,,,,,,,,,,,,,,,,,,,,,,,,,,,,,,,,,,,,,,,,,,,,,,,,,,,,,,59181,"<span lang=""EN-GB"">Suppose you are at sitting in a park and you want to play a digital/online game.<o:p></o:p></span>"
10/20/2018 10:37,10/20/2018 10:38,0,68.81.42.79,100,18,1,10/20/2018 10:38,R_2QgkJ2zgi4yGqki,,,,,40.26589966,-75.38829803,anonymous,EN,1,,,,,,,,,,,,,,,,,,,,,,,,,,,,,,,,,,,,,,,,,,,,,,,,,,,,,,,,,,,,,,,,,,,,,,,,,,,,,,,,,,,,,,,,,,,,,,,,,,,,,,,,,,,,,,,,,,,,,,,,,,,,,,,,,,,,,,,,,,,,,,,,,,,,,,,,,,,,,,,,,,,,,,,,,,,,,,,,,,,,,,,,,,,,,,,,,,,,,,,,,,,,,,,,,,,60273,"<span lang=""EN-GB"">Suppose
     you want to listen to some audio when you are with your close friends in a
     park.<o:p></o:p></span>"
10/20/2018 10:29,10/20/2018 10:38,0,73.181.254.41,100,511,1,10/20/2018 10:38,R_9RAyAzp0fyCp117,,,,,47.22799683,-122.5395966,anonymous,EN,"1,2,3,4,5,6",1,,5,,1,,1,,2,,4,3,,5,,4,6,,5,,3,,5,,1,,4,,2,,,,,,,,,,,,,,,,,,,,,,,,,,,,,,2,,1,,1,,1,,2,,4,5,,5,,5,,6,,2,,2,,7,,5,,4,,,,,,,,,,,,,,,,,,,,,,,,,,,,,,,,,,,,,,,,,,,,,,,,,,,,,,,,,,,,,,,,,,,,,,,,,,,,,,,,,,,,,,,,,,,,,,,,,,,,,,,,,,,,,,,,,,,,,,,,,,,,,49373,"<span lang=""EN-GB"">Suppose
     you want to call your mother for sharing an important update about your
     life yourself when you are with a very close friend at a park.&nbsp;<o:p></o:p></span>"
10/20/2018 10:32,10/20/2018 10:39,0,98.207.149.179,100,414,1,10/20/2018 10:39,R_3D6fyFPmk8gVk3y,,,,,37.9940033,-121.703598,anonymous,EN,"1,2,4,5","2,3,4,5",,3,,3,,1,,3,,4,3,,3,,2,3,,2,,3,,"2,3",,"1,2,3",,1,,,,,,,,,,,,,,,,,,,,,,,,,,,,,,,,,,,,,,,,,,,,,,,,,,,,,,,,,,,,,,,,,,,,,,,,,,,,,,,,,,,,,,,,,,,,,,,,,,,,,,,,,,,,,,,,,,,,,,,,,,,,,,,,,,,,,,,,,,,,,,,,,,,,,,,,,,,,,,,,,,,,,,,,,,,,,,,,,,,,,,,,38978,"<span lang=""EN-GB"" style=""font-size:11.0pt;line-height:115%;
font-family:&quot;Arial&quot;,sans-serif;mso-fareast-font-family:Arial;mso-ansi-language:
EN-GB;mso-fareast-language:EN-US;mso-bidi-language:AR-SA"">Suppose you have
planned to meet a friend next week and you want put this on your calendar<span style=""color:#434343""> when you with </span>people you know (e.g.,
acquaintances, colleagues)<span style=""color:#434343""> at a park</span></span>"
10/20/2018 10:38,10/20/2018 10:39,0,162.252.126.31,100,93,1,10/20/2018 10:39,R_aeG2WrrJN1XBgoF,,,,,26.09680176,-80.18099976,anonymous,EN,"1,2,4",4,,3,,4,,1,,2,,2,2,,2,,2,2,,1,,2,,1,,2,,1,,1,2,,1,,3,,1,,3,,2,2,,2,,2,,3,,2,,1,,2,,1,,2,,,,,,,,,,,,,,,,,,,,,,,,,,,,,,,,,,,,,,,,,,,,,,,,,,,,,,,,,,,,,,,,,,,,,,,,,,,,,,,,,,,,,,,,,,,,,,,,,,,,,,,,,,,,,,,,,,,,,,,,,,,,,,,,,,,,,,,,,,,,,,,,,,,male ,22,warehouse worker ,4,3,,2,18217,"<span lang=""EN-GB"">Suppose you are at sitting in a park and you want to play a digital/online game&nbsp;</span>with some close friends."
10/20/2018 10:41,10/20/2018 10:42,0,198.56.160.82,100,78,1,10/20/2018 10:42,R_24CMnv5si51SvBC,,,,,45.78329468,-108.5007019,anonymous,EN,3,,,,,,,,,,,,,,,,,,,,,,,,,,,,,,,,,,,,,,,,,,,,,,,,,,,,,,,,,,,,,,,,,,,,,,,,,,,,,,,,,,,,,,,,,,,,,,,,,,,,,,,,,,,,,,,,,,,,,,,,,,,,,,,,,,,,,,,,,,,,,,,,,,,,,,,,,,,,,,,,,,,,,,,,,,,,,,,,,,,,,,,,,,,,,,,,,,,,,,,,,,,,,,,,,,,51280,"<span lang=""EN-GB"">Suppose
     you want to a view a text message when you are alone at Starbucks.<o:p></o:p></span>"
10/20/2018 10:40,10/20/2018 10:42,0,190.198.206.211,100,123,1,10/20/2018 10:42,R_3KE3b9JV0aEG09g,,,,,10.5,-66.91670227,anonymous,EN,"1,2,3,4,6",1,,1,,1,,1,,1,,2,1,,2,,2,"1,2,3",,1,,2,,"1,2,3",,1,,2,,,,,,,,,,,,,,,,,,,,,,,,,,,,,,,,,,,,,,,,,,,,,,,,,,,,,,,,,,,,,,,,,,,,,,,,,,,,,,,,,,,,,,,,,,,,,,,,,,,,,,,,,,,,,,,,,,,,,,,,,,,,,,,,,,,,,,,,,,,,,,,,,,,,,,,,,,,,,,,,,,,,,,,,,,,,,,,,,,,,,,,,68817,"<span lang=""EN-GB"">Suppose
     you want to listen to some audio when you are with people you know (e.g.,
     acquaintances, colleagues) at your home.<o:p></o:p></span>"
10/20/2018 10:29,10/20/2018 10:43,0,107.2.68.78,100,806,1,10/20/2018 10:43,R_1E5KenKS71TEdVT,,,,,44.99949646,-93.09690094,anonymous,EN,"1,2,4","2,4,5",,3,,"1,2,3",,1,,"1,3",,"2,3",5,,"1,2,3",,"2,3",1,,"1,2",,"3,6",,"1,2",,3,,1,,2,,,,,,,,,,,,,,,,,,,,,,,,,,,,,,"2,4,5",,3,,"1,2,3",,1,,"1,2,3",,3,5,,"1,2,3",,"1,2,3",,"1,2,3",,"2,3",,"1,2",,"3,6",,"1,2,3",,2,,,,,,,,,,,,,,,,,,,,,,,,,,,,,,,,,,,,,,,,,,,,,,,,,,,,,,,,,,,,,,,,,,,,,,,,,,,,,,,,,,,,,,,,,,,,,,,,,,,,,,,,,,,,,,,,,,,,,,,,,,,,,91425,"<span lang=""EN-GB"">Suppose
     you want to find a route to home when you are at Starbucks with your close
     friends.<o:p></o:p></span>"
10/20/2018 10:42,10/20/2018 10:43,0,198.56.160.82,100,60,1,10/20/2018 10:43,R_25NmcHOY01uwBcE,,,,,45.78329468,-108.5007019,anonymous,EN,2,,,,,,,,,,,,,,,,,,,,,,,,,,,,,,,,,,,,,,,,,,,,,,,,,,,,,,,,,,,,,,,,,,,,,,,,,,,,,,,,,,,,,,,,,,,,,,,,,,,,,,,,,,,,,,,,,,,,,,,,,,,,,,,,,,,,,,,,,,,,,,,,,,,,,,,,,,,,,,,,,,,,,,,,,,,,,,,,,,,,,,,,,,,,,,,,,,,,,,,,,,,,,,,,,,,40398,"<span lang=""EN-GB"">Suppose
     you want to a view a text message when you are with a very close friend at
     a restaurant&nbsp;<o:p></o:p></span>"
10/20/2018 10:43,10/20/2018 10:43,0,198.56.160.82,100,7,1,10/20/2018 10:43,R_1i8bSGE7szl9S5u,,,,,45.78329468,-108.5007019,anonymous,EN,4,,,,,,,,,,,,,,,,,,,,,,,,,,,,,,,,,,,,,,,,,,,,,,,,,,,,,,,,,,,,,,,,,,,,,,,,,,,,,,,,,,,,,,,,,,,,,,,,,,,,,,,,,,,,,,,,,,,,,,,,,,,,,,,,,,,,,,,,,,,,,,,,,,,,,,,,,,,,,,,,,,,,,,,,,,,,,,,,,,,,,,,,,,,,,,,,,,,,,,,,,,,,,,,,,,,24451,"<span lang=""EN-GB"">Suppose you are alone at home, you want to take a break from studying/working&nbsp;</span>so you decide to play an online/digital game."
10/20/2018 10:44,10/20/2018 10:44,0,198.56.160.82,100,10,1,10/20/2018 10:44,R_1Q6Nys2wIVZxP9S,,,,,45.78329468,-108.5007019,anonymous,EN,1,,,,,,,,,,,,,,,,,,,,,,,,,,,,,,,,,,,,,,,,,,,,,,,,,,,,,,,,,,,,,,,,,,,,,,,,,,,,,,,,,,,,,,,,,,,,,,,,,,,,,,,,,,,,,,,,,,,,,,,,,,,,,,,,,,,,,,,,,,,,,,,,,,,,,,,,,,,,,,,,,,,,,,,,,,,,,,,,,,,,,,,,,,,,,,,,,,,,,,,,,,,,,,,,,,,39759,"<span lang=""EN-GB"">Suppose you have planned to meet a friend next week and you want to put this on your calendar when you are surrounded with people you are close to (e.g., friends, family members) at your home.<strong><o:p></o:p></strong></span>"
10/20/2018 10:45,10/20/2018 10:45,0,198.56.160.82,100,14,1,10/20/2018 10:45,R_22lcum6OWTL7mOB,,,,,45.78329468,-108.5007019,anonymous,EN,1,,,,,,,,,,,,,,,,,,,,,,,,,,,,,,,,,,,,,,,,,,,,,,,,,,,,,,,,,,,,,,,,,,,,,,,,,,,,,,,,,,,,,,,,,,,,,,,,,,,,,,,,,,,,,,,,,,,,,,,,,,,,,,,,,,,,,,,,,,,,,,,,,,,,,,,,,,,,,,,,,,,,,,,,,,,,,,,,,,,,,,,,,,,,,,,,,,,,,,,,,,,,,,,,,,,69236,"<span lang=""EN-GB"">Suppose
     you are at starbucks and you realize today is the last day to pay one of
     your bills online.<o:p></o:p></span>"
10/20/2018 10:45,10/20/2018 10:45,0,198.56.160.82,100,8,1,10/20/2018 10:45,R_1pEyQHsUCn61Xfw,,,,,45.78329468,-108.5007019,anonymous,EN,6,,,,,,,,,,,,,,,,,,,,,,,,,,,,,,,,,,,,,,,,,,,,,,,,,,,,,,,,,,,,,,,,,,,,,,,,,,,,,,,,,,,,,,,,,,,,,,,,,,,,,,,,,,,,,,,,,,,,,,,,,,,,,,,,,,,,,,,,,,,,,,,,,,,,,,,,,,,,,,,,,,,,,,,,,,,,,,,,,,,,,,,,,,,,,,,,,,,,,,,,,,,,,,,,,,,92320,"<span lang=""EN-GB"">Suppose you have planned to meet a friend next week and you want to put this on your calendar when you are alone at Starbucks.<o:p></o:p></span>"
10/20/2018 10:45,10/20/2018 10:46,0,198.56.160.82,100,10,1,10/20/2018 10:46,R_PHF3XHXjp2UMa2Z,,,,,45.78329468,-108.5007019,anonymous,EN,5,,,,,,,,,,,,,,,,,,,,,,,,,,,,,,,,,,,,,,,,,,,,,,,,,,,,,,,,,,,,,,,,,,,,,,,,,,,,,,,,,,,,,,,,,,,,,,,,,,,,,,,,,,,,,,,,,,,,,,,,,,,,,,,,,,,,,,,,,,,,,,,,,,,,,,,,,,,,,,,,,,,,,,,,,,,,,,,,,,,,,,,,,,,,,,,,,,,,,,,,,,,,,,,,,,,99417,"<span lang=""EN-GB"">Suppose you want to browse the internet when you are with people you know (e.g., acquaintances, colleagues) at a restaurant.<o:p></o:p></span>"
10/20/2018 10:47,10/20/2018 10:47,0,75.17.157.121,100,39,1,10/20/2018 10:47,R_1pyvJoQEBAYPWH9,,,,,42.70599365,-87.80139923,anonymous,EN,3,,,,,,,,,,,,,,,,,,,,,,,,,,,,,,,,,,,,,,,,,,,,,,,,,,,,,,,,,,,,,,,,,,,,,,,,,,,,,,,,,,,,,,,,,,,,,,,,,,,,,,,,,,,,,,,,,,,,,,,,,,,,,,,,,,,,,,,,,,,,,,,,,,,,,,,,,,,,,,,,,,,,,,,,,,,,,,,,,,,,,,,,,,,,,,,,,,,,,,,,,,,,,,,,,,,78804,"<span lang=""EN-GB"">Suppose
     you want to a send a text message when you are surrounded by people you
     know (e.g., acquaintances, colleagues) at a restaurant.<o:p></o:p></span>"
10/20/2018 10:45,10/20/2018 10:48,0,98.167.14.203,100,209,1,10/20/2018 10:48,R_2wyhX5xlgPouL2G,,,,,36.03829956,-115.1462021,anonymous,EN,"2,3,4",2,,5,,1,,3,,1,,1,"1,2,3",,5,,1,3,,2,,3,,"1,2",,1,,4,,,,,,,,,,,,,,,,,,,,,,,,,,,,,,,,,,,,,,,,,,,,,,,,,,,,,,,,,,,,,,,,,,,,,,,,,,,,,,,,,,,,,,,,,,,,,,,,,,,,,,,,,,,,,,,,,,,,,,,,,,,,,,,,,,,,,,,,,,,,,,,,,,,,,,,,,,,,,,,,,,,,,,,,,,,,,,,,,,,,,,,,16865,"<span lang=""EN-GB"">Suppose you are at home with people you are close to (e.g., friends, family members) when you realize today is the last day to pay one of your bills online.<o:p></o:p></span>"
10/20/2018 10:48,10/20/2018 10:49,0,65.34.128.117,100,21,1,10/20/2018 10:49,R_1KqJ0GLgEKRbfTy,,,,,25.59599304,-80.50700378,anonymous,EN,"1,2",,,,,,,,,,,,,,,,,,,,,,,,,,,,,,,,,,,,,,,,,,,,,,,,,,,,,,,,,,,,,,,,,,,,,,,,,,,,,,,,,,,,,,,,,,,,,,,,,,,,,,,,,,,,,,,,,,,,,,,,,,,,,,,,,,,,,,,,,,,,,,,,,,,,,,,,,,,,,,,,,,,,,,,,,,,,,,,,,,,,,,,,,,,,,,,,,,,,,,,,,,,,,,,,,,,60366,"<span lang=""EN-GB"">Suppose
     you want to watch some video when you are with people you know (e.g.,
     acquaintances, colleagues) at your home.<o:p></o:p></span>"
10/20/2018 10:41,10/20/2018 10:49,0,172.113.244.96,100,525,1,10/20/2018 10:49,R_1hEJ67pKNcb6qql,,,,,34.04469299,-118.4487,anonymous,EN,"1,2,3","2,4",,1,,"2,3",,1,,1,,2,"1,2",,3,,"2,3","1,2,3",,2,,"3,4",,2,,"1,2,3",,2,,1,"2,4",,"1,2,3",,"2,3,4",,1,,1,,"2,3","1,2,3",,"2,3",,"2,3",,"1,2",,"3,4",,"1,2",,"3,4",,"1,2,3",,"1,2",,,,,,,,,,,,,,,,,,,,,,,,,,,,,,,,,,,,,,,,,,,,,,,,,,,,,,,,,,,,,,,,,,,,,,,,,,,,,,,,,,,,,,,,,,,,,,,,,,,,,,,,,,,,,,,,,,,,,,,,,,,,,,,,,,,,,,,,,,,,,,,,,,,female,37,sales,5,1,,6,25609,"<span lang=""EN-GB"">Suppose you want to read a digital document when you are at Starbucks with people you know (e.g., acquaintances, colleagues).<o:p></o:p></span>"
10/20/2018 10:47,10/20/2018 10:50,0,73.91.206.91,100,198,1,10/20/2018 10:50,R_25sBB25MnPiAm7Q,,,,,35.25100708,-90.02960205,anonymous,EN,"1,2,4,5,6",4,,2,,3,,1,,2,,2,2,,1,,2,2,,1,,6,,1,,3,,2,,"1,4",1,,2,,3,,1,,3,,3,1,,2,,3,,3,,2,,3,,3,,2,,2,,,,,,,,,,,,,,,,,,,,,,,,,,,,,,,,,,,,,,,,,,,,,,,,,,,,,,,,,,,,2,,2,,3,,1,,"2,3",,2,2,,1,,2,,3,,6,,2,,2,,2,,1,,,,,,,,,,,,,,,,,,,,,,,,,,,,,,,,,,,,,,,,,,,,,,,,,,,,,,,,,,,,,,,,,,,80636,"<span lang=""EN-GB"">Suppose you want to watch some video when you are alone in a park.<o:p></o:p></span>"
10/20/2018 10:42,10/20/2018 10:51,0,99.12.149.131,100,525,1,10/20/2018 10:51,R_2dhDaZIxMP4u5rZ,,,,,33.91349792,-84.68589783,anonymous,EN,"2,3,4",1,,3,,"1,2,3",,1,,1,,2,"1,2",,"1,3",,2,"1,2,3,4",,2,,6,,2,,"1,2,3",,4,,2,,,,,,,,,,,,,,,,,,,,,,,,,,,,,,"1,2,5",,1,,1,,1,,2,,1,"1,2",,1,,1,,"1,2",,"1,4",,2,,3,,"1,2",,2,,,,,,,,,,,,,,,,,,,,,,,,,,,,,,,,,,,,,,,,,,,,,,,,,,,,,,,,,,,,,,,,,,,,,,,,,,,,,,,,,,,,,,,,,,,,,,,,,,,,,,,,,,,,,,,,,,,,,,,,,,,,,85953,"<span lang=""EN-GB"" style=""font-size:11.0pt;line-height:115%;
font-family:&quot;Arial&quot;,sans-serif;mso-fareast-font-family:Arial;mso-ansi-language:
EN-GB;mso-fareast-language:EN-US;mso-bidi-language:AR-SA"">Suppose you want to a
send a text message when you are alone at Starbucks.</span>"
10/20/2018 10:56,10/20/2018 11:01,0,67.185.211.140,100,305,1,10/20/2018 11:01,R_1BVJR4ftVQXudx9,,,,,47.61560059,-117.3621979,anonymous,EN,"1,2,3,4",2,,3,,3,,1,,3,,2,3,,2,,2,1,,2,,3,,2,,3,,2,,2,,,,,,,,,,,,,,,,,,,,,,,,,,,,,,2,,2,,2,,1,,4,,2,2,,3,,2,,2,,2,,2,,2,,3,,2,,,,,,,,,,,,,,,,,,,,,,,,,,,,,,,,,,,,,,,,,,,,,,,,,,,,,,,,,,,,,,,,,,,,,,,,,,,,,,,,,,,,,,,,,,,,,,,,,,,,,,,,,,,,,,,,,,,,,,,,,,,,,26821,"<span lang=""EN-GB"">Suppose
     you want to find a route to home when you are at Starbucks with people you
     know (e.g., acquaintances, colleagues).<o:p></o:p></span>"
10/20/2018 10:55,10/20/2018 11:05,0,205.185.198.237,100,603,1,10/20/2018 11:05,R_8wb2cllCnFjLmI9,,,,,32.79040527,-96.80439758,anonymous,EN,"1,2,3,5",2,,"2,3",,2,,3,,"1,3",,"2,3",5,,2,,3,"1,3",,1,,"2,3",,2,,"2,3",,2,,,,,,,,,,,,,,,,,,,,,,,,,,,,,,,,,,,,,,,,,,,,,,,,,,,,,,,,,,,,,,,,,,,,,,,,,,,,,,,,,,,,,,,,,,,,,,,,,,,,,,,,,,,,,,,,,,,,,,,,,,,,,,,,,,,,,,,,,,,,,,,,,,,,,,,,,,,,,,,,,,,,,,,,,,,,,,,,,,,,,,,,54702,"<span lang=""EN-GB"">Suppose
     you want to purchase something online when you are alone at Starbucks.<o:p></o:p></span>"
10/20/2018 11:11,10/20/2018 11:12,0,23.83.37.186,100,39,1,10/20/2018 11:12,R_SSIjpDx3n1TRzAR,,,,,34.07829285,-118.2113037,anonymous,EN,3,,,,,,,,,,,,,,,,,,,,,,,,,,,,,,,,,,,,,,,,,,,,,,,,,,,,,,,,,,,,,,,,,,,,,,,,,,,,,,,,,,,,,,,,,,,,,,,,,,,,,,,,,,,,,,,,,,,,,,,,,,,,,,,,,,,,,,,,,,,,,,,,,,,,,,,,,,,,,,,,,,,,,,,,,,,,,,,,,,,,,,,,,,,,,,,,,,,,,,,,,,,,,,,,,,,88091,"<span lang=""EN-GB"">Suppose you want to a send a text message when you are alone at a street.<o:p></o:p></span>"
10/20/2018 11:13,10/20/2018 11:13,0,23.83.37.186,100,13,1,10/20/2018 11:13,R_1Pdhf1shKTsKHam,,,,,34.07829285,-118.2113037,anonymous,EN,"1,3",,,,,,,,,,,,,,,,,,,,,,,,,,,,,,,,,,,,,,,,,,,,,,,,,,,,,,,,,,,,,,,,,,,,,,,,,,,,,,,,,,,,,,,,,,,,,,,,,,,,,,,,,,,,,,,,,,,,,,,,,,,,,,,,,,,,,,,,,,,,,,,,,,,,,,,,,,,,,,,,,,,,,,,,,,,,,,,,,,,,,,,,,,,,,,,,,,,,,,,,,,,,,,,,,,,69163,"<span lang=""EN-GB"" style=""font-size:11.0pt;line-height:115%;
font-family:&quot;Arial&quot;,sans-serif;mso-fareast-font-family:Arial;mso-ansi-language:
EN-GB;mso-fareast-language:EN-US;mso-bidi-language:AR-SA"">Suppose you want to
find a route to a coffee shop when you are alone at home.</span>"
10/20/2018 11:13,10/20/2018 11:21,0,100.35.97.44,100,480,1,10/20/2018 11:21,R_2BgPqIiyFEa7fdg,,,,,40.74450684,-74.15080261,anonymous,EN,"1,2,4,5,6","1,2,5",,5,,"1,2,3",,1,,1,,1,5,,5,,1,"1,3",,"1,2",,"1,2,3,4",,"1,2",,5,,4,,6,,,,,,,,,,,,,,,,,,,,,,,,,,,,,,,,,,,,,,,,,,,,,,,,,,,,,,,,,,,,,,,,,,,,,,,,,,,,,,,,,,,,,,,,,,,,,,,,,,,,,,,,,,,,,,,,,,,,,,,,,,,,,,,,,,,,,,,,,,,,,,,,,,"2,5",,3,,"1,2,3,4",,1,,1,,1,5,,2,,2,,3,,"1,2,3,4",,2,,"1,2,3,4",,1,,4,,Female,34,Freelancer,3,1,,3,26623,"<span lang=""EN-GB"">Suppose you want to set up a reminder about something when you are at Starbucks with close friends.<o:p></o:p></span>"
10/20/2018 11:16,10/20/2018 11:22,0,73.101.165.235,100,376,1,10/20/2018 11:22,R_2tsPacZvTG99aXd,,,,,39.95899963,-76.65920258,anonymous,EN,"1,2,3,4","2,5",,5,,"1,2,3",,1,,3,,1,"1,2",,2,,2,"2,3",,"1,2",,"1,3,4",,2,,"1,2,3",,1,,,,,,,,,,,,,,,,,,,,,,,,,,,,,,,,,,,,,,,,,,,,,,,,,,,,,,,,,,,,,,,,,,,,,,,,,,,,,,,,,,,,,,,,,,,,,,,,,,,,,,,,,,,,,,,,,,,,,,,,,,,,,,,,,,,,,,,,,,,,,,,,,,,,,,,,,,,,,,,,,,,,,,,,,,,,,,,,,,,,,,,,42860,"Suppose you are alone at home, you want to take a break from studying/working&nbsp;<p>so you decide to play a video game with some with some people you know (e.g., acquaintances, colleagues).<o:p></o:p></p>"
10/20/2018 11:22,10/20/2018 11:23,0,75.144.226.61,100,59,1,10/20/2018 11:23,R_11jCsrZe1vbNYuk,,,,,30.44779968,-84.32109833,anonymous,EN,"1,2,3,4,5",2,,"1,3",,3,,1,,3,,2,3,,1,,3,2,,2,,3,,1,,5,,2,,,,,,,,,,,,,,,,,,,,,,,,,,,,,,,,,,,,,,,,,,,,,,,,,,,,,,,,,,,,,,,,,,,,,,,,,,,,,,,,,,,,,,,,,,,,,,,,,,,,,,,,,,,,,,,,,,,,,,,,,,,,,,,,,,,,,,,,,,,,,,,,,,,,,,,,,,,,,,,,,,,,,,,,,,,,,,,,,,,,,,,,15403,"<span lang=""EN-GB"">Suppose you are at sitting at Starbucks and you want to play a digital/online&nbsp;</span>game with some close friends."
10/20/2018 11:21,10/20/2018 11:25,0,186.179.48.111,100,214,1,10/20/2018 11:25,R_1QbaS3hFk9exoUI,,,,,15,-86.5,anonymous,EN,1,,,,,,,,,,,,,,,,,,,,,,,,,,,,,,,,,,,,,,,,,,,,,,,,,,,,,,,,,,,,,,,,,,,,,,,,,,,,,,,,,,,,,,,,,,,,,,,,,,,,,,,,,,,,,,,,,,,,,,,,,,,,,,,,,,,,,,,,,,,,,,,,,,,,,,,,,,,,,,,,,,,,,,,,,,,,,,,,,,,,,,,,,,,,,,,,,,,,,,,,,,,,,,,,,,,7525,"<span lang=""EN-GB"">Suppose
     you want to watch some video when you are alone at Starbucks.<o:p></o:p></span>"
10/20/2018 11:22,10/20/2018 11:28,0,100.35.97.44,100,365,1,10/20/2018 11:28,R_OvVQTslcSXoEes1,,,,,40.74450684,-74.15080261,anonymous,EN,"1,2,4,5,6","2,5",,5,,"1,2,3",,1,,1,,"1,2","1,2,3",,2,,"1,2",3,,"1,2",,"3,4",,"1,2",,"2,3",,2,,2,,,,,,,,,,,,,,,,,,,,,,,,,,,,,,"2,5",,5,,"2,3",,1,,1,,3,"1,2,3",,"2,3",,"2,3",,"1,3",,"3,4",,"1,2",,"3,4",,5,,2,,,,,,,,,,,,,,,,,,,,,,,,,,,,,,,,,,,,,,,,,,,,,,,,,,,,,,,,,,,,,,,,,,,,,,,,,,,,,,,,,,,,,,,,,,,,,,,,,,,,,,,,,,,,,,,,,,,,,,Female,36,Clerical staff,3,1,,3,14958,"<span lang=""EN-GB"">Suppose you are at Starbucks with your close friends and you realize today is the last day to pay one of your bills online.<o:p></o:p></span>"
10/20/2018 11:25,10/20/2018 11:39,0,186.179.48.111,100,864,1,10/20/2018 11:39,R_3qlFzhzv38XkVM4,,,,,15,-86.5,anonymous,EN,"1,2,5","1,2,5",,"1,2",,2,,1,,1,,"2,3",3,,"1,3",,"2,3",4,,3,,"1,2",,3,,"1,2",,1,,2,,,,,,,,,,,,,,,,,,,,,,,,,,,,,,1,,"1,2",,"1,2,3,4",,1,,1,,"2,3",3,,1,,3,,4,,"1,2,3",,2,,"1,2,3",,"1,2,3",,1,,,,,,,,,,,,,,,,,,,,,,,,,,,,,,,,,,,,,,,,,,,,,,,,,,,,,,,,,,,,,,,,,,,,,,,,,,,,,,,,,,,,,,,,,,,,,,,,,,,,,,,,,,,,,,,,,,,,,,,,,,,,,19834,"<span lang=""EN-GB"">Suppose you want to find a route to home while walking on a street with your close friends.<o:p></o:p></span>"
10/20/2018 11:32,10/20/2018 11:42,0,100.35.97.44,100,561,1,10/20/2018 11:42,R_1K3z76DmJIlUXH0,,,,,40.74450684,-74.15080261,anonymous,EN,"2,4,5,6","2,5",,3,,"1,2,3",,1,,1,,"1,2",5,,2,,"1,2",3,,"1,2",,"1,2,3,4",,"1,2",,"1,3",,4,,"2,6",,,,,,,,,,,,,,,,,,,,,,,,,,,,,,"1,5",,1,,2,,1,,1,,3,5,,2,,2,,3,,"1,2,3,4",,2,,"1,2,3,4",,5,,4,,,,,,,,,,,,,,,,,,,,,,,,,,,,,,,,,,,,,,,,,,,,,,,,,,,,,,,,,,,,,,,,,,,,,,,,,,,,,,,,,,,,,,,,,"1,5",,1,,"1,2,3",,1,,1,,1,5,,2,,2,,3,,"1,2,3,4",,"1,2",,"1,2,3,4",,1,,4,,Female,38,Technician,4,2,,2,2811,"<span lang=""EN-GB"" style=""font-size:11.0pt;line-height:115%;
font-family:&quot;Arial&quot;,sans-serif;mso-fareast-font-family:Arial;mso-ansi-language:
EN-GB;mso-fareast-language:EN-US;mso-bidi-language:AR-SA"">Suppose you want to a
send a text message when you are alone at Starbucks.</span>"
10/20/2018 11:42,10/20/2018 11:50,0,100.0.50.13,100,483,1,10/20/2018 11:50,R_2ZOKgAFadcEnZq8,,,,,42.50090027,-71.0684967,anonymous,EN,"1,2,4",2,,1,,"1,2,3,4",,1,,1,,4,"1,2,3",,"2,3",,4,2,,"1,2",,1,,"1,2",,"1,2",,4,,"2,4",,,,,,,,,,,,,,,,,,,,,,,,,,,,,,2,,"1,2",,"1,2,3",,1,,2,,1,2,,"2,3",,"2,3",,3,,3,,"1,2",,3,,"1,2,3",,4,,,,,,,,,,,,,,,,,,,,,,,,,,,,,,,2,,"1,2",,"1,2,3",,3,,2,,1,2,,3,,3,,6,,3,,"1,2",,3,,"1,2,3",,4,,,,,,,,,,,,,,,,,,,,,,,,,,,,,,,,,,,,,,,,,,,,,,,,,,,,,,,,,,,,Male,31,Video Production,5,1,,1,93997,"Suppose you want to find a route to a coffee shop
     when you are at home with your by your colleagues<o:p></o:p>"
10/20/2018 11:53,10/20/2018 11:53,0,185.245.86.57,100,17,1,10/20/2018 11:53,R_2t526xGkSG3Nulw,,,,,25.78059387,-80.18260193,anonymous,EN,3,,,,,,,,,,,,,,,,,,,,,,,,,,,,,,,,,,,,,,,,,,,,,,,,,,,,,,,,,,,,,,,,,,,,,,,,,,,,,,,,,,,,,,,,,,,,,,,,,,,,,,,,,,,,,,,,,,,,,,,,,,,,,,,,,,,,,,,,,,,,,,,,,,,,,,,,,,,,,,,,,,,,,,,,,,,,,,,,,,,,,,,,,,,,,,,,,,,,,,,,,,,,,,,,,,,81306,"<span lang=""EN-GB"" style=""font-size:11.0pt;line-height:115%;
font-family:&quot;Arial&quot;,sans-serif;mso-fareast-font-family:Arial;mso-ansi-language:
EN-GB;mso-fareast-language:EN-US;mso-bidi-language:AR-SA"">Suppose you want to a
view a text message when you are alone at home</span>"
10/20/2018 11:54,10/20/2018 11:54,0,185.245.86.57,100,57,1,10/20/2018 11:54,R_1d4A2JLKbFklteX,,,,,25.78059387,-80.18260193,anonymous,EN,1,,,,,,,,,,,,,,,,,,,,,,,,,,,,,,,,,,,,,,,,,,,,,,,,,,,,,,,,,,,,,,,,,,,,,,,,,,,,,,,,,,,,,,,,,,,,,,,,,,,,,,,,,,,,,,,,,,,,,,,,,,,,,,,,,,,,,,,,,,,,,,,,,,,,,,,,,,,,,,,,,,,,,,,,,,,,,,,,,,,,,,,,,,,,,,,,,,,,,,,,,,,,,,,,,,,54506,"<span lang=""EN-GB"">Suppose you are alone and relaxing at home, you have just read a new book that&nbsp;</span>you loved and now you want a write a review for your close family and friends."
10/20/2018 11:55,10/20/2018 11:55,0,185.245.86.57,100,31,1,10/20/2018 11:55,R_1dzCEuLDww7bgBX,,,,,25.78059387,-80.18260193,anonymous,EN,2,,,,,,,,,,,,,,,,,,,,,,,,,,,,,,,,,,,,,,,,,,,,,,,,,,,,,,,,,,,,,,,,,,,,,,,,,,,,,,,,,,,,,,,,,,,,,,,,,,,,,,,,,,,,,,,,,,,,,,,,,,,,,,,,,,,,,,,,,,,,,,,,,,,,,,,,,,,,,,,,,,,,,,,,,,,,,,,,,,,,,,,,,,,,,,,,,,,,,,,,,,,,,,,,,,,71544,"<span lang=""EN-GB"">Suppose you are at work with some people you know (e.g., acquaintances, colleagues) when you realize that you have to immediately pay one of your bills online.<o:p></o:p></span>"
10/20/2018 11:56,10/20/2018 11:58,0,185.245.86.57,100,122,1,10/20/2018 11:58,R_1GB8qjGbegX00Dx,,,,,25.78059387,-80.18260193,anonymous,EN,"1,2,4","1,3,4",,"1,3",,"1,3",,1,,"1,3",,"2,3","1,3",,"1,2",,"1,2","1,2",,"1,2",,2,,"1,2",,"1,2",,1,,,,,,,,,,,,,,,,,,,,,,,,,,,,,,,,,,,,,,,,,,,,,,,,,,,,,,,,,,,,,,,,,,,,,,,,,,,,,,,,,,,,,,,,,,,,,,,,,,,,,,,,,,,,,,,,,,,,,,,,,,,,,,,,,,,,,,,,,,,,,,,,,,,,,,,,,,,,,,,,,,,,,,,,,,,,,,,,,,,,,,,,18847,"<span lang=""EN-GB"">Suppose
     you want to purchase something online when you are alone at your home.<o:p></o:p></span>"
10/20/2018 11:57,10/20/2018 11:59,0,24.151.61.168,100,107,1,10/20/2018 11:59,R_1rIbHMKKcuWKSUW,,,,,41.58169556,-73.41280365,anonymous,EN,"1,2,4,5",2,,3,,3,,1,,4,,2,2,,3,,3,3,,3,,3,,3,,3,,1,,,,,,,,,,,,,,,,,,,,,,,,,,,,,,,,,,,,,,,,,,,,,,,,,,,,,,,,,,,,,,,,,,,,,,,,,,,,,,,,,,,,,,,,,,,,,,,,,,,,,,,,,,,,,,,,,,,,,,,,,,,,,,,,,,,,,,,,,,,,,,,,,,,,,,,,,,,,,,,,,,,,,,,,,,,,,,,,,,,,,,,,62951,"<span lang=""EN-GB"">Suppose
     you want to a send an email when you are with a very close friend at a
     restaurant&nbsp;<o:p></o:p></span>"
10/20/2018 11:58,10/20/2018 12:03,0,185.245.86.57,100,313,1,10/20/2018 12:03,R_1oC3ANTXPirUxC6,,,,,25.78059387,-80.18260193,anonymous,EN,"1,3,4",3,,"2,3",,2,,1,,2,,2,2,,2,,2,2,,1,,3,,1,,1,,2,,"1,4","2,3",,"2,3,4",do not,"2,4",,1,,"1,3",,"2,3","1,2",,"1,2",,"1,2",,"2,3",,"2,4",,"1,2",,"2,3",,"1,3",,"1,2",,,,,,,,,,,,,,,,,,,,,,,,,,,,,,,,,,,,,,,,,,,,,,,,,,,,,,,,,,,,2,,"1,3",,2,,1,,2,,2,1,,2,,2,,2,,2,,1,,2,,1,,2,,,,,,,,,,,,,,,,,,,,,,,,,,,,,,,,,,,,,,,,,,,,,,,,,,,,,,,,,,,,,,,,,,,85246,"<span lang=""EN-GB"">Suppose
     you want to listen to some audio when you are alone at Starbucks.<o:p></o:p></span>"
10/20/2018 11:48,10/20/2018 12:04,0,100.35.97.44,100,914,1,10/20/2018 12:04,R_72R3v27U4qjbD8Z,,,,,40.74450684,-74.15080261,anonymous,EN,"2,4,5,6","2,5",,1,,"1,2,3",,1,,1,,"1,2",5,,2,,"1,2","1,2,3",,"1,2",,"1,2,3,4",,"1,2",,"1,2",,4,,"2,5,6",,,,,,,,,,,,,,,,,,,,,,,,,,,,,,"2,5",,3,,"1,2,3",,1,,1,,3,5,,2,,2,,"2,3",,"1,2,3",,2,,"1,2,3",,5,,"1,2",,,,,,,,,,,,,,,,,,,,,,,,,,,,,,,,,,,,,,,,,,,,,,,,,,,,,,,,,,,,1,,5,,4,,3,,"3,4",,"1,2",5,,1,,1,,4,,2,,3,,2,,5,,4,,"1,2,5",,3,,"2,3",,1,,1,,"1,2",5,,2,,2,,3,,"1,2,3,4",,3,,"1,2,3,4",,1,,4,,Female,40,Home maker,3,1,,2,28432,"<span lang=""EN-GB"">Suppose
     you want to a send a text message when you are alone at home<strong><o:p></o:p></strong></span>"
10/20/2018 12:05,10/20/2018 12:05,0,104.131.206.9,100,41,1,10/20/2018 12:05,R_sumNAOxaPtaYKfD,,,,,40.73080444,-73.99749756,anonymous,EN,1,,,,,,,,,,,,,,,,,,,,,,,,,,,,,,,,,,,,,,,,,,,,,,,,,,,,,,,,,,,,,,,,,,,,,,,,,,,,,,,,,,,,,,,,,,,,,,,,,,,,,,,,,,,,,,,,,,,,,,,,,,,,,,,,,,,,,,,,,,,,,,,,,,,,,,,,,,,,,,,,,,,,,,,,,,,,,,,,,,,,,,,,,,,,,,,,,,,,,,,,,,,,,,,,,,,29204,"<span lang=""EN-GB"">Suppose you are at a coffee shop, you have just read a book you loved and now&nbsp;</span>you want to write a review for it to share with your close family and friends."
10/20/2018 12:06,10/20/2018 12:09,0,104.131.206.9,100,201,1,10/20/2018 12:09,R_8Gp76Vmk8yuqhyh,,,,,40.73080444,-73.99749756,anonymous,EN,"1,2,3,4,5,6","1,2",,1,,1,,1,,1,,"1,2",1,,2,,2,"2,3",,2,,"1,2",,1,,1,,2,,,,,,,,,,,,,,,,,,,,,,,,,,,,,,,,,,,,,,,,,,,,,,,,,,,,,,,,,,,,,,,,,,,,,,,,,,,,,,,,,,,,,,,,,,,,,,,,,,,,,,,,,,,,,,,,,,,,,,,,,,,,,,,,,,,,,,,,,,,,,,,,,,,,,,,,,,,,,,,,,,,,,,,,,,,,,,,,,,,,,,,,31077,"<span lang=""EN-GB"">Suppose
     you want to purchase something online when you are with your close friends
     at Starbucks.<o:p></o:p></span>"
10/20/2018 12:09,10/20/2018 12:12,0,104.131.206.9,100,187,1,10/20/2018 12:12,R_1Gv8QIz6mNQ0EWV,,,,,40.73080444,-73.99749756,anonymous,EN,"1,2,3,4,5,6","1,4",,3,,"1,3",,1,,"2,3",,1,"2,3",,"1,2",,2,"1,2,3",,"1,2",,"1,2,3",,"1,2",,"1,2",,2,,,,,,,,,,,,,,,,,,,,,,,,,,,,,,,,,,,,,,,,,,,,,,,,,,,,,,,,,,,,,,,,,,,,,,,,,,,,,,,,,,,,,,,,,,,,,,,,,,,,,,,,,,,,,,,,,,,,,,,,,,,,,,,,,,,,,,,,,,,,,,,,,,,,,,,,,,,,,,,,,,,,,,,,,,,,,,,,,,,,,,,,72092,"<span lang=""EN-GB"">Suppose
     you want to a send a text message when you with people you know (e.g., acquaintances,
     colleagues) at a street<strong>.</strong><o:p></o:p></span>"
10/20/2018 12:10,10/20/2018 12:15,0,197.89.219.216,100,272,1,10/20/2018 12:15,R_1IW8NUoP1iFhzxx,,,,,-25.46670532,30.96670532,anonymous,EN,"1,2,4","2,3,4",,3,,"1,2,3",,1,,1,,1,"1,3",,5,,3,1,,2,,3,,2,,"1,3",,2,,,,,,,,,,,,,,,,,,,,,,,,,,,,,,,,,,,,,,,,,,,,,,,,,,,,,,,,,,,,,,,,,,,,,,,,,,,,,,,,,,,,,,,,,,,,,,,,,,,,,,,,,,,,,,,,,,,,,,,,,,,,,,,,,,,,,,,,,,,,,,,,,,,,,,,,,,,,,,,,,,,,,,,,,,,,,,,,,,,,,,,,10977,"<span lang=""EN-GB"">Suppose
     you want to read a digital document when you are at home with people you
     are close to (e.g., friends, family members).<strong><o:p></o:p></strong></span>"
10/20/2018 12:13,10/20/2018 12:20,0,104.131.206.9,100,425,1,10/20/2018 12:20,R_2D15OPGL5dIfbvB,,,,,40.73080444,-73.99749756,anonymous,EN,"1,2,3,4,5,6","1,2,4",,"1,2",,3,,1,,"3,4",,3,2,,1,,"1,2",2,,"2,3",,"3,4",,"1,2",,3,,2,,,,,,,,,,,,,,,,,,,,,,,,,,,,,,,,,,,,,,,,,,,,,,,,,,,,,,,,,,,,,,,,,,,,,,,,,,,,,,,,,,,,,,,,,,,,,,,,,,,,,,,,,,,,,,,,,,,,,,,,,,,,,,,,,,,,,,,,,,,,,,,,,,,,,,,,,,,,,,,,,,,,,,,,,,,,,,,,,,,,,,,,54371,"<span lang=""EN-GB"">Suppose you want to read a digital document when you are in a park with people you know (e.g., acquaintances, colleagues).<o:p></o:p></span>"
10/20/2018 12:22,10/20/2018 12:22,0,174.71.1.84,100,14,1,10/20/2018 12:22,R_12D4kmRuJAifVfY,,,,,41.26159668,-95.82510376,anonymous,EN,"2,3",,,,,,,,,,,,,,,,,,,,,,,,,,,,,,,,,,,,,,,,,,,,,,,,,,,,,,,,,,,,,,,,,,,,,,,,,,,,,,,,,,,,,,,,,,,,,,,,,,,,,,,,,,,,,,,,,,,,,,,,,,,,,,,,,,,,,,,,,,,,,,,,,,,,,,,,,,,,,,,,,,,,,,,,,,,,,,,,,,,,,,,,,,,,,,,,,,,,,,,,,,,,,,,,,,,14935,"<span lang=""EN-GB"">Suppose
     you are at home with some people you know (e.g., acquaintances,
     colleagues) when you realize today is the last day to pay one of your
     bills online.<o:p></o:p></span>"
10/20/2018 12:08,10/20/2018 12:24,0,100.35.97.44,100,968,1,10/20/2018 12:24,R_SUyYsYsN7MnDECl,,,,,40.74450684,-74.15080261,anonymous,EN,"1,2,4,5,6","1,2,5",,1,,"1,2,3",,1,,1,,"1,2",5,,5,,"1,2","2,3",,"1,2",,3,,"1,2",,1,,4,,"2,6",,,,,,,,,,,,,,,,,,,,,,,,,,,,,,"1,2,5",,3,,"1,2,3,4",,1,,1,,3,"1,2,3",,2,,2,,"1,3",,"1,2,3,4",,2,,"1,2,3,4",,"1,3",,"1,2",,,,,,,,,,,,,,,,,,,,,,,,,,,,,,,,,,,,,,,,,,,,,,,,,,,,,,,,,,,,,,,,,,,,,,,,,,,,,,,,,,,,,,,,,"2,5",,1,,"1,2,3",,1,,1,,1,5,,2,,2,,"1,2,3",,"1,2,3,4",,"1,2",,"1,2,3,4",,5,,4,,Female,42,Home maker,3,1,,3,19763,"<span lang=""EN-GB"">Suppose
     you want to call your mother for sharing an important update about your
     life&nbsp; when you are alone at a park<o:p></o:p></span>"
10/20/2018 12:23,10/20/2018 12:26,0,72.193.94.144,100,159,1,10/20/2018 12:26,R_XYQ445YBJ1sRPIR,,,,,36.09140015,-115.088501,anonymous,EN,"2,3,5","1,2",,1,,1,,1,,1,,1,1,,5,,1,6,,5,,7,,5,,1,,"1,2",,2,,,,,,,,,,,,,,,,,,,,,,,,,,,,,,2,,5,,1,,1,,1,,4,1,,5,,5,,6,,7,,1,,7,,1,,4,,,,,,,,,,,,,,,,,,,,,,,,,,,,,,,,,,,,,,,,,,,,,,,,,,,,,,,,,,,,,,,,,,,,,,,,,,,,,,,,,,,,,,,,,,,,,,,,,,,,,,,,,,,,,,,,,,,,,,female,28,bartender,3,1,,2,18036,"<span lang=""EN-GB"">Suppose
     you want to purchase something online when you are with people you know
     (e.g., acquaintances, colleagues) at your home.<o:p></o:p></span>"
10/20/2018 12:26,10/20/2018 12:29,0,68.47.141.246,100,201,1,10/20/2018 12:29,R_30ePWmtNeetXN59,,,,,30.48739624,-84.31890106,anonymous,EN,"1,2,6",4,,5,,"1,2,3",,1,,1,,"1,2",2,,5,,4,"3,4",,2,,"4,6",,5,,1,,1,,,,,,,,,,,,,,,,,,,,,,,,,,,,,,,,,,,,,,,,,,,,,,,,,,,,,,,,,,,,,,,,,,,,,,,,,,,,,,,,,,,,,,,,,,,,,,,,,,,,,,,,,,,,,,,,,,,,,,,,,,,,,,,,,,,,,,,,,,,,,,,,,,,,,,,,,,,,,,,,,,,,,,,,,,,,,,,,,,,,,,,,48391,"<span lang=""EN-GB"">Suppose
     you want to a send an email when you are surrounded by people you know
     (e.g., acquaintances, colleagues) at a restaurant.<o:p></o:p></span>"
10/20/2018 12:32,10/20/2018 12:37,0,108.88.175.151,100,298,1,10/20/2018 12:37,R_3mjZ2wpI0Wcv6Po,,,,,42.49920654,-83.47730255,anonymous,EN,"2,3,4",2,,5,,2,,1,,1,,1,3,,1,,1,1,,1,,3,,1,,5,,1,,2,,,,,,,,,,,,,,,,,,,,,,,,,,,,,,2,,5,,2,,1,,1,,1,3,,1,,2,,1,,3,,1,,3,,1,,4,,,,,,,,,,,,,,,,,,,,,,,,,,,,,,,,,,,,,,,,,,,,,,,,,,,,,,,,,,,,,,,,,,,,,,,,,,,,,,,,,,,,,,,,,,,,,,,,,,,,,,,,,,,,,,,,,,,,,,,,,,,,,20694,"<span lang=""EN-GB"">Suppose you want to a send an email when you are walking with a very close friend on a street.&nbsp;<o:p></o:p></span>"
10/20/2018 12:30,10/20/2018 12:40,0,76.174.192.221,100,562,1,10/20/2018 12:40,R_2uZDPSdcL1atYgz,,,,,34.11320496,-117.3771057,anonymous,EN,"1,2,3","2,3,4",,1,,"1,2,4",,1,,1,,"2,3","1,2,3",,3,,"2,3","2,3",,"1,2",,"1,2,3",,"1,2",,"1,2,3",,"1,2",,"1,2","2,3,4",,"1,2",,"1,2,3",,1,,1,,"2,3","1,2,3",,"2,3",,"2,3",,"1,2,3",,"2,3,4",,"1,2",,"2,3,4",,"1,2,3",,"1,2",,"2,3,4",,"1,3",,"1,2",,1,,1,,"2,3","1,2,3",,"2,3",,"2,3",,"2,3,4",,"1,2,3",,"1,2",,"1,2,3",,"1,2,3",,"1,2",,,,,,,,,,,,,,,,,,,,,,,,,,,,,,,,,,,,,,,,,,,,,,,,,,,,,,,,,,,,,,,,,,,,,,,,,,,,,,,,,,,,,,,,,,,,,,,,,,,,,,,,,,,,,,,,,,,,,,male,24,Digital Artist,3,2,,5,96297,"<span lang=""EN-GB"">Suppose you want to read a digital document when you are in a park surrounded by your close friends.<o:p></o:p></span>"
10/20/2018 12:45,10/20/2018 12:46,0,73.54.175.209,100,23,1,10/20/2018 12:46,R_PHhsh5RHObH8v7z,,,,,33.89720154,-84.59200287,anonymous,EN,"1,2",,,,,,,,,,,,,,,,,,,,,,,,,,,,,,,,,,,,,,,,,,,,,,,,,,,,,,,,,,,,,,,,,,,,,,,,,,,,,,,,,,,,,,,,,,,,,,,,,,,,,,,,,,,,,,,,,,,,,,,,,,,,,,,,,,,,,,,,,,,,,,,,,,,,,,,,,,,,,,,,,,,,,,,,,,,,,,,,,,,,,,,,,,,,,,,,,,,,,,,,,,,,,,,,,,,53945,"<span lang=""EN-GB"">Suppose
     you have planned to meet a friend next week and you want put this on your
     calendar when you are alone at home<strong><o:p></o:p></strong></span>"
10/20/2018 12:46,10/20/2018 12:50,0,73.54.175.209,100,266,1,10/20/2018 12:50,R_QicOp5QwWM6g001,,,,,33.89720154,-84.59200287,anonymous,EN,"1,2,4,6","2,4",,5,,1,,3,,1,,2,3,,"2,3",,2,2,,"1,2",,"3,4",,"1,2",,1,,"1,2",,4,,,,,,,,,,,,,,,,,,,,,,,,,,,,,,,,,,,,,,,,,,,,,,,,,,,,,,,,,,,,,,,,,,,,,,,,,,,,,,,,,,,,,,,,4,,5,,"1,2",,1,,1,,2,3,,"2,3",,"2,3",,2,,"3,4",,"1,2",,"3,4",,1,,"1,2",,,,,,,,,,,,,,,,,,,,,,,,,,,,,,,,,,,,,,,,,,,,,,,,,,,,,,,,,,,,Female,43,Chief Petty Officer in the US Navy,3,1,,3,30113,"<span lang=""EN-GB"">Suppose
     you want to watch some video when you are with people you know (e.g.,
     acquaintances, colleagues) in a park.<o:p></o:p></span>"
10/20/2018 12:27,10/20/2018 13:06,0,100.35.97.44,100,2325,1,10/20/2018 13:06,R_cA7N5R6pKyjxVzr,,,,,40.74450684,-74.15080261,anonymous,EN,"1,2,4,5,6","2,5",,1,,"1,2,3",,3,,2,,1,"1,2,3",,2,,1,"1,2,3",,"1,2",,"1,2,3,4",,"1,2",,5,,2,,4,,,,,,,,,,,,,,,,,,,,,,,,,,,,,,,,,,,,,,,,,,,,,,,,,,,,,,,,,,,,,,,,,,,,,,,,,,,,,,,,,,,,,,,,"2,5",,1,,"2,3",,1,,1,,3,"1,2,3",,2,,2,,3,,3,,"1,2",,3,,"2,3",,"1,2",,,,,,,,,,,,,,,,,,,,,,,,,,,,,,,,,,,,,,,,,,,,,,,,,,,,,,,,,,,,Female,30,Home maker,3,3,,3,72888,"<span lang=""EN-GB"">Suppose you want to browse through one of your social media profiles when you&nbsp;</span>are at your home."
10/20/2018 13:11,10/20/2018 13:11,0,76.122.83.89,100,14,1,10/20/2018 13:11,R_3rS3aAJFq2N26in,,,,,33.87130737,-84.46289825,anonymous,EN,1,,,,,,,,,,,,,,,,,,,,,,,,,,,,,,,,,,,,,,,,,,,,,,,,,,,,,,,,,,,,,,,,,,,,,,,,,,,,,,,,,,,,,,,,,,,,,,,,,,,,,,,,,,,,,,,,,,,,,,,,,,,,,,,,,,,,,,,,,,,,,,,,,,,,,,,,,,,,,,,,,,,,,,,,,,,,,,,,,,,,,,,,,,,,,,,,,,,,,,,,,,,,,,,,,,,73582,"<span lang=""EN-GB"">Suppose you want to call your mother for sharing an important
     update about your life when you are surrounded by people you know (e.g.,
     acquaintances, colleagues) at your home.<o:p></o:p></span>"
10/20/2018 13:13,10/20/2018 13:13,0,99.100.238.66,100,28,1,10/20/2018 13:13,R_3fHIjdq7HjONeie,,,,,42.64129639,-83.05039978,anonymous,EN,"1,2",,,,,,,,,,,,,,,,,,,,,,,,,,,,,,,,,,,,,,,,,,,,,,,,,,,,,,,,,,,,,,,,,,,,,,,,,,,,,,,,,,,,,,,,,,,,,,,,,,,,,,,,,,,,,,,,,,,,,,,,,,,,,,,,,,,,,,,,,,,,,,,,,,,,,,,,,,,,,,,,,,,,,,,,,,,,,,,,,,,,,,,,,,,,,,,,,,,,,,,,,,,,,,,,,,,71059,"<span lang=""EN-GB"">Suppose
     you want to read a digital document) when you are at home with people you
     know (e.g., acquaintances, colleagues).<o:p></o:p></span>"
10/20/2018 13:13,10/20/2018 13:13,0,174.234.5.182,100,32,1,10/20/2018 13:13,R_1mRco3ogWXowKw2,,,,,38.87330627,-94.77519989,anonymous,EN,"2,3",,,,,,,,,,,,,,,,,,,,,,,,,,,,,,,,,,,,,,,,,,,,,,,,,,,,,,,,,,,,,,,,,,,,,,,,,,,,,,,,,,,,,,,,,,,,,,,,,,,,,,,,,,,,,,,,,,,,,,,,,,,,,,,,,,,,,,,,,,,,,,,,,,,,,,,,,,,,,,,,,,,,,,,,,,,,,,,,,,,,,,,,,,,,,,,,,,,,,,,,,,,,,,,,,,,83424,"<span lang=""EN-GB"">Suppose you want to a view a text message when you are alone at a street.<o:p></o:p></span>"
10/20/2018 13:22,10/20/2018 13:23,0,103.66.79.122,100,46,1,10/20/2018 13:23,R_1jDNq7opv8awBIe,,,,,9.933303833,78.11669922,anonymous,EN,1,,,,,,,,,,,,,,,,,,,,,,,,,,,,,,,,,,,,,,,,,,,,,,,,,,,,,,,,,,,,,,,,,,,,,,,,,,,,,,,,,,,,,,,,,,,,,,,,,,,,,,,,,,,,,,,,,,,,,,,,,,,,,,,,,,,,,,,,,,,,,,,,,,,,,,,,,,,,,,,,,,,,,,,,,,,,,,,,,,,,,,,,,,,,,,,,,,,,,,,,,,,,,,,,,,,29238,"<span lang=""EN-GB"">Suppose
     you want to set up a reminder when you are with people you know (e.g.,
     acquaintances, colleagues) at your home.<o:p></o:p></span>"
10/20/2018 13:21,10/20/2018 13:23,0,97.124.101.53,100,81,1,10/20/2018 13:23,R_z078iPnQh52W3qp,,,,,33.33540344,-111.7406006,anonymous,EN,"1,2,4,6","1,3",,"1,2,3",,"1,3",,1,,"1,2,3",,"2,3","1,2,3",,"1,2,3",,"1,2","1,3,4",,"1,2",,"1,4",,"1,3",,"1,2",,"1,2",,,,,,,,,,,,,,,,,,,,,,,,,,,,,,,,,,,,,,,,,,,,,,,,,,,,,,,,,,,,,,,,,,,,,,,,,,,,,,,,,,,,,,,,,,,,,,,,,,,,,,,,,,,,,,,,,,,,,,,,,,,,,,,,,,,,,,,,,,,,,,,,,,,,,,,,,,,,,,,,,,,,,,,,,,,,,,,,,,,,,,,,69879,"<span lang=""EN-GB"">Suppose you are at sitting at Starbucks and you want to play a digital/online&nbsp;</span>game."
10/20/2018 13:23,10/20/2018 13:23,0,103.66.79.122,100,15,1,10/20/2018 13:23,R_1Q0kFIPmYURyF2t,,,,,9.933303833,78.11669922,anonymous,EN,2,,,,,,,,,,,,,,,,,,,,,,,,,,,,,,,,,,,,,,,,,,,,,,,,,,,,,,,,,,,,,,,,,,,,,,,,,,,,,,,,,,,,,,,,,,,,,,,,,,,,,,,,,,,,,,,,,,,,,,,,,,,,,,,,,,,,,,,,,,,,,,,,,,,,,,,,,,,,,,,,,,,,,,,,,,,,,,,,,,,,,,,,,,,,,,,,,,,,,,,,,,,,,,,,,,,84005,"<span lang=""EN-GB"">Suppose you want to call your mother for sharing an important
     update about your life&nbsp; when you
     with people you know (e.g., acquaintances, colleagues) at a park<o:p></o:p></span>"
10/20/2018 13:23,10/20/2018 13:24,0,103.66.79.122,100,44,1,10/20/2018 13:24,R_1QgRtdbDvb0J4HE,,,,,9.933303833,78.11669922,anonymous,EN,3,,,,,,,,,,,,,,,,,,,,,,,,,,,,,,,,,,,,,,,,,,,,,,,,,,,,,,,,,,,,,,,,,,,,,,,,,,,,,,,,,,,,,,,,,,,,,,,,,,,,,,,,,,,,,,,,,,,,,,,,,,,,,,,,,,,,,,,,,,,,,,,,,,,,,,,,,,,,,,,,,,,,,,,,,,,,,,,,,,,,,,,,,,,,,,,,,,,,,,,,,,,,,,,,,,,91794,"<span lang=""EN-GB"">Suppose you want to take a click a photo when you with </span><span lang=""EN-GB"">some people you know (e.g.,
     acquaintances, colleagues)</span><span lang=""EN-GB""> at home<o:p></o:p></span>"
10/20/2018 13:24,10/20/2018 13:26,0,103.66.79.122,100,102,1,10/20/2018 13:26,R_2xFZ8Ydw2D0suvK,,,,,9.933303833,78.11669922,anonymous,EN,"1,2,3,4,5,6","1,3,5",,"1,2",,"2,4",,1,,6,,"2,3",5,,"2,3",,"1,2","2,4",,"2,3",,"2,4,6",,5,,"1,2,3",,"1,2",,,,,,,,,,,,,,,,,,,,,,,,,,,,,,,,,,,,,,,,,,,,,,,,,,,,,,,,,,,,,,,,,,,,,,,,,,,,,,,,,,,,,,,,,,,,,,,,,,,,,,,,,,,,,,,,,,,,,,,,,,,,,,,,,,,,,,,,,,,,,,,,,,,,,,,,,,,,,,,,,,,,,,,,,,,,,,,,,,,,,,,,17631,"<span lang=""EN-GB"">Suppose
     you want to find a route to home when you are alone at Starbucks.<o:p></o:p></span>"
10/20/2018 13:24,10/20/2018 13:28,0,97.124.101.53,100,228,1,10/20/2018 13:28,R_3nMgJWV1F1v6Vvy,,,,,33.33540344,-111.7406006,anonymous,EN,"1,2,5,6","1,2,3,4,5",,"1,2,3",,"1,2,3,4",,1,,"1,2,3,4",,"1,2,3","1,2,3",,"1,2,3",,"1,2,3","1,2,3,4",,"1,2,3",,"1,2,3,4",,"1,2,3",,"1,2,3",,"1,2",,"2,6",,,,,,,,,,,,,,,,,,,,,,,,,,,,,,"1,2,3,4,5",,"1,2,3",,"1,2,3,4",,1,,"1,2,3,4",,"1,2,3","1,2,3",,"1,2,3",,"1,2,3",,"1,2,3,4",,"1,2,3,4",,"1,2,3",,"1,2,3,4",,"1,2,3",,"1,2",,,,,,,,,,,,,,,,,,,,,,,,,,,,,,,,,,,,,,,,,,,,,,,,,,,,,,,,,,,,,,,,,,,,,,,,,,,,,,,,,,,,,,,,,"1,2,3,4,5",,"1,2,3",,"1,2,3,4",,1,,"1,2,3,4",,"1,2,3","1,2,3",,"1,2,3",,"1,2,3",,"1,2,3,4",,"1,2,3,4",,"1,2,3",,"1,2,3,4",,"1,2,3",,"1,2",,male,28,merchandiser,3,1,,12,83591,"<span id=""docs-internal-guid-5a7e3441-7fff-9d1f-10e6-454a1d940975""><span style=""font-size: 11pt; font-family: Arial; color: rgb(0, 0, 0); background-color: transparent; font-variant-numeric: normal; font-variant-east-asian: normal; vertical-align: baseline; white-space: pre-wrap;"">Suppose you want to call your mother for sharing an important update about your life &nbsp;when you are alone at home</span><br> <br><br></span>"
10/20/2018 13:23,10/20/2018 13:31,0,47.42.172.20,100,481,1,10/20/2018 13:31,R_3LXuXqtTsnrR8QB,,,,,43.227005,-123.5158005,anonymous,EN,"1,2,4,5","2,3,4,5",,"1,3",,"1,2,3,4",,1,,"1,3",,3,"1,2,3",,"2,3",,"2,3","1,2,3",,"1,2,3",,"1,3,4",,"1,2,3",,"1,2,3",,2,,2,,,,,,,,,,,,,,,,,,,,,,,,,,,,,,"2,3,5",,"1,3",,1,,1,,1,,3,"1,2,3",,"2,3",,"1,2,3",,3,,"1,2,3,4",,"1,2",,"1,2,3,4",,"1,2,3",,2,,,,,,,,,,,,,,,,,,,,,,,,,,,,,,,,,,,,,,,,,,,,,,,,,,,,,,,,,,,,,,,,,,,,,,,,,,,,,,,,,,,,,,,,,,,,,,,,,,,,,,,,,,,,,,,,,,,,,,male,38,sales manager,5,1,,2,41642,"<span lang=""EN-GB"">Suppose
     you want to a view a text message when you are surrounded with people you
     are close to (e.g., friends, family members) at your home.<strong><o:p></o:p></strong></span>"
10/20/2018 13:20,10/20/2018 13:33,0,71.183.97.101,100,745,1,10/20/2018 13:33,R_3PweLrQ9xLYX628,,,,,40.73129272,-73.98919678,anonymous,EN,"1,2,3,6",2,,1,,"1,2,3",,1,,1,,2,"1,2,3",,"1,2",,2,"1,2,3",,"1,2,3",,"1,2,3,4",,"1,2,3",,"1,2,3",,"1,2",,2,,,,,,,,,,,,,,,,,,,,,,,,,,,,,,"2,5",,5,,"1,2,3",,1,,1,,2,3,,5,,5,,6,,3,,1,,3,,1,,2,,,,,,,,,,,,,,,,,,,,,,,,,,,,,,,,,,,,,,,,,,,,,,,,,,,,,,,,,,,,,,,,,,,,,,,,,,,,,,,,,,,,,,,,,,,,,,,,,,,,,,,,,,,,,,,,,,,,,,male,32,office associate,5,5,,12,53569,"<span lang=""EN-GB"">Suppose
     you are at a park with your close friends and you realize today is the
     last day to pay one of your bills online.<o:p></o:p></span>"
10/20/2018 13:27,10/20/2018 13:34,0,66.250.143.159,100,455,1,10/20/2018 13:34,R_3PbFiWEBoi28MWd,,,,,39.95970154,-75.20240021,anonymous,EN,"1,2,3,4,5,6","2,5",,3,,"2,3",,1,,1,,"2,3","1,2,3",,"1,2,3",,"1,2,3","1,2,3,4",,2,,"1,3,4",,2,,"1,2,3",,2,,"1,2,3,6",5,,3,,"1,2",,1,,1,,"1,2,3",2,,3,,"1,2",,2,,3,,"1,2",,3,,3,,2,,2,,2,,2,,1,,1,,"2,3",1,,1,,1,,1,,1,,2,,1,,2,,2,,2,,3,,2,,1,,1,,"1,2,3",2,,2,,2,,"2,3",,3,,1,,1,,2,,2,,,,,,,,,,,,,,,,,,,,,,,,,,,,,,,,,,,,,,,,,,,,,,,,,,,,,,,,,,,,2,,1,,1,,1,,1,,2,1,,1,,1,,1,,1,,1,,1,,"2,3",,2,,,,,,,,,65931,"<span lang=""EN-GB"">Suppose you have planned to meet a friend next week and you want to put this on your calendar when you are surrounded by people you know (e.g., acquaintances, colleagues) at a restaurant.<o:p></o:p></span>"
10/20/2018 13:37,10/20/2018 13:37,0,99.10.189.12,100,5,1,10/20/2018 13:37,R_3iy5Bu6DU9cpJr8,,,,,26.53540039,-80.11239624,anonymous,EN,3,,,,,,,,,,,,,,,,,,,,,,,,,,,,,,,,,,,,,,,,,,,,,,,,,,,,,,,,,,,,,,,,,,,,,,,,,,,,,,,,,,,,,,,,,,,,,,,,,,,,,,,,,,,,,,,,,,,,,,,,,,,,,,,,,,,,,,,,,,,,,,,,,,,,,,,,,,,,,,,,,,,,,,,,,,,,,,,,,,,,,,,,,,,,,,,,,,,,,,,,,,,,,,,,,,,9010,"<span lang=""EN-GB"">Suppose you have planned to meet a friend next week and you want to&nbsp;put this on your calendar </span><span lang=""EN-GB"">when</span><span lang=""EN-GB""> you are surrounded by people you know (e.g., acquaintances, colleagues) at your home.</span><span lang=""EN-GB""><o:p></o:p></span>"
10/20/2018 13:37,10/20/2018 13:38,0,47.157.180.225,100,27,1,10/20/2018 13:38,R_3DHFhZWJUxNHODf,,,,,34.16850281,-119.1716995,anonymous,EN,2,,,,,,,,,,,,,,,,,,,,,,,,,,,,,,,,,,,,,,,,,,,,,,,,,,,,,,,,,,,,,,,,,,,,,,,,,,,,,,,,,,,,,,,,,,,,,,,,,,,,,,,,,,,,,,,,,,,,,,,,,,,,,,,,,,,,,,,,,,,,,,,,,,,,,,,,,,,,,,,,,,,,,,,,,,,,,,,,,,,,,,,,,,,,,,,,,,,,,,,,,,,,,,,,,,,59884,"<span lang=""EN-GB"">Suppose
     you want to purchase something online when you are alone at a park.<o:p></o:p></span>"
10/20/2018 13:39,10/20/2018 13:42,0,71.233.45.208,100,182,1,10/20/2018 13:42,R_3hz4zh2plF0FDb8,,,,,42.41729736,-71.10870361,anonymous,EN,"1,2,3","2,3,4,5",,1,,"1,2,3",,1,,1,,"2,3","1,2,3",,2,,"2,3",6,,2,,"1,2,4",,"1,2",,1,,2,,,,,,,,,,,,,,,,,,,,,,,,,,,,,,,,,,,,,,,,,,,,,,,,,,,,,,,,,,,,,,,,,,,,,,,,,,,,,,,,,,,,,,,,,,,,,,,,,,,,,,,,,,,,,,,,,,,,,,,,,,,,,,,,,,,,,,,,,,,,,,,,,,,,,,,,,,,,,,,,,,,,,,,,,,,,,,,,,,,,,,,,17431,"<span lang=""EN-GB"">Suppose
     you want to set up a reminder about something when you are with people you
     know (e.g., acquaintances, colleagues) at Starbucks.<o:p></o:p></span>"
10/20/2018 13:39,10/20/2018 13:42,0,174.235.156.60,100,202,1,10/20/2018 13:42,R_QmPMlUFGXQcVnbz,,,,,30.61450195,-90.18789673,anonymous,EN,"1,2,4,6",7,,5,,6,,3,,6,,4,5,,5,,4,6,,5,,7,,5,,5,,4,,1,7,,5,,6,,3,,6,,4,5,,5,,5,,6,,7,,5,,7,,5,,4,,,,,,,,,,,,,,,,,,,,,,,,,,,,,,,,,,,,,,,,,,,,,,,,,,,,,,,,,,,,,,,,,,,,,,,,,,,,,,,,,,,,,,,,,,,,,,,,,,,,,,,,,,,,,,,,,,,,,,,,,,,,,,,,,,,,,,,,,,,,,,,,,,,Female,56,Administrative Assistant,2,1,,4,84097,"<span lang=""EN-GB"">Suppose you are alone at home, you want to take a break from studying/working&nbsp;</span>so you decide to play an online/digital game with some close friends ."
10/20/2018 13:08,10/20/2018 13:45,0,100.35.97.44,100,2191,1,10/20/2018 13:45,R_1i3uZMhC0mLU9ox,,,,,40.74450684,-74.15080261,anonymous,EN,"1,2,4,5,6","1,2,5",,1,,"1,2,3,4",,1,,1,,1,5,,"2,3",,1,"1,2,3",,"1,2",,"1,2,3,4",,"1,2",,5,,4,,"2,6",,,,,,,,,,,,,,,,,,,,,,,,,,,,,,"1,2,5",,1,,"1,2,3",,1,,1,,1,5,,2,,2,,"1,3",,"1,2,3,4",,2,,"1,2,3,4",,5,,4,,,,,,,,,,,,,,,,,,,,,,,,,,,,,,,,,,,,,,,,,,,,,,,,,,,,,,,,,,,,,,,,,,,,,,,,,,,,,,,,,,,,,,,,,"1,2,5",,5,,"1,2,3,4",,1,,1,,1,5,,2,,2,,"1,2,3",,"1,2,3,4",,2,,"1,2,3,4",,5,,4,,Female,50,Home maker,3,1,,3,88288,"<span lang=""EN-GB"">Suppose
     you want to set up a reminder about something when you are at Starbucks by
     yourself.<o:p></o:p></span>"
10/20/2018 13:47,10/20/2018 13:47,0,65.36.61.4,100,9,1,10/20/2018 13:47,R_2yqQUtNls3OZIm8,,,,,30.50520325,-97.82029724,anonymous,EN,"3,6",,,,,,,,,,,,,,,,,,,,,,,,,,,,,,,,,,,,,,,,,,,,,,,,,,,,,,,,,,,,,,,,,,,,,,,,,,,,,,,,,,,,,,,,,,,,,,,,,,,,,,,,,,,,,,,,,,,,,,,,,,,,,,,,,,,,,,,,,,,,,,,,,,,,,,,,,,,,,,,,,,,,,,,,,,,,,,,,,,,,,,,,,,,,,,,,,,,,,,,,,,,,,,,,,,,1375,"<span lang=""EN-GB"">Suppose
     you want to set up a reminder when you are at home with people you are
     close to (e.g., friends, family members).<strong><o:p></o:p></strong></span>"
10/20/2018 13:47,10/20/2018 13:48,0,65.36.61.4,100,61,1,10/20/2018 13:48,R_2631oXxLjvNJwR3,,,,,30.50520325,-97.82029724,anonymous,EN,"1,2,3,5,6",2,,2,,4,,1,,3,,2,2,,2,,2,3,,2,,4,,3,,1,,1,,,,,,,,,,,,,,,,,,,,,,,,,,,,,,,,,,,,,,,,,,,,,,,,,,,,,,,,,,,,,,,,,,,,,,,,,,,,,,,,,,,,,,,,,,,,,,,,,,,,,,,,,,,,,,,,,,,,,,,,,,,,,,,,,,,,,,,,,,,,,,,,,,,,,,,,,,,,,,,,,,,,,,,,,,,,,,,,,,,,,,,,18362,"<span lang=""EN-GB"" style=""font-size:11.0pt;line-height:115%;
font-family:&quot;Arial&quot;,sans-serif;mso-fareast-font-family:Arial;mso-ansi-language:
EN-GB;mso-fareast-language:EN-US;mso-bidi-language:AR-SA"">Suppose you want to
read a digital document when you are at Starbucks surrounded with your close
friends.</span>"
10/20/2018 13:43,10/20/2018 13:49,0,97.120.208.215,100,372,1,10/20/2018 13:49,R_2wHVeyku4A0ORAh,,,,,45.5440979,-122.6423035,anonymous,EN,"2,3,5",2,,5,,1,,1,,1,,3,"1,2,3",,5,,3,2,,1,,6,,1,,3,,4,,2,,,,,,,,,,,,,,,,,,,,,,,,,,,,,,2,,5,,1,,1,,1,,3,"1,2,3",,5,,5,,2,,6,,1,,6,,3,,4,,,,,,,,,,,,,,,,,,,,,,,,,,,,,,,,,,,,,,,,,,,,,,,,,,,,,,,,,,,,,,,,,,,,,,,,,,,,,,,,,,,,,,,,,,,,,,,,,,,,,,,,,,,,,,,,,,,,,,Female,54,pet service,5,1,,3,90663,"<span lang=""EN-GB"">Suppose you want to a send a text message when you are surrounded with people you are close to (e.g., friends, family members) at your home.<strong><o:p></o:p></strong></span>"
10/20/2018 13:45,10/20/2018 13:57,0,100.35.97.44,100,726,1,10/20/2018 13:57,R_OOSGdzbfNQsrdFn,,,,,40.74450684,-74.15080261,anonymous,EN,"1,2,3,4,5,6","1,2,5",,3,,"1,2,3",,1,,2,,"1,2",5,,5,,"1,2","1,3",,"1,2",,"1,2,3",,"1,2",,"1,2,3",,4,,6,,,,,,,,,,,,,,,,,,,,,,,,,,,,,,,,,,,,,,,,,,,,,,,,,,,,,,,,,,,,,,,,,,,,,,,,,,,,,,,,,,,,,,,,,,,,,,,,,,,,,,,,,,,,,,,,,,,,,,,,,,,,,,,,,,,,,,,,,,,,,,,,,,"1,2,5",,5,,"2,3",,1,,1,,1,5,,2,,2,,"1,3",,"2,3",,2,,"2,3",,1,,4,,Male,22,Student,5,1,,3,42308,"<span lang=""EN-GB"">Suppose
     you want&nbsp; to a send a text message
     when you are walking with a very close friend on a street<o:p></o:p></span>"
10/20/2018 13:56,10/20/2018 14:01,0,23.237.90.130,100,288,1,10/20/2018 14:01,R_OqdQnjruZ1xyBrz,,,,,41.87849426,-87.63300323,anonymous,EN,"1,2,4","2,3",,"1,2",,6,,1,,6,,4,1,,1,,4,4,,2,,3,,2,,1,,4,,2,,,,,,,,,,,,,,,,,,,,,,,,,,,,,,4,,2,,"1,3",,1,,2,,4,1,,5,,5,,3,,"1,2,3",,2,,"1,3,4",,1,,4,,,,,,,,,,,,,,,,,,,,,,,,,,,,,,,,,,,,,,,,,,,,,,,,,,,,,,,,,,,,,,,,,,,,,,,,,,,,,,,,,,,,,,,,,,,,,,,,,,,,,,,,,,,,,,,,,,,,,,,,,,,,,59807,"<span lang=""EN-GB"">Suppose
     you want to a send a text message when you are surrounded by people you
     know (e.g., acquaintances, colleagues) at your home.<o:p></o:p></span>"
10/20/2018 13:57,10/20/2018 14:02,0,100.35.97.44,100,286,1,10/20/2018 14:02,R_3MDoXLY0ujHspAm,,,,,40.74450684,-74.15080261,anonymous,EN,"1,2,4,5,6","1,2,5",,5,,"2,3,4",,1,,3,,"1,2",3,,"2,3",,"1,2","1,2,3",,"1,2,3",,"2,3,4",,"1,2,3",,2,,"1,2",,"2,5",,,,,,,,,,,,,,,,,,,,,,,,,,,,,,"1,2,5",,1,,"1,2,3",,1,,1,,3,"1,2,3",,2,,2,,"2,3",,"1,2,3,4",,"1,2",,"1,2,3,4",,"1,2,3",,"1,2",,,,,,,,,,,,,,,,,,,,,,,,,,,,,,,,,,,,,,,,,,,,,,,,,,,,,,,,,,,,1,,5,,4,,3,,"2,3",,"1,2",5,,1,,1,,4,,2,,3,,"2,4",,5,,4,,,,,,,,,,,,,,,,,,,,,,,,,,,,,,,Male,24,Engineer,5,1,,5,80966,"Suppose you want to call your mother for sharing an important update about your life when you are surrounded with people you are close to (e.g., friends, family members)at your home."
10/20/2018 13:33,10/20/2018 14:05,0,67.163.71.227,100,1924,1,10/20/2018 14:05,R_W2m3ar2k4znlXW1,,,,,,,anonymous,EN,"1,2,3,4","1,2",,"1,2",,2,,1,,"1,3",,"2,3","2,3",,"1,2",,"2,3","2,3",,"2,3",,2,,"2,3",,"1,3",,2,,2,,,,,,,,,,,,,,,,,,,,,,,,,,,,,,"1,2",,1,,2,,1,,3,,1,"1,2",,2,,2,,1,,1,,2,,4,,2,,1,,,,,,,,,,,,,,,,,,,,,,,,,,,,,,,,,,,,,,,,,,,,,,,,,,,,,,,,,,,,,,,,,,,,,,,,,,,,,,,,,,,,,,,,,,,,,,,,,,,,,,,,,,,,,,,,,,,,,,,,,,,,,19803,"<span lang=""EN-GB"">Suppose
     you want to listen to some audio when you are at home with people you are
     close to (e.g., friends, family members).<strong><o:p></o:p></strong></span>"
10/20/2018 14:12,10/20/2018 14:13,0,70.189.227.80,100,64,1,10/20/2018 14:13,R_3rTy1OFSJp1c408,,,,,36.00079346,-114.9588013,anonymous,EN,"1,2",,,,,,,,,,,,,,,,,,,,,,,,,,,,,,,,,,,,,,,,,,,,,,,,,,,,,,,,,,,,,,,,,,,,,,,,,,,,,,,,,,,,,,,,,,,,,,,,,,,,,,,,,,,,,,,,,,,,,,,,,,,,,,,,,,,,,,,,,,,,,,,,,,,,,,,,,,,,,,,,,,,,,,,,,,,,,,,,,,,,,,,,,,,,,,,,,,,,,,,,,,,,,,,,,,,73091,"<span lang=""EN-GB"">Suppose you have planned to meet a friend next week and you want to put this on your calendar when you are alone at a park<o:p></o:p></span>"
10/20/2018 14:12,10/20/2018 14:20,0,74.194.89.7,100,473,1,10/20/2018 14:20,R_27P5mYxXeqIu4AB,,,,,31.98959351,-102.0625992,anonymous,EN,"1,2,3,4","2,3",,1,,"1,2,3,4",,1,,1,,3,"1,2,3",,"1,2",,3,"2,3,4",,1,,"1,3",,1,,"1,3",,"1,2",,"2,4",,,,,,,,,,,,,,,,,,,,,,,,,,,,,,"1,2,3",,1,,"1,2,3,4",,1,,1,,3,"1,2,3",,"1,2",,"1,2",,"2,3,4",,"1,2,3,4",,"1,2",,"1,2,3,4",,"1,2,3",,2,,,,,,,,,,,,,,,,,,,,,,,,,,,,,,,"2,3",,1,,"1,2,3",,1,,1,,3,"1,2,3",,"1,2",,2,,"2,3",,"3,4",,1,,"3,4",,"1,3",,1,,,,,,,,,,,,,,,,,,,,,,,,,,,,,,,,,,,,,,,,,,,,,,,,,,,,,,,,,,,,,,,,,,,2157,"<span lang=""EN-GB"">Suppose you have planned to meet a friend next week and you want to put this on your calendar when you are alone at a park<o:p></o:p></span>"
10/20/2018 14:15,10/20/2018 14:20,0,67.81.143.29,100,332,1,10/20/2018 14:20,R_OEfSPtFXakVfkit,,,,,40.62049866,-73.92389679,anonymous,EN,"1,2,3,4,5,6",1,,1,,"1,2,4",,3,,"2,3",,2,"2,3",,"1,2,3",,"1,2","2,3,4",,"1,2,3",,"2,3,4",,"1,2,3",,5,,2,,5,,,,,,,,,,,,,,,,,,,,,,,,,,,,,,,,,,,,,,,,,,,,,,,,,,,,,,,,,,,,,,,,,,,,,,,,,,,,,,,,,,,,,,,,,,,,,,,,,,,,,,,,,,,,,,,,,,,,,1,,2,,"1,2,4",,1,,2,,2,"2,3",,1,,1,,4,,2,,3,,2,,5,,2,,,,,,,,,,,,,,,,,,,,,,,,,,,,,,,Female,58,Editor,5,1,,8,60162,"<span lang=""EN-GB"">Suppose you want to control some devices/appliances (e.g., smart lights) when you are at home with people you are close to (e.g., friends, family members)<strong><o:p></o:p></strong></span>"
10/20/2018 14:27,10/20/2018 14:28,0,73.110.42.153,100,27,1,10/20/2018 14:28,R_274dXo76t7r72Da,,,,,41.87919617,-87.8431015,anonymous,EN,1,,,,,,,,,,,,,,,,,,,,,,,,,,,,,,,,,,,,,,,,,,,,,,,,,,,,,,,,,,,,,,,,,,,,,,,,,,,,,,,,,,,,,,,,,,,,,,,,,,,,,,,,,,,,,,,,,,,,,,,,,,,,,,,,,,,,,,,,,,,,,,,,,,,,,,,,,,,,,,,,,,,,,,,,,,,,,,,,,,,,,,,,,,,,,,,,,,,,,,,,,,,,,,,,,,,26657,"<span lang=""EN-GB"">Suppose
     you want to read a digital document when you are at home with people you
     are close to (e.g., friends, family members).<strong><o:p></o:p></strong></span>"
10/20/2018 14:13,10/20/2018 14:31,0,100.35.97.44,100,1112,1,10/20/2018 14:31,R_OqEP6aCN7iSEHn3,,,,,40.74450684,-74.15080261,anonymous,EN,"1,2,4,5,6","2,5",,1,,"2,3",,3,,1,,1,5,,"1,2",,1,"1,3",,"1,2",,"3,4",,"1,2",,3,,4,,6,,,,,,,,,,,,,,,,,,,,,,,,,,,,,,,,,,,,,,,,,,,,,,,,,,,,,,,,,,,,,,,,,,,,,,,,,,,,,,,,,,,,,,,,,,,,,,,,,,,,,,,,,,,,,,,,,,,,,,,,,,,,,,,,,,,,,,,,,,,,,,,,,,"2,5",,1,,"1,2,3",,3,,1,,"1,2",5,,2,,2,,"1,3",,"3,4",,2,,"3,4",,5,,4,,Male,45,Manager,5,1,,4,20740,"<span lang=""EN-GB"">Suppose you have planned to meet a friend next week and you want to put this on your calendar when you are surrounded by people you know (e.g., acquaintances, colleagues) at a restaurant.<o:p></o:p></span>"
10/20/2018 14:28,10/20/2018 14:33,0,73.110.42.153,100,299,1,10/20/2018 14:33,R_3lKy4XfGjGiray7,,,,,41.87919617,-87.8431015,anonymous,EN,"1,2,3,4,5,6","2,3",,"1,3",,"1,2,3,4",,1,,"3,4",,1,2,,3,,2,1,,2,,"1,3,4",,"1,3",,"1,3",,"1,2",,,,,,,,,,,,,,,,,,,,,,,,,,,,,,,,,,,,,,,,,,,,,,,,,,,,,,,,,,,,,,,,,,,,,,,,,,,,,,,,,,,,,,,,,,,,,,,,,,,,,,,,,,,,,,,,,,,,,,,,,,,,,,,,,,,,,,,,,,,,,,,,,,,,,,,,,,,,,,,,,,,,,,,,,,,,,,,,,,,,,,,,33554,"<span lang=""EN-GB"">Suppose you want to watch some video when you are alone at your home.<strong><o:p></o:p></strong></span>"
10/20/2018 14:36,10/20/2018 14:37,0,71.95.144.218,100,56,1,10/20/2018 14:37,R_00vdzACTah88VKV,,,,,34.17160034,-118.2899017,anonymous,EN,"1,2,3,4,6","2,3",,"1,2",,"1,2",,1,,1,,"1,2",1,,1,,1,"1,2",,"1,2",,"1,2",,1,,"1,2",,1,,,,,,,,,,,,,,,,,,,,,,,,,,,,,,,,,,,,,,,,,,,,,,,,,,,,,,,,,,,,,,,,,,,,,,,,,,,,,,,,,,,,,,,,,,,,,,,,,,,,,,,,,,,,,,,,,,,,,,,,,,,,,,,,,,,,,,,,,,,,,,,,,,,,,,,,,,,,,,,,,,,,,,,,,,,,,,,,,,,,,,,,22820,"<span lang=""EN-GB"">Suppose you are on a short vacation alone and you want to take a picture in front&nbsp;</span>of an iconic monument."
10/20/2018 14:39,10/20/2018 14:48,0,100.35.97.44,100,524,1,10/20/2018 14:48,R_1Ntc0L3MBthmE4m,,,,,40.74450684,-74.15080261,anonymous,EN,"1,2,4,5,6",2,,5,,"1,2,3",,1,,1,,1,5,,2,,1,3,,2,,3,,2,,3,,4,,2,,,,,,,,,,,,,,,,,,,,,,,,,,,,,,"2,5",,5,,"1,2,3",,3,,1,,3,"1,2,3",,2,,2,,3,,3,,"1,2",,3,,"1,3",,4,,,,,,,,,,,,,,,,,,,,,,,,,,,,,,,,,,,,,,,,,,,,,,,,,,,,,,,,,,,,,,,,,,,,,,,,,,,,,,,,,,,,,,,,,,,,,,,,,,,,,,,,,,,,,,,,,,,,,,Male,45!,Manager,5,1,,5,84001,"<span lang=""EN-GB"">Suppose you want to a send an email when you are walking with a very close friend on a street.&nbsp;<o:p></o:p></span>"
10/20/2018 14:44,10/20/2018 14:49,0,75.176.128.207,100,274,1,10/20/2018 14:49,R_2TUek76qStVhsr6,,,,,32.33009338,-80.84349823,anonymous,EN,"1,2,3,4,5,6",2,,1,,"1,2",,1,,1,,1,2,,5,,1,"3,4",,2,,"1,6",,2,,1,,"1,2",,4,,,,,,,,,,,,,,,,,,,,,,,,,,,,,,,,,,,,,,,,,,,,,,,,,,,,,,,,,,,,,,,,,,,,,,,,,,,,,,,,,,,,,,,,2,,1,,1,,1,,1,,1,"1,3",,1,,5,,3,,"1,2,3",,1,,"1,2",,1,,2,,,,,,,,,,,,,,,,,,,,,,,,,,,,,,,,,,,,,,,,,,,,,,,,,,,,,,,,,,,,,,,,,,,42661,"<span lang=""EN-GB"">Suppose you are at sitting in a park and you want to play a digital/online game.<o:p></o:p></span>"
10/20/2018 14:48,10/20/2018 14:50,0,73.242.53.176,100,109,1,10/20/2018 14:50,R_2qe0ZYGcc537ZOd,,,,,45.16969299,-93.18890381,anonymous,EN,"1,2,4,5","2,3,4,5",,1,,1,,1,,1,,3,1,,1,,1,1,,2,,1,,1,,1,,1,,,,,,,,,,,,,,,,,,,,,,,,,,,,,,,,,,,,,,,,,,,,,,,,,,,,,,,,,,,,,,,,,,,,,,,,,,,,,,,,,,,,,,,,,,,,,,,,,,,,,,,,,,,,,,,,,,,,,,,,,,,,,,,,,,,,,,,,,,,,,,,,,,,,,,,,,,,,,,,,,,,,,,,,,,,,,,,,,,,,,,,,59049,"<span lang=""EN-GB"">Suppose you are at a coffee shop, you have just read a book you loved and now&nbsp;</span>you want to write a review for it to share with your close family and friends."
10/20/2018 14:51,10/20/2018 14:51,0,71.208.118.220,100,10,1,10/20/2018 14:51,R_BzV1cR0m9PmosXD,,,,,26.60650635,-81.95020294,anonymous,EN,2,,,,,,,,,,,,,,,,,,,,,,,,,,,,,,,,,,,,,,,,,,,,,,,,,,,,,,,,,,,,,,,,,,,,,,,,,,,,,,,,,,,,,,,,,,,,,,,,,,,,,,,,,,,,,,,,,,,,,,,,,,,,,,,,,,,,,,,,,,,,,,,,,,,,,,,,,,,,,,,,,,,,,,,,,,,,,,,,,,,,,,,,,,,,,,,,,,,,,,,,,,,,,,,,,,,64583,"<span lang=""EN-GB"" style=""font-size:11.0pt;line-height:115%;
font-family:&quot;Arial&quot;,sans-serif;mso-fareast-font-family:Arial;mso-ansi-language:
EN-GB;mso-fareast-language:EN-US;mso-bidi-language:AR-SA"">Suppose you want to a
send an email when you are alone at home</span>"
10/20/2018 14:51,10/20/2018 14:52,0,71.208.118.220,100,48,1,10/20/2018 14:52,R_33CsxBsGd1jp4aC,,,,,26.60650635,-81.95020294,anonymous,EN,6,,,,,,,,,,,,,,,,,,,,,,,,,,,,,,,,,,,,,,,,,,,,,,,,,,,,,,,,,,,,,,,,,,,,,,,,,,,,,,,,,,,,,,,,,,,,,,,,,,,,,,,,,,,,,,,,,,,,,,,,,,,,,,,,,,,,,,,,,,,,,,,,,,,,,,,,,,,,,,,,,,,,,,,,,,,,,,,,,,,,,,,,,,,,,,,,,,,,,,,,,,,,,,,,,,,76926,"<span lang=""EN-GB"">Suppose
     you want to set up a reminder about something when you are with people you
     know (e.g., acquaintances, colleagues) at Starbucks.<o:p></o:p></span>"
10/20/2018 14:54,10/20/2018 14:55,0,70.176.205.139,100,78,1,10/20/2018 14:55,R_2TA8Ls9UouKJdbg,,,,,32.21270752,-110.8828964,anonymous,EN,"1,3",,,,,,,,,,,,,,,,,,,,,,,,,,,,,,,,,,,,,,,,,,,,,,,,,,,,,,,,,,,,,,,,,,,,,,,,,,,,,,,,,,,,,,,,,,,,,,,,,,,,,,,,,,,,,,,,,,,,,,,,,,,,,,,,,,,,,,,,,,,,,,,,,,,,,,,,,,,,,,,,,,,,,,,,,,,,,,,,,,,,,,,,,,,,,,,,,,,,,,,,,,,,,,,,,,,17652,"<span lang=""EN-GB"">Suppose
     you want to set up a reminder when you are at a park by yourself.<o:p></o:p></span>"
10/20/2018 14:57,10/20/2018 15:05,0,67.186.11.212,100,462,1,10/20/2018 15:05,R_2rNoXkBCxDAVrQl,,,,,40.81550598,-79.51069641,anonymous,EN,"1,2,3","2,4,5",,1,,"1,2,3",,1,,1,,3,"2,3",,2,,3,2,,2,,7,,2,,"1,3",,2,,2,,,,,,,,,,,,,,,,,,,,,,,,,,,,,,"2,5",,1,,"1,3",,1,,1,,3,"2,3",,2,,2,,6,,7,,1,,7,,1,,2,,,,,,,,,,,,,,,,,,,,,,,,,,,,,,,,,,,,,,,,,,,,,,,,,,,,,,,,,,,,,,,,,,,,,,,,,,,,,,,,,,,,,,,,,,,,,,,,,,,,,,,,,,,,,,,,,,,,,,male,34,Project Manager,6,1,,5,44820,"<span lang=""EN-GB"">Suppose you want to browse the internet when you are with people you know (e.g., acquaintances, colleagues) at a park.<o:p></o:p></span>"
10/20/2018 15:05,10/20/2018 15:10,0,174.209.31.159,100,251,1,10/20/2018 15:10,R_3psrNcGH9SK3kQM,,,,,39.70019531,-105.0028,anonymous,EN,"1,2,3",5,,3,,3,,1,,1,,2,2,,3,,1,3,,2,,7,,2,,1,,1,,,,,,,,,,,,,,,,,,,,,,,,,,,,,,,,,,,,,,,,,,,,,,,,,,,,,,,,,,,,,,,,,,,,,,,,,,,,,,,,,,,,,,,,,,,,,,,,,,,,,,,,,,,,,,,,,,,,,,,,,,,,,,,,,,,,,,,,,,,,,,,,,,,,,,,,,,,,,,,,,,,,,,,,,,,,,,,,,,,,,,,,37757,"<span lang=""EN-GB"">Suppose you want to browse the internet when you are with your close friends at a park.<o:p></o:p></span>"
10/20/2018 15:10,10/20/2018 15:23,0,47.199.50.10,100,791,1,10/20/2018 15:23,R_3mkl2S4Fj3MW4sx,,,,,28.21290588,-82.68070221,anonymous,EN,1,,,,,,,,,,,,,,,,,,,,,,,,,,,,,,,,,,,,,,,,,,,,,,,,,,,,,,,,,,,,,,,,,,,,,,,,,,,,,,,,,,,,,,,,,,,,,,,,,,,,,,,,,,,,,,,,,,,,,,,,,,,,,,,,,,,,,,,,,,,,,,,,,,,,,,,,,,,,,,,,,,,,,,,,,,,,,,,,,,,,,,,,,,,,,,,,,,,,,,,,,,,,,,,,,,,44270,"<span lang=""EN-GB"">Suppose you are on a short vacation and you want to take a picture in front&nbsp;</span>of an iconic monument when you are surrounded by many people."
10/20/2018 15:53,10/20/2018 16:01,0,208.54.90.163,100,478,1,10/20/2018 16:01,R_3KSAKVEldLTXIhm,,,,,39.98109436,-75.1740036,anonymous,EN,"1,2,3,4","2,3,5",,2,,"1,2,4",,1,,1,,"1,3","2,3",,"1,2",,1,"1,2",,1,,"2,3,4",,2,,5,,2,,,,,,,,,,,,,,,,,,,,,,,,,,,,,,,,,,,,,,,,,,,,,,,,,,,,,,,,,,,,,,,,,,,,,,,,,,,,,,,,,,,,,,,,,,,,,,,,,,,,,,,,,,,,,,,,,,,,,,,,,,,,,,,,,,,,,,,,,,,,,,,,,,,,,,,,,,,,,,,,,,,,,,,,,,,,,,,,,,,,,,,,20545,"<span lang=""EN-GB"">Suppose
     you want to find a route to home when you are at Starbucks with your close
     friends.<o:p></o:p></span>"
10/20/2018 16:15,10/20/2018 16:16,0,192.241.122.70,100,67,1,10/20/2018 16:16,R_3KHZi4GQtOSLqBe,,,,,30.27130127,-97.74259949,anonymous,EN,"1,2,3","2,5",,3,,3,,1,,2,,3,1,,1,,2,2,,2,,3,,1,,2,,1,,,,,,,,,,,,,,,,,,,,,,,,,,,,,,,,,,,,,,,,,,,,,,,,,,,,,,,,,,,,,,,,,,,,,,,,,,,,,,,,,,,,,,,,,,,,,,,,,,,,,,,,,,,,,,,,,,,,,,,,,,,,,,,,,,,,,,,,,,,,,,,,,,,,,,,,,,,,,,,,,,,,,,,,,,,,,,,,,,,,,,,,29836,"<span lang=""EN-GB"">Suppose
     you want to purchase something online when you are with people you know
     (e.g., acquaintances, colleagues) at your home.<o:p></o:p></span>"
10/20/2018 16:16,10/20/2018 16:18,0,192.241.122.70,100,83,1,10/20/2018 16:18,R_1d3UZQhgro5AvUT,,,,,30.27130127,-97.74259949,anonymous,EN,"1,2,3",3,,3,,2,,1,,3,,3,1,,1,,1,2,,1,,3,,1,,2,,2,,,,,,,,,,,,,,,,,,,,,,,,,,,,,,,,,,,,,,,,,,,,,,,,,,,,,,,,,,,,,,,,,,,,,,,,,,,,,,,,,,,,,,,,,,,,,,,,,,,,,,,,,,,,,,,,,,,,,,,,,,,,,,,,,,,,,,,,,,,,,,,,,,,,,,,,,,,,,,,,,,,,,,,,,,,,,,,,,,,,,,,,96934,"<span lang=""EN-GB"">Suppose it is a regular working day, you want to track the total amount of calories&nbsp;</span>you consume and burn off during the day.&nbsp;"
10/20/2018 16:32,10/20/2018 16:40,0,68.231.15.166,100,475,1,10/20/2018 16:40,R_1gFJ0047bNAGYi8,,,,,33.32910156,-111.9943008,anonymous,EN,"1,2,4","2,3,4,5",,1,,"1,3,4",,1,,1,,3,"1,2,3",,2,,"2,3","2,3",,2,,"1,4",,2,,1,,1,,2,,,,,,,,,,,,,,,,,,,,,,,,,,,,,,"2,3,4,5",,1,,"1,2,3",,1,,1,,4,3,,1,,2,,2,,3,,2,,7,,"1,2,3",,"1,2",,,,,,,,,,,,,,,,,,,,,,,,,,,,,,,,,,,,,,,,,,,,,,,,,,,,,,,,,,,,,,,,,,,,,,,,,,,,,,,,,,,,,,,,,,,,,,,,,,,,,,,,,,,,,,,,,,,,,,,,,,,,,50564,"<span lang=""EN-GB"">Suppose you want to set up a reminder when you are at a park with close friends.<o:p></o:p></span>"
10/20/2018 16:43,10/20/2018 16:53,0,107.77.211.96,100,605,1,10/20/2018 16:53,R_2CZEGn0CiCGs6hX,,,,,34.05439758,-118.2440033,anonymous,EN,"1,2,3,4,5",2,,5,,2,,1,,1,,1,2,,5,,1,2,,2,,2,,2,,1,,2,,2,,,,,,,,,,,,,,,,,,,,,,,,,,,,,,2,,1,,1,,1,,2,,1,3,,5,,5,,6,,7,,2,,7,,1,,1,,,,,,,,,,,,,,,,,,,,,,,,,,,,,,,,,,,,,,,,,,,,,,,,,,,,,,,,,,,,,,,,,,,,,,,,,,,,,,,,,,,,,,,,,,,,,,,,,,,,,,,,,,,,,,,,,,,,,,Female,35,Manufacturer,4,1,,3,3708,"<span lang=""EN-GB"">Suppose you want to listen to some audio when you are alone in a park.<o:p></o:p></span>"
10/20/2018 17:26,10/20/2018 17:38,0,100.35.97.44,100,740,1,10/20/2018 17:38,R_1GQdQrxhYZpPmdD,,,,,40.74450684,-74.15080261,anonymous,EN,"1,2,4,5,6","2,5",,5,,"1,2,3",,1,,1,,2,5,,5,,2,3,,2,,"1,2,4",,2,,5,,4,,6,,,,,,,,,,,,,,,,,,,,,,,,,,,,,,,,,,,,,,,,,,,,,,,,,,,,,,,,,,,,,,,,,,,,,,,,,,,,,,,,,,,,,,,,,,,,,,,,,,,,,,,,,,,,,,,,,,,,,,,,,,,,,,,,,,,,,,,,,,,,,,,,,,"2,5",,5,,"2,3",,1,,1,,1,5,,5,,5,,3,,"1,2,3,4",,2,,"1,2,3,4",,1,,4,,Male,56,Retired,3,1,,3,40944,"<span lang=""EN-GB"">Suppose
     you want to find a route to home when you are at Starbucks with people you
     know (e.g., acquaintances, colleagues).<o:p></o:p></span>"
10/20/2018 17:42,10/20/2018 17:51,0,50.103.198.155,100,570,1,10/20/2018 17:52,R_1cRGNtMacVRD2kW,,,,,41.91830444,-88.8687973,anonymous,EN,"1,2,4,5","2,3",,"1,2",,"1,3",,1,,4,,2,5,,2,,3,6,,1,,"1,3",,1,,"1,3",,2,,,,,,,,,,,,,,,,,,,,,,,,,,,,,,,,,,,,,,,,,,,,,,,,,,,,,,,,,,,,,,,,,,,,,,,,,,,,,,,,,,,,,,,,,,,,,,,,,,,,,,,,,,,,,,,,,,,,,,,,,,,,,,,,,,,,,,,,,,,,,,,,,,,,,,,,,,,,,,,,,,,,,,,,,,,,,,,,,,,,,,,,16768,"<span lang=""EN-GB"">Suppose you have planned to meet a friend next week and you want to&nbsp;put this on your calendar </span><span lang=""EN-GB"">when</span><span lang=""EN-GB""> you are surrounded by people you know (e.g., acquaintances, colleagues) at your home.</span><span lang=""EN-GB""><o:p></o:p></span>"
10/20/2018 17:48,10/20/2018 17:56,0,100.35.97.44,100,472,1,10/20/2018 17:56,R_emqvaTg36gbUEZb,,,,,40.74450684,-74.15080261,anonymous,EN,"1,2,4,5,6","1,2,5",,5,,"1,2,3,4",,1,,2,,1,3,,2,,1,"1,3",,"1,2",,2,,"1,2",,5,,"1,2",,"2,6",,,,,,,,,,,,,,,,,,,,,,,,,,,,,,"1,2,5",,1,,"1,2,3,4",,1,,1,,3,5,,2,,2,,3,,"1,2,3",,2,,"1,2,3",,5,,"1,2",,,,,,,,,,,,,,,,,,,,,,,,,,,,,,,,,,,,,,,,,,,,,,,,,,,,,,,,,,,,,,,,,,,,,,,,,,,,,,,,,,,,,,,,,"2,5",,5,,"2,3",,1,,2,,1,5,,2,,2,,3,,"1,2,3,4",,2,,"1,2,3,4",,1,,"1,2",,Male ,46,Freelancer,3,2,,2,99425,"<span lang=""EN-GB"">Suppose
     you want to listen to some audio when you are with your friends at
     Starbucks.<o:p></o:p></span>"
10/20/2018 18:02,10/20/2018 18:02,0,67.227.104.34,100,27,1,10/20/2018 18:02,R_3L22r9I4vojcsHj,,,,,40.75480652,-111.8809967,anonymous,EN,3,,,,,,,,,,,,,,,,,,,,,,,,,,,,,,,,,,,,,,,,,,,,,,,,,,,,,,,,,,,,,,,,,,,,,,,,,,,,,,,,,,,,,,,,,,,,,,,,,,,,,,,,,,,,,,,,,,,,,,,,,,,,,,,,,,,,,,,,,,,,,,,,,,,,,,,,,,,,,,,,,,,,,,,,,,,,,,,,,,,,,,,,,,,,,,,,,,,,,,,,,,,,,,,,,,,13351,"<span lang=""EN-GB"">Suppose
     you want to call your mother for sharing an important update about your
     life when you are alone at Starbucks.<o:p></o:p></span>"
10/20/2018 18:02,10/20/2018 18:06,0,67.227.104.34,100,217,1,10/20/2018 18:06,R_3pzaGmPc80eAsKd,,,,,40.75480652,-111.8809967,anonymous,EN,2,,,,,,,,,,,,,,,,,,,,,,,,,,,,,,,,,,,,,,,,,,,,,,,,,,,,,,,,,,,,,,,,,,,,,,,,,,,,,,,,,,,,,,,,,,,,,,,,,,,,,,,,,,,,,,,,,,,,,,,,,,,,,,,,,,,,,,,,,,,,,,,,,,,,,,,,,,,,,,,,,,,,,,,,,,,,,,,,,,,,,,,,,,,,,,,,,,,,,,,,,,,,,,,,,,,81120,"<span lang=""EN-GB"" style=""font-size:11.0pt;line-height:115%;
font-family:&quot;Arial&quot;,sans-serif;mso-fareast-font-family:Arial;mso-ansi-language:
EN-GB;mso-fareast-language:EN-US;mso-bidi-language:AR-SA"">Suppose you want to check your social media when you are alone in a park.</span>"
10/20/2018 18:06,10/20/2018 18:13,0,67.227.104.34,100,417,1,10/20/2018 18:13,R_1mPmFub7V0teAAB,,,,,40.75480652,-111.8809967,anonymous,EN,"1,2,3,4,5,6","2,4",,2,,4,,1,,3,,2,2,,2,,2,3,,2,,3,,2,,2,,1,,"1,2,3,4,5,6",4,,2,,3,,1,,3,,2,2,,2,,3,,2,,3,,2,,2,,3,,2,,4,,3,,3,,1,,2,,2,2,,3,,3,,3,,3,,1,,2,,2,,2,,3,,2,,3,,1,,3,,2,3,,2,,2,,3,,3,,2,,2,,3,,2,,3,,3,,3,,1,,3,,2,3,,1,,2,,3,,3,,1,,2,,2,,2,,3,,2,,4,,1,,3,,2,2,,2,,2,,2,,4,,1,,1,,3,,1,,3,,2,,4,,1,,4,,2,2,,2,,3,,2,,2,,2,,2,,2,,2,,,,,,,,,41618,"<span lang=""EN-GB"">Suppose you are at your gym and you want to track the amount of calories&nbsp;</span>you have burnt your workout.&nbsp;"
10/20/2018 18:18,10/20/2018 18:18,0,76.1.4.252,100,15,1,10/20/2018 18:18,R_1rAgGj9owDa3iCM,,,,,40.28759766,-83.97440338,anonymous,EN,"2,3",,,,,,,,,,,,,,,,,,,,,,,,,,,,,,,,,,,,,,,,,,,,,,,,,,,,,,,,,,,,,,,,,,,,,,,,,,,,,,,,,,,,,,,,,,,,,,,,,,,,,,,,,,,,,,,,,,,,,,,,,,,,,,,,,,,,,,,,,,,,,,,,,,,,,,,,,,,,,,,,,,,,,,,,,,,,,,,,,,,,,,,,,,,,,,,,,,,,,,,,,,,,,,,,,,,5602,"<span lang=""EN-GB"" style=""font-size:11.0pt;line-height:115%;
font-family:&quot;Arial&quot;,sans-serif;mso-fareast-font-family:Arial;mso-ansi-language:
EN-GB;mso-fareast-language:EN-US;mso-bidi-language:AR-SA"">Suppose you have
planned to meet a friend next week and you want put this on your calendar<span style=""color:#434343""> when you with </span>people you know (e.g.,
acquaintances, colleagues)<span style=""color:#434343""> at a park</span></span>"
10/20/2018 18:15,10/20/2018 18:24,0,100.35.97.44,100,534,1,10/20/2018 18:24,R_2pVKwMIx223BtpH,,,,,40.74450684,-74.15080261,anonymous,EN,"1,2,3,4,5,6","1,2,5",,3,,"1,2,3,4",,1,,1,,1,5,,"2,3",,1,"1,3",,"1,2,3",,"3,4",,"1,2,3",,"1,2,3",,4,,6,,,,,,,,,,,,,,,,,,,,,,,,,,,,,,,,,,,,,,,,,,,,,,,,,,,,,,,,,,,,,,,,,,,,,,,,,,,,,,,,,,,,,,,,,,,,,,,,,,,,,,,,,,,,,,,,,,,,,,,,,,,,,,,,,,,,,,,,,,,,,,,,,,"2,5",,5,,"1,3",,1,,2,,1,3,,2,,2,,3,,3,,"1,2",,3,,"1,3",,4,,Male,25,Cleaner,2,2,,3,62675,"<span lang=""EN-GB"">Suppose you have planned to meet a friend next week and you want to put this on your calendar when you are with a very close friend at a restaurant&nbsp;<o:p></o:p></span>"
10/20/2018 18:20,10/20/2018 18:27,0,73.96.106.184,100,435,1,10/20/2018 18:27,R_3GAPMei1nR2LiyB,,,,,45.52870178,-122.6362991,anonymous,EN,"1,2,4",2,,1,,"2,3",,1,,1,,3,"1,2",,1,,3,1,,2,,3,,1,,2,,"1,2",,,,,,,,,,,,,,,,,,,,,,,,,,,,,,,,,,,,,,,,,,,,,,,,,,,,,,,,,,,,,,,,,,,,,,,,,,,,,,,,,,,,,,,,,,,,,,,,,,,,,,,,,,,,,,,,,,,,,,,,,,,,,,,,,,,,,,,,,,,,,,,,,,,,,,,,,,,,,,,,,,,,,,,,,,,,,,,,,,,,,,,,59559,"<span lang=""EN-GB"">Suppose
     you want to a view a text message when you with people you know (e.g.,
     acquaintances, colleagues) at a street<strong>.</strong><o:p></o:p></span>"
10/20/2018 18:28,10/20/2018 18:29,0,35.138.89.233,100,16,1,10/20/2018 18:29,R_2OPVcQVlO6rUnfC,,,,,28.01400757,-81.95230103,anonymous,EN,"1,2",,,,,,,,,,,,,,,,,,,,,,,,,,,,,,,,,,,,,,,,,,,,,,,,,,,,,,,,,,,,,,,,,,,,,,,,,,,,,,,,,,,,,,,,,,,,,,,,,,,,,,,,,,,,,,,,,,,,,,,,,,,,,,,,,,,,,,,,,,,,,,,,,,,,,,,,,,,,,,,,,,,,,,,,,,,,,,,,,,,,,,,,,,,,,,,,,,,,,,,,,,,,,,,,,,,15917,"<span lang=""EN-GB"">Suppose
     you want to set up a reminder when you with people you know (e.g.,
     acquaintances, colleagues) at a park.<o:p></o:p></span>"
10/20/2018 18:29,10/20/2018 18:29,0,35.138.89.233,100,17,1,10/20/2018 18:29,R_3COZ7JJYDmgM4BV,,,,,28.01400757,-81.95230103,anonymous,EN,2,,,,,,,,,,,,,,,,,,,,,,,,,,,,,,,,,,,,,,,,,,,,,,,,,,,,,,,,,,,,,,,,,,,,,,,,,,,,,,,,,,,,,,,,,,,,,,,,,,,,,,,,,,,,,,,,,,,,,,,,,,,,,,,,,,,,,,,,,,,,,,,,,,,,,,,,,,,,,,,,,,,,,,,,,,,,,,,,,,,,,,,,,,,,,,,,,,,,,,,,,,,,,,,,,,,29813,"<span lang=""EN-GB"">Suppose you want to browse the internet when you are at home with people you know (e.g., acquaintances, colleagues).<o:p></o:p></span>"
10/20/2018 18:25,10/20/2018 18:31,0,100.35.97.44,100,384,1,10/20/2018 18:31,R_1ieUdJl8DjhIZBo,,,,,40.74450684,-74.15080261,anonymous,EN,"1,2,3,4,5,6","2,5",,1,,"1,2,3",,1,,2,,1,5,,2,,1,"2,3",,"1,2",,2,,"1,2",,5,,4,,4,,,,,,,,,,,,,,,,,,,,,,,,,,,,,,,,,,,,,,,,,,,,,,,,,,,,,,,,,,,,,,,,,,,,,,,,,,,,,,,,,,,,,,,,"2,3,5",,1,,"1,2,3",,1,,1,,3,"1,2,3",,"2,3",,"2,3",,"1,3",,3,,"1,2",,3,,"1,3",,"1,2",,,,,,,,,,,,,,,,,,,,,,,,,,,,,,,,,,,,,,,,,,,,,,,,,,,,,,,,,,,,Male ,53,Counselor,4,1,,4,87787,"Suppose you want to check your social media status
     when you are at Starbucks.<o:p></o:p>"
10/20/2018 18:31,10/20/2018 18:40,0,100.35.97.44,100,491,1,10/20/2018 18:40,R_D66mgF8TbZz4QEN,,,,,40.74450684,-74.15080261,anonymous,EN,"1,2,4,5,6","2,5",,1,,"1,2,3",,1,,2,,1,5,,"2,3",,1,3,,"1,2",,"3,4",,"1,2",,1,,4,,6,,,,,,,,,,,,,,,,,,,,,,,,,,,,,,,,,,,,,,,,,,,,,,,,,,,,,,,,,,,,,,,,,,,,,,,,,,,,,,,,,,,,,,,,,,,,,,,,,,,,,,,,,,,,,,,,,,,,,,,,,,,,,,,,,,,,,,,,,,,,,,,,,,"2,5",,1,,"1,2,3",,1,,1,,1,5,,"2,3",,"2,3",,3,,3,,"2,3",,3,,5,,4,,Male,34,Chef,4,1,,4,46945,"<span lang=""EN-GB"">Suppose
     you want&nbsp; to a send a text message
     when you are walking with a very close friend on a street<o:p></o:p></span>"
10/20/2018 18:58,10/20/2018 19:02,0,100.35.97.44,100,260,1,10/20/2018 19:02,R_5tMdELiVPO8sXZf,,,,,40.74450684,-74.15080261,anonymous,EN,"2,3,4,5,6","1,2,5",,5,,"1,2,3,4",,3,,"2,3",,"1,2",5,,"1,2,3",,"1,2","1,2,3,4",,"1,2,3",,"2,3",,"1,2,3",,5,,4,,5,,,,,,,,,,,,,,,,,,,,,,,,,,,,,,,,,,,,,,,,,,,,,,,,,,,,,,,,,,,,,,,,,,,,,,,,,,,,,,,,,,,,,,,,,,,,,,,,,,,,,,,,,,,,,,,,,,,,,1,,5,,4,,3,,"2,3",,"1,2",5,,"1,3",,"1,3",,4,,"2,4",,3,,"2,4",,5,,4,,,,,,,,,,,,,,,,,,,,,,,,,,,,,,,Male ,43,Handyman,2,1,,2,4419,"<span lang=""EN-GB"">Suppose
     you have planned to meet a friend next week and you want put this on your
     calendar when you are alone at home<strong><o:p></o:p></strong></span>"
10/20/2018 19:02,10/20/2018 19:14,0,100.35.97.44,100,701,1,10/20/2018 19:14,R_3064ssujf9VyBfr,,,,,40.74450684,-74.15080261,anonymous,EN,"1,2,4,5,6","2,5",,5,,"1,2,3",,3,,2,,1,5,,"2,3",,1,"1,2,3",,2,,"2,3",,2,,5,,"1,2",,4,,,,,,,,,,,,,,,,,,,,,,,,,,,,,,,,,,,,,,,,,,,,,,,,,,,,,,,,,,,,,,,,,,,,,,,,,,,,,,,,,,,,,,,,"2,5",,3,,"1,2,3",,1,,1,,1,5,,5,,5,,"1,2,3",,"2,3",,2,,"2,3",,5,,"1,2",,,,,,,,,,,,,,,,,,,,,,,,,,,,,,,,,,,,,,,,,,,,,,,,,,,,,,,,,,,,Male ,48,Chef,4,5,,4,56704,"<span style=""color: rgb(0, 0, 0); font-family: Times; font-size: medium;"">Suppose you want to watch some video when you are with people you know (e.g., acquaintances, colleagues) at Starbucks</span>"
10/20/2018 19:33,10/20/2018 19:41,0,107.204.79.128,100,492,1,10/20/2018 19:41,R_1jkYTrsBHh5rdqP,,,,,32.76069641,-117.0720978,anonymous,EN,"1,2,4",2,,1,,1,,1,,1,,1,2,,3,,3,6,,2,,1,,2,,2,,2,,,,,,,,,,,,,,,,,,,,,,,,,,,,,,,,,,,,,,,,,,,,,,,,,,,,,,,,,,,,,,,,,,,,,,,,,,,,,,,,,,,,,,,,,,,,,,,,,,,,,,,,,,,,,,,,,,,,,,,,,,,,,,,,,,,,,,,,,,,,,,,,,,,,,,,,,,,,,,,,,,,,,,,,,,,,,,,,,,,,,,,,77820,"<span lang=""EN-GB"">Suppose
     you want to a view a text message when you are surrounded by people you
     know (e.g., acquaintances, colleagues) at your home.<o:p></o:p></span>"
10/20/2018 19:27,10/20/2018 19:42,0,100.35.97.44,100,902,1,10/20/2018 19:43,R_3fYRq5Hi7IVkltZ,,,,,40.74450684,-74.15080261,anonymous,EN,"1,2,4,5,6","1,2,5",,1,,"2,3",,1,,1,,1,5,,2,,1,2,,2,,"2,3",,2,,1,,1,,6,,,,,,,,,,,,,,,,,,,,,,,,,,,,,,,,,,,,,,,,,,,,,,,,,,,,,,,,,,,,,,,,,,,,,,,,,,,,,,,,,,,,,,,,,,,,,,,,,,,,,,,,,,,,,,,,,,,,,,,,,,,,,,,,,,,,,,,,,,,,,,,,,,"2,5",,1,,"1,2,3",,1,,1,,1,3,,2,,2,,3,,"1,2,3,4",,"1,2",,"1,2,3,4",,1,,4,,Male,37,Analyst,4,1,,3,14509,"<span lang=""EN-GB"">Suppose
     you want to call your mother for sharing an important update about your
     life&nbsp; when you are alone at a park<o:p></o:p></span>"
10/20/2018 19:45,10/20/2018 19:45,0,71.207.8.22,100,20,1,10/20/2018 19:45,R_2zYidgIPqYaYLHn,,,,,40.79249573,-77.85230255,anonymous,EN,3,,,,,,,,,,,,,,,,,,,,,,,,,,,,,,,,,,,,,,,,,,,,,,,,,,,,,,,,,,,,,,,,,,,,,,,,,,,,,,,,,,,,,,,,,,,,,,,,,,,,,,,,,,,,,,,,,,,,,,,,,,,,,,,,,,,,,,,,,,,,,,,,,,,,,,,,,,,,,,,,,,,,,,,,,,,,,,,,,,,,,,,,,,,,,,,,,,,,,,,,,,,,,,,,,,,79554,"<span lang=""EN-GB"">Suppose
     you want to take a click a photo when you are with people you are close to
     (e.g., friends, family members) at home<o:p></o:p></span>"
10/20/2018 19:47,10/20/2018 19:47,0,76.112.167.128,100,8,1,10/20/2018 19:47,R_2tfbPOzw5wiXZaG,,,,,42.3769989,-83.07959747,anonymous,EN,3,,,,,,,,,,,,,,,,,,,,,,,,,,,,,,,,,,,,,,,,,,,,,,,,,,,,,,,,,,,,,,,,,,,,,,,,,,,,,,,,,,,,,,,,,,,,,,,,,,,,,,,,,,,,,,,,,,,,,,,,,,,,,,,,,,,,,,,,,,,,,,,,,,,,,,,,,,,,,,,,,,,,,,,,,,,,,,,,,,,,,,,,,,,,,,,,,,,,,,,,,,,,,,,,,,,15143,"<span lang=""EN-GB"">Suppose you want to take a click a photo when you with </span><span lang=""EN-GB"">some people you know (e.g.,
     acquaintances, colleagues)</span><span lang=""EN-GB""> at home<o:p></o:p></span>"
10/20/2018 19:48,10/20/2018 19:49,0,104.245.229.174,100,45,1,10/20/2018 19:49,R_OEeC3KnXyPaEsc9,,,,,38.01319885,-78.03469849,anonymous,EN,"1,2",,,,,,,,,,,,,,,,,,,,,,,,,,,,,,,,,,,,,,,,,,,,,,,,,,,,,,,,,,,,,,,,,,,,,,,,,,,,,,,,,,,,,,,,,,,,,,,,,,,,,,,,,,,,,,,,,,,,,,,,,,,,,,,,,,,,,,,,,,,,,,,,,,,,,,,,,,,,,,,,,,,,,,,,,,,,,,,,,,,,,,,,,,,,,,,,,,,,,,,,,,,,,,,,,,,98090,"<span lang=""EN-GB"">Suppose you have planned to meet a friend next week and you want to put this on your calendar when you are with a very close friend at a park.&nbsp;<o:p></o:p></span>"
10/20/2018 19:56,10/20/2018 19:57,0,66.168.224.37,100,48,1,10/20/2018 19:57,R_6KemXG9RZbEpU1H,,,,,34.54840088,-87.00039673,anonymous,EN,"1,2",,,,,,,,,,,,,,,,,,,,,,,,,,,,,,,,,,,,,,,,,,,,,,,,,,,,,,,,,,,,,,,,,,,,,,,,,,,,,,,,,,,,,,,,,,,,,,,,,,,,,,,,,,,,,,,,,,,,,,,,,,,,,,,,,,,,,,,,,,,,,,,,,,,,,,,,,,,,,,,,,,,,,,,,,,,,,,,,,,,,,,,,,,,,,,,,,,,,,,,,,,,,,,,,,,,74015,"<span lang=""EN-GB"">Suppose
     you want to listen to some audio when you are with people you know (e.g.,
     acquaintances, colleagues) at your home.<o:p></o:p></span>"
10/20/2018 20:04,10/20/2018 20:05,0,66.87.134.59,100,59,1,10/20/2018 20:05,R_1r22GrjSWdHKrZq,,,,,38.60929871,-121.4443054,anonymous,EN,"1,2,4",1,,3,,3,,1,,3,,3,2,,1,,4,2,,2,,3,,3,,2,,2,,,,,,,,,,,,,,,,,,,,,,,,,,,,,,,,,,,,,,,,,,,,,,,,,,,,,,,,,,,,,,,,,,,,,,,,,,,,,,,,,,,,,,,,,,,,,,,,,,,,,,,,,,,,,,,,,,,,,,,,,,,,,,,,,,,,,,,,,,,,,,,,,,,,,,,,,,,,,,,,,,,,,,,,,,,,,,,,,,,,,,,,98463,"<span lang=""EN-GB"">Suppose
     you want to set up a reminder when you are with people you know (e.g.,
     acquaintances, colleagues) at your home.<o:p></o:p></span>"
10/20/2018 20:10,10/20/2018 20:11,0,68.230.7.236,100,112,1,10/20/2018 20:11,R_5dyW9HFepQDvow9,,,,,33.49440002,-112.2132034,anonymous,EN,"1,2,3,4,5,6",2,,2,,1,,1,,3,,4,1,,2,,3,2,,2,,3,,2,,1,,4,,,,,,,,,,,,,,,,,,,,,,,,,,,,,,,,,,,,,,,,,,,,,,,,,,,,,,,,,,,,,,,,,,,,,,,,,,,,,,,,,,,,,,,,,,,,,,,,,,,,,,,,,,,,,,,,,,,,,,,,,,,,,,,,,,,,,,,,,,,,,,,,,,,,,,,,,,,,,,,,,,,,,,,,,,,,,,,,,,,,,,,,27591,"Suppose you want to find a route to a coffee shop
     when you are at home with your by your colleagues<o:p></o:p>"
10/20/2018 20:16,10/20/2018 20:17,0,97.125.191.8,100,16,1,10/20/2018 20:17,R_z6bSvZezEEYs7bX,,,,,41.58050537,-93.74469757,anonymous,EN,"1,2",,,,,,,,,,,,,,,,,,,,,,,,,,,,,,,,,,,,,,,,,,,,,,,,,,,,,,,,,,,,,,,,,,,,,,,,,,,,,,,,,,,,,,,,,,,,,,,,,,,,,,,,,,,,,,,,,,,,,,,,,,,,,,,,,,,,,,,,,,,,,,,,,,,,,,,,,,,,,,,,,,,,,,,,,,,,,,,,,,,,,,,,,,,,,,,,,,,,,,,,,,,,,,,,,,,35010,"<span lang=""EN-GB"">Suppose you want to find a route to home while walking on a street with people you know (e.g., acquaintances, colleagues).<o:p></o:p></span>"
10/20/2018 20:13,10/20/2018 20:25,0,100.35.97.44,100,738,1,10/20/2018 20:25,R_3qnIriLEKu5i1sl,,,,,40.74450684,-74.15080261,anonymous,EN,"1,2,3,4,5,6","2,5",,5,,"2,3",,3,,2,,3,5,,2,,3,2,,2,,2,,2,,5,,"1,2",,5,,,,,,,,,,,,,,,,,,,,,,,,,,,,,,,,,,,,,,,,,,,,,,,,,,,,,,,,,,,,,,,,,,,,,,,,,,,,,,,,,,,,,,,,,,,,,,,,,,,,,,,,,,,,,,,,,,,,,1,,5,,4,,3,,"2,3",,3,5,,1,,1,,4,,2,,3,,2,,5,,4,,,,,,,,,,,,,,,,,,,,,,,,,,,,,,,Male,46,Analyst,5,1,,3,86094,"<span lang=""EN-GB"">Suppose you are alone at home, you want to take a break from studying/working&nbsp;</span>so you decide to play an online/digital game."
10/20/2018 20:26,10/20/2018 20:33,0,100.35.97.44,100,418,1,10/20/2018 20:33,R_2XbKCrqirVZzrTJ,,,,,40.74450684,-74.15080261,anonymous,EN,"2,4,6","2,5",,3,,"1,2,3",,3,,1,,1,5,,"2,3",,1,"1,2,3",,"1,2",,"2,3",,"1,2",,"1,2",,"1,2",,4,,,,,,,,,,,,,,,,,,,,,,,,,,,,,,,,,,,,,,,,,,,,,,,,,,,,,,,,,,,,,,,,,,,,,,,,,,,,,,,,,,,,,,,,"2,5",,3,,"1,2,3",,1,,1,,1,5,,2,,2,,"1,3",,3,,"1,2",,3,,3,,"1,2",,,,,,,,,,,,,,,,,,,,,,,,,,,,,,,,,,,,,,,,,,,,,,,,,,,,,,,,,,,,Male,21,Student,3,6,,3,1265,"<span lang=""EN-GB"">Suppose
     you want to read a digital document when you are at Starbucks.<o:p></o:p></span>"
10/20/2018 21:06,10/20/2018 21:14,0,100.35.97.44,100,452,1,10/20/2018 21:14,R_1Le2ZmIK1Zivc0X,,,,,40.74450684,-74.15080261,anonymous,EN,"1,2,5,6","2,4,5",,5,,"1,2,3",,3,,1,,"1,2",5,,"2,3",,1,"1,3",,"1,2",,3,,"1,2",,"2,3",,"1,2",,,,,,,,,,,,,,,,,,,,,,,,,,,,,,,,,,,,,,,,,,,,,,,,,,,,,,,,,,,,,,,,,,,,,,,,,,,,,,,,,,,,,,,,,,,,,,,,,,,,,,,,,,,,,,,,,,,,,,,,,,,,,,,,,,,,,,,,,,,,,,,,,,,,,,,,,,,,,,,,,,,,,,,,,,,,,,,,,,,,,,,,68397,"<span lang=""EN-GB"">Suppose you are at Starbucks with your close friends and you realize today is the last day to pay one of your bills online.<o:p></o:p></span>"
10/20/2018 21:14,10/20/2018 21:20,0,100.35.97.44,100,347,1,10/20/2018 21:20,R_2qmyQ2wscSgZvK9,,,,,40.74450684,-74.15080261,anonymous,EN,"1,2,4,5,6",1,,5,,"1,4",,3,,"3,4",,1,5,,2,,1,4,,3,,"2,4",,3,,5,,4,,5,,,,,,,,,,,,,,,,,,,,,,,,,,,,,,,,,,,,,,,,,,,,,,,,,,,,,,,,,,,,,,,,,,,,,,,,,,,,,,,,,,,,,,,,,,,,,,,,,,,,,,,,,,,,,,,,,,,,,1,,5,,4,,3,,"3,4",,1,3,,2,,2,,4,,2,,3,,2,,5,,4,,,,,,,,,,,,,,,,,,,,,,,,,,,,,,,Female,45,Homemaker,3,6,,3,47722,"<span lang=""EN-GB"">Suppose
     you want to listen to some audio when you are at home with people you are
     close to (e.g., friends, family members).<strong><o:p></o:p></strong></span>"
10/20/2018 21:20,10/20/2018 21:28,0,100.35.97.44,100,464,1,10/20/2018 21:28,R_1CD5A9zMUU8iFnd,,,,,40.74450684,-74.15080261,anonymous,EN,"1,2,5,6","2,5",,5,,1,,3,,1,,1,"1,2,3",,"2,3",,1,"1,3",,"1,2",,3,,"1,2",,5,,"1,2",,2,,,,,,,,,,,,,,,,,,,,,,,,,,,,,,"1,2,3,5",,3,,"1,2,3",,1,,1,,3,5,,"2,3",,"2,3",,"1,3",,"2,3,4",,"1,2",,"2,3,4",,"1,2,3",,"1,2",,,,,,,,,,,,,,,,,,,,,,,,,,,,,,,,,,,,,,,,,,,,,,,,,,,,,,,,,,,,,,,,,,,,,,,,,,,,,,,,,,,,,,,,,,,,,,,,,,,,,,,,,,,,,,,,,,,,,,Male,38,Analyst,5,4,,3,4986,"<span lang=""EN-GB"">Suppose you want to read a digital document when you are in a park surrounded by your close friends.<o:p></o:p></span>"
10/20/2018 21:35,10/20/2018 21:42,0,162.154.205.58,100,453,1,10/20/2018 21:42,R_2fdt7YrXBHxRpcv,,,,,39.9407959,-83.83429718,anonymous,EN,"1,2,4,5",1,,2,,1,,1,,1,,2,2,,1,,2,2,,3,,3,,3,,2,,2,,2,,,,,,,,,,,,,,,,,,,,,,,,,,,,,,1,,1,,3,,1,,1,,2,2,,1,,1,,1,,2,,1,,2,,1,,2,,,,,,,,,,,,,,,,,,,,,,,,,,,,,,,,,,,,,,,,,,,,,,,,,,,,,,,,,,,,,,,,,,,,,,,,,,,,,,,,,,,,,,,,,,,,,,,,,,,,,,,,,,,,,,,,,,,,,,female,43,tech support,2,1,,4,15152,"<span lang=""EN-GB"">Suppose
     you want to a send an email when you are walking on a street.<o:p></o:p></span>"
10/20/2018 21:28,10/20/2018 21:53,0,100.35.97.44,100,1519,1,10/20/2018 21:53,R_1TtMwXeH9J91JgB,,,,,40.74450684,-74.15080261,anonymous,EN,"1,2,5,6","2,5",,1,,"1,2,3",,3,,1,,3,"1,2,3",,2,,3,"1,2,3",,2,,"2,3",,2,,5,,4,,1,"2,5",,3,,"1,2,3",,3,,1,,3,5,,"2,3",,"2,3",,"1,3",,3,,"1,2",,3,,5,,4,,,,,,,,,,,,,,,,,,,,,,,,,,,,,,,,,,,,,,,,,,,,,,,,,,,,,,,,,,,,,,,,,,,,,,,,,,,,,,,,,,,,,,,,,,,,,,,,,,,,,,,,,,,,,,,,,,,,,,,,,,,,,,,,,,,,,,,,,,,,,,,,,,,Male,36,Driver,3,6,,3,68994,"<span lang=""EN-GB"">Suppose
     you want to purchase something online when you are with your close friends
     at Starbucks.<o:p></o:p></span>"
10/21/2018 7:26,10/21/2018 7:28,0,100.35.97.44,100,101,1,10/21/2018 7:28,R_31NLNE3gB8KcdPT,,,,,40.74450684,-74.15080261,anonymous,EN,"1,2,4,5,6",2,,1,,4,,1,,1,,"1,2",2,,2,,2,"1,4",,1,,2,,1,,2,,2,,,,,,,,,,,,,,,,,,,,,,,,,,,,,,,,,,,,,,,,,,,,,,,,,,,,,,,,,,,,,,,,,,,,,,,,,,,,,,,,,,,,,,,,,,,,,,,,,,,,,,,,,,,,,,,,,,,,,,,,,,,,,,,,,,,,,,,,,,,,,,,,,,,,,,,,,,,,,,,,,,,,,,,,,,,,,,,,,,,,,,,,87341,"<span lang=""EN-GB"">Suppose
     you want to watch some video when you are with people you know (e.g.,
     acquaintances, colleagues) in a park.<o:p></o:p></span>"
10/21/2018 7:36,10/21/2018 7:37,0,138.128.93.71,100,37,1,10/21/2018 7:37,R_1Hi6r8RjjkVBdFi,,,,,30.290802,-81.63210297,anonymous,EN,4,,,,,,,,,,,,,,,,,,,,,,,,,,,,,,,,,,,,,,,,,,,,,,,,,,,,,,,,,,,,,,,,,,,,,,,,,,,,,,,,,,,,,,,,,,,,,,,,,,,,,,,,,,,,,,,,,,,,,,,,,,,,,,,,,,,,,,,,,,,,,,,,,,,,,,,,,,,,,,,,,,,,,,,,,,,,,,,,,,,,,,,,,,,,,,,,,,,,,,,,,,,,,,,,,,,76005,"<span lang=""EN-GB"">Suppose
     you want to watch some video when you are with people you know (e.g.,
     acquaintances, colleagues) at your home.<o:p></o:p></span>"
10/21/2018 7:28,10/21/2018 7:37,0,100.35.97.44,100,530,1,10/21/2018 7:37,R_Dxa60KyS01RIdqh,,,,,40.74450684,-74.15080261,anonymous,EN,"1,2,3,4,6","2,5",,5,,"1,2,3",,1,,1,,1,3,,2,,1,3,,"1,2",,"1,2,3,4",,"1,2",,5,,4,,6,,,,,,,,,,,,,,,,,,,,,,,,,,,,,,,,,,,,,,,,,,,,,,,,,,,,,,,,,,,,,,,,,,,,,,,,,,,,,,,,,,,,,,,,,,,,,,,,,,,,,,,,,,,,,,,,,,,,,,,,,,,,,,,,,,,,,,,,,,,,,,,,,,"2,5",,5,,"2,3",,1,,1,,1,5,,2,,2,,"1,3",,"1,2,3,4",,2,,"1,2,3,4",,1,,4,,Male,38,Sales representative,3,4,,4,19828,"<span lang=""EN-GB"">Suppose
     you want to a send a text message when you are surrounded by people you
     know (e.g., acquaintances, colleagues) at a restaurant.<o:p></o:p></span>"
10/21/2018 7:39,10/21/2018 7:39,0,107.170.186.79,100,40,1,10/21/2018 7:39,R_2txT2wgD50LNhNX,,,,,40.73080444,-73.99749756,anonymous,EN,"1,2,3",2,,3,,1,,1,,4,,1,"1,2,3",,1,,2,3,,1,,2,,2,,1,,1,,,,,,,,,,,,,,,,,,,,,,,,,,,,,,,,,,,,,,,,,,,,,,,,,,,,,,,,,,,,,,,,,,,,,,,,,,,,,,,,,,,,,,,,,,,,,,,,,,,,,,,,,,,,,,,,,,,,,,,,,,,,,,,,,,,,,,,,,,,,,,,,,,,,,,,,,,,,,,,,,,,,,,,,,,,,,,,,,,,,,,,,41833,"Suppose you want to purchase something online when
     you are with people you know (e.g., acquaintances,
     colleagues) at a park.<o:p></o:p>"
10/21/2018 7:40,10/21/2018 7:40,0,142.196.231.97,100,20,1,10/21/2018 7:40,R_31Kq936ZIOYz0Zh,,,,,28.65130615,-81.20659637,anonymous,EN,"1,2",,,,,,,,,,,,,,,,,,,,,,,,,,,,,,,,,,,,,,,,,,,,,,,,,,,,,,,,,,,,,,,,,,,,,,,,,,,,,,,,,,,,,,,,,,,,,,,,,,,,,,,,,,,,,,,,,,,,,,,,,,,,,,,,,,,,,,,,,,,,,,,,,,,,,,,,,,,,,,,,,,,,,,,,,,,,,,,,,,,,,,,,,,,,,,,,,,,,,,,,,,,,,,,,,,,7759,"<span lang=""EN-GB"">Suppose you want to take a click a photo when you are with your close friends&nbsp;</span>and family members at Starbucks"
10/21/2018 7:38,10/21/2018 7:41,0,99.157.55.118,100,164,1,10/21/2018 7:41,R_OJscSHkd57TCcFz,,,,,33.94180298,-84.07060242,anonymous,EN,"1,2,3,4,6",1,,"2,3",,2,,1,,2,,2,2,,"1,3",,2,2,,3,,6,,2,,1,,1,,,,,,,,,,,,,,,,,,,,,,,,,,,,,,,,,,,,,,,,,,,,,,,,,,,,,,,,,,,,,,,,,,,,,,,,,,,,,,,,,,,,,,,,,,,,,,,,,,,,,,,,,,,,,,,,,,,,,,,,,,,,,,,,,,,,,,,,,,,,,,,,,,,,,,,,,,,,,,,,,,,,,,,,,,,,,,,,,,,,,,,,36397,"<span lang=""EN-GB"">Suppose
     you want to a send a text message when you are alone at home<strong><o:p></o:p></strong></span>"
10/21/2018 7:35,10/21/2018 7:41,0,35.136.215.252,100,374,1,10/21/2018 7:41,R_shuJmaEXE0avsjL,,,,,28.92230225,-82.38999939,anonymous,EN,"1,2,4,5",2,,1,,2,,1,,1,,2,2,,5,,2,3,,2,,3,,2,,1,,2,,2,,,,,,,,,,,,,,,,,,,,,,,,,,,,,,"1,2,5",,1,,3,,1,,1,,2,2,,2,,"1,2",,3,,3,,1,,3,,1,,2,,,,,,,,,,,,,,,,,,,,,,,,,,,,,,,,,,,,,,,,,,,,,,,,,,,,,,,,,,,,,,,,,,,,,,,,,,,,,,,,,,,,,,,,,,,,,,,,,,,,,,,,,,,,,,,,,,,,,,,,,,,,,38559,"<span lang=""EN-GB"">Suppose
     you want to purchase something online when you are alone at Starbucks.<o:p></o:p></span>"
10/21/2018 7:42,10/21/2018 7:42,0,108.52.84.144,100,27,1,10/21/2018 7:42,R_3G83dKQlMDr8uMj,,,,,40.04679871,-75.53099823,anonymous,EN,1,,,,,,,,,,,,,,,,,,,,,,,,,,,,,,,,,,,,,,,,,,,,,,,,,,,,,,,,,,,,,,,,,,,,,,,,,,,,,,,,,,,,,,,,,,,,,,,,,,,,,,,,,,,,,,,,,,,,,,,,,,,,,,,,,,,,,,,,,,,,,,,,,,,,,,,,,,,,,,,,,,,,,,,,,,,,,,,,,,,,,,,,,,,,,,,,,,,,,,,,,,,,,,,,,,,44072,"<span lang=""EN-GB"" style=""font-size:11.0pt;line-height:115%;
font-family:&quot;Arial&quot;,sans-serif;mso-fareast-font-family:Arial;mso-ansi-language:
EN-GB;mso-fareast-language:EN-US;mso-bidi-language:AR-SA"">Suppose you want to a
send a text message when you are alone at Starbucks.</span>"
10/21/2018 7:41,10/21/2018 7:43,0,75.170.0.67,100,101,1,10/21/2018 7:43,R_2bOkdgIOpZnFlCk,,,,,35.58659363,-77.34850311,anonymous,EN,"1,2,3","1,3,4",,"1,2,3",,"2,3,4",,1,,"2,4",,"2,3","1,2,3",,"2,3",,"1,2,3","2,4",,"1,3",,"1,2,4",,"1,2,3",,"1,2,3",,2,,,,,,,,,,,,,,,,,,,,,,,,,,,,,,,,,,,,,,,,,,,,,,,,,,,,,,,,,,,,,,,,,,,,,,,,,,,,,,,,,,,,,,,,,,,,,,,,,,,,,,,,,,,,,,,,,,,,,,,,,,,,,,,,,,,,,,,,,,,,,,,,,,,,,,,,,,,,,,,,,,,,,,,,,,,,,,,,,,,,,,,,7535,"<span lang=""EN-GB"">Suppose
     you want to a view a text message when you are surrounded with people you
     are close to (e.g., friends, family members) at your home.<strong><o:p></o:p></strong></span>"
10/21/2018 7:43,10/21/2018 7:43,0,96.246.236.117,100,17,1,10/21/2018 7:43,R_zYB6ZBZ6WUVqITv,,,,,40.74459839,-73.93450165,anonymous,EN,"1,2",,,,,,,,,,,,,,,,,,,,,,,,,,,,,,,,,,,,,,,,,,,,,,,,,,,,,,,,,,,,,,,,,,,,,,,,,,,,,,,,,,,,,,,,,,,,,,,,,,,,,,,,,,,,,,,,,,,,,,,,,,,,,,,,,,,,,,,,,,,,,,,,,,,,,,,,,,,,,,,,,,,,,,,,,,,,,,,,,,,,,,,,,,,,,,,,,,,,,,,,,,,,,,,,,,,99847,"<span lang=""EN-GB"">Suppose you want to find a route to a coffee shop when you are
     at home </span><span lang=""EN-GB"">with
     people you are close to (e.g., friends, family members)</span><strong><span lang=""EN-GB""><o:p></o:p></span></strong>"
10/21/2018 7:37,10/21/2018 7:45,0,73.46.93.116,100,477,1,10/21/2018 7:45,R_2rkCDyFWcVM9zJw,,,,,26.11680603,-80.41560364,anonymous,EN,"2,3,4","2,5",,5,,"1,2,3",,3,,1,,"2,3","1,2,3",,2,,"2,3",6,,"1,2",,6,,"1,2",,3,,4,,2,,,,,,,,,,,,,,,,,,,,,,,,,,,,,,"2,5",,1,,"1,2,3,4",,1,,2,,"2,3","1,3",,"1,2",,"1,2",,6,,"1,2,3,4,6",,"1,2",,"1,2,3,4,6",,"1,2,3",,"1,2",,,,,,,,,,,,,,,,,,,,,,,,,,,,,,,,,,,,,,,,,,,,,,,,,,,,,,,,,,,,,,,,,,,,,,,,,,,,,,,,,,,,,,,,,,,,,,,,,,,,,,,,,,,,,,,,,,,,,,female,40,teacher,6,1,,5,56644,"<span lang=""EN-GB"">Suppose
     you want to a send an email when you are walking on a street with people
     you know (e.g., acquaintances, colleagues)<strong>.</strong><o:p></o:p></span>"
10/21/2018 7:44,10/21/2018 7:45,0,107.174.133.112,100,11,1,10/21/2018 7:45,R_1CymsqpxMtAMwYU,,,,,32.81520081,-96.87030029,anonymous,EN,1,,,,,,,,,,,,,,,,,,,,,,,,,,,,,,,,,,,,,,,,,,,,,,,,,,,,,,,,,,,,,,,,,,,,,,,,,,,,,,,,,,,,,,,,,,,,,,,,,,,,,,,,,,,,,,,,,,,,,,,,,,,,,,,,,,,,,,,,,,,,,,,,,,,,,,,,,,,,,,,,,,,,,,,,,,,,,,,,,,,,,,,,,,,,,,,,,,,,,,,,,,,,,,,,,,,96194,"<span lang=""EN-GB"">Suppose you want to browse through one of your social media profiles when you&nbsp;</span>are at your home."
10/21/2018 7:44,10/21/2018 7:45,0,143.59.14.54,100,10,1,10/21/2018 7:45,R_2U8ZcoL8c0p8Nlh,,,,,42.42640686,-83.30169678,anonymous,EN,"1,2",,,,,,,,,,,,,,,,,,,,,,,,,,,,,,,,,,,,,,,,,,,,,,,,,,,,,,,,,,,,,,,,,,,,,,,,,,,,,,,,,,,,,,,,,,,,,,,,,,,,,,,,,,,,,,,,,,,,,,,,,,,,,,,,,,,,,,,,,,,,,,,,,,,,,,,,,,,,,,,,,,,,,,,,,,,,,,,,,,,,,,,,,,,,,,,,,,,,,,,,,,,,,,,,,,,5358,"Suppose
     you want to call your mother for sharing an important update about your
     life when you are surrounded by people you
     know (e.g., acquaintances, colleagues) at a restaurant.<o:p></o:p>"
10/21/2018 7:45,10/21/2018 7:45,0,71.95.144.218,100,8,1,10/21/2018 7:45,R_1IMMDysybkrVMWd,,,,,34.17160034,-118.2899017,anonymous,EN,3,,,,,,,,,,,,,,,,,,,,,,,,,,,,,,,,,,,,,,,,,,,,,,,,,,,,,,,,,,,,,,,,,,,,,,,,,,,,,,,,,,,,,,,,,,,,,,,,,,,,,,,,,,,,,,,,,,,,,,,,,,,,,,,,,,,,,,,,,,,,,,,,,,,,,,,,,,,,,,,,,,,,,,,,,,,,,,,,,,,,,,,,,,,,,,,,,,,,,,,,,,,,,,,,,,,90995,"<span lang=""EN-GB"" style=""font-size:11.0pt;line-height:115%;
font-family:&quot;Arial&quot;,sans-serif;mso-fareast-font-family:Arial;mso-ansi-language:
EN-GB;mso-fareast-language:EN-US;mso-bidi-language:AR-SA"">Suppose you want to a
send an email when you are at Starbucks.</span>"
10/21/2018 7:46,10/21/2018 7:47,0,71.215.113.138,100,43,1,10/21/2018 7:47,R_3Mxp56dfZDEmrZn,,,,,26.15289307,-81.74169922,anonymous,EN,3,,,,,,,,,,,,,,,,,,,,,,,,,,,,,,,,,,,,,,,,,,,,,,,,,,,,,,,,,,,,,,,,,,,,,,,,,,,,,,,,,,,,,,,,,,,,,,,,,,,,,,,,,,,,,,,,,,,,,,,,,,,,,,,,,,,,,,,,,,,,,,,,,,,,,,,,,,,,,,,,,,,,,,,,,,,,,,,,,,,,,,,,,,,,,,,,,,,,,,,,,,,,,,,,,,,13348,"<span id=""docs-internal-guid-5a7e3441-7fff-9d1f-10e6-454a1d940975""><span style=""font-size: 11pt; font-family: Arial; color: rgb(0, 0, 0); background-color: transparent; font-variant-numeric: normal; font-variant-east-asian: normal; vertical-align: baseline; white-space: pre-wrap;"">Suppose you want to call your mother for sharing an important update about your life &nbsp;when you are alone at home</span><br> <br><br></span>"
10/21/2018 7:45,10/21/2018 7:48,0,172.88.236.101,100,161,1,10/21/2018 7:48,R_2WusGnTU0skQ7UJ,,,,,33.85440063,-117.7857971,anonymous,EN,"1,2,4,5",1,,3,,2,,1,,3,,1,1,,1,,2,1,,2,,6,,3,,2,,2,,,,,,,,,,,,,,,,,,,,,,,,,,,,,,,,,,,,,,,,,,,,,,,,,,,,,,,,,,,,,,,,,,,,,,,,,,,,,,,,,,,,,,,,,,,,,,,,,,,,,,,,,,,,,,,,,,,,,,,,,,,,,,,,,,,,,,,,,,,,,,,,,,,,,,,,,,,,,,,,,,,,,,,,,,,,,,,,,,,,,,,,81317,"<span lang=""EN-GB"">Suppose
     you want to a send a text message when you with people you know (e.g., acquaintances,
     colleagues) at a street<strong>.</strong><o:p></o:p></span>"
10/21/2018 7:38,10/21/2018 7:49,0,100.35.97.44,100,661,1,10/21/2018 7:49,R_2c8jD5P6ef082vn,,,,,40.74450684,-74.15080261,anonymous,EN,"2,3,5,6",2,,5,,"2,3",,1,,1,,1,5,,5,,1,"1,2,3",,"1,2",,"1,3",,"1,2",,"1,3",,1,,"2,6",,,,,,,,,,,,,,,,,,,,,,,,,,,,,,2,,1,,3,,1,,1,,1,5,,5,,5,,3,,"1,3,4",,2,,"1,3,4",,3,,1,,,,,,,,,,,,,,,,,,,,,,,,,,,,,,,,,,,,,,,,,,,,,,,,,,,,,,,,,,,,,,,,,,,,,,,,,,,,,,,,,,,,,,,,,2,,5,,3,,1,,1,,3,5,,5,,5,,"1,3",,"1,3,4",,2,,"1,3,4",,"1,3",,1,,male,21,student,3,3,,3,63268,"<span lang=""EN-GB"" style=""font-size:11.0pt;line-height:115%;
font-family:&quot;Arial&quot;,sans-serif;mso-fareast-font-family:Arial;mso-ansi-language:
EN-GB;mso-fareast-language:EN-US;mso-bidi-language:AR-SA"">Suppose you want to
take a click a photo when you are at Starbucks.</span>"
10/21/2018 7:50,10/21/2018 7:50,0,72.160.228.99,100,41,1,10/21/2018 7:50,R_2uQVl3Ump6vyOPI,,,,,45.54029846,-92.02970123,anonymous,EN,"1,2",,,,,,,,,,,,,,,,,,,,,,,,,,,,,,,,,,,,,,,,,,,,,,,,,,,,,,,,,,,,,,,,,,,,,,,,,,,,,,,,,,,,,,,,,,,,,,,,,,,,,,,,,,,,,,,,,,,,,,,,,,,,,,,,,,,,,,,,,,,,,,,,,,,,,,,,,,,,,,,,,,,,,,,,,,,,,,,,,,,,,,,,,,,,,,,,,,,,,,,,,,,,,,,,,,,20179,"<span lang=""EN-GB"">Suppose
     you want to set up a reminder when you are at home with people you are
     close to (e.g., friends, family members).<strong><o:p></o:p></strong></span>"
10/21/2018 7:48,10/21/2018 7:51,0,71.215.113.138,100,171,1,10/21/2018 7:51,R_2YlkslFQpIvta5t,,,,,26.15289307,-81.74169922,anonymous,EN,"1,2,3,4,5,6","2,3,4",,5,,"2,3,4",,1,,"2,3,4",,"1,2,3","1,2",,"2,3",,"1,2","1,2",,"1,2,3",,"1,2,3,4",,"2,3",,"1,2,3",,"1,2",,,,,,,,,,,,,,,,,,,,,,,,,,,,,,,,,,,,,,,,,,,,,,,,,,,,,,,,,,,,,,,,,,,,,,,,,,,,,,,,,,,,,,,,,,,,,,,,,,,,,,,,,,,,,,,,,,,,,,,,,,,,,,,,,,,,,,,,,,,,,,,,,,,,,,,,,,,,,,,,,,,,,,,,,,,,,,,,,,,,,,,,44261,"<span lang=""EN-GB"" style=""font-size:11.0pt;line-height:115%;
font-family:&quot;Arial&quot;,sans-serif;mso-fareast-font-family:Arial;mso-ansi-language:
EN-GB;mso-fareast-language:EN-US;mso-bidi-language:AR-SA"">Suppose you want to a
send a text message when you are alone at Starbucks.</span>"
10/21/2018 7:49,10/21/2018 7:51,0,98.220.91.71,100,110,1,10/21/2018 7:51,R_2DXJTfts4EbUife,,,,,42.25140381,-89.02349854,anonymous,EN,"1,2,4",2,,2,,"2,3",,1,,2,,2,2,,1,,"1,2",1,,2,,7,,2,,2,,2,,,,,,,,,,,,,,,,,,,,,,,,,,,,,,,,,,,,,,,,,,,,,,,,,,,,,,,,,,,,,,,,,,,,,,,,,,,,,,,,,,,,,,,,,,,,,,,,,,,,,,,,,,,,,,,,,,,,,,,,,,,,,,,,,,,,,,,,,,,,,,,,,,,,,,,,,,,,,,,,,,,,,,,,,,,,,,,,,,,,,,,,30821,"<span lang=""EN-GB"">Suppose
     you are at a park with your close friends and you realize today is the
     last day to pay one of your bills online.<o:p></o:p></span>"
10/21/2018 7:52,10/21/2018 7:52,0,108.62.54.238,100,21,1,10/21/2018 7:52,R_2AYVuh0sWk4LNhd,,,,,40.86210632,-74.41169739,anonymous,EN,1,,,,,,,,,,,,,,,,,,,,,,,,,,,,,,,,,,,,,,,,,,,,,,,,,,,,,,,,,,,,,,,,,,,,,,,,,,,,,,,,,,,,,,,,,,,,,,,,,,,,,,,,,,,,,,,,,,,,,,,,,,,,,,,,,,,,,,,,,,,,,,,,,,,,,,,,,,,,,,,,,,,,,,,,,,,,,,,,,,,,,,,,,,,,,,,,,,,,,,,,,,,,,,,,,,,71737,"<span lang=""EN-GB"">Suppose
     you are at a park and you realize today is the last day to pay one of your
     bills online.<o:p></o:p></span>"
10/21/2018 7:40,10/21/2018 7:53,0,108.215.91.38,100,754,1,10/21/2018 7:53,R_b3JTImPmwECENqN,,,,,32.26040649,-90.08969879,anonymous,EN,"1,2,4",2,,5,,"1,3",,1,,1,,3,5,,5,,3,2,,2,,"3,6",,2,,1,,4,,4,,,,,,,,,,,,,,,,,,,,,,,,,,,,,,,,,,,,,,,,,,,,,,,,,,,,,,,,,,,,,,,,,,,,,,,,,,,,,,,,,,,,,,,,2,,5,,3,,1,,1,,2,2,,3,,3,,2,,3,,2,,"3,6",,"1,2",,4,,,,,,,,,,,,,,,,,,,,,,,,,,,,,,,,,,,,,,,,,,,,,,,,,,,,,,,,,,,,,,,,,,,59440,"<span lang=""EN-GB"">Suppose you want to browse the internet when you are alone at a restaurant.<o:p></o:p></span>"
10/21/2018 7:52,10/21/2018 7:54,0,108.62.54.238,100,91,1,10/21/2018 7:54,R_3Jh1X9RXA7CQCrR,,,,,40.86210632,-74.41169739,anonymous,EN,"1,2,3,4,5,6","2,3,4,5",,2,,"2,3,4",,1,,"1,2,3",,"2,3","2,3",,"1,2,3",,"1,2","2,3",,2,,"3,6",,2,,2,,2,,,,,,,,,,,,,,,,,,,,,,,,,,,,,,,,,,,,,,,,,,,,,,,,,,,,,,,,,,,,,,,,,,,,,,,,,,,,,,,,,,,,,,,,,,,,,,,,,,,,,,,,,,,,,,,,,,,,,,,,,,,,,,,,,,,,,,,,,,,,,,,,,,,,,,,,,,,,,,,,,,,,,,,,,,,,,,,,,,,,,,,,14651,"<span lang=""EN-GB"">Suppose you want to browse the internet when you are at home with people you are close to (e.g., friends, family members)<strong><o:p></o:p></strong></span>"
10/21/2018 7:51,10/21/2018 7:54,0,71.215.113.138,100,227,1,10/21/2018 7:54,R_32W84NN91iYQvO3,,,,,26.15289307,-81.74169922,anonymous,EN,"1,2,3,4,5,6","1,2,3,4,5",,"1,2,3",,"1,2",,3,,"1,2,3,4",,4,2,,"1,2",,"2,3","2,3",,"1,2,3",,"2,3,4",,3,,"2,3",,"1,2",,,,,,,,,,,,,,,,,,,,,,,,,,,,,,,,,,,,,,,,,,,,,,,,,,,,,,,,,,,,,,,,,,,,,,,,,,,,,,,,,,,,,,,,,,,,,,,,,,,,,,,,,,,,,,,,,,,,,,,,,,,,,,,,,,,,,,,,,,,,,,,,,,,,,,,,,,,,,,,,,,,,,,,,,,,,,,,,,,,,,,,,79314,"<span lang=""EN-GB"">Suppose you are alone at home, you want to take a break from studying/working&nbsp;</span>so you decide to play an online/digital game with some close friends ."
10/21/2018 7:54,10/21/2018 7:56,0,108.62.54.238,100,117,1,10/21/2018 7:56,R_We2UfO7VNH5S5SV,,,,,40.86210632,-74.41169739,anonymous,EN,"1,2,3,4,5,6",5,,3,,4,,1,,1,,3,3,,3,,1,4,,3,,4,,3,,1,,2,,,,,,,,,,,,,,,,,,,,,,,,,,,,,,,,,,,,,,,,,,,,,,,,,,,,,,,,,,,,,,,,,,,,,,,,,,,,,,,,,,,,,,,,,,,,,,,,,,,,,,,,,,,,,,,,,,,,,,,,,,,,,,,,,,,,,,,,,,,,,,,,,,,,,,,,,,,,,,,,,,,,,,,,,,,,,,,,,,,,,,,,78064,"<span lang=""EN-GB"">Suppose
     you want to purchase something online when you are with people you are
     close to (e.g., friends, family members).<o:p></o:p></span>"
10/21/2018 7:54,10/21/2018 7:57,0,173.215.62.4,100,148,1,10/21/2018 7:57,R_2WBVXnUER5bHgqy,,,,,40.74240112,-91.97039795,anonymous,EN,"1,2,5",1,,1,,1,,1,,1,,3,2,,2,,2,3,,3,,3,,2,,3,,2,,,,,,,,,,,,,,,,,,,,,,,,,,,,,,,,,,,,,,,,,,,,,,,,,,,,,,,,,,,,,,,,,,,,,,,,,,,,,,,,,,,,,,,,,,,,,,,,,,,,,,,,,,,,,,,,,,,,,,,,,,,,,,,,,,,,,,,,,,,,,,,,,,,,,,,,,,,,,,,,,,,,,,,,,,,,,,,,,,,,,,,,30244,"<span lang=""EN-GB"">Suppose
     you want to a send an email when you are with a very close friend at a
     restaurant&nbsp;<o:p></o:p></span>"
10/21/2018 7:52,10/21/2018 7:59,0,75.177.129.211,100,425,1,10/21/2018 7:59,R_2CwyZZQQnQBYt5z,,,,,35.72250366,-78.84079742,anonymous,EN,"1,2,3,4","2,3,4,5",,1,,"1,2,3,4",,3,,3,,"2,3","1,2",,"1,2",,"2,3","1,2,3",,"1,2",,3,,"1,2",,"1,3",,1,,"1,3",4,,1,,"1,2,3",,3,,2,,"2,3","1,2,3",,"1,2",,"1,2",,"1,2,3",,3,,"1,2",,3,,3,,1,,,,,,,,,,,,,,,,,,,,,,,,,,,,,,,4,,5,,"2,3",,3,,2,,"2,3","1,2",,5,,"1,2",,"1,3",,3,,"1,2",,7,,3,,1,,,,,,,,,,,,,,,,,,,,,,,,,,,,,,,,,,,,,,,,,,,,,,,,,,,,,,,,,,,,,,,,,,,,,,,,,,,,,,,,,,,,,,,,,,,,,,,,6101,"<span lang=""EN-GB"">Suppose you are alone and relaxing at home, you have just read a new book that&nbsp;</span>you loved and now you want a write a review for your close family and friends."
10/21/2018 7:46,10/21/2018 8:02,0,73.139.19.187,100,979,1,10/21/2018 8:02,R_3Gk5rPNna2Lt5WO,,,,,25.60620117,-80.34259796,anonymous,EN,"2,4,5","2,4",,1,,"1,3",,1,,1,,2,3,,"1,2,3",,4,4,,"2,3",,3,,2,,5,,4,,,,,,,,,,,,,,,,,,,,,,,,,,,,,,,,,,,,,,,,,,,,,,,,,,,,,,,,,,,,,,,,,,,,,,,,,,,,,,,,,,,,,,,,,,,,,,,,,,,,,,,,,,,,,,,,,,,,,,,,,,,,,,,,,,,,,,,,,,,,,,,,,,,,,,,,,,,,,,,,,,,,,,,,,,,,,,,,,,,,,,,,93622,"<span lang=""EN-GB"" style=""font-size:11.0pt;line-height:115%;
font-family:&quot;Arial&quot;,sans-serif;mso-fareast-font-family:Arial;mso-ansi-language:
EN-GB;mso-fareast-language:EN-US;mso-bidi-language:AR-SA"">Suppose you want to
find a route to a coffee shop when you are alone at home.</span>"
10/21/2018 8:00,10/21/2018 8:03,0,141.195.80.61,100,203,1,10/21/2018 8:03,R_1Dr2sn65CSOefAK,,,,,41.63380432,-80.14880371,anonymous,EN,"1,2,4,6",2,,1,,2,,1,,2,,1,"1,2,3",,"2,3",,1,6,,"1,2",,7,,5,,1,,"1,2",,,,,,,,,,,,,,,,,,,,,,,,,,,,,,,,,,,,,,,,,,,,,,,,,,,,,,,,,,,,,,,,,,,,,,,,,,,,,,,,,,,,,,,,,,,,,,,,,,,,,,,,,,,,,,,,,,,,,,,,,,,,,,,,,,,,,,,,,,,,,,,,,,,,,,,,,,,,,,,,,,,,,,,,,,,,,,,,,,,,,,,,92367,"<span lang=""EN-GB"">Suppose you want to a view a text message when you are alone at a street.<o:p></o:p></span>"
10/21/2018 8:04,10/21/2018 8:04,0,47.210.20.91,100,34,1,10/21/2018 8:04,R_32WnLh1FrJ6qrxS,,,,,32.54490662,-93.70379639,anonymous,EN,"1,2",,,,,,,,,,,,,,,,,,,,,,,,,,,,,,,,,,,,,,,,,,,,,,,,,,,,,,,,,,,,,,,,,,,,,,,,,,,,,,,,,,,,,,,,,,,,,,,,,,,,,,,,,,,,,,,,,,,,,,,,,,,,,,,,,,,,,,,,,,,,,,,,,,,,,,,,,,,,,,,,,,,,,,,,,,,,,,,,,,,,,,,,,,,,,,,,,,,,,,,,,,,,,,,,,,,83595,"<span lang=""EN-GB"" style=""font-size:11.0pt;line-height:115%;
font-family:&quot;Arial&quot;,sans-serif;mso-fareast-font-family:Arial;mso-ansi-language:
EN-GB;mso-fareast-language:EN-US;mso-bidi-language:AR-SA"">Suppose you want to browse the internet when you are alone at your home.</span>"
10/21/2018 8:05,10/21/2018 8:05,0,73.152.56.226,100,13,1,10/21/2018 8:05,R_3fObJowdbNLv1Jg,,,,,37.51579285,-77.50469971,anonymous,EN,"2,3",,,,,,,,,,,,,,,,,,,,,,,,,,,,,,,,,,,,,,,,,,,,,,,,,,,,,,,,,,,,,,,,,,,,,,,,,,,,,,,,,,,,,,,,,,,,,,,,,,,,,,,,,,,,,,,,,,,,,,,,,,,,,,,,,,,,,,,,,,,,,,,,,,,,,,,,,,,,,,,,,,,,,,,,,,,,,,,,,,,,,,,,,,,,,,,,,,,,,,,,,,,,,,,,,,,53152,"<span lang=""EN-GB"">Suppose you are at a park with some people you know (e.g., acquaintances, colleagues) when you realize that you have to immediately pay one of your bills online.<o:p></o:p></span>"
10/21/2018 8:04,10/21/2018 8:06,0,186.179.48.86,100,174,1,10/21/2018 8:06,R_3JksxA9AhqjnvSi,,,,,15,-86.5,anonymous,EN,5,,,,,,,,,,,,,,,,,,,,,,,,,,,,,,,,,,,,,,,,,,,,,,,,,,,,,,,,,,,,,,,,,,,,,,,,,,,,,,,,,,,,,,,,,,,,,,,,,,,,,,,,,,,,,,,,,,,,,,,,,,,,,,,,,,,,,,,,,,,,,,,,,,,,,,,,,,,,,,,,,,,,,,,,,,,,,,,,,,,,,,,,,,,,,,,,,,,,,,,,,,,,,,,,,,,33067,"<span lang=""EN-GB"">Suppose
     you want to a send a text message when you are with a very close friend at
     a restaurant&nbsp;<o:p></o:p></span>"
10/21/2018 7:57,10/21/2018 8:07,0,100.35.97.44,100,599,1,10/21/2018 8:07,R_2aDjDKa3csRJdDV,,,,,40.74450684,-74.15080261,anonymous,EN,"1,2,3,5,6","2,5",,5,,1,,1,,2,,1,2,,2,,1,"1,2,3",,"1,2",,"1,2,3",,"1,2",,"1,3",,"1,2",,6,,,,,,,,,,,,,,,,,,,,,,,,,,,,,,,,,,,,,,,,,,,,,,,,,,,,,,,,,,,,,,,,,,,,,,,,,,,,,,,,,,,,,,,,,,,,,,,,,,,,,,,,,,,,,,,,,,,,,,,,,,,,,,,,,,,,,,,,,,,,,,,,,,2,,5,,3,,1,,2,,1,5,,5,,5,,"1,3",,3,,"1,2",,3,,"1,3",,1,,male,34,manager,5,3,,4,85610,"<span lang=""EN-GB"">Suppose
     you want to take a click a photo when you are alone at home.<o:p></o:p></span>"
10/21/2018 8:07,10/21/2018 8:07,0,186.179.48.86,100,10,1,10/21/2018 8:07,R_1rBtN5THE8QNwuC,,,,,15,-86.5,anonymous,EN,6,,,,,,,,,,,,,,,,,,,,,,,,,,,,,,,,,,,,,,,,,,,,,,,,,,,,,,,,,,,,,,,,,,,,,,,,,,,,,,,,,,,,,,,,,,,,,,,,,,,,,,,,,,,,,,,,,,,,,,,,,,,,,,,,,,,,,,,,,,,,,,,,,,,,,,,,,,,,,,,,,,,,,,,,,,,,,,,,,,,,,,,,,,,,,,,,,,,,,,,,,,,,,,,,,,,56252,"<span lang=""EN-GB"">Suppose you want to browse the internet when you alone at a park.<o:p></o:p></span>"
10/21/2018 8:07,10/21/2018 8:08,0,186.179.48.86,100,44,1,10/21/2018 8:08,R_3iWiwof7t47nxFQ,,,,,15,-86.5,anonymous,EN,3,,,,,,,,,,,,,,,,,,,,,,,,,,,,,,,,,,,,,,,,,,,,,,,,,,,,,,,,,,,,,,,,,,,,,,,,,,,,,,,,,,,,,,,,,,,,,,,,,,,,,,,,,,,,,,,,,,,,,,,,,,,,,,,,,,,,,,,,,,,,,,,,,,,,,,,,,,,,,,,,,,,,,,,,,,,,,,,,,,,,,,,,,,,,,,,,,,,,,,,,,,,,,,,,,,,40930,"<span lang=""EN-GB"">Suppose
     you want to a send an email when you are surrounded by people you know
     (e.g., acquaintances, colleagues) your home.<o:p></o:p></span>"
10/21/2018 8:08,10/21/2018 8:12,0,186.179.48.86,100,194,1,10/21/2018 8:12,R_vISGhLcionZPE9X,,,,,15,-86.5,anonymous,EN,"2,5,6",2,,1,,1,,1,,2,,1,1,,1,,3,2,,1,,2,,1,,2,,2,,,,,,,,,,,,,,,,,,,,,,,,,,,,,,,,,,,,,,,,,,,,,,,,,,,,,,,,,,,,,,,,,,,,,,,,,,,,,,,,,,,,,,,,,,,,,,,,,,,,,,,,,,,,,,,,,,,,,,,,,,,,,,,,,,,,,,,,,,,,,,,,,,,,,,,,,,,,,,,,,,,,,,,,,,,,,,,,,,,,,,,,11156,"<span lang=""EN-GB"">Suppose you want to read a digital document when you are in a park with people you know (e.g., acquaintances, colleagues).<o:p></o:p></span>"
10/21/2018 8:17,10/21/2018 8:19,0,174.97.245.118,100,126,1,10/21/2018 8:19,R_ReoYbGzGtJV6Q2l,,,,,39.40699768,-87.40200043,anonymous,EN,"1,2,6",2,,"1,2",,"2,3",,1,,1,,"1,3","2,3",,"2,3",,"1,2","1,2,3",,"1,2",,"3,4",,"1,2",,"2,3",,2,,,,,,,,,,,,,,,,,,,,,,,,,,,,,,,,,,,,,,,,,,,,,,,,,,,,,,,,,,,,,,,,,,,,,,,,,,,,,,,,,,,,,,,,,,,,,,,,,,,,,,,,,,,,,,,,,,,,,,,,,,,,,,,,,,,,,,,,,,,,,,,,,,,,,,,,,,,,,,,,,,,,,,,,,,,,,,,,,,,,,,,,53391,"<span lang=""EN-GB"">Suppose you are at work with some people you know (e.g., acquaintances, colleagues) when you realize that you have to immediately pay one of your bills online.<o:p></o:p></span>"
10/21/2018 8:12,10/21/2018 8:22,0,186.179.48.86,100,619,1,10/21/2018 8:22,R_2tA0k7ePVe5SbMh,,,,,15,-86.5,anonymous,EN,"2,5,6",1,,1,,"1,2,3,4",,1,,1,,1,2,,1,,"1,2",1,,1,,1,,1,,"1,2",,1,,,,,,,,,,,,,,,,,,,,,,,,,,,,,,,,,,,,,,,,,,,,,,,,,,,,,,,,,,,,,,,,,,,,,,,,,,,,,,,,,,,,,,,,,,,,,,,,,,,,,,,,,,,,,,,,,,,,,,,,,,,,,,,,,,,,,,,,,,,,,,,,,,,,,,,,,,,,,,,,,,,,,,,,,,,,,,,,,,,,,,,,17468,"<span lang=""EN-GB"">Suppose
     you want to listen to some audio when you are alone at your home.<strong><o:p></o:p></strong></span>"
10/21/2018 8:20,10/21/2018 8:25,0,208.66.15.250,100,274,1,10/21/2018 8:25,R_1QKoLgyd91BXgdM,,,,,36.16610718,-116.0037994,anonymous,EN,"1,2,3","1,5",,5,,3,,3,,"1,4",,"1,2",2,,1,,3,2,,2,,3,,2,,"1,2,3",,"1,2",,,,,,,,,,,,,,,,,,,,,,,,,,,,,,,,,,,,,,,,,,,,,,,,,,,,,,,,,,,,,,,,,,,,,,,,,,,,,,,,,,,,,,,,,,,,,,,,,,,,,,,,,,,,,,,,,,,,,,,,,,,,,,,,,,,,,,,,,,,,,,,,,,,,,,,,,,,,,,,,,,,,,,,,,,,,,,,,,,,,,,,,63116,"<span lang=""EN-GB"">Suppose you are at sitting in a park and you want to play a digital/online game&nbsp;</span>with some close friends."
10/21/2018 8:26,10/21/2018 8:26,0,71.203.44.42,100,30,1,10/21/2018 8:26,R_0rMPmCu3ncvjUqt,,,,,27.32620239,-82.47239685,anonymous,EN,"1,2",,,,,,,,,,,,,,,,,,,,,,,,,,,,,,,,,,,,,,,,,,,,,,,,,,,,,,,,,,,,,,,,,,,,,,,,,,,,,,,,,,,,,,,,,,,,,,,,,,,,,,,,,,,,,,,,,,,,,,,,,,,,,,,,,,,,,,,,,,,,,,,,,,,,,,,,,,,,,,,,,,,,,,,,,,,,,,,,,,,,,,,,,,,,,,,,,,,,,,,,,,,,,,,,,,,4031,"<span lang=""EN-GB"">Suppose
     you are at starbucks and you realize today is the last day to pay one of
     your bills online.<o:p></o:p></span>"
10/21/2018 8:19,10/21/2018 8:26,0,100.35.97.44,100,422,1,10/21/2018 8:26,R_24inSSKUdBK5x3o,,,,,40.74450684,-74.15080261,anonymous,EN,"1,2,4,5,6","1,2,4,5",,3,,"1,2,3,4",,3,,1,,3,"1,2,3",,"2,3",,3,"1,2,3",,"1,2",,3,,"1,2",,"1,3",,"1,2",,"1,4","2,4",,5,,"2,3",,1,,1,,3,"1,2,3",,2,,2,,"1,2,3",,3,,"1,2",,3,,"1,2,3",,"1,2",,,,,,,,,,,,,,,,,,,,,,,,,,,,,,,,,,,,,,,,,,,,,,,,,,,,,,,,,,,,"2,5",,3,,"1,2,3",,1,,1,,3,"1,2,3",,5,,5,,"1,2,3",,3,,"1,2",,3,,3,,"1,2",,,,,,,,,,,,,,,,,,,,,,,,,,,,,,,,,,,,,,,,,,,,,,,,,,,,,,,,,,,,male,41,teacher,5,4,,4,76670,"<span lang=""EN-GB"">Suppose you want to a send an email when you are surrounded with people you are close to (e.g., friends, family members) at your home.<strong><o:p></o:p></strong></span>"
10/21/2018 8:26,10/21/2018 8:36,0,129.21.11.165,100,583,1,10/21/2018 8:36,R_1FlA2KddLEJ92Vg,,,,,43.08340454,-77.63439941,anonymous,EN,"1,2,3,4","2,5",,1,,1,,3,,1,,2,2,,5,,2,6,,2,,6,,2,,1,,4,,4,,,,,,,,,,,,,,,,,,,,,,,,,,,,,,,,,,,,,,,,,,,,,,,,,,,,,,,,,,,,,,,,,,,,,,,,,,,,,,,,,,,,,,,,7,,1,,1,,3,,1,,2,"1,2",,2,,5,,6,,7,,"1,2",,6,,1,,4,,,,,,,,,,,,,,,,,,,,,,,,,,,,,,,,,,,,,,,,,,,,,,,,,,,,,,,,,,,,,,,,,,,45935,"<span lang=""EN-GB"">Suppose
     you want to purchase something online when you are alone at a park.<o:p></o:p></span>"
10/21/2018 8:33,10/21/2018 8:36,0,96.47.238.101,100,199,1,10/21/2018 8:36,R_6zK1D4MZKR3b5NT,,,,,25.78059387,-80.18260193,anonymous,EN,"1,2,3,4","2,3,4,5",,1,,"1,2,3,4",,1,,1,,1,"1,2,3",,"1,2",,2,1,,"1,2,3",,2,,1,,"1,2,3",,1,,,,,,,,,,,,,,,,,,,,,,,,,,,,,,,,,,,,,,,,,,,,,,,,,,,,,,,,,,,,,,,,,,,,,,,,,,,,,,,,,,,,,,,,,,,,,,,,,,,,,,,,,,,,,,,,,,,,,,,,,,,,,,,,,,,,,,,,,,,,,,,,,,,,,,,,,,,,,,,,,,,,,,,,,,,,,,,,,,,,,,,,40966,"<span lang=""EN-GB"">Suppose you are at a park with some people you know (e.g., acquaintances, colleagues) when you realize that you have to immediately pay one of your bills online.<o:p></o:p></span>"
10/21/2018 8:38,10/21/2018 8:39,0,72.184.249.113,100,72,1,10/21/2018 8:39,R_2ALSnW4bDXt8Yc3,,,,,28.02839661,-82.77940369,anonymous,EN,"1,2,5","2,3,4",,"2,3",,"2,3",,1,,"3,4",,"1,2","1,3",,"2,3",,"2,3","2,3",,"1,3",,"1,3",,"1,2",,"1,2",,"1,2",,,,,,,,,,,,,,,,,,,,,,,,,,,,,,,,,,,,,,,,,,,,,,,,,,,,,,,,,,,,,,,,,,,,,,,,,,,,,,,,,,,,,,,,,,,,,,,,,,,,,,,,,,,,,,,,,,,,,,,,,,,,,,,,,,,,,,,,,,,,,,,,,,,,,,,,,,,,,,,,,,,,,,,,,,,,,,,,,,,,,,,,87277,"<span lang=""EN-GB"">Suppose you are at Starbucks with your close friends and you realize today is the last day to pay one of your bills online.<o:p></o:p></span>"
10/21/2018 8:38,10/21/2018 8:42,0,73.55.188.135,100,251,1,10/21/2018 8:42,R_1IdgiOe1hCu0mFK,,,,,29.74499512,-95.73259735,anonymous,EN,"1,2,3",3,,2,,2,,1,,"2,4",,2,3,,2,,2,2,,5,,2,,5,,3,,1,,3,,,,,,,,,,,,,,,,,,,,,,,,,,,,,,,,,,,,,,,,,,,,,,,,,,,,,,,,,,,7,,3,,6,,3,,1,,2,2,,3,,2,,2,,7,,1,,7,,2,,4,,,,,,,,,,,,,,,,,,,,,,,,,,,,,,,,,,,,,,,,,,,,,,,,,,,,,,,,,,,,,,,,,,,,,,,,,,,,,,,,,,,,,,,,,,,,,,,,17035,"<span lang=""EN-GB"">Suppose you want to browse the internet when you are with people you know (e.g., acquaintances, colleagues) at a park.<o:p></o:p></span>"
10/21/2018 8:44,10/21/2018 8:44,0,99.203.16.66,100,18,1,10/21/2018 8:44,R_2cbYpHEIqDqlWII,,,,,38.99630737,-76.92990112,anonymous,EN,"1,2",,,,,,,,,,,,,,,,,,,,,,,,,,,,,,,,,,,,,,,,,,,,,,,,,,,,,,,,,,,,,,,,,,,,,,,,,,,,,,,,,,,,,,,,,,,,,,,,,,,,,,,,,,,,,,,,,,,,,,,,,,,,,,,,,,,,,,,,,,,,,,,,,,,,,,,,,,,,,,,,,,,,,,,,,,,,,,,,,,,,,,,,,,,,,,,,,,,,,,,,,,,,,,,,,,,58491,"<span lang=""EN-GB"">Suppose you are alone at home, you want to take a break from studying/working&nbsp;</span>so you decide to play an online/digital game with some close friends ."
10/21/2018 8:45,10/21/2018 8:46,0,100.18.32.152,100,12,1,10/21/2018 8:46,R_tG98qpWERRCPs6l,,,,,39.53939819,-76.35639954,anonymous,EN,"1,2",,,,,,,,,,,,,,,,,,,,,,,,,,,,,,,,,,,,,,,,,,,,,,,,,,,,,,,,,,,,,,,,,,,,,,,,,,,,,,,,,,,,,,,,,,,,,,,,,,,,,,,,,,,,,,,,,,,,,,,,,,,,,,,,,,,,,,,,,,,,,,,,,,,,,,,,,,,,,,,,,,,,,,,,,,,,,,,,,,,,,,,,,,,,,,,,,,,,,,,,,,,,,,,,,,,39117,"<span lang=""EN-GB"">Suppose you are at sitting in a park and you want to play a digital/online game&nbsp;</span>with some close friends."
10/21/2018 8:49,10/21/2018 8:50,0,174.209.20.136,100,24,1,10/21/2018 8:50,R_2S9nglKNvQSD6GM,,,,,39.67930603,-104.8843002,anonymous,EN,"1,2",,,,,,,,,,,,,,,,,,,,,,,,,,,,,,,,,,,,,,,,,,,,,,,,,,,,,,,,,,,,,,,,,,,,,,,,,,,,,,,,,,,,,,,,,,,,,,,,,,,,,,,,,,,,,,,,,,,,,,,,,,,,,,,,,,,,,,,,,,,,,,,,,,,,,,,,,,,,,,,,,,,,,,,,,,,,,,,,,,,,,,,,,,,,,,,,,,,,,,,,,,,,,,,,,,,28454,"<span lang=""EN-GB"">Suppose you have planned to meet a friend next week and you want to put this on your calendar when you are alone at Starbucks.<o:p></o:p></span>"
10/21/2018 8:51,10/21/2018 8:52,0,71.244.135.213,100,13,1,10/21/2018 8:52,R_2c6JVLg9OajWAjH,,,,,39.27259827,-76.86139679,anonymous,EN,2,,,,,,,,,,,,,,,,,,,,,,,,,,,,,,,,,,,,,,,,,,,,,,,,,,,,,,,,,,,,,,,,,,,,,,,,,,,,,,,,,,,,,,,,,,,,,,,,,,,,,,,,,,,,,,,,,,,,,,,,,,,,,,,,,,,,,,,,,,,,,,,,,,,,,,,,,,,,,,,,,,,,,,,,,,,,,,,,,,,,,,,,,,,,,,,,,,,,,,,,,,,,,,,,,,,77762,"<span lang=""EN-GB"">Suppose
     you want to watch some video when you are alone at Starbucks.<o:p></o:p></span>"
10/21/2018 8:53,10/21/2018 8:54,0,50.126.109.57,100,20,1,10/21/2018 8:54,R_Tc5WZ6saRDVVdJv,,,,,45.49839783,-122.9570007,anonymous,EN,3,,,,,,,,,,,,,,,,,,,,,,,,,,,,,,,,,,,,,,,,,,,,,,,,,,,,,,,,,,,,,,,,,,,,,,,,,,,,,,,,,,,,,,,,,,,,,,,,,,,,,,,,,,,,,,,,,,,,,,,,,,,,,,,,,,,,,,,,,,,,,,,,,,,,,,,,,,,,,,,,,,,,,,,,,,,,,,,,,,,,,,,,,,,,,,,,,,,,,,,,,,,,,,,,,,,56296,"<span lang=""EN-GB"">Suppose
     you want to watch&nbsp; some video when
     you are with people you know (e.g., acquaintances, colleagues) at
     Starbucks<o:p></o:p></span>"
10/21/2018 8:46,10/21/2018 8:55,0,186.179.48.86,100,495,1,10/21/2018 8:55,R_1hNq01VGmmB2mQ9,,,,,15,-86.5,anonymous,EN,"2,5,6",4,,1,,4,,1,,4,,2,3,,1,,1,3,,3,,3,,2,,2,,2,,,,,,,,,,,,,,,,,,,,,,,,,,,,,,,,,,,,,,,,,,,,,,,,,,,,,,,,,,,,,,,,,,,,,,,,,,,,,,,,,,,,,,,,,,,,,,,,,,,,,,,,,,,,,,,,,,,,,,,,,,,,,,,,,,,,,,,,,,,,,,,,,,,,,,,,,,,,,,,,,,,,,,,,,,,,,,,,,,,,,,,,18085,"<span lang=""EN-GB"">Suppose
     you are at a park with your close friends and you realize today is the
     last day to pay one of your bills online.<o:p></o:p></span>"
10/21/2018 8:56,10/21/2018 8:57,0,97.90.210.58,100,89,1,10/21/2018 8:57,R_06aweOggIbugWPv,,,,,35.68190002,-82.01799774,anonymous,EN,"1,3,4,5","3,4",,"1,2",,2,,1,,"1,3",,2,"1,2",,"2,3",,2,"1,2",,"1,2",,2,,1,,2,,2,,,,,,,,,,,,,,,,,,,,,,,,,,,,,,,,,,,,,,,,,,,,,,,,,,,,,,,,,,,,,,,,,,,,,,,,,,,,,,,,,,,,,,,,,,,,,,,,,,,,,,,,,,,,,,,,,,,,,,,,,,,,,,,,,,,,,,,,,,,,,,,,,,,,,,,,,,,,,,,,,,,,,,,,,,,,,,,,,,,,,,,,43221,"<span lang=""EN-GB"">Suppose you want to watch some video when you are with your close friends at Starbucks.<o:p></o:p></span>"
10/21/2018 8:52,10/21/2018 8:58,0,107.131.166.206,100,370,1,10/21/2018 8:58,R_24Gxx2Z6zBWO1PV,,,,,25.98500061,-80.14070129,anonymous,EN,"2,3,4","2,3,5",,1,,"1,2,3,4",,1,,1,,"1,2,3","1,2,3",,"1,2",,"2,3","1,3",,"1,2",,"1,3,4",,"1,2",,"1,2,3",,"1,2",,,,,,,,,,,,,,,,,,,,,,,,,,,,,,,,,,,,,,,,,,,,,,,,,,,,,,,,,,,,,,,,,,,,,,,,,,,,,,,,,,,,,,,,,,,,,,,,,,,,,,,,,,,,,,,,,,,,,,,,,,,,,,,,,,,,,,,,,,,,,,,,,,,,,,,,,,,,,,,,,,,,,,,,,,,,,,,,,,,,,,,,27304,"<span lang=""EN-GB"">Suppose
     you want to purchase something online when you are alone at a park.<o:p></o:p></span>"
10/21/2018 8:42,10/21/2018 9:03,0,24.56.92.42,100,1262,1,10/21/2018 9:03,R_2aff3nvLxfMbsuo,,,,,41.36759949,-81.86180115,anonymous,EN,"1,2,3,4",7,,5,,"1,2,3,4",,1,,4,,3,2,,"1,2",,3,"1,2,3,4",,2,,7,,2,,"1,2,3",,1,,"2,3",,,,,,,,,,,,,,,,,,,,,,,,,,,,,,2,,1,,"1,2,3,4",,3,,1,,3,"1,2",,"1,2,3",,"2,3",,2,,"1,2,3,4",,5,,"1,3,4",,"1,2,3",,2,,4,,5,,"1,2,3",,3,,1,,1,"1,2",,2,,2,,1,,3,,2,,3,,"1,2,3",,1,,,,,,,,,,,,,,,,,,,,,,,,,,,,,,,,,,,,,,,,,,,,,,,,,,,,,,,,,,,,,,,,,,,,,,,,,,,,,,,,,,,,,,,,,,,,,,,,16419,"<span lang=""EN-GB"">Suppose
     you want to watch some video when
     you are at home with people you are close to (e.g., friends, family
     members)<strong><o:p></o:p></strong></span>"
10/21/2018 9:05,10/21/2018 9:09,0,75.151.82.106,100,226,1,10/21/2018 9:09,R_1loPfTDgWGpc1Ra,,,,,39.61109924,-104.9532013,anonymous,EN,"1,2,4","1,2,3,4,5",,1,,2,,1,,1,,3,1,,2,,4,3,,2,,3,,2,,"1,2,3",,1,,,,,,,,,,,,,,,,,,,,,,,,,,,,,,,,,,,,,,,,,,,,,,,,,,,,,,,,,,,,,,,,,,,,,,,,,,,,,,,,,,,,,,,,,,,,,,,,,,,,,,,,,,,,,,,,,,,,,,,,,,,,,,,,,,,,,,,,,,,,,,,,,,,,,,,,,,,,,,,,,,,,,,,,,,,,,,,,,,,,,,,,15998,"<span lang=""EN-GB"">Suppose
     you want to set up a reminder when you are with people you know (e.g.,
     acquaintances, colleagues) at your home.<o:p></o:p></span>"
10/20/2018 13:18,10/21/2018 9:10,0,73.187.47.196,100,71501,1,10/21/2018 9:10,R_22ELJyKR9P6BDIJ,,,,,40.21220398,-77.02649689,anonymous,EN,"1,2,3",1,,5,,6,,3,,6,,4,5,,5,,4,6,,5,,7,,5,,5,,4,,2,,,,,,,,,,,,,,,,,,,,,,,,,,,,,,1,,5,,6,,3,,6,,4,5,,5,,5,,6,,7,,5,,7,,5,,4,,,,,,,,,,,,,,,,,,,,,,,,,,,,,,,,,,,,,,,,,,,,,,,,,,,,,,,,,,,,,,,,,,,,,,,,,,,,,,,,,,,,,,,,,,,,,,,,,,,,,,,,,,,,,,,,,,,,,,Female,51,Turker,5,8,,1,66004,"Suppose
     you want to call your mother for sharing an important update about your
     life when you are surrounded by people you
     know (e.g., acquaintances, colleagues) at a restaurant.<o:p></o:p>"
10/21/2018 9:20,10/21/2018 9:21,0,73.24.103.111,100,37,1,10/21/2018 9:21,R_XtSy8pTjJlAvZND,,,,,28.55230713,-81.17949677,anonymous,EN,"2,5,6",3,,1,,3,,1,,4,,3,2,,3,,2,3,,1,,6,,3,,2,,1,,,,,,,,,,,,,,,,,,,,,,,,,,,,,,,,,,,,,,,,,,,,,,,,,,,,,,,,,,,,,,,,,,,,,,,,,,,,,,,,,,,,,,,,,,,,,,,,,,,,,,,,,,,,,,,,,,,,,,,,,,,,,,,,,,,,,,,,,,,,,,,,,,,,,,,,,,,,,,,,,,,,,,,,,,,,,,,,,,,,,,,,93737,"<span lang=""EN-GB"">Suppose
     you want to call your mother for sharing an important update about your
     life&nbsp; when you are alone at a park<o:p></o:p></span>"
10/21/2018 9:13,10/21/2018 9:21,0,100.35.97.44,100,491,1,10/21/2018 9:21,R_1rpjx591Ywkg4TS,,,,,40.74450684,-74.15080261,anonymous,EN,"1,2,4,6","1,2,5",,3,,"2,3",,1,,1,,3,3,,"2,3",,3,"1,2,3",,"1,2",,"2,3",,"1,2",,"1,2",,4,,6,,,,,,,,,,,,,,,,,,,,,,,,,,,,,,,,,,,,,,,,,,,,,,,,,,,,,,,,,,,,,,,,,,,,,,,,,,,,,,,,,,,,,,,,,,,,,,,,,,,,,,,,,,,,,,,,,,,,,,,,,,,,,,,,,,,,,,,,,,,,,,,,,,"1,2,5",,5,,"1,2,3",,1,,1,,3,5,,2,,2,,"1,3",,"1,2,3,4",,"1,2",,"1,2,3,4",,"1,3",,"1,2",,Male,35,Writer,3,4,,2,78491,"<span lang=""EN-GB"">Suppose you want to a send an email when you are walking with a very close friend on a street.&nbsp;<o:p></o:p></span>"
10/21/2018 9:22,10/21/2018 9:29,0,73.28.132.137,100,418,1,10/21/2018 9:29,R_eQjpxxUk3nBlLFL,,,,,27.26660156,-82.51629639,anonymous,EN,"1,2,4,5",2,,1,,1,,1,,1,,2,2,,3,,2,3,,2,,1,,2,,1,,4,,2,,,,,,,,,,,,,,,,,,,,,,,,,,,,,,2,,1,,2,,1,,1,,2,3,,3,,3,,3,,3,,2,,1,,1,,4,,,,,,,,,,,,,,,,,,,,,,,,,,,,,,,,,,,,,,,,,,,,,,,,,,,,,,,,,,,,,,,,,,,,,,,,,,,,,,,,,,,,,,,,,,,,,,,,,,,,,,,,,,,,,,,,,,,,,,,,,,,,,9200,"<span lang=""EN-GB"">Suppose
     you want to take a click a photo when you are with people you are close to
     (e.g., friends, family members) at home<o:p></o:p></span>"
10/21/2018 9:19,10/21/2018 9:30,0,98.167.251.3,100,620,1,10/21/2018 9:30,R_12ncBJzuCU7QbYe,,,,,33.60479736,-112.2237015,anonymous,EN,"1,2,3","3,4",,"2,3",,"1,2",,1,,4,,"1,3",1,,2,,2,4,,1,,"1,2",,3,,2,,2,,,,,,,,,,,,,,,,,,,,,,,,,,,,,,,,,,,,,,,,,,,,,,,,,,,,,,,,,,,,,,,,,,,,,,,,,,,,,,,,,,,,,,,,,,,,,,,,,,,,,,,,,,,,,,,,,,,,,,,,,,,,,,,,,,,,,,,,,,,,,,,,,,,,,,,,,,,,,,,,,,,,,,,,,,,,,,,,,,,,,,,,95862,"<span lang=""EN-GB"">Suppose you want to take a click a photo when you with </span><span lang=""EN-GB"">some people you know (e.g.,
     acquaintances, colleagues)</span><span lang=""EN-GB""> at home<o:p></o:p></span>"
10/21/2018 9:36,10/21/2018 9:37,0,68.81.42.79,100,35,1,10/21/2018 9:37,R_A54xMnttKQPPix3,,,,,40.26589966,-75.38829803,anonymous,EN,1,,,,,,,,,,,,,,,,,,,,,,,,,,,,,,,,,,,,,,,,,,,,,,,,,,,,,,,,,,,,,,,,,,,,,,,,,,,,,,,,,,,,,,,,,,,,,,,,,,,,,,,,,,,,,,,,,,,,,,,,,,,,,,,,,,,,,,,,,,,,,,,,,,,,,,,,,,,,,,,,,,,,,,,,,,,,,,,,,,,,,,,,,,,,,,,,,,,,,,,,,,,,,,,,,,,99759,"<span lang=""EN-GB"">Suppose you want to browse the internet when you are with your close friends at a park.<o:p></o:p></span>"
10/21/2018 9:38,10/21/2018 9:38,0,24.154.43.118,100,10,1,10/21/2018 9:38,R_2tD4pja8ar07YSt,,,,,39.6882019,-76.04920197,anonymous,EN,3,,,,,,,,,,,,,,,,,,,,,,,,,,,,,,,,,,,,,,,,,,,,,,,,,,,,,,,,,,,,,,,,,,,,,,,,,,,,,,,,,,,,,,,,,,,,,,,,,,,,,,,,,,,,,,,,,,,,,,,,,,,,,,,,,,,,,,,,,,,,,,,,,,,,,,,,,,,,,,,,,,,,,,,,,,,,,,,,,,,,,,,,,,,,,,,,,,,,,,,,,,,,,,,,,,,61915,"<span lang=""EN-GB"">Suppose
     you want to watch some video when you are with your close friends in a
     park.<o:p></o:p></span>"
10/21/2018 9:32,10/21/2018 9:39,0,47.39.247.162,100,431,1,10/21/2018 9:39,R_AhRMNbJlEvEdAWd,,,,,33.02430725,-85.07389832,anonymous,EN,"1,2,4,5,6","2,3,5",,"1,3",,"1,2",,1,,1,,2,"1,2,3",,2,,2,"1,2",,"1,2,3",,"1,3",,"1,2,3",,1,,"1,2",,2,,,,,,,,,,,,,,,,,,,,,,,,,,,,,,"2,3,5",,1,,"1,2",,1,,2,,"1,2","1,2,3",,2,,2,,1,,"1,3",,1,,"1,3",,"1,2",,2,,,,,,,,,,,,,,,,,,,,,,,,,,,,,,,,,,,,,,,,,,,,,,,,,,,,,,,,,,,,,,,,,,,,,,,,,,,,,,,,,,,,,,,,,,,,,,,,,,,,,,,,,,,,,,,,,,,,,,Female,29,Homemaker,2,1,,6,75166,"<span lang=""EN-GB"">Suppose
     you want to purchase something online when you are with your close friends
     at Starbucks.<o:p></o:p></span>"
10/21/2018 9:39,10/21/2018 9:40,0,71.178.218.112,100,86,1,10/21/2018 9:40,R_2OZHQ06F1Je8pTf,,,,,38.98849487,-76.79100037,anonymous,EN,2,,,,,,,,,,,,,,,,,,,,,,,,,,,,,,,,,,,,,,,,,,,,,,,,,,,,,,,,,,,,,,,,,,,,,,,,,,,,,,,,,,,,,,,,,,,,,,,,,,,,,,,,,,,,,,,,,,,,,,,,,,,,,,,,,,,,,,,,,,,,,,,,,,,,,,,,,,,,,,,,,,,,,,,,,,,,,,,,,,,,,,,,,,,,,,,,,,,,,,,,,,,,,,,,,,,74577,"<span lang=""EN-GB"">Suppose
     you want to purchase something online when you are alone at your home.<o:p></o:p></span>"
10/21/2018 9:40,10/21/2018 9:41,0,108.187.189.70,100,18,1,10/21/2018 9:41,R_8cfmc50PcoRPCPT,,,,,37.75100708,-97.8219986,anonymous,EN,3,,,,,,,,,,,,,,,,,,,,,,,,,,,,,,,,,,,,,,,,,,,,,,,,,,,,,,,,,,,,,,,,,,,,,,,,,,,,,,,,,,,,,,,,,,,,,,,,,,,,,,,,,,,,,,,,,,,,,,,,,,,,,,,,,,,,,,,,,,,,,,,,,,,,,,,,,,,,,,,,,,,,,,,,,,,,,,,,,,,,,,,,,,,,,,,,,,,,,,,,,,,,,,,,,,,33278,"<span lang=""EN-GB"">Suppose
     you want to read a digital document when you are at Starbucks.<o:p></o:p></span>"
10/21/2018 9:41,10/21/2018 9:41,0,71.178.218.112,100,6,1,10/21/2018 9:41,R_smRHqy5qty67Na9,,,,,38.98849487,-76.79100037,anonymous,EN,"2,4",,,,,,,,,,,,,,,,,,,,,,,,,,,,,,,,,,,,,,,,,,,,,,,,,,,,,,,,,,,,,,,,,,,,,,,,,,,,,,,,,,,,,,,,,,,,,,,,,,,,,,,,,,,,,,,,,,,,,,,,,,,,,,,,,,,,,,,,,,,,,,,,,,,,,,,,,,,,,,,,,,,,,,,,,,,,,,,,,,,,,,,,,,,,,,,,,,,,,,,,,,,,,,,,,,,97938,"<span lang=""EN-GB"">Suppose you want to read a digital document when you are at Starbucks with people you know (e.g., acquaintances, colleagues).<o:p></o:p></span>"
10/21/2018 9:43,10/21/2018 9:43,0,68.13.242.115,100,15,1,10/21/2018 9:43,R_338R90d5UliwQ2F,,,,,36.0605011,-95.94519806,anonymous,EN,2,,,,,,,,,,,,,,,,,,,,,,,,,,,,,,,,,,,,,,,,,,,,,,,,,,,,,,,,,,,,,,,,,,,,,,,,,,,,,,,,,,,,,,,,,,,,,,,,,,,,,,,,,,,,,,,,,,,,,,,,,,,,,,,,,,,,,,,,,,,,,,,,,,,,,,,,,,,,,,,,,,,,,,,,,,,,,,,,,,,,,,,,,,,,,,,,,,,,,,,,,,,,,,,,,,,97167,"<span lang=""EN-GB"">Suppose you want to a send a text message when you are surrounded with people you are close to (e.g., friends, family members) at your home.<strong><o:p></o:p></strong></span>"
10/21/2018 9:43,10/21/2018 9:43,0,174.234.13.37,100,23,1,10/21/2018 9:43,R_3R9ITfMe8jD8lNV,,,,,38.97129822,-94.57740021,anonymous,EN,2,,,,,,,,,,,,,,,,,,,,,,,,,,,,,,,,,,,,,,,,,,,,,,,,,,,,,,,,,,,,,,,,,,,,,,,,,,,,,,,,,,,,,,,,,,,,,,,,,,,,,,,,,,,,,,,,,,,,,,,,,,,,,,,,,,,,,,,,,,,,,,,,,,,,,,,,,,,,,,,,,,,,,,,,,,,,,,,,,,,,,,,,,,,,,,,,,,,,,,,,,,,,,,,,,,,4781,"<span lang=""EN-GB"" style=""font-size:11.0pt;line-height:115%;
font-family:&quot;Arial&quot;,sans-serif;mso-fareast-font-family:Arial;mso-ansi-language:
EN-GB;mso-fareast-language:EN-US;mso-bidi-language:AR-SA"">Suppose you want to
take a click a photo when you are at Starbucks.</span>"
10/21/2018 9:43,10/21/2018 9:45,0,74.132.147.224,100,166,1,10/21/2018 9:45,R_8kMWPJUCmCE8KDT,,,,,38.40289307,-85.39279938,anonymous,EN,"1,2,3,4","2,4,5",,5,,1,,3,,1,,4,"1,2,3",,2,,4,6,,1,,7,,5,,1,,4,,,,,,,,,,,,,,,,,,,,,,,,,,,,,,,,,,,,,,,,,,,,,,,,,,,,,,,,,,,,,,,,,,,,,,,,,,,,,,,,,,,,,,,,,,,,,,,,,,,,,,,,,,,,,,,,,,,,,,,,,,,,,,,,,,,,,,,,,,,,,,,,,,,,,,,,,,,,,,,,,,,,,,,,,,,,,,,,,,,,,,,,7998,"Suppose you want to purchase something (e.g., book,
     household items) online when you are with people
     you know (e.g., acquaintances, colleagues) at
     Starbucks.<o:p></o:p>"
10/21/2018 9:45,10/21/2018 9:50,0,73.143.177.96,100,311,1,10/21/2018 9:51,R_1kLnOzVP62HWTKM,,,,,42.11509705,-72.64109802,anonymous,EN,"1,2,4","2,3,4,5",,1,,1,,1,,1,,2,3,,"2,3",,2,4,,2,,"2,3,4",,"1,2",,"1,3",,"1,2",,,,,,,,,,,,,,,,,,,,,,,,,,,,,,,,,,,,,,,,,,,,,,,,,,,,,,,,,,,,,,,,,,,,,,,,,,,,,,,,,,,,,,,,,,,,,,,,,,,,,,,,,,,,,,,,,,,,,,,,,,,,,,,,,,,,,,,,,,,,,,,,,,,,,,,,,,,,,,,,,,,,,,,,,,,,,,,,,,,,,,,,18206,"<span lang=""EN-GB"">Suppose you are at a park, you have just read a book you loved and now you&nbsp;</span>want to write a review for it to share with people you are close to (e.g., friends, family members)"
10/21/2018 9:49,10/21/2018 9:51,0,72.77.36.22,100,123,1,10/21/2018 9:51,R_2q41CVbM3xjsaeq,,,,,40.48370361,-79.73809814,anonymous,EN,"1,2,3,4,5,6","1,2",,1,,"1,2,3",,1,,"1,3",,1,"1,2,3",,1,,"1,2","1,2,3,4",,"1,2,3",,"1,2,3,4",,"1,2,3",,"1,2,3",,"1,2",,,,,,,,,,,,,,,,,,,,,,,,,,,,,,,,,,,,,,,,,,,,,,,,,,,,,,,,,,,,,,,,,,,,,,,,,,,,,,,,,,,,,,,,,,,,,,,,,,,,,,,,,,,,,,,,,,,,,,,,,,,,,,,,,,,,,,,,,,,,,,,,,,,,,,,,,,,,,,,,,,,,,,,,,,,,,,,,,,,,,,,,19172,"<span lang=""EN-GB"">Suppose you want to browse the internet when you are at home with people you are close to (e.g., friends, family members)<strong><o:p></o:p></strong></span>"
10/21/2018 9:45,10/21/2018 9:53,0,75.139.254.220,100,423,1,10/21/2018 9:53,R_3imtpxW7cg2WaKU,,,,,32.7230072,-97.44830322,anonymous,EN,"2,3,4","2,3,4,5",,5,,"1,2",,3,,1,,3,5,,5,,"2,3",6,,2,,5,through email norifications,2,,5,,1,,,,,,,,,,,,,,,,,,,,,,,,,,,,,,,,,,,,,,,,,,,,,,,,,,,,,,,,,,,,,,,,,,,,,,,,,,,,,,,,,,,,,,,,,,,,,,,,,,,,,,,,,,,,,,,,,,,,,,,,,,,,,,,,,,,,,,,,,,,,,,,,,,,,,,,,,,,,,,,,,,,,,,,,,,,,,,,,,,,,,,,,19103,"<span lang=""EN-GB"">Suppose
     you want to purchase something online when you are with people you are
     close to (e.g., friends, family members).<o:p></o:p></span>"
10/21/2018 9:52,10/21/2018 9:57,0,75.97.228.18,100,302,1,10/21/2018 9:57,R_1IyYfVj23d73431,,,,,40.89990234,-75.47599792,anonymous,EN,"1,2,3,4","1,2,4,5",,"1,2,3",,"1,2,3,4",,1,,"1,3",,"1,2,3","1,2,3",,"1,2",,"2,3","1,2,3,4",,"1,2,3",,"1,2,3,6",,"2,3",,"1,2,3",,"1,2",,,,,,,,,,,,,,,,,,,,,,,,,,,,,,,,,,,,,,,,,,,,,,,,,,,,,,,,,,,,,,,,,,,,,,,,,,,,,,,,,,,,,,,,,,,,,,,,,,,,,,,,,,,,,,,,,,,,,,,,,,,,,,,,,,,,,,,,,,,,,,,,,,,,,,,,,,,,,,,,,,,,,,,,,,,,,,,,,,,,,,,,86600,"<span lang=""EN-GB"">Suppose
     you want to a send a text message when you are surrounded by people you
     know (e.g., acquaintances, colleagues) at your home.<o:p></o:p></span>"
10/21/2018 9:58,10/21/2018 9:58,0,104.168.102.131,100,20,1,10/21/2018 9:58,R_3jeYbt51af9YpK4,,,,,42.88639832,-78.87809753,anonymous,EN,"2,3",,,,,,,,,,,,,,,,,,,,,,,,,,,,,,,,,,,,,,,,,,,,,,,,,,,,,,,,,,,,,,,,,,,,,,,,,,,,,,,,,,,,,,,,,,,,,,,,,,,,,,,,,,,,,,,,,,,,,,,,,,,,,,,,,,,,,,,,,,,,,,,,,,,,,,,,,,,,,,,,,,,,,,,,,,,,,,,,,,,,,,,,,,,,,,,,,,,,,,,,,,,,,,,,,,,49471,"<span lang=""EN-GB"">Suppose you want to listen to some audio when you are alone in a park.<o:p></o:p></span>"
10/21/2018 9:58,10/21/2018 9:59,0,69.7.116.77,100,30,1,10/21/2018 9:59,R_1eWqu0rnCOlJQFU,,,,,39.55889893,-106.1332016,anonymous,EN,"1,2",,,,,,,,,,,,,,,,,,,,,,,,,,,,,,,,,,,,,,,,,,,,,,,,,,,,,,,,,,,,,,,,,,,,,,,,,,,,,,,,,,,,,,,,,,,,,,,,,,,,,,,,,,,,,,,,,,,,,,,,,,,,,,,,,,,,,,,,,,,,,,,,,,,,,,,,,,,,,,,,,,,,,,,,,,,,,,,,,,,,,,,,,,,,,,,,,,,,,,,,,,,,,,,,,,,64191,"<span lang=""EN-GB"">Suppose
     you want to listen to some audio when you are with people you know (e.g.,
     acquaintances, colleagues) at your home.<o:p></o:p></span>"
10/21/2018 9:50,10/21/2018 10:01,0,75.143.210.3,100,665,1,10/21/2018 10:01,R_3ix23hyGmA1q9jA,,,,,47.49499512,-111.2501984,anonymous,EN,"1,2,4,6","1,2",,1,,"3,4",,1,,1,,2,2,,2,,2,"2,3,4",,"2,3",,3,,"2,3",,1,,2,,2,,,,,,,,,,,,,,,,,,,,,,,,,,,,,,"1,2",,"1,2",,3,,1,,1,,2,2,,2,,2,,"2,3",,3,,"2,3",,3,,1,,2,,,,,,,,,,,,,,,,,,,,,,,,,,,,,,,,,,,,,,,,,,,,,,,,,,,,,,,,,,,,,,,,,,,,,,,,,,,,,,,,,,,,,,,,,,,,,,,,,,,,,,,,,,,,,,,,,,,,,,Male,34,Digital Freelancer,5,7,white/hispanic,6,33445,"<span lang=""EN-GB"">Suppose
     you want to watch some video when you are with people you know (e.g.,
     acquaintances, colleagues) in a park.<o:p></o:p></span>"
10/21/2018 10:04,10/21/2018 10:20,0,74.71.175.16,100,973,1,10/21/2018 10:20,R_1QtPY4bfx55WPR9,,,,,40.80110168,-73.93710327,anonymous,EN,"1,2,4","1,2,4,5",,"1,2",,"1,2,3,4",,1,,"1,3",,"1,2,3","1,2,3",,"1,3",,"1,2,3","1,2,3",,"1,2,3",,"1,2,3,4",,"1,2,3",,"1,2,3",,"1,2",,2,,,,,,,,,,,,,,,,,,,,,,,,,,,,,,"1,2,5",,"1,3",,"1,2,3",,1,,"1,3",,"1,2,3","1,2,3",,"1,2",,"1,2,3",,"1,2,3",,"1,2,3,4",,"1,2",,"1,2,3,4",,"1,2,3",,2,,,,,,,,,,,,,,,,,,,,,,,,,,,,,,,,,,,,,,,,,,,,,,,,,,,,,,,,,,,,,,,,,,,,,,,,,,,,,,,,,,,,,,,,,,,,,,,,,,,,,,,,,,,,,,,,,,,,,,,,,,,,,70065,"<span lang=""EN-GB"">Suppose
     you want to a view a text message when you are surrounded by people you
     know (e.g., acquaintances, colleagues) at a restaurant.<o:p></o:p></span>"
10/21/2018 10:19,10/21/2018 10:23,0,75.66.166.143,100,214,1,10/21/2018 10:23,R_0r2hIFAVBg6tjVf,,,,,35.05509949,-89.67669678,anonymous,EN,"1,3,4,6",4,,3,,2,,1,,3,,2,3,,2,,2,3,,2,,3,,2,,2,,2,,"1,4",2,,2,,3,,1,,4,,3,2,,2,,3,,4,,2,,2,,4,,2,,2,,,,,,,,,,,,,,,,,,,,,,,,,,,,,,,,,,,,,,,,,,,,,,,,,,,,,,,,,,,,3,,2,,2,,1,,3,,1,2,,2,,3,,4,,4,,2,,3,,3,,2,,,,,,,,,,,,,,,,,,,,,,,,,,,,,,,,,,,,,,,,,,,,,,,,,,,,,,,,,,,,,,,,,,,33303,"<span lang=""EN-GB"">Suppose
     you are at a park and you realize today is the last day to pay one of your
     bills online.<o:p></o:p></span>"
10/21/2018 10:24,10/21/2018 10:25,0,175.158.225.201,100,24,1,10/21/2018 10:25,R_3IXCx2xR7iU1gBp,,,,,10.31109619,123.8916931,anonymous,EN,"1,2",,,,,,,,,,,,,,,,,,,,,,,,,,,,,,,,,,,,,,,,,,,,,,,,,,,,,,,,,,,,,,,,,,,,,,,,,,,,,,,,,,,,,,,,,,,,,,,,,,,,,,,,,,,,,,,,,,,,,,,,,,,,,,,,,,,,,,,,,,,,,,,,,,,,,,,,,,,,,,,,,,,,,,,,,,,,,,,,,,,,,,,,,,,,,,,,,,,,,,,,,,,,,,,,,,,80269,"<span lang=""EN-GB"">Suppose you have planned to meet a friend next week and you want to put this on your calendar when you are surrounded by people you know (e.g., acquaintances, colleagues) at a restaurant.<o:p></o:p></span>"
10/21/2018 10:32,10/21/2018 10:33,0,68.60.94.2,100,74,1,10/21/2018 10:33,R_psjZC9RjjHr5JlL,,,,,42.99580383,-82.4598999,anonymous,EN,"2,3,4,6","2,3",,3,,2,,1,,1,,4,1,,5,,4,6,,3,,6,,1,,1,,1,,,,,,,,,,,,,,,,,,,,,,,,,,,,,,,,,,,,,,,,,,,,,,,,,,,,,,,,,,,,,,,,,,,,,,,,,,,,,,,,,,,,,,,,,,,,,,,,,,,,,,,,,,,,,,,,,,,,,,,,,,,,,,,,,,,,,,,,,,,,,,,,,,,,,,,,,,,,,,,,,,,,,,,,,,,,,,,,,,,,,,,,44689,"<span lang=""EN-GB"">Suppose
     you want to watch some video when you are with people you know (e.g.,
     acquaintances, colleagues) at your home.<o:p></o:p></span>"
10/21/2018 10:38,10/21/2018 10:38,0,172.58.12.111,100,17,1,10/21/2018 10:38,R_33s8Efti6vZjyRu,,,,,25.99209595,-80.27120209,anonymous,EN,1,,,,,,,,,,,,,,,,,,,,,,,,,,,,,,,,,,,,,,,,,,,,,,,,,,,,,,,,,,,,,,,,,,,,,,,,,,,,,,,,,,,,,,,,,,,,,,,,,,,,,,,,,,,,,,,,,,,,,,,,,,,,,,,,,,,,,,,,,,,,,,,,,,,,,,,,,,,,,,,,,,,,,,,,,,,,,,,,,,,,,,,,,,,,,,,,,,,,,,,,,,,,,,,,,,,40189,"Suppose you want to find a route to a coffee shop
     when you are at home with your by your colleagues<o:p></o:p>"
10/21/2018 10:38,10/21/2018 10:42,0,172.58.12.111,100,225,1,10/21/2018 10:42,R_1FynxEm0WR5wHZ4,,,,,25.99209595,-80.27120209,anonymous,EN,"1,2,3,4,5,6",4,,2,,3,,1,,4,,1,"1,2",,3,,"2,3",2,,3,,1,,"1,2,3",,2,,1,,,,,,,,,,,,,,,,,,,,,,,,,,,,,,,,,,,,,,,,,,,,,,,,,,,,,,,,,,,,,,,,,,,,,,,,,,,,,,,,,,,,,,,,,,,,,,,,,,,,,,,,,,,,,,,,,,,,,,,,,,,,,,,,,,,,,,,,,,,,,,,,,,,,,,,,,,,,,,,,,,,,,,,,,,,,,,,,,,,,,,,,5127,"<span lang=""EN-GB"">Suppose
     you want to read a digital document) when you are at home with people you
     know (e.g., acquaintances, colleagues).<o:p></o:p></span>"
10/21/2018 10:55,10/21/2018 11:02,0,108.88.55.185,100,418,1,10/21/2018 11:02,R_2RPlnPhDCCaDQFf,,,,,34.27400208,-92.09100342,anonymous,EN,"1,2,4,5",2,,1,,4,,3,,1,,2,1,,1,,2,"3,4",,3,,2,,3,,3,,4,,2,,,,,,,,,,,,,,,,,,,,,,,,,,,,,,1,,5,,2,,1,,2,,2,3,,1,,5,,2,,2,,5,,2,,3,,4,,,,,,,,,,,,,,,,,,,,,,,,,,,,,,,,,,,,,,,,,,,,,,,,,,,,,,,,,,,,,,,,,,,,,,,,,,,,,,,,,,,,,,,,,,,,,,,,,,,,,,,,,,,,,,,,,,,,,,,,,,,,,43837,"<span lang=""EN-GB"">Suppose
     you want to find a route to home when you are at Starbucks with your close
     friends.<o:p></o:p></span>"
10/21/2018 11:05,10/21/2018 11:07,0,99.59.117.76,100,89,1,10/21/2018 11:07,R_1jVPY3gjTIt9xNS,,,,,32.79719543,-117.1707993,anonymous,EN,3,,,,,,,,,,,,,,,,,,,,,,,,,,,,,,,,,,,,,,,,,,,,,,,,,,,,,,,,,,,,,,,,,,,,,,,,,,,,,,,,,,,,,,,,,,,,,,,,,,,,,,,,,,,,,,,,,,,,,,,,,,,,,,,,,,,,,,,,,,,,,,,,,,,,,,,,,,,,,,,,,,,,,,,,,,,,,,,,,,,,,,,,,,,,,,,,,,,,,,,,,,,,,,,,,,,77673,"<span lang=""EN-GB"">Suppose you want to control some devices/appliances (e.g., smart lights) when you are at home with people you are close to (e.g., friends, family members)<strong><o:p></o:p></strong></span>"
10/21/2018 11:09,10/21/2018 11:11,0,24.216.175.106,100,149,1,10/21/2018 11:11,R_0JaKGPTXkxVuWHf,,,,,38.80499268,-89.96369934,anonymous,EN,"1,2,3,6",2,,1,,"1,3",,1,,1,,2,"1,3",,3,,"1,2",3,,"1,2",,7,,3,,3,,2,,,,,,,,,,,,,,,,,,,,,,,,,,,,,,,,,,,,,,,,,,,,,,,,,,,,,,,,,,,,,,,,,,,,,,,,,,,,,,,,,,,,,,,,,,,,,,,,,,,,,,,,,,,,,,,,,,,,,,,,,,,,,,,,,,,,,,,,,,,,,,,,,,,,,,,,,,,,,,,,,,,,,,,,,,,,,,,,,,,,,,,,90933,"<span lang=""EN-GB"">Suppose you are on a short vacation and you want to take a picture in front&nbsp;</span>of an iconic monument when you are surrounded by many people."
10/21/2018 11:10,10/21/2018 11:12,0,142.197.71.197,100,148,1,10/21/2018 11:12,R_2v0buxKsdLcUnr5,,,,,29.16000366,-81.02690125,anonymous,EN,"1,2,4","1,2,3",,1,,"1,2,3",,1,,1,,2,"1,2",,"2,3",,1,"1,2,3",,"1,2,3",,"2,3,4",,"1,2",,"1,2,3",,"1,2",,,,,,,,,,,,,,,,,,,,,,,,,,,,,,,,,,,,,,,,,,,,,,,,,,,,,,,,,,,,,,,,,,,,,,,,,,,,,,,,,,,,,,,,,,,,,,,,,,,,,,,,,,,,,,,,,,,,,,,,,,,,,,,,,,,,,,,,,,,,,,,,,,,,,,,,,,,,,,,,,,,,,,,,,,,,,,,,,,,,,,,,29171,"<span lang=""EN-GB"">Suppose
     you want to a view a text message when you are surrounded with people you
     are close to (e.g., friends, family members) at your home.<strong><o:p></o:p></strong></span>"
10/21/2018 11:26,10/21/2018 11:36,0,100.35.97.44,100,582,1,10/21/2018 11:36,R_2uU5vof8lORql3w,,,,,40.74450684,-74.15080261,anonymous,EN,"2,3,4,5,6",1,,5,,"1,2,3,4",,1,,3,,"1,2",5,,2,,"1,2","1,2,3",,"1,2",,"2,3",,"1,2",,5,,1,,6,,,,,,,,,,,,,,,,,,,,,,,,,,,,,,,,,,,,,,,,,,,,,,,,,,,,,,,,,,,,,,,,,,,,,,,,,,,,,,,,,,,,,,,,,,,,,,,,,,,,,,,,,,,,,,,,,,,,,,,,,,,,,,,,,,,,,,,,,,,,,,,,,,"1,2,5",,5,,"2,3",,1,,2,,"1,2",5,,2,,2,,3,,"1,2,3,4",,2,,"1,2,3,4",,1,,1,,male ,34,teacher,5,1,,4,81709,"Suppose
     you want to call your mother for sharing an important update about your
     life when you are surrounded by people you
     know (e.g., acquaintances, colleagues) at a restaurant.<o:p></o:p>"
10/21/2018 11:42,10/21/2018 11:54,0,96.245.219.136,100,729,1,10/21/2018 11:54,R_2EobxTcoErErfVq,,,,,40.14959717,-75.37960052,anonymous,EN,"1,2,4",2,,1,,1,,3,,1,,1,5,,5,,1,2,,2,,4,,2,,1,,"1,2",,2,,,,,,,,,,,,,,,,,,,,,,,,,,,,,,2,,1,,1,,1,,1,,1,1,,5,,5,,2,,3,,1,,3,,1,,1,,,,,,,,,,,,,,,,,,,,,,,,,,,,,,,,,,,,,,,,,,,,,,,,,,,,,,,,,,,,,,,,,,,,,,,,,,,,,,,,,,,,,,,,,,,,,,,,,,,,,,,,,,,,,,,,,,,,,,female,44,nurse,5,1,,4,77495,"<span lang=""EN-GB"">Suppose you are at sitting at Starbucks and you want to play a digital/online&nbsp;</span>game with some close friends."
10/21/2018 11:57,10/21/2018 11:58,0,197.89.219.216,100,111,1,10/21/2018 11:59,R_2qkjLZsaDv31g03,,,,,-25.46670532,30.96670532,anonymous,EN,"1,2,3,4","2,5",,5,,"1,2",,3,,1,,4,5,,"1,2,3",,4,6,,2,,"1,2,3",,"1,2",,1,,2,,,,,,,,,,,,,,,,,,,,,,,,,,,,,,,,,,,,,,,,,,,,,,,,,,,,,,,,,,,,,,,,,,,,,,,,,,,,,,,,,,,,,,,,,,,,,,,,,,,,,,,,,,,,,,,,,,,,,,,,,,,,,,,,,,,,,,,,,,,,,,,,,,,,,,,,,,,,,,,,,,,,,,,,,,,,,,,,,,,,,,,,45011,"<span lang=""EN-GB"">Suppose
     you want to a view a text message when you are alone at Starbucks.<o:p></o:p></span>"
10/21/2018 12:13,10/21/2018 12:16,0,172.58.11.9,100,212,1,10/21/2018 12:16,R_d0EXzGAmXzSiKLn,,,,,25.85270691,-80.30120087,anonymous,EN,"1,2,4,6",2,,1,,1,,1,,1,,1,2,,1,,1,1,,1,,2,,1,,1,,1,,"1,4,6",2,,1,,1,,1,,3,,1,1,,1,,1,,2,,1,,1,,2,,1,,1,,,,,,,,,,,,,,,,,,,,,,,,,,,,,,,,,,,,,,,,,,,,,,,,,,,,,,,,,,,,2,,1,,1,,1,,1,,1,1,,1,,1,,1,,2,,1,,3,,1,,2,,,,,,,,,,,,,,,,,,,,,,,,,,,,,,,2,,2,,1,,1,,2,,1,2,,1,,1,,1,,7,,1,,2,,2,,2,,,,,,,,,62148,"<span lang=""EN-GB"">Suppose you are alone at home, you want to take a break from studying/working&nbsp;</span>so you decide to play an online/digital game."
10/21/2018 11:56,10/21/2018 12:21,0,100.35.97.44,100,1534,1,10/21/2018 12:21,R_24nLOWR6mmKAkbb,,,,,40.74450684,-74.15080261,anonymous,EN,"1,2,4,5","1,2,5",,3,,"1,2",,3,,1,,1,5,,5,,1,"1,3",,"1,2",,3,,"1,2",,5,,4,,2,,,,,,,,,,,,,,,,,,,,,,,,,,,,,,"1,2,5",,1,,"1,2,3",,1,,2,,"1,2",5,,"2,3",,"2,3",,3,,3,,"1,2",,3,,5,,"1,2",,,,,,,,,,,,,,,,,,,,,,,,,,,,,,,,,,,,,,,,,,,,,,,,,,,,,,,,,,,,,,,,,,,,,,,,,,,,,,,,,,,,,,,,,,,,,,,,,,,,,,,,,,,,,,,,,,,,,,Male,29,clerical starff,3,4,,3,56914,"<span lang=""EN-GB"">Suppose you are alone and relaxing at home, you have just read a new book that&nbsp;</span>you loved and now you want a write a review for your close family and friends."
10/21/2018 12:28,10/21/2018 12:29,0,74.215.233.29,100,59,1,10/21/2018 12:29,R_1S5lyhAzRfh3C81,,,,,39.15240479,-84.59670258,anonymous,EN,"1,2",,,,,,,,,,,,,,,,,,,,,,,,,,,,,,,,,,,,,,,,,,,,,,,,,,,,,,,,,,,,,,,,,,,,,,,,,,,,,,,,,,,,,,,,,,,,,,,,,,,,,,,,,,,,,,,,,,,,,,,,,,,,,,,,,,,,,,,,,,,,,,,,,,,,,,,,,,,,,,,,,,,,,,,,,,,,,,,,,,,,,,,,,,,,,,,,,,,,,,,,,,,,,,,,,,,23705,"<span lang=""EN-GB"">Suppose you want to browse through one of your social media profiles when you&nbsp;</span>are at your home."
10/21/2018 12:40,10/21/2018 12:41,0,72.184.73.213,100,51,1,10/21/2018 12:41,R_3hfJttpKWqf0GLO,,,,,27.98730469,-81.76249695,anonymous,EN,"1,3,4,5","1,2,3,4",,"1,2,3",,"1,2,3,4",,1,,"1,2,3",,"1,2,3","1,2,3",,"1,2,3",,"1,2","1,2,3",,"1,2,3",,"1,2,3,4",,"1,2,3",,"1,2,3",,"1,2",,,,,,,,,,,,,,,,,,,,,,,,,,,,,,,,,,,,,,,,,,,,,,,,,,,,,,,,,,,,,,,,,,,,,,,,,,,,,,,,,,,,,,,,,,,,,,,,,,,,,,,,,,,,,,,,,,,,,,,,,,,,,,,,,,,,,,,,,,,,,,,,,,,,,,,,,,,,,,,,,,,,,,,,,,,,,,,,,,,,,,,,49881,"<span lang=""EN-GB"">Suppose you want to browse internet when you are with your close friends at a restaurant.<o:p></o:p></span>"
10/21/2018 12:34,10/21/2018 12:44,0,100.35.97.44,100,589,1,10/21/2018 12:44,R_1LoOi2v1ahdaVz9,,,,,40.74450684,-74.15080261,anonymous,EN,"1,2,4,5,6","1,2,5",,5,,"2,4",,3,,2,,1,5,,2,,1,"3,4",,"2,3",,"2,3",,"2,3",,5,,4,,"4,5",,,,,,,,,,,,,,,,,,,,,,,,,,,,,,,,,,,,,,,,,,,,,,,,,,,,,,,,,,,,,,,,,,,,,,,,,,,,,,,,,,,,,,,,"2,5",,3,,"2,3",,1,,1,,"1,2",5,,2,,2,,"1,2,3",,3,,"1,2",,3,,5,,"1,2",,1,,5,,4,,3,,"3,4",,"1,2",5,,2,,2,,4,,"2,4",,3,,"2,4",,5,,4,,,,,,,,,,,,,,,,,,,,,,,,,,,,,,,Male,35,Assistant manager,5,6,,3,4745,"<span lang=""EN-GB"">Suppose
     you want to read a digital document when you are alone at home.<strong><o:p></o:p></strong></span>"
10/21/2018 12:40,10/21/2018 12:49,0,75.172.43.76,100,555,1,10/21/2018 12:49,R_3FLJuhSH4mXfOCd,,,,,47.53439331,-122.3546982,anonymous,EN,"1,2,4,5","1,2",,1,,1,,1,,3,,"2,3","1,2,3",,1,,2,"2,4",,"2,3",,"2,3,4",,"2,3",,3,,"1,2",,,,,,,,,,,,,,,,,,,,,,,,,,,,,,,,,,,,,,,,,,,,,,,,,,,,,,,,,,,,,,,,,,,,,,,,,,,,,,,,,,,,,,,,,,,,,,,,,,,,,,,,,,,,,,,,,,,,,,,,,,,,,,,,,,,,,,,,,,,,,,,,,,,,,,,,,,,,,,,,,,,,,,,,,,,,,,,,,,,,,,,,48096,"<span lang=""EN-GB"">Suppose you are alone at home when you realize today is the last day to pay one of your bills online.<o:p></o:p></span>"
10/21/2018 12:50,10/21/2018 12:51,0,72.94.218.91,100,14,1,10/21/2018 12:51,R_1nSYeN2m7h0fti9,,,,,40.34660339,-75.93509674,anonymous,EN,1,,,,,,,,,,,,,,,,,,,,,,,,,,,,,,,,,,,,,,,,,,,,,,,,,,,,,,,,,,,,,,,,,,,,,,,,,,,,,,,,,,,,,,,,,,,,,,,,,,,,,,,,,,,,,,,,,,,,,,,,,,,,,,,,,,,,,,,,,,,,,,,,,,,,,,,,,,,,,,,,,,,,,,,,,,,,,,,,,,,,,,,,,,,,,,,,,,,,,,,,,,,,,,,,,,,90855,"<span lang=""EN-GB"">Suppose
     you want to take a click a photo when you are alone at home.<o:p></o:p></span>"
10/21/2018 12:45,10/21/2018 12:52,0,100.35.97.44,100,452,1,10/21/2018 12:52,R_3Vsv7141S5YrcwF,,,,,40.74450684,-74.15080261,anonymous,EN,"1,2,3,4,5","1,2,5",,3,,"1,2,3",,1,,1,,"1,2",3,,2,,"1,2","1,3",,"1,2",,"1,2,3,4",,"1,2",,5,,4,,2,,,,,,,,,,,,,,,,,,,,,,,,,,,,,,1,,3,,"3,4",,1,,"2,3",,"1,2",5,,2,,2,,3,,"2,3",,2,,"2,3",,"1,3",,4,,,,,,,,,,,,,,,,,,,,,,,,,,,,,,,,,,,,,,,,,,,,,,,,,,,,,,,,,,,,,,,,,,,,,,,,,,,,,,,,,,,,,,,,,,,,,,,,,,,,,,,,,,,,,,,,,,,,,,Male,36,Test engineer,4,1,,3,37619,"<span lang=""EN-GB"">Suppose
     you want to a send an email when you are walking on a street with people
     you know (e.g., acquaintances, colleagues)<strong>.</strong><o:p></o:p></span>"
10/21/2018 13:03,10/21/2018 13:03,0,108.213.140.246,100,13,1,10/21/2018 13:03,R_DODQekJ47xGVz1v,,,,,29.87440491,-95.52780151,anonymous,EN,3,,,,,,,,,,,,,,,,,,,,,,,,,,,,,,,,,,,,,,,,,,,,,,,,,,,,,,,,,,,,,,,,,,,,,,,,,,,,,,,,,,,,,,,,,,,,,,,,,,,,,,,,,,,,,,,,,,,,,,,,,,,,,,,,,,,,,,,,,,,,,,,,,,,,,,,,,,,,,,,,,,,,,,,,,,,,,,,,,,,,,,,,,,,,,,,,,,,,,,,,,,,,,,,,,,,95532,"<span lang=""EN-GB"">Suppose
     you want to listen to some audio when you are at home with people you are
     close to (e.g., friends, family members).<strong><o:p></o:p></strong></span>"
10/21/2018 12:53,10/21/2018 13:12,0,100.35.97.44,100,1153,1,10/21/2018 13:12,R_qUu0DYPpHai8bOV,,,,,40.74450684,-74.15080261,anonymous,EN,"1,2,4,5,6","1,2,5",,5,,"1,3,4",,3,,1,,1,5,,"1,2",,1,"3,4",,"1,2",,"2,3",,"1,2",,5,,4,,"5,6",,,,,,,,,,,,,,,,,,,,,,,,,,,,,,,,,,,,,,,,,,,,,,,,,,,,,,,,,,,,,,,,,,,,,,,,,,,,,,,,,,,,,,,,,,,,,,,,,,,,,,,,,,,,,,,,,,,,,1,,5,,4,,3,,"2,3",,"1,2",5,,2,,2,,3,,"2,4",,3,,"2,4",,5,,4,,"2,5",,5,,"2,3",,3,,1,,1,5,,5,,5,,3,,"1,2,3,4",,2,,"1,2,3,4",,"1,3",,1,,Male,38,Software tester,5,4,,4,13212,"<span lang=""EN-GB"">Suppose you have planned to meet a friend next week and you want to&nbsp;put this on your calendar </span><span lang=""EN-GB"">when</span><span lang=""EN-GB""> you are surrounded by people you know (e.g., acquaintances, colleagues) at your home.</span><span lang=""EN-GB""><o:p></o:p></span>"
10/21/2018 13:11,10/21/2018 13:13,0,105.49.253.58,100,126,1,10/21/2018 13:13,R_21ErU1BElfMOwnn,,,,,1,38,anonymous,EN,"1,2,3,4,6","1,2,3,4",,"1,2,3",,"1,2,3,4",,3,,"1,2,4",,4,5,,5,,"1,2,3","1,2,3",,"1,2,3",,"1,3,4",,"1,2,3",,"1,2,3",,4,,,,,,,,,,,,,,,,,,,,,,,,,,,,,,,,,,,,,,,,,,,,,,,,,,,,,,,,,,,,,,,,,,,,,,,,,,,,,,,,,,,,,,,,,,,,,,,,,,,,,,,,,,,,,,,,,,,,,,,,,,,,,,,,,,,,,,,,,,,,,,,,,,,,,,,,,,,,,,,,,,,,,,,,,,,,,,,,,,,,,,,,86173,"<span lang=""EN-GB"" style=""font-size:11.0pt;line-height:115%;
font-family:&quot;Arial&quot;,sans-serif;mso-fareast-font-family:Arial;mso-ansi-language:
EN-GB;mso-fareast-language:EN-US;mso-bidi-language:AR-SA"">Suppose you want to a
send an email when you are alone at home</span>"
10/21/2018 13:18,10/21/2018 13:22,0,67.169.122.214,100,244,1,10/21/2018 13:22,R_2w5JcrOd0pH1RDm,,,,,37.81260681,-122.2443008,anonymous,EN,"1,2,3,4,5,6","1,2,5",,"1,2",,"2,3",,"1,2",Not looking like I'm not paying attention,1,,1,"1,2,3",,"1,2,3",,1,3,,1,,1,,1,,"1,4",How it looks,"1,2",,"2,6",,,,,,,,,,,,,,,,,,,,,,,,,,,,,,"1,2,5",,"1,2,3",,"1,2,3,4",,1,,1,,2,"1,2,3",,"2,3",,"2,3",,"1,2,3,4",,1,,1,,"1,4",,"1,2,3",,"1,2",,,,,,,,,,,,,,,,,,,,,,,,,,,,,,,,,,,,,,,,,,,,,,,,,,,,,,,,,,,,,,,,,,,,,,,,,,,,,,,,,,,,,,,,,"2,5",,"1,2",,"1,2,3",,1,,2,,1,"1,2,3",,1,,2,,1,,1,,1,,1,,"1,3",,"1,2",,,,,,,,,31997,"<span lang=""EN-GB"">Suppose
     you want to a view a text message when you with people you know (e.g.,
     acquaintances, colleagues) at a street<strong>.</strong><o:p></o:p></span>"
10/21/2018 13:27,10/21/2018 13:28,0,24.3.192.89,100,25,1,10/21/2018 13:28,R_3FQHdY4Ac34Ruzp,,,,,40.26559448,-79.85679626,anonymous,EN,"1,2",,,,,,,,,,,,,,,,,,,,,,,,,,,,,,,,,,,,,,,,,,,,,,,,,,,,,,,,,,,,,,,,,,,,,,,,,,,,,,,,,,,,,,,,,,,,,,,,,,,,,,,,,,,,,,,,,,,,,,,,,,,,,,,,,,,,,,,,,,,,,,,,,,,,,,,,,,,,,,,,,,,,,,,,,,,,,,,,,,,,,,,,,,,,,,,,,,,,,,,,,,,,,,,,,,,59434,"<span lang=""EN-GB"">Suppose
     you want to set up a reminder when you are at home with people you are
     close to (e.g., friends, family members).<strong><o:p></o:p></strong></span>"
10/21/2018 13:30,10/21/2018 13:34,0,24.160.35.111,100,248,1,10/21/2018 13:34,R_XRqqz8TFVgWWVgd,,,,,32.70930481,-114.4905014,anonymous,EN,"1,2,3","2,4,5",,"1,3",,"1,2,3",,3,,1,,"1,3","1,2,3,4",Open source,5,,1,"1,2,3",,2,,"1,2,3,4,6",,2,,"1,2,3",,"1,2",,,,,,,,,,,,,,,,,,,,,,,,,,,,,,,,,,,,,,,,,,,,,,,,,,,,,,,,,,,,,,,,,,,,,,,,,,,,,,,,,,,,,,,,,,,,,,,,,,,,,,,,,,,,,,,,,,,,,,,,,,,,,,,,,,,,,,,,,,,,,,,,,,,,,,,,,,,,,,,,,,,,,,,,,,,,,,,,,,,,,,,,77647,"<span lang=""EN-GB"">Suppose you want to watch some video when you are alone at your home.<strong><o:p></o:p></strong></span>"
10/21/2018 13:19,10/21/2018 13:35,0,100.35.97.44,100,958,1,10/21/2018 13:35,R_3IY2JCU5grSJpYu,,,,,40.74450684,-74.15080261,anonymous,EN,"1,2,4,6","1,2,5",,5,,"2,3",,3,,1,,1,5,,2,,1,3,,2,,"2,3,4",,2,,5,,4,,2,,,,,,,,,,,,,,,,,,,,,,,,,,,,,,1,,5,,4,,1,,2,,"1,2",5,,2,,2,,4,,2,,3,,2,,5,,"1,2",,,,,,,,,,,,,,,,,,,,,,,,,,,,,,,,,,,,,,,,,,,,,,,,,,,,,,,,,,,,,,,,,,,,,,,,,,,,,,,,,,,,,,,,,,,,,,,,,,,,,,,,,,,,,,,,,,,,,,Male,34,Consultant,5,4,,4,58124,"<span lang=""EN-GB"">Suppose you want to a send an email when you are surrounded with people you are close to (e.g., friends, family members) at your home.<strong><o:p></o:p></strong></span>"
10/21/2018 13:38,10/21/2018 13:41,0,108.94.129.83,100,188,1,10/21/2018 13:41,R_3R7cJqK8SLZgEjT,,,,,41.38529968,-81.70439911,anonymous,EN,"1,2,3,5,6",1,,1,,"1,2,3",,1,,1,,1,"1,2,3",,1,,2,"2,3,4",,"2,3",,"1,2",,1,,"1,2,3",,2,,,,,,,,,,,,,,,,,,,,,,,,,,,,,,,,,,,,,,,,,,,,,,,,,,,,,,,,,,,,,,,,,,,,,,,,,,,,,,,,,,,,,,,,,,,,,,,,,,,,,,,,,,,,,,,,,,,,,,,,,,,,,,,,,,,,,,,,,,,,,,,,,,,,,,,,,,,,,,,,,,,,,,,,,,,,,,,,,,,,,,,,38504,"<span lang=""EN-GB"">Suppose you have planned to meet a friend next week and you want to put this on your calendar when you are with a very close friend at a park.&nbsp;<o:p></o:p></span>"
10/21/2018 13:41,10/21/2018 13:42,0,99.182.200.225,100,30,1,10/21/2018 13:42,R_24effS3Yqis3bGR,,,,,33.19760132,-96.61530304,anonymous,EN,"2,5",,,,,,,,,,,,,,,,,,,,,,,,,,,,,,,,,,,,,,,,,,,,,,,,,,,,,,,,,,,,,,,,,,,,,,,,,,,,,,,,,,,,,,,,,,,,,,,,,,,,,,,,,,,,,,,,,,,,,,,,,,,,,,,,,,,,,,,,,,,,,,,,,,,,,,,,,,,,,,,,,,,,,,,,,,,,,,,,,,,,,,,,,,,,,,,,,,,,,,,,,,,,,,,,,,,94000,"<span lang=""EN-GB"">Suppose you want to call your mother for sharing an important
     update about your life&nbsp; when you
     with people you know (e.g., acquaintances, colleagues) at a park<o:p></o:p></span>"
10/21/2018 13:42,10/21/2018 13:42,0,173.216.2.15,100,14,1,10/21/2018 13:42,R_1DNoXSQBJaf8M0h,,,,,34.94569397,-92.03179932,anonymous,EN,"1,2",,,,,,,,,,,,,,,,,,,,,,,,,,,,,,,,,,,,,,,,,,,,,,,,,,,,,,,,,,,,,,,,,,,,,,,,,,,,,,,,,,,,,,,,,,,,,,,,,,,,,,,,,,,,,,,,,,,,,,,,,,,,,,,,,,,,,,,,,,,,,,,,,,,,,,,,,,,,,,,,,,,,,,,,,,,,,,,,,,,,,,,,,,,,,,,,,,,,,,,,,,,,,,,,,,,89756,"<span lang=""EN-GB"">Suppose
     you want to a send an email when you are surrounded by people you know
     (e.g., acquaintances, colleagues) your home.<o:p></o:p></span>"
10/21/2018 13:46,10/21/2018 13:48,0,104.131.241.248,100,141,1,10/21/2018 13:48,R_OBaMWXENwnFdHRn,,,,,40.73080444,-73.99749756,anonymous,EN,"1,2,4",2,,3,,2,,1,,1,,3,2,,2,,2,3,,1,,3,,2,,3,,2,,,,,,,,,,,,,,,,,,,,,,,,,,,,,,,,,,,,,,,,,,,,,,,,,,,,,,,,,,,,,,,,,,,,,,,,,,,,,,,,,,,,,,,,,,,,,,,,,,,,,,,,,,,,,,,,,,,,,,,,,,,,,,,,,,,,,,,,,,,,,,,,,,,,,,,,,,,,,,,,,,,,,,,,,,,,,,,,,,,,,,,,3668,"<span lang=""EN-GB"">Suppose
     you want to set up a reminder about something when you are with people you
     know (e.g., acquaintances, colleagues) at Starbucks.<o:p></o:p></span>"
10/21/2018 13:44,10/21/2018 13:49,0,71.95.111.229,100,306,1,10/21/2018 13:49,R_29bRxZwEBRbNSAk,,,,,45.59950256,-121.1904984,anonymous,EN,"1,2,4",5,,"1,2",,"1,2",,3,,1,,1,"1,2",,"1,3",,2,2,,"1,2",,3,,2,,2,,2,,,,,,,,,,,,,,,,,,,,,,,,,,,,,,,,,,,,,,,,,,,,,,,,,,,,,,,,,,,,,,,,,,,,,,,,,,,,,,,,,,,,,,,,,,,,,,,,,,,,,,,,,,,,,,,,,,,,,,,,,,,,,,,,,,,,,,,,,,,,,,,,,,,,,,,,,,,,,,,,,,,,,,,,,,,,,,,,,,,,,,,,12352,"<span lang=""EN-GB"" style=""font-size:11.0pt;line-height:115%;
font-family:&quot;Arial&quot;,sans-serif;mso-fareast-font-family:Arial;mso-ansi-language:
EN-GB;mso-fareast-language:EN-US;mso-bidi-language:AR-SA"">Suppose you want to a
send a text message when you are alone at Starbucks.</span>"
10/21/2018 13:50,10/21/2018 13:51,0,76.25.5.148,100,31,1,10/21/2018 13:51,R_3nI84zuE6MvOVJS,,,,,39.48950195,-104.8447037,anonymous,EN,"1,2",,,,,,,,,,,,,,,,,,,,,,,,,,,,,,,,,,,,,,,,,,,,,,,,,,,,,,,,,,,,,,,,,,,,,,,,,,,,,,,,,,,,,,,,,,,,,,,,,,,,,,,,,,,,,,,,,,,,,,,,,,,,,,,,,,,,,,,,,,,,,,,,,,,,,,,,,,,,,,,,,,,,,,,,,,,,,,,,,,,,,,,,,,,,,,,,,,,,,,,,,,,,,,,,,,,80874,"<span lang=""EN-GB"">Suppose
     you want to set up a reminder when you with people you know (e.g.,
     acquaintances, colleagues) at a park.<o:p></o:p></span>"
10/21/2018 13:48,10/21/2018 13:51,0,104.131.241.248,100,171,1,10/21/2018 13:51,R_27Dp0SpMxhveDz9,,,,,40.73080444,-73.99749756,anonymous,EN,"1,2,4",2,,2,,2,,3,,4,,3,2,,2,,3,3,,1,,4,,3,,3,,4,,,,,,,,,,,,,,,,,,,,,,,,,,,,,,,,,,,,,,,,,,,,,,,,,,,,,,,,,,,,,,,,,,,,,,,,,,,,,,,,,,,,,,,,,,,,,,,,,,,,,,,,,,,,,,,,,,,,,,,,,,,,,,,,,,,,,,,,,,,,,,,,,,,,,,,,,,,,,,,,,,,,,,,,,,,,,,,,,,,,,,,,48245,"<span lang=""EN-GB"">Suppose you want to find a route to a coffee shop when you are
     at home </span><span lang=""EN-GB"">with
     people you are close to (e.g., friends, family members)</span><strong><span lang=""EN-GB""><o:p></o:p></span></strong>"
10/21/2018 13:52,10/21/2018 13:52,0,108.187.189.70,100,18,1,10/21/2018 13:52,R_1dh1aQ9PBggB83r,,,,,37.75100708,-97.8219986,anonymous,EN,3,,,,,,,,,,,,,,,,,,,,,,,,,,,,,,,,,,,,,,,,,,,,,,,,,,,,,,,,,,,,,,,,,,,,,,,,,,,,,,,,,,,,,,,,,,,,,,,,,,,,,,,,,,,,,,,,,,,,,,,,,,,,,,,,,,,,,,,,,,,,,,,,,,,,,,,,,,,,,,,,,,,,,,,,,,,,,,,,,,,,,,,,,,,,,,,,,,,,,,,,,,,,,,,,,,,32449,"<span lang=""EN-GB"" style=""font-size:11.0pt;line-height:115%;
font-family:&quot;Arial&quot;,sans-serif;mso-fareast-font-family:Arial;mso-ansi-language:
EN-GB;mso-fareast-language:EN-US;mso-bidi-language:AR-SA"">Suppose you have
planned to meet a friend next week and you want put this on your calendar<span style=""color:#434343""> when you with </span>people you know (e.g.,
acquaintances, colleagues)<span style=""color:#434343""> at a park</span></span>"
10/21/2018 13:52,10/21/2018 13:52,0,24.21.188.98,100,12,1,10/21/2018 13:52,R_UZbij9jUw4dYpLH,,,,,45.51539612,-122.4203033,anonymous,EN,"1,2",,,,,,,,,,,,,,,,,,,,,,,,,,,,,,,,,,,,,,,,,,,,,,,,,,,,,,,,,,,,,,,,,,,,,,,,,,,,,,,,,,,,,,,,,,,,,,,,,,,,,,,,,,,,,,,,,,,,,,,,,,,,,,,,,,,,,,,,,,,,,,,,,,,,,,,,,,,,,,,,,,,,,,,,,,,,,,,,,,,,,,,,,,,,,,,,,,,,,,,,,,,,,,,,,,,61047,"<span lang=""EN-GB"">Suppose
     you want to a view a text message when you are with a very close friend at
     a restaurant&nbsp;<o:p></o:p></span>"
10/21/2018 13:53,10/21/2018 13:53,0,73.152.56.226,100,17,1,10/21/2018 13:53,R_20VyNW7e7yAqOfY,,,,,37.51579285,-77.50469971,anonymous,EN,"2,3",,,,,,,,,,,,,,,,,,,,,,,,,,,,,,,,,,,,,,,,,,,,,,,,,,,,,,,,,,,,,,,,,,,,,,,,,,,,,,,,,,,,,,,,,,,,,,,,,,,,,,,,,,,,,,,,,,,,,,,,,,,,,,,,,,,,,,,,,,,,,,,,,,,,,,,,,,,,,,,,,,,,,,,,,,,,,,,,,,,,,,,,,,,,,,,,,,,,,,,,,,,,,,,,,,,37960,"<span lang=""EN-GB"">Suppose
     you want to listen to some audio when you are alone at Starbucks.<o:p></o:p></span>"
10/21/2018 13:53,10/21/2018 13:54,0,108.187.189.70,100,82,1,10/21/2018 13:54,R_2du0wsOsY8S0GMM,,,,,37.75100708,-97.8219986,anonymous,EN,"1,2,3,4,5,6","1,2,3",,"1,2",,"1,2,3",,1,,"1,2",,"1,2","1,2",,"1,2,3",,"1,2,3","1,2",,"1,2",,"1,2,3",,"1,2,3",,"1,2",,"1,2",,,,,,,,,,,,,,,,,,,,,,,,,,,,,,,,,,,,,,,,,,,,,,,,,,,,,,,,,,,,,,,,,,,,,,,,,,,,,,,,,,,,,,,,,,,,,,,,,,,,,,,,,,,,,,,,,,,,,,,,,,,,,,,,,,,,,,,,,,,,,,,,,,,,,,,,,,,,,,,,,,,,,,,,,,,,,,,,,,,,,,,,77094,"<span lang=""EN-GB"">Suppose you want to read a digital document when you are in a park with people you know (e.g., acquaintances, colleagues).<o:p></o:p></span>"
10/21/2018 13:54,10/21/2018 13:56,0,108.187.189.70,100,64,1,10/21/2018 13:56,R_ROaH2BmXR0NOZtD,,,,,37.75100708,-97.8219986,anonymous,EN,"1,2,3,4,5,6",3,,3,,3,,3,,3,,1,2,,1,,3,3,,2,,1,,1,,2,,2,,,,,,,,,,,,,,,,,,,,,,,,,,,,,,,,,,,,,,,,,,,,,,,,,,,,,,,,,,,,,,,,,,,,,,,,,,,,,,,,,,,,,,,,,,,,,,,,,,,,,,,,,,,,,,,,,,,,,,,,,,,,,,,,,,,,,,,,,,,,,,,,,,,,,,,,,,,,,,,,,,,,,,,,,,,,,,,,,,,,,,,,70810,"Suppose you want to call your mother for sharing an important update about your life when you are surrounded with people you are close to (e.g., friends, family members)at your home."
10/21/2018 13:55,10/21/2018 13:57,0,173.56.223.91,100,117,1,10/21/2018 13:57,R_Y4C27lgrjXIVdCx,,,,,41.01179504,-73.86650085,anonymous,EN,"1,2,3,4,6",2,,5,,"1,2,3",,1,,1,,2,5,,5,,"1,2","1,4",,"1,2",,"1,2,3,4",,"1,2,3",,5,,4,,,,,,,,,,,,,,,,,,,,,,,,,,,,,,,,,,,,,,,,,,,,,,,,,,,,,,,,,,,,,,,,,,,,,,,,,,,,,,,,,,,,,,,,,,,,,,,,,,,,,,,,,,,,,,,,,,,,,,,,,,,,,,,,,,,,,,,,,,,,,,,,,,,,,,,,,,,,,,,,,,,,,,,,,,,,,,,,,,,,,,,,39066,"<span lang=""EN-GB"">Suppose you want to find a route to home while walking on a street with people you know (e.g., acquaintances, colleagues).<o:p></o:p></span>"
10/21/2018 13:57,10/21/2018 13:57,0,23.124.48.22,100,17,1,10/21/2018 13:57,R_cvbTv052FB5Yn3X,,,,,42.66259766,-83.18370056,anonymous,EN,"1,2",,,,,,,,,,,,,,,,,,,,,,,,,,,,,,,,,,,,,,,,,,,,,,,,,,,,,,,,,,,,,,,,,,,,,,,,,,,,,,,,,,,,,,,,,,,,,,,,,,,,,,,,,,,,,,,,,,,,,,,,,,,,,,,,,,,,,,,,,,,,,,,,,,,,,,,,,,,,,,,,,,,,,,,,,,,,,,,,,,,,,,,,,,,,,,,,,,,,,,,,,,,,,,,,,,,94295,"<span lang=""EN-GB"">Suppose you want to watch some video when you are alone in a park.<o:p></o:p></span>"
10/21/2018 13:59,10/21/2018 14:00,0,196.16.108.64,100,26,1,10/21/2018 14:00,R_6MAtvghocUxPuTv,,,,,34.05439758,-118.2440033,anonymous,EN,"2,6",,,,,,,,,,,,,,,,,,,,,,,,,,,,,,,,,,,,,,,,,,,,,,,,,,,,,,,,,,,,,,,,,,,,,,,,,,,,,,,,,,,,,,,,,,,,,,,,,,,,,,,,,,,,,,,,,,,,,,,,,,,,,,,,,,,,,,,,,,,,,,,,,,,,,,,,,,,,,,,,,,,,,,,,,,,,,,,,,,,,,,,,,,,,,,,,,,,,,,,,,,,,,,,,,,,46471,"<span lang=""EN-GB"">Suppose it is a regular working day, you want to track the total amount of calories&nbsp;</span>you consume and burn off during the day.&nbsp;"
10/21/2018 14:00,10/21/2018 14:00,0,196.16.108.64,100,13,1,10/21/2018 14:00,R_1r084X1sRCxcunX,,,,,34.05439758,-118.2440033,anonymous,EN,"1,2",,,,,,,,,,,,,,,,,,,,,,,,,,,,,,,,,,,,,,,,,,,,,,,,,,,,,,,,,,,,,,,,,,,,,,,,,,,,,,,,,,,,,,,,,,,,,,,,,,,,,,,,,,,,,,,,,,,,,,,,,,,,,,,,,,,,,,,,,,,,,,,,,,,,,,,,,,,,,,,,,,,,,,,,,,,,,,,,,,,,,,,,,,,,,,,,,,,,,,,,,,,,,,,,,,,1085,"<span lang=""EN-GB"">Suppose you want to find a route to home while walking on a street with your close friends.<o:p></o:p></span>"
10/21/2018 13:58,10/21/2018 14:05,0,47.199.68.211,100,398,1,10/21/2018 14:05,R_TwtdyT229CtEVmp,,,,,27.33900452,-82.34729767,anonymous,EN,"2,3,4,5",2,,5,,3,,1,,1,,3,"1,2,3",,1,,3,3,,"2,3",,2,,"2,3",,"1,2",,4,,2,,,,,,,,,,,,,,,,,,,,,,,,,,,,,,7,,5,,1,,1,,2,,4,3,,5,,5,,6,,3,,5,,7,,5,,4,,,,,,,,,,,,,,,,,,,,,,,,,,,,,,,,,,,,,,,,,,,,,,,,,,,,,,,,,,,,,,,,,,,,,,,,,,,,,,,,,,,,,,,,,,,,,,,,,,,,,,,,,,,,,,,,,,,,,,,,,,,,,57609,"<span lang=""EN-GB"" style=""font-size:11.0pt;line-height:115%;
font-family:&quot;Arial&quot;,sans-serif;mso-fareast-font-family:Arial;mso-ansi-language:
EN-GB;mso-fareast-language:EN-US;mso-bidi-language:AR-SA"">Suppose you want to check your social media when you are alone in a park.</span>"
10/21/2018 14:03,10/21/2018 14:06,0,66.214.10.101,100,179,1,10/21/2018 14:06,R_3mmHvNpHFp147PA,,,,,33.79389954,-118.1192017,anonymous,EN,"1,2,3,4","1,3,5",,"1,3",,"1,2,4",,1,,"2,3",,"1,3","1,2",,"1,2",,"2,3","1,3",,"1,3",,"1,4",,"1,2",,"1,2",,2,,,,,,,,,,,,,,,,,,,,,,,,,,,,,,,,,,,,,,,,,,,,,,,,,,,,,,,,,,,,,,,,,,,,,,,,,,,,,,,,,,,,,,,,,,,,,,,,,,,,,,,,,,,,,,,,,,,,,,,,,,,,,,,,,,,,,,,,,,,,,,,,,,,,,,,,,,,,,,,,,,,,,,,,,,,,,,,,,,,,,,,,37849,"<span lang=""EN-GB"" style=""font-size:11.0pt;line-height:115%;
font-family:&quot;Arial&quot;,sans-serif;mso-fareast-font-family:Arial;mso-ansi-language:
EN-GB;mso-fareast-language:EN-US;mso-bidi-language:AR-SA"">Suppose you want to
read a digital document when you are at Starbucks surrounded with your close
friends.</span>"
10/21/2018 14:07,10/21/2018 14:08,0,71.78.23.147,100,24,1,10/21/2018 14:08,R_cvv5VV3o8XjVC7f,,,,,32.92469788,-96.95980072,anonymous,EN,"1,2",,,,,,,,,,,,,,,,,,,,,,,,,,,,,,,,,,,,,,,,,,,,,,,,,,,,,,,,,,,,,,,,,,,,,,,,,,,,,,,,,,,,,,,,,,,,,,,,,,,,,,,,,,,,,,,,,,,,,,,,,,,,,,,,,,,,,,,,,,,,,,,,,,,,,,,,,,,,,,,,,,,,,,,,,,,,,,,,,,,,,,,,,,,,,,,,,,,,,,,,,,,,,,,,,,,84367,"Suppose you want to check your social media status
     when you are at Starbucks.<o:p></o:p>"
10/21/2018 14:12,10/21/2018 14:12,0,196.17.65.106,100,21,1,10/21/2018 14:12,R_2Po2fT4BsIpUVKx,,,,,34.05439758,-118.2440033,anonymous,EN,3,,,,,,,,,,,,,,,,,,,,,,,,,,,,,,,,,,,,,,,,,,,,,,,,,,,,,,,,,,,,,,,,,,,,,,,,,,,,,,,,,,,,,,,,,,,,,,,,,,,,,,,,,,,,,,,,,,,,,,,,,,,,,,,,,,,,,,,,,,,,,,,,,,,,,,,,,,,,,,,,,,,,,,,,,,,,,,,,,,,,,,,,,,,,,,,,,,,,,,,,,,,,,,,,,,,75643,"<span lang=""EN-GB"">Suppose you want to set up a reminder about something when you are at Starbucks with close friends.<o:p></o:p></span>"
10/21/2018 14:12,10/21/2018 14:13,0,196.17.65.106,100,13,1,10/21/2018 14:13,R_1290XwQpdP0o6At,,,,,34.05439758,-118.2440033,anonymous,EN,6,,,,,,,,,,,,,,,,,,,,,,,,,,,,,,,,,,,,,,,,,,,,,,,,,,,,,,,,,,,,,,,,,,,,,,,,,,,,,,,,,,,,,,,,,,,,,,,,,,,,,,,,,,,,,,,,,,,,,,,,,,,,,,,,,,,,,,,,,,,,,,,,,,,,,,,,,,,,,,,,,,,,,,,,,,,,,,,,,,,,,,,,,,,,,,,,,,,,,,,,,,,,,,,,,,,76906,"<span lang=""EN-GB"">Suppose you are at home with people you are close to (e.g., friends, family members) when you realize today is the last day to pay one of your bills online.<o:p></o:p></span>"
10/21/2018 14:13,10/21/2018 14:13,0,196.17.65.106,100,14,1,10/21/2018 14:13,R_3k5QvKNYGUXaF6G,,,,,34.05439758,-118.2440033,anonymous,EN,2,,,,,,,,,,,,,,,,,,,,,,,,,,,,,,,,,,,,,,,,,,,,,,,,,,,,,,,,,,,,,,,,,,,,,,,,,,,,,,,,,,,,,,,,,,,,,,,,,,,,,,,,,,,,,,,,,,,,,,,,,,,,,,,,,,,,,,,,,,,,,,,,,,,,,,,,,,,,,,,,,,,,,,,,,,,,,,,,,,,,,,,,,,,,,,,,,,,,,,,,,,,,,,,,,,,51941,"<span lang=""EN-GB"">Suppose you are at home with people you are close to (e.g., friends, family members) when you realize today is the last day to pay one of your bills online.<o:p></o:p></span>"
10/21/2018 14:13,10/21/2018 14:13,0,196.17.65.106,100,9,1,10/21/2018 14:13,R_yJ5ZOQFZahekWOZ,,,,,34.05439758,-118.2440033,anonymous,EN,5,,,,,,,,,,,,,,,,,,,,,,,,,,,,,,,,,,,,,,,,,,,,,,,,,,,,,,,,,,,,,,,,,,,,,,,,,,,,,,,,,,,,,,,,,,,,,,,,,,,,,,,,,,,,,,,,,,,,,,,,,,,,,,,,,,,,,,,,,,,,,,,,,,,,,,,,,,,,,,,,,,,,,,,,,,,,,,,,,,,,,,,,,,,,,,,,,,,,,,,,,,,,,,,,,,,44678,"<span lang=""EN-GB"">Suppose
     you want to listen to some audio when you are with people you know (e.g.,
     acquaintances, colleagues) in a park.<o:p></o:p></span>


<p><span lang=""EN-GB"" style=""color:red"">&nbsp;</span></p>"
10/21/2018 14:13,10/21/2018 14:14,0,196.17.65.106,100,34,1,10/21/2018 14:14,R_3VIOvipd2eCPjW1,,,,,34.05439758,-118.2440033,anonymous,EN,4,,,,,,,,,,,,,,,,,,,,,,,,,,,,,,,,,,,,,,,,,,,,,,,,,,,,,,,,,,,,,,,,,,,,,,,,,,,,,,,,,,,,,,,,,,,,,,,,,,,,,,,,,,,,,,,,,,,,,,,,,,,,,,,,,,,,,,,,,,,,,,,,,,,,,,,,,,,,,,,,,,,,,,,,,,,,,,,,,,,,,,,,,,,,,,,,,,,,,,,,,,,,,,,,,,,25378,"<span lang=""EN-GB"">Suppose you are at work with some people you know (e.g., acquaintances, colleagues) when you realize that you have to immediately pay one of your bills online.<o:p></o:p></span>"
10/21/2018 14:07,10/21/2018 14:14,0,69.245.88.46,100,438,1,10/21/2018 14:14,R_1obaxpmBUJLHity,,,,,31.89619446,-81.29399872,anonymous,EN,"1,2,4,6","1,2,4",,1,,"1,2,3",,1,,3,,1,"2,3",,3,,3,6,,5,,6,,5,,1,,2,,,,,,,,,,,,,,,,,,,,,,,,,,,,,,,,,,,,,,,,,,,,,,,,,,,,,,,,,,,,,,,,,,,,,,,,,,,,,,,,,,,,,,,,,,,,,,,,,,,,,,,,,,,,,,,,,,,,,,,,,,,,,,,,,,,,,,,,,,,,,,,,,,,,,,,,,,,,,,,,,,,,,,,,,,,,,,,,,,,,,,,,1398,"<span lang=""EN-GB"" style=""font-size:11.0pt;line-height:115%;
font-family:&quot;Arial&quot;,sans-serif;mso-fareast-font-family:Arial;mso-ansi-language:
EN-GB;mso-fareast-language:EN-US;mso-bidi-language:AR-SA"">Suppose you want to a
send a text message when you are alone at Starbucks.</span>"
10/21/2018 14:15,10/21/2018 14:19,0,70.44.106.168,100,264,1,10/21/2018 14:19,R_31zyUCstPiWIhq8,,,,,40.15449524,-76.80190277,anonymous,EN,"1,2,3,4,5","1,2",,5,,"1,2,3,4",,3,,1,,3,2,,5,,3,2,,2,,6,,5,,"1,2,3",,2,,,,,,,,,,,,,,,,,,,,,,,,,,,,,,,,,,,,,,,,,,,,,,,,,,,,,,,,,,,,,,,,,,,,,,,,,,,,,,,,,,,,,,,,,,,,,,,,,,,,,,,,,,,,,,,,,,,,,,,,,,,,,,,,,,,,,,,,,,,,,,,,,,,,,,,,,,,,,,,,,,,,,,,,,,,,,,,,,,,,,,,,94827,"<span lang=""EN-GB"">Suppose you have planned to meet a friend next week and you want to put this on your calendar when you are with a very close friend at a restaurant&nbsp;<o:p></o:p></span>"
10/21/2018 14:18,10/21/2018 14:21,0,24.251.87.43,100,214,1,10/21/2018 14:21,R_3kh4k4yrgGNQBUk,,,,,33.44999695,-112.2593002,anonymous,EN,"1,2,3,4,5,6","1,2,3,4,5",,3,,2,,1,,1,,2,1,,1,,3,4,,2,,2,,2,,3,,1,,,,,,,,,,,,,,,,,,,,,,,,,,,,,,,,,,,,,,,,,,,,,,,,,,,,,,,,,,,,,,,,,,,,,,,,,,,,,,,,,,,,,,,,,,,,,,,,,,,,,,,,,,,,,,,,,,,,,,,,,,,,,,,,,,,,,,,,,,,,,,,,,,,,,,,,,,,,,,,,,,,,,,,,,,,,,,,,,,,,,,,,8117,"Suppose you want to check your social media status
     when you are at Starbucks.<o:p></o:p>"
10/21/2018 14:26,10/21/2018 14:26,0,74.78.212.206,100,9,1,10/21/2018 14:26,R_2QnW5D3pYRVlRUf,,,,,43.10670471,-75.23139954,anonymous,EN,3,,,,,,,,,,,,,,,,,,,,,,,,,,,,,,,,,,,,,,,,,,,,,,,,,,,,,,,,,,,,,,,,,,,,,,,,,,,,,,,,,,,,,,,,,,,,,,,,,,,,,,,,,,,,,,,,,,,,,,,,,,,,,,,,,,,,,,,,,,,,,,,,,,,,,,,,,,,,,,,,,,,,,,,,,,,,,,,,,,,,,,,,,,,,,,,,,,,,,,,,,,,,,,,,,,,90991,"<span lang=""EN-GB"">Suppose
     you want to listen to some audio when you with people you know (e.g.,
     acquaintances, colleagues) at Starbucks<o:p></o:p></span>"
10/21/2018 14:26,10/21/2018 14:32,0,107.77.196.95,100,316,1,10/21/2018 14:32,R_OJ4GGNsIHykzK01,,,,,32.93429565,-97.07810211,anonymous,EN,"1,2,3,4",2,,5,,1,,1,,1,,2,"1,2",,2,,2,"2,3",,2,,3,,2,,"1,2",,2,,2,,,,,,,,,,,,,,,,,,,,,,,,,,,,,,"2,5",,5,,1,,1,,1,,4,"1,2,3",,5,,"2,3",,3,,"1,3",,1,,"1,3",,"1,2",,2,,,,,,,,,,,,,,,,,,,,,,,,,,,,,,,,,,,,,,,,,,,,,,,,,,,,,,,,,,,,,,,,,,,,,,,,,,,,,,,,,,,,,,,,,,,,,,,,,,,,,,,,,,,,,,,,,,,,,,,,,,,,,82814,"<span lang=""EN-GB"" style=""font-size:11.0pt;line-height:115%;
font-family:&quot;Arial&quot;,sans-serif;mso-fareast-font-family:Arial;mso-ansi-language:
EN-GB;mso-fareast-language:EN-US;mso-bidi-language:AR-SA"">Suppose you want to a
view a text message when you are alone at home</span>"
10/21/2018 14:33,10/21/2018 14:33,0,104.200.38.91,100,11,1,10/21/2018 14:33,R_1LG35afQeafpOar,,,,,35.66650391,-97.4654007,anonymous,EN,1,,,,,,,,,,,,,,,,,,,,,,,,,,,,,,,,,,,,,,,,,,,,,,,,,,,,,,,,,,,,,,,,,,,,,,,,,,,,,,,,,,,,,,,,,,,,,,,,,,,,,,,,,,,,,,,,,,,,,,,,,,,,,,,,,,,,,,,,,,,,,,,,,,,,,,,,,,,,,,,,,,,,,,,,,,,,,,,,,,,,,,,,,,,,,,,,,,,,,,,,,,,,,,,,,,,81365,"<span lang=""EN-GB"">Suppose
     you want to watch&nbsp; some video when
     you are with people you know (e.g., acquaintances, colleagues) at
     Starbucks<o:p></o:p></span>"
10/21/2018 14:31,10/21/2018 14:35,0,99.203.27.105,100,262,1,10/21/2018 14:35,R_oXAIZXZZiREKl6F,,,,,29.8052063,-95.56069946,anonymous,EN,"1,2,3,4",2,,1,,"1,2,3",,1,,"1,4",,"2,3","1,2,3",,"2,3",,"1,2,3",2,,"1,2",,"1,3",,"1,2",,"1,2,3",,"1,2",,,,,,,,,,,,,,,,,,,,,,,,,,,,,,,,,,,,,,,,,,,,,,,,,,,,,,,,,,,,,,,,,,,,,,,,,,,,,,,,,,,,,,,,,,,,,,,,,,,,,,,,,,,,,,,,,,,,,,,,,,,,,,,,,,,,,,,,,,,,,,,,,,,,,,,,,,,,,,,,,,,,,,,,,,,,,,,,,,,,,,,,68026,"<span lang=""EN-GB"">Suppose you want to watch some video when you are alone in a park.<o:p></o:p></span>"
10/21/2018 14:36,10/21/2018 14:36,0,199.38.29.26,100,22,1,10/21/2018 14:36,R_2qEnHeWQwQJ5S1d,,,,,46.5308075,-88.09140015,anonymous,EN,"1,2",,,,,,,,,,,,,,,,,,,,,,,,,,,,,,,,,,,,,,,,,,,,,,,,,,,,,,,,,,,,,,,,,,,,,,,,,,,,,,,,,,,,,,,,,,,,,,,,,,,,,,,,,,,,,,,,,,,,,,,,,,,,,,,,,,,,,,,,,,,,,,,,,,,,,,,,,,,,,,,,,,,,,,,,,,,,,,,,,,,,,,,,,,,,,,,,,,,,,,,,,,,,,,,,,,,20692,"<span lang=""EN-GB"">Suppose
     you want to a send an email when you are surrounded by people you know
     (e.g., acquaintances, colleagues) at a restaurant.<o:p></o:p></span>"
10/21/2018 14:34,10/21/2018 14:39,0,38.140.158.26,100,306,1,10/21/2018 14:39,R_211Jc3N1cSbYGkP,,,,,42.20930481,-70.99629974,anonymous,EN,"1,3,4","2,4",,5,,"1,2",,3,,6,,2,"1,2",,5,,2,2,,2,,3,,"1,2",,"2,3",,"1,2",,,,,,,,,,,,,,,,,,,,,,,,,,,,,,,,,,,,,,,,,,,,,,,,,,,,,,,,,,,,,,,,,,,,,,,,,,,,,,,,,,,,,,,,,,,,,,,,,,,,,,,,,,,,,,,,,,,,,,,,,,,,,,,,,,,,,,,,,,,,,,,,,,,,,,,,,,,,,,,,,,,,,,,,,,,,,,,,,,,,,,,,95101,"<span lang=""EN-GB"">Suppose you want to read a digital document when you are in a park surrounded by your close friends.<o:p></o:p></span>"
10/21/2018 14:42,10/21/2018 14:42,0,74.77.70.204,100,12,1,10/21/2018 14:42,R_3gZrd7xlJD71YKg,,,,,43.04980469,-78.85099792,anonymous,EN,2,,,,,,,,,,,,,,,,,,,,,,,,,,,,,,,,,,,,,,,,,,,,,,,,,,,,,,,,,,,,,,,,,,,,,,,,,,,,,,,,,,,,,,,,,,,,,,,,,,,,,,,,,,,,,,,,,,,,,,,,,,,,,,,,,,,,,,,,,,,,,,,,,,,,,,,,,,,,,,,,,,,,,,,,,,,,,,,,,,,,,,,,,,,,,,,,,,,,,,,,,,,,,,,,,,,89201,"<span lang=""EN-GB"">Suppose
     you want to listen to some audio when you are with your close friends in a
     park.<o:p></o:p></span>"
10/21/2018 14:42,10/21/2018 14:43,0,99.173.183.125,100,59,1,10/21/2018 14:43,R_xgyMYznPrY9Xa7f,,,,,36.10519409,-86.65910339,anonymous,EN,"1,2",,,,,,,,,,,,,,,,,,,,,,,,,,,,,,,,,,,,,,,,,,,,,,,,,,,,,,,,,,,,,,,,,,,,,,,,,,,,,,,,,,,,,,,,,,,,,,,,,,,,,,,,,,,,,,,,,,,,,,,,,,,,,,,,,,,,,,,,,,,,,,,,,,,,,,,,,,,,,,,,,,,,,,,,,,,,,,,,,,,,,,,,,,,,,,,,,,,,,,,,,,,,,,,,,,,13189,"Suppose you are alone at home, you want to take a break from studying/working&nbsp;<p>so you decide to play a video game with some with some people you know (e.g., acquaintances, colleagues).<o:p></o:p></p>"
10/21/2018 14:39,10/21/2018 14:43,0,75.108.55.13,100,242,1,10/21/2018 14:43,R_2aK3dn94dgsLiRG,,,,,35.61920166,-77.39749908,anonymous,EN,"1,2,4","1,2,3",,3,,"2,3",,1,,1,,4,2,,2,,2,2,,2,,"1,2",,1,,"1,3",,1,,,,,,,,,,,,,,,,,,,,,,,,,,,,,,,,,,,,,,,,,,,,,,,,,,,,,,,,,,,,,,,,,,,,,,,,,,,,,,,,,,,,,,,,,,,,,,,,,,,,,,,,,,,,,,,,,,,,,,,,,,,,,,,,,,,,,,,,,,,,,,,,,,,,,,,,,,,,,,,,,,,,,,,,,,,,,,,,,,,,,,,,94968,"<span lang=""EN-GB"" style=""font-size:11.0pt;line-height:115%;
font-family:&quot;Arial&quot;,sans-serif;mso-fareast-font-family:Arial;mso-ansi-language:
EN-GB;mso-fareast-language:EN-US;mso-bidi-language:AR-SA"">Suppose you want to a
send a text message when you are alone at Starbucks.</span>"
10/21/2018 14:44,10/21/2018 14:44,0,104.38.152.47,100,8,1,10/21/2018 14:44,R_UA2yPf8AeULASlz,,,,,40.79969788,-77.86229706,anonymous,EN,"1,2",,,,,,,,,,,,,,,,,,,,,,,,,,,,,,,,,,,,,,,,,,,,,,,,,,,,,,,,,,,,,,,,,,,,,,,,,,,,,,,,,,,,,,,,,,,,,,,,,,,,,,,,,,,,,,,,,,,,,,,,,,,,,,,,,,,,,,,,,,,,,,,,,,,,,,,,,,,,,,,,,,,,,,,,,,,,,,,,,,,,,,,,,,,,,,,,,,,,,,,,,,,,,,,,,,,18549,"<span lang=""EN-GB"" style=""font-size:11.0pt;line-height:115%;
font-family:&quot;Arial&quot;,sans-serif;mso-fareast-font-family:Arial;mso-ansi-language:
EN-GB;mso-fareast-language:EN-US;mso-bidi-language:AR-SA"">Suppose you have
planned to meet a friend next week and you want put this on your calendar<span style=""color:#434343""> when you with </span>people you know (e.g.,
acquaintances, colleagues)<span style=""color:#434343""> at a park</span></span>"
10/21/2018 14:42,10/21/2018 14:46,0,68.96.228.41,100,237,1,10/21/2018 14:46,R_8wzNac59mpfjOut,,,,,36.24499512,-115.2742996,anonymous,EN,"1,2,3,4,5","1,2",,1,,1,,1,,1,,2,"1,2,3",,1,,2,1,,"1,2",,3,,"1,2",,"1,2,3",,1,,2,,,,,,,,,,,,,,,,,,,,,,,,,,,,,,2,,1,,1,,1,,1,,2,1,,2,,2,,2,,3,,1,,3,,2,,1,,,,,,,,,,,,,,,,,,,,,,,,,,,,,,,,,,,,,,,,,,,,,,,,,,,,,,,,,,,,,,,,,,,,,,,,,,,,,,,,,,,,,,,,,,,,,,,,,,,,,,,,,,,,,,,,,,,,,,female,32,cashier,3,1,,2,95235,"<span lang=""EN-GB"">Suppose you are alone at home, you want to take a break from studying/working&nbsp;</span>so you decide to play an online/digital game with some close friends ."
10/21/2018 14:43,10/21/2018 14:46,0,98.28.253.171,100,191,1,10/21/2018 14:46,R_3MSD9dSq9bKPLho,,,,,39.3401947,-84.39980316,anonymous,EN,"1,2,3,4,6",7,,5,,6,,3,,6,,3,5,,5,,3,6,,5,,7,,5,,5,,4,,2,,,,,,,,,,,,,,,,,,,,,,,,,,,,,,7,,5,,6,,1,,6,,4,5,,5,,5,,6,,7,,5,,7,,5,,4,,,,,,,,,,,,,,,,,,,,,,,,,,,,,,,,,,,,,,,,,,,,,,,,,,,,,,,,,,,,,,,,,,,,,,,,,,,,,,,,,,,,,,,,,,,,,,,,,,,,,,,,,,,,,,,,,,,,,,Male,38,finance manager,6,1,,8,20576,"<span lang=""EN-GB"">Suppose
     you want to take a click a photo when you are alone at home.<o:p></o:p></span>"
10/21/2018 14:47,10/21/2018 14:47,0,76.178.179.180,100,27,1,10/21/2018 14:47,R_2CiUZrI1JLZnZp7,,,,,46.73519897,-117.1728973,anonymous,EN,"1,2",,,,,,,,,,,,,,,,,,,,,,,,,,,,,,,,,,,,,,,,,,,,,,,,,,,,,,,,,,,,,,,,,,,,,,,,,,,,,,,,,,,,,,,,,,,,,,,,,,,,,,,,,,,,,,,,,,,,,,,,,,,,,,,,,,,,,,,,,,,,,,,,,,,,,,,,,,,,,,,,,,,,,,,,,,,,,,,,,,,,,,,,,,,,,,,,,,,,,,,,,,,,,,,,,,,69971,"<span lang=""EN-GB"">Suppose
     you want to a send a text message when you are surrounded by people you
     know (e.g., acquaintances, colleagues) at your home.<o:p></o:p></span>"
10/21/2018 14:47,10/21/2018 14:47,0,108.41.132.192,100,44,1,10/21/2018 14:47,R_2V3WPNiRhwe7uWK,,,,,40.87019348,-73.84950256,anonymous,EN,2,,,,,,,,,,,,,,,,,,,,,,,,,,,,,,,,,,,,,,,,,,,,,,,,,,,,,,,,,,,,,,,,,,,,,,,,,,,,,,,,,,,,,,,,,,,,,,,,,,,,,,,,,,,,,,,,,,,,,,,,,,,,,,,,,,,,,,,,,,,,,,,,,,,,,,,,,,,,,,,,,,,,,,,,,,,,,,,,,,,,,,,,,,,,,,,,,,,,,,,,,,,,,,,,,,,52165,"<span lang=""EN-GB"">Suppose
     you want to purchase something online when you are with your close friends
     at Starbucks.<o:p></o:p></span>"
10/21/2018 14:44,10/21/2018 14:52,0,184.217.83.240,100,492,1,10/21/2018 14:52,R_O3zoi9NOFGanb5n,,,,,47.86199951,-122.2532043,anonymous,EN,"1,2,3,4",2,,1,,"1,3",,1,,4,,3,"2,3",,3,,"2,3","1,3",,2,,"1,6",,2,,3,,1,,,,,,,,,,,,,,,,,,,,,,,,,,,,,,,,,,,,,,,,,,,,,,,,,,,,,,,,,,,,,,,,,,,,,,,,,,,,,,,,,,,,,,,,,,,,,,,,,,,,,,,,,,,,,,,,,,,,,,,,,,,,,,,,,,,,,,,,,,,,,,,,,,,,,,,,,,,,,,,,,,,,,,,,,,,,,,,,,,,,,,,,14047,"<span lang=""EN-GB"">Suppose
     you want to take a click a photo when you are with people you are close to
     (e.g., friends, family members) at home<o:p></o:p></span>"
10/21/2018 14:52,10/21/2018 14:53,0,192.161.72.106,100,42,1,10/21/2018 14:53,R_24qPkFuMKZq8g9G,,,,,38.84320068,-78.60030365,anonymous,EN,"1,2,3,4,5","2,4",,3,,"2,3,4",,1,,"1,2",,"1,3","1,2",,1,,1,"2,3",,1,,3,,"1,2",,"1,2",,"1,2",,,,,,,,,,,,,,,,,,,,,,,,,,,,,,,,,,,,,,,,,,,,,,,,,,,,,,,,,,,,,,,,,,,,,,,,,,,,,,,,,,,,,,,,,,,,,,,,,,,,,,,,,,,,,,,,,,,,,,,,,,,,,,,,,,,,,,,,,,,,,,,,,,,,,,,,,,,,,,,,,,,,,,,,,,,,,,,,,,,,,,,,42991,"<span lang=""EN-GB"">Suppose you are alone at home when you realize today is the last day to pay one of your bills online.<o:p></o:p></span>"
10/21/2018 14:52,10/21/2018 14:56,0,100.14.125.139,100,259,1,10/21/2018 14:56,R_vkH6stM6viP7Z85,,,,,40.09030151,-75.04100037,anonymous,EN,"1,2,3,4,5,6",3,,2,,"2,4",,1,,4,,3,1,,2,,1,3,,1,,3,,2,,1,,1,,,,,,,,,,,,,,,,,,,,,,,,,,,,,,,,,,,,,,,,,,,,,,,,,,,,,,,,,,,,,,,,,,,,,,,,,,,,,,,,,,,,,,,,,,,,,,,,,,,,,,,,,,,,,,,,,,,,,,,,,,,,,,,,,,,,,,,,,,,,,,,,,,,,,,,,,,,,,,,,,,,,,,,,,,,,,,,,,,,,,,,,35224,"<span lang=""EN-GB"">Suppose
     you want to listen to some audio when you are alone at Starbucks.<o:p></o:p></span>"
10/21/2018 15:01,10/21/2018 15:02,0,73.47.58.182,100,48,1,10/21/2018 15:02,R_dc0YfExcYSr0Lfj,,,,,42.33470154,-71.03749847,anonymous,EN,"1,2,4","1,2",,"2,3",,"2,3",,1,,"1,2",,"1,2,3","1,2",,"1,3",,"1,2","1,2",,"1,2",,"2,3",,"1,2,3",,"1,2",,"1,2",,,,,,,,,,,,,,,,,,,,,,,,,,,,,,,,,,,,,,,,,,,,,,,,,,,,,,,,,,,,,,,,,,,,,,,,,,,,,,,,,,,,,,,,,,,,,,,,,,,,,,,,,,,,,,,,,,,,,,,,,,,,,,,,,,,,,,,,,,,,,,,,,,,,,,,,,,,,,,,,,,,,,,,,,,,,,,,,,,,,,,,,96839,"<span lang=""EN-GB"">Suppose
     you want to set up a reminder when you are at home with people you are
     close to (e.g., friends, family members).<strong><o:p></o:p></strong></span>"
10/21/2018 14:56,10/21/2018 15:02,0,98.148.90.122,100,319,1,10/21/2018 15:02,R_1dhqdQtve33a8l1,,,,,34.1072998,-118.2266006,anonymous,EN,"1,2,3,4","1,2",,5,,"1,2,3,4",,1,,1,,3,3,,"1,2,3",,"2,3","1,2,3,4",,"1,2,3",,6,,"1,2,3",,"1,2,3",,"1,2",,,,,,,,,,,,,,,,,,,,,,,,,,,,,,,,,,,,,,,,,,,,,,,,,,,,,,,,,,,,,,,,,,,,,,,,,,,,,,,,,,,,,,,,,,,,,,,,,,,,,,,,,,,,,,,,,,,,,,,,,,,,,,,,,,,,,,,,,,,,,,,,,,,,,,,,,,,,,,,,,,,,,,,,,,,,,,,,,,,,,,,,95486,"<span lang=""EN-GB"">Suppose you have planned to meet a friend next week and you want to put this on your calendar when you are surrounded with people you are close to (e.g., friends, family members) at your home.<strong><o:p></o:p></strong></span>"
10/21/2018 15:03,10/21/2018 15:06,0,47.14.52.246,100,163,1,10/21/2018 15:06,R_332PmjVWSli2v1t,,,,,42.61239624,-71.55840302,anonymous,EN,"1,2,3",1,,1,,1,,1,,1,,1,3,,3,,1,1,,"1,2",,1,,3,,2,,"1,2",,,,,,,,,,,,,,,,,,,,,,,,,,,,,,,,,,,,,,,,,,,,,,,,,,,,,,,,,,,,,,,,,,,,,,,,,,,,,,,,,,,,,,,,,,,,,,,,,,,,,,,,,,,,,,,,,,,,,,,,,,,,,,,,,,,,,,,,,,,,,,,,,,,,,,,,,,,,,,,,,,,,,,,,,,,,,,,,,,,,,,,,51364,"<span lang=""EN-GB"">Suppose
     you are at home with some people you know (e.g., acquaintances,
     colleagues) when you realize today is the last day to pay one of your
     bills online.<o:p></o:p></span>"
10/21/2018 15:11,10/21/2018 15:12,0,90.119.113.138,100,31,1,10/21/2018 15:12,R_R5qQOe3ZlZkXoLn,,,,,43.1000061,5.850006104,anonymous,EN,"1,2",,,,,,,,,,,,,,,,,,,,,,,,,,,,,,,,,,,,,,,,,,,,,,,,,,,,,,,,,,,,,,,,,,,,,,,,,,,,,,,,,,,,,,,,,,,,,,,,,,,,,,,,,,,,,,,,,,,,,,,,,,,,,,,,,,,,,,,,,,,,,,,,,,,,,,,,,,,,,,,,,,,,,,,,,,,,,,,,,,,,,,,,,,,,,,,,,,,,,,,,,,,,,,,,,,,60563,"<span lang=""EN-GB"">Suppose
     you want to call your mother for sharing an important update about your
     life when you are with a very close friend at a restaurant&nbsp;<o:p></o:p></span>"
10/21/2018 15:18,10/21/2018 15:18,0,72.92.25.56,100,29,1,10/21/2018 15:18,R_endI9doWhXuytWN,,,,,39.82949829,-75.43540192,anonymous,EN,"1,5",,,,,,,,,,,,,,,,,,,,,,,,,,,,,,,,,,,,,,,,,,,,,,,,,,,,,,,,,,,,,,,,,,,,,,,,,,,,,,,,,,,,,,,,,,,,,,,,,,,,,,,,,,,,,,,,,,,,,,,,,,,,,,,,,,,,,,,,,,,,,,,,,,,,,,,,,,,,,,,,,,,,,,,,,,,,,,,,,,,,,,,,,,,,,,,,,,,,,,,,,,,,,,,,,,,33108,"<span lang=""EN-GB"">Suppose
     you want to find a route to home when you are at Starbucks with people you
     know (e.g., acquaintances, colleagues).<o:p></o:p></span>"
10/21/2018 15:12,10/21/2018 15:23,0,75.115.46.141,100,660,1,10/21/2018 15:23,R_2v7e4Mj34eui0sW,,,,,28.00959778,-82.69670105,anonymous,EN,"1,2,4",2,,5,,"1,2",,1,,1,,"2,3","1,2",,"1,2",,"2,3","1,2,3",,"1,2",,3,,"1,2",,"1,2,3",,"1,2",,"1,4",4,,4,mouse,"1,2,3",,3,,1,,"2,3","1,2",,"2,3",,2,,"1,2,3",,3,,"1,2",,3,,"1,2,3",,"1,2",,,,,,,,,,,,,,,,,,,,,,,,,,,,,,,,,,,,,,,,,,,,,,,,,,,,,,,,,,,,2,,5,,"1,2,3",,1,,1,,"2,3","1,2",,"2,3",,"2,3",,"1,2,3",,3,,"1,2",,3,,"1,2,3",,2,,,,,,,,,,,,,,,,,,,,,,,,,,,,,,,,,,,,,,,,,,,,,,,,,,,,,,,,,,,,,,,,,,,26421,"<span lang=""EN-GB"">Suppose
     you want to read a digital document when you are at Starbucks.<o:p></o:p></span>"
10/21/2018 15:21,10/21/2018 15:26,0,174.52.44.124,100,256,1,10/21/2018 15:26,R_1etVVhMadjhM3aW,,,,,40.59989929,-112.4644012,anonymous,EN,"1,2,3,4",2,,5,,"1,3",,3,,1,,3,3,,5,,3,6,,2,,1,,2,,1,,4,,2,,,,,,,,,,,,,,,,,,,,,,,,,,,,,,2,,5,,1,,1,,1,,3,3,,5,,5,,6,,1,,2,,1,,1,,4,,,,,,,,,,,,,,,,,,,,,,,,,,,,,,,,,,,,,,,,,,,,,,,,,,,,,,,,,,,,,,,,,,,,,,,,,,,,,,,,,,,,,,,,,,,,,,,,,,,,,,,,,,,,,,,,,,,,,,Male,27,Teacher,5,1,,2,57111,"<span lang=""EN-GB"">Suppose you are at sitting in a park and you want to play a digital/online game&nbsp;</span>with some close friends."
10/21/2018 15:27,10/21/2018 15:28,0,73.84.64.218,100,63,1,10/21/2018 15:28,R_czGhSgjTy9ch5lv,,,,,26.01609802,-80.15170288,anonymous,EN,"1,2,3,4",2,,2,,4,,3,,3,,4,1,,3,,2,3,,1,,7,,3,,1,,2,,,,,,,,,,,,,,,,,,,,,,,,,,,,,,,,,,,,,,,,,,,,,,,,,,,,,,,,,,,,,,,,,,,,,,,,,,,,,,,,,,,,,,,,,,,,,,,,,,,,,,,,,,,,,,,,,,,,,,,,,,,,,,,,,,,,,,,,,,,,,,,,,,,,,,,,,,,,,,,,,,,,,,,,,,,,,,,,,,,,,,,,3002,"<span lang=""EN-GB"">Suppose you want to browse the internet when you alone at a park.<o:p></o:p></span>"
10/21/2018 15:29,10/21/2018 15:34,0,64.107.147.130,100,289,1,10/21/2018 15:34,R_O2LZYSXyZVlMuFb,,,,,41.51019287,-87.74060059,anonymous,EN,"1,2,5",2,,3,,3,,3,,1,,1,1,,3,,1,3,,2,,3,,2,,1,,2,,2,,,,,,,,,,,,,,,,,,,,,,,,,,,,,,2,,3,,1,,1,,1,,1,3,,5,,2,,3,,3,,2,,3,,1,,4,,,,,,,,,,,,,,,,,,,,,,,,,,,,,,,,,,,,,,,,,,,,,,,,,,,,,,,,,,,,,,,,,,,,,,,,,,,,,,,,,,,,,,,,,,,,,,,,,,,,,,,,,,,,,,,,,,,,,,,,,,,,,95217,"<span lang=""EN-GB"" style=""font-size:11.0pt;line-height:115%;
font-family:&quot;Arial&quot;,sans-serif;mso-fareast-font-family:Arial;mso-ansi-language:
EN-GB;mso-fareast-language:EN-US;mso-bidi-language:AR-SA"">Suppose you want to
take a click a photo when you are at Starbucks.</span>"
10/21/2018 15:36,10/21/2018 15:42,0,50.49.215.58,100,327,1,10/21/2018 15:42,R_etlogpmoFn93hGp,,,,,41.48860168,-74.34500122,anonymous,EN,"1,2,3,4,5",2,,5,,"1,2,3",,3,,1,,3,"1,2",,5,,3,"1,2,3",,"1,2",,6,,2,,1,,2,,,,,,,,,,,,,,,,,,,,,,,,,,,,,,,,,,,,,,,,,,,,,,,,,,,,,,,,,,,,,,,,,,,,,,,,,,,,,,,,,,,,,,,,,,,,,,,,,,,,,,,,,,,,,,,,,,,,,,,,,,,,,,,,,,,,,,,,,,,,,,,,,,,,,,,,,,,,,,,,,,,,,,,,,,,,,,,,,,,,,,,,61626,"<span lang=""EN-GB"">Suppose you want to browse the internet when you are with people you know (e.g., acquaintances, colleagues) at a restaurant.<o:p></o:p></span>"
10/21/2018 15:34,10/21/2018 15:44,0,173.27.10.178,100,595,1,10/21/2018 15:44,R_1pLJ6X3VlMiOxjU,,,,,40.63299561,-91.33979797,anonymous,EN,"1,2,3,4","2,5",,1,,6,,3,,1,,2,"1,2,3",,5,,"1,2,3",6,,2,,"1,2,3",,2,,5,,4,,,,,,,,,,,,,,,,,,,,,,,,,,,,,,,,,,,,,,,,,,,,,,,,,,,,,,,,,,,,,,,,,,,,,,,,,,,,,,,,,,,,,,,,,,,,,,,,,,,,,,,,,,,,,,,,,,,,,,,,,,,,,,,,,,,,,,,,,,,,,,,,,,,,,,,,,,,,,,,,,,,,,,,,,,,,,,,,,,,,,,,,70538,"<span lang=""EN-GB"">Suppose
     you want to a send an email when you are with a very close friend at a
     restaurant&nbsp;<o:p></o:p></span>"
10/21/2018 15:35,10/21/2018 15:49,0,172.220.136.37,100,845,1,10/21/2018 15:49,R_2aEkQZcjKBwj3QG,,,,,35.73460388,-81.70420074,anonymous,EN,"1,2,3,4","1,2,3,5",,"1,2,3",,"1,2",,1,,1,,"1,3","1,2,3",,"1,3",,"1,3","2,4",,"1,3",,"2,3,4",,"1,3",,"1,2,3",,2,,1,"1,4",,3,,"1,3",,1,,1,,"1,2","1,2,3",,3,,3,,"2,4",,"3,4",,"1,2",,"3,4",,"1,2,3",,"1,2",,,,,,,,,,,,,,,,,,,,,,,,,,,,,,,,,,,,,,,,,,,,,,,,,,,,,,,,,,,,,,,,,,,,,,,,,,,,,,,,,,,,,,,,,,,,,,,,,,,,,,,,,,,,,,,,,,,,,,,,,,,,,,,,,,,,,,,,,,,,,,,,,,,Male,24,Manufacture ,2,1,,2,41076,"Suppose you want to purchase something online when
     you are with people you know (e.g., acquaintances,
     colleagues) at a park.<o:p></o:p>"
10/21/2018 15:44,10/21/2018 15:52,0,35.136.111.219,100,511,1,10/21/2018 15:52,R_2TRa0qDh9FMJGio,,,,,28.30220032,-82.62640381,anonymous,EN,"1,2,5",1,,"1,2",,2,,1,,1,,2,5,,2,,2,1,,3,,"1,2,3,4",,5,,5,,2,,,,,,,,,,,,,,,,,,,,,,,,,,,,,,,,,,,,,,,,,,,,,,,,,,,,,,,,,,,,,,,,,,,,,,,,,,,,,,,,,,,,,,,,,,,,,,,,,,,,,,,,,,,,,,,,,,,,,,,,,,,,,,,,,,,,,,,,,,,,,,,,,,,,,,,,,,,,,,,,,,,,,,,,,,,,,,,,,,,,,,,,1268,"<span lang=""EN-GB"">Suppose
     you want to a send a text message when you are surrounded by people you
     know (e.g., acquaintances, colleagues) at a restaurant.<o:p></o:p></span>"
10/21/2018 15:49,10/21/2018 15:54,0,172.58.152.245,100,316,1,10/21/2018 15:54,R_uvL84tyUxZzmJr3,,,,,28.63439941,-81.62210083,anonymous,EN,"1,2,4","1,2,3",,1,,4,,1,,1,,"2,3","2,3",,1,,3,3,,2,,3,,"1,2",,"1,3",,1,,,,,,,,,,,,,,,,,,,,,,,,,,,,,,,,,,,,,,,,,,,,,,,,,,,,,,,,,,,,,,,,,,,,,,,,,,,,,,,,,,,,,,,,,,,,,,,,,,,,,,,,,,,,,,,,,,,,,,,,,,,,,,,,,,,,,,,,,,,,,,,,,,,,,,,,,,,,,,,,,,,,,,,,,,,,,,,,,,,,,,,,93746,"<span lang=""EN-GB"">Suppose you want to find a route to a coffee shop when you are
     at home </span><span lang=""EN-GB"">with
     people you are close to (e.g., friends, family members)</span><strong><span lang=""EN-GB""><o:p></o:p></span></strong>"
10/21/2018 16:03,10/21/2018 16:06,0,107.185.224.96,100,167,1,10/21/2018 16:06,R_1q4CmMqk32QbnXJ,,,,,33.82299805,-118.2684021,anonymous,EN,"1,2,3,4,5","1,2,3,4,5",,3,,1,,1,,1,,4,2,,1,,4,3,,1,,6,,1,,3,,"1,2",,2,,,,,,,,,,,,,,,,,,,,,,,,,,,,,,"1,2,3,4,5",,5,,1,,1,,1,,1,3,,1,,1,,6,,6,,2,,6,,3,,4,,,,,,,,,,,,,,,,,,,,,,,,,,,,,,,,,,,,,,,,,,,,,,,,,,,,,,,,,,,,,,,,,,,,,,,,,,,,,,,,,,,,,,,,,,,,,,,,,,,,,,,,,,,,,,,,,,,,,,Male,27,Program Coach,5,1,,1,13586,"<span lang=""EN-GB"">Suppose
     you want to set up a reminder about something when you are at Starbucks by
     yourself.<o:p></o:p></span>"
10/21/2018 16:25,10/21/2018 16:28,0,107.77.229.117,100,196,1,10/21/2018 16:28,R_24LZ7dcIT9noN1i,,,,,34.07829285,-118.2113037,anonymous,EN,"1,2,3",2,,1,,1,,3,,1,,2,2,,5,,3,1,,2,,3,,2,,1,,2,,,,,,,,,,,,,,,,,,,,,,,,,,,,,,,,,,,,,,,,,,,,,,,,,,,,,,,,,,,,,,,,,,,,,,,,,,,,,,,,,,,,,,,,,,,,,,,,,,,,,,,,,,,,,,,,,,,,,,,,,,,,,,,,,,,,,,,,,,,,,,,,,,,,,,,,,,,,,,,,,,,,,,,,,,,,,,,,,,,,,,,,79989,"<span lang=""EN-GB"">Suppose you want to watch some video when you are alone at your home.<strong><o:p></o:p></strong></span>"
10/21/2018 16:27,10/21/2018 16:32,0,47.12.76.54,100,289,1,10/21/2018 16:32,R_1JFub8OrUx2ocdJ,,,,,42.82719421,-88.74289703,anonymous,EN,"1,2,3","2,4,5",,1,,"1,2,3",,1,,1,,"1,2","1,2,3",,"2,3",,"1,2","1,2,3,4",,"1,2",,"3,4",,2,,"1,3",,"1,2",,,,,,,,,,,,,,,,,,,,,,,,,,,,,,,,,,,,,,,,,,,,,,,,,,,,,,,,,,,,,,,,,,,,,,,,,,,,,,,,,,,,,,,,,,,,,,,,,,,,,,,,,,,,,,,,,,,,,,,,,,,,,,,,,,,,,,,,,,,,,,,,,,,,,,,,,,,,,,,,,,,,,,,,,,,,,,,,,,,,,,,,96880,
10/21/2018 16:34,10/21/2018 16:34,0,47.158.168.159,100,26,1,10/21/2018 16:34,R_7PcKiL9NPZKxQ4x,,,,,33.66850281,-116.3081055,anonymous,EN,"1,2",,,,,,,,,,,,,,,,,,,,,,,,,,,,,,,,,,,,,,,,,,,,,,,,,,,,,,,,,,,,,,,,,,,,,,,,,,,,,,,,,,,,,,,,,,,,,,,,,,,,,,,,,,,,,,,,,,,,,,,,,,,,,,,,,,,,,,,,,,,,,,,,,,,,,,,,,,,,,,,,,,,,,,,,,,,,,,,,,,,,,,,,,,,,,,,,,,,,,,,,,,,,,,,,,,,55090,"<span lang=""EN-GB"">Suppose you are alone and relaxing at home, you have just read a new book that&nbsp;</span>you loved and now you want a write a review for your close family and friends."
10/21/2018 16:31,10/21/2018 16:35,0,24.154.176.123,100,242,1,10/21/2018 16:35,R_3NPOgQArf1hhHx2,,,,,40.88589478,-79.93399811,anonymous,EN,"1,2,3,4,6","3,5",,1,,"1,2,3",,1,,1,,2,2,,"1,3",,2,2,,"1,2",,"3,6",,1,,3,,"1,2",,,,,,,,,,,,,,,,,,,,,,,,,,,,,,,,,,,,,,,,,,,,,,,,,,,,,,,,,,,,,,,,,,,,,,,,,,,,,,,,,,,,,,,,,,,,,,,,,,,,,,,,,,,,,,,,,,,,,,,,,,,,,,,,,,,,,,,,,,,,,,,,,,,,,,,,,,,,,,,,,,,,,,,,,,,,,,,,,,,,,,,,2189,"<span lang=""EN-GB"">Suppose
     you want to watch some video when you are with people you know (e.g.,
     acquaintances, colleagues) at your home.<o:p></o:p></span>"
10/21/2018 16:31,10/21/2018 16:36,0,75.90.106.127,100,313,1,10/21/2018 16:36,R_2Wu3BTEeiVPv7PR,,,,,31.24620056,-83.6548996,anonymous,EN,"2,3,4","2,3,5",,1,,"1,4",,3,,"1,3",,3,"2,3",,3,,"2,3","1,2,4",,2,,"3,4",,2,,1,,4,,,,,,,,,,,,,,,,,,,,,,,,,,,,,,,,,,,,,,,,,,,,,,,,,,,,,,,,,,,,,,,,,,,,,,,,,,,,,,,,,,,,,,,,,,,,,,,,,,,,,,,,,,,,,,,,,,,,,,,,,,,,,,,,,,,,,,,,,,,,,,,,,,,,,,,,,,,,,,,,,,,,,,,,,,,,,,,,,,,,,,,,82824,"<span lang=""EN-GB"">Suppose you want to browse the internet when you are alone at a restaurant.<o:p></o:p></span>"
10/21/2018 16:38,10/21/2018 16:38,0,76.174.192.221,100,13,1,10/21/2018 16:38,R_2Ppyk3qSSn3UwdO,,,,,34.11320496,-117.3771057,anonymous,EN,1,,,,,,,,,,,,,,,,,,,,,,,,,,,,,,,,,,,,,,,,,,,,,,,,,,,,,,,,,,,,,,,,,,,,,,,,,,,,,,,,,,,,,,,,,,,,,,,,,,,,,,,,,,,,,,,,,,,,,,,,,,,,,,,,,,,,,,,,,,,,,,,,,,,,,,,,,,,,,,,,,,,,,,,,,,,,,,,,,,,,,,,,,,,,,,,,,,,,,,,,,,,,,,,,,,,92072,"<span lang=""EN-GB"" style=""font-size:11.0pt;line-height:115%;
font-family:&quot;Arial&quot;,sans-serif;mso-fareast-font-family:Arial;mso-ansi-language:
EN-GB;mso-fareast-language:EN-US;mso-bidi-language:AR-SA"">Suppose you want to check your social media when you are alone in a park.</span>"
10/21/2018 16:39,10/21/2018 16:39,0,108.51.159.250,100,11,1,10/21/2018 16:39,R_3j7oBNpgtSrVj8z,,,,,38.64379883,-77.3451004,anonymous,EN,"2,4",,,,,,,,,,,,,,,,,,,,,,,,,,,,,,,,,,,,,,,,,,,,,,,,,,,,,,,,,,,,,,,,,,,,,,,,,,,,,,,,,,,,,,,,,,,,,,,,,,,,,,,,,,,,,,,,,,,,,,,,,,,,,,,,,,,,,,,,,,,,,,,,,,,,,,,,,,,,,,,,,,,,,,,,,,,,,,,,,,,,,,,,,,,,,,,,,,,,,,,,,,,,,,,,,,,60001,"<span lang=""EN-GB"">Suppose you want to set up a reminder about something when you are at Starbucks with close friends.<o:p></o:p></span>"
10/21/2018 16:39,10/21/2018 16:41,0,76.174.192.221,100,158,1,10/21/2018 16:41,R_11XFvhDoJFvy4xs,,,,,34.11320496,-117.3771057,anonymous,EN,"1,2,3,4,5",2,,"1,2",,"1,2,3",,1,,2,,1,"1,2,3",,1,,1,"1,2",,"1,2",,"3,4",,"1,2",,"1,2,3",,"1,2",,2,,,,,,,,,,,,,,,,,,,,,,,,,,,,,,2,,1,,1,,1,,1,,1,1,,1,,1,,"1,3",,2,,1,,"2,3",,"1,2",,2,,,,,,,,,,,,,,,,,,,,,,,,,,,,,,,,,,,,,,,,,,,,,,,,,,,,,,,,,,,,,,,,,,,,,,,,,,,,,,,,,,,,,,,,,,,,,,,,,,,,,,,,,,,,,,,,,,,,,,,,,,,,,84567,"<span lang=""EN-GB"">Suppose
     you want to call your mother for sharing an important update about your
     life when you are alone at Starbucks.<o:p></o:p></span>"
10/21/2018 16:41,10/21/2018 16:42,0,76.174.192.221,100,57,1,10/21/2018 16:42,R_3JeFFgngTMrkf6K,,,,,34.11320496,-117.3771057,anonymous,EN,"1,2,3,4,5",2,,2,,"1,2",,1,,3,,2,1,,"1,2",,2,2,,1,,"2,3",,2,,2,,2,,,,,,,,,,,,,,,,,,,,,,,,,,,,,,,,,,,,,,,,,,,,,,,,,,,,,,,,,,,,,,,,,,,,,,,,,,,,,,,,,,,,,,,,,,,,,,,,,,,,,,,,,,,,,,,,,,,,,,,,,,,,,,,,,,,,,,,,,,,,,,,,,,,,,,,,,,,,,,,,,,,,,,,,,,,,,,,,,,,,,,,,27761,"<span lang=""EN-GB"">Suppose you are alone at home, you want to take a break from studying/working&nbsp;</span>so you decide to play an online/digital game."
10/21/2018 16:42,10/21/2018 16:43,0,76.174.192.221,100,57,1,10/21/2018 16:43,R_2EiAIZbYbJSV7UO,,,,,34.11320496,-117.3771057,anonymous,EN,"1,2,3,4,5",2,,3,,2,,1,,"2,3",,2,"1,2",,2,,1,1,,2,,1,,2,,2,,2,,,,,,,,,,,,,,,,,,,,,,,,,,,,,,,,,,,,,,,,,,,,,,,,,,,,,,,,,,,,,,,,,,,,,,,,,,,,,,,,,,,,,,,,,,,,,,,,,,,,,,,,,,,,,,,,,,,,,,,,,,,,,,,,,,,,,,,,,,,,,,,,,,,,,,,,,,,,,,,,,,,,,,,,,,,,,,,,,,,,,,,,86701,"<span lang=""EN-GB"">Suppose you want to browse the internet when you are at home with people you are close to (e.g., friends, family members)<strong><o:p></o:p></strong></span>"
10/21/2018 16:38,10/21/2018 16:44,0,68.83.4.210,100,354,1,10/21/2018 16:44,R_1JQ3M0l3ZyKDTFM,,,,,39.89100647,-75.07240295,anonymous,EN,"1,2,3,4,5","2,3",,1,,"1,2",,1,,3,,2,"2,3",,"1,2",,"1,2",3,,2,,"2,4",,2,,"1,2,3",,"1,2",,,,,,,,,,,,,,,,,,,,,,,,,,,,,,,,,,,,,,,,,,,,,,,,,,,,,,,,,,,,,,,,,,,,,,,,,,,,,,,,,,,,,,,,,,,,,,,,,,,,,,,,,,,,,,,,,,,,,,,,,,,,,,,,,,,,,,,,,,,,,,,,,,,,,,,,,,,,,,,,,,,,,,,,,,,,,,,,,,,,,,,,98123,"<span lang=""EN-GB"">Suppose you have planned to meet a friend next week and you want to put this on your calendar when you are with a very close friend at a park.&nbsp;<o:p></o:p></span>"
10/21/2018 16:45,10/21/2018 16:45,0,173.49.245.26,100,15,1,10/21/2018 16:45,R_3oFsqaDhj8sidfT,,,,,39.15640259,-75.49549866,anonymous,EN,"2,3",,,,,,,,,,,,,,,,,,,,,,,,,,,,,,,,,,,,,,,,,,,,,,,,,,,,,,,,,,,,,,,,,,,,,,,,,,,,,,,,,,,,,,,,,,,,,,,,,,,,,,,,,,,,,,,,,,,,,,,,,,,,,,,,,,,,,,,,,,,,,,,,,,,,,,,,,,,,,,,,,,,,,,,,,,,,,,,,,,,,,,,,,,,,,,,,,,,,,,,,,,,,,,,,,,,50562,"<span lang=""EN-GB"">Suppose
     you want to set up a reminder when you are with people you know (e.g.,
     acquaintances, colleagues) at your home.<o:p></o:p></span>"
10/21/2018 16:47,10/21/2018 16:47,0,98.214.186.66,100,20,1,10/21/2018 16:47,R_31mymqfCpX1a52b,,,,,40.70339966,-89.41940308,anonymous,EN,2,,,,,,,,,,,,,,,,,,,,,,,,,,,,,,,,,,,,,,,,,,,,,,,,,,,,,,,,,,,,,,,,,,,,,,,,,,,,,,,,,,,,,,,,,,,,,,,,,,,,,,,,,,,,,,,,,,,,,,,,,,,,,,,,,,,,,,,,,,,,,,,,,,,,,,,,,,,,,,,,,,,,,,,,,,,,,,,,,,,,,,,,,,,,,,,,,,,,,,,,,,,,,,,,,,,40444,"<span lang=""EN-GB"">Suppose you are at a park, you have just read a book you loved and now you&nbsp;</span>want to write a review for it to share with people you are close to (e.g., friends, family members)"
10/21/2018 16:49,10/21/2018 16:50,0,76.169.2.93,100,30,1,10/21/2018 16:50,R_3HI9iHQQl8BIJ9x,,,,,34.26179504,-118.3370972,anonymous,EN,1,,,,,,,,,,,,,,,,,,,,,,,,,,,,,,,,,,,,,,,,,,,,,,,,,,,,,,,,,,,,,,,,,,,,,,,,,,,,,,,,,,,,,,,,,,,,,,,,,,,,,,,,,,,,,,,,,,,,,,,,,,,,,,,,,,,,,,,,,,,,,,,,,,,,,,,,,,,,,,,,,,,,,,,,,,,,,,,,,,,,,,,,,,,,,,,,,,,,,,,,,,,,,,,,,,,61985,"<span lang=""EN-GB"">Suppose
     you want to watch some video when you are alone at Starbucks.<o:p></o:p></span>"
10/21/2018 16:38,10/21/2018 16:50,0,97.88.140.200,100,706,1,10/21/2018 16:50,R_1FECNvCaLzRbB8t,,,,,43.76499939,-88.60569763,anonymous,EN,"1,2,3,4,6","2,5",,1,,"1,2,3",,1,,1,,"2,3","1,2,3",,"2,3",,"2,3",3,,"1,2,3",,"3,4",,"1,2,3",,"1,3",,2,,2,,,,,,,,,,,,,,,,,,,,,,,,,,,,,,"2,5",,1,,"1,2,3",,1,,1,,3,5,,5,,"1,2",,6,,3,,2,,3,,"1,3",,"1,2",,,,,,,,,,,,,,,,,,,,,,,,,,,,,,,,,,,,,,,,,,,,,,,,,,,,,,,,,,,,,,,,,,,,,,,,,,,,,,,,,,,,,,,,,,,,,,,,,,,,,,,,,,,,,,,,,,,,,,,,,,,,,87501,"<span lang=""EN-GB"">Suppose you have planned to meet a friend next week and you want to put this on your calendar when you are alone at Starbucks.<o:p></o:p></span>"
10/21/2018 16:48,10/21/2018 16:51,0,108.187.189.70,100,209,1,10/21/2018 16:51,R_3NxKNH4FvMloCSq,,,,,37.75100708,-97.8219986,anonymous,EN,"1,2,3,4,5,6",1,,1,,1,,1,,1,,1,1,,1,,1,1,,1,,2,,1,,1,,1,,"2,3,4",,,,,,,,,,,,,,,,,,,,,,,,,,,,,,1,,1,,1,,1,,1,,1,1,,1,,1,,1,,1,,1,,1,,1,,1,,1,,1,,1,,1,,1,,1,1,,1,,1,,1,,1,,1,,1,,1,,1,,1,,1,,1,,1,,1,,1,1,,1,,1,,1,,1,,1,,1,,1,,1,,,,,,,,,,,,,,,,,,,,,,,,,,,,,,,,,,,,,,,,,,,,,,,,,,,,,,,,,,,,MALE,31,SELF EMPLOYED,6,1,,3,42879,"<span lang=""EN-GB"">Suppose
     you want to a send a text message when you are with a very close friend at
     a restaurant&nbsp;<o:p></o:p></span>"
10/21/2018 16:54,10/21/2018 16:59,0,66.85.185.89,100,297,1,10/21/2018 16:59,R_DtMhcwmkBcTdjKF,,,,,33.42269897,-111.9261017,anonymous,EN,"1,4,5,6","1,2,3,4,5",,"1,2,3",,"2,3",,1,,"2,3",,"2,3","2,3",,"2,3",,3,"1,2,3,4",,"1,2,3",,"1,2,3,4",,"1,2,3",,"1,2,3",,"1,2",,,,,,,,,,,,,,,,,,,,,,,,,,,,,,,,,,,,,,,,,,,,,,,,,,,,,,,,,,,,,,,,,,,,,,,,,,,,,,,,,,,,,,,,,,,,,,,,,,,,,,,,,,,,,,,,,,,,,,,,,,,,,,,,,,,,,,,,,,,,,,,,,,,,,,,,,,,,,,,,,,,,,,,,,,,,,,,,,,,,,,,,1035,"<span lang=""EN-GB"">Suppose
     you want to set up a reminder when you are at a park by yourself.<o:p></o:p></span>"
10/21/2018 16:51,10/21/2018 17:04,0,68.47.103.11,100,808,1,10/21/2018 17:04,R_p3pX0wVoICHCG41,,,,,44.84269714,-93.23629761,anonymous,EN,"1,2,3,4",7,,3,,"1,2,3",,1,,1,,2,2,,2,,4,2,,"2,3",,6,,2,,3,,"1,2",,,,,,,,,,,,,,,,,,,,,,,,,,,,,,,,,,,,,,,,,,,,,,,,,,,,,,,,,,,,,,,,,,,,,,,,,,,,,,,,,,,,,,,,,,,,,,,,,,,,,,,,,,,,,,,,,,,,,,,,,,,,,,,,,,,,,,,,,,,,,,,,,,,,,,,,,,,,,,,,,,,,,,,,,,,,,,,,,,,,,,,,85065,"<span lang=""EN-GB"">Suppose you want to browse through one of your social media profiles when you&nbsp;</span>are at your home."
10/21/2018 16:54,10/21/2018 17:08,0,172.14.236.162,100,838,1,10/21/2018 17:08,R_6RpAsApnFYnL4S5,,,,,42.3769989,-83.07959747,anonymous,EN,"1,2,4",2,,5,,"1,2,3",,1,,3,,"2,3","1,2,3",,"2,3",,"2,3","1,2,3",,2,,6,,2,,1,,1,,"2,4",,,,,,,,,,,,,,,,,,,,,,,,,,,,,,2,,5,,"1,2",,1,,3,,"2,3","1,2",,"2,3",,"2,3",,2,,6,,2,,6,,1,,1,,,,,,,,,,,,,,,,,,,,,,,,,,,,,,,2,,5,,"1,2,3",,1,,3,,"2,3","1,2",,"1,2,3",,"2,3",,2,,6,,2,,6,,1,,1,,,,,,,,,,,,,,,,,,,,,,,,,,,,,,,,,,,,,,,,,,,,,,,,,,,,,,,,,,,,,,,,,,,47052,"<span lang=""EN-GB"">Suppose you want to browse the internet when you are with people you know (e.g., acquaintances, colleagues) at a park.<o:p></o:p></span>"
10/21/2018 17:02,10/21/2018 17:10,0,100.0.240.12,100,502,1,10/21/2018 17:10,R_0vPvPzjK6u1F1o5,,,,,42.42909241,-71.0605011,anonymous,EN,"1,2,3","1,2,3,5",,"2,3",,"3,4",,1,,"1,3",,"2,3","1,2,3",,5,,"2,3",6,,"1,2,3",,"3,4",,"2,3",,2,,2,,,,,,,,,,,,,,,,,,,,,,,,,,,,,,,,,,,,,,,,,,,,,,,,,,,,,,,,,,,,,,,,,,,,,,,,,,,,,,,,,,,,,,,,,,,,,,,,,,,,,,,,,,,,,,,,,,,,,,,,,,,,,,,,,,,,,,,,,,,,,,,,,,,,,,,,,,,,,,,,,,,,,,,,,,,,,,,,,,,,,,,,75077,"<span lang=""EN-GB"">Suppose you want to a send a text message when you are alone at a street.<o:p></o:p></span>"
10/21/2018 17:05,10/21/2018 17:13,0,24.45.87.6,100,454,1,10/21/2018 17:13,R_3gTNpoxb8Y70vsZ,,,,,40.82949829,-73.87159729,anonymous,EN,"1,2,3",7,,5,,"1,2,3",,3,,1,,"1,2,3","1,2,3",,5,,1,6,,"2,3",,6,,"2,3",,5,,4,,,,,,,,,,,,,,,,,,,,,,,,,,,,,,,,,,,,,,,,,,,,,,,,,,,,,,,,,,,,,,,,,,,,,,,,,,,,,,,,,,,,,,,,,,,,,,,,,,,,,,,,,,,,,,,,,,,,,,,,,,,,,,,,,,,,,,,,,,,,,,,,,,,,,,,,,,,,,,,,,,,,,,,,,,,,,,,,,,,,,,,,62445,"<span lang=""EN-GB"" style=""font-size:11.0pt;line-height:115%;
font-family:&quot;Arial&quot;,sans-serif;mso-fareast-font-family:Arial;mso-ansi-language:
EN-GB;mso-fareast-language:EN-US;mso-bidi-language:AR-SA"">Suppose you want to
read a digital document when you are at Starbucks surrounded with your close
friends.</span>"
10/21/2018 17:09,10/21/2018 17:13,0,136.33.114.119,100,233,1,10/21/2018 17:13,R_2Pe6wIVvxwc7iGZ,,,,,39.27670288,-94.45950317,anonymous,EN,"2,3,4,5,6",2,,5,,"3,4",,1,,3,,2,5,,5,,2,6,,1,,2,,2,,4,Portability ,4,,,,,,,,,,,,,,,,,,,,,,,,,,,,,,,,,,,,,,,,,,,,,,,,,,,,,,,,,,,,,,,,,,,,,,,,,,,,,,,,,,,,,,,,,,,,,,,,,,,,,,,,,,,,,,,,,,,,,,,,,,,,,,,,,,,,,,,,,,,,,,,,,,,,,,,,,,,,,,,,,,,,,,,,,,,,,,,,,,,,,,,,11501,"<span lang=""EN-GB"" style=""font-size:11.0pt;line-height:115%;
font-family:&quot;Arial&quot;,sans-serif;mso-fareast-font-family:Arial;mso-ansi-language:
EN-GB;mso-fareast-language:EN-US;mso-bidi-language:AR-SA"">Suppose you want to
find a route to a coffee shop when you are alone at home.</span>"
10/21/2018 17:07,10/21/2018 17:14,0,173.54.170.182,100,401,1,10/21/2018 17:14,R_0ugGzUbOhgk67F7,,,,,40.80940247,-74.12449646,anonymous,EN,"2,3,4,5","1,2",,3,,2,,3,,3,,3,"1,2",,3,,3,4,,"2,3",,6,,"1,2,3",,"1,3",,2,,,,,,,,,,,,,,,,,,,,,,,,,,,,,,,,,,,,,,,,,,,,,,,,,,,,,,,,,,,,,,,,,,,,,,,,,,,,,,,,,,,,,,,,,,,,,,,,,,,,,,,,,,,,,,,,,,,,,,,,,,,,,,,,,,,,,,,,,,,,,,,,,,,,,,,,,,,,,,,,,,,,,,,,,,,,,,,,,,,,,,,,94396,"<span lang=""EN-GB"">Suppose
     you want to listen to some audio when you are with people you know (e.g.,
     acquaintances, colleagues) at your home.<o:p></o:p></span>"
10/21/2018 17:15,10/21/2018 17:15,0,75.39.85.140,100,5,1,10/21/2018 17:15,R_1ISmrpXoZw91peu,,,,,41.36759949,-81.86180115,anonymous,EN,3,,,,,,,,,,,,,,,,,,,,,,,,,,,,,,,,,,,,,,,,,,,,,,,,,,,,,,,,,,,,,,,,,,,,,,,,,,,,,,,,,,,,,,,,,,,,,,,,,,,,,,,,,,,,,,,,,,,,,,,,,,,,,,,,,,,,,,,,,,,,,,,,,,,,,,,,,,,,,,,,,,,,,,,,,,,,,,,,,,,,,,,,,,,,,,,,,,,,,,,,,,,,,,,,,,,88184,"<span lang=""EN-GB"">Suppose
     you want to find a route to home when you are at Starbucks with your close
     friends.<o:p></o:p></span>"
10/21/2018 17:15,10/21/2018 17:20,0,75.166.245.116,100,315,1,10/21/2018 17:20,R_30dirmgGjrm776a,,,,,39.69560242,-105.0341034,anonymous,EN,"1,2,3,4,5,6","1,2",,"1,2",,"1,3,4",,1,,3,,"2,3","1,3",,"1,2,3",,"1,2","2,3,4",,"1,2",,"2,4",,"2,3",,"1,3",,2,,,,,,,,,,,,,,,,,,,,,,,,,,,,,,,,,,,,,,,,,,,,,,,,,,,,,,,,,,,,,,,,,,,,,,,,,,,,,,,,,,,,,,,,,,,,,,,,,,,,,,,,,,,,,,,,,,,,,,,,,,,,,,,,,,,,,,,,,,,,,,,,,,,,,,,,,,,,,,,,,,,,,,,,,,,,,,,,,,,,,,,,20408,"<span lang=""EN-GB"">Suppose you want to control some devices/appliances (e.g., smart lights) when you are alone at home.<o:p></o:p></span>"
10/21/2018 17:28,10/21/2018 17:30,0,47.135.90.182,100,152,1,10/21/2018 17:30,R_3hrno9O4WEyNB4Q,,,,,36.20170593,-81.12860107,anonymous,EN,"1,2,4,5,6",2,,1,,2,,1,,1,,"1,2",3,,2,,2,2,,2,,"3,4",,1,,1,,2,,,,,,,,,,,,,,,,,,,,,,,,,,,,,,,,,,,,,,,,,,,,,,,,,,,,,,,,,,,,,,,,,,,,,,,,,,,,,,,,,,,,,,,,,,,,,,,,,,,,,,,,,,,,,,,,,,,,,,,,,,,,,,,,,,,,,,,,,,,,,,,,,,,,,,,,,,,,,,,,,,,,,,,,,,,,,,,,,,,,,,,,15780,"<span lang=""EN-GB"">Suppose you are at sitting in a park and you want to play a digital/online game.<o:p></o:p></span>"
10/21/2018 17:34,10/21/2018 17:36,0,75.128.183.238,100,89,1,10/21/2018 17:36,R_2VexMzrcXWfqXa9,,,,,43.6013031,-84.77359772,anonymous,EN,"1,2,3,4,6","1,2,3",,"1,2",,1,,1,,1,,1,2,,2,,1,"1,3",,1,,3,,2,,1,,"1,2",,,,,,,,,,,,,,,,,,,,,,,,,,,,,,,,,,,,,,,,,,,,,,,,,,,,,,,,,,,,,,,,,,,,,,,,,,,,,,,,,,,,,,,,,,,,,,,,,,,,,,,,,,,,,,,,,,,,,,,,,,,,,,,,,,,,,,,,,,,,,,,,,,,,,,,,,,,,,,,,,,,,,,,,,,,,,,,,,,,,,,,,39871,"<span lang=""EN-GB"">Suppose
     you want to listen to some audio when you are with your friends at
     Starbucks.<o:p></o:p></span>"
10/21/2018 17:37,10/21/2018 17:37,0,68.202.175.23,100,34,1,10/21/2018 17:37,R_2VrUQPXeJfvev3c,,,,,29.00579834,-82.18280029,anonymous,EN,"1,2",,,,,,,,,,,,,,,,,,,,,,,,,,,,,,,,,,,,,,,,,,,,,,,,,,,,,,,,,,,,,,,,,,,,,,,,,,,,,,,,,,,,,,,,,,,,,,,,,,,,,,,,,,,,,,,,,,,,,,,,,,,,,,,,,,,,,,,,,,,,,,,,,,,,,,,,,,,,,,,,,,,,,,,,,,,,,,,,,,,,,,,,,,,,,,,,,,,,,,,,,,,,,,,,,,,74837,"<span lang=""EN-GB"">Suppose you want to call your mother for sharing an important
     update about your life when you are surrounded by people you know (e.g.,
     acquaintances, colleagues) at your home.<o:p></o:p></span>"
10/21/2018 17:39,10/21/2018 17:39,0,162.34.240.123,100,14,1,10/21/2018 17:39,R_1ey0OY9f5WH55y4,,,,,33.9335022,-84.39579773,anonymous,EN,"2,3",,,,,,,,,,,,,,,,,,,,,,,,,,,,,,,,,,,,,,,,,,,,,,,,,,,,,,,,,,,,,,,,,,,,,,,,,,,,,,,,,,,,,,,,,,,,,,,,,,,,,,,,,,,,,,,,,,,,,,,,,,,,,,,,,,,,,,,,,,,,,,,,,,,,,,,,,,,,,,,,,,,,,,,,,,,,,,,,,,,,,,,,,,,,,,,,,,,,,,,,,,,,,,,,,,,2034,"<span lang=""EN-GB"" style=""font-size:11.0pt;line-height:115%;
font-family:&quot;Arial&quot;,sans-serif;mso-fareast-font-family:Arial;mso-ansi-language:
EN-GB;mso-fareast-language:EN-US;mso-bidi-language:AR-SA"">Suppose you want to a
send an email when you are at Starbucks.</span>"
10/21/2018 17:40,10/21/2018 17:40,0,98.215.182.117,100,19,1,10/21/2018 17:40,R_2bKvRj5NKZSwwnv,,,,,41.42359924,-87.35559845,anonymous,EN,"1,2",,,,,,,,,,,,,,,,,,,,,,,,,,,,,,,,,,,,,,,,,,,,,,,,,,,,,,,,,,,,,,,,,,,,,,,,,,,,,,,,,,,,,,,,,,,,,,,,,,,,,,,,,,,,,,,,,,,,,,,,,,,,,,,,,,,,,,,,,,,,,,,,,,,,,,,,,,,,,,,,,,,,,,,,,,,,,,,,,,,,,,,,,,,,,,,,,,,,,,,,,,,,,,,,,,,55095,"<span lang=""EN-GB"">Suppose you want to browse the internet when you are at home with people you know (e.g., acquaintances, colleagues).<o:p></o:p></span>"
10/21/2018 17:43,10/21/2018 17:44,0,72.35.116.99,100,31,1,10/21/2018 17:44,R_2rj74w9X6fYsShb,,,,,61.59230042,-149.3959045,anonymous,EN,"1,2",,,,,,,,,,,,,,,,,,,,,,,,,,,,,,,,,,,,,,,,,,,,,,,,,,,,,,,,,,,,,,,,,,,,,,,,,,,,,,,,,,,,,,,,,,,,,,,,,,,,,,,,,,,,,,,,,,,,,,,,,,,,,,,,,,,,,,,,,,,,,,,,,,,,,,,,,,,,,,,,,,,,,,,,,,,,,,,,,,,,,,,,,,,,,,,,,,,,,,,,,,,,,,,,,,,23280,"Suppose
     you want to call your mother for sharing an important update about your
     life when you are surrounded by people you
     know (e.g., acquaintances, colleagues) at a restaurant.<o:p></o:p>"
10/19/2018 15:55,10/21/2018 17:47,0,71.112.139.49,100,179511,1,10/21/2018 17:47,R_3sil4CLwwz1kp3P,,,,,40.34779358,-79.86419678,anonymous,EN,"2,3,4","1,2,3,4,5",,1,,"1,2,3,4",,1,,1,,"1,2","1,3",,"1,3",,"1,2","1,2,3,4",,"1,2,3",,3,,2,,"1,2,3",,"1,2",,2,,,,,,,,,,,,,,,,,,,,,,,,,,,,,,"1,2,3,4,5",,"1,2,3",,"1,2,3",,1,,1,,"1,2,3","1,2,3",,"1,2",,"1,2,3",,"1,2,3",,"1,2,3,4",,"1,2",,"1,2",,"1,2,3",,"1,2",,,,,,,,,,,,,,,,,,,,,,,,,,,,,,,,,,,,,,,,,,,,,,,,,,,,,,,,,,,,,,,,,,,,,,,,,,,,,,,,,,,,,,,,,,,,,,,,,,,,,,,,,,,,,,,,,,,,,,,,,,,,,6093,"<span lang=""EN-GB"">Suppose
     you want to a view a text message when you with people you know (e.g.,
     acquaintances, colleagues) at a street<strong>.</strong><o:p></o:p></span>"
10/21/2018 17:44,10/21/2018 17:49,0,24.254.214.230,100,265,1,10/21/2018 17:49,R_3Eu2Gb5vRoosuv2,,,,,36.79780579,-76.17590332,anonymous,EN,1,,,,,,,,,,,,,,,,,,,,,,,,,,,,,,,,,,,,,,,,,,,,,,,,,,,,,,,,,,,,,,,,,,,,,,,,,,,,,,,,,,,,,,,,,,,,,,,,,,,,,,,,,,,,,,,,,,,,,,,,,,,,,,,,,,,,,,,,,,,,,,,,,,,,,,,,,,,,,,,,,,,,,,,,,,,,,,,,,,,,,,,,,,,,,,,,,,,,,,,,,,,,,,,,,,,56566,"<span lang=""EN-GB"">Suppose
     you want to purchase something online when you are with people you know
     (e.g., acquaintances, colleagues) at your home.<o:p></o:p></span>"
10/21/2018 17:47,10/21/2018 17:51,0,73.101.165.235,100,200,1,10/21/2018 17:51,R_2cocme129b5FCVD,,,,,40.00230408,-76.77120209,anonymous,EN,"1,2,3,4","2,5",,1,,"2,3",,1,,1,,1,"1,2",,"1,2",,1,"1,2",,2,,3,,"1,2",,"1,2",,4,,,,,,,,,,,,,,,,,,,,,,,,,,,,,,,,,,,,,,,,,,,,,,,,,,,,,,,,,,,,,,,,,,,,,,,,,,,,,,,,,,,,,,,,,,,,,,,,,,,,,,,,,,,,,,,,,,,,,,,,,,,,,,,,,,,,,,,,,,,,,,,,,,,,,,,,,,,,,,,,,,,,,,,,,,,,,,,,,,,,,,,,89881,"Suppose you want to purchase something (e.g., book,
     household items) online when you are with people
     you know (e.g., acquaintances, colleagues) at
     Starbucks.<o:p></o:p>"
10/21/2018 17:53,10/21/2018 17:55,0,76.182.71.227,100,76,1,10/21/2018 17:55,R_2OUAfIDqP3VXOXx,,,,,35.70759583,-78.65630341,anonymous,EN,"1,3",,,,,,,,,,,,,,,,,,,,,,,,,,,,,,,,,,,,,,,,,,,,,,,,,,,,,,,,,,,,,,,,,,,,,,,,,,,,,,,,,,,,,,,,,,,,,,,,,,,,,,,,,,,,,,,,,,,,,,,,,,,,,,,,,,,,,,,,,,,,,,,,,,,,,,,,,,,,,,,,,,,,,,,,,,,,,,,,,,,,,,,,,,,,,,,,,,,,,,,,,,,,,,,,,,,9315,"<span lang=""EN-GB"">Suppose you want to listen to some audio when you are alone in a park.<o:p></o:p></span>"
10/21/2018 17:54,10/21/2018 17:55,0,71.192.63.142,100,27,1,10/21/2018 17:55,R_32Rw141iOkGsMeS,,,,,42.12879944,-72.57779694,anonymous,EN,"1,2",,,,,,,,,,,,,,,,,,,,,,,,,,,,,,,,,,,,,,,,,,,,,,,,,,,,,,,,,,,,,,,,,,,,,,,,,,,,,,,,,,,,,,,,,,,,,,,,,,,,,,,,,,,,,,,,,,,,,,,,,,,,,,,,,,,,,,,,,,,,,,,,,,,,,,,,,,,,,,,,,,,,,,,,,,,,,,,,,,,,,,,,,,,,,,,,,,,,,,,,,,,,,,,,,,,62934,"<span lang=""EN-GB"">Suppose
     you want to watch some video when you are with people you know (e.g.,
     acquaintances, colleagues) in a park.<o:p></o:p></span>"
10/21/2018 17:57,10/21/2018 17:57,0,69.141.122.176,100,13,1,10/21/2018 17:57,R_2rx8ObrHs8uivx1,,,,,40.36659241,-74.64080048,anonymous,EN,1,,,,,,,,,,,,,,,,,,,,,,,,,,,,,,,,,,,,,,,,,,,,,,,,,,,,,,,,,,,,,,,,,,,,,,,,,,,,,,,,,,,,,,,,,,,,,,,,,,,,,,,,,,,,,,,,,,,,,,,,,,,,,,,,,,,,,,,,,,,,,,,,,,,,,,,,,,,,,,,,,,,,,,,,,,,,,,,,,,,,,,,,,,,,,,,,,,,,,,,,,,,,,,,,,,,82349,"<span lang=""EN-GB"">Suppose you want to take a click a photo when you are with your close friends&nbsp;</span>and family members at Starbucks"
10/21/2018 17:59,10/21/2018 18:01,0,98.230.44.126,100,86,1,10/21/2018 18:01,R_V4lA9Zqg38sMwEN,,,,,30.48739624,-84.31890106,anonymous,EN,"1,2",,,,,,,,,,,,,,,,,,,,,,,,,,,,,,,,,,,,,,,,,,,,,,,,,,,,,,,,,,,,,,,,,,,,,,,,,,,,,,,,,,,,,,,,,,,,,,,,,,,,,,,,,,,,,,,,,,,,,,,,,,,,,,,,,,,,,,,,,,,,,,,,,,,,,,,,,,,,,,,,,,,,,,,,,,,,,,,,,,,,,,,,,,,,,,,,,,,,,,,,,,,,,,,,,,,93778,"<span lang=""EN-GB"">Suppose
     you want to a view a text message when you are surrounded with people you
     are close to (e.g., friends, family members) at your home.<strong><o:p></o:p></strong></span>"
10/21/2018 17:58,10/21/2018 18:01,0,70.185.213.175,100,206,1,10/21/2018 18:01,R_1dpsfgDvjIf8uun,,,,,36.14639282,-95.95259857,anonymous,EN,"1,2,3","1,2",,5,,2,,1,,2,,2,2,,5,,3,3,,2,,"2,3",,2,,5,,"1,2",,,,,,,,,,,,,,,,,,,,,,,,,,,,,,,,,,,,,,,,,,,,,,,,,,,,,,,,,,,,,,,,,,,,,,,,,,,,,,,,,,,,,,,,,,,,,,,,,,,,,,,,,,,,,,,,,,,,,,,,,,,,,,,,,,,,,,,,,,,,,,,,,,,,,,,,,,,,,,,,,,,,,,,,,,,,,,,,,,,,,,,,1713,"<span lang=""EN-GB"">Suppose you want to a send a text message when you are surrounded with people you are close to (e.g., friends, family members) at your home.<strong><o:p></o:p></strong></span>"
10/21/2018 17:56,10/21/2018 18:02,0,134.215.162.157,100,381,1,10/21/2018 18:02,R_0NvVmrZ4ahEP0cN,,,,,43.70910645,-121.5194016,anonymous,EN,"1,2,3,5","1,2,3,4,5",,"1,2",,2,,1,,1,,2,1,,5,,2,2,,"1,2",,"1,2,3",,1,,5,,"1,2",,,,,,,,,,,,,,,,,,,,,,,,,,,,,,,,,,,,,,,,,,,,,,,,,,,,,,,,,,,,,,,,,,,,,,,,,,,,,,,,,,,,,,,,,,,,,,,,,,,,,,,,,,,,,,,,,,,,,,,,,,,,,,,,,,,,,,,,,,,,,,,,,,,,,,,,,,,,,,,,,,,,,,,,,,,,,,,,,,,,,,,,27669,"<span lang=""EN-GB"">Suppose you want to read a digital document when you are at Starbucks with people you know (e.g., acquaintances, colleagues).<o:p></o:p></span>"
10/21/2018 18:02,10/21/2018 18:02,0,98.230.44.126,100,42,1,10/21/2018 18:02,R_3jdRf4qXmopKcTK,,,,,30.48739624,-84.31890106,anonymous,EN,"1,2",,,,,,,,,,,,,,,,,,,,,,,,,,,,,,,,,,,,,,,,,,,,,,,,,,,,,,,,,,,,,,,,,,,,,,,,,,,,,,,,,,,,,,,,,,,,,,,,,,,,,,,,,,,,,,,,,,,,,,,,,,,,,,,,,,,,,,,,,,,,,,,,,,,,,,,,,,,,,,,,,,,,,,,,,,,,,,,,,,,,,,,,,,,,,,,,,,,,,,,,,,,,,,,,,,,68032,"<span lang=""EN-GB"">Suppose you want to browse the internet when you are with your close friends at a park.<o:p></o:p></span>"
10/21/2018 18:06,10/21/2018 18:07,0,173.22.206.13,100,19,1,10/21/2018 18:07,R_1LRq941lh3GrVk4,,,,,30.54440308,-88.18070221,anonymous,EN,"3,4",,,,,,,,,,,,,,,,,,,,,,,,,,,,,,,,,,,,,,,,,,,,,,,,,,,,,,,,,,,,,,,,,,,,,,,,,,,,,,,,,,,,,,,,,,,,,,,,,,,,,,,,,,,,,,,,,,,,,,,,,,,,,,,,,,,,,,,,,,,,,,,,,,,,,,,,,,,,,,,,,,,,,,,,,,,,,,,,,,,,,,,,,,,,,,,,,,,,,,,,,,,,,,,,,,,56970,"<span lang=""EN-GB"">Suppose you want to browse internet when you are with your close friends at a restaurant.<o:p></o:p></span>"
10/21/2018 18:08,10/21/2018 18:08,0,174.234.1.149,100,20,1,10/21/2018 18:08,R_3EhZC7LooyzOnir,,,,,37.66900635,-97.28019714,anonymous,EN,"2,3",,,,,,,,,,,,,,,,,,,,,,,,,,,,,,,,,,,,,,,,,,,,,,,,,,,,,,,,,,,,,,,,,,,,,,,,,,,,,,,,,,,,,,,,,,,,,,,,,,,,,,,,,,,,,,,,,,,,,,,,,,,,,,,,,,,,,,,,,,,,,,,,,,,,,,,,,,,,,,,,,,,,,,,,,,,,,,,,,,,,,,,,,,,,,,,,,,,,,,,,,,,,,,,,,,,34140,"<span lang=""EN-GB"">Suppose you have planned to meet a friend next week and you want to put this on your calendar when you are surrounded with people you are close to (e.g., friends, family members) at your home.<strong><o:p></o:p></strong></span>"
10/21/2018 18:10,10/21/2018 18:10,0,74.78.212.206,100,11,1,10/21/2018 18:10,R_vGoyvUEmRN3tzqx,,,,,43.10670471,-75.23139954,anonymous,EN,"2,3",,,,,,,,,,,,,,,,,,,,,,,,,,,,,,,,,,,,,,,,,,,,,,,,,,,,,,,,,,,,,,,,,,,,,,,,,,,,,,,,,,,,,,,,,,,,,,,,,,,,,,,,,,,,,,,,,,,,,,,,,,,,,,,,,,,,,,,,,,,,,,,,,,,,,,,,,,,,,,,,,,,,,,,,,,,,,,,,,,,,,,,,,,,,,,,,,,,,,,,,,,,,,,,,,,,44491,"<span lang=""EN-GB"">Suppose you are at your gym and you want to track the amount of calories&nbsp;</span>you have burnt your workout.&nbsp;"
10/21/2018 18:09,10/21/2018 18:18,0,74.195.18.196,100,522,1,10/21/2018 18:18,R_1mDBxzyleIVX7N1,,,,,37.37989807,-81.11750031,anonymous,EN,"1,2,3,4",2,,1,,"1,2,4",,1,,1,,2,"1,2",,"1,3",,2,2,,"1,2",,1,,"1,2",,"1,3",,"1,2",,2,,,,,,,,,,,,,,,,,,,,,,,,,,,,,,2,,1,,"1,2",,1,,1,,"1,2","1,2",,1,,"1,2",,2,,"1,2",,"1,2",,"1,2",,2,,"1,2",,,,,,,,,,,,,,,,,,,,,,,,,,,,,,,,,,,,,,,,,,,,,,,,,,,,,,,,,,,,,,,,,,,,,,,,,,,,,,,,,,,,,,,,,,,,,,,,,,,,,,,,,,,,,,,,,,,,,,,,,,,,,46904,"<span lang=""EN-GB"">Suppose
     you want to a view a text message
     when you are walking with a very close friend on a street<o:p></o:p></span>"
10/21/2018 18:19,10/21/2018 18:19,0,40.138.189.203,100,32,1,10/21/2018 18:19,R_1H5bJW5O1p2iiHj,,,,,34.10620117,-83.57080078,anonymous,EN,2,,,,,,,,,,,,,,,,,,,,,,,,,,,,,,,,,,,,,,,,,,,,,,,,,,,,,,,,,,,,,,,,,,,,,,,,,,,,,,,,,,,,,,,,,,,,,,,,,,,,,,,,,,,,,,,,,,,,,,,,,,,,,,,,,,,,,,,,,,,,,,,,,,,,,,,,,,,,,,,,,,,,,,,,,,,,,,,,,,,,,,,,,,,,,,,,,,,,,,,,,,,,,,,,,,,10871,"<span lang=""EN-GB"">Suppose
     you want to purchase something online when you are alone at your home.<o:p></o:p></span>"
10/21/2018 18:19,10/21/2018 18:22,0,73.251.140.134,100,180,1,10/21/2018 18:22,R_2y3nNLESeNMYuh4,,,,,39.18580627,-78.18270111,anonymous,EN,"1,2,3,4","2,4",,"1,2,3",,"1,2",,1,,1,,3,"1,2,3",,"1,2,3",,3,"2,4",,"1,2",,6,,2,,"1,2,3",,"1,2",,,,,,,,,,,,,,,,,,,,,,,,,,,,,,,,,,,,,,,,,,,,,,,,,,,,,,,,,,,,,,,,,,,,,,,,,,,,,,,,,,,,,,,,,,,,,,,,,,,,,,,,,,,,,,,,,,,,,,,,,,,,,,,,,,,,,,,,,,,,,,,,,,,,,,,,,,,,,,,,,,,,,,,,,,,,,,,,,,,,,,,,90258,"<span lang=""EN-GB"">Suppose you have planned to meet a friend next week and you want to put this on your calendar when you are alone at a park<o:p></o:p></span>"
10/21/2018 18:23,10/21/2018 18:25,0,71.11.142.101,100,133,1,10/21/2018 18:25,R_1gRtFZIhKJaStma,,,,,38.54760742,-90.32409668,anonymous,EN,"1,2,3,4,6","2,3",,"2,3",,"1,3,4",,1,,"3,4",,"1,2","1,2",,"2,3",,"1,3","3,4",,"2,3",,"2,4",,"1,3",,"1,2",,2,,,,,,,,,,,,,,,,,,,,,,,,,,,,,,,,,,,,,,,,,,,,,,,,,,,,,,,,,,,,,,,,,,,,,,,,,,,,,,,,,,,,,,,,,,,,,,,,,,,,,,,,,,,,,,,,,,,,,,,,,,,,,,,,,,,,,,,,,,,,,,,,,,,,,,,,,,,,,,,,,,,,,,,,,,,,,,,,,,,,,,,,10082,"<span lang=""EN-GB"">Suppose
     you want to set up a reminder when you with people you know (e.g.,
     acquaintances, colleagues) at a park.<o:p></o:p></span>"
10/21/2018 18:27,10/21/2018 18:28,0,70.57.80.5,100,44,1,10/21/2018 18:28,R_1Io7umLnwfOsH49,,,,,37.18730164,-95.2983017,anonymous,EN,2,,,,,,,,,,,,,,,,,,,,,,,,,,,,,,,,,,,,,,,,,,,,,,,,,,,,,,,,,,,,,,,,,,,,,,,,,,,,,,,,,,,,,,,,,,,,,,,,,,,,,,,,,,,,,,,,,,,,,,,,,,,,,,,,,,,,,,,,,,,,,,,,,,,,,,,,,,,,,,,,,,,,,,,,,,,,,,,,,,,,,,,,,,,,,,,,,,,,,,,,,,,,,,,,,,,21145,"<span lang=""EN-GB"">Suppose
     you want to a send a text message when you are surrounded by people you
     know (e.g., acquaintances, colleagues) at a restaurant.<o:p></o:p></span>"
10/21/2018 18:31,10/21/2018 18:31,0,100.8.26.233,100,10,1,10/21/2018 18:31,R_2wgWjC33DC5HanW,,,,,40.76739502,-74.03230286,anonymous,EN,4,,,,,,,,,,,,,,,,,,,,,,,,,,,,,,,,,,,,,,,,,,,,,,,,,,,,,,,,,,,,,,,,,,,,,,,,,,,,,,,,,,,,,,,,,,,,,,,,,,,,,,,,,,,,,,,,,,,,,,,,,,,,,,,,,,,,,,,,,,,,,,,,,,,,,,,,,,,,,,,,,,,,,,,,,,,,,,,,,,,,,,,,,,,,,,,,,,,,,,,,,,,,,,,,,,,59597,"<span lang=""EN-GB"">Suppose
     you want to purchase something online when you are alone at Starbucks.<o:p></o:p></span>"
10/21/2018 18:36,10/21/2018 18:42,0,65.25.78.69,100,345,1,10/21/2018 18:42,R_ux1X2gFTksv5uO5,,,,,40.97909546,-81.53469849,anonymous,EN,"1,2,4","2,3,4",,"1,2,3",,"1,2,3,4",,1,,1,,2,"1,2,3",,5,,"2,3","1,2,3,4",,2,,"1,2,3,4",,"2,3",,"1,2,3",,"1,2",,,,,,,,,,,,,,,,,,,,,,,,,,,,,,,,,,,,,,,,,,,,,,,,,,,,,,,,,,,,,,,,,,,,,,,,,,,,,,,,,,,,,,,,,,,,,,,,,,,,,,,,,,,,,,,,,,,,,,,,,,,,,,,,,,,,,,,,,,,,,,,,,,,,,,,,,,,,,,,,,,,,,,,,,,,,,,,,,,,,,,,,94641,"<span lang=""EN-GB"">Suppose you want to a send an email when you are surrounded with people you are close to (e.g., friends, family members) at your home.<strong><o:p></o:p></strong></span>"
10/21/2018 18:45,10/21/2018 18:45,0,174.196.129.187,100,19,1,10/21/2018 18:45,R_2eRNqXP05dPRVDM,,,,,35.9335022,-84.14810181,anonymous,EN,"1,2",,,,,,,,,,,,,,,,,,,,,,,,,,,,,,,,,,,,,,,,,,,,,,,,,,,,,,,,,,,,,,,,,,,,,,,,,,,,,,,,,,,,,,,,,,,,,,,,,,,,,,,,,,,,,,,,,,,,,,,,,,,,,,,,,,,,,,,,,,,,,,,,,,,,,,,,,,,,,,,,,,,,,,,,,,,,,,,,,,,,,,,,,,,,,,,,,,,,,,,,,,,,,,,,,,,35017,"<span lang=""EN-GB"">Suppose
     you want to set up a reminder when you are alone at your home.<strong><o:p></o:p></strong></span>"
10/21/2018 18:42,10/21/2018 18:49,0,97.86.24.210,100,377,1,10/21/2018 18:49,R_UDzIZ2P0QBsVof7,,,,,38.20030212,-92.66840363,anonymous,EN,"1,2,4","2,4",,1,,"3,4",,1,,1,,"2,3","1,2,3",,"2,3",,"1,2,3","1,3",,"1,2",,"1,2,3",,"1,2",,"1,2,3",,"1,2",,,,,,,,,,,,,,,,,,,,,,,,,,,,,,,,,,,,,,,,,,,,,,,,,,,,,,,,,,,,,,,,,,,,,,,,,,,,,,,,,,,,,,,,,,,,,,,,,,,,,,,,,,,,,,,,,,,,,,,,,,,,,,,,,,,,,,,,,,,,,,,,,,,,,,,,,,,,,,,,,,,,,,,,,,,,,,,,,,,,,,,,53069,"<span lang=""EN-GB"">Suppose you want to browse the internet when you are with people you know (e.g., acquaintances, colleagues) at a restaurant.<o:p></o:p></span>"
10/21/2018 18:56,10/21/2018 18:56,0,174.195.135.76,100,28,1,10/21/2018 18:56,R_1Nkr22p2OrUvbgQ,,,,,36.05949402,-86.65920258,anonymous,EN,"1,2",,,,,,,,,,,,,,,,,,,,,,,,,,,,,,,,,,,,,,,,,,,,,,,,,,,,,,,,,,,,,,,,,,,,,,,,,,,,,,,,,,,,,,,,,,,,,,,,,,,,,,,,,,,,,,,,,,,,,,,,,,,,,,,,,,,,,,,,,,,,,,,,,,,,,,,,,,,,,,,,,,,,,,,,,,,,,,,,,,,,,,,,,,,,,,,,,,,,,,,,,,,,,,,,,,,10704,"<span lang=""EN-GB"">Suppose
     you want to read a digital document) when you are at home with people you
     know (e.g., acquaintances, colleagues).<o:p></o:p></span>"
10/21/2018 18:49,10/21/2018 18:57,0,104.10.29.29,100,513,1,10/21/2018 18:57,R_1lis7lmBhgfBANs,,,,,33.92080688,-117.4589005,anonymous,EN,"2,3,4,5",2,,1,,"1,2,3,4",,1,,1,,"2,3","1,2,3",,"2,3",,"2,3","1,2,3",,"1,2,3",,"3,4",,"1,2,3",,"1,2,3",,"1,2",,"2,4",,,,,,,,,,,,,,,,,,,,,,,,,,,,,,2,,1,,"1,2,3",,1,,1,,"2,3","1,2,3",,"2,3",,"2,3",,"1,2,3",,3,,"1,2",,3,,"1,2,3",,2,,,,,,,,,,,,,,,,,,,,,,,,,,,,,,,2,,1,,"1,2,3",,1,,1,,"2,3","1,2,3",,"2,3",,"2,3",,"1,2,3",,3,,"1,2",,3,,"1,2,3",,2,,,,,,,,,,,,,,,,,,,,,,,,,,,,,,,,,,,,,,,,,,,,,,,,,,,,,,,,,,,,Male,34,Artist,5,5,,5,25848,"<span lang=""EN-GB"">Suppose you want to control some devices/appliances (e.g., smart lights) when you are at home with people you are close to (e.g., friends, family members)<strong><o:p></o:p></strong></span>"
10/21/2018 18:57,10/21/2018 18:59,0,71.12.181.100,100,150,1,10/21/2018 18:59,R_Z91v4r7IcCpW3GF,,,,,33.46530151,-86.80819702,anonymous,EN,"1,2,5","1,2,3,5",,1,,1,,1,,1,,"1,2","2,3",,"1,2,3",,"2,3",2,,1,,"2,3,4",,"1,2,3",,"1,3,4",apps available,2,,,,,,,,,,,,,,,,,,,,,,,,,,,,,,,,,,,,,,,,,,,,,,,,,,,,,,,,,,,,,,,,,,,,,,,,,,,,,,,,,,,,,,,,,,,,,,,,,,,,,,,,,,,,,,,,,,,,,,,,,,,,,,,,,,,,,,,,,,,,,,,,,,,,,,,,,,,,,,,,,,,,,,,,,,,,,,,,,,,,,,,,10619,"<span lang=""EN-GB"">Suppose you want to find a route to home while walking on a street with people you know (e.g., acquaintances, colleagues).<o:p></o:p></span>"
10/21/2018 18:22,10/21/2018 19:00,0,172.58.19.250,100,2259,1,10/21/2018 19:00,R_2Bx4FQUSLDA4s3G,,,,,33.94970703,-118.2462006,anonymous,EN,"1,2,4",2,,5,,"1,2,3",,1,,1,,"2,3","1,2,3",,"1,2,3",,"2,3","1,2,3",,"1,2",,"3,6",,"1,2",,"1,2,3",,2,,2,,,,,,,,,,,,,,,,,,,,,,,,,,,,,,2,,5,,"1,2,3",,1,,2,,"2,3","1,2",,"1,2,3",,"1,2,3",,"1,2,3",,3,,"1,2,3",,3,,"1,2,3",,2,,,,,,,,,,,,,,,,,,,,,,,,,,,,,,,,,,,,,,,,,,,,,,,,,,,,,,,,,,,,,,,,,,,,,,,,,,,,,,,,,,,,,,,,,,,,,,,,,,,,,,,,,,,,,,,,,,,,,,male,44,mturk worker,5,5,,1,69345,"<span lang=""EN-GB"">Suppose you are alone at home when you realize today is the last day to pay one of your bills online.<o:p></o:p></span>"
10/21/2018 19:00,10/21/2018 19:00,0,75.97.157.34,100,25,1,10/21/2018 19:00,R_XX8RL3h9DPNCzcJ,,,,,41.26890564,-75.84529877,anonymous,EN,"1,2",,,,,,,,,,,,,,,,,,,,,,,,,,,,,,,,,,,,,,,,,,,,,,,,,,,,,,,,,,,,,,,,,,,,,,,,,,,,,,,,,,,,,,,,,,,,,,,,,,,,,,,,,,,,,,,,,,,,,,,,,,,,,,,,,,,,,,,,,,,,,,,,,,,,,,,,,,,,,,,,,,,,,,,,,,,,,,,,,,,,,,,,,,,,,,,,,,,,,,,,,,,,,,,,,,,6435,"<span lang=""EN-GB"">Suppose
     you want to purchase something (e.g., book, household items) online when
     you are with your close friends at a park.<o:p></o:p></span>"
10/21/2018 18:46,10/21/2018 19:04,0,47.203.49.159,100,1069,1,10/21/2018 19:04,R_1eQb1hQckusuO5J,,,,,27.86810303,-82.70860291,anonymous,EN,"1,2,4,5",2,,1,,"2,3",,1,,1,,2,1,,3,,1,4,,"2,3",,3,,3,,"1,2",,"1,2",,,,,,,,,,,,,,,,,,,,,,,,,,,,,,,,,,,,,,,,,,,,,,,,,,,,,,,,,,,,,,,,,,,,,,,,,,,,,,,,,,,,,,,,,,,,,,,,,,,,,,,,,,,,,,,,,,,,,,,,,,,,,,,,,,,,,,,,,,,,,,,,,,,,,,,,,,,,,,,,,,,,,,,,,,,,,,,,,,,,,,,,50144,"<span lang=""EN-GB"">Suppose
     you want to set up a reminder when you are at a park by yourself.<o:p></o:p></span>"
10/21/2018 19:01,10/21/2018 19:04,0,73.242.114.75,100,155,1,10/21/2018 19:04,R_3neBu7FjQdVgaQw,,,,,44.90519714,-93.34030151,anonymous,EN,"1,3,4,6","1,3,4,5",,"1,3",,"1,3",,1,,"2,3,4",,"2,3","1,2,3",,"2,3",,"1,3","2,4",,"1,3",,"2,3,4",,"1,3",,"1,2",,2,,,,,,,,,,,,,,,,,,,,,,,,,,,,,,,,,,,,,,,,,,,,,,,,,,,,,,,,,,,,,,,,,,,,,,,,,,,,,,,,,,,,,,,,,,,,,,,,,,,,,,,,,,,,,,,,,,,,,,,,,,,,,,,,,,,,,,,,,,,,,,,,,,,,,,,,,,,,,,,,,,,,,,,,,,,,,,,,,,,,,,,,49946,"<span lang=""EN-GB"" style=""font-size:11.0pt;line-height:115%;
font-family:&quot;Arial&quot;,sans-serif;mso-fareast-font-family:Arial;mso-ansi-language:
EN-GB;mso-fareast-language:EN-US;mso-bidi-language:AR-SA"">Suppose you have
planned to meet a friend next week and you want put this on your calendar<span style=""color:#434343""> when you with </span>people you know (e.g.,
acquaintances, colleagues)<span style=""color:#434343""> at a park</span></span>"
10/21/2018 18:57,10/21/2018 19:05,0,173.69.155.26,100,486,1,10/21/2018 19:05,R_1q3XAixhlEUxHk3,,,,,39.01119995,-76.68019867,anonymous,EN,"1,2,3,4",2,,5,,3,,3,,1,,4,"1,2",,5,,1,6,,2,,6,,"1,2",,1,,2,,,,,,,,,,,,,,,,,,,,,,,,,,,,,,,,,,,,,,,,,,,,,,,,,,,,,,,,,,,,,,,,,,,,,,,,,,,,,,,,,,,,,,,,,,,,,,,,,,,,,,,,,,,,,,,,,,,,,,,,,,,,,,,,,,,,,,,,,,,,,,,,,,,,,,,,,,,,,,,,,,,,,,,,,,,,,,,,,,,,,,,,74071,"<span lang=""EN-GB"">Suppose you are alone at home, you want to take a break from studying/working&nbsp;</span>so you decide to play an online/digital game."
10/21/2018 19:01,10/21/2018 19:07,0,104.128.136.50,100,346,1,10/21/2018 19:07,R_3LaMJM4OSHm1N3A,,,,,47.48890686,-122.3012009,anonymous,EN,"1,2,3","2,4,5",,3,,"1,2,3",,1,,1,,1,"1,2",,3,,1,6,,"1,2",,3,,"1,2",,"1,2",,2,,2,,,,,,,,,,,,,,,,,,,,,,,,,,,,,,"2,5",,1,,"1,2,3",,1,,2,,3,"1,2",,3,,3,,6,,3,,"1,2",,3,,"1,2",,2,,,,,,,,,,,,,,,,,,,,,,,,,,,,,,,,,,,,,,,,,,,,,,,,,,,,,,,,,,,,,,,,,,,,,,,,,,,,,,,,,,,,,,,,,,,,,,,,,,,,,,,,,,,,,,,,,,,,,,female,30,self employed,6,1,,4,14806,"<span lang=""EN-GB"" style=""font-size:11.0pt;line-height:115%;
font-family:&quot;Arial&quot;,sans-serif;mso-fareast-font-family:Arial;mso-ansi-language:
EN-GB;mso-fareast-language:EN-US;mso-bidi-language:AR-SA"">Suppose you want to
find a route to a coffee shop when you are alone at home.</span>"
10/21/2018 19:05,10/21/2018 19:09,0,70.191.114.5,100,199,1,10/21/2018 19:09,R_25N35ZF4aZZ3S0C,,,,,41.48469543,-81.80180359,anonymous,EN,"1,2,3,4","2,4,5",,1,,"1,2,3",,1,,1,,"2,3","1,2",,5,,"2,3",6,,"1,2,3",,2,,"1,3",,"1,2",,4,,,,,,,,,,,,,,,,,,,,,,,,,,,,,,,,,,,,,,,,,,,,,,,,,,,,,,,,,,,,,,,,,,,,,,,,,,,,,,,,,,,,,,,,,,,,,,,,,,,,,,,,,,,,,,,,,,,,,,,,,,,,,,,,,,,,,,,,,,,,,,,,,,,,,,,,,,,,,,,,,,,,,,,,,,,,,,,,,,,,,,,,85620,"<span lang=""EN-GB"">Suppose you want to browse internet when you are with your close friends at a restaurant.<o:p></o:p></span>"
10/21/2018 19:07,10/21/2018 19:14,0,173.6.228.36,100,421,1,10/21/2018 19:14,R_2UhCRTcxBmIDAX2,,,,,39.02999878,-84.55899811,anonymous,EN,"1,2,3,4","2,4",,1,,1,,1,,1,,3,"1,2,3",,2,,3,"1,3",,1,,"3,4",,1,,"1,3",,1,,"2,4",,,,,,,,,,,,,,,,,,,,,,,,,,,,,,"1,2,5",,1,,1,,1,,1,,2,5,,5,,5,,3,,3,,1,,3,,5,,4,,,,,,,,,,,,,,,,,,,,,,,,,,,,,,,"1,2,5",,1,,1,,1,,1,,4,3,,5,,5,,3,,4,,1,,7,,"1,2",,4,,,,,,,,,,,,,,,,,,,,,,,,,,,,,,,,,,,,,,,,,,,,,,,,,,,,,,,,,,,,,,,,,,,58587,"<span lang=""EN-GB"" style=""font-size:11.0pt;line-height:115%;
font-family:&quot;Arial&quot;,sans-serif;mso-fareast-font-family:Arial;mso-ansi-language:
EN-GB;mso-fareast-language:EN-US;mso-bidi-language:AR-SA"">Suppose you want to a
view a text message when you are alone at home</span>"
10/21/2018 19:08,10/21/2018 19:15,0,73.5.54.16,100,450,1,10/21/2018 19:15,R_9HR11wzLMLdk95T,,,,,32.41220093,-90.12069702,anonymous,EN,"1,2,4","2,3",,1,,"1,2,3",,1,,3,,"2,3","1,2,3",,"2,3",,"2,3",2,,"1,2",,"1,3",,2,,1,,"1,2",,,,,,,,,,,,,,,,,,,,,,,,,,,,,,,,,,,,,,,,,,,,,,,,,,,,,,,,,,,,,,,,,,,,,,,,,,,,,,,,,,,,,,,,,,,,,,,,,,,,,,,,,,,,,,,,,,,,,,,,,,,,,,,,,,,,,,,,,,,,,,,,,,,,,,,,,,,,,,,,,,,,,,,,,,,,,,,,,,,,,,,,2274,"<span lang=""EN-GB"">Suppose
     you want to call your mother for sharing an important update about your
     life yourself when you are with a very close friend at a park.&nbsp;<o:p></o:p></span>"
10/21/2018 18:56,10/21/2018 19:16,0,99.109.250.242,100,1189,1,10/21/2018 19:16,R_OBtrY8PG5LDgShr,,,,,42.89390564,-85.76190186,anonymous,EN,"1,2,4","1,3,4",,1,,"1,2",,1,,"1,3",,2,"1,2",,3,,2,"1,2,3",,"1,2",,3,,"1,2",,"1,2,3",,1,,"1,4","2,4",,1,,"1,2",,1,,2,,2,"1,2",,2,,3,,"2,3",,3,,1,,3,,"1,2",,1,,,,,,,,,,,,,,,,,,,,,,,,,,,,,,,,,,,,,,,,,,,,,,,,,,,,,,,,,,,,2,,1,,"1,2",,1,,1,,2,"1,2",,2,,2,,"2,3,4",,3,,2,,3,,"1,2,3",,1,,,,,,,,,,,,,,,,,,,,,,,,,,,,,,,,,,,,,,,,,,,,,,,,,,,,,,,,,,,,,,,,,,,20528,"<span lang=""EN-GB"">Suppose
     you want to read a digital document when you are alone at home.<strong><o:p></o:p></strong></span>"
10/21/2018 19:17,10/21/2018 19:17,0,68.55.120.153,100,23,1,10/21/2018 19:17,R_1dKYDRPLpvpdSjZ,,,,,42.51899719,-83.15699768,anonymous,EN,1,,,,,,,,,,,,,,,,,,,,,,,,,,,,,,,,,,,,,,,,,,,,,,,,,,,,,,,,,,,,,,,,,,,,,,,,,,,,,,,,,,,,,,,,,,,,,,,,,,,,,,,,,,,,,,,,,,,,,,,,,,,,,,,,,,,,,,,,,,,,,,,,,,,,,,,,,,,,,,,,,,,,,,,,,,,,,,,,,,,,,,,,,,,,,,,,,,,,,,,,,,,,,,,,,,,1200,"<span lang=""EN-GB"">Suppose
     you want to a send a text message when you are alone at home<strong><o:p></o:p></strong></span>"
10/21/2018 19:19,10/21/2018 19:20,0,184.155.205.184,100,17,1,10/21/2018 19:20,R_1Ii083EwkCG7wSo,,,,,43.59370422,-116.5359955,anonymous,EN,"1,2",,,,,,,,,,,,,,,,,,,,,,,,,,,,,,,,,,,,,,,,,,,,,,,,,,,,,,,,,,,,,,,,,,,,,,,,,,,,,,,,,,,,,,,,,,,,,,,,,,,,,,,,,,,,,,,,,,,,,,,,,,,,,,,,,,,,,,,,,,,,,,,,,,,,,,,,,,,,,,,,,,,,,,,,,,,,,,,,,,,,,,,,,,,,,,,,,,,,,,,,,,,,,,,,,,,22412,"<span lang=""EN-GB"">Suppose
     you are at a park with your close friends and you realize today is the
     last day to pay one of your bills online.<o:p></o:p></span>"
10/21/2018 19:04,10/21/2018 19:24,0,70.134.39.78,100,1178,1,10/21/2018 19:24,R_3DhZNd6hfut2csQ,,,,,33.65809631,-95.53790283,anonymous,EN,"1,2,3,4,5","2,3",,1,,"2,3",,3,,1,,1,"1,2",,5,,4,"2,3",,"1,2",,"1,3",,2,,"1,3",,"1,2",,,,,,,,,,,,,,,,,,,,,,,,,,,,,,,,,,,,,,,,,,,,,,,,,,,,,,,,,,,,,,,,,,,,,,,,,,,,,,,,,,,,,,,,,,,,,,,,,,,,,,,,,,,,,,,,,,,,,,,,,,,,,,,,,,,,,,,,,,,,,,,,,,,,,,,,,,,,,,,,,,,,,,,,,,,,,,,,,,,,,,,,34821,"<span lang=""EN-GB"">Suppose you have planned to meet a friend next week and you want to put this on your calendar when you are surrounded by people you know (e.g., acquaintances, colleagues) at a restaurant.<o:p></o:p></span>"
10/21/2018 19:17,10/21/2018 19:25,0,100.35.97.44,100,428,1,10/21/2018 19:25,R_3fjjhxm6pW2uS8O,,,,,40.74450684,-74.15080261,anonymous,EN,"1,2,3,4,5,6","1,2,5",,5,,"2,3,4",,1,,1,,1,5,,"2,3",,1,"1,2,3",,"1,2",,2,,"1,2",,1,,"1,2",,2,,,,,,,,,,,,,,,,,,,,,,,,,,,,,,"1,2,5",,5,,"2,3,4",,1,,1,,3,5,,"2,3",,"2,3",,"1,2,3",,"2,3",,2,,"2,3",,"1,3",,"1,2",,,,,,,,,,,,,,,,,,,,,,,,,,,,,,,,,,,,,,,,,,,,,,,,,,,,,,,,,,,,,,,,,,,,,,,,,,,,,,,,,,,,,,,,,,,,,,,,,,,,,,,,,,,,,,,,,,,,,,male,60,retired,4,4,,3,92660,"<span lang=""EN-GB"">Suppose
     you want to listen to some audio when you with people you know (e.g.,
     acquaintances, colleagues) at Starbucks<o:p></o:p></span>"
10/21/2018 19:24,10/21/2018 19:25,0,103.255.75.219,100,94,1,10/21/2018 19:25,R_1F96Npvnh97jJmd,,,,,20,77,anonymous,EN,"1,2,3,4","1,3,5",,"2,3",,"3,4",,1,,"3,4",,3,2,,"2,3",,"1,3","3,4",,"1,3",,4,,"2,3",,"1,2,3",,"1,2",,,,,,,,,,,,,,,,,,,,,,,,,,,,,,,,,,,,,,,,,,,,,,,,,,,,,,,,,,,,,,,,,,,,,,,,,,,,,,,,,,,,,,,,,,,,,,,,,,,,,,,,,,,,,,,,,,,,,,,,,,,,,,,,,,,,,,,,,,,,,,,,,,,,,,,,,,,,,,,,,,,,,,,,,,,,,,,,,,,,,,,,49277,"<span lang=""EN-GB"">Suppose
     you want to purchase something online when you are with people you are
     close to (e.g., friends, family members).<o:p></o:p></span>"
10/21/2018 19:24,10/21/2018 19:27,0,99.203.92.208,100,185,1,10/21/2018 19:27,R_3npfxtNRggf2tGi,,,,,39.09970093,-94.57859802,anonymous,EN,"1,2,3,5",4,,1,,2,,1,,6,,2,2,,1,,1,1,,1,,2,,1,,2,,2,,,,,,,,,,,,,,,,,,,,,,,,,,,,,,,,,,,,,,,,,,,,,,,,,,,,,,,,,,,,,,,,,,,,,,,,,,,,,,,,,,,,,,,,,,,,,,,,,,,,,,,,,,,,,,,,,,,,,,,,,,,,,,,,,,,,,,,,,,,,,,,,,,,,,,,,,,,,,,,,,,,,,,,,,,,,,,,,,,,,,,,,28400,"<span lang=""EN-GB"">Suppose
     you want to a send a text message when you with people you know (e.g., acquaintances,
     colleagues) at a street<strong>.</strong><o:p></o:p></span>"
10/21/2018 19:26,10/21/2018 19:30,0,100.35.97.44,100,251,1,10/21/2018 19:30,R_2EGmz1Jt5mhbnUQ,,,,,40.74450684,-74.15080261,anonymous,EN,"1,2,3,4,5,6",4,,5,,"2,3",,3,,1,,3,"1,2,3",,"2,3",,3,"1,2,3",,2,,3,,2,,"1,3",,"1,2",,3,,,,,,,,,,,,,,,,,,,,,,,,,,,,,,,,,,,,,,,,,,,,,,,,,,,,,,,,,,,4,,5,,"2,3",,3,,1,,3,"2,3",,5,,5,,"1,2,3",,3,,"1,2",,3,,"1,3",,"1,2",,,,,,,,,,,,,,,,,,,,,,,,,,,,,,,,,,,,,,,,,,,,,,,,,,,,,,,,,,,,,,,,,,,,,,,,,,,,,,,,,,,,,,,,,male,58,freelancer,4,4,,4,50327,"<span lang=""EN-GB"">Suppose you are at work with some people you know (e.g., acquaintances, colleagues) when you realize that you have to immediately pay one of your bills online.<o:p></o:p></span>"
10/21/2018 19:27,10/21/2018 19:34,0,166.181.87.243,100,423,1,10/21/2018 19:34,R_3JbisYAuDCbfGJq,,,,,43.03720093,-89.39710236,anonymous,EN,"1,2,3",2,,5,,"1,2,3",,1,,1,,4,5,,5,,4,3,,5,,1,,5,,1,,4,,2,,,,,,,,,,,,,,,,,,,,,,,,,,,,,,2,,5,,"1,2,3",,1,,1,,4,5,,5,,5,,6,,1,,2,,1,,1,,4,,,,,,,,,,,,,,,,,,,,,,,,,,,,,,,,,,,,,,,,,,,,,,,,,,,,,,,,,,,,,,,,,,,,,,,,,,,,,,,,,,,,,,,,,,,,,,,,,,,,,,,,,,,,,,,,,,,,,,Female,36,Customer support,5,1,,2,12591,"Suppose you want to call your mother for sharing an important update about your life when you are surrounded with people you are close to (e.g., friends, family members)at your home."
10/21/2018 19:32,10/21/2018 19:35,0,100.35.97.44,100,194,1,10/21/2018 19:35,R_1Nn5t2X67rNcCDF,,,,,40.74450684,-74.15080261,anonymous,EN,"1,2,3,4,5,6","1,2,5",,1,,"1,2,3,4",,1,,1,,1,5,,2,,1,"1,2,3",,"1,2",,2,,"1,2",,1,,"1,2",,4,,,,,,,,,,,,,,,,,,,,,,,,,,,,,,,,,,,,,,,,,,,,,,,,,,,,,,,,,,,,,,,,,,,,,,,,,,,,,,,,,,,,,,,,"2,3,5",,1,,"2,3",,1,,1,,1,5,,2,,2,,"1,3",,2,,2,,2,,"1,3",,"1,2",,,,,,,,,,,,,,,,,,,,,,,,,,,,,,,,,,,,,,,,,,,,,,,,,,,,,,,,,,,,Male,56,driver,3,4,,3,67298,"<span lang=""EN-GB"">Suppose
     you want to watch some video when you are alone at Starbucks.<o:p></o:p></span>"
10/21/2018 19:29,10/21/2018 19:39,0,173.76.107.195,100,588,1,10/21/2018 19:39,R_2b3L3jCGFrWH7cU,,,,,42.45629883,-71.21669769,anonymous,EN,"1,2,3,6","2,5",,1,,"1,2",,1,,3,,3,"1,2",,"2,3",,3,"2,3,4",,"2,3",,"1,3,4",,"1,2",,"1,3",,"1,2",,,,,,,,,,,,,,,,,,,,,,,,,,,,,,,,,,,,,,,,,,,,,,,,,,,,,,,,,,,,,,,,,,,,,,,,,,,,,,,,,,,,,,,,,,,,,,,,,,,,,,,,,,,,,,,,,,,,,,,,,,,,,,,,,,,,,,,,,,,,,,,,,,,,,,,,,,,,,,,,,,,,,,,,,,,,,,,,,,,,,,,,89103,"<span lang=""EN-GB"">Suppose
     you want&nbsp; to a send a text message
     when you are walking with a very close friend on a street<o:p></o:p></span>"
10/21/2018 19:30,10/21/2018 19:41,0,190.87.59.43,100,629,1,10/21/2018 19:41,R_aYnil48VIGrn3pf,,,,,13.73469543,-89.15139771,anonymous,EN,"1,2,3,4,5,6",1,,"1,2,3",,"3,4",,1,,1,,2,2,,"1,2,3",,2,2,,1,,2,,2,,"1,2",,"1,2",,,,,,,,,,,,,,,,,,,,,,,,,,,,,,,,,,,,,,,,,,,,,,,,,,,,,,,,,,,,,,,,,,,,,,,,,,,,,,,,,,,,,,,,,,,,,,,,,,,,,,,,,,,,,,,,,,,,,,,,,,,,,,,,,,,,,,,,,,,,,,,,,,,,,,,,,,,,,,,,,,,,,,,,,,,,,,,,,,,,,,,,91456,"<span lang=""EN-GB"">Suppose
     you want to listen to some audio when you are with people you know (e.g.,
     acquaintances, colleagues) at your home.<o:p></o:p></span>"
10/21/2018 19:37,10/21/2018 19:43,0,100.35.97.44,100,339,1,10/21/2018 19:43,R_1irssOBtqEU3N7a,,,,,40.74450684,-74.15080261,anonymous,EN,"1,2,3,4,5,6",2,,5,,"2,3",,1,,1,,1,3,,"2,3",,1,3,,"1,2",,3,,"1,2",,5,,4,,6,,,,,,,,,,,,,,,,,,,,,,,,,,,,,,,,,,,,,,,,,,,,,,,,,,,,,,,,,,,,,,,,,,,,,,,,,,,,,,,,,,,,,,,,,,,,,,,,,,,,,,,,,,,,,,,,,,,,,,,,,,,,,,,,,,,,,,,,,,,,,,,,,,2,,5,,"2,3",,1,,1,,1,5,,2,,2,,3,,"1,3",,2,,"1,3",,5,,4,,male,34,constructor worker,4,3,,2,16524,"<span lang=""EN-GB"">Suppose
     you want to a view a text message when you are surrounded by people you
     know (e.g., acquaintances, colleagues) at a restaurant.<o:p></o:p></span>"
10/21/2018 19:44,10/21/2018 19:47,0,100.35.97.44,100,191,1,10/21/2018 19:47,R_uwG6fmOLmLVtJIZ,,,,,40.74450684,-74.15080261,anonymous,EN,"1,2,3,4,5,6","2,5",,1,,"1,2,3",,3,,1,,3,"1,2,3",,"2,3",,3,"1,3",,"1,2",,3,,"1,2",,5,,4,,4,,,,,,,,,,,,,,,,,,,,,,,,,,,,,,,,,,,,,,,,,,,,,,,,,,,,,,,,,,,,,,,,,,,,,,,,,,,,,,,,,,,,,,,,"2,5",,3,,"1,2,3",,1,,1,,3,"1,2,3",,"2,3",,"2,3",,"1,3",,3,,"1,2",,3,,"1,3",,4,,,,,,,,,,,,,,,,,,,,,,,,,,,,,,,,,,,,,,,,,,,,,,,,,,,,,,,,,,,,male,52,freelancer,4,3,,3,13410,"Suppose you want to purchase something online when
     you are with people you know (e.g., acquaintances,
     colleagues) at a park.<o:p></o:p>"
10/21/2018 19:47,10/21/2018 19:50,0,172.58.121.224,100,225,1,10/21/2018 19:50,R_vCrPbSCi2tFxAuB,,,,,42.42610168,-83.19509888,anonymous,EN,"1,2,3,4","1,2,3",,1,,3,,1,,4,,"2,3","1,2,3",,"2,3",,3,"2,3,4",,2,,"1,2,4",,2,,"1,2,3",,1,,,,,,,,,,,,,,,,,,,,,,,,,,,,,,,,,,,,,,,,,,,,,,,,,,,,,,,,,,,,,,,,,,,,,,,,,,,,,,,,,,,,,,,,,,,,,,,,,,,,,,,,,,,,,,,,,,,,,,,,,,,,,,,,,,,,,,,,,,,,,,,,,,,,,,,,,,,,,,,,,,,,,,,,,,,,,,,,,,,,,,,,24521,"<span lang=""EN-GB"">Suppose you want to browse the internet when you alone at a park.<o:p></o:p></span>"
10/21/2018 19:48,10/21/2018 19:52,0,100.35.97.44,100,297,1,10/21/2018 19:52,R_1q8I4MTijo2jPGs,,,,,40.74450684,-74.15080261,anonymous,EN,"1,2,3,4,5,6","2,3",,5,,3,,1,,1,,1,5,,2,,1,"1,3",,"1,2",,3,,"1,2",,"1,3",,1,,4,,,,,,,,,,,,,,,,,,,,,,,,,,,,,,,,,,,,,,,,,,,,,,,,,,,,,,,,,,,,,,,,,,,,,,,,,,,,,,,,,,,,,,,,"2,3",,5,,"1,2,3",,1,,1,,1,5,,2,,2,,"1,3",,3,,"1,2",,3,,"1,3",,"1,2",,,,,,,,,,,,,,,,,,,,,,,,,,,,,,,,,,,,,,,,,,,,,,,,,,,,,,,,,,,,male,40,security guard,2,3,,3,97391,"<span lang=""EN-GB"">Suppose you want to read a digital document when you are at a park.<o:p></o:p></span>"
10/21/2018 19:53,10/21/2018 19:53,0,75.102.138.15,100,10,1,10/21/2018 19:53,R_2v9abWc7GHw1WsR,,,,,35.80140686,-78.68769836,anonymous,EN,"1,2",,,,,,,,,,,,,,,,,,,,,,,,,,,,,,,,,,,,,,,,,,,,,,,,,,,,,,,,,,,,,,,,,,,,,,,,,,,,,,,,,,,,,,,,,,,,,,,,,,,,,,,,,,,,,,,,,,,,,,,,,,,,,,,,,,,,,,,,,,,,,,,,,,,,,,,,,,,,,,,,,,,,,,,,,,,,,,,,,,,,,,,,,,,,,,,,,,,,,,,,,,,,,,,,,,,17865,"<span lang=""EN-GB"">Suppose
     you want to a view a text message when you with people you know (e.g.,
     acquaintances, colleagues) at a street<strong>.</strong><o:p></o:p></span>"
10/21/2018 19:55,10/21/2018 19:55,0,99.203.128.236,100,40,1,10/21/2018 19:55,R_A5SGgw3SC6aBy2B,,,,,42.21960449,-83.604599,anonymous,EN,"1,2",,,,,,,,,,,,,,,,,,,,,,,,,,,,,,,,,,,,,,,,,,,,,,,,,,,,,,,,,,,,,,,,,,,,,,,,,,,,,,,,,,,,,,,,,,,,,,,,,,,,,,,,,,,,,,,,,,,,,,,,,,,,,,,,,,,,,,,,,,,,,,,,,,,,,,,,,,,,,,,,,,,,,,,,,,,,,,,,,,,,,,,,,,,,,,,,,,,,,,,,,,,,,,,,,,,97898,"<span lang=""EN-GB"">Suppose you are at a park, you have just read a book you loved and now you&nbsp;</span>want to write a review for it to share with people you are close to (e.g., friends, family members)"
10/21/2018 19:53,10/21/2018 19:57,0,100.35.97.44,100,258,1,10/21/2018 19:57,R_YRMYB61AnQKiIcV,,,,,40.74450684,-74.15080261,anonymous,EN,"1,2,3,4,5,6",2,,5,,2,,1,,1,,1,5,,5,,1,3,,2,,1,,2,,3,,1,,2,,,,,,,,,,,,,,,,,,,,,,,,,,,,,,2,,5,,"2,3",,1,,1,,1,5,,2,,2,,3,,"1,2",,2,,"1,2",,"1,3",,1,,,,,,,,,,,,,,,,,,,,,,,,,,,,,,,,,,,,,,,,,,,,,,,,,,,,,,,,,,,,,,,,,,,,,,,,,,,,,,,,,,,,,,,,,,,,,,,,,,,,,,,,,,,,,,,,,,,,,,male,48,customer representative,3,2,,3,20611,"<span lang=""EN-GB"">Suppose you want to take a click a photo when you with </span><span lang=""EN-GB"">some people you know (e.g.,
     acquaintances, colleagues)</span><span lang=""EN-GB""> at home<o:p></o:p></span>"
10/21/2018 19:57,10/21/2018 20:01,0,100.35.97.44,100,192,1,10/21/2018 20:01,R_AvqhH8TLafsAKsx,,,,,40.74450684,-74.15080261,anonymous,EN,"1,2,3,4,5,6",2,,5,,3,,1,,2,,3,5,,2,,3,3,,2,,3,,2,,5,,2,,2,,,,,,,,,,,,,,,,,,,,,,,,,,,,,,2,,5,,3,,1,,1,,3,5,,2,,2,,3,,3,,2,,3,,1,,2,,,,,,,,,,,,,,,,,,,,,,,,,,,,,,,,,,,,,,,,,,,,,,,,,,,,,,,,,,,,,,,,,,,,,,,,,,,,,,,,,,,,,,,,,,,,,,,,,,,,,,,,,,,,,,,,,,,,,,male,46,manager,4,3,,4,38958,"<span lang=""EN-GB"">Suppose you are at sitting at Starbucks and you want to play a digital/online&nbsp;</span>game with some close friends."
10/21/2018 20:01,10/21/2018 20:05,0,100.35.97.44,100,252,1,10/21/2018 20:05,R_31Lf0HKenA1OxQl,,,,,40.74450684,-74.15080261,anonymous,EN,"1,2,3,4,5,6",2,,5,,"2,3",,1,,1,,1,5,,2,,1,3,,2,,"1,2",,2,,3,,1,,4,,,,,,,,,,,,,,,,,,,,,,,,,,,,,,,,,,,,,,,,,,,,,,,,,,,,,,,,,,,,,,,,,,,,,,,,,,,,,,,,,,,,,,,,2,,5,,"2,3",,1,,1,,1,5,,5,,5,,3,,2,,2,,2,,"1,3",,1,,,,,,,,,,,,,,,,,,,,,,,,,,,,,,,,,,,,,,,,,,,,,,,,,,,,,,,,,,,,male,44,Teacher,4,1,,4,17496,"<span lang=""EN-GB"">Suppose
     you want to take a click a photo when you are with people you are close to
     (e.g., friends, family members) at home<o:p></o:p></span>"
10/21/2018 20:08,10/21/2018 20:08,0,173.211.29.41,100,16,1,10/21/2018 20:08,R_33dMcJHKBUCXjJf,,,,,46.85639954,-96.81230164,anonymous,EN,5,,,,,,,,,,,,,,,,,,,,,,,,,,,,,,,,,,,,,,,,,,,,,,,,,,,,,,,,,,,,,,,,,,,,,,,,,,,,,,,,,,,,,,,,,,,,,,,,,,,,,,,,,,,,,,,,,,,,,,,,,,,,,,,,,,,,,,,,,,,,,,,,,,,,,,,,,,,,,,,,,,,,,,,,,,,,,,,,,,,,,,,,,,,,,,,,,,,,,,,,,,,,,,,,,,,75222,"<span lang=""EN-GB"" style=""font-size:11.0pt;line-height:115%;
font-family:&quot;Arial&quot;,sans-serif;mso-fareast-font-family:Arial;mso-ansi-language:
EN-GB;mso-fareast-language:EN-US;mso-bidi-language:AR-SA"">Suppose you want to
take a click a photo when you are at Starbucks.</span>"
10/21/2018 20:08,10/21/2018 20:09,0,104.245.229.174,100,13,1,10/21/2018 20:09,R_299QoaSn86HAco4,,,,,38.01319885,-78.03469849,anonymous,EN,"1,2",,,,,,,,,,,,,,,,,,,,,,,,,,,,,,,,,,,,,,,,,,,,,,,,,,,,,,,,,,,,,,,,,,,,,,,,,,,,,,,,,,,,,,,,,,,,,,,,,,,,,,,,,,,,,,,,,,,,,,,,,,,,,,,,,,,,,,,,,,,,,,,,,,,,,,,,,,,,,,,,,,,,,,,,,,,,,,,,,,,,,,,,,,,,,,,,,,,,,,,,,,,,,,,,,,,36557,"<span lang=""EN-GB"">Suppose
     you want to purchase something online when you are with your close friends
     at Starbucks.<o:p></o:p></span>"
10/21/2018 20:08,10/21/2018 20:09,0,173.211.29.41,100,16,1,10/21/2018 20:09,R_3fWa948Uu4TztHC,,,,,46.85639954,-96.81230164,anonymous,EN,2,,,,,,,,,,,,,,,,,,,,,,,,,,,,,,,,,,,,,,,,,,,,,,,,,,,,,,,,,,,,,,,,,,,,,,,,,,,,,,,,,,,,,,,,,,,,,,,,,,,,,,,,,,,,,,,,,,,,,,,,,,,,,,,,,,,,,,,,,,,,,,,,,,,,,,,,,,,,,,,,,,,,,,,,,,,,,,,,,,,,,,,,,,,,,,,,,,,,,,,,,,,,,,,,,,,40870,"<span lang=""EN-GB"">Suppose
     you are at starbucks and you realize today is the last day to pay one of
     your bills online.<o:p></o:p></span>"
10/21/2018 20:09,10/21/2018 20:09,0,173.211.29.41,100,10,1,10/21/2018 20:09,R_uqPczDzVgwgmHER,,,,,46.85639954,-96.81230164,anonymous,EN,6,,,,,,,,,,,,,,,,,,,,,,,,,,,,,,,,,,,,,,,,,,,,,,,,,,,,,,,,,,,,,,,,,,,,,,,,,,,,,,,,,,,,,,,,,,,,,,,,,,,,,,,,,,,,,,,,,,,,,,,,,,,,,,,,,,,,,,,,,,,,,,,,,,,,,,,,,,,,,,,,,,,,,,,,,,,,,,,,,,,,,,,,,,,,,,,,,,,,,,,,,,,,,,,,,,,39193,"<span lang=""EN-GB"">Suppose
     you want to listen to some audio when you are at home with people you are
     close to (e.g., friends, family members).<strong><o:p></o:p></strong></span>"
10/21/2018 20:09,10/21/2018 20:09,0,173.211.29.41,100,18,1,10/21/2018 20:09,R_1E5pUGm3uEvukzD,,,,,46.85639954,-96.81230164,anonymous,EN,1,,,,,,,,,,,,,,,,,,,,,,,,,,,,,,,,,,,,,,,,,,,,,,,,,,,,,,,,,,,,,,,,,,,,,,,,,,,,,,,,,,,,,,,,,,,,,,,,,,,,,,,,,,,,,,,,,,,,,,,,,,,,,,,,,,,,,,,,,,,,,,,,,,,,,,,,,,,,,,,,,,,,,,,,,,,,,,,,,,,,,,,,,,,,,,,,,,,,,,,,,,,,,,,,,,,1376,"<span lang=""EN-GB"">Suppose you want to call your mother for sharing an important
     update about your life when you are surrounded by people you know (e.g.,
     acquaintances, colleagues) at your home.<o:p></o:p></span>"
10/21/2018 20:06,10/21/2018 20:09,0,100.35.97.44,100,224,1,10/21/2018 20:09,R_1pzJTvzvdYaLqBq,,,,,40.74450684,-74.15080261,anonymous,EN,"1,2,3,4,5,6",2,,3,,"1,2,4",,1,,2,,3,5,,"2,3",,3,"1,2,3",,"1,2",,"2,3,4",,"1,2",,"1,2",,"1,2",,2,,,,,,,,,,,,,,,,,,,,,,,,,,,,,,2,,5,,"1,2",,1,,1,,1,3,,2,,2,,"1,3",,"2,3",,"1,2",,"2,3",,"1,3",,"1,2",,,,,,,,,,,,,,,,,,,,,,,,,,,,,,,,,,,,,,,,,,,,,,,,,,,,,,,,,,,,,,,,,,,,,,,,,,,,,,,,,,,,,,,,,,,,,,,,,,,,,,,,,,,,,,,,,,,,,,male,42,teacher,4,5,,4,39121,"<span lang=""EN-GB"">Suppose you want to listen to some audio when you are alone in a park.<o:p></o:p></span>"
10/21/2018 20:09,10/21/2018 20:09,0,173.211.29.41,100,5,1,10/21/2018 20:09,R_2s0E7ppZLuKBjts,,,,,46.85639954,-96.81230164,anonymous,EN,4,,,,,,,,,,,,,,,,,,,,,,,,,,,,,,,,,,,,,,,,,,,,,,,,,,,,,,,,,,,,,,,,,,,,,,,,,,,,,,,,,,,,,,,,,,,,,,,,,,,,,,,,,,,,,,,,,,,,,,,,,,,,,,,,,,,,,,,,,,,,,,,,,,,,,,,,,,,,,,,,,,,,,,,,,,,,,,,,,,,,,,,,,,,,,,,,,,,,,,,,,,,,,,,,,,,97242,"<span lang=""EN-GB"">Suppose you want to browse through one of your social media profiles when you&nbsp;</span>are at your home."
10/21/2018 20:10,10/21/2018 20:10,0,108.88.175.151,100,9,1,10/21/2018 20:10,R_2qDxKWh7vIClJql,,,,,42.53399658,-83.52850342,anonymous,EN,3,,,,,,,,,,,,,,,,,,,,,,,,,,,,,,,,,,,,,,,,,,,,,,,,,,,,,,,,,,,,,,,,,,,,,,,,,,,,,,,,,,,,,,,,,,,,,,,,,,,,,,,,,,,,,,,,,,,,,,,,,,,,,,,,,,,,,,,,,,,,,,,,,,,,,,,,,,,,,,,,,,,,,,,,,,,,,,,,,,,,,,,,,,,,,,,,,,,,,,,,,,,,,,,,,,,6852,"<span lang=""EN-GB"">Suppose
     you are at home with some people you know (e.g., acquaintances,
     colleagues) when you realize today is the last day to pay one of your
     bills online.<o:p></o:p></span>"
10/21/2018 20:09,10/21/2018 20:11,0,173.211.29.41,100,84,1,10/21/2018 20:11,R_2azbNNYwu94SXUh,,,,,46.85639954,-96.81230164,anonymous,EN,"2,3,5,6","1,4",,"1,3",,3,,1,,"3,4",,1,2,,1,,"2,3","2,4",,"1,3",,2,,2,,2,,"1,2",,,,,,,,,,,,,,,,,,,,,,,,,,,,,,,,,,,,,,,,,,,,,,,,,,,,,,,,,,,,,,,,,,,,,,,,,,,,,,,,,,,,,,,,,,,,,,,,,,,,,,,,,,,,,,,,,,,,,,,,,,,,,,,,,,,,,,,,,,,,,,,,,,,,,,,,,,,,,,,,,,,,,,,,,,,,,,,,,,,,,,,,28569,"<span lang=""EN-GB"">Suppose
     you want to read a digital document when you are at home with people you
     are close to (e.g., friends, family members).<strong><o:p></o:p></strong></span>"
10/21/2018 20:10,10/21/2018 20:13,0,100.35.97.44,100,200,1,10/21/2018 20:13,R_2zwKnKx4D2hpcbc,,,,,40.74450684,-74.15080261,anonymous,EN,"1,2,3,4,5,6",2,,5,,6,,1,,2,,1,5,,2,,1,3,,2,,"2,3",,2,,1,,2,,4,,,,,,,,,,,,,,,,,,,,,,,,,,,,,,,,,,,,,,,,,,,,,,,,,,,,,,,,,,,,,,,,,,,,,,,,,,,,,,,,,,,,,,,,2,,5,,3,,1,,1,,1,5,,2,,2,,3,,"2,3",,2,,"2,3",,1,,2,,,,,,,,,,,,,,,,,,,,,,,,,,,,,,,,,,,,,,,,,,,,,,,,,,,,,,,,,,,,male ,40,manager,5,1,,5,80295,"<span lang=""EN-GB"">Suppose you are at sitting in a park and you want to play a digital/online game&nbsp;</span>with some close friends."
10/21/2018 20:11,10/21/2018 20:14,0,173.211.29.41,100,154,1,10/21/2018 20:14,R_2YIZtTL5E4eoGjQ,,,,,46.85639954,-96.81230164,anonymous,EN,"1,2,3,5",3,,3,,3,,1,,3,,3,1,,2,,3,3,,1,,4,,1,,1,,1,,2,,,,,,,,,,,,,,,,,,,,,,,,,,,,,,2,,2,,2,,1,,3,,1,1,,2,,2,,3,,3,,2,,3,,3,,1,,,,,,,,,,,,,,,,,,,,,,,,,,,,,,,,,,,,,,,,,,,,,,,,,,,,,,,,,,,,,,,,,,,,,,,,,,,,,,,,,,,,,,,,,,,,,,,,,,,,,,,,,,,,,,,,,,,,,,male,27,business,6,1,,9,32655,"<span lang=""EN-GB"">Suppose you are alone at home, you want to take a break from studying/working&nbsp;</span>so you decide to play an online/digital game with some close friends ."
10/21/2018 20:17,10/21/2018 20:22,0,70.231.17.55,100,318,1,10/21/2018 20:22,R_3JgcJYRzme6b7q7,,,,,35.8072052,-78.88700104,anonymous,EN,"1,2,4","3,4",,5,,3,,3,,1,,3,3,,1,,3,3,,1,,3,,5,,5,,"1,2",,,,,,,,,,,,,,,,,,,,,,,,,,,,,,,,,,,,,,,,,,,,,,,,,,,,,,,,,,,,,,,,,,,,,,,,,,,,,,,,,,,,,,,,,,,,,,,,,,,,,,,,,,,,,,,,,,,,,,,,,,,,,,,,,,,,,,,,,,,,,,,,,,,,,,,,,,,,,,,,,,,,,,,,,,,,,,,,,,,,,,,,39982,"<span lang=""EN-GB"">Suppose you want to take a click a photo when you are with your close friends&nbsp;</span>and family members at Starbucks"
10/21/2018 20:25,10/21/2018 20:28,0,71.183.92.137,100,177,1,10/21/2018 20:28,R_2ONCmWRZRk6HrEp,,,,,40.78160095,-73.95110321,anonymous,EN,"1,2,4,6",2,,1,,"1,2,3",,1,,1,,"1,2","2,3",,"1,2",,1,2,,"1,2",,3,,1,,"1,2",,"1,2",,,,,,,,,,,,,,,,,,,,,,,,,,,,,,,,,,,,,,,,,,,,,,,,,,,,,,,,,,,,,,,,,,,,,,,,,,,,,,,,,,,,,,,,,,,,,,,,,,,,,,,,,,,,,,,,,,,,,,,,,,,,,,,,,,,,,,,,,,,,,,,,,,,,,,,,,,,,,,,,,,,,,,,,,,,,,,,,,,,,,,,,72212,"<span lang=""EN-GB"">Suppose
     you want to a send an email when you are surrounded by people you know
     (e.g., acquaintances, colleagues) at a restaurant.<o:p></o:p></span>"
10/21/2018 20:29,10/21/2018 20:32,0,172.58.45.140,100,160,1,10/21/2018 20:32,R_2xxFIBZWuKiXWST,,,,,45.50779724,-122.6896973,anonymous,EN,"1,2,3,5","2,3,4,5",,3,,2,,1,,1,,"2,3","2,3",,1,,3,"2,3,4",,2,,"2,3",,2,,"1,3",,"1,2",,,,,,,,,,,,,,,,,,,,,,,,,,,,,,,,,,,,,,,,,,,,,,,,,,,,,,,,,,,,,,,,,,,,,,,,,,,,,,,,,,,,,,,,,,,,,,,,,,,,,,,,,,,,,,,,,,,,,,,,,,,,,,,,,,,,,,,,,,,,,,,,,,,,,,,,,,,,,,,,,,,,,,,,,,,,,,,,,,,,,,,,39953,"<span lang=""EN-GB"">Suppose you are at sitting at Starbucks and you want to play a digital/online&nbsp;</span>game."
10/21/2018 20:30,10/21/2018 20:32,0,72.222.208.129,100,112,1,10/21/2018 20:32,R_1KwEvdUqiIs8FH8,,,,,33.62379456,-112.0044022,anonymous,EN,"1,2,6",2,,3,,2,,1,,1,,2,2,,"1,2",,1,3,,"2,3",,"1,4",,2,,1,,2,,,,,,,,,,,,,,,,,,,,,,,,,,,,,,,,,,,,,,,,,,,,,,,,,,,,,,,,,,,,,,,,,,,,,,,,,,,,,,,,,,,,,,,,,,,,,,,,,,,,,,,,,,,,,,,,,,,,,,,,,,,,,,,,,,,,,,,,,,,,,,,,,,,,,,,,,,,,,,,,,,,,,,,,,,,,,,,,,,,,,,,,62179,"<span lang=""EN-GB"">Suppose you want to read a digital document when you are in a park surrounded by your close friends.<o:p></o:p></span>"
10/21/2018 20:33,10/21/2018 20:34,0,72.88.86.137,100,85,1,10/21/2018 20:34,R_2OZ0NcA7Gtm2K8t,,,,,42.97439575,-78.79489899,anonymous,EN,"1,2,3,5","1,3,4",,"2,3",,"1,2,3",,1,,"1,2,3,4",,1,"1,2,3",,1,,"1,2","1,2,3",,"1,2",,"2,3,4,6",,"2,3",,"1,2,3",,1,,,,,,,,,,,,,,,,,,,,,,,,,,,,,,,,,,,,,,,,,,,,,,,,,,,,,,,,,,,,,,,,,,,,,,,,,,,,,,,,,,,,,,,,,,,,,,,,,,,,,,,,,,,,,,,,,,,,,,,,,,,,,,,,,,,,,,,,,,,,,,,,,,,,,,,,,,,,,,,,,,,,,,,,,,,,,,,,,,,,,,,,46764,"<span lang=""EN-GB"">Suppose you want to browse the internet when you are at home with people you are close to (e.g., friends, family members)<strong><o:p></o:p></strong></span>"
10/21/2018 20:30,10/21/2018 20:35,0,104.53.195.124,100,278,1,10/21/2018 20:35,R_3QW2be2Slt9tjXQ,,,,,43.02589417,-83.60410309,anonymous,EN,"1,2,3,4,6","2,5",,1,,"1,2,3",,1,,1,,"1,2","1,2,3",,"1,3",,4,"1,3",,2,,"1,3,4",,"1,2",,1,,2,,,,,,,,,,,,,,,,,,,,,,,,,,,,,,,,,,,,,,,,,,,,,,,,,,,,,,,,,,,,,,,,,,,,,,,,,,,,,,,,,,,,,,,,,,,,,,,,,,,,,,,,,,,,,,,,,,,,,,,,,,,,,,,,,,,,,,,,,,,,,,,,,,,,,,,,,,,,,,,,,,,,,,,,,,,,,,,,,,,,,,,,39891,"Suppose you are alone at home, you want to take a break from studying/working&nbsp;<p>so you decide to play a video game with some with some people you know (e.g., acquaintances, colleagues).<o:p></o:p></p>"
10/21/2018 20:38,10/21/2018 20:40,0,71.238.24.186,100,169,1,10/21/2018 20:40,R_1juOwBEijKvDTSU,,,,,45.48399353,-122.6365051,anonymous,EN,"1,2,3","2,4",,"1,3",,"1,2",,1,,1,,1,"1,2",,"1,2,3",,"1,2",1,,"1,2",,"1,3",,"1,2",,"1,2",,"1,2",,,,,,,,,,,,,,,,,,,,,,,,,,,,,,,,,,,,,,,,,,,,,,,,,,,,,,,,,,,,,,,,,,,,,,,,,,,,,,,,,,,,,,,,,,,,,,,,,,,,,,,,,,,,,,,,,,,,,,,,,,,,,,,,,,,,,,,,,,,,,,,,,,,,,,,,,,,,,,,,,,,,,,,,,,,,,,,,,,,,,,,,45820,"<span lang=""EN-GB"">Suppose
     you want to set up a reminder about something when you are with people you
     know (e.g., acquaintances, colleagues) at Starbucks.<o:p></o:p></span>"
10/21/2018 20:54,10/21/2018 20:55,0,172.56.36.107,100,9,1,10/21/2018 20:55,R_5u6OQzthkRIhrIR,,,,,40.72360229,-74.20149994,anonymous,EN,"1,2",,,,,,,,,,,,,,,,,,,,,,,,,,,,,,,,,,,,,,,,,,,,,,,,,,,,,,,,,,,,,,,,,,,,,,,,,,,,,,,,,,,,,,,,,,,,,,,,,,,,,,,,,,,,,,,,,,,,,,,,,,,,,,,,,,,,,,,,,,,,,,,,,,,,,,,,,,,,,,,,,,,,,,,,,,,,,,,,,,,,,,,,,,,,,,,,,,,,,,,,,,,,,,,,,,,94767,"<span lang=""EN-GB"">Suppose
     you want to listen to some audio when you are with your close friends in a
     park.<o:p></o:p></span>"
10/21/2018 20:55,10/21/2018 20:56,0,172.56.36.107,100,49,1,10/21/2018 20:56,R_1LSQzCfkb95FKIy,,,,,40.72360229,-74.20149994,anonymous,EN,"1,2,3,6","2,3,5",,"1,2,3",,"1,2,4",,1,,"2,3,4",,"1,2,3","1,2",,"1,2",,4,1,,"1,2",,"1,2",,"1,2",,"1,2",,"1,2",,,,,,,,,,,,,,,,,,,,,,,,,,,,,,,,,,,,,,,,,,,,,,,,,,,,,,,,,,,,,,,,,,,,,,,,,,,,,,,,,,,,,,,,,,,,,,,,,,,,,,,,,,,,,,,,,,,,,,,,,,,,,,,,,,,,,,,,,,,,,,,,,,,,,,,,,,,,,,,,,,,,,,,,,,,,,,,,,,,,,,,,24533,"<span lang=""EN-GB"">Suppose you want to set up a reminder about something when you are at Starbucks with close friends.<o:p></o:p></span>"
10/21/2018 20:55,10/21/2018 21:09,0,73.53.100.162,100,837,1,10/21/2018 21:09,R_2e39Sv8wNAkHgXO,,,,,47.28840637,-122.0979996,anonymous,EN,"1,2,3,4","2,3,4",,1,,"1,2,3,4",,1,,1,,1,"1,2,3",,1,,3,"1,2",,"1,2,3",,3,,"1,2,3",,"1,2,3",,4,,,,,,,,,,,,,,,,,,,,,,,,,,,,,,,,,,,,,,,,,,,,,,,,,,,,,,,,,,,,,,,,,,,,,,,,,,,,,,,,,,,,,,,,,,,,,,,,,,,,,,,,,,,,,,,,,,,,,,,,,,,,,,,,,,,,,,,,,,,,,,,,,,,,,,,,,,,,,,,,,,,,,,,,,,,,,,,,,,,,,,,,54113,"<span lang=""EN-GB"">Suppose
     you want to watch some video when
     you are at home with people you are close to (e.g., friends, family
     members)<strong><o:p></o:p></strong></span>"
10/21/2018 21:13,10/21/2018 21:14,0,192.241.216.124,100,76,1,10/21/2018 21:14,R_29nUdXAttiIlWfp,,,,,37.73530579,-122.3731995,anonymous,EN,"1,2",,,,,,,,,,,,,,,,,,,,,,,,,,,,,,,,,,,,,,,,,,,,,,,,,,,,,,,,,,,,,,,,,,,,,,,,,,,,,,,,,,,,,,,,,,,,,,,,,,,,,,,,,,,,,,,,,,,,,,,,,,,,,,,,,,,,,,,,,,,,,,,,,,,,,,,,,,,,,,,,,,,,,,,,,,,,,,,,,,,,,,,,,,,,,,,,,,,,,,,,,,,,,,,,,,,50758,"<span lang=""EN-GB"" style=""font-size:11.0pt;line-height:115%;
font-family:&quot;Arial&quot;,sans-serif;mso-fareast-font-family:Arial;mso-ansi-language:
EN-GB;mso-fareast-language:EN-US;mso-bidi-language:AR-SA"">Suppose you want to a
send an email when you are alone at home</span>"
10/21/2018 21:14,10/21/2018 21:14,0,192.241.216.124,100,15,1,10/21/2018 21:14,R_1I63hKgoI6vWLNM,,,,,37.73530579,-122.3731995,anonymous,EN,2,,,,,,,,,,,,,,,,,,,,,,,,,,,,,,,,,,,,,,,,,,,,,,,,,,,,,,,,,,,,,,,,,,,,,,,,,,,,,,,,,,,,,,,,,,,,,,,,,,,,,,,,,,,,,,,,,,,,,,,,,,,,,,,,,,,,,,,,,,,,,,,,,,,,,,,,,,,,,,,,,,,,,,,,,,,,,,,,,,,,,,,,,,,,,,,,,,,,,,,,,,,,,,,,,,,34045,"<span lang=""EN-GB"">Suppose you want to watch some video when you are with your close friends at Starbucks.<o:p></o:p></span>"
10/21/2018 21:14,10/21/2018 21:14,0,192.241.216.124,100,10,1,10/21/2018 21:14,R_3ef50dnjGu9tPMo,,,,,37.73530579,-122.3731995,anonymous,EN,1,,,,,,,,,,,,,,,,,,,,,,,,,,,,,,,,,,,,,,,,,,,,,,,,,,,,,,,,,,,,,,,,,,,,,,,,,,,,,,,,,,,,,,,,,,,,,,,,,,,,,,,,,,,,,,,,,,,,,,,,,,,,,,,,,,,,,,,,,,,,,,,,,,,,,,,,,,,,,,,,,,,,,,,,,,,,,,,,,,,,,,,,,,,,,,,,,,,,,,,,,,,,,,,,,,,95337,"<span lang=""EN-GB"">Suppose you have planned to meet a friend next week and you want to&nbsp;put this on your calendar </span><span lang=""EN-GB"">when</span><span lang=""EN-GB""> you are surrounded by people you know (e.g., acquaintances, colleagues) at your home.</span><span lang=""EN-GB""><o:p></o:p></span>"
10/21/2018 21:15,10/21/2018 21:15,0,192.241.216.124,100,13,1,10/21/2018 21:15,R_3MsNPG28pgdvvcX,,,,,37.73530579,-122.3731995,anonymous,EN,5,,,,,,,,,,,,,,,,,,,,,,,,,,,,,,,,,,,,,,,,,,,,,,,,,,,,,,,,,,,,,,,,,,,,,,,,,,,,,,,,,,,,,,,,,,,,,,,,,,,,,,,,,,,,,,,,,,,,,,,,,,,,,,,,,,,,,,,,,,,,,,,,,,,,,,,,,,,,,,,,,,,,,,,,,,,,,,,,,,,,,,,,,,,,,,,,,,,,,,,,,,,,,,,,,,,17556,"<span lang=""EN-GB"">Suppose it is a regular working day, you want to track the total amount of calories&nbsp;</span>you consume and burn off during the day.&nbsp;"
10/21/2018 21:15,10/21/2018 21:15,0,192.241.216.124,100,10,1,10/21/2018 21:15,R_27pQLahuonezLBB,,,,,37.73530579,-122.3731995,anonymous,EN,3,,,,,,,,,,,,,,,,,,,,,,,,,,,,,,,,,,,,,,,,,,,,,,,,,,,,,,,,,,,,,,,,,,,,,,,,,,,,,,,,,,,,,,,,,,,,,,,,,,,,,,,,,,,,,,,,,,,,,,,,,,,,,,,,,,,,,,,,,,,,,,,,,,,,,,,,,,,,,,,,,,,,,,,,,,,,,,,,,,,,,,,,,,,,,,,,,,,,,,,,,,,,,,,,,,,50519,"<span lang=""EN-GB"">Suppose
     you have planned to meet a friend next week and you want put this on your
     calendar when you are alone at home<strong><o:p></o:p></strong></span>"
10/21/2018 21:15,10/21/2018 21:15,0,192.241.216.124,100,8,1,10/21/2018 21:15,R_1jwYVFodYDD6tt2,,,,,37.73530579,-122.3731995,anonymous,EN,4,,,,,,,,,,,,,,,,,,,,,,,,,,,,,,,,,,,,,,,,,,,,,,,,,,,,,,,,,,,,,,,,,,,,,,,,,,,,,,,,,,,,,,,,,,,,,,,,,,,,,,,,,,,,,,,,,,,,,,,,,,,,,,,,,,,,,,,,,,,,,,,,,,,,,,,,,,,,,,,,,,,,,,,,,,,,,,,,,,,,,,,,,,,,,,,,,,,,,,,,,,,,,,,,,,,26344,"<span lang=""EN-GB"">Suppose you want to watch some video when you are alone at your home.<strong><o:p></o:p></strong></span>"
10/21/2018 21:07,10/21/2018 21:18,0,186.179.48.86,100,646,1,10/21/2018 21:18,R_2ANCUTuA8w2dX8q,,,,,15,-86.5,anonymous,EN,"2,5,6",1,,1,,3,,1,,4,,2,2,,2,,1,4,,2,,2,,2,,2,,2,,,,,,,,,,,,,,,,,,,,,,,,,,,,,,,,,,,,,,,,,,,,,,,,,,,,,,,,,,,,,,,,,,,,,,,,,,,,,,,,,,,,,,,,,,,,,,,,,,,,,,,,,,,,,,,,,,,,,,,,,,,,,,,,,,,,,,,,,,,,,,,,,,,,,,,,,,,,,,,,,,,,,,,,,,,,,,,,,,,,,,,,40425,"<span lang=""EN-GB"" style=""font-size:11.0pt;line-height:115%;
font-family:&quot;Arial&quot;,sans-serif;mso-fareast-font-family:Arial;mso-ansi-language:
EN-GB;mso-fareast-language:EN-US;mso-bidi-language:AR-SA"">Suppose you want to check your social media when you are alone in a park.</span>"
10/21/2018 21:30,10/21/2018 21:31,0,103.249.234.12,100,32,1,10/21/2018 21:31,R_3CEihr86TLiJdJ5,,,,,23.03329468,72.61669922,anonymous,EN,"1,2,3,6",7,,5,,6,,3,,1,,4,1,,1,,1,6,,1,,1,,1,,1,,4,,,,,,,,,,,,,,,,,,,,,,,,,,,,,,,,,,,,,,,,,,,,,,,,,,,,,,,,,,,,,,,,,,,,,,,,,,,,,,,,,,,,,,,,,,,,,,,,,,,,,,,,,,,,,,,,,,,,,,,,,,,,,,,,,,,,,,,,,,,,,,,,,,,,,,,,,,,,,,,,,,,,,,,,,,,,,,,,,,,,,,,,14412,"<span lang=""EN-GB"">Suppose
     you want to call your mother for sharing an important update about your
     life when you are alone at Starbucks.<o:p></o:p></span>"
10/21/2018 21:31,10/21/2018 21:31,0,103.249.234.12,100,35,1,10/21/2018 21:31,R_3qU5XzSADrPRwSO,,,,,23.03329468,72.61669922,anonymous,EN,"1,2,3,4,5,6","1,2,3,4,5",,5,,1,,3,,"1,2,3,4",,"1,2","1,2,3",,1,,4,"1,2,3,4",,1,,"1,2,3",,"1,2,3",,5,,1,,,,,,,,,,,,,,,,,,,,,,,,,,,,,,,,,,,,,,,,,,,,,,,,,,,,,,,,,,,,,,,,,,,,,,,,,,,,,,,,,,,,,,,,,,,,,,,,,,,,,,,,,,,,,,,,,,,,,,,,,,,,,,,,,,,,,,,,,,,,,,,,,,,,,,,,,,,,,,,,,,,,,,,,,,,,,,,,,,,,,,,,22876,"<span lang=""EN-GB"">Suppose you want to read a digital document when you are in a park with people you know (e.g., acquaintances, colleagues).<o:p></o:p></span>"
10/21/2018 21:31,10/21/2018 21:34,0,103.249.234.12,100,174,1,10/21/2018 21:34,R_2fjtczUKLXhj8bS,,,,,23.03329468,72.61669922,anonymous,EN,"1,2,3,4,5,6","1,2,3",,"1,2,3",,"2,3",,1,,"1,2,3",,2,"1,2,3,4",  as,"1,2,3",,3,"1,2,3",,"1,2,3",,"1,2,3",,"1,2",,"1,2,3",,2,,,,,,,,,,,,,,,,,,,,,,,,,,,,,,,,,,,,,,,,,,,,,,,,,,,,,,,,,,,,,,,,,,,,,,,,,,,,,,,,,,,,,,,,,,,,,,,,,,,,,,,,,,,,,,,,,,,,,,,,,,,,,,,,,,,,,,,,,,,,,,,,,,,,,,,,,,,,,,,,,,,,,,,,,,,,,,,,,,,,,,,,10143,"<span lang=""EN-GB"">Suppose you want to call your mother for sharing an important
     update about your life&nbsp; when you
     with people you know (e.g., acquaintances, colleagues) at a park<o:p></o:p></span>"
10/21/2018 21:39,10/21/2018 21:40,0,174.194.34.165,100,78,1,10/21/2018 21:40,R_3fq2yzcQ5XhgJSZ,,,,,34.95359802,-78.93540192,anonymous,EN,"1,2,4,5",2,,2,,1,,3,,4,,4,3,,3,,2,4,,2,,3,,2,,3,,2,,,,,,,,,,,,,,,,,,,,,,,,,,,,,,,,,,,,,,,,,,,,,,,,,,,,,,,,,,,,,,,,,,,,,,,,,,,,,,,,,,,,,,,,,,,,,,,,,,,,,,,,,,,,,,,,,,,,,,,,,,,,,,,,,,,,,,,,,,,,,,,,,,,,,,,,,,,,,,,,,,,,,,,,,,,,,,,,,,,,,,,,39319,"<span lang=""EN-GB"">Suppose you want to control some devices/appliances (e.g., smart lights) when you are alone at home.<o:p></o:p></span>"
10/21/2018 21:41,10/21/2018 21:41,0,107.242.117.12,100,33,1,10/21/2018 21:41,R_3spunl6eyiDd1ye,,,,,40.74499512,-73.9068985,anonymous,EN,3,,,,,,,,,,,,,,,,,,,,,,,,,,,,,,,,,,,,,,,,,,,,,,,,,,,,,,,,,,,,,,,,,,,,,,,,,,,,,,,,,,,,,,,,,,,,,,,,,,,,,,,,,,,,,,,,,,,,,,,,,,,,,,,,,,,,,,,,,,,,,,,,,,,,,,,,,,,,,,,,,,,,,,,,,,,,,,,,,,,,,,,,,,,,,,,,,,,,,,,,,,,,,,,,,,,84507,"<span lang=""EN-GB"">Suppose you have planned to meet a friend next week and you want to put this on your calendar when you are with a very close friend at a restaurant&nbsp;<o:p></o:p></span>"
10/21/2018 21:42,10/21/2018 21:42,0,108.35.33.86,100,11,1,10/21/2018 21:42,R_3EoK9vTnrdsXfMW,,,,,40.95480347,-73.96019745,anonymous,EN,"1,2",,,,,,,,,,,,,,,,,,,,,,,,,,,,,,,,,,,,,,,,,,,,,,,,,,,,,,,,,,,,,,,,,,,,,,,,,,,,,,,,,,,,,,,,,,,,,,,,,,,,,,,,,,,,,,,,,,,,,,,,,,,,,,,,,,,,,,,,,,,,,,,,,,,,,,,,,,,,,,,,,,,,,,,,,,,,,,,,,,,,,,,,,,,,,,,,,,,,,,,,,,,,,,,,,,,16067,"<span lang=""EN-GB"">Suppose
     you want to find a route to home when you are at Starbucks with people you
     know (e.g., acquaintances, colleagues).<o:p></o:p></span>"
10/21/2018 21:49,10/21/2018 21:50,0,75.74.67.205,100,59,1,10/21/2018 21:50,R_2QtC6UP6aUqGx2o,,,,,25.72740173,-80.4496994,anonymous,EN,"1,2,6","2,3,4",,3,,"1,3,4",,1,,"2,3",,"2,3","1,2",,"2,3",,2,"1,2",,"1,3",,2,,"1,2",,3,,2,,,,,,,,,,,,,,,,,,,,,,,,,,,,,,,,,,,,,,,,,,,,,,,,,,,,,,,,,,,,,,,,,,,,,,,,,,,,,,,,,,,,,,,,,,,,,,,,,,,,,,,,,,,,,,,,,,,,,,,,,,,,,,,,,,,,,,,,,,,,,,,,,,,,,,,,,,,,,,,,,,,,,,,,,,,,,,,,,,,,,,,,86215,"<span lang=""EN-GB"">Suppose
     you want to call your mother for sharing an important update about your
     life when you are with a very close friend at a restaurant&nbsp;<o:p></o:p></span>"
10/21/2018 21:42,10/21/2018 21:54,0,47.35.41.209,100,746,1,10/21/2018 21:54,R_9LZK9R7HnGdPHPz,,,,,36.06860352,-119.0315018,anonymous,EN,"1,2,4",2,,1,,"1,2",,3,,1,,4,"1,2,3",,2,,4,2,,1,,7,,"1,2,3",,1,,4,,,,,,,,,,,,,,,,,,,,,,,,,,,,,,,,,,,,,,,,,,,,,,,,,,,,,,,,,,,,,,,,,,,,,,,,,,,,,,,,,,,,,,,,,,,,,,,,,,,,,,,,,,,,,,,,,,,,,,,,,,,,,,,,,,,,,,,,,,,,,,,,,,,,,,,,,,,,,,,,,,,,,,,,,,,,,,,,,,,,,,,,37569,"<span lang=""EN-GB"">Suppose you are at a park with some people you know (e.g., acquaintances, colleagues) when you realize that you have to immediately pay one of your bills online.<o:p></o:p></span>"
10/21/2018 21:59,10/21/2018 22:03,0,70.124.32.115,100,271,1,10/21/2018 22:03,R_2WMAm1GVcWB3feY,,,,,26.27920532,-98.18319702,anonymous,EN,"1,2,3,4,5",2,,1,,"1,2,3,4",,1,,1,,"2,3","1,2,3",,"1,2,3",,"2,3","1,2,3",,"1,2,3",,"1,2,3,4",,"1,2,3",,"1,2,3",,"1,2",,2,,,,,,,,,,,,,,,,,,,,,,,,,,,,,,"1,2",,1,,"1,3",,1,,1,,4,5,,2,,2,,2,,"1,2,3,4",,"1,2",,"2,4",,1,,4,,,,,,,,,,,,,,,,,,,,,,,,,,,,,,,,,,,,,,,,,,,,,,,,,,,,,,,,,,,,,,,,,,,,,,,,,,,,,,,,,,,,,,,,,,,,,,,,,,,,,,,,,,,,,,,,,,,,,,,,,,,,,83968,"<span lang=""EN-GB"">Suppose
     you want to a view a text message when you are surrounded with people you
     are close to (e.g., friends, family members) at your home.<strong><o:p></o:p></strong></span>"
10/21/2018 22:05,10/21/2018 22:09,0,47.33.167.183,100,282,1,10/21/2018 22:09,R_2P1Ym580nFlUHlf,,,,,46.1558075,-123.7980042,anonymous,EN,"1,2,3,4",4,,5,,6,,3,,1,,4,5,,5,,4,6,,5,,7,,5,,5,,1,,1,4,,5,,6,,3,,1,,4,5,,5,,5,,6,,7,,5,,7,,5,,4,,,,,,,,,,,,,,,,,,,,,,,,,,,,,,,,,,,,,,,,,,,,,,,,,,,,,,,,,,,,,,,,,,,,,,,,,,,,,,,,,,,,,,,,,,,,,,,,,,,,,,,,,,,,,,,,,,,,,,,,,,,,,,,,,,,,,,,,,,,,,,,,,,,Male,44,Transit Center Manager,5,1,,3,54227,"<span lang=""EN-GB"">Suppose
     you are at a park and you realize today is the last day to pay one of your
     bills online.<o:p></o:p></span>"
10/21/2018 22:09,10/21/2018 22:09,0,192.241.122.70,100,6,1,10/21/2018 22:09,R_6AtoeyWiVsGY9Il,,,,,30.27130127,-97.74259949,anonymous,EN,1,,,,,,,,,,,,,,,,,,,,,,,,,,,,,,,,,,,,,,,,,,,,,,,,,,,,,,,,,,,,,,,,,,,,,,,,,,,,,,,,,,,,,,,,,,,,,,,,,,,,,,,,,,,,,,,,,,,,,,,,,,,,,,,,,,,,,,,,,,,,,,,,,,,,,,,,,,,,,,,,,,,,,,,,,,,,,,,,,,,,,,,,,,,,,,,,,,,,,,,,,,,,,,,,,,,58619,"<span lang=""EN-GB"">Suppose
     you want to a send a text message when you are with a very close friend at
     a restaurant&nbsp;<o:p></o:p></span>"
10/21/2018 22:09,10/21/2018 22:13,0,192.241.122.70,100,201,1,10/21/2018 22:13,R_3RdMrDop0AlJeME,,,,,30.27130127,-97.74259949,anonymous,EN,"1,2,3",3,,1,,3,,1,,4,,2,2,,2,,2,3,,2,,3,,2,,2,,2,,1,3,,3,,3,,3,,3,,2,3,,"1,2",,"1,2",,2,,3,,1,,3,,3,,1,,,,,,,,,,,,,,,,,,,,,,,,,,,,,,,,,,,,,,,,,,,,,,,,,,,,,,,,,,,,,,,,,,,,,,,,,,,,,,,,,,,,,,,,,,,,,,,,,,,,,,,,,,,,,,,,,,,,,,,,,,,,,,,,,,,,,,,,,,,,,,,,,,,female,27,employee,6,1,,3,86476,"<span lang=""EN-GB"">Suppose
     you want to set up a reminder about something when you are at Starbucks by
     yourself.<o:p></o:p></span>"
10/21/2018 22:10,10/21/2018 22:13,0,184.18.193.7,100,158,1,10/21/2018 22:13,R_RgE898Brt2FJGkV,,,,,41.14649963,-85.12319946,anonymous,EN,"1,2,3,4,5",1,,5,,6,,3,,3,,4,5,,5,,2,6,,5,,7,,5,,1,,4,,,,,,,,,,,,,,,,,,,,,,,,,,,,,,,,,,,,,,,,,,,,,,,,,,,,,,,,,,,,,,,,,,,,,,,,,,,,,,,,,,,,,,,,,,,,,,,,,,,,,,,,,,,,,,,,,,,,,,,,,,,,,,,,,,,,,,,,,,,,,,,,,,,,,,,,,,,,,,,,,,,,,,,,,,,,,,,,,,,,,,,,48990,"<span lang=""EN-GB"">Suppose you want to browse the internet when you are at home with people you know (e.g., acquaintances, colleagues).<o:p></o:p></span>"
10/21/2018 22:05,10/21/2018 22:15,0,107.77.237.157,100,580,1,10/21/2018 22:15,R_1n29NHC7GBrXunP,,,,,37.75100708,-97.8219986,anonymous,EN,"1,2,4,5","2,3",,5,,"1,2,3",,1,,"1,3",,"2,3","2,3",,"1,2",,2,"1,2,4",,"1,2",,"3,4",,2,,"1,2",,1,,,,,,,,,,,,,,,,,,,,,,,,,,,,,,,,,,,,,,,,,,,,,,,,,,,,,,,,,,,,,,,,,,,,,,,,,,,,,,,,,,,,,,,,,,,,,,,,,,,,,,,,,,,,,,,,,,,,,,,,,,,,,,,,,,,,,,,,,,,,,,,,,,,,,,,,,,,,,,,,,,,,,,,,,,,,,,,,,,,,,,,,73346,"Suppose
     you want to call your mother for sharing an important update about your
     life when you are surrounded by people you
     know (e.g., acquaintances, colleagues) at a restaurant.<o:p></o:p>"
10/21/2018 22:15,10/21/2018 22:22,0,71.29.132.90,100,406,1,10/21/2018 22:22,R_2rONhqf3t6OdM7O,,,,,31.94670105,-81.94830322,anonymous,EN,"1,2,3,4","1,2,4",,"1,2",,"2,3",,1,,6,,"1,2","1,2",,5,,"1,2","1,2",,"2,3",,"1,2",,"2,3",,"2,3",,2,,"1,2,3","3,4",,1,,2,,1,,"2,3",,1,2,,1,,1,,2,,3,,2,,2,,2,,1,,"4,5",,"1,2",,"1,2,3",,3,,"1,2",,"2,3","1,2",,"1,2",,2,,"2,3,4",,"3,4",,"2,3",,7,,"1,2",,"1,2",,"1,2",,1,,"2,3",,1,,2,,2,"1,2,3",,"1,2",,1,,"1,2,3",,"2,3",,"1,2",,"1,2,3",,2,,2,,,,,,,,,,,,,,,,,,,,,,,,,,,,,,,,,,,,,,,,,,,,,,,,,,,,,,,,,,,,,,,,,,,,,,,,,,,,,,,,,,,,,,,,,,,,,,,,64378,"<span lang=""EN-GB"">Suppose
     you want to watch some video when you are with people you know (e.g.,
     acquaintances, colleagues) in a park.<o:p></o:p></span>"
10/21/2018 22:35,10/21/2018 22:37,0,186.179.48.111,100,171,1,10/21/2018 22:38,R_ewIL0XE25LX0zQJ,,,,,15,-86.5,anonymous,EN,"1,2,3,4,5,6","1,2",,1,,1,,1,,3,,4,2,,1,,2,"2,3",,"2,3",,"1,3",,1,,1,,1,,,,,,,,,,,,,,,,,,,,,,,,,,,,,,,,,,,,,,,,,,,,,,,,,,,,,,,,,,,,,,,,,,,,,,,,,,,,,,,,,,,,,,,,,,,,,,,,,,,,,,,,,,,,,,,,,,,,,,,,,,,,,,,,,,,,,,,,,,,,,,,,,,,,,,,,,,,,,,,,,,,,,,,,,,,,,,,,,,,,,,,,70973,"<span lang=""EN-GB"">Suppose
     you want to listen to some audio when you are with your friends at
     Starbucks.<o:p></o:p></span>"
10/21/2018 22:47,10/21/2018 22:49,0,157.50.108.76,100,141,1,10/21/2018 22:49,R_1C9CKXBsoNpnkPj,,,,,13.08329773,80.28329468,anonymous,EN,"1,2,3,4",4,,2,,3,,1,,3,,1,2,,3,,2,4,,2,,3,,3,,5,,2,,,,,,,,,,,,,,,,,,,,,,,,,,,,,,,,,,,,,,,,,,,,,,,,,,,,,,,,,,,,,,,,,,,,,,,,,,,,,,,,,,,,,,,,,,,,,,,,,,,,,,,,,,,,,,,,,,,,,,,,,,,,,,,,,,,,,,,,,,,,,,,,,,,,,,,,,,,,,,,,,,,,,,,,,,,,,,,,,,,,,,,,32887,"<span id=""docs-internal-guid-5a7e3441-7fff-9d1f-10e6-454a1d940975""><span style=""font-size: 11pt; font-family: Arial; color: rgb(0, 0, 0); background-color: transparent; font-variant-numeric: normal; font-variant-east-asian: normal; vertical-align: baseline; white-space: pre-wrap;"">Suppose you want to call your mother for sharing an important update about your life &nbsp;when you are alone at home</span><br> <br><br></span>"
10/21/2018 22:49,10/21/2018 22:52,0,157.50.108.76,100,164,1,10/21/2018 22:52,R_2E4AeNOC28aaZqP,,,,,13.08329773,80.28329468,anonymous,EN,"1,2,3,4",3,,2,,4,,1,,3,,1,2,,3,,3,1,,2,,3,,2,,2,,"1,2",,,,,,,,,,,,,,,,,,,,,,,,,,,,,,,,,,,,,,,,,,,,,,,,,,,,,,,,,,,,,,,,,,,,,,,,,,,,,,,,,,,,,,,,,,,,,,,,,,,,,,,,,,,,,,,,,,,,,,,,,,,,,,,,,,,,,,,,,,,,,,,,,,,,,,,,,,,,,,,,,,,,,,,,,,,,,,,,,,,,,,,,48107,"<span lang=""EN-GB"">Suppose
     you want to a send an email when you are walking on a street.<o:p></o:p></span>"
10/21/2018 22:55,10/21/2018 22:55,0,50.108.79.124,100,46,1,10/21/2018 22:55,R_cRZtVwSy4BaLfvr,,,,,43.19619751,-86.27380371,anonymous,EN,"1,2",,,,,,,,,,,,,,,,,,,,,,,,,,,,,,,,,,,,,,,,,,,,,,,,,,,,,,,,,,,,,,,,,,,,,,,,,,,,,,,,,,,,,,,,,,,,,,,,,,,,,,,,,,,,,,,,,,,,,,,,,,,,,,,,,,,,,,,,,,,,,,,,,,,,,,,,,,,,,,,,,,,,,,,,,,,,,,,,,,,,,,,,,,,,,,,,,,,,,,,,,,,,,,,,,,,80921,"<span lang=""EN-GB"">Suppose
     you want to find a route to home when you are at Starbucks with people you
     know (e.g., acquaintances, colleagues).<o:p></o:p></span>"
10/21/2018 22:58,10/21/2018 23:07,0,65.115.36.90,100,548,1,10/21/2018 23:07,R_2sZUxCFbUaDzSMi,,,,,39.99049377,-78.24530029,anonymous,EN,"1,2,3,4","2,5",,1,,"1,3",,1,,6,,3,"1,2,3",,5,,3,1,,2,,6,,2,,"1,2,3",,"1,2",,"2,4",,,,,,,,,,,,,,,,,,,,,,,,,,,,,,"2,5",,1,,"1,2",,1,,6,,"2,3","1,2,3",,5,,5,,"1,2",,6,,2,,6,,"1,2,3",,4,,,,,,,,,,,,,,,,,,,,,,,,,,,,,,,2,,1,,"1,2",,1,,6,,3,"1,2,3",,5,,5,,"1,2",,6,,2,,6,,"1,2,3",,2,,,,,,,,,,,,,,,,,,,,,,,,,,,,,,,,,,,,,,,,,,,,,,,,,,,,,,,,,,,,male,32,social worker,5,1,,3,60624,"<span lang=""EN-GB"">Suppose you want to take a click a photo when you are with your close friends&nbsp;</span>and family members at Starbucks"
10/21/2018 23:39,10/21/2018 23:47,0,104.200.37.120,100,460,1,10/21/2018 23:47,R_2Wvhyayd0OkasLo,,,,,35.66650391,-97.4654007,anonymous,EN,"1,2,4,5","1,2,3",,"1,2,3",,"2,3,4",,1,,"2,3,4",,"1,2,3","2,3",,"1,2",,"2,3","2,3",,"1,2,3",,"1,2,3",,"1,2,3",,"1,2,3",,"1,2",,,,,,,,,,,,,,,,,,,,,,,,,,,,,,,,,,,,,,,,,,,,,,,,,,,,,,,,,,,,,,,,,,,,,,,,,,,,,,,,,,,,,,,,,,,,,,,,,,,,,,,,,,,,,,,,,,,,,,,,,,,,,,,,,,,,,,,,,,,,,,,,,,,,,,,,,,,,,,,,,,,,,,,,,,,,,,,,,,,,,,,,10845,"<span lang=""EN-GB"">Suppose
     you want to a view a text message when you are surrounded by people you
     know (e.g., acquaintances, colleagues) at your home.<o:p></o:p></span>"
10/21/2018 23:47,10/21/2018 23:55,0,104.200.37.120,100,476,1,10/21/2018 23:55,R_30uTm3KQzlSUAP4,,,,,35.66650391,-97.4654007,anonymous,EN,"1,2,3,4,5","1,2,3,4",,"1,2,3",,"1,2,3,4",,1,,"1,2,3,4",,"1,2,3","1,2,3",,"1,2",,"1,2,3","1,2,3,4",,"1,2,3",,"1,2,3,4",,"1,2,3",,"1,2,3",,"1,2",,"1,2,4,5","1,2,3,4",,"1,2,3",,"2,3,4",,1,,"2,3,4",,"1,2,3","1,2,3",,"1,2,3",,"1,2,3",,"1,2,3",,"1,2,3",,"1,2,3",,"2,3,4",,"1,2",,"1,2",,"2,3,4",,"1,2,3",,"1,2,3",,1,,"2,3,4",,"1,2,3","1,2,3",,"1,2,3",,"1,2,3",,"1,2,3,4",,"2,3,4",,"1,2,3",,"2,3,4",,"1,2,3",,"1,2",,,,,,,,,,,,,,,,,,,,,,,,,,,,,,,"1,2,3,4",,"1,2,3",,"1,2,3,4",,1,,"2,3",,"1,2,3","1,2,3",,"1,2,3",,"1,2,3",,"1,2,3",,"2,3,4",,"1,2,3",,"1,2,3",,"1,2,3",,"1,2",,"1,2,3",,"1,2",,"1,2,3,4",,1,,"1,2,3",,"1,2","1,2,3",,"1,2,3",,"1,2,3",,"1,2,3",,"2,3,4",,"1,2",,"2,3,4",,"1,2,3",,"1,2",,,,,,,,,,,,,,,,,,,,,,,,,,,,,,,,,,,,,,52899,"<span lang=""EN-GB"">Suppose you want to browse the internet when you are with people you know (e.g., acquaintances, colleagues) at a restaurant.<o:p></o:p></span>"
10/21/2018 23:57,10/21/2018 23:58,0,196.17.64.26,100,24,1,10/21/2018 23:58,R_3HSRt3nvjemNpbv,,,,,34.05439758,-118.2440033,anonymous,EN,3,,,,,,,,,,,,,,,,,,,,,,,,,,,,,,,,,,,,,,,,,,,,,,,,,,,,,,,,,,,,,,,,,,,,,,,,,,,,,,,,,,,,,,,,,,,,,,,,,,,,,,,,,,,,,,,,,,,,,,,,,,,,,,,,,,,,,,,,,,,,,,,,,,,,,,,,,,,,,,,,,,,,,,,,,,,,,,,,,,,,,,,,,,,,,,,,,,,,,,,,,,,,,,,,,,,85261,"<span lang=""EN-GB"">Suppose
     you want to call your mother for sharing an important update about your
     life yourself when you are with a very close friend at a park.&nbsp;<o:p></o:p></span>"
10/21/2018 23:58,10/21/2018 23:58,0,196.17.64.26,100,32,1,10/21/2018 23:58,R_eVFui564VVqo15D,,,,,34.05439758,-118.2440033,anonymous,EN,2,,,,,,,,,,,,,,,,,,,,,,,,,,,,,,,,,,,,,,,,,,,,,,,,,,,,,,,,,,,,,,,,,,,,,,,,,,,,,,,,,,,,,,,,,,,,,,,,,,,,,,,,,,,,,,,,,,,,,,,,,,,,,,,,,,,,,,,,,,,,,,,,,,,,,,,,,,,,,,,,,,,,,,,,,,,,,,,,,,,,,,,,,,,,,,,,,,,,,,,,,,,,,,,,,,,80028,"<span lang=""EN-GB"">Suppose you are alone and relaxing at home, you have just read a new book that&nbsp;</span>you loved and now you want a write a review for your close family and friends."
10/21/2018 23:58,10/22/2018 0:00,0,196.17.64.26,100,94,1,10/22/2018 0:00,R_3RdRhNxv225LxeK,,,,,34.05439758,-118.2440033,anonymous,EN,"1,2,3,4",4,,3,,2,,1,,4,,1,3,,3,,3,2,,1,,6,,2,,3,,1,,,,,,,,,,,,,,,,,,,,,,,,,,,,,,,,,,,,,,,,,,,,,,,,,,,,,,,,,,,,,,,,,,,,,,,,,,,,,,,,,,,,,,,,,,,,,,,,,,,,,,,,,,,,,,,,,,,,,,,,,,,,,,,,,,,,,,,,,,,,,,,,,,,,,,,,,,,,,,,,,,,,,,,,,,,,,,,,,,,,,,,,93142,"<span lang=""EN-GB"">Suppose
     you want to call your mother for sharing an important update about your
     life when you are with a very close friend at a restaurant&nbsp;<o:p></o:p></span>"
10/21/2018 23:54,10/22/2018 0:02,0,107.5.199.80,100,439,1,10/22/2018 0:02,R_1goNMaINVDeA4oK,,,,,42.91040039,-85.82759857,anonymous,EN,"1,2,3,4","2,4,5",,5,,1,,1,,1,,1,"1,2,3",,2,,1,1,,"1,2",,3,,"1,2",,"1,2,3",,"1,2",,"1,2",4,,"1,3",,"1,2",,1,,1,,1,"1,2,3",,2,,2,,1,,3,,1,,3,,"1,2,3",,"1,2",,5,,5,,1,,1,,1,,1,"1,2,3",,5,,5,,1,,3,,1,,3,,"1,2",,2,,,,,,,,,,,,,,,,,,,,,,,,,,,,,,,,,,,,,,,,,,,,,,,,,,,,,,,,,,,,,,,,,,,,,,,,,,,,,,,,,,,,,,,,,,,,,,,,,,,,,,,,,,,,,,,,,,,,,,female,36,manager,5,1,,2,61060,"<span lang=""EN-GB"" style=""font-size:11.0pt;line-height:115%;
font-family:&quot;Arial&quot;,sans-serif;mso-fareast-font-family:Arial;mso-ansi-language:
EN-GB;mso-fareast-language:EN-US;mso-bidi-language:AR-SA"">Suppose you want to
read a digital document when you are at Starbucks surrounded with your close
friends.</span>"
10/22/2018 0:08,10/22/2018 0:09,0,196.17.64.26,100,44,1,10/22/2018 0:09,R_2YaJZyB9WtpeZSL,,,,,34.05439758,-118.2440033,anonymous,EN,"4,5,6","2,3,4",,"1,2,3",,"1,2,3",,1,,"1,2,3",,"1,2,3","2,3",,"1,2",,"1,2,3","1,2,3",,"1,2",,"1,2,3",,"1,2,3",,"1,2,3",,"1,2",,,,,,,,,,,,,,,,,,,,,,,,,,,,,,,,,,,,,,,,,,,,,,,,,,,,,,,,,,,,,,,,,,,,,,,,,,,,,,,,,,,,,,,,,,,,,,,,,,,,,,,,,,,,,,,,,,,,,,,,,,,,,,,,,,,,,,,,,,,,,,,,,,,,,,,,,,,,,,,,,,,,,,,,,,,,,,,,,,,,,,,,92476,"<span lang=""EN-GB"" style=""font-size:11.0pt;line-height:115%;
font-family:&quot;Arial&quot;,sans-serif;mso-fareast-font-family:Arial;mso-ansi-language:
EN-GB;mso-fareast-language:EN-US;mso-bidi-language:AR-SA"">Suppose you want to a
view a text message when you are alone at home</span>"
10/22/2018 0:25,10/22/2018 0:25,0,196.17.64.26,100,12,1,10/22/2018 0:25,R_u87nuVd9wtUtj2x,,,,,34.05439758,-118.2440033,anonymous,EN,4,,,,,,,,,,,,,,,,,,,,,,,,,,,,,,,,,,,,,,,,,,,,,,,,,,,,,,,,,,,,,,,,,,,,,,,,,,,,,,,,,,,,,,,,,,,,,,,,,,,,,,,,,,,,,,,,,,,,,,,,,,,,,,,,,,,,,,,,,,,,,,,,,,,,,,,,,,,,,,,,,,,,,,,,,,,,,,,,,,,,,,,,,,,,,,,,,,,,,,,,,,,,,,,,,,,24153,"<span lang=""EN-GB"">Suppose you want to listen to some audio when you are alone in a park.<o:p></o:p></span>"
10/22/2018 0:32,10/22/2018 0:33,0,45.4.197.78,100,8,1,10/22/2018 0:33,R_2uw9KfdRF1CShai,,,,,40.74839783,-73.99669647,anonymous,EN,3,,,,,,,,,,,,,,,,,,,,,,,,,,,,,,,,,,,,,,,,,,,,,,,,,,,,,,,,,,,,,,,,,,,,,,,,,,,,,,,,,,,,,,,,,,,,,,,,,,,,,,,,,,,,,,,,,,,,,,,,,,,,,,,,,,,,,,,,,,,,,,,,,,,,,,,,,,,,,,,,,,,,,,,,,,,,,,,,,,,,,,,,,,,,,,,,,,,,,,,,,,,,,,,,,,,29169,"<span lang=""EN-GB"">Suppose
     you want to call your mother for sharing an important update about your
     life&nbsp; when you are alone at a park<o:p></o:p></span>"
10/22/2018 0:33,10/22/2018 0:33,0,45.4.197.78,100,21,1,10/22/2018 0:33,R_zY9oHhjHOFfnVXr,,,,,40.74839783,-73.99669647,anonymous,EN,2,,,,,,,,,,,,,,,,,,,,,,,,,,,,,,,,,,,,,,,,,,,,,,,,,,,,,,,,,,,,,,,,,,,,,,,,,,,,,,,,,,,,,,,,,,,,,,,,,,,,,,,,,,,,,,,,,,,,,,,,,,,,,,,,,,,,,,,,,,,,,,,,,,,,,,,,,,,,,,,,,,,,,,,,,,,,,,,,,,,,,,,,,,,,,,,,,,,,,,,,,,,,,,,,,,,53753,"<span lang=""EN-GB"">Suppose you have planned to meet a friend next week and you want to put this on your calendar when you are surrounded with people you are close to (e.g., friends, family members) at your home.<strong><o:p></o:p></strong></span>"
10/22/2018 0:33,10/22/2018 0:33,0,45.4.197.78,100,20,1,10/22/2018 0:33,R_2cpllX0oKDqi9iA,,,,,40.74839783,-73.99669647,anonymous,EN,6,,,,,,,,,,,,,,,,,,,,,,,,,,,,,,,,,,,,,,,,,,,,,,,,,,,,,,,,,,,,,,,,,,,,,,,,,,,,,,,,,,,,,,,,,,,,,,,,,,,,,,,,,,,,,,,,,,,,,,,,,,,,,,,,,,,,,,,,,,,,,,,,,,,,,,,,,,,,,,,,,,,,,,,,,,,,,,,,,,,,,,,,,,,,,,,,,,,,,,,,,,,,,,,,,,,78772,"<span lang=""EN-GB"">Suppose you want to browse the internet when you are at home with people you are close to (e.g., friends, family members)<strong><o:p></o:p></strong></span>"
10/22/2018 0:34,10/22/2018 0:34,0,45.4.197.78,100,17,1,10/22/2018 0:34,R_1Lul8Z6nrGcmzQn,,,,,40.74839783,-73.99669647,anonymous,EN,"2,5",,,,,,,,,,,,,,,,,,,,,,,,,,,,,,,,,,,,,,,,,,,,,,,,,,,,,,,,,,,,,,,,,,,,,,,,,,,,,,,,,,,,,,,,,,,,,,,,,,,,,,,,,,,,,,,,,,,,,,,,,,,,,,,,,,,,,,,,,,,,,,,,,,,,,,,,,,,,,,,,,,,,,,,,,,,,,,,,,,,,,,,,,,,,,,,,,,,,,,,,,,,,,,,,,,,35395,"<span lang=""EN-GB"">Suppose you are at home with people you are close to (e.g., friends, family members) when you realize today is the last day to pay one of your bills online.<o:p></o:p></span>"
10/22/2018 0:34,10/22/2018 0:36,0,45.4.197.78,100,107,1,10/22/2018 0:36,R_1gFkGRPZ6VTEHp6,,,,,40.74839783,-73.99669647,anonymous,EN,"2,5,6",3,,3,,4,,1,,3,,2,2,,2,,2,3,,3,,2,,3,,2,,2,,2,,,,,,,,,,,,,,,,,,,,,,,,,,,,,,3,,2,,2,,1,,2,,1,3,,"1,2",,2,,2,,2,,2,,2,,"1,2",,2,,,,,,,,,,,,,,,,,,,,,,,,,,,,,,,,,,,,,,,,,,,,,,,,,,,,,,,,,,,,,,,,,,,,,,,,,,,,,,,,,,,,,,,,,,,,,,,,,,,,,,,,,,,,,,,,,,,,,,,,,,,,,14718,"<span lang=""EN-GB"">Suppose you want to read a digital document when you are in a park surrounded by your close friends.<o:p></o:p></span>"
10/22/2018 0:43,10/22/2018 0:44,0,104.227.86.183,100,53,1,10/22/2018 0:44,R_3m1MA8MhjEGOyew,,,,,34.1072998,-118.2266006,anonymous,EN,2,,,,,,,,,,,,,,,,,,,,,,,,,,,,,,,,,,,,,,,,,,,,,,,,,,,,,,,,,,,,,,,,,,,,,,,,,,,,,,,,,,,,,,,,,,,,,,,,,,,,,,,,,,,,,,,,,,,,,,,,,,,,,,,,,,,,,,,,,,,,,,,,,,,,,,,,,,,,,,,,,,,,,,,,,,,,,,,,,,,,,,,,,,,,,,,,,,,,,,,,,,,,,,,,,,,41257,"<span lang=""EN-GB"">Suppose
     you want to set up a reminder about something when you are with people you
     know (e.g., acquaintances, colleagues) at Starbucks.<o:p></o:p></span>"
10/22/2018 0:44,10/22/2018 0:50,0,104.227.86.183,100,345,1,10/22/2018 0:50,R_2zZnx9lMucWtdos,,,,,34.1072998,-118.2266006,anonymous,EN,"2,5,6","1,2",,1,,1,,1,,1,,1,2,,1,,1,1,,1,,"1,2,3",,1,,1,,1,,2,,,,,,,,,,,,,,,,,,,,,,,,,,,,,,"1,2",,1,,1,,1,,1,,1,"1,2",,"1,3",,1,,1,,"1,2,3",,"1,2",,"1,2",,1,,1,,,,,,,,,,,,,,,,,,,,,,,,,,,,,,,,,,,,,,,,,,,,,,,,,,,,,,,,,,,,,,,,,,,,,,,,,,,,,,,,,,,,,,,,,,,,,,,,,,,,,,,,,,,,,,,,,,,,,,,,,,,,,78749,"<span lang=""EN-GB"">Suppose
     you want to set up a reminder when you are at home with people you are
     close to (e.g., friends, family members).<strong><o:p></o:p></strong></span>"
10/22/2018 1:02,10/22/2018 1:06,0,104.227.86.183,100,271,1,10/22/2018 1:06,R_2B5uGkpu54gnCly,,,,,34.1072998,-118.2266006,anonymous,EN,"1,2,3","1,2,3",,"1,2",,2,,1,,"1,2",,1,"1,2",,1,,1,1,,1,,"1,2",,1,,1,,1,,2,,,,,,,,,,,,,,,,,,,,,,,,,,,,,,1,,1,,1,,1,,"1,2",,4,1,,1,,1,,1,,"1,2",,1,,"1,2",,2,,1,,,,,,,,,,,,,,,,,,,,,,,,,,,,,,,,,,,,,,,,,,,,,,,,,,,,,,,,,,,,,,,,,,,,,,,,,,,,,,,,,,,,,,,,,,,,,,,,,,,,,,,,,,,,,,,,,,,,,,FEMALE,38,ASSISTANT MANAGER,5,1,,3,94978,"<span lang=""EN-GB"">Suppose you want to browse the internet when you are with people you know (e.g., acquaintances, colleagues) at a park.<o:p></o:p></span>"
10/22/2018 2:54,10/22/2018 2:55,0,207.244.89.106,100,58,1,10/22/2018 2:55,R_cIaXkFIjPtJo8r7,,,,,40.5171051,-74.39730072,anonymous,EN,2,,,,,,,,,,,,,,,,,,,,,,,,,,,,,,,,,,,,,,,,,,,,,,,,,,,,,,,,,,,,,,,,,,,,,,,,,,,,,,,,,,,,,,,,,,,,,,,,,,,,,,,,,,,,,,,,,,,,,,,,,,,,,,,,,,,,,,,,,,,,,,,,,,,,,,,,,,,,,,,,,,,,,,,,,,,,,,,,,,,,,,,,,,,,,,,,,,,,,,,,,,,,,,,,,,,95400,"<span lang=""EN-GB"">Suppose you want to call your mother for sharing an important
     update about your life when you are surrounded by people you know (e.g.,
     acquaintances, colleagues) at your home.<o:p></o:p></span>"
10/22/2018 2:56,10/22/2018 2:57,0,207.244.89.106,100,76,1,10/22/2018 2:57,R_dm1GIpAhU1pkgo1,,,,,40.5171051,-74.39730072,anonymous,EN,1,,,,,,,,,,,,,,,,,,,,,,,,,,,,,,,,,,,,,,,,,,,,,,,,,,,,,,,,,,,,,,,,,,,,,,,,,,,,,,,,,,,,,,,,,,,,,,,,,,,,,,,,,,,,,,,,,,,,,,,,,,,,,,,,,,,,,,,,,,,,,,,,,,,,,,,,,,,,,,,,,,,,,,,,,,,,,,,,,,,,,,,,,,,,,,,,,,,,,,,,,,,,,,,,,,,82249,"<span lang=""EN-GB"">Suppose you have planned to meet a friend next week and you want to put this on your calendar when you are alone at a park<o:p></o:p></span>"
10/22/2018 2:58,10/22/2018 2:58,0,207.244.89.106,100,13,1,10/22/2018 2:58,R_2uwThQdS07W0n2U,,,,,40.5171051,-74.39730072,anonymous,EN,3,,,,,,,,,,,,,,,,,,,,,,,,,,,,,,,,,,,,,,,,,,,,,,,,,,,,,,,,,,,,,,,,,,,,,,,,,,,,,,,,,,,,,,,,,,,,,,,,,,,,,,,,,,,,,,,,,,,,,,,,,,,,,,,,,,,,,,,,,,,,,,,,,,,,,,,,,,,,,,,,,,,,,,,,,,,,,,,,,,,,,,,,,,,,,,,,,,,,,,,,,,,,,,,,,,,88989,"<span lang=""EN-GB"">Suppose you want to find a route to home while walking on a street.<o:p></o:p></span>"
10/22/2018 2:58,10/22/2018 2:59,0,207.244.89.106,100,18,1,10/22/2018 2:59,R_1pXvxcuyiJRGlQJ,,,,,40.5171051,-74.39730072,anonymous,EN,6,,,,,,,,,,,,,,,,,,,,,,,,,,,,,,,,,,,,,,,,,,,,,,,,,,,,,,,,,,,,,,,,,,,,,,,,,,,,,,,,,,,,,,,,,,,,,,,,,,,,,,,,,,,,,,,,,,,,,,,,,,,,,,,,,,,,,,,,,,,,,,,,,,,,,,,,,,,,,,,,,,,,,,,,,,,,,,,,,,,,,,,,,,,,,,,,,,,,,,,,,,,,,,,,,,,75945,"<span lang=""EN-GB"">Suppose you are on a short vacation and you want to take a picture in front&nbsp;</span>of an iconic monument when you are surrounded by many people."
10/22/2018 2:59,10/22/2018 2:59,0,207.244.89.106,100,17,1,10/22/2018 2:59,R_sBbFnuEbuqtWlX3,,,,,40.5171051,-74.39730072,anonymous,EN,5,,,,,,,,,,,,,,,,,,,,,,,,,,,,,,,,,,,,,,,,,,,,,,,,,,,,,,,,,,,,,,,,,,,,,,,,,,,,,,,,,,,,,,,,,,,,,,,,,,,,,,,,,,,,,,,,,,,,,,,,,,,,,,,,,,,,,,,,,,,,,,,,,,,,,,,,,,,,,,,,,,,,,,,,,,,,,,,,,,,,,,,,,,,,,,,,,,,,,,,,,,,,,,,,,,,37107,"<span lang=""EN-GB"">Suppose you want to a send a text message when you are surrounded with people you are close to (e.g., friends, family members) at your home.<strong><o:p></o:p></strong></span>"
10/22/2018 3:00,10/22/2018 3:00,0,207.244.89.106,100,21,1,10/22/2018 3:00,R_Rh5KJYzzBZnLFrr,,,,,40.5171051,-74.39730072,anonymous,EN,4,,,,,,,,,,,,,,,,,,,,,,,,,,,,,,,,,,,,,,,,,,,,,,,,,,,,,,,,,,,,,,,,,,,,,,,,,,,,,,,,,,,,,,,,,,,,,,,,,,,,,,,,,,,,,,,,,,,,,,,,,,,,,,,,,,,,,,,,,,,,,,,,,,,,,,,,,,,,,,,,,,,,,,,,,,,,,,,,,,,,,,,,,,,,,,,,,,,,,,,,,,,,,,,,,,,26323,"<span lang=""EN-GB"">Suppose you have planned to meet a friend next week and you want to put this on your calendar when you are alone at Starbucks.<o:p></o:p></span>"
10/22/2018 6:03,10/22/2018 6:04,0,103.58.116.82,100,54,1,10/22/2018 6:04,R_UzIRXpfKnDE9HQ5,,,,,10.3500061,77.95001221,anonymous,EN,"1,3",,,,,,,,,,,,,,,,,,,,,,,,,,,,,,,,,,,,,,,,,,,,,,,,,,,,,,,,,,,,,,,,,,,,,,,,,,,,,,,,,,,,,,,,,,,,,,,,,,,,,,,,,,,,,,,,,,,,,,,,,,,,,,,,,,,,,,,,,,,,,,,,,,,,,,,,,,,,,,,,,,,,,,,,,,,,,,,,,,,,,,,,,,,,,,,,,,,,,,,,,,,,,,,,,,,88866,"<span lang=""EN-GB"">Suppose
     you are at a park with your close friends and you realize today is the
     last day to pay one of your bills online.<o:p></o:p></span>"
10/22/2018 6:04,10/22/2018 6:04,0,41.80.91.2,100,17,1,10/22/2018 6:04,R_2v8lzUKf2yHhE45,,,,,1,38,anonymous,EN,6,,,,,,,,,,,,,,,,,,,,,,,,,,,,,,,,,,,,,,,,,,,,,,,,,,,,,,,,,,,,,,,,,,,,,,,,,,,,,,,,,,,,,,,,,,,,,,,,,,,,,,,,,,,,,,,,,,,,,,,,,,,,,,,,,,,,,,,,,,,,,,,,,,,,,,,,,,,,,,,,,,,,,,,,,,,,,,,,,,,,,,,,,,,,,,,,,,,,,,,,,,,,,,,,,,,58229,"<span lang=""EN-GB"">Suppose you want to control some devices/appliances (e.g., smart lights) when you are alone at home.<o:p></o:p></span>"
10/22/2018 6:05,10/22/2018 6:05,0,192.3.161.164,100,21,1,10/22/2018 6:05,R_3ltU9z7MbuBEjNh,,,,,42.88639832,-78.87809753,anonymous,EN,"2,4",,,,,,,,,,,,,,,,,,,,,,,,,,,,,,,,,,,,,,,,,,,,,,,,,,,,,,,,,,,,,,,,,,,,,,,,,,,,,,,,,,,,,,,,,,,,,,,,,,,,,,,,,,,,,,,,,,,,,,,,,,,,,,,,,,,,,,,,,,,,,,,,,,,,,,,,,,,,,,,,,,,,,,,,,,,,,,,,,,,,,,,,,,,,,,,,,,,,,,,,,,,,,,,,,,,21375,"<span lang=""EN-GB"">Suppose
     you want to read a digital document when you are at Starbucks.<o:p></o:p></span>"
10/22/2018 6:05,10/22/2018 6:05,0,192.3.161.164,100,9,1,10/22/2018 6:05,R_1nOYJQayWeN3KKz,,,,,42.88639832,-78.87809753,anonymous,EN,"1,2",,,,,,,,,,,,,,,,,,,,,,,,,,,,,,,,,,,,,,,,,,,,,,,,,,,,,,,,,,,,,,,,,,,,,,,,,,,,,,,,,,,,,,,,,,,,,,,,,,,,,,,,,,,,,,,,,,,,,,,,,,,,,,,,,,,,,,,,,,,,,,,,,,,,,,,,,,,,,,,,,,,,,,,,,,,,,,,,,,,,,,,,,,,,,,,,,,,,,,,,,,,,,,,,,,,35894,"<span lang=""EN-GB"">Suppose
     you want to watch some video when you are with people you know (e.g.,
     acquaintances, colleagues) at your home.<o:p></o:p></span>"
10/22/2018 6:03,10/22/2018 6:08,0,24.149.102.105,100,274,1,10/22/2018 6:08,R_22RAF7Ko79dTp5i,,,,,37.58399963,-81.53359985,anonymous,EN,"1,2,3,4",2,,2,,2,,1,,1,,2,"1,2,3",,2,,3,3,,2,,4,,1,,1,,2,,,,,,,,,,,,,,,,,,,,,,,,,,,,,,,,,,,,,,,,,,,,,,,,,,,,,,,,,,,,,,,,,,,,,,,,,,,,,,,,,,,,,,,,,,,,,,,,,,,,,,,,,,,,,,,,,,,,,,,,,,,,,,,,,,,,,,,,,,,,,,,,,,,,,,,,,,,,,,,,,,,,,,,,,,,,,,,,,,,,,,,,51019,"<span lang=""EN-GB"">Suppose
     you want to a send a text message when you are with a very close friend at
     a restaurant&nbsp;<o:p></o:p></span>"
10/22/2018 6:09,10/22/2018 6:09,0,107.172.140.116,100,14,1,10/22/2018 6:09,R_3eq3JO37UEN7AZ9,,,,,42.88639832,-78.87809753,anonymous,EN,2,,,,,,,,,,,,,,,,,,,,,,,,,,,,,,,,,,,,,,,,,,,,,,,,,,,,,,,,,,,,,,,,,,,,,,,,,,,,,,,,,,,,,,,,,,,,,,,,,,,,,,,,,,,,,,,,,,,,,,,,,,,,,,,,,,,,,,,,,,,,,,,,,,,,,,,,,,,,,,,,,,,,,,,,,,,,,,,,,,,,,,,,,,,,,,,,,,,,,,,,,,,,,,,,,,,50558,"<span lang=""EN-GB"">Suppose
     you want to a send an email when you are walking on a street.<o:p></o:p></span>"
10/22/2018 6:11,10/22/2018 6:11,0,104.227.86.92,100,10,1,10/22/2018 6:11,R_33mbWkfvkI0NyPr,,,,,34.1072998,-118.2266006,anonymous,EN,1,,,,,,,,,,,,,,,,,,,,,,,,,,,,,,,,,,,,,,,,,,,,,,,,,,,,,,,,,,,,,,,,,,,,,,,,,,,,,,,,,,,,,,,,,,,,,,,,,,,,,,,,,,,,,,,,,,,,,,,,,,,,,,,,,,,,,,,,,,,,,,,,,,,,,,,,,,,,,,,,,,,,,,,,,,,,,,,,,,,,,,,,,,,,,,,,,,,,,,,,,,,,,,,,,,,43904,"<span lang=""EN-GB"">Suppose
     you want to find a route to home when you are alone at Starbucks.<o:p></o:p></span>"
10/22/2018 6:10,10/22/2018 6:11,0,192.238.218.107,100,23,1,10/22/2018 6:11,R_3QJi2mf9Ro1CEJt,,,,,37.75100708,-97.8219986,anonymous,EN,1,,,,,,,,,,,,,,,,,,,,,,,,,,,,,,,,,,,,,,,,,,,,,,,,,,,,,,,,,,,,,,,,,,,,,,,,,,,,,,,,,,,,,,,,,,,,,,,,,,,,,,,,,,,,,,,,,,,,,,,,,,,,,,,,,,,,,,,,,,,,,,,,,,,,,,,,,,,,,,,,,,,,,,,,,,,,,,,,,,,,,,,,,,,,,,,,,,,,,,,,,,,,,,,,,,,81064,"<span lang=""EN-GB"">Suppose
     you want to purchase something online when you are alone at your home.<o:p></o:p></span>"
10/22/2018 6:11,10/22/2018 6:11,0,104.227.86.92,100,9,1,10/22/2018 6:11,R_9p3NW2tPDgRJZGp,,,,,34.1072998,-118.2266006,anonymous,EN,3,,,,,,,,,,,,,,,,,,,,,,,,,,,,,,,,,,,,,,,,,,,,,,,,,,,,,,,,,,,,,,,,,,,,,,,,,,,,,,,,,,,,,,,,,,,,,,,,,,,,,,,,,,,,,,,,,,,,,,,,,,,,,,,,,,,,,,,,,,,,,,,,,,,,,,,,,,,,,,,,,,,,,,,,,,,,,,,,,,,,,,,,,,,,,,,,,,,,,,,,,,,,,,,,,,,7559,"<span lang=""EN-GB"">Suppose
     you are at home with some people you know (e.g., acquaintances,
     colleagues) when you realize today is the last day to pay one of your
     bills online.<o:p></o:p></span>"
10/22/2018 6:11,10/22/2018 6:11,0,192.238.218.107,100,23,1,10/22/2018 6:11,R_2uwD4YFjUGExdWh,,,,,37.75100708,-97.8219986,anonymous,EN,2,,,,,,,,,,,,,,,,,,,,,,,,,,,,,,,,,,,,,,,,,,,,,,,,,,,,,,,,,,,,,,,,,,,,,,,,,,,,,,,,,,,,,,,,,,,,,,,,,,,,,,,,,,,,,,,,,,,,,,,,,,,,,,,,,,,,,,,,,,,,,,,,,,,,,,,,,,,,,,,,,,,,,,,,,,,,,,,,,,,,,,,,,,,,,,,,,,,,,,,,,,,,,,,,,,,20078,"<span lang=""EN-GB"">Suppose
     you want&nbsp; to a send a text message
     when you are walking with a very close friend on a street<o:p></o:p></span>"
10/22/2018 6:12,10/22/2018 6:12,0,192.238.218.107,100,13,1,10/22/2018 6:12,R_vBu5k0sFcEhQ8SZ,,,,,37.75100708,-97.8219986,anonymous,EN,5,,,,,,,,,,,,,,,,,,,,,,,,,,,,,,,,,,,,,,,,,,,,,,,,,,,,,,,,,,,,,,,,,,,,,,,,,,,,,,,,,,,,,,,,,,,,,,,,,,,,,,,,,,,,,,,,,,,,,,,,,,,,,,,,,,,,,,,,,,,,,,,,,,,,,,,,,,,,,,,,,,,,,,,,,,,,,,,,,,,,,,,,,,,,,,,,,,,,,,,,,,,,,,,,,,,13009,"<span lang=""EN-GB"">Suppose
     you want to purchase something online when you are alone at Starbucks.<o:p></o:p></span>"
10/22/2018 6:12,10/22/2018 6:12,0,107.77.215.221,100,17,1,10/22/2018 6:12,R_3sgZudlXqBnZ3gt,,,,,28.48710632,-81.40820313,anonymous,EN,2,,,,,,,,,,,,,,,,,,,,,,,,,,,,,,,,,,,,,,,,,,,,,,,,,,,,,,,,,,,,,,,,,,,,,,,,,,,,,,,,,,,,,,,,,,,,,,,,,,,,,,,,,,,,,,,,,,,,,,,,,,,,,,,,,,,,,,,,,,,,,,,,,,,,,,,,,,,,,,,,,,,,,,,,,,,,,,,,,,,,,,,,,,,,,,,,,,,,,,,,,,,,,,,,,,,70519,"<span id=""docs-internal-guid-5a7e3441-7fff-9d1f-10e6-454a1d940975""><span style=""font-size: 11pt; font-family: Arial; color: rgb(0, 0, 0); background-color: transparent; font-variant-numeric: normal; font-variant-east-asian: normal; vertical-align: baseline; white-space: pre-wrap;"">Suppose you want to call your mother for sharing an important update about your life &nbsp;when you are alone at home</span><br> <br><br></span>"
10/22/2018 6:05,10/22/2018 6:13,0,41.66.226.28,100,450,1,10/22/2018 6:13,R_115BbyIXecNTTZs,,,,,5.550003052,-0.216705322,anonymous,EN,"1,2,3,4","1,2,3,4,5",,"1,2,3",,"1,2,3,4",,1,,1,,"1,2,3","1,2,3",,"1,2,3",,"2,3","1,2,3,4",,"1,2,3",,6,,"1,2",,"1,2,3",,"1,2",,,,,,,,,,,,,,,,,,,,,,,,,,,,,,,,,,,,,,,,,,,,,,,,,,,,,,,,,,,,,,,,,,,,,,,,,,,,,,,,,,,,,,,,,,,,,,,,,,,,,,,,,,,,,,,,,,,,,,,,,,,,,,,,,,,,,,,,,,,,,,,,,,,,,,,,,,,,,,,,,,,,,,,,,,,,,,,,,,,,,,,,85242,"<span lang=""EN-GB"">Suppose
     you want to take a click a photo when you are with people you are close to
     (e.g., friends, family members) at home<o:p></o:p></span>"
10/22/2018 6:14,10/22/2018 6:14,0,174.16.53.210,100,36,1,10/22/2018 6:14,R_RxxHRY1z15uy3L3,,,,,39.73129272,-104.981102,anonymous,EN,"2,3",,,,,,,,,,,,,,,,,,,,,,,,,,,,,,,,,,,,,,,,,,,,,,,,,,,,,,,,,,,,,,,,,,,,,,,,,,,,,,,,,,,,,,,,,,,,,,,,,,,,,,,,,,,,,,,,,,,,,,,,,,,,,,,,,,,,,,,,,,,,,,,,,,,,,,,,,,,,,,,,,,,,,,,,,,,,,,,,,,,,,,,,,,,,,,,,,,,,,,,,,,,,,,,,,,,30857,"<span lang=""EN-GB"">Suppose you want to read a digital document when you are in a park with people you know (e.g., acquaintances, colleagues).<o:p></o:p></span>"
10/22/2018 6:14,10/22/2018 6:14,0,107.175.87.111,100,35,1,10/22/2018 6:14,R_2cphT5I95WgsyBS,,,,,36.17050171,-115.217598,anonymous,EN,2,,,,,,,,,,,,,,,,,,,,,,,,,,,,,,,,,,,,,,,,,,,,,,,,,,,,,,,,,,,,,,,,,,,,,,,,,,,,,,,,,,,,,,,,,,,,,,,,,,,,,,,,,,,,,,,,,,,,,,,,,,,,,,,,,,,,,,,,,,,,,,,,,,,,,,,,,,,,,,,,,,,,,,,,,,,,,,,,,,,,,,,,,,,,,,,,,,,,,,,,,,,,,,,,,,,6592,"Suppose you are alone at home, you want to take a break from studying/working&nbsp;<p>so you decide to play a video game with some with some people you know (e.g., acquaintances, colleagues).<o:p></o:p></p>"
10/22/2018 6:13,10/22/2018 6:15,0,12.43.88.120,100,90,1,10/22/2018 6:15,R_3LcDFsy36m7aZFi,,,,,39.85830688,-88.9382019,anonymous,EN,"1,2,3,4,6","2,3",,2,,"1,3",,1,,3,,2,3,,"2,3",,"1,3","3,4",,2,,"1,3",,"1,3",,"1,3",,"1,2",,,,,,,,,,,,,,,,,,,,,,,,,,,,,,,,,,,,,,,,,,,,,,,,,,,,,,,,,,,,,,,,,,,,,,,,,,,,,,,,,,,,,,,,,,,,,,,,,,,,,,,,,,,,,,,,,,,,,,,,,,,,,,,,,,,,,,,,,,,,,,,,,,,,,,,,,,,,,,,,,,,,,,,,,,,,,,,,,,,,,,,,57661,"Suppose you want to purchase something online when
     you are with people you know (e.g., acquaintances,
     colleagues) at a park.<o:p></o:p>"
10/22/2018 6:15,10/22/2018 6:15,0,107.175.87.111,100,15,1,10/22/2018 6:15,R_325cxa6SYcKLzNa,,,,,36.17050171,-115.217598,anonymous,EN,2,,,,,,,,,,,,,,,,,,,,,,,,,,,,,,,,,,,,,,,,,,,,,,,,,,,,,,,,,,,,,,,,,,,,,,,,,,,,,,,,,,,,,,,,,,,,,,,,,,,,,,,,,,,,,,,,,,,,,,,,,,,,,,,,,,,,,,,,,,,,,,,,,,,,,,,,,,,,,,,,,,,,,,,,,,,,,,,,,,,,,,,,,,,,,,,,,,,,,,,,,,,,,,,,,,,66024,"<span lang=""EN-GB"">Suppose
     you want to listen to some audio when you are with your close friends in a
     park.<o:p></o:p></span>"
10/22/2018 6:15,10/22/2018 6:15,0,107.175.87.111,100,16,1,10/22/2018 6:15,R_sLsQu3H3ADwEN9f,,,,,36.17050171,-115.217598,anonymous,EN,5,,,,,,,,,,,,,,,,,,,,,,,,,,,,,,,,,,,,,,,,,,,,,,,,,,,,,,,,,,,,,,,,,,,,,,,,,,,,,,,,,,,,,,,,,,,,,,,,,,,,,,,,,,,,,,,,,,,,,,,,,,,,,,,,,,,,,,,,,,,,,,,,,,,,,,,,,,,,,,,,,,,,,,,,,,,,,,,,,,,,,,,,,,,,,,,,,,,,,,,,,,,,,,,,,,,96815,"<span lang=""EN-GB"">Suppose you want to watch some video when you are alone in a park.<o:p></o:p></span>"
10/22/2018 6:15,10/22/2018 6:16,0,107.175.87.111,100,24,1,10/22/2018 6:16,R_2YLq83dW9jsZ1MW,,,,,36.17050171,-115.217598,anonymous,EN,6,,,,,,,,,,,,,,,,,,,,,,,,,,,,,,,,,,,,,,,,,,,,,,,,,,,,,,,,,,,,,,,,,,,,,,,,,,,,,,,,,,,,,,,,,,,,,,,,,,,,,,,,,,,,,,,,,,,,,,,,,,,,,,,,,,,,,,,,,,,,,,,,,,,,,,,,,,,,,,,,,,,,,,,,,,,,,,,,,,,,,,,,,,,,,,,,,,,,,,,,,,,,,,,,,,,77883,
10/22/2018 6:16,10/22/2018 6:16,0,107.175.87.111,100,16,1,10/22/2018 6:16,R_3je8ZGT305JxDJ0,,,,,36.17050171,-115.217598,anonymous,EN,4,,,,,,,,,,,,,,,,,,,,,,,,,,,,,,,,,,,,,,,,,,,,,,,,,,,,,,,,,,,,,,,,,,,,,,,,,,,,,,,,,,,,,,,,,,,,,,,,,,,,,,,,,,,,,,,,,,,,,,,,,,,,,,,,,,,,,,,,,,,,,,,,,,,,,,,,,,,,,,,,,,,,,,,,,,,,,,,,,,,,,,,,,,,,,,,,,,,,,,,,,,,,,,,,,,,18632,"<span lang=""EN-GB"">Suppose you want to a send an email when you are walking with a very close friend on a street.&nbsp;<o:p></o:p></span>"
10/22/2018 6:14,10/22/2018 6:16,0,45.36.153.18,100,140,1,10/22/2018 6:17,R_2ylOAddLWw1aD4V,,,,,36.14280701,-80.30690002,anonymous,EN,"1,2,4",2,,5,,1,,1,,3,,2,1,,3,,4,1,,2,,7,,2,,5,,4,,,,,,,,,,,,,,,,,,,,,,,,,,,,,,,,,,,,,,,,,,,,,,,,,,,,,,,,,,,,,,,,,,,,,,,,,,,,,,,,,,,,,,,,,,,,,,,,,,,,,,,,,,,,,,,,,,,,,,,,,,,,,,,,,,,,,,,,,,,,,,,,,,,,,,,,,,,,,,,,,,,,,,,,,,,,,,,,,,,,,,,,69956,"<span lang=""EN-GB"">Suppose
     you want to listen to some audio when you are with people you know (e.g.,
     acquaintances, colleagues) in a park.<o:p></o:p></span>


<p><span lang=""EN-GB"" style=""color:red"">&nbsp;</span></p>"
10/22/2018 6:16,10/22/2018 6:19,0,107.175.87.111,100,175,1,10/22/2018 6:19,R_2zIPF2gxkkgY95b,,,,,36.17050171,-115.217598,anonymous,EN,"2,5,6",5,,"2,3",,"2,3",,3,,4,,1,2,,"1,3",,3,4,,"1,2",,3,,"1,2",,3,,4,,,,,,,,,,,,,,,,,,,,,,,,,,,,,,,,,,,,,,,,,,,,,,,,,,,,,,,,,,,,,,,,,,,,,,,,,,,,,,,,,,,,,,,,,,,,,,,,,,,,,,,,,,,,,,,,,,,,,,,,,,,,,,,,,,,,,,,,,,,,,,,,,,,,,,,,,,,,,,,,,,,,,,,,,,,,,,,,,,,,,,,,71582,"<span lang=""EN-GB"">Suppose
     you want to a view a text message when you are with a very close friend at
     a restaurant&nbsp;<o:p></o:p></span>"
10/22/2018 6:14,10/22/2018 6:23,0,99.85.102.179,100,544,1,10/22/2018 6:23,R_3PQQDgY0YlqFtzO,,,,,40.03259277,-82.91030121,anonymous,EN,"1,2,4","2,4,5",,5,,"1,2,3",,3,,1,,"2,3","1,2",,3,,"2,3",1,,"1,2",,3,,"1,2",,2,,4,,1,4,,5,,"1,2,3",,3,,1,,3,"1,2",,3,,5,,"1,3",,3,,1,,3,,2,,4,,,,,,,,,,,,,,,,,,,,,,,,,,,,,,,,,,,,,,,,,,,,,,,,,,,,,,,,,,,,,,,,,,,,,,,,,,,,,,,,,,,,,,,,,,,,,,,,,,,,,,,,,,,,,,,,,,,,,,,,,,,,,,,,,,,,,,,,,,,,,,,,,,,,,,,,,,64158,"<span lang=""EN-GB"">Suppose you are alone at home when you realize today is the last day to pay one of your bills online.<o:p></o:p></span>"
10/22/2018 6:23,10/22/2018 6:23,0,23.88.172.215,100,37,1,10/22/2018 6:23,R_25EZl7fieSvDB1y,,,,,41.82400513,-71.41280365,anonymous,EN,3,,,,,,,,,,,,,,,,,,,,,,,,,,,,,,,,,,,,,,,,,,,,,,,,,,,,,,,,,,,,,,,,,,,,,,,,,,,,,,,,,,,,,,,,,,,,,,,,,,,,,,,,,,,,,,,,,,,,,,,,,,,,,,,,,,,,,,,,,,,,,,,,,,,,,,,,,,,,,,,,,,,,,,,,,,,,,,,,,,,,,,,,,,,,,,,,,,,,,,,,,,,,,,,,,,,14658,"<span lang=""EN-GB"">Suppose you are at sitting at Starbucks and you want to play a digital/online&nbsp;</span>game with some close friends."
10/22/2018 6:23,10/22/2018 6:24,0,23.88.172.215,100,9,1,10/22/2018 6:24,R_3D7Mtm6oTRPOczY,,,,,41.82400513,-71.41280365,anonymous,EN,1,,,,,,,,,,,,,,,,,,,,,,,,,,,,,,,,,,,,,,,,,,,,,,,,,,,,,,,,,,,,,,,,,,,,,,,,,,,,,,,,,,,,,,,,,,,,,,,,,,,,,,,,,,,,,,,,,,,,,,,,,,,,,,,,,,,,,,,,,,,,,,,,,,,,,,,,,,,,,,,,,,,,,,,,,,,,,,,,,,,,,,,,,,,,,,,,,,,,,,,,,,,,,,,,,,,89129,"<span lang=""EN-GB"">Suppose you have planned to meet a friend next week and you want to put this on your calendar when you are with a very close friend at a park.&nbsp;<o:p></o:p></span>"
10/22/2018 6:24,10/22/2018 6:24,0,23.88.172.215,100,10,1,10/22/2018 6:24,R_2s6xLncDTlbnY7G,,,,,41.82400513,-71.41280365,anonymous,EN,5,,,,,,,,,,,,,,,,,,,,,,,,,,,,,,,,,,,,,,,,,,,,,,,,,,,,,,,,,,,,,,,,,,,,,,,,,,,,,,,,,,,,,,,,,,,,,,,,,,,,,,,,,,,,,,,,,,,,,,,,,,,,,,,,,,,,,,,,,,,,,,,,,,,,,,,,,,,,,,,,,,,,,,,,,,,,,,,,,,,,,,,,,,,,,,,,,,,,,,,,,,,,,,,,,,,95997,"<span lang=""EN-GB"">Suppose you want to set up a reminder when you are at a park with close friends.<o:p></o:p></span>"
10/22/2018 6:24,10/22/2018 6:25,0,23.88.172.215,100,55,1,10/22/2018 6:25,R_2E5jmtmncvd4PPU,,,,,41.82400513,-71.41280365,anonymous,EN,"1,2,3,4,5,6",3,,3,,1,,1,,3,,1,1,,2,,2,4,,1,,3,,2,,2,,1,,,,,,,,,,,,,,,,,,,,,,,,,,,,,,,,,,,,,,,,,,,,,,,,,,,,,,,,,,,,,,,,,,,,,,,,,,,,,,,,,,,,,,,,,,,,,,,,,,,,,,,,,,,,,,,,,,,,,,,,,,,,,,,,,,,,,,,,,,,,,,,,,,,,,,,,,,,,,,,,,,,,,,,,,,,,,,,,,,,,,,,,84014,"<span lang=""EN-GB"">Suppose you are at work with some people you know (e.g., acquaintances, colleagues) when you realize that you have to immediately pay one of your bills online.<o:p></o:p></span>"
10/22/2018 6:28,10/22/2018 6:28,0,208.38.240.182,100,7,1,10/22/2018 6:28,R_3xD8LvKYnyz2ka5,,,,,40.40010071,-86.86019897,anonymous,EN,"1,2",,,,,,,,,,,,,,,,,,,,,,,,,,,,,,,,,,,,,,,,,,,,,,,,,,,,,,,,,,,,,,,,,,,,,,,,,,,,,,,,,,,,,,,,,,,,,,,,,,,,,,,,,,,,,,,,,,,,,,,,,,,,,,,,,,,,,,,,,,,,,,,,,,,,,,,,,,,,,,,,,,,,,,,,,,,,,,,,,,,,,,,,,,,,,,,,,,,,,,,,,,,,,,,,,,,54510,"<span lang=""EN-GB"">Suppose
     you are at a park and you realize today is the last day to pay one of your
     bills online.<o:p></o:p></span>"
10/22/2018 6:28,10/22/2018 6:28,0,216.107.42.148,100,11,1,10/22/2018 6:28,R_2dtrvX7hx2cAJQO,,,,,37.75100708,-97.8219986,anonymous,EN,1,,,,,,,,,,,,,,,,,,,,,,,,,,,,,,,,,,,,,,,,,,,,,,,,,,,,,,,,,,,,,,,,,,,,,,,,,,,,,,,,,,,,,,,,,,,,,,,,,,,,,,,,,,,,,,,,,,,,,,,,,,,,,,,,,,,,,,,,,,,,,,,,,,,,,,,,,,,,,,,,,,,,,,,,,,,,,,,,,,,,,,,,,,,,,,,,,,,,,,,,,,,,,,,,,,,2550,"<span lang=""EN-GB"">Suppose
     you want to purchase something online when you are with your close friends
     at Starbucks.<o:p></o:p></span>"
10/22/2018 6:29,10/22/2018 6:29,0,216.107.42.148,100,20,1,10/22/2018 6:29,R_3j27nhxix78xA7N,,,,,37.75100708,-97.8219986,anonymous,EN,1,,,,,,,,,,,,,,,,,,,,,,,,,,,,,,,,,,,,,,,,,,,,,,,,,,,,,,,,,,,,,,,,,,,,,,,,,,,,,,,,,,,,,,,,,,,,,,,,,,,,,,,,,,,,,,,,,,,,,,,,,,,,,,,,,,,,,,,,,,,,,,,,,,,,,,,,,,,,,,,,,,,,,,,,,,,,,,,,,,,,,,,,,,,,,,,,,,,,,,,,,,,,,,,,,,,85202,"Suppose you want to check your social media status
     when you are at Starbucks.<o:p></o:p>"
10/22/2018 6:31,10/22/2018 6:34,0,99.203.128.205,100,169,1,10/22/2018 6:34,R_269ZVYqtPolbvYV,,,,,42.21960449,-83.604599,anonymous,EN,"2,3,4",1,,1,,"1,3",,1,,"3,4",,2,1,,2,,4,"2,4",,1,,"1,4",,"1,3",,"1,3",,2,,,,,,,,,,,,,,,,,,,,,,,,,,,,,,,,,,,,,,,,,,,,,,,,,,,,,,,,,,,,,,,,,,,,,,,,,,,,,,,,,,,,,,,,,,,,,,,,,,,,,,,,,,,,,,,,,,,,,,,,,,,,,,,,,,,,,,,,,,,,,,,,,,,,,,,,,,,,,,,,,,,,,,,,,,,,,,,,,,,,,,,,26373,"<span lang=""EN-GB"">Suppose
     you want to a view a text message when you are alone at Starbucks.<o:p></o:p></span>"
10/22/2018 6:35,10/22/2018 6:37,0,108.188.153.76,100,105,1,10/22/2018 6:37,R_3RazvjJT4XEQMsu,,,,,28.80130005,-81.28500366,anonymous,EN,4,,,,,,,,,,,,,,,,,,,,,,,,,,,,,,,,,,,,,,,,,,,,,,,,,,,,,,,,,,,,,,,,,,,,,,,,,,,,,,,,,,,,,,,,,,,,,,,,,,,,,,,,,,,,,,,,,,,,,,,,,,,,,,,,,,,,,,,,,,,,,,,,,,,,,,,,,,,,,,,,,,,,,,,,,,,,,,,,,,,,,,,,,,,,,,,,,,,,,,,,,,,,,,,,,,,98539,"<span lang=""EN-GB"">Suppose
     you want to set up a reminder when you are with people you know (e.g.,
     acquaintances, colleagues) at your home.<o:p></o:p></span>"
10/22/2018 6:37,10/22/2018 6:37,0,108.188.153.76,100,15,1,10/22/2018 6:37,R_3370YTMs5Jsc469,,,,,28.80130005,-81.28500366,anonymous,EN,2,,,,,,,,,,,,,,,,,,,,,,,,,,,,,,,,,,,,,,,,,,,,,,,,,,,,,,,,,,,,,,,,,,,,,,,,,,,,,,,,,,,,,,,,,,,,,,,,,,,,,,,,,,,,,,,,,,,,,,,,,,,,,,,,,,,,,,,,,,,,,,,,,,,,,,,,,,,,,,,,,,,,,,,,,,,,,,,,,,,,,,,,,,,,,,,,,,,,,,,,,,,,,,,,,,,70627,"<span lang=""EN-GB"">Suppose
     you want to a send a text message when you with people you know (e.g., acquaintances,
     colleagues) at a street<strong>.</strong><o:p></o:p></span>"
10/22/2018 6:39,10/22/2018 6:39,0,216.107.42.174,100,17,1,10/22/2018 6:39,R_VUOohpZkjixIn3r,,,,,37.75100708,-97.8219986,anonymous,EN,2,,,,,,,,,,,,,,,,,,,,,,,,,,,,,,,,,,,,,,,,,,,,,,,,,,,,,,,,,,,,,,,,,,,,,,,,,,,,,,,,,,,,,,,,,,,,,,,,,,,,,,,,,,,,,,,,,,,,,,,,,,,,,,,,,,,,,,,,,,,,,,,,,,,,,,,,,,,,,,,,,,,,,,,,,,,,,,,,,,,,,,,,,,,,,,,,,,,,,,,,,,,,,,,,,,,96081,"<span lang=""EN-GB"">Suppose you want to browse the internet when you alone at a park.<o:p></o:p></span>"
10/22/2018 6:39,10/22/2018 6:40,0,216.107.42.174,100,11,1,10/22/2018 6:40,R_1gztilNlXghH7TU,,,,,37.75100708,-97.8219986,anonymous,EN,3,,,,,,,,,,,,,,,,,,,,,,,,,,,,,,,,,,,,,,,,,,,,,,,,,,,,,,,,,,,,,,,,,,,,,,,,,,,,,,,,,,,,,,,,,,,,,,,,,,,,,,,,,,,,,,,,,,,,,,,,,,,,,,,,,,,,,,,,,,,,,,,,,,,,,,,,,,,,,,,,,,,,,,,,,,,,,,,,,,,,,,,,,,,,,,,,,,,,,,,,,,,,,,,,,,,99757,"<span lang=""EN-GB"">Suppose
     you want to purchase something online when you are with people you know
     (e.g., acquaintances, colleagues) at your home.<o:p></o:p></span>"
10/21/2018 18:18,10/22/2018 6:40,0,74.195.18.196,100,44527,1,10/22/2018 6:40,R_2UhKmEKzE75shAT,,,,,37.37989807,-81.11750031,anonymous,EN,"1,2,4",2,,1,,2,,3,,1,,2,"1,2",,1,,2,3,,1,,1,,1,,2,,"1,2",,1,4,,"1,3",,"1,2,3",,1,,1,,3,"1,2,3",,5,,5,,1,,"2,3",,1,,"2,3",,3,,1,,,,,,,,,,,,,,,,,,,,,,,,,,,,,,,,,,,,,,,,,,,,,,,,,,,,,,,,,,,,,,,,,,,,,,,,,,,,,,,,,,,,,,,,,,,,,,,,,,,,,,,,,,,,,,,,,,,,,,,,,,,,,,,,,,,,,,,,,,,,,,,,,,,female,29,Education - ESL & college algebra. ,5,1,,3,60411,"<span lang=""EN-GB"">Suppose
     you want to a send an email when you are surrounded by people you know
     (e.g., acquaintances, colleagues) your home.<o:p></o:p></span>"
10/22/2018 6:41,10/22/2018 6:42,0,216.107.42.174,100,13,1,10/22/2018 6:42,R_cucBkut4v4KnHKF,,,,,37.75100708,-97.8219986,anonymous,EN,5,,,,,,,,,,,,,,,,,,,,,,,,,,,,,,,,,,,,,,,,,,,,,,,,,,,,,,,,,,,,,,,,,,,,,,,,,,,,,,,,,,,,,,,,,,,,,,,,,,,,,,,,,,,,,,,,,,,,,,,,,,,,,,,,,,,,,,,,,,,,,,,,,,,,,,,,,,,,,,,,,,,,,,,,,,,,,,,,,,,,,,,,,,,,,,,,,,,,,,,,,,,,,,,,,,,49912,"<span lang=""EN-GB"">Suppose you want to a send a text message when you are alone at a street.<o:p></o:p></span>"
10/22/2018 6:42,10/22/2018 6:42,0,216.107.42.174,100,16,1,10/22/2018 6:42,R_bO6EZo0lqwWtcPv,,,,,37.75100708,-97.8219986,anonymous,EN,6,,,,,,,,,,,,,,,,,,,,,,,,,,,,,,,,,,,,,,,,,,,,,,,,,,,,,,,,,,,,,,,,,,,,,,,,,,,,,,,,,,,,,,,,,,,,,,,,,,,,,,,,,,,,,,,,,,,,,,,,,,,,,,,,,,,,,,,,,,,,,,,,,,,,,,,,,,,,,,,,,,,,,,,,,,,,,,,,,,,,,,,,,,,,,,,,,,,,,,,,,,,,,,,,,,,51346,"<span lang=""EN-GB"">Suppose
     you want to purchase something (e.g., book, household items) online when
     you are with your close friends at a park.<o:p></o:p></span>"
10/19/2018 6:40,10/22/2018 6:45,0,192.3.15.120,100,259487,1,10/22/2018 6:45,R_1CftF5RLBTGGipw,,,,,42.88639832,-78.87809753,anonymous,EN,"1,2,3,6","1,2,3",,"1,3",,"1,2,3,4",,1,,"1,3",,"1,2,3","1,3",,"1,2,3",,"1,2,3","1,2,3",,"1,2",,7,,"1,2,3",,"1,2,3",,"1,2",,,,,,,,,,,,,,,,,,,,,,,,,,,,,,,,,,,,,,,,,,,,,,,,,,,,,,,,,,,,,,,,,,,,,,,,,,,,,,,,,,,,,,,,,,,,,,,,,,,,,,,,,,,,,,,,,,,,,,,,,,,,,,,,,,,,,,,,,,,,,,,,,,,,,,,,,,,,,,,,,,,,,,,,,,,,,,,,,,,,,,,,9444,"<span lang=""EN-GB"">Suppose
     you want to call your mother for sharing an important update about your
     life&nbsp; when you are alone at a park<o:p></o:p></span>"
10/22/2018 6:38,10/22/2018 6:46,0,186.14.94.159,100,480,1,10/22/2018 6:46,R_1ieOjW3GOUcmgTh,,,,,10.24690247,-67.59580231,anonymous,EN,"1,2,3,4,6",2,,1,,1,,3,,1,,3,2,,2,,1,1,,2,,1,,"1,2",,"1,3",,2,,,,,,,,,,,,,,,,,,,,,,,,,,,,,,,,,,,,,,,,,,,,,,,,,,,,,,,,,,,,,,,,,,,,,,,,,,,,,,,,,,,,,,,,,,,,,,,,,,,,,,,,,,,,,,,,,,,,,,,,,,,,,,,,,,,,,,,,,,,,,,,,,,,,,,,,,,,,,,,,,,,,,,,,,,,,,,,,,,,,,,,,12142,"<span lang=""EN-GB"">Suppose
     you want to set up a reminder when you with people you know (e.g.,
     acquaintances, colleagues) at a park.<o:p></o:p></span>"
10/22/2018 6:48,10/22/2018 6:49,0,76.4.196.251,100,73,1,10/22/2018 6:49,R_12nEcuhbzjatzV7,,,,,35.63479614,-78.4509964,anonymous,EN,"1,2,3,4,6",3,,2,,"1,2",,1,,3,,1,2,,1,,2,2,,3,,4,,1,,1,,1,,,,,,,,,,,,,,,,,,,,,,,,,,,,,,,,,,,,,,,,,,,,,,,,,,,,,,,,,,,,,,,,,,,,,,,,,,,,,,,,,,,,,,,,,,,,,,,,,,,,,,,,,,,,,,,,,,,,,,,,,,,,,,,,,,,,,,,,,,,,,,,,,,,,,,,,,,,,,,,,,,,,,,,,,,,,,,,,,,,,,,,,65235,"<span lang=""EN-GB"">Suppose
     you want to call your mother for sharing an important update about your
     life when you are alone at Starbucks.<o:p></o:p></span>"
10/22/2018 6:42,10/22/2018 6:52,0,174.110.36.250,100,590,1,10/22/2018 6:52,R_2cBJq8guRRTngb9,,,,,35.07420349,-78.96499634,anonymous,EN,"1,2,4,5","2,4,5",,"1,2",,"1,2,3,4",,1,,"2,3",,3,"1,2,3",,"1,3",,3,"2,3,4",,"1,2,3",,"2,3,4",,"1,3",,"1,3",,"1,2",,,,,,,,,,,,,,,,,,,,,,,,,,,,,,,,,,,,,,,,,,,,,,,,,,,,,,,,,,,,,,,,,,,,,,,,,,,,,,,,,,,,,,,,,,,,,,,,,,,,,,,,,,,,,,,,,,,,,,,,,,,,,,,,,,,,,,,,,,,,,,,,,,,,,,,,,,,,,,,,,,,,,,,,,,,,,,,,,,,,,,,,48913,"<span lang=""EN-GB"">Suppose you want to a send an email when you are surrounded with people you are close to (e.g., friends, family members) at your home.<strong><o:p></o:p></strong></span>"
10/22/2018 6:51,10/22/2018 6:56,0,107.140.191.176,100,308,1,10/22/2018 6:56,R_AGW1hA7rZo6iKgV,,,,,30.4420929,-97.62989807,anonymous,EN,"1,2,4,6","1,2",,3,,3,,1,,2,,2,3,,2,,3,3,,2,,3,,3,,2,,2,,,,,,,,,,,,,,,,,,,,,,,,,,,,,,,,,,,,,,,,,,,,,,,,,,,,,,,,,,,,,,,,,,,,,,,,,,,,,,,,,,,,,,,,,,,,,,,,,,,,,,,,,,,,,,,,,,,,,,,,,,,,,,,,,,,,,,,,,,,,,,,,,,,,,,,,,,,,,,,,,,,,,,,,,,,,,,,,,,,,,,,,90095,"<span lang=""EN-GB"">Suppose you want to browse internet when you are with your close friends at a restaurant.<o:p></o:p></span>"
10/22/2018 6:49,10/22/2018 6:56,0,65.131.255.218,100,455,1,10/22/2018 6:56,R_1NVx2TuqGc2OlHj,,,,,28.54229736,-81.5911026,anonymous,EN,"1,2,4",1,,5,,"1,2",,1,,1,,4,2,,5,,4,6,,2,,7,,2,,"1,2",,"2,3",bluetooth or wifi connection,2,,,,,,,,,,,,,,,,,,,,,,,,,,,,,,2,,5,,"1,2",,1,,1,,1,2,,5,,5,,3,,7,,2,,7,,1,,1,,,,,,,,,,,,,,,,,,,,,,,,,,,,,,,,,,,,,,,,,,,,,,,,,,,,,,,,,,,,,,,,,,,,,,,,,,,,,,,,,,,,,,,,,,,,,,,,,,,,,,,,,,,,,,,,,,,,,,female,35,secretary,4,1,,1,75384,"<span lang=""EN-GB"">Suppose
     you want to take a click a photo when you are alone at home.<o:p></o:p></span>"
10/22/2018 6:56,10/22/2018 6:58,0,107.140.191.176,100,128,1,10/22/2018 6:58,R_2fpvWUyfynXrX5W,,,,,30.4420929,-97.62989807,anonymous,EN,"1,2,3",2,,3,,3,,1,,3,,3,2,,3,,3,4,,3,,4,,3,,2,,2,,2,,,,,,,,,,,,,,,,,,,,,,,,,,,,,,5,,3,,2,,1,,4,,3,5,,3,,2,,3,,3,,2,,2,,2,,1,,,,,,,,,,,,,,,,,,,,,,,,,,,,,,,,,,,,,,,,,,,,,,,,,,,,,,,,,,,,,,,,,,,,,,,,,,,,,,,,,,,,,,,,,,,,,,,,,,,,,,,,,,,,,,,,,,,,,,,,,,,,,3898,"<span lang=""EN-GB"">Suppose
     you want to a view a text message when you with people you know (e.g.,
     acquaintances, colleagues) at a street<strong>.</strong><o:p></o:p></span>"
10/22/2018 6:50,10/22/2018 7:00,0,129.15.203.139,100,586,1,10/22/2018 7:00,R_cO67Yt8wd1H9By9,,,,,35.22039795,-97.45770264,anonymous,EN,"2,3,5",7,,5,,"1,3",,3,,1,,1,"1,2,3",,5,,1,"1,2",,"1,2",,6,,"1,2",,1,,4,,2,,,,,,,,,,,,,,,,,,,,,,,,,,,,,,"2,5",,5,,"1,2,3",,1,,1,,4,"1,2,3",,5,,5,,"2,3",,"1,4",,"1,2",,"1,3,4",,1,,4,,,,,,,,,,,,,,,,,,,,,,,,,,,,,,,,,,,,,,,,,,,,,,,,,,,,,,,,,,,,,,,,,,,,,,,,,,,,,,,,,,,,,,,,,,,,,,,,,,,,,,,,,,,,,,,,,,,,,,,,,,,,,15534,"<span lang=""EN-GB"">Suppose
     you want to watch some video when you are alone at Starbucks.<o:p></o:p></span>"
10/21/2018 16:42,10/22/2018 7:01,0,71.215.96.181,100,51536,1,10/22/2018 7:01,R_3iCNgnKFL9wOUcB,,,,,27.59590149,-81.5062027,anonymous,EN,"1,2,3,4,5,6","1,2,3,4,5",,"1,2,3",,"1,2,3,4",,1,,"1,2,3,4",,"1,2,3","1,2,3",,"1,2,3",,4,"1,2,3,4",,"1,2,3",,"1,2,3,4,6",,"1,2,3",,"1,2,3",,"1,2",,,,,,,,,,,,,,,,,,,,,,,,,,,,,,,,,,,,,,,,,,,,,,,,,,,,,,,,,,,,,,,,,,,,,,,,,,,,,,,,,,,,,,,,,,,,,,,,,,,,,,,,,,,,,,,,,,,,,,,,,,,,,,,,,,,,,,,,,,,,,,,,,,,,,,,,,,,,,,,,,,,,,,,,,,,,,,,,,,,,,,,,41772,"<span lang=""EN-GB"">Suppose
     you want to listen to some audio when you are at home with people you are
     close to (e.g., friends, family members).<strong><o:p></o:p></strong></span>"
10/22/2018 7:02,10/22/2018 7:04,0,174.86.159.40,100,77,1,10/22/2018 7:04,R_0OZFdiojgPptBJv,,,,,38.70230103,-90.36440277,anonymous,EN,"2,3,4",2,,2,,3,,1,,1,,3,2,,1,,3,2,,2,,3,,1,,2,,2,,,,,,,,,,,,,,,,,,,,,,,,,,,,,,,,,,,,,,,,,,,,,,,,,,,,,,,,,,,,,,,,,,,,,,,,,,,,,,,,,,,,,,,,,,,,,,,,,,,,,,,,,,,,,,,,,,,,,,,,,,,,,,,,,,,,,,,,,,,,,,,,,,,,,,,,,,,,,,,,,,,,,,,,,,,,,,,,,,,,,,,,95802,"<span lang=""EN-GB"">Suppose you want to browse the internet when you are at home with people you know (e.g., acquaintances, colleagues).<o:p></o:p></span>"
10/22/2018 7:01,10/22/2018 7:04,0,71.215.96.181,100,181,1,10/22/2018 7:04,R_1hG7qxetRCkO0FF,,,,,27.59590149,-81.5062027,anonymous,EN,"1,2,3,4,5,6","1,2,3,4,5",,"1,2,3",,"1,2,3,4",,1,,"1,2,3,4",,"1,2,3","1,2,3",,"1,2,3",,"1,2,3","1,2,3,4",,"1,2,3",,"1,2,3,4,6",,"1,2,3",,"1,2,3",,"1,2",,2,,,,,,,,,,,,,,,,,,,,,,,,,,,,,,"1,2,3,4,5",,"1,2,3",,"1,2,3,4",,1,,"1,2,3,4",,"1,2,3","1,2,3",,"1,2,3",,"1,2,3",,"1,2,3,4",,"1,2,3,4",,"1,2,3",,"1,2,3,4",,"1,2,3",,"1,2",,,,,,,,,,,,,,,,,,,,,,,,,,,,,,,,,,,,,,,,,,,,,,,,,,,,,,,,,,,,,,,,,,,,,,,,,,,,,,,,,,,,,,,,,,,,,,,,,,,,,,,,,,,,,,,,,,,,,,Female,36,Hairdresser,3,1,,1,45800,"<span lang=""EN-GB"">Suppose you want to browse the internet when you are with your close friends at a park.<o:p></o:p></span>"
10/22/2018 7:06,10/22/2018 7:06,0,75.133.133.32,100,15,1,10/22/2018 7:06,R_2dG7ClqwPfhj7Xq,,,,,43.38090515,-84.66349792,anonymous,EN,"1,2",,,,,,,,,,,,,,,,,,,,,,,,,,,,,,,,,,,,,,,,,,,,,,,,,,,,,,,,,,,,,,,,,,,,,,,,,,,,,,,,,,,,,,,,,,,,,,,,,,,,,,,,,,,,,,,,,,,,,,,,,,,,,,,,,,,,,,,,,,,,,,,,,,,,,,,,,,,,,,,,,,,,,,,,,,,,,,,,,,,,,,,,,,,,,,,,,,,,,,,,,,,,,,,,,,,97809,"<span lang=""EN-GB"" style=""font-size:11.0pt;line-height:115%;
font-family:&quot;Arial&quot;,sans-serif;mso-fareast-font-family:Arial;mso-ansi-language:
EN-GB;mso-fareast-language:EN-US;mso-bidi-language:AR-SA"">Suppose you want to check your social media when you are alone in a park.</span>"
10/22/2018 7:14,10/22/2018 7:14,0,209.249.125.55,100,17,1,10/22/2018 7:14,R_3e4UzTV8L9qCwgK,,,,,38.88560486,-77.18019867,anonymous,EN,1,,,,,,,,,,,,,,,,,,,,,,,,,,,,,,,,,,,,,,,,,,,,,,,,,,,,,,,,,,,,,,,,,,,,,,,,,,,,,,,,,,,,,,,,,,,,,,,,,,,,,,,,,,,,,,,,,,,,,,,,,,,,,,,,,,,,,,,,,,,,,,,,,,,,,,,,,,,,,,,,,,,,,,,,,,,,,,,,,,,,,,,,,,,,,,,,,,,,,,,,,,,,,,,,,,,75512,"<span lang=""EN-GB"">Suppose you have planned to meet a friend next week and you want to&nbsp;put this on your calendar </span><span lang=""EN-GB"">when</span><span lang=""EN-GB""> you are surrounded by people you know (e.g., acquaintances, colleagues) at your home.</span><span lang=""EN-GB""><o:p></o:p></span>"
10/22/2018 7:15,10/22/2018 7:15,0,209.249.125.55,100,4,1,10/22/2018 7:15,R_BSqH3HfeXPyxCSZ,,,,,38.88560486,-77.18019867,anonymous,EN,2,,,,,,,,,,,,,,,,,,,,,,,,,,,,,,,,,,,,,,,,,,,,,,,,,,,,,,,,,,,,,,,,,,,,,,,,,,,,,,,,,,,,,,,,,,,,,,,,,,,,,,,,,,,,,,,,,,,,,,,,,,,,,,,,,,,,,,,,,,,,,,,,,,,,,,,,,,,,,,,,,,,,,,,,,,,,,,,,,,,,,,,,,,,,,,,,,,,,,,,,,,,,,,,,,,,9993,"<span lang=""EN-GB"">Suppose you want to read a digital document when you are at a park.<o:p></o:p></span>"
10/22/2018 7:15,10/22/2018 7:15,0,209.249.125.55,100,5,1,10/22/2018 7:15,R_3HnOz6wLfoDoJ2Q,,,,,38.88560486,-77.18019867,anonymous,EN,4,,,,,,,,,,,,,,,,,,,,,,,,,,,,,,,,,,,,,,,,,,,,,,,,,,,,,,,,,,,,,,,,,,,,,,,,,,,,,,,,,,,,,,,,,,,,,,,,,,,,,,,,,,,,,,,,,,,,,,,,,,,,,,,,,,,,,,,,,,,,,,,,,,,,,,,,,,,,,,,,,,,,,,,,,,,,,,,,,,,,,,,,,,,,,,,,,,,,,,,,,,,,,,,,,,,34489,"<span lang=""EN-GB"">Suppose
     you want to purchase something online when you are with people you are
     close to (e.g., friends, family members).<o:p></o:p></span>"
10/22/2018 7:15,10/22/2018 7:15,0,209.249.125.55,100,3,1,10/22/2018 7:15,R_3ExR7YCIJMpWxyg,,,,,38.88560486,-77.18019867,anonymous,EN,3,,,,,,,,,,,,,,,,,,,,,,,,,,,,,,,,,,,,,,,,,,,,,,,,,,,,,,,,,,,,,,,,,,,,,,,,,,,,,,,,,,,,,,,,,,,,,,,,,,,,,,,,,,,,,,,,,,,,,,,,,,,,,,,,,,,,,,,,,,,,,,,,,,,,,,,,,,,,,,,,,,,,,,,,,,,,,,,,,,,,,,,,,,,,,,,,,,,,,,,,,,,,,,,,,,,13795,"<span lang=""EN-GB"">Suppose you are alone at home, you want to take a break from studying/working&nbsp;</span>so you decide to play an online/digital game with some close friends ."
10/22/2018 7:15,10/22/2018 7:15,0,209.249.125.55,100,6,1,10/22/2018 7:15,R_3CDAenaMs4gefeU,,,,,38.88560486,-77.18019867,anonymous,EN,5,,,,,,,,,,,,,,,,,,,,,,,,,,,,,,,,,,,,,,,,,,,,,,,,,,,,,,,,,,,,,,,,,,,,,,,,,,,,,,,,,,,,,,,,,,,,,,,,,,,,,,,,,,,,,,,,,,,,,,,,,,,,,,,,,,,,,,,,,,,,,,,,,,,,,,,,,,,,,,,,,,,,,,,,,,,,,,,,,,,,,,,,,,,,,,,,,,,,,,,,,,,,,,,,,,,30159,"<span lang=""EN-GB"" style=""font-size:11.0pt;line-height:115%;
font-family:&quot;Arial&quot;,sans-serif;mso-fareast-font-family:Arial;mso-ansi-language:
EN-GB;mso-fareast-language:EN-US;mso-bidi-language:AR-SA"">Suppose you want to
find a route to a coffee shop when you are alone at home.</span>"
10/22/2018 7:15,10/22/2018 7:15,0,209.249.125.55,100,5,1,10/22/2018 7:15,R_Dl619bGsfwJc8W5,,,,,38.88560486,-77.18019867,anonymous,EN,6,,,,,,,,,,,,,,,,,,,,,,,,,,,,,,,,,,,,,,,,,,,,,,,,,,,,,,,,,,,,,,,,,,,,,,,,,,,,,,,,,,,,,,,,,,,,,,,,,,,,,,,,,,,,,,,,,,,,,,,,,,,,,,,,,,,,,,,,,,,,,,,,,,,,,,,,,,,,,,,,,,,,,,,,,,,,,,,,,,,,,,,,,,,,,,,,,,,,,,,,,,,,,,,,,,,86299,"Suppose you want to call your mother for sharing an important update about your life when you are surrounded with people you are close to (e.g., friends, family members)at your home."
10/22/2018 7:15,10/22/2018 7:16,0,209.249.125.55,100,41,1,10/22/2018 7:16,R_2f3P2HIwWlW5OZz,,,,,38.88560486,-77.18019867,anonymous,EN,"1,2,3,4,5,6","1,2,3,4",,"1,2,3",,"2,3,4",,1,,"2,3,4",,2,"1,2",,"1,2,3",,"1,2,3","1,2,3",,"1,3",,"1,2,3,4",,"1,2",,"1,2",,"1,2",,,,,,,,,,,,,,,,,,,,,,,,,,,,,,,,,,,,,,,,,,,,,,,,,,,,,,,,,,,,,,,,,,,,,,,,,,,,,,,,,,,,,,,,,,,,,,,,,,,,,,,,,,,,,,,,,,,,,,,,,,,,,,,,,,,,,,,,,,,,,,,,,,,,,,,,,,,,,,,,,,,,,,,,,,,,,,,,,,,,,,,,73435,"<span lang=""EN-GB"">Suppose you want to watch some video when you are with your close friends at Starbucks.<o:p></o:p></span>"
10/22/2018 7:18,10/22/2018 7:20,0,73.110.18.62,100,85,1,10/22/2018 7:20,R_9GK7FYf9YG3Evnz,,,,,41.79649353,-87.95690155,anonymous,EN,"1,2,3,4,5,6",4,,"1,2",,1,,1,,1,,4,1,,1,,1,2,,3,,1,,3,,1,,2,,,,,,,,,,,,,,,,,,,,,,,,,,,,,,,,,,,,,,,,,,,,,,,,,,,,,,,,,,,,,,,,,,,,,,,,,,,,,,,,,,,,,,,,,,,,,,,,,,,,,,,,,,,,,,,,,,,,,,,,,,,,,,,,,,,,,,,,,,,,,,,,,,,,,,,,,,,,,,,,,,,,,,,,,,,,,,,,,,,,,,,,71007,"<span lang=""EN-GB"">Suppose
     you want to listen to some audio when you are at home with people you are
     close to (e.g., friends, family members).<strong><o:p></o:p></strong></span>"
10/22/2018 7:20,10/22/2018 7:20,0,192.241.122.70,100,48,1,10/22/2018 7:20,R_2RV1Wm6EIHMZR0H,,,,,30.27130127,-97.74259949,anonymous,EN,"1,2,3",3,,1,,3,,1,,2,,3,2,,3,,2,2,,1,,3,,2,,2,,1,,,,,,,,,,,,,,,,,,,,,,,,,,,,,,,,,,,,,,,,,,,,,,,,,,,,,,,,,,,,,,,,,,,,,,,,,,,,,,,,,,,,,,,,,,,,,,,,,,,,,,,,,,,,,,,,,,,,,,,,,,,,,,,,,,,,,,,,,,,,,,,,,,,,,,,,,,,,,,,,,,,,,,,,,,,,,,,,,,,,,,,,13450,"<span lang=""EN-GB"">Suppose you are at sitting in a park and you want to play a digital/online game.<o:p></o:p></span>"
10/22/2018 7:20,10/22/2018 7:21,0,73.110.18.62,100,85,1,10/22/2018 7:21,R_29uWiFxigyP9I8A,,,,,41.79649353,-87.95690155,anonymous,EN,"1,2,3,4,5,6","1,2,3,4",,3,,"2,3",,1,,"2,3,4",,"1,2,3","1,2",,"1,2,3",,"1,2","2,3,4",,"1,2",,"1,2,3",,"2,3",,5,,"1,2",,,,,,,,,,,,,,,,,,,,,,,,,,,,,,,,,,,,,,,,,,,,,,,,,,,,,,,,,,,,,,,,,,,,,,,,,,,,,,,,,,,,,,,,,,,,,,,,,,,,,,,,,,,,,,,,,,,,,,,,,,,,,,,,,,,,,,,,,,,,,,,,,,,,,,,,,,,,,,,,,,,,,,,,,,,,,,,,,,,,,,,,65234,"<span lang=""EN-GB"">Suppose
     you are at starbucks and you realize today is the last day to pay one of
     your bills online.<o:p></o:p></span>"
10/22/2018 7:21,10/22/2018 7:22,0,192.241.122.70,100,70,1,10/22/2018 7:22,R_1pJRB5ITmhBL7qQ,,,,,30.27130127,-97.74259949,anonymous,EN,"1,2,3",3,,2,,2,,1,,2,,2,1,,2,,2,2,,3,,4,,1,,3,,1,,,,,,,,,,,,,,,,,,,,,,,,,,,,,,,,,,,,,,,,,,,,,,,,,,,,,,,,,,,,,,,,,,,,,,,,,,,,,,,,,,,,,,,,,,,,,,,,,,,,,,,,,,,,,,,,,,,,,,,,,,,,,,,,,,,,,,,,,,,,,,,,,,,,,,,,,,,,,,,,,,,,,,,,,,,,,,,,,,,,,,,,90947,"<span lang=""EN-GB"">Suppose
     you want to purchase something online when you are alone at a park.<o:p></o:p></span>"
10/22/2018 7:22,10/22/2018 7:25,0,192.241.122.70,100,181,1,10/22/2018 7:25,R_2V7NFklAkU3Q9CO,,,,,30.27130127,-97.74259949,anonymous,EN,"1,3,6","1,2,3,4,5",,"1,2,3",,"1,2,3,4",,1,,"1,2,3,4",,4,"1,2,3",,"1,2,3",,"1,2,3","1,2,3,4",,"1,2",,"1,2,3",,"1,2,3",,"1,2,3",,1,,,,,,,,,,,,,,,,,,,,,,,,,,,,,,,,,,,,,,,,,,,,,,,,,,,,,,,,,,,,,,,,,,,,,,,,,,,,,,,,,,,,,,,,,,,,,,,,,,,,,,,,,,,,,,,,,,,,,,,,,,,,,,,,,,,,,,,,,,,,,,,,,,,,,,,,,,,,,,,,,,,,,,,,,,,,,,,,,,,,,,,,29755,"Suppose you want to purchase something (e.g., book,
     household items) online when you are with people
     you know (e.g., acquaintances, colleagues) at
     Starbucks.<o:p></o:p>"
10/22/2018 7:26,10/22/2018 7:31,0,174.230.1.64,100,259,1,10/22/2018 7:31,R_3Nxhe1EtjZgTEj8,,,,,42.66920471,-83.58950043,anonymous,EN,"1,2,4","2,5",,3,,3,,1,,1,,1,"1,2",,5,,4,3,,2,,3,,2,,1,,"1,2",,,,,,,,,,,,,,,,,,,,,,,,,,,,,,,,,,,,,,,,,,,,,,,,,,,,,,,,,,,,,,,,,,,,,,,,,,,,,,,,,,,,,,,,,,,,,,,,,,,,,,,,,,,,,,,,,,,,,,,,,,,,,,,,,,,,,,,,,,,,,,,,,,,,,,,,,,,,,,,,,,,,,,,,,,,,,,,,,,,,,,,,28846,"<span lang=""EN-GB"">Suppose you want to watch some video when you are alone at your home.<strong><o:p></o:p></strong></span>"
10/22/2018 7:34,10/22/2018 7:34,0,73.1.76.197,100,6,1,10/22/2018 7:34,R_2U6fjSCakB4yCJc,,,,,26.92120361,-80.21440125,anonymous,EN,3,,,,,,,,,,,,,,,,,,,,,,,,,,,,,,,,,,,,,,,,,,,,,,,,,,,,,,,,,,,,,,,,,,,,,,,,,,,,,,,,,,,,,,,,,,,,,,,,,,,,,,,,,,,,,,,,,,,,,,,,,,,,,,,,,,,,,,,,,,,,,,,,,,,,,,,,,,,,,,,,,,,,,,,,,,,,,,,,,,,,,,,,,,,,,,,,,,,,,,,,,,,,,,,,,,,11915,"<span lang=""EN-GB"" style=""font-size:11.0pt;line-height:115%;
font-family:&quot;Arial&quot;,sans-serif;mso-fareast-font-family:Arial;mso-ansi-language:
EN-GB;mso-fareast-language:EN-US;mso-bidi-language:AR-SA"">Suppose you want to a
send an email when you are at Starbucks.</span>"
10/22/2018 7:36,10/22/2018 7:36,0,216.107.34.254,100,41,1,10/22/2018 7:36,R_3lVmijrlwSsBmee,,,,,37.75100708,-97.8219986,anonymous,EN,2,,,,,,,,,,,,,,,,,,,,,,,,,,,,,,,,,,,,,,,,,,,,,,,,,,,,,,,,,,,,,,,,,,,,,,,,,,,,,,,,,,,,,,,,,,,,,,,,,,,,,,,,,,,,,,,,,,,,,,,,,,,,,,,,,,,,,,,,,,,,,,,,,,,,,,,,,,,,,,,,,,,,,,,,,,,,,,,,,,,,,,,,,,,,,,,,,,,,,,,,,,,,,,,,,,,7480,"<span lang=""EN-GB"">Suppose you want to find a route to home while walking on a street with your close friends.<o:p></o:p></span>"
10/22/2018 7:38,10/22/2018 7:39,0,65.73.63.234,100,34,1,10/22/2018 7:39,R_wMfzq8Wmdos79D3,,,,,41.45120239,-74.4701004,anonymous,EN,"1,2",,,,,,,,,,,,,,,,,,,,,,,,,,,,,,,,,,,,,,,,,,,,,,,,,,,,,,,,,,,,,,,,,,,,,,,,,,,,,,,,,,,,,,,,,,,,,,,,,,,,,,,,,,,,,,,,,,,,,,,,,,,,,,,,,,,,,,,,,,,,,,,,,,,,,,,,,,,,,,,,,,,,,,,,,,,,,,,,,,,,,,,,,,,,,,,,,,,,,,,,,,,,,,,,,,,58225,"<span lang=""EN-GB"">Suppose
     you want to a send an email when you are with a very close friend at a
     restaurant&nbsp;<o:p></o:p></span>"
10/22/2018 7:41,10/22/2018 7:42,0,76.124.64.173,100,62,1,10/22/2018 7:42,R_6Dwu66esmeXtxT3,,,,,40.14959717,-75.37960052,anonymous,EN,"1,2,3,4","1,4",,3,,"1,3",,1,,3,,"1,2",1,,"1,2",,1,3,,2,,"1,3",,"2,3",,"1,2",,"1,2",,,,,,,,,,,,,,,,,,,,,,,,,,,,,,,,,,,,,,,,,,,,,,,,,,,,,,,,,,,,,,,,,,,,,,,,,,,,,,,,,,,,,,,,,,,,,,,,,,,,,,,,,,,,,,,,,,,,,,,,,,,,,,,,,,,,,,,,,,,,,,,,,,,,,,,,,,,,,,,,,,,,,,,,,,,,,,,,,,,,,,,,38472,"Suppose you want to find a route to a coffee shop
     when you are at home with your by your colleagues<o:p></o:p>"
10/22/2018 7:40,10/22/2018 7:43,0,162.194.38.91,100,201,1,10/22/2018 7:43,R_R4uqYuiNQFhlmKt,,,,,33.52189636,-86.76660156,anonymous,EN,"1,2,4,5","2,4",,1,,1,,1,,1,,1,3,,3,,1,3,,2,,3,,"1,2",,1,,1,,,,,,,,,,,,,,,,,,,,,,,,,,,,,,,,,,,,,,,,,,,,,,,,,,,,,,,,,,,,,,,,,,,,,,,,,,,,,,,,,,,,,,,,,,,,,,,,,,,,,,,,,,,,,,,,,,,,,,,,,,,,,,,,,,,,,,,,,,,,,,,,,,,,,,,,,,,,,,,,,,,,,,,,,,,,,,,,,,,,,,,,74854,"<span lang=""EN-GB"">Suppose
     you want to a send an email when you are surrounded by people you know
     (e.g., acquaintances, colleagues) at a restaurant.<o:p></o:p></span>"
10/22/2018 7:48,10/22/2018 7:50,0,186.179.50.148,100,123,1,10/22/2018 7:50,R_2CZlknGNFJKz1kJ,,,,,15,-86.5,anonymous,EN,"1,2,6","2,3,4",,"1,3",,6,,1,,"1,3,4",,"2,3","2,3",,"2,3",,"1,2,3","2,4",,"1,3",,"2,4",,"1,2,3",,"2,3",,"1,2",,,,,,,,,,,,,,,,,,,,,,,,,,,,,,,,,,,,,,,,,,,,,,,,,,,,,,,,,,,,,,,,,,,,,,,,,,,,,,,,,,,,,,,,,,,,,,,,,,,,,,,,,,,,,,,,,,,,,,,,,,,,,,,,,,,,,,,,,,,,,,,,,,,,,,,,,,,,,,,,,,,,,,,,,,,,,,,,,,,,,,,,51376,"<span lang=""EN-GB"">Suppose you are at a coffee shop, you have just read a book you loved and now&nbsp;</span>you want to write a review for it to share with your close family and friends."
10/22/2018 8:04,10/22/2018 8:06,0,186.179.50.148,100,76,1,10/22/2018 8:06,R_2zvBSZUCds4UTnO,,,,,15,-86.5,anonymous,EN,"1,2,3,4,5,6",2,,1,,2,,1,,3,,2,2,,3,,1,1,,1,,2,,1,,2,,1,,,,,,,,,,,,,,,,,,,,,,,,,,,,,,,,,,,,,,,,,,,,,,,,,,,,,,,,,,,,,,,,,,,,,,,,,,,,,,,,,,,,,,,,,,,,,,,,,,,,,,,,,,,,,,,,,,,,,,,,,,,,,,,,,,,,,,,,,,,,,,,,,,,,,,,,,,,,,,,,,,,,,,,,,,,,,,,,,,,,,,,,45660,"<span lang=""EN-GB"">Suppose you want to browse the internet when you are alone at a restaurant.<o:p></o:p></span>"
10/22/2018 8:08,10/22/2018 8:09,0,207.189.25.87,100,39,1,10/22/2018 8:09,R_2scOo0R47Xm37Ch,,,,,38.9066925,-77.03119659,anonymous,EN,5,,,,,,,,,,,,,,,,,,,,,,,,,,,,,,,,,,,,,,,,,,,,,,,,,,,,,,,,,,,,,,,,,,,,,,,,,,,,,,,,,,,,,,,,,,,,,,,,,,,,,,,,,,,,,,,,,,,,,,,,,,,,,,,,,,,,,,,,,,,,,,,,,,,,,,,,,,,,,,,,,,,,,,,,,,,,,,,,,,,,,,,,,,,,,,,,,,,,,,,,,,,,,,,,,,,94082,"Suppose
     you want to call your mother for sharing an important update about your
     life when you are surrounded by people you
     know (e.g., acquaintances, colleagues) at a restaurant.<o:p></o:p>"
10/22/2018 8:09,10/22/2018 8:16,0,207.189.25.87,100,390,1,10/22/2018 8:16,R_33EKmPCSUvKpFwY,,,,,38.9066925,-77.03119659,anonymous,EN,"2,3,4","1,2,3",,"1,2",,"1,2,3",,1,,"1,2,3",,"1,2","1,2",,"1,2,3",,"1,2","1,2",,"1,2",,"1,2",,"1,2",,"1,2",,1,,"2,3,4",,,,,,,,,,,,,,,,,,,,,,,,,,,,,,"1,2",,"1,2",,"1,2",,1,,"1,2,3",,"1,2",1,,"1,2",,"1,2",,"1,3",,"1,2,3",,"1,2",,"1,2",,"1,2",,"1,2",,"1,2",,"1,2",,"1,2",,1,,"1,2",,"1,2","1,2",,"1,2",,"1,2",,"1,2",,"1,2",,"1,2",,"1,2",,"1,2",,"1,2",,"1,2,3",,"1,2",,"1,2,3",,1,,"1,2,3",,"1,2","1,2",,"1,2",,"1,2",,"1,2,3",,"1,2,3",,"1,2",,"1,2",,"1,2",,"1,2",,,,,,,,,,,,,,,,,,,,,,,,,,,,,,,,,,,,,,,,,,,,,,,,,,,,,,,,,,,,,,,,,,,47153,"<span lang=""EN-GB"">Suppose
     you want to listen to some audio when you are with your friends at
     Starbucks.<o:p></o:p></span>"
10/22/2018 8:22,10/22/2018 8:23,0,192.132.44.53,100,57,1,10/22/2018 8:23,R_2VmwAD5GbRgPxAJ,,,,,32.74909973,-96.45980072,anonymous,EN,"1,2,3,4,6","3,4,5",,3,,"2,3",,1,,3,,2,2,,"2,3",,2,"2,3",,2,,"3,4",,"2,3",,"1,2",,2,,,,,,,,,,,,,,,,,,,,,,,,,,,,,,,,,,,,,,,,,,,,,,,,,,,,,,,,,,,,,,,,,,,,,,,,,,,,,,,,,,,,,,,,,,,,,,,,,,,,,,,,,,,,,,,,,,,,,,,,,,,,,,,,,,,,,,,,,,,,,,,,,,,,,,,,,,,,,,,,,,,,,,,,,,,,,,,,,,,,,,,,31624,"<span lang=""EN-GB"">Suppose
     you want to watch some video when
     you are at home with people you are close to (e.g., friends, family
     members)<strong><o:p></o:p></strong></span>"
10/22/2018 8:22,10/22/2018 8:25,0,97.73.80.46,100,218,1,10/22/2018 8:25,R_2txjgvDmIvjnpkt,,,,,37.75100708,-97.8219986,anonymous,EN,"1,2,4",2,,1,,"1,2,3",,1,,"1,3",,2,1,,2,,2,2,,2,,6,,2,,2,,2,,1,2,,1,,2,,1,,"1,2,3",,2,2,,3,,3,,"1,4",,"1,4",,2,,"2,3,4",,3,,2,,,,,,,,,,,,,,,,,,,,,,,,,,,,,,,,,,,,,,,,,,,,,,,,,,,,,,,,,,,,,,,,,,,,,,,,,,,,,,,,,,,,,,,,,,,,,,,,,,,,,,,,,,,,,,,,,,,,,,,,,,,,,,,,,,,,,,,,,,,,,,,,,,,,,,,,,,55663,"<span lang=""EN-GB"">Suppose you want to read a digital document when you are at Starbucks with people you know (e.g., acquaintances, colleagues).<o:p></o:p></span>"
10/22/2018 8:29,10/22/2018 8:29,0,63.155.73.57,100,17,1,10/22/2018 8:29,R_XMSW0fZJhBJWQqB,,,,,44.10049438,-123.1334,anonymous,EN,"1,2",,,,,,,,,,,,,,,,,,,,,,,,,,,,,,,,,,,,,,,,,,,,,,,,,,,,,,,,,,,,,,,,,,,,,,,,,,,,,,,,,,,,,,,,,,,,,,,,,,,,,,,,,,,,,,,,,,,,,,,,,,,,,,,,,,,,,,,,,,,,,,,,,,,,,,,,,,,,,,,,,,,,,,,,,,,,,,,,,,,,,,,,,,,,,,,,,,,,,,,,,,,,,,,,,,,75423,"<span lang=""EN-GB"">Suppose
     you want to find a route to home when you are at Starbucks with your close
     friends.<o:p></o:p></span>"
10/22/2018 8:31,10/22/2018 8:33,0,71.213.41.168,100,133,1,10/22/2018 8:33,R_1gNiNq09n3V6ktN,,,,,40.24769592,-83.36219788,anonymous,EN,"1,3,4",1,,1,,1,,1,,2,,1,1,,1,,1,4,,2,,3,,1,,1,,2,,,,,,,,,,,,,,,,,,,,,,,,,,,,,,,,,,,,,,,,,,,,,,,,,,,,,,,,,,,,,,,,,,,,,,,,,,,,,,,,,,,,,,,,,,,,,,,,,,,,,,,,,,,,,,,,,,,,,,,,,,,,,,,,,,,,,,,,,,,,,,,,,,,,,,,,,,,,,,,,,,,,,,,,,,,,,,,,,,,,,,,,70583,"<span lang=""EN-GB"">Suppose you want to browse through one of your social media profiles when you&nbsp;</span>are at your home."
10/22/2018 8:34,10/22/2018 8:35,0,67.149.245.114,100,76,1,10/22/2018 8:35,R_2YuqDPYYchKvc9B,,,,,42.2940979,-83.25360107,anonymous,EN,"2,3,4,6",3,,1,,"1,3",,1,,"1,2",,2,1,,"1,3",,"1,2",2,,"1,2",,2,,2,,"1,2",,"1,2",,,,,,,,,,,,,,,,,,,,,,,,,,,,,,,,,,,,,,,,,,,,,,,,,,,,,,,,,,,,,,,,,,,,,,,,,,,,,,,,,,,,,,,,,,,,,,,,,,,,,,,,,,,,,,,,,,,,,,,,,,,,,,,,,,,,,,,,,,,,,,,,,,,,,,,,,,,,,,,,,,,,,,,,,,,,,,,,,,,,,,,,37919,"<span lang=""EN-GB"">Suppose
     you want to a send an email when you are surrounded by people you know
     (e.g., acquaintances, colleagues) your home.<o:p></o:p></span>"
10/22/2018 8:36,10/22/2018 8:38,0,67.149.245.114,100,125,1,10/22/2018 8:38,R_2dRZkRg03AKsGyM,,,,,42.2940979,-83.25360107,anonymous,EN,"2,3,4,6",3,,2,,2,,1,,"3,4",,1,2,,"1,2",,2,"1,2",,"2,3",,"1,2",,3,,2,,1,,,,,,,,,,,,,,,,,,,,,,,,,,,,,,,,,,,,,,,,,,,,,,,,,,,,,,,,,,,,,,,,,,,,,,,,,,,,,,,,,,,,,,,,,,,,,,,,,,,,,,,,,,,,,,,,,,,,,,,,,,,,,,,,,,,,,,,,,,,,,,,,,,,,,,,,,,,,,,,,,,,,,,,,,,,,,,,,,,,,,,,,55482,"<span lang=""EN-GB"" style=""font-size:11.0pt;line-height:115%;
font-family:&quot;Arial&quot;,sans-serif;mso-fareast-font-family:Arial;mso-ansi-language:
EN-GB;mso-fareast-language:EN-US;mso-bidi-language:AR-SA"">Suppose you want to a
send an email when you are alone at home</span>"
10/22/2018 8:42,10/22/2018 8:47,0,100.35.97.44,100,305,1,10/22/2018 8:47,R_2cpFBaabx1nBK1j,,,,,40.74450684,-74.15080261,anonymous,EN,"1,2,3,4,5,6",1,,2,,"2,4",,3,,"2,3",,"1,2",5,,2,,"1,2",4,,3,,2,,3,,5,,4,,5,,,,,,,,,,,,,,,,,,,,,,,,,,,,,,,,,,,,,,,,,,,,,,,,,,,,,,,,,,,,,,,,,,,,,,,,,,,,,,,,,,,,,,,,,,,,,,,,,,,,,,,,,,,,,,,,,,,,,1,,5,,4,,3,,"3,4",,"1,2",5,,2,,2,,4,,2,,3,,2,,5,,4,,,,,,,,,,,,,,,,,,,,,,,,,,,,,,,male,38,software tester,4,4,,4,468,"<span lang=""EN-GB"">Suppose
     you want to listen to some audio when you are with people you know (e.g.,
     acquaintances, colleagues) at your home.<o:p></o:p></span>"
10/22/2018 8:54,10/22/2018 8:56,0,68.205.121.166,100,117,1,10/22/2018 8:56,R_1JJBdnJizwnjRXX,,,,,28.65130615,-81.20659637,anonymous,EN,"1,2,3,4,5,6","1,2",,3,,2,,1,,2,,3,2,,"1,2",,"1,2","1,2",,"1,2",,3,,2,,2,,1,,,,,,,,,,,,,,,,,,,,,,,,,,,,,,,,,,,,,,,,,,,,,,,,,,,,,,,,,,,,,,,,,,,,,,,,,,,,,,,,,,,,,,,,,,,,,,,,,,,,,,,,,,,,,,,,,,,,,,,,,,,,,,,,,,,,,,,,,,,,,,,,,,,,,,,,,,,,,,,,,,,,,,,,,,,,,,,,,,,,,,,,80760,"<span lang=""EN-GB"">Suppose
     you want to a send a text message when you are alone at home<strong><o:p></o:p></strong></span>"
10/22/2018 9:00,10/22/2018 9:04,0,100.35.97.44,100,247,1,10/22/2018 9:04,R_2PopXnZerHfGGZf,,,,,40.74450684,-74.15080261,anonymous,EN,"1,2,3,4,5,6",2,,5,,"2,4",,1,,1,,1,5,,2,,1,3,,2,,"1,2,4",,2,,5,,4,,6,,,,,,,,,,,,,,,,,,,,,,,,,,,,,,,,,,,,,,,,,,,,,,,,,,,,,,,,,,,,,,,,,,,,,,,,,,,,,,,,,,,,,,,,,,,,,,,,,,,,,,,,,,,,,,,,,,,,,,,,,,,,,,,,,,,,,,,,,,,,,,,,,,2,,5,,"2,3",,1,,1,,1,5,,2,,2,,3,,"1,2,3,4",,"1,2",,"1,2,3,4",,5,,4,,Male,36,Assistant Manager,4,3,,4,85339,"<span lang=""EN-GB"">Suppose
     you want to set up a reminder when you are at a park by yourself.<o:p></o:p></span>"
10/22/2018 9:05,10/22/2018 9:05,0,24.247.214.19,100,29,1,10/22/2018 9:05,R_31Wunw8Lff5eQXY,,,,,42.45959473,-83.90989685,anonymous,EN,"1,2",,,,,,,,,,,,,,,,,,,,,,,,,,,,,,,,,,,,,,,,,,,,,,,,,,,,,,,,,,,,,,,,,,,,,,,,,,,,,,,,,,,,,,,,,,,,,,,,,,,,,,,,,,,,,,,,,,,,,,,,,,,,,,,,,,,,,,,,,,,,,,,,,,,,,,,,,,,,,,,,,,,,,,,,,,,,,,,,,,,,,,,,,,,,,,,,,,,,,,,,,,,,,,,,,,,54531,"<span lang=""EN-GB"" style=""font-size:11.0pt;line-height:115%;
font-family:&quot;Arial&quot;,sans-serif;mso-fareast-font-family:Arial;mso-ansi-language:
EN-GB;mso-fareast-language:EN-US;mso-bidi-language:AR-SA"">Suppose you want to
take a click a photo when you are at Starbucks.</span>"
10/22/2018 9:04,10/22/2018 9:06,0,186.179.50.148,100,101,1,10/22/2018 9:06,R_WrHeQKOhnzHXXMt,,,,,15,-86.5,anonymous,EN,"1,4,5",2,,1,,3,,1,,3,,1,1,,1,,1,"1,2",,1,,2,,1,,2,,"1,2",,1,2,,2,,2,,1,,1,,2,2,,2,,1,,1,,2,,1,,2,,1,,2,,,,,,,,,,,,,,,,,,,,,,,,,,,,,,,,,,,,,,,,,,,,,,,,,,,,,,,,,,,,,,,,,,,,,,,,,,,,,,,,,,,,,,,,,,,,,,,,,,,,,,,,,,,,,,,,,,,,,,,,,,,,,,,,,,,,,,,,,,,,,,,,,,,,,,,,,,15021,"<span lang=""EN-GB"">Suppose you want to find a route to home while walking on a street with people you know (e.g., acquaintances, colleagues).<o:p></o:p></span>"
10/22/2018 9:07,10/22/2018 9:11,0,199.101.34.12,100,244,1,10/22/2018 9:11,R_3PG27anx6foqtGt,,,,,33.38870239,-111.8427963,anonymous,EN,"1,2,3,5","1,2,5",,"1,2",,"1,2,3,4",,1,,1,,2,"1,2,3",,"1,2",,"2,3","1,2,3,4",,3,,"2,3",,"1,2,3",,"1,3",,"1,2",,,,,,,,,,,,,,,,,,,,,,,,,,,,,,,,,,,,,,,,,,,,,,,,,,,,,,,,,,,,,,,,,,,,,,,,,,,,,,,,,,,,,,,,,,,,,,,,,,,,,,,,,,,,,,,,,,,,,,,,,,,,,,,,,,,,,,,,,,,,,,,,,,,,,,,,,,,,,,,,,,,,,,,,,,,,,,,,,,,,,,,,52702,"<span lang=""EN-GB"">Suppose you want to control some devices/appliances (e.g., smart lights) when you are alone at home.<o:p></o:p></span>"
10/22/2018 9:15,10/22/2018 9:16,0,108.62.142.190,100,23,1,10/22/2018 9:16,R_3paMANaqSUfpX6P,,,,,33.6730957,-111.9460983,anonymous,EN,2,,,,,,,,,,,,,,,,,,,,,,,,,,,,,,,,,,,,,,,,,,,,,,,,,,,,,,,,,,,,,,,,,,,,,,,,,,,,,,,,,,,,,,,,,,,,,,,,,,,,,,,,,,,,,,,,,,,,,,,,,,,,,,,,,,,,,,,,,,,,,,,,,,,,,,,,,,,,,,,,,,,,,,,,,,,,,,,,,,,,,,,,,,,,,,,,,,,,,,,,,,,,,,,,,,,13988,"<span lang=""EN-GB"">Suppose
     you want to take a click a photo when you are with people you are close to
     (e.g., friends, family members) at home<o:p></o:p></span>"
10/22/2018 9:15,10/22/2018 9:16,0,108.253.190.88,100,69,1,10/22/2018 9:16,R_24xirhWeQSGKhMg,,,,,41.48469543,-81.80180359,anonymous,EN,"1,2",,,,,,,,,,,,,,,,,,,,,,,,,,,,,,,,,,,,,,,,,,,,,,,,,,,,,,,,,,,,,,,,,,,,,,,,,,,,,,,,,,,,,,,,,,,,,,,,,,,,,,,,,,,,,,,,,,,,,,,,,,,,,,,,,,,,,,,,,,,,,,,,,,,,,,,,,,,,,,,,,,,,,,,,,,,,,,,,,,,,,,,,,,,,,,,,,,,,,,,,,,,,,,,,,,,55816,"<span lang=""EN-GB"">Suppose
     you want to set up a reminder when you with people you know (e.g.,
     acquaintances, colleagues) at a park.<o:p></o:p></span>"
10/22/2018 9:05,10/22/2018 9:17,0,100.35.97.44,100,693,1,10/22/2018 9:17,R_1dLkTptkEV1KGpK,,,,,40.74450684,-74.15080261,anonymous,EN,"1,2,3,4,5,6","2,5",,5,,"2,3",,1,,1,,3,"1,2,3",,2,,3,"1,2,3",,2,,3,,2,,5,,2,,2,,,,,,,,,,,,,,,,,,,,,,,,,,,,,,"2,5",,5,,"2,3",,1,,1,,3,"2,3",,2,,2,,"1,2,3",,3,,2,,3,,"1,2,3",,2,,,,,,,,,,,,,,,,,,,,,,,,,,,,,,,,,,,,,,,,,,,,,,,,,,,,,,,,,,,,,,,,,,,,,,,,,,,,,,,,,,,,,,,,,,,,,,,,,,,,,,,,,,,,,,,,,,,,,,male,36,teacher,4,3,,3,84107,"<span lang=""EN-GB"">Suppose you are at a park with some people you know (e.g., acquaintances, colleagues) when you realize that you have to immediately pay one of your bills online.<o:p></o:p></span>"
10/22/2018 9:17,10/22/2018 9:21,0,107.77.232.194,100,281,1,10/22/2018 9:21,R_PHapXu0p3CEPJCh,,,,,37.75100708,-97.8219986,anonymous,EN,"1,2,4","1,2,3,4,5",,3,,"1,2,3",,3,,1,,"2,3",2,,"2,3",,"1,2,3",6,,2,,"2,3",,5,,1,,2,,,,,,,,,,,,,,,,,,,,,,,,,,,,,,,,,,,,,,,,,,,,,,,,,,,,,,,,,,,,,,,,,,,,,,,,,,,,,,,,,,,,,,,,,,,,,,,,,,,,,,,,,,,,,,,,,,,,,,,,,,,,,,,,,,,,,,,,,,,,,,,,,,,,,,,,,,,,,,,,,,,,,,,,,,,,,,,,,,,,,,,,32622,"<span lang=""EN-GB"">Suppose you are at a park, you have just read a book you loved and now you&nbsp;</span>want to write a review for it to share with people you are close to (e.g., friends, family members)"
10/22/2018 9:17,10/22/2018 9:22,0,207.255.18.1,100,328,1,10/22/2018 9:22,R_3iCKn2TQ62MUqeo,,,,,40.52090454,-78.4088974,anonymous,EN,"1,2,3,4,5","1,2,3,5",,"1,2",,"1,3,4",,1,,1,,"2,3","1,2,3",,"1,2,3",,"2,3","1,2,3,4",,"1,2",,"1,2,3,4",,"1,2",,"1,2,3",,"1,2",,2,,,,,,,,,,,,,,,,,,,,,,,,,,,,,,"2,3,5",,1,,"1,3",,1,,2,,1,2,,"1,2",,"1,3",,"2,3",,"1,2,3",,"1,2",,"1,2,3",,"1,2,3",,"1,2",,,,,,,,,,,,,,,,,,,,,,,,,,,,,,,,,,,,,,,,,,,,,,,,,,,,,,,,,,,,,,,,,,,,,,,,,,,,,,,,,,,,,,,,,,,,,,,,,,,,,,,,,,,,,,,,,,,,,,,,,,,,,65944,"<span lang=""EN-GB"">Suppose you want to browse the internet when you are with people you know (e.g., acquaintances, colleagues) at a park.<o:p></o:p></span>"
10/22/2018 9:17,10/22/2018 9:23,0,100.35.97.44,100,377,1,10/22/2018 9:23,R_1NelusiAIOOOGVq,,,,,40.74450684,-74.15080261,anonymous,EN,"1,2,3,4,5,6","2,5",,3,,"1,2,3",,1,,1,,1,5,,"2,3",,1,"1,3",,"1,2",,3,,"1,2",,"1,2,3",,"1,2",,1,4,,5,,3,,3,,1,,3,"1,2,3",,2,,2,,"1,3",,3,,2,,3,,"1,3",,"1,2",,,,,,,,,,,,,,,,,,,,,,,,,,,,,,,,,,,,,,,,,,,,,,,,,,,,,,,,,,,,,,,,,,,,,,,,,,,,,,,,,,,,,,,,,,,,,,,,,,,,,,,,,,,,,,,,,,,,,,,,,,,,,,,,,,,,,,,,,,,,,,,,,,,male,32,Consultant,5,5,,5,58146,"<span lang=""EN-GB"">Suppose you want to read a digital document when you are at Starbucks with people you know (e.g., acquaintances, colleagues).<o:p></o:p></span>"
10/22/2018 9:25,10/22/2018 9:26,0,104.129.196.193,100,82,1,10/22/2018 9:26,R_1diOjgsJz3Dx8Qi,,,,,38.65820313,-77.24970245,anonymous,EN,"3,4,6",3,,2,,2,,1,,2,,2,2,,1,,1,2,,3,,2,,2,,2,,2,,,,,,,,,,,,,,,,,,,,,,,,,,,,,,,,,,,,,,,,,,,,,,,,,,,,,,,,,,,,,,,,,,,,,,,,,,,,,,,,,,,,,,,,,,,,,,,,,,,,,,,,,,,,,,,,,,,,,,,,,,,,,,,,,,,,,,,,,,,,,,,,,,,,,,,,,,,,,,,,,,,,,,,,,,,,,,,,,,,,,,,,41462,"<span lang=""EN-GB"">Suppose
     you want to listen to some audio when you are with your friends at
     Starbucks.<o:p></o:p></span>"
10/22/2018 9:23,10/22/2018 9:28,0,104.129.204.104,100,335,1,10/22/2018 9:28,R_XtcgJuJxUWrtpNn,,,,,37.75100708,-97.8219986,anonymous,EN,"1,2,3",5,,5,,1,,1,,1,,2,5,,5,,3,6,,5,,7,,5,,5,,4,,,,,,,,,,,,,,,,,,,,,,,,,,,,,,,,,,,,,,,,,,,,,,,,,,,,,,,,,,,,,,,,,,,,,,,,,,,,,,,,,,,,,,,,,,,,,,,,,,,,,,,,,,,,,,,,,,,,,,,,,,,,,,,,,,,,,,,,,,,,,,,,,,,,,,,,,,,,,,,,,,,,,,,,,,,,,,,,,,,,,,,,471,"<span lang=""EN-GB"">Suppose
     you want to a send an email when you are surrounded by people you know
     (e.g., acquaintances, colleagues) at a restaurant.<o:p></o:p></span>"
10/22/2018 9:38,10/22/2018 9:39,0,174.235.134.127,100,39,1,10/22/2018 9:39,R_1JR6pBvzW3JvAP2,,,,,30.47549438,-90.10040283,anonymous,EN,"2,4",,,,,,,,,,,,,,,,,,,,,,,,,,,,,,,,,,,,,,,,,,,,,,,,,,,,,,,,,,,,,,,,,,,,,,,,,,,,,,,,,,,,,,,,,,,,,,,,,,,,,,,,,,,,,,,,,,,,,,,,,,,,,,,,,,,,,,,,,,,,,,,,,,,,,,,,,,,,,,,,,,,,,,,,,,,,,,,,,,,,,,,,,,,,,,,,,,,,,,,,,,,,,,,,,,,79897,"<span lang=""EN-GB"">Suppose you are at a park with some people you know (e.g., acquaintances, colleagues) when you realize that you have to immediately pay one of your bills online.<o:p></o:p></span>"
10/22/2018 9:39,10/22/2018 9:42,0,152.1.177.57,100,188,1,10/22/2018 9:42,R_2B96qaM9rSuYVrY,,,,,35.76449585,-78.7111969,anonymous,EN,"1,2,3","2,4,5",,5,,"1,2,4",,"1,2",Not losing function if/ when I move,"1,3",,2,"1,2,3",,"2,3",,3,2,,2,,3,,2,,"1,3",,4,,,,,,,,,,,,,,,,,,,,,,,,,,,,,,,,,,,,,,,,,,,,,,,,,,,,,,,,,,,,,,,,,,,,,,,,,,,,,,,,,,,,,,,,,,,,,,,,,,,,,,,,,,,,,,,,,,,,,,,,,,,,,,,,,,,,,,,,,,,,,,,,,,,,,,,,,,,,,,,,,,,,,,,,,,,,,,,,,,,,,,,,90846,"<span lang=""EN-GB"">Suppose you want to read a digital document when you are in a park with people you know (e.g., acquaintances, colleagues).<o:p></o:p></span>"
10/22/2018 9:34,10/22/2018 9:46,0,24.246.174.51,100,733,1,10/22/2018 9:46,R_2uXapBSQIuc15ro,,,,,35.36129761,-82.42639923,anonymous,EN,"1,2,3,4","1,2",,"1,3",,"1,2,3",,1,,1,,"2,3","1,2,3,4",should not be Apple device,"1,2,3",,1,"1,2,3",,"1,2,3",,"1,2,3,4",,"1,2,3",,"1,2,3",,2,,,,,,,,,,,,,,,,,,,,,,,,,,,,,,,,,,,,,,,,,,,,,,,,,,,,,,,,,,,,,,,,,,,,,,,,,,,,,,,,,,,,,,,,,,,,,,,,,,,,,,,,,,,,,,,,,,,,,,,,,,,,,,,,,,,,,,,,,,,,,,,,,,,,,,,,,,,,,,,,,,,,,,,,,,,,,,,,,,,,,,,,94787,"Suppose you want to purchase something (e.g., book,
     household items) online when you are with people
     you know (e.g., acquaintances, colleagues) at
     Starbucks.<o:p></o:p>"
10/22/2018 9:44,10/22/2018 9:47,0,72.196.152.109,100,151,1,10/22/2018 9:47,R_Y5pRz5vyjifkP7j,,,,,41.38259888,-81.79640198,anonymous,EN,"1,2,3,4",1,,1,,"1,3",,1,,4,,1,2,,2,,1,"1,2",,"1,2",,2,,"1,3",,"1,2",,"1,2",,,,,,,,,,,,,,,,,,,,,,,,,,,,,,,,,,,,,,,,,,,,,,,,,,,,,,,,,,,,,,,,,,,,,,,,,,,,,,,,,,,,,,,,,,,,,,,,,,,,,,,,,,,,,,,,,,,,,,,,,,,,,,,,,,,,,,,,,,,,,,,,,,,,,,,,,,,,,,,,,,,,,,,,,,,,,,,,,,,,,,,,88503,"<span lang=""EN-GB"">Suppose
     you want to read a digital document) when you are at home with people you
     know (e.g., acquaintances, colleagues).<o:p></o:p></span>"
10/22/2018 9:48,10/22/2018 9:49,0,73.86.63.186,100,54,1,10/22/2018 9:49,R_1rCWguTooCNaSMu,,,,,39.62640381,-75.84580231,anonymous,EN,"1,2,3,4,5",3,,3,,1,,1,,3,,2,2,,3,,3,1,,2,,2,,2,,1,,2,,,,,,,,,,,,,,,,,,,,,,,,,,,,,,,,,,,,,,,,,,,,,,,,,,,,,,,,,,,,,,,,,,,,,,,,,,,,,,,,,,,,,,,,,,,,,,,,,,,,,,,,,,,,,,,,,,,,,,,,,,,,,,,,,,,,,,,,,,,,,,,,,,,,,,,,,,,,,,,,,,,,,,,,,,,,,,,,,,,,,,,,1443,"<span lang=""EN-GB"">Suppose you are at sitting in a park and you want to play a digital/online game.<o:p></o:p></span>"
10/22/2018 9:51,10/22/2018 9:55,0,162.197.29.75,100,264,1,10/22/2018 9:55,R_3J4URTQ9UKb3zsb,,,,,30.4223938,-97.79669952,anonymous,EN,"1,2,4","2,4",,1,,"1,2,3",,3,,1,,2,"1,2",,5,,3,2,,"1,2",,"1,3,6",,"1,2",,"1,2",,"1,2",,,,,,,,,,,,,,,,,,,,,,,,,,,,,,,,,,,,,,,,,,,,,,,,,,,,,,,,,,,,,,,,,,,,,,,,,,,,,,,,,,,,,,,,,,,,,,,,,,,,,,,,,,,,,,,,,,,,,,,,,,,,,,,,,,,,,,,,,,,,,,,,,,,,,,,,,,,,,,,,,,,,,,,,,,,,,,,,,,,,,,,,26261,"<span lang=""EN-GB"">Suppose
     you want to read a digital document when you are at home with people you
     are close to (e.g., friends, family members).<strong><o:p></o:p></strong></span>"
10/22/2018 10:03,10/22/2018 10:03,0,70.189.219.67,100,11,1,10/22/2018 10:03,R_3kFjp4lET35lJSV,,,,,36.24499512,-115.2742996,anonymous,EN,3,,,,,,,,,,,,,,,,,,,,,,,,,,,,,,,,,,,,,,,,,,,,,,,,,,,,,,,,,,,,,,,,,,,,,,,,,,,,,,,,,,,,,,,,,,,,,,,,,,,,,,,,,,,,,,,,,,,,,,,,,,,,,,,,,,,,,,,,,,,,,,,,,,,,,,,,,,,,,,,,,,,,,,,,,,,,,,,,,,,,,,,,,,,,,,,,,,,,,,,,,,,,,,,,,,,40288,"<span lang=""EN-GB"">Suppose
     you want to a send a text message when you are with a very close friend at
     a restaurant&nbsp;<o:p></o:p></span>"
10/22/2018 10:03,10/22/2018 10:05,0,70.189.219.67,100,64,1,10/22/2018 10:05,R_1eIxqCooMG4qmtV,,,,,36.24499512,-115.2742996,anonymous,EN,"1,2,3,4,6","1,4",,2,,"2,3,4",,1,,2,,1,"1,2",,2,,"1,2",2,,"1,2",,4,,"1,3",,"2,3",,2,,,,,,,,,,,,,,,,,,,,,,,,,,,,,,,,,,,,,,,,,,,,,,,,,,,,,,,,,,,,,,,,,,,,,,,,,,,,,,,,,,,,,,,,,,,,,,,,,,,,,,,,,,,,,,,,,,,,,,,,,,,,,,,,,,,,,,,,,,,,,,,,,,,,,,,,,,,,,,,,,,,,,,,,,,,,,,,,,,,,,,,,26813,"<span lang=""EN-GB"" style=""font-size:11.0pt;line-height:115%;
font-family:&quot;Arial&quot;,sans-serif;mso-fareast-font-family:Arial;mso-ansi-language:
EN-GB;mso-fareast-language:EN-US;mso-bidi-language:AR-SA"">Suppose you want to a
view a text message when you are alone at home</span>"
10/22/2018 10:07,10/22/2018 10:12,0,76.219.73.98,100,319,1,10/22/2018 10:12,R_9mhtQYfAKhOmJfX,,,,,34.11320496,-117.3771057,anonymous,EN,"1,2,3,4,6","2,3,4,5",,1,,6,,3,,1,,"2,3","1,2,3",,2,,4,"1,2",,"1,2",,"1,3",,1,,5,,2,,,,,,,,,,,,,,,,,,,,,,,,,,,,,,,,,,,,,,,,,,,,,,,,,,,,,,,,,,,,,,,,,,,,,,,,,,,,,,,,,,,,,,,,,,,,,,,,,,,,,,,,,,,,,,,,,,,,,,,,,,,,,,,,,,,,,,,,,,,,,,,,,,,,,,,,,,,,,,,,,,,,,,,,,,,,,,,,,,,,,,,,59118,"<span lang=""EN-GB"">Suppose you want to call your mother for sharing an important
     update about your life&nbsp; when you
     with people you know (e.g., acquaintances, colleagues) at a park<o:p></o:p></span>"
10/22/2018 10:15,10/22/2018 10:18,0,100.35.97.44,100,169,1,10/22/2018 10:18,R_8obObemEyY6EuEp,,,,,40.74450684,-74.15080261,anonymous,EN,"1,2,3,4,5,6","2,5",,5,,"1,3",,1,,1,,3,"1,2,3",,2,,3,"1,3",,"1,2",,3,,"1,2",,3,,4,,4,,,,,,,,,,,,,,,,,,,,,,,,,,,,,,,,,,,,,,,,,,,,,,,,,,,,,,,,,,,,,,,,,,,,,,,,,,,,,,,,,,,,,,,,"2,3,5",,3,,"1,2,3",,1,,1,,3,"1,3",,2,,2,,"1,3",,3,,"1,2",,3,,"1,3",,"1,2",,,,,,,,,,,,,,,,,,,,,,,,,,,,,,,,,,,,,,,,,,,,,,,,,,,,,,,,,,,,male,30,freelancer,4,3,,3,44224,"<span lang=""EN-GB"">Suppose
     you are at a park with your close friends and you realize today is the
     last day to pay one of your bills online.<o:p></o:p></span>"
10/22/2018 10:17,10/22/2018 10:19,0,34.224.88.99,100,157,1,10/22/2018 10:19,R_2YlUis4dapycB5b,,,,,39.0480957,-77.47280121,anonymous,EN,"1,2,3",2,,2,,3,,1,,3,,2,"2,3",,2,,2,3,,2,,3,,2,,2,,1,,2,,,,,,,,,,,,,,,,,,,,,,,,,,,,,,"2,3",,3,,"2,3",,1,,"2,3",,2,3,,2,,2,,"2,3",,"2,3",,2,,2,,2,,2,,,,,,,,,,,,,,,,,,,,,,,,,,,,,,,,,,,,,,,,,,,,,,,,,,,,,,,,,,,,,,,,,,,,,,,,,,,,,,,,,,,,,,,,,,,,,,,,,,,,,,,,,,,,,,,,,,,,,,,,,,,,,7424,"<span lang=""EN-GB"">Suppose you want to read a digital document when you are at a park.<o:p></o:p></span>"
10/22/2018 10:15,10/22/2018 10:20,0,98.208.115.161,100,278,1,10/22/2018 10:20,R_2ZBwK1PQB5YhVtu,,,,,38.48260498,-121.4006042,anonymous,EN,"1,2,3,4,6","1,2",,1,,"2,3",,1,,2,,"2,3","1,2",,2,,1,"2,4",,1,,"2,3",,"1,2",,"1,3",,2,,,,,,,,,,,,,,,,,,,,,,,,,,,,,,,,,,,,,,,,,,,,,,,,,,,,,,,,,,,,,,,,,,,,,,,,,,,,,,,,,,,,,,,,,,,,,,,,,,,,,,,,,,,,,,,,,,,,,,,,,,,,,,,,,,,,,,,,,,,,,,,,,,,,,,,,,,,,,,,,,,,,,,,,,,,,,,,,,,,,,,,,90247,"<span lang=""EN-GB"">Suppose you want to browse internet when you are with your close friends at a restaurant.<o:p></o:p></span>"
10/22/2018 10:22,10/22/2018 10:24,0,204.186.88.114,100,104,1,10/22/2018 10:24,R_3RdYIn79vrnP5aZ,,,,,41.47869873,-75.19779968,anonymous,EN,"1,2,3,4","1,3",,1,,"1,3",,1,,"1,3",,"1,2",1,,"1,3",,3,"1,2,3,4",,1,,"2,3",,"1,3",,"1,3",,"1,2",,,,,,,,,,,,,,,,,,,,,,,,,,,,,,,,,,,,,,,,,,,,,,,,,,,,,,,,,,,,,,,,,,,,,,,,,,,,,,,,,,,,,,,,,,,,,,,,,,,,,,,,,,,,,,,,,,,,,,,,,,,,,,,,,,,,,,,,,,,,,,,,,,,,,,,,,,,,,,,,,,,,,,,,,,,,,,,,,,,,,,,,9072,"Suppose you want to purchase something online when
     you are with people you know (e.g., acquaintances,
     colleagues) at a park.<o:p></o:p>"
10/22/2018 10:18,10/22/2018 10:25,0,100.35.97.44,100,392,1,10/22/2018 10:25,R_PLFNCrnUBuMyGlP,,,,,40.74450684,-74.15080261,anonymous,EN,"1,2,3,4,5,6","1,2,5",,5,,"3,4",,1,,1,,1,5,,2,,1,"1,2,3",,"1,2",,"2,3",,"1,2",,"1,2",,4,,6,,,,,,,,,,,,,,,,,,,,,,,,,,,,,,,,,,,,,,,,,,,,,,,,,,,,,,,,,,,,,,,,,,,,,,,,,,,,,,,,,,,,,,,,,,,,,,,,,,,,,,,,,,,,,,,,,,,,,,,,,,,,,,,,,,,,,,,,,,,,,,,,,,"1,2,5",,5,,"3,4",,1,,1,,1,5,,"2,3",,"2,3",,"3,4",,"1,2,3,4",,"1,2",,"1,2,3,4",,1,,4,,male,35,Mturker,3,3,,3,75953,"<span lang=""EN-GB"">Suppose you want to find a route to home while walking on a street with your close friends.<o:p></o:p></span>"
10/22/2018 10:25,10/22/2018 10:28,0,47.34.155.174,100,169,1,10/22/2018 10:28,R_rlQGsKWD7fMRIJj,,,,,34.48019409,-117.4082031,anonymous,EN,"3,4",,,,,,,,,,,,,,,,,,,,,,,,,,,,,,,,,,,,,,,,,,,,,,,,,,,,,,,,,,,,,,,,,,,,,,,,,,,,,,,,,,,,,,,,,,,,,,,,,,,,,,,,,,,,,,,,,,,,,,,,,,,,,,,,,,,,,,,,,,,,,,,,,,,,,,,,,,,,,,,,,,,,,,,,,,,,,,,,,,,,,,,,,,,,,,,,,,,,,,,,,,,,,,,,,,,28551,"<span lang=""EN-GB"">Suppose
     you want to listen to some audio when you with people you know (e.g.,
     acquaintances, colleagues) at Starbucks<o:p></o:p></span>"
10/22/2018 10:29,10/22/2018 10:31,0,70.255.100.210,100,121,1,10/22/2018 10:31,R_3smHBsTg1rNcg7Z,,,,,26.1486969,-80.20749664,anonymous,EN,"1,2,3,4,6",2,,1,,1,,1,,1,,1,"1,2",,"1,3",,2,"1,2,3,4",,"1,2",,"2,3",,"1,3",,"1,2,3",,2,,,,,,,,,,,,,,,,,,,,,,,,,,,,,,,,,,,,,,,,,,,,,,,,,,,,,,,,,,,,,,,,,,,,,,,,,,,,,,,,,,,,,,,,,,,,,,,,,,,,,,,,,,,,,,,,,,,,,,,,,,,,,,,,,,,,,,,,,,,,,,,,,,,,,,,,,,,,,,,,,,,,,,,,,,,,,,,,,,,,,,,,56791,"<span lang=""EN-GB"">Suppose you want to find a route to home while walking on a street.<o:p></o:p></span>"
10/22/2018 10:33,10/22/2018 10:39,0,69.250.0.102,100,353,1,10/22/2018 10:39,R_1igln5tjSKkZWdx,,,,,38.95239258,-76.49099731,anonymous,EN,"1,2,3",2,,1,,"1,2,3",,1,,1,,"2,3","1,2,3",,3,,"2,3","1,2,3",,2,,"1,3,6",,"2,3",,"1,2,3",,4,,,,,,,,,,,,,,,,,,,,,,,,,,,,,,,,,,,,,,,,,,,,,,,,,,,,,,,,,,,,,,,,,,,,,,,,,,,,,,,,,,,,,,,,,,,,,,,,,,,,,,,,,,,,,,,,,,,,,,,,,,,,,,,,,,,,,,,,,,,,,,,,,,,,,,,,,,,,,,,,,,,,,,,,,,,,,,,,,,,,,,,,37522,"<span lang=""EN-GB"">Suppose
     you want to a view a text message when you with people you know (e.g.,
     acquaintances, colleagues) at a street<strong>.</strong><o:p></o:p></span>"
10/22/2018 10:41,10/22/2018 10:41,0,24.20.59.209,100,16,1,10/22/2018 10:41,R_2xQ0fTChqIlIk13,,,,,45.52540588,-122.3739014,anonymous,EN,"2,5",,,,,,,,,,,,,,,,,,,,,,,,,,,,,,,,,,,,,,,,,,,,,,,,,,,,,,,,,,,,,,,,,,,,,,,,,,,,,,,,,,,,,,,,,,,,,,,,,,,,,,,,,,,,,,,,,,,,,,,,,,,,,,,,,,,,,,,,,,,,,,,,,,,,,,,,,,,,,,,,,,,,,,,,,,,,,,,,,,,,,,,,,,,,,,,,,,,,,,,,,,,,,,,,,,,20993,"<span lang=""EN-GB"">Suppose you want to browse the internet when you are alone at a restaurant.<o:p></o:p></span>"
10/22/2018 10:43,10/22/2018 10:43,0,74.250.163.218,100,19,1,10/22/2018 10:43,R_3KHebMChhCkcUCC,,,,,35.36129761,-82.42639923,anonymous,EN,"1,2",,,,,,,,,,,,,,,,,,,,,,,,,,,,,,,,,,,,,,,,,,,,,,,,,,,,,,,,,,,,,,,,,,,,,,,,,,,,,,,,,,,,,,,,,,,,,,,,,,,,,,,,,,,,,,,,,,,,,,,,,,,,,,,,,,,,,,,,,,,,,,,,,,,,,,,,,,,,,,,,,,,,,,,,,,,,,,,,,,,,,,,,,,,,,,,,,,,,,,,,,,,,,,,,,,,45394,"<span lang=""EN-GB"" style=""font-size:11.0pt;line-height:115%;
font-family:&quot;Arial&quot;,sans-serif;mso-fareast-font-family:Arial;mso-ansi-language:
EN-GB;mso-fareast-language:EN-US;mso-bidi-language:AR-SA"">Suppose you want to browse the internet when you are alone at your home.</span>"
10/22/2018 10:43,10/22/2018 10:44,0,74.250.163.218,100,19,1,10/22/2018 10:44,R_3sBO7d4Gy92gPBL,,,,,35.36129761,-82.42639923,anonymous,EN,"1,2",,,,,,,,,,,,,,,,,,,,,,,,,,,,,,,,,,,,,,,,,,,,,,,,,,,,,,,,,,,,,,,,,,,,,,,,,,,,,,,,,,,,,,,,,,,,,,,,,,,,,,,,,,,,,,,,,,,,,,,,,,,,,,,,,,,,,,,,,,,,,,,,,,,,,,,,,,,,,,,,,,,,,,,,,,,,,,,,,,,,,,,,,,,,,,,,,,,,,,,,,,,,,,,,,,,16244,"<span lang=""EN-GB"">Suppose you want to browse the internet when you are at home with people you are close to (e.g., friends, family members)<strong><o:p></o:p></strong></span>"
10/22/2018 10:44,10/22/2018 10:44,0,74.250.163.218,100,24,1,10/22/2018 10:44,R_2q9Riw00baCsKJx,,,,,35.36129761,-82.42639923,anonymous,EN,2,,,,,,,,,,,,,,,,,,,,,,,,,,,,,,,,,,,,,,,,,,,,,,,,,,,,,,,,,,,,,,,,,,,,,,,,,,,,,,,,,,,,,,,,,,,,,,,,,,,,,,,,,,,,,,,,,,,,,,,,,,,,,,,,,,,,,,,,,,,,,,,,,,,,,,,,,,,,,,,,,,,,,,,,,,,,,,,,,,,,,,,,,,,,,,,,,,,,,,,,,,,,,,,,,,,2440,"<span lang=""EN-GB"">Suppose
     you want to a view a text message when you are surrounded by people you
     know (e.g., acquaintances, colleagues) at your home.<o:p></o:p></span>"
10/22/2018 10:40,10/22/2018 10:48,0,107.170.166.118,100,462,1,10/22/2018 10:48,R_qx2Tz8SROoNmpDH,,,,,40.73080444,-73.99749756,anonymous,EN,"1,2,3,4,5,6",3,,3,,2,,1,,1,,3,1,,2,,3,2,,3,,2,,3,,2,,1,,"1,2,3,4,5,6",3,,3,,2,,1,,3,,2,2,,1,,3,,2,,1,,3,,4,,3,,2,,4,,2,,3,,1,,3,,2,3,,2,,2,,2,,2,,3,,4,,2,,1,,3,,2,,1,,1,,1,,2,1,,3,,1,,3,,3,,1,,3,,2,,2,,3,,1,,3,,1,,4,,2,2,,3,,3,,3,,4,,1,,2,,1,,2,,4,,3,,3,,1,,3,,2,2,,1,,2,,2,,3,,1,,1,,3,,2,,4,,2,,4,,1,,1,,3,1,,2,,2,,3,,4,,2,,1,,2,,1,,,,,,,,,98897,"<span lang=""EN-GB"">Suppose
     you want to a send a text message when you with people you know (e.g., acquaintances,
     colleagues) at a street<strong>.</strong><o:p></o:p></span>"
10/22/2018 10:44,10/22/2018 10:48,0,190.104.221.139,100,234,1,10/22/2018 10:48,R_2D2Hvrqmprxjnrd,,,,,-34.76669312,-58.40000153,anonymous,EN,"1,2,3","2,4",,"1,2",,2,,1,,1,,1,"1,2,3",,2,,"1,2",4,,5,,"2,3",,5,,1,,4,,,,,,,,,,,,,,,,,,,,,,,,,,,,,,,,,,,,,,,,,,,,,,,,,,,,,,,,,,,,,,,,,,,,,,,,,,,,,,,,,,,,,,,,,,,,,,,,,,,,,,,,,,,,,,,,,,,,,,,,,,,,,,,,,,,,,,,,,,,,,,,,,,,,,,,,,,,,,,,,,,,,,,,,,,,,,,,,,,,,,,,,71116,"<span lang=""EN-GB"">Suppose you want to read a digital document when you are in a park surrounded by your close friends.<o:p></o:p></span>"
10/22/2018 10:49,10/22/2018 10:50,0,108.228.24.37,100,18,1,10/22/2018 10:50,R_1NrHNcyIDjD70c5,,,,,37.95399475,-122.0737,anonymous,EN,"2,3",,,,,,,,,,,,,,,,,,,,,,,,,,,,,,,,,,,,,,,,,,,,,,,,,,,,,,,,,,,,,,,,,,,,,,,,,,,,,,,,,,,,,,,,,,,,,,,,,,,,,,,,,,,,,,,,,,,,,,,,,,,,,,,,,,,,,,,,,,,,,,,,,,,,,,,,,,,,,,,,,,,,,,,,,,,,,,,,,,,,,,,,,,,,,,,,,,,,,,,,,,,,,,,,,,,46797,"<span lang=""EN-GB"">Suppose you want to set up a reminder when you are at a park with close friends.<o:p></o:p></span>"
10/22/2018 10:48,10/22/2018 10:53,0,24.162.110.32,100,313,1,10/22/2018 10:54,R_vZySUsOyiRIhjB7,,,,,31.07099915,-97.38980103,anonymous,EN,"2,3,4",2,,5,,1,,1,,3,,2,1,,3,,2,2,,1,,3,,2,,1,,1,,,,,,,,,,,,,,,,,,,,,,,,,,,,,,,,,,,,,,,,,,,,,,,,,,,,,,,,,,,,,,,,,,,,,,,,,,,,,,,,,,,,,,,,,,,,,,,,,,,,,,,,,,,,,,,,,,,,,,,,,,,,,,,,,,,,,,,,,,,,,,,,,,,,,,,,,,,,,,,,,,,,,,,,,,,,,,,,,,,,,,,,45807,"<span lang=""EN-GB"">Suppose
     you want to watch&nbsp; some video when
     you are with people you know (e.g., acquaintances, colleagues) at
     Starbucks<o:p></o:p></span>"
10/22/2018 10:55,10/22/2018 11:01,0,172.79.196.155,100,365,1,10/22/2018 11:01,R_1KqZcOg2HI09sjV,,,,,39.52139282,-78.09120178,anonymous,EN,"1,2,3",7,,5,,"1,2",,1,,"2,3",,4,"1,2",,1,,4,6,,1,,6,,5,,"1,2",,"1,2",,,,,,,,,,,,,,,,,,,,,,,,,,,,,,,,,,,,,,,,,,,,,,,,,,,,,,,,,,,,,,,,,,,,,,,,,,,,,,,,,,,,,,,,,,,,,,,,,,,,,,,,,,,,,,,,,,,,,,,,,,,,,,,,,,,,,,,,,,,,,,,,,,,,,,,,,,,,,,,,,,,,,,,,,,,,,,,,,,,,,,,,29833,"<span lang=""EN-GB"">Suppose you are alone at home when you realize today is the last day to pay one of your bills online.<o:p></o:p></span>"
10/22/2018 11:02,10/22/2018 11:03,0,72.36.113.34,100,25,1,10/22/2018 11:03,R_2YE54SbMFIixjQA,,,,,40.1105957,-88.20729828,anonymous,EN,"1,2",,,,,,,,,,,,,,,,,,,,,,,,,,,,,,,,,,,,,,,,,,,,,,,,,,,,,,,,,,,,,,,,,,,,,,,,,,,,,,,,,,,,,,,,,,,,,,,,,,,,,,,,,,,,,,,,,,,,,,,,,,,,,,,,,,,,,,,,,,,,,,,,,,,,,,,,,,,,,,,,,,,,,,,,,,,,,,,,,,,,,,,,,,,,,,,,,,,,,,,,,,,,,,,,,,,94635,"<span lang=""EN-GB"">Suppose you are alone and relaxing at home, you have just read a new book that&nbsp;</span>you loved and now you want a write a review for your close family and friends."
10/22/2018 10:49,10/22/2018 11:18,0,100.35.97.44,100,1710,1,10/22/2018 11:18,R_0PqFJZpZwy0bdGp,,,,,40.74450684,-74.15080261,anonymous,EN,"1,2,3,4,5,6",2,,5,,"1,3",,1,,1,,1,5,,2,,1,"1,2,3",,"1,2",,"1,2,3",,"1,2",,5,,4,,6,,,,,,,,,,,,,,,,,,,,,,,,,,,,,,,,,,,,,,,,,,,,,,,,,,,,,,,,,,,,,,,,,,,,,,,,,,,,,,,,,,,,,,,,,,,,,,,,,,,,,,,,,,,,,,,,,,,,,,,,,,,,,,,,,,,,,,,,,,,,,,,,,,"1,2,5",,5,,3,,1,,1,,1,1,,5,,5,,3,,"1,3",,"1,2",,"1,3",,1,,4,,male,21,student,3,3,,2,54523,"<span lang=""EN-GB"" style=""font-size:11.0pt;line-height:115%;
font-family:&quot;Arial&quot;,sans-serif;mso-fareast-font-family:Arial;mso-ansi-language:
EN-GB;mso-fareast-language:EN-US;mso-bidi-language:AR-SA"">Suppose you want to a
send a text message when you are alone at Starbucks.</span>"
10/22/2018 11:18,10/22/2018 11:24,0,100.35.97.44,100,374,1,10/22/2018 11:24,R_9uxRApWp6Yx6R4R,,,,,40.74450684,-74.15080261,anonymous,EN,"1,2,3,4,5,6","3,5",,5,,"1,2",,3,,1,,1,"2,3",,"2,3",,1,"1,3,4",,"1,2",,"1,3",,"1,2",,5,,2,,2,,,,,,,,,,,,,,,,,,,,,,,,,,,,,,"2,3",,3,,3,,1,,1,,"1,2",3,,2,,2,,"1,3",,3,,"1,2",,3,,5,,"1,2",,,,,,,,,,,,,,,,,,,,,,,,,,,,,,,,,,,,,,,,,,,,,,,,,,,,,,,,,,,,,,,,,,,,,,,,,,,,,,,,,,,,,,,,,,,,,,,,,,,,,,,,,,,,,,,,,,,,,,45,female,home maker,2,3,,3,92667,"<span lang=""EN-GB"" style=""font-size:11.0pt;line-height:115%;
font-family:&quot;Arial&quot;,sans-serif;mso-fareast-font-family:Arial;mso-ansi-language:
EN-GB;mso-fareast-language:EN-US;mso-bidi-language:AR-SA"">Suppose you want to a
send an email when you are at Starbucks.</span>"
10/22/2018 11:26,10/22/2018 11:33,0,100.35.97.44,100,417,1,10/22/2018 11:33,R_3JxeyoUCq8HgPwM,,,,,40.74450684,-74.15080261,anonymous,EN,"1,2,5,6","1,2,5",,5,,"3,4",,1,,1,,1,5,,2,,1,"3,4",,"2,3",,"2,3",,"2,3",,1,,4,,"5,6",,,,,,,,,,,,,,,,,,,,,,,,,,,,,,,,,,,,,,,,,,,,,,,,,,,,,,,,,,,,,,,,,,,,,,,,,,,,,,,,,,,,,,,,,,,,,,,,,,,,,,,,,,,,,,,,,,,,,1,,5,,4,,1,,"2,3,4",,"1,2",5,,"1,2",,"1,2",,4,,2,,3,,2,,5,,4,,"2,5",,5,,3,,1,,1,,1,5,,5,,5,,3,,"3,4",,"1,2",,"3,4",,1,,4,,male,20,student,3,5,,3,28232,"<span lang=""EN-GB"">Suppose you have planned to meet a friend next week and you want to&nbsp;put this on your calendar </span><span lang=""EN-GB"">when</span><span lang=""EN-GB""> you are surrounded by people you know (e.g., acquaintances, colleagues) at your home.</span><span lang=""EN-GB""><o:p></o:p></span>"
10/22/2018 11:34,10/22/2018 11:40,0,174.96.102.130,100,347,1,10/22/2018 11:40,R_wTAkII7OZ3FC74d,,,,,40.48449707,-81.43579865,anonymous,EN,"1,2,4,5","1,2,4,5",,"1,2",,"1,2,3,4",,1,,1,,"2,3","1,2,3",,"1,2",,"2,3","1,2,3,4",,"1,2,3",,"2,3,4",,"1,3",,3,,2,,,,,,,,,,,,,,,,,,,,,,,,,,,,,,,,,,,,,,,,,,,,,,,,,,,,,,,,,,,,,,,,,,,,,,,,,,,,,,,,,,,,,,,,,,,,,,,,,,,,,,,,,,,,,,,,,,,,,,,,,,,,,,,,,,,,,,,,,,,,,,,,,,,,,,,,,,,,,,,,,,,,,,,,,,,,,,,,,,,,,,,,11155,"<span lang=""EN-GB"">Suppose you have planned to meet a friend next week and you want to put this on your calendar when you are with a very close friend at a restaurant&nbsp;<o:p></o:p></span>"
10/22/2018 11:45,10/22/2018 11:45,0,100.11.32.82,100,7,1,10/22/2018 11:45,R_2zVcWipk3ELNtJA,,,,,39.86430359,-75.43319702,anonymous,EN,3,,,,,,,,,,,,,,,,,,,,,,,,,,,,,,,,,,,,,,,,,,,,,,,,,,,,,,,,,,,,,,,,,,,,,,,,,,,,,,,,,,,,,,,,,,,,,,,,,,,,,,,,,,,,,,,,,,,,,,,,,,,,,,,,,,,,,,,,,,,,,,,,,,,,,,,,,,,,,,,,,,,,,,,,,,,,,,,,,,,,,,,,,,,,,,,,,,,,,,,,,,,,,,,,,,,19720,"<span lang=""EN-GB"">Suppose
     you want to purchase something online when you are alone at your home.<o:p></o:p></span>"
10/22/2018 11:41,10/22/2018 11:45,0,162.248.134.210,100,247,1,10/22/2018 11:45,R_3HzWIgPrQL3lf48,,,,,37.75100708,-97.8219986,anonymous,EN,6,,,,,,,,,,,,,,,,,,,,,,,,,,,,,,,,,,,,,,,,,,,,,,,,,,,,,,,,,,,,,,,,,,,,,,,,,,,,,,,,,,,,,,,,,,,,,,,,,,,,,,,,,,,,,,,,,,,,,,,,,,,,,,,,,,,,,,,,,,,,,,,,,,,,,,,,,,,,,,,,,,,,,,,,,,,,,,,,,,,,,,,,,,,,,,,,,,,,,,,,,,,,,,,,,,,54827,"<span lang=""EN-GB"">Suppose you are alone at home, you want to take a break from studying/working&nbsp;</span>so you decide to play an online/digital game with some close friends ."
10/22/2018 11:46,10/22/2018 11:46,0,96.18.164.212,100,9,1,10/22/2018 11:46,R_uqsAe6kJz82Lo4x,,,,,33.63969421,-104.3748016,anonymous,EN,3,,,,,,,,,,,,,,,,,,,,,,,,,,,,,,,,,,,,,,,,,,,,,,,,,,,,,,,,,,,,,,,,,,,,,,,,,,,,,,,,,,,,,,,,,,,,,,,,,,,,,,,,,,,,,,,,,,,,,,,,,,,,,,,,,,,,,,,,,,,,,,,,,,,,,,,,,,,,,,,,,,,,,,,,,,,,,,,,,,,,,,,,,,,,,,,,,,,,,,,,,,,,,,,,,,,77024,"<span lang=""EN-GB"">Suppose
     you want to read a digital document when you are alone at home.<strong><o:p></o:p></strong></span>"
10/22/2018 11:46,10/22/2018 11:46,0,96.18.164.212,100,18,1,10/22/2018 11:46,R_2DOgLp5b1vadayq,,,,,33.63969421,-104.3748016,anonymous,EN,5,,,,,,,,,,,,,,,,,,,,,,,,,,,,,,,,,,,,,,,,,,,,,,,,,,,,,,,,,,,,,,,,,,,,,,,,,,,,,,,,,,,,,,,,,,,,,,,,,,,,,,,,,,,,,,,,,,,,,,,,,,,,,,,,,,,,,,,,,,,,,,,,,,,,,,,,,,,,,,,,,,,,,,,,,,,,,,,,,,,,,,,,,,,,,,,,,,,,,,,,,,,,,,,,,,,56163,"<span lang=""EN-GB"">Suppose
     you want to watch some video when you are with people you know (e.g.,
     acquaintances, colleagues) at your home.<o:p></o:p></span>"
10/22/2018 11:46,10/22/2018 11:47,0,169.2.108.102,100,85,1,10/22/2018 11:47,R_3qkeaLDwGcuz3XS,,,,,38.42430115,-121.4369965,anonymous,EN,"1,2,3,4,5","1,3,4",,"1,2",,"2,4",,1,,"3,4",,"1,3",2,,"2,3",,2,"1,3",,"1,2",,"1,2,4",,"1,2",,"1,2",,"1,2",,,,,,,,,,,,,,,,,,,,,,,,,,,,,,,,,,,,,,,,,,,,,,,,,,,,,,,,,,,,,,,,,,,,,,,,,,,,,,,,,,,,,,,,,,,,,,,,,,,,,,,,,,,,,,,,,,,,,,,,,,,,,,,,,,,,,,,,,,,,,,,,,,,,,,,,,,,,,,,,,,,,,,,,,,,,,,,,,,,,,,,,60611,"<span lang=""EN-GB"">Suppose it is a regular working day, you want to track the total amount of calories&nbsp;</span>you consume and burn off during the day.&nbsp;"
10/22/2018 11:46,10/22/2018 11:47,0,50.235.112.206,100,70,1,10/22/2018 11:47,R_XTYkXrSwdV09Ckp,,,,,42.34919739,-71.07679749,anonymous,EN,"1,2,3,5",7,,5,,4,,1,,6,,4,5,,5,,4,6,,5,,7,,2,,5,,4,,,,,,,,,,,,,,,,,,,,,,,,,,,,,,,,,,,,,,,,,,,,,,,,,,,,,,,,,,,,,,,,,,,,,,,,,,,,,,,,,,,,,,,,,,,,,,,,,,,,,,,,,,,,,,,,,,,,,,,,,,,,,,,,,,,,,,,,,,,,,,,,,,,,,,,,,,,,,,,,,,,,,,,,,,,,,,,,,,,,,,,,19259,"<span lang=""EN-GB"">Suppose
     you want to call your mother for sharing an important update about your
     life&nbsp; when you are alone at a park<o:p></o:p></span>"
10/22/2018 11:45,10/22/2018 11:49,0,173.20.96.186,100,218,1,10/22/2018 11:49,R_BKdnuWfClCacXMl,,,,,42.03790283,-93.60030365,anonymous,EN,"2,3,4",2,,1,,1,,3,,1,,1,3,,2,,2,1,,2,,3,,2,,1,,1,,,,,,,,,,,,,,,,,,,,,,,,,,,,,,,,,,,,,,,,,,,,,,,,,,,,,,,,,,,,,,,,,,,,,,,,,,,,,,,,,,,,,,,,,,,,,,,,,,,,,,,,,,,,,,,,,,,,,,,,,,,,,,,,,,,,,,,,,,,,,,,,,,,,,,,,,,,,,,,,,,,,,,,,,,,,,,,,,,,,,,,,87637,"<span style=""color: rgb(0, 0, 0); font-family: Times; font-size: medium;"">Suppose you want to watch some video when you are with people you know (e.g., acquaintances, colleagues) at Starbucks</span>"
10/22/2018 11:45,10/22/2018 11:52,0,47.147.221.147,100,408,1,10/22/2018 11:52,R_2chhYjxuC3LtGRx,,,,,33.76190186,-118.1341019,anonymous,EN,"1,2,5,6","2,5",,3,,"1,2,3",,1,,1,,3,"1,2",,2,,3,"2,3",,2,,"1,3",,2,,"1,2,3",,2,,"2,6",,,,,,,,,,,,,,,,,,,,,,,,,,,,,,2,,1,,"1,2",,1,,2,,3,5,,5,,5,,2,,"1,2",,2,,"1,3",,1,,4,,,,,,,,,,,,,,,,,,,,,,,,,,,,,,,,,,,,,,,,,,,,,,,,,,,,,,,,,,,,,,,,,,,,,,,,,,,,,,,,,,,,,,,,,2,,1,,2,,1,,2,,3,5,,5,,5,,2,,"1,3",,2,,"1,3",,1,,4,,,,,,,,,79387,"<span lang=""EN-GB"">Suppose
     you want to find a route to home when you are at Starbucks with your close
     friends.<o:p></o:p></span>"
10/22/2018 11:52,10/22/2018 11:52,0,50.237.102.187,100,39,1,10/22/2018 11:52,R_2YwWQIE3P1JKGVs,,,,,29.77360535,-95.40339661,anonymous,EN,"1,2",,,,,,,,,,,,,,,,,,,,,,,,,,,,,,,,,,,,,,,,,,,,,,,,,,,,,,,,,,,,,,,,,,,,,,,,,,,,,,,,,,,,,,,,,,,,,,,,,,,,,,,,,,,,,,,,,,,,,,,,,,,,,,,,,,,,,,,,,,,,,,,,,,,,,,,,,,,,,,,,,,,,,,,,,,,,,,,,,,,,,,,,,,,,,,,,,,,,,,,,,,,,,,,,,,,19870,"<span lang=""EN-GB"">Suppose
     you want to set up a reminder when you are at home with people you are
     close to (e.g., friends, family members).<strong><o:p></o:p></strong></span>"
10/22/2018 11:54,10/22/2018 11:55,0,198.24.10.249,100,46,1,10/22/2018 11:55,R_PuE0uUBEE1G7tjb,,,,,40.04679871,-75.53099823,anonymous,EN,"1,4",,,,,,,,,,,,,,,,,,,,,,,,,,,,,,,,,,,,,,,,,,,,,,,,,,,,,,,,,,,,,,,,,,,,,,,,,,,,,,,,,,,,,,,,,,,,,,,,,,,,,,,,,,,,,,,,,,,,,,,,,,,,,,,,,,,,,,,,,,,,,,,,,,,,,,,,,,,,,,,,,,,,,,,,,,,,,,,,,,,,,,,,,,,,,,,,,,,,,,,,,,,,,,,,,,,40391,"<span lang=""EN-GB"">Suppose you are at sitting at Starbucks and you want to play a digital/online&nbsp;</span>game."
10/22/2018 11:46,10/22/2018 11:56,0,47.34.155.174,100,573,1,10/22/2018 11:56,R_3QWunWP4jC0DyLu,,,,,34.48019409,-117.4082031,anonymous,EN,"1,2,3,4","2,4",,1,,"1,3",,1,,1,,3,"1,2,3",,2,,3,"1,2,3",,"1,2",,7,,"1,2",,2,,1,,"1,3,4",2,,1,,2,,1,,1,,3,"1,2,3",,2,,2,,"2,3",,3,,"1,2",,3,,"2,3",,2,,,,,,,,,,,,,,,,,,,,,,,,,,,,,,,"2,4",,1,,2,,1,,1,,3,2,,2,,3,,2,,3,,2,,3,,2,,"1,2",,"2,5",,1,,"1,2,3",,1,,1,,3,"1,2,3",,"2,3",,"2,3",,"1,3",,3,,"1,2",,3,,"1,2",,2,,,,,,,,,,,,,,,,,,,,,,,,,,,,,,,,,,,,,,,,,,,,,,,,,,,,,,,,,,,,,,,,,,,93994,"<span lang=""EN-GB"">Suppose
     you want to listen to some audio when you are alone at your home.<strong><o:p></o:p></strong></span>"
10/22/2018 11:57,10/22/2018 11:57,0,66.168.224.37,100,47,1,10/22/2018 11:57,R_3RxgAfGb8IuwIyk,,,,,34.54840088,-87.00039673,anonymous,EN,"1,2",,,,,,,,,,,,,,,,,,,,,,,,,,,,,,,,,,,,,,,,,,,,,,,,,,,,,,,,,,,,,,,,,,,,,,,,,,,,,,,,,,,,,,,,,,,,,,,,,,,,,,,,,,,,,,,,,,,,,,,,,,,,,,,,,,,,,,,,,,,,,,,,,,,,,,,,,,,,,,,,,,,,,,,,,,,,,,,,,,,,,,,,,,,,,,,,,,,,,,,,,,,,,,,,,,,35744,"Suppose you want to check your social media status
     when you are at Starbucks.<o:p></o:p>"
10/22/2018 11:58,10/22/2018 11:58,0,34.224.88.99,100,9,1,10/22/2018 11:58,R_eEFZ3UPC4iZXTs5,,,,,39.0480957,-77.47280121,anonymous,EN,"1,2",,,,,,,,,,,,,,,,,,,,,,,,,,,,,,,,,,,,,,,,,,,,,,,,,,,,,,,,,,,,,,,,,,,,,,,,,,,,,,,,,,,,,,,,,,,,,,,,,,,,,,,,,,,,,,,,,,,,,,,,,,,,,,,,,,,,,,,,,,,,,,,,,,,,,,,,,,,,,,,,,,,,,,,,,,,,,,,,,,,,,,,,,,,,,,,,,,,,,,,,,,,,,,,,,,,29154,"<span lang=""EN-GB"">Suppose you want to browse the internet when you are at home with people you know (e.g., acquaintances, colleagues).<o:p></o:p></span>"
10/22/2018 11:58,10/22/2018 11:58,0,98.148.156.60,100,16,1,10/22/2018 11:58,R_efYWhc4g2sDfBZf,,,,,33.49830627,-117.0957947,anonymous,EN,"2,3",,,,,,,,,,,,,,,,,,,,,,,,,,,,,,,,,,,,,,,,,,,,,,,,,,,,,,,,,,,,,,,,,,,,,,,,,,,,,,,,,,,,,,,,,,,,,,,,,,,,,,,,,,,,,,,,,,,,,,,,,,,,,,,,,,,,,,,,,,,,,,,,,,,,,,,,,,,,,,,,,,,,,,,,,,,,,,,,,,,,,,,,,,,,,,,,,,,,,,,,,,,,,,,,,,,85574,"<span lang=""EN-GB"">Suppose
     you are at starbucks and you realize today is the last day to pay one of
     your bills online.<o:p></o:p></span>"
10/22/2018 12:00,10/22/2018 12:02,0,172.245.158.139,100,82,1,10/22/2018 12:02,R_27IDIpOU7LRQtDn,,,,,42.88639832,-78.87809753,anonymous,EN,"1,2",,,,,,,,,,,,,,,,,,,,,,,,,,,,,,,,,,,,,,,,,,,,,,,,,,,,,,,,,,,,,,,,,,,,,,,,,,,,,,,,,,,,,,,,,,,,,,,,,,,,,,,,,,,,,,,,,,,,,,,,,,,,,,,,,,,,,,,,,,,,,,,,,,,,,,,,,,,,,,,,,,,,,,,,,,,,,,,,,,,,,,,,,,,,,,,,,,,,,,,,,,,,,,,,,,,89970,"<span lang=""EN-GB"">Suppose you want to a send an email when you are surrounded with people you are close to (e.g., friends, family members) at your home.<strong><o:p></o:p></strong></span>"
10/22/2018 12:15,10/22/2018 12:15,0,162.248.134.248,100,41,1,10/22/2018 12:15,R_2U3D2yfCj2wYDfH,,,,,37.75100708,-97.8219986,anonymous,EN,1,,,,,,,,,,,,,,,,,,,,,,,,,,,,,,,,,,,,,,,,,,,,,,,,,,,,,,,,,,,,,,,,,,,,,,,,,,,,,,,,,,,,,,,,,,,,,,,,,,,,,,,,,,,,,,,,,,,,,,,,,,,,,,,,,,,,,,,,,,,,,,,,,,,,,,,,,,,,,,,,,,,,,,,,,,,,,,,,,,,,,,,,,,,,,,,,,,,,,,,,,,,,,,,,,,,56637,"<span lang=""EN-GB"">Suppose you want to control some devices/appliances (e.g., smart lights) when you are at home with people you are close to (e.g., friends, family members)<strong><o:p></o:p></strong></span>"
10/22/2018 12:21,10/22/2018 12:26,0,74.110.155.33,100,280,1,10/22/2018 12:26,R_qWzvckdQ0DzqVRD,,,,,37.51330566,-77.56459808,anonymous,EN,"1,2,4","1,2,5",,1,,"1,2,3",,1,,1,,"2,3","1,2",,"1,2",,3,"1,2",,"1,2,3",,"3,4",,"1,2",,"1,2",,"1,2",,,,,,,,,,,,,,,,,,,,,,,,,,,,,,,,,,,,,,,,,,,,,,,,,,,,,,,,,,,,,,,,,,,,,,,,,,,,,,,,,,,,,,,,,,,,,,,,,,,,,,,,,,,,,,,,,,,,,,,,,,,,,,,,,,,,,,,,,,,,,,,,,,,,,,,,,,,,,,,,,,,,,,,,,,,,,,,,,,,,,,,,10331,"<span lang=""EN-GB"">Suppose you are at a coffee shop, you have just read a book you loved and now&nbsp;</span>you want to write a review for it to share with your close family and friends."
10/22/2018 12:27,10/22/2018 12:28,0,162.248.134.240,100,15,1,10/22/2018 12:28,R_Zmimq2slfkoP0rL,,,,,37.75100708,-97.8219986,anonymous,EN,1,,,,,,,,,,,,,,,,,,,,,,,,,,,,,,,,,,,,,,,,,,,,,,,,,,,,,,,,,,,,,,,,,,,,,,,,,,,,,,,,,,,,,,,,,,,,,,,,,,,,,,,,,,,,,,,,,,,,,,,,,,,,,,,,,,,,,,,,,,,,,,,,,,,,,,,,,,,,,,,,,,,,,,,,,,,,,,,,,,,,,,,,,,,,,,,,,,,,,,,,,,,,,,,,,,,11802,"<span lang=""EN-GB"">Suppose you are on a short vacation alone and you want to take a picture in front&nbsp;</span>of an iconic monument."
10/22/2018 12:15,10/22/2018 12:28,0,162.248.134.248,100,749,1,10/22/2018 12:28,R_2Yh3OcImNThaPac,,,,,37.75100708,-97.8219986,anonymous,EN,"1,2,3,4,5,6","1,2,3,4,5",,"1,2,3",,"1,2,3,4",,1,,"1,2,3,4",,"1,2,3","1,2,3",,"1,2,3",,"1,2,3","1,2,3,4",,"1,2,3",,"1,2,3,4",,"1,2,3",,"1,2,3",,"1,2",,"1,2,3,4,5,6","1,2,3,4",,"1,2,3",,"1,2,3",,1,,"1,2,3,4",,"1,2,3","1,2,3",,"1,2,3",,"1,2,3",,"1,2,3,4",,"1,2,3,4",,"1,2,3",,"1,2,3,4",,"1,2,3",,"1,2",,"1,2,3,4,5",,"1,2,3",,"1,2,3,4",,1,,"1,2,3,4",,"1,2,3","1,2,3",,"1,2,3",,"1,2,3",,"1,2,3,4",,"1,2,3,4",,"1,2,3",,"1,2,3,4",,"1,2,3",,"1,2",,"1,3,4,5",,"1,2,3",,"1,2,3,4",,1,,"1,2,3,4",,"1,2,3","1,2,3",,"1,2,3",,"1,2,3",,"1,2,3,4",,"1,2,3,4",,"1,2,3",,"1,2,3,4",,"1,2,3",,"1,2",,7,,5,,"1,2,3,4",,1,,6,,4,5,,"1,2,3",,5,,6,,7,,5,,7,,5,,4,,"1,2,3,4",,"1,2,3",,"1,2,3,4",,1,,"1,2,3,4",,"1,2,3","1,2,3",,"1,2,3",,"1,2,3",,"1,2,3,4",,"1,2,3,4",,"1,2,3",,"1,2,3,4",,"1,2,3",,"1,2",,"1,2,3,4,5",,"1,2,3",,"1,2,3,4",,1,,"1,2,3,4",,"1,2,3","1,2,3",,"1,2,3",,"1,2,3",,"1,2,3,4",,"1,2,3,4",,"1,2,3",,"1,2,3,4",,"1,2,3",,"1,2",,,,,,,,,40587,"<span lang=""EN-GB"" style=""font-size:11.0pt;line-height:115%;
font-family:&quot;Arial&quot;,sans-serif;mso-fareast-font-family:Arial;mso-ansi-language:
EN-GB;mso-fareast-language:EN-US;mso-bidi-language:AR-SA"">Suppose you have
planned to meet a friend next week and you want put this on your calendar<span style=""color:#434343""> when you with </span>people you know (e.g.,
acquaintances, colleagues)<span style=""color:#434343""> at a park</span></span>"
10/22/2018 12:31,10/22/2018 12:32,0,76.20.9.115,100,25,1,10/22/2018 12:32,R_10Gi3jJHz6k4QU1,,,,,38.68499756,-121.0680008,anonymous,EN,2,,,,,,,,,,,,,,,,,,,,,,,,,,,,,,,,,,,,,,,,,,,,,,,,,,,,,,,,,,,,,,,,,,,,,,,,,,,,,,,,,,,,,,,,,,,,,,,,,,,,,,,,,,,,,,,,,,,,,,,,,,,,,,,,,,,,,,,,,,,,,,,,,,,,,,,,,,,,,,,,,,,,,,,,,,,,,,,,,,,,,,,,,,,,,,,,,,,,,,,,,,,,,,,,,,,5929,"<span lang=""EN-GB"">Suppose
     you want to a send a text message when you are surrounded by people you
     know (e.g., acquaintances, colleagues) at a restaurant.<o:p></o:p></span>"
10/22/2018 12:31,10/22/2018 12:33,0,96.47.238.102,100,124,1,10/22/2018 12:33,R_1l3Iyp40XLxUAGt,,,,,25.78059387,-80.18260193,anonymous,EN,"1,2,3,4","2,3,4",,1,,"1,2,3",,1,,1,,"1,2","1,2,3",,"1,2,3",,"1,2","1,2,3",,"1,2,3",,"1,2,3",,"1,3",,"2,3",,1,,,,,,,,,,,,,,,,,,,,,,,,,,,,,,,,,,,,,,,,,,,,,,,,,,,,,,,,,,,,,,,,,,,,,,,,,,,,,,,,,,,,,,,,,,,,,,,,,,,,,,,,,,,,,,,,,,,,,,,,,,,,,,,,,,,,,,,,,,,,,,,,,,,,,,,,,,,,,,,,,,,,,,,,,,,,,,,,,,,,,,,,8052,"<span lang=""EN-GB"">Suppose
     you want to watch some video when you are with people you know (e.g.,
     acquaintances, colleagues) in a park.<o:p></o:p></span>"
10/22/2018 12:34,10/22/2018 12:34,0,108.45.64.178,100,27,1,10/22/2018 12:34,R_R96xP6bQlLropDX,,,,,38.96749878,-76.85510254,anonymous,EN,"1,4",,,,,,,,,,,,,,,,,,,,,,,,,,,,,,,,,,,,,,,,,,,,,,,,,,,,,,,,,,,,,,,,,,,,,,,,,,,,,,,,,,,,,,,,,,,,,,,,,,,,,,,,,,,,,,,,,,,,,,,,,,,,,,,,,,,,,,,,,,,,,,,,,,,,,,,,,,,,,,,,,,,,,,,,,,,,,,,,,,,,,,,,,,,,,,,,,,,,,,,,,,,,,,,,,,,14457,"Suppose you are alone at home, you want to take a break from studying/working&nbsp;<p>so you decide to play a video game with some with some people you know (e.g., acquaintances, colleagues).<o:p></o:p></p>"
10/22/2018 12:31,10/22/2018 12:35,0,204.46.72.42,100,183,1,10/22/2018 12:35,R_21zx4pGRvhxI550,,,,,33.94610596,-83.41799927,anonymous,EN,"1,2,3,4,5","1,2,4",,1,,1,,1,,1,,2,"2,3",,2,,1,2,,2,,1,,1,,1,,2,,,,,,,,,,,,,,,,,,,,,,,,,,,,,,,,,,,,,,,,,,,,,,,,,,,,,,,,,,,,,,,,,,,,,,,,,,,,,,,,,,,,,,,,,,,,,,,,,,,,,,,,,,,,,,,,,,,,,,,,,,,,,,,,,,,,,,,,,,,,,,,,,,,,,,,,,,,,,,,,,,,,,,,,,,,,,,,,,,,,,,,,93681,"<span lang=""EN-GB"">Suppose you want to find a route to a coffee shop when you are
     at home </span><span lang=""EN-GB"">with
     people you are close to (e.g., friends, family members)</span><strong><span lang=""EN-GB""><o:p></o:p></span></strong>"
10/22/2018 12:35,10/22/2018 12:36,0,50.32.216.169,100,13,1,10/22/2018 12:36,R_5hf5TdvW8Q8f7A5,,,,,39.89489746,-76.14649963,anonymous,EN,1,,,,,,,,,,,,,,,,,,,,,,,,,,,,,,,,,,,,,,,,,,,,,,,,,,,,,,,,,,,,,,,,,,,,,,,,,,,,,,,,,,,,,,,,,,,,,,,,,,,,,,,,,,,,,,,,,,,,,,,,,,,,,,,,,,,,,,,,,,,,,,,,,,,,,,,,,,,,,,,,,,,,,,,,,,,,,,,,,,,,,,,,,,,,,,,,,,,,,,,,,,,,,,,,,,,74476,"<span lang=""EN-GB"">Suppose
     you want to listen to some audio when you are at home with people you are
     close to (e.g., friends, family members).<strong><o:p></o:p></strong></span>"
10/22/2018 12:37,10/22/2018 12:37,0,107.208.243.132,100,27,1,10/22/2018 12:37,R_3hF0Vmyr3KCxa9d,,,,,31.83830261,-106.5363998,anonymous,EN,2,,,,,,,,,,,,,,,,,,,,,,,,,,,,,,,,,,,,,,,,,,,,,,,,,,,,,,,,,,,,,,,,,,,,,,,,,,,,,,,,,,,,,,,,,,,,,,,,,,,,,,,,,,,,,,,,,,,,,,,,,,,,,,,,,,,,,,,,,,,,,,,,,,,,,,,,,,,,,,,,,,,,,,,,,,,,,,,,,,,,,,,,,,,,,,,,,,,,,,,,,,,,,,,,,,,88698,"<span lang=""EN-GB"" style=""font-size:11.0pt;line-height:115%;
font-family:&quot;Arial&quot;,sans-serif;mso-fareast-font-family:Arial;mso-ansi-language:
EN-GB;mso-fareast-language:EN-US;mso-bidi-language:AR-SA"">Suppose you want to
take a click a photo when you are at Starbucks.</span>"
10/22/2018 12:39,10/22/2018 12:39,0,204.74.20.14,100,11,1,10/22/2018 12:39,R_1gRxogp49AVegsW,,,,,40.00909424,-76.36710358,anonymous,EN,"1,2",,,,,,,,,,,,,,,,,,,,,,,,,,,,,,,,,,,,,,,,,,,,,,,,,,,,,,,,,,,,,,,,,,,,,,,,,,,,,,,,,,,,,,,,,,,,,,,,,,,,,,,,,,,,,,,,,,,,,,,,,,,,,,,,,,,,,,,,,,,,,,,,,,,,,,,,,,,,,,,,,,,,,,,,,,,,,,,,,,,,,,,,,,,,,,,,,,,,,,,,,,,,,,,,,,,35311,"<span lang=""EN-GB"" style=""font-size:11.0pt;line-height:115%;
font-family:&quot;Arial&quot;,sans-serif;mso-fareast-font-family:Arial;mso-ansi-language:
EN-GB;mso-fareast-language:EN-US;mso-bidi-language:AR-SA"">Suppose you want to a
send a text message when you are alone at Starbucks.</span>"
10/22/2018 12:37,10/22/2018 12:39,0,65.35.61.34,100,121,1,10/22/2018 12:39,R_sMePiP5Jj3uDG4V,,,,,27.84500122,-82.3125,anonymous,EN,"1,2,3,4,5","1,2,3",,"2,3",,"2,3",,1,,"1,4",,3,"2,3",,"1,2",,"1,3","1,3,4",,"1,3",,"2,3,4",,2,,"1,2",,1,,,,,,,,,,,,,,,,,,,,,,,,,,,,,,,,,,,,,,,,,,,,,,,,,,,,,,,,,,,,,,,,,,,,,,,,,,,,,,,,,,,,,,,,,,,,,,,,,,,,,,,,,,,,,,,,,,,,,,,,,,,,,,,,,,,,,,,,,,,,,,,,,,,,,,,,,,,,,,,,,,,,,,,,,,,,,,,,,,,,,,,,51595,"<span lang=""EN-GB"">Suppose
     you want to a send an email when you are surrounded by people you know
     (e.g., acquaintances, colleagues) your home.<o:p></o:p></span>"
10/22/2018 12:43,10/22/2018 12:44,0,24.145.87.106,100,34,1,10/22/2018 12:44,R_2zSW2c8a0ZyrnUa,,,,,33.52600098,-81.79560089,anonymous,EN,"1,2,3,5,6",7,,5,,3,,3,,"2,4",,1,5,,5,,4,6,,5,,"1,4",,5,,5,,4,,,,,,,,,,,,,,,,,,,,,,,,,,,,,,,,,,,,,,,,,,,,,,,,,,,,,,,,,,,,,,,,,,,,,,,,,,,,,,,,,,,,,,,,,,,,,,,,,,,,,,,,,,,,,,,,,,,,,,,,,,,,,,,,,,,,,,,,,,,,,,,,,,,,,,,,,,,,,,,,,,,,,,,,,,,,,,,,,,,,,,,,16511,"<span lang=""EN-GB"">Suppose you are at work with some people you know (e.g., acquaintances, colleagues) when you realize that you have to immediately pay one of your bills online.<o:p></o:p></span>"
10/22/2018 12:39,10/22/2018 12:48,0,23.123.107.108,100,552,1,10/22/2018 12:48,R_upPyM20rcwKtdQt,,,,,29.66090393,-82.58519745,anonymous,EN,"1,2,3,4",1,,3,,2,,1,,1,,2,5,,2,,2,3,,2,,6,,2,,3,,2,,"1,2,3,4",1,,3,,2,,1,,1,,2,5,,2,,2,,3,,2,,2,,2,,3,,2,,1,,3,,2,,1,,1,,2,5,,2,,2,,3,,2,,2,,2,,3,,2,,1,,3,,1,,1,,1,,2,5,,2,,2,,3,,2,,2,,2,,3,,2,,1,,3,,2,,1,,1,,2,5,,2,,2,,3,,2,,2,,2,,3,,2,,,,,,,,,,,,,,,,,,,,,,,,,,,,,,,,,,,,,,,,,,,,,,,,,,,,,,,,,,,,female,37,banker,7,1,,6,12027,"<span lang=""EN-GB"">Suppose
     you want to set up a reminder when you are with people you know (e.g.,
     acquaintances, colleagues) at your home.<o:p></o:p></span>"
10/22/2018 12:50,10/22/2018 12:50,0,66.192.183.178,100,26,1,10/22/2018 12:50,R_3m1Aq2whW1wxr3s,,,,,47.66650391,-117.4365005,anonymous,EN,"1,2",,,,,,,,,,,,,,,,,,,,,,,,,,,,,,,,,,,,,,,,,,,,,,,,,,,,,,,,,,,,,,,,,,,,,,,,,,,,,,,,,,,,,,,,,,,,,,,,,,,,,,,,,,,,,,,,,,,,,,,,,,,,,,,,,,,,,,,,,,,,,,,,,,,,,,,,,,,,,,,,,,,,,,,,,,,,,,,,,,,,,,,,,,,,,,,,,,,,,,,,,,,,,,,,,,,32659,"<span lang=""EN-GB"">Suppose you are on a short vacation and you want to take a picture in front&nbsp;</span>of an iconic monument when you are surrounded by many people."
10/22/2018 12:50,10/22/2018 12:51,0,108.50.152.186,100,84,1,10/22/2018 12:51,R_1NmOYMD3U790HxD,,,,,40.94769287,-74.06719971,anonymous,EN,"1,2,4",2,,1,,"1,2",,1,,1,,2,1,,1,,2,2,,1,,1,,2,,1,,1,,,,,,,,,,,,,,,,,,,,,,,,,,,,,,,,,,,,,,,,,,,,,,,,,,,,,,,,,,,,,,,,,,,,,,,,,,,,,,,,,,,,,,,,,,,,,,,,,,,,,,,,,,,,,,,,,,,,,,,,,,,,,,,,,,,,,,,,,,,,,,,,,,,,,,,,,,,,,,,,,,,,,,,,,,,,,,,,,,,,,,,,76459,"<span lang=""EN-GB"">Suppose you are at your gym and you want to track the amount of calories&nbsp;</span>you have burnt your workout.&nbsp;"
10/22/2018 12:52,10/22/2018 12:56,0,67.212.62.22,100,205,1,10/22/2018 12:56,R_22P8q1AW8U9LHJl,,,,,33.73770142,-78.97869873,anonymous,EN,"1,2,4","2,3",,5,,"1,2",,1,,"1,3",,"2,3","1,2,3",,2,,"2,3","1,2",,2,,6,,"1,2",,"1,2,4",Memory and or Ram Size,2,,,,,,,,,,,,,,,,,,,,,,,,,,,,,,,,,,,,,,,,,,,,,,,,,,,,,,,,,,,,,,,,,,,,,,,,,,,,,,,,,,,,,,,,,,,,,,,,,,,,,,,,,,,,,,,,,,,,,,,,,,,,,,,,,,,,,,,,,,,,,,,,,,,,,,,,,,,,,,,,,,,,,,,,,,,,,,,,,,,,,,,,42017,"Suppose you want to find a route to a coffee shop
     when you are at home with your by your colleagues<o:p></o:p>"
10/22/2018 12:56,10/22/2018 12:56,0,73.11.171.41,100,4,1,10/22/2018 12:56,R_423Y1jgI2jDZFS1,,,,,47.90170288,-122.2472,anonymous,EN,3,,,,,,,,,,,,,,,,,,,,,,,,,,,,,,,,,,,,,,,,,,,,,,,,,,,,,,,,,,,,,,,,,,,,,,,,,,,,,,,,,,,,,,,,,,,,,,,,,,,,,,,,,,,,,,,,,,,,,,,,,,,,,,,,,,,,,,,,,,,,,,,,,,,,,,,,,,,,,,,,,,,,,,,,,,,,,,,,,,,,,,,,,,,,,,,,,,,,,,,,,,,,,,,,,,,34870,"<span lang=""EN-GB"">Suppose
     you want to purchase something (e.g., book, household items) online when
     you are with your close friends at a park.<o:p></o:p></span>"
10/22/2018 12:56,10/22/2018 12:56,0,73.11.171.41,100,23,1,10/22/2018 12:56,R_pT36aLqAyfdmxxv,,,,,47.90170288,-122.2472,anonymous,EN,"1,2,3,4,5,6","3,4",,3,,"1,3",,1,,2,,3,3,,1,,1,"2,3,4",,3,,4,,"1,2",,2,,1,,,,,,,,,,,,,,,,,,,,,,,,,,,,,,,,,,,,,,,,,,,,,,,,,,,,,,,,,,,,,,,,,,,,,,,,,,,,,,,,,,,,,,,,,,,,,,,,,,,,,,,,,,,,,,,,,,,,,,,,,,,,,,,,,,,,,,,,,,,,,,,,,,,,,,,,,,,,,,,,,,,,,,,,,,,,,,,,,,,,,,,,44378,"<span lang=""EN-GB"">Suppose you are at home with people you are close to (e.g., friends, family members) when you realize today is the last day to pay one of your bills online.<o:p></o:p></span>"
10/22/2018 13:01,10/22/2018 13:05,0,108.50.211.110,100,241,1,10/22/2018 13:05,R_3pm3vL7V8lPvHlL,,,,,40.88819885,-74.0503006,anonymous,EN,"1,2,6","1,2",,"1,2",,"1,3",,1,,1,,2,2,,1,,3,6,,2,,"1,4",,2,,2,,1,,,,,,,,,,,,,,,,,,,,,,,,,,,,,,,,,,,,,,,,,,,,,,,,,,,,,,,,,,,,,,,,,,,,,,,,,,,,,,,,,,,,,,,,,,,,,,,,,,,,,,,,,,,,,,,,,,,,,,,,,,,,,,,,,,,,,,,,,,,,,,,,,,,,,,,,,,,,,,,,,,,,,,,,,,,,,,,,,,,,,,,,65658,"<span lang=""EN-GB"">Suppose you want to a send a text message when you are surrounded with people you are close to (e.g., friends, family members) at your home.<strong><o:p></o:p></strong></span>"
10/22/2018 13:00,10/22/2018 13:05,0,47.157.255.222,100,308,1,10/22/2018 13:05,R_XYWUd6NLhcLcbXr,,,,,33.71800232,-118.050499,anonymous,EN,"1,2,3,4",5,,1,,"1,2,3",,1,,1,,1,5,,3,,1,1,,1,,6,,"1,2",,2,,"1,2",,,,,,,,,,,,,,,,,,,,,,,,,,,,,,,,,,,,,,,,,,,,,,,,,,,,,,,,,,,,,,,,,,,,,,,,,,,,,,,,,,,,,,,,,,,,,,,,,,,,,,,,,,,,,,,,,,,,,,,,,,,,,,,,,,,,,,,,,,,,,,,,,,,,,,,,,,,,,,,,,,,,,,,,,,,,,,,,,,,,,,,,40816,"<span lang=""EN-GB"">Suppose
     you want to a send a text message when you are alone at home<strong><o:p></o:p></strong></span>"
10/22/2018 12:59,10/22/2018 13:08,0,132.49.221.128,100,509,1,10/22/2018 13:08,R_3CPh4dAGf8AwuP6,,,,,43.13920593,-115.6962967,anonymous,EN,"1,2,5","1,2,3,4,5",,"1,2",,"1,2,3",,1,,1,,"1,2","1,2,3",,"1,2,3",,"2,3","1,2,3,4",,"1,2",,"1,2,3",,"1,2",,"1,2,3",,"1,2",,,,,,,,,,,,,,,,,,,,,,,,,,,,,,,,,,,,,,,,,,,,,,,,,,,,,,,,,,,,,,,,,,,,,,,,,,,,,,,,,,,,,,,,,,,,,,,,,,,,,,,,,,,,,,,,,,,,,,,,,,,,,,,,,,,,,,,,,,,,,,,,,,,,,,,,,,,,,,,,,,,,,,,,,,,,,,,,,,,,,,,,47574,"<span lang=""EN-GB"">Suppose
     you want to listen to some audio when you are with people you know (e.g.,
     acquaintances, colleagues) in a park.<o:p></o:p></span>


<p><span lang=""EN-GB"" style=""color:red"">&nbsp;</span></p>"
10/22/2018 13:11,10/22/2018 13:11,0,73.11.171.41,100,25,1,10/22/2018 13:11,R_3G37pdDRBuinONJ,,,,,47.90170288,-122.2472,anonymous,EN,"1,2,3,4,5,6",2,,1,,"2,3",,1,,3,,3,2,,2,,2,3,,2,,3,,1,,2,,2,,,,,,,,,,,,,,,,,,,,,,,,,,,,,,,,,,,,,,,,,,,,,,,,,,,,,,,,,,,,,,,,,,,,,,,,,,,,,,,,,,,,,,,,,,,,,,,,,,,,,,,,,,,,,,,,,,,,,,,,,,,,,,,,,,,,,,,,,,,,,,,,,,,,,,,,,,,,,,,,,,,,,,,,,,,,,,,,,,,,,,,,1431,"<span lang=""EN-GB"">Suppose you want to listen to some audio when you are alone in a park.<o:p></o:p></span>"
10/22/2018 13:16,10/22/2018 13:17,0,66.66.17.248,100,93,1,10/22/2018 13:17,R_7U2xXjVLTjngmOt,,,,,43.11219788,-77.5617981,anonymous,EN,"1,2,4,5",2,,5,,"2,4",,1,,1,,2,2,,"1,3",,4,"1,2,3",,3,,"2,3,4",,3,,"1,3",,2,,,,,,,,,,,,,,,,,,,,,,,,,,,,,,,,,,,,,,,,,,,,,,,,,,,,,,,,,,,,,,,,,,,,,,,,,,,,,,,,,,,,,,,,,,,,,,,,,,,,,,,,,,,,,,,,,,,,,,,,,,,,,,,,,,,,,,,,,,,,,,,,,,,,,,,,,,,,,,,,,,,,,,,,,,,,,,,,,,,,,,,,10082,"<span lang=""EN-GB"">Suppose
     you want&nbsp; to a send a text message
     when you are walking with a very close friend on a street<o:p></o:p></span>"
10/22/2018 13:21,10/22/2018 13:22,0,38.127.173.16,100,29,1,10/22/2018 13:22,R_10OG240rHKkcj36,,,,,39.0480957,-77.47280121,anonymous,EN,1,,,,,,,,,,,,,,,,,,,,,,,,,,,,,,,,,,,,,,,,,,,,,,,,,,,,,,,,,,,,,,,,,,,,,,,,,,,,,,,,,,,,,,,,,,,,,,,,,,,,,,,,,,,,,,,,,,,,,,,,,,,,,,,,,,,,,,,,,,,,,,,,,,,,,,,,,,,,,,,,,,,,,,,,,,,,,,,,,,,,,,,,,,,,,,,,,,,,,,,,,,,,,,,,,,,6939,"<span lang=""EN-GB"">Suppose you are alone at home, you want to take a break from studying/working&nbsp;</span>so you decide to play an online/digital game."
10/22/2018 13:22,10/22/2018 13:22,0,38.127.173.16,100,16,1,10/22/2018 13:22,R_RVmNgmzwEMtHcnD,,,,,39.0480957,-77.47280121,anonymous,EN,2,,,,,,,,,,,,,,,,,,,,,,,,,,,,,,,,,,,,,,,,,,,,,,,,,,,,,,,,,,,,,,,,,,,,,,,,,,,,,,,,,,,,,,,,,,,,,,,,,,,,,,,,,,,,,,,,,,,,,,,,,,,,,,,,,,,,,,,,,,,,,,,,,,,,,,,,,,,,,,,,,,,,,,,,,,,,,,,,,,,,,,,,,,,,,,,,,,,,,,,,,,,,,,,,,,,44540,"<span lang=""EN-GB"">Suppose you want to watch some video when you are with your close friends at Starbucks.<o:p></o:p></span>"
10/22/2018 13:22,10/22/2018 13:23,0,38.127.173.16,100,68,1,10/22/2018 13:23,R_z8AEc8WR8yNvYl3,,,,,39.0480957,-77.47280121,anonymous,EN,3,,,,,,,,,,,,,,,,,,,,,,,,,,,,,,,,,,,,,,,,,,,,,,,,,,,,,,,,,,,,,,,,,,,,,,,,,,,,,,,,,,,,,,,,,,,,,,,,,,,,,,,,,,,,,,,,,,,,,,,,,,,,,,,,,,,,,,,,,,,,,,,,,,,,,,,,,,,,,,,,,,,,,,,,,,,,,,,,,,,,,,,,,,,,,,,,,,,,,,,,,,,,,,,,,,,60981,"<span lang=""EN-GB"">Suppose
     you want to find a route to home when you are at Starbucks with people you
     know (e.g., acquaintances, colleagues).<o:p></o:p></span>"
10/22/2018 13:23,10/22/2018 13:23,0,38.127.173.16,100,5,1,10/22/2018 13:23,R_TmXYAReAC6bGnkd,,,,,39.0480957,-77.47280121,anonymous,EN,2,,,,,,,,,,,,,,,,,,,,,,,,,,,,,,,,,,,,,,,,,,,,,,,,,,,,,,,,,,,,,,,,,,,,,,,,,,,,,,,,,,,,,,,,,,,,,,,,,,,,,,,,,,,,,,,,,,,,,,,,,,,,,,,,,,,,,,,,,,,,,,,,,,,,,,,,,,,,,,,,,,,,,,,,,,,,,,,,,,,,,,,,,,,,,,,,,,,,,,,,,,,,,,,,,,,90020,"<span lang=""EN-GB"">Suppose
     you want to set up a reminder about something when you are with people you
     know (e.g., acquaintances, colleagues) at Starbucks.<o:p></o:p></span>"
10/22/2018 13:31,10/22/2018 13:31,0,174.218.143.136,100,15,1,10/22/2018 13:31,R_3ehudyCBZEDL19n,,,,,33.83200073,-84.38510132,anonymous,EN,3,,,,,,,,,,,,,,,,,,,,,,,,,,,,,,,,,,,,,,,,,,,,,,,,,,,,,,,,,,,,,,,,,,,,,,,,,,,,,,,,,,,,,,,,,,,,,,,,,,,,,,,,,,,,,,,,,,,,,,,,,,,,,,,,,,,,,,,,,,,,,,,,,,,,,,,,,,,,,,,,,,,,,,,,,,,,,,,,,,,,,,,,,,,,,,,,,,,,,,,,,,,,,,,,,,,93508,"<span lang=""EN-GB"">Suppose
     you want to call your mother for sharing an important update about your
     life when you are alone at Starbucks.<o:p></o:p></span>"
10/22/2018 13:32,10/22/2018 13:32,0,174.218.143.136,100,34,1,10/22/2018 13:32,R_A1Ea1fUqGcWy6E9,,,,,33.83200073,-84.38510132,anonymous,EN,5,,,,,,,,,,,,,,,,,,,,,,,,,,,,,,,,,,,,,,,,,,,,,,,,,,,,,,,,,,,,,,,,,,,,,,,,,,,,,,,,,,,,,,,,,,,,,,,,,,,,,,,,,,,,,,,,,,,,,,,,,,,,,,,,,,,,,,,,,,,,,,,,,,,,,,,,,,,,,,,,,,,,,,,,,,,,,,,,,,,,,,,,,,,,,,,,,,,,,,,,,,,,,,,,,,,8930,"<span lang=""EN-GB"">Suppose
     you want to a send an email when you are surrounded by people you know
     (e.g., acquaintances, colleagues) at a restaurant.<o:p></o:p></span>"
10/22/2018 13:27,10/22/2018 13:40,0,70.188.207.113,100,790,1,10/22/2018 13:40,R_2XiFH4vspKrcGFf,,,,,33.65879822,-112.3214035,anonymous,EN,"1,2,4,5,6","3,4",,"1,3",,"1,3",,1,,"2,3,4",,"1,3",2,,"2,3",,3,"2,4",,"1,2",,"2,4",,"1,2",,"1,3",,"1,2",,,,,,,,,,,,,,,,,,,,,,,,,,,,,,,,,,,,,,,,,,,,,,,,,,,,,,,,,,,,,,,,,,,,,,,,,,,,,,,,,,,,,,,,,,,,,,,,,,,,,,,,,,,,,,,,,,,,,,,,,,,,,,,,,,,,,,,,,,,,,,,,,,,,,,,,,,,,,,,,,,,,,,,,,,,,,,,,,,,,,,,,32023,"<span lang=""EN-GB"">Suppose
     you want to read a digital document when you are at Starbucks.<o:p></o:p></span>"
10/22/2018 13:39,10/22/2018 13:42,0,73.144.26.202,100,212,1,10/22/2018 13:42,R_3LXQVDYNRfmHv0h,,,,,42.33760071,-83.13030243,anonymous,EN,"1,2,3,4","1,2,3,4,5",,3,,"1,3,4",,1,,1,,3,"1,2,3",,1,,3,"1,2,3,4",,"1,2,3",,"2,3,4",,"1,2",,"1,2,3",,"1,2",,,,,,,,,,,,,,,,,,,,,,,,,,,,,,,,,,,,,,,,,,,,,,,,,,,,,,,,,,,,,,,,,,,,,,,,,,,,,,,,,,,,,,,,,,,,,,,,,,,,,,,,,,,,,,,,,,,,,,,,,,,,,,,,,,,,,,,,,,,,,,,,,,,,,,,,,,,,,,,,,,,,,,,,,,,,,,,,,,,,,,,,4324,"<span lang=""EN-GB"">Suppose
     you want&nbsp; to a send a text message
     when you are walking with a very close friend on a street<o:p></o:p></span>"
10/22/2018 13:42,10/22/2018 13:42,0,207.189.25.87,100,30,1,10/22/2018 13:42,R_1DpwO8cOFcSGUJ0,,,,,38.9066925,-77.03119659,anonymous,EN,3,,,,,,,,,,,,,,,,,,,,,,,,,,,,,,,,,,,,,,,,,,,,,,,,,,,,,,,,,,,,,,,,,,,,,,,,,,,,,,,,,,,,,,,,,,,,,,,,,,,,,,,,,,,,,,,,,,,,,,,,,,,,,,,,,,,,,,,,,,,,,,,,,,,,,,,,,,,,,,,,,,,,,,,,,,,,,,,,,,,,,,,,,,,,,,,,,,,,,,,,,,,,,,,,,,,27474,"<span lang=""EN-GB"" style=""font-size:11.0pt;line-height:115%;
font-family:&quot;Arial&quot;,sans-serif;mso-fareast-font-family:Arial;mso-ansi-language:
EN-GB;mso-fareast-language:EN-US;mso-bidi-language:AR-SA"">Suppose you want to browse the internet when you are alone at your home.</span>"
10/22/2018 13:42,10/22/2018 13:42,0,199.15.128.254,100,20,1,10/22/2018 13:42,R_1GwW5MdJJei8Bn3,,,,,41.93989563,-87.65280151,anonymous,EN,"1,2",,,,,,,,,,,,,,,,,,,,,,,,,,,,,,,,,,,,,,,,,,,,,,,,,,,,,,,,,,,,,,,,,,,,,,,,,,,,,,,,,,,,,,,,,,,,,,,,,,,,,,,,,,,,,,,,,,,,,,,,,,,,,,,,,,,,,,,,,,,,,,,,,,,,,,,,,,,,,,,,,,,,,,,,,,,,,,,,,,,,,,,,,,,,,,,,,,,,,,,,,,,,,,,,,,,30622,"<span lang=""EN-GB"">Suppose
     you want to read a digital document when you are at Starbucks.<o:p></o:p></span>"
10/22/2018 13:46,10/22/2018 13:46,0,52.95.75.26,100,15,1,10/22/2018 13:46,R_2t9jdvgwp9WmGom,,,,,18.9750061,72.82580566,anonymous,EN,3,,,,,,,,,,,,,,,,,,,,,,,,,,,,,,,,,,,,,,,,,,,,,,,,,,,,,,,,,,,,,,,,,,,,,,,,,,,,,,,,,,,,,,,,,,,,,,,,,,,,,,,,,,,,,,,,,,,,,,,,,,,,,,,,,,,,,,,,,,,,,,,,,,,,,,,,,,,,,,,,,,,,,,,,,,,,,,,,,,,,,,,,,,,,,,,,,,,,,,,,,,,,,,,,,,,81040,"<span lang=""EN-GB"">Suppose you have planned to meet a friend next week and you want to put this on your calendar when you are with a very close friend at a park.&nbsp;<o:p></o:p></span>"
10/22/2018 13:46,10/22/2018 13:47,0,107.77.241.9,100,61,1,10/22/2018 13:47,R_3QPO37nUHME31am,,,,,37.75100708,-97.8219986,anonymous,EN,"2,3",,,,,,,,,,,,,,,,,,,,,,,,,,,,,,,,,,,,,,,,,,,,,,,,,,,,,,,,,,,,,,,,,,,,,,,,,,,,,,,,,,,,,,,,,,,,,,,,,,,,,,,,,,,,,,,,,,,,,,,,,,,,,,,,,,,,,,,,,,,,,,,,,,,,,,,,,,,,,,,,,,,,,,,,,,,,,,,,,,,,,,,,,,,,,,,,,,,,,,,,,,,,,,,,,,,88881,"<span lang=""EN-GB"">Suppose
     you want to find a route to home when you are alone at Starbucks.<o:p></o:p></span>"
10/22/2018 13:44,10/22/2018 13:47,0,65.128.25.100,100,144,1,10/22/2018 13:47,R_2yqtjz163A5tq2X,,,,,44.93840027,-93.2213974,anonymous,EN,"1,2,3,4,5",4,,5,,"2,3",,1,,1,,2,1,,5,,2,6,,2,,6,,5,,5,,4,,,,,,,,,,,,,,,,,,,,,,,,,,,,,,,,,,,,,,,,,,,,,,,,,,,,,,,,,,,,,,,,,,,,,,,,,,,,,,,,,,,,,,,,,,,,,,,,,,,,,,,,,,,,,,,,,,,,,,,,,,,,,,,,,,,,,,,,,,,,,,,,,,,,,,,,,,,,,,,,,,,,,,,,,,,,,,,,,,,,,,,,68214,"<span lang=""EN-GB"" style=""font-size:11.0pt;line-height:115%;
font-family:&quot;Arial&quot;,sans-serif;mso-fareast-font-family:Arial;mso-ansi-language:
EN-GB;mso-fareast-language:EN-US;mso-bidi-language:AR-SA"">Suppose you want to a
send a text message when you are alone at Starbucks.</span>"
10/22/2018 13:51,10/22/2018 13:53,0,216.82.243.84,100,69,1,10/22/2018 13:53,R_1CrJ70p3pjH9tx1,,,,,37.75100708,-97.8219986,anonymous,EN,"1,2",,,,,,,,,,,,,,,,,,,,,,,,,,,,,,,,,,,,,,,,,,,,,,,,,,,,,,,,,,,,,,,,,,,,,,,,,,,,,,,,,,,,,,,,,,,,,,,,,,,,,,,,,,,,,,,,,,,,,,,,,,,,,,,,,,,,,,,,,,,,,,,,,,,,,,,,,,,,,,,,,,,,,,,,,,,,,,,,,,,,,,,,,,,,,,,,,,,,,,,,,,,,,,,,,,,83227,"<span lang=""EN-GB"">Suppose you want to find a route to home while walking on a street with people you know (e.g., acquaintances, colleagues).<o:p></o:p></span>"
10/22/2018 13:53,10/22/2018 13:55,0,192.12.221.52,100,147,1,10/22/2018 13:55,R_1GT6aus0ZAvQwjh,,,,,40.29949951,-75.98760223,anonymous,EN,"1,2,3,6","2,4",,"2,3",,"2,4",,3,,"2,4",,2,"2,3",,"2,3",,3,"1,3,4",,"1,3",,"1,3",,"1,2",,"1,2",,"1,2",,,,,,,,,,,,,,,,,,,,,,,,,,,,,,,,,,,,,,,,,,,,,,,,,,,,,,,,,,,,,,,,,,,,,,,,,,,,,,,,,,,,,,,,,,,,,,,,,,,,,,,,,,,,,,,,,,,,,,,,,,,,,,,,,,,,,,,,,,,,,,,,,,,,,,,,,,,,,,,,,,,,,,,,,,,,,,,,,,,,,,,,72504,"<span lang=""EN-GB"">Suppose you want to watch some video when you are alone in a park.<o:p></o:p></span>"
10/22/2018 13:54,10/22/2018 13:57,0,184.176.100.178,100,155,1,10/22/2018 13:57,R_21nTq1Vh52jaJ1q,,,,,33.4367981,-112.3834,anonymous,EN,"1,2,3,4,5,6",7,,2,,6,,3,,4,,4,3,,3,,3,4,,5,,4,,5,,2,,4,,,,,,,,,,,,,,,,,,,,,,,,,,,,,,,,,,,,,,,,,,,,,,,,,,,,,,,,,,,,,,,,,,,,,,,,,,,,,,,,,,,,,,,,,,,,,,,,,,,,,,,,,,,,,,,,,,,,,,,,,,,,,,,,,,,,,,,,,,,,,,,,,,,,,,,,,,,,,,,,,,,,,,,,,,,,,,,,,,,,,,,,46267,"<span lang=""EN-GB"">Suppose
     you want to purchase something online when you are alone at your home.<o:p></o:p></span>"
10/22/2018 13:56,10/22/2018 13:57,0,67.191.210.46,100,94,1,10/22/2018 13:57,R_3L85Yc1qAWkRq9j,,,,,33.55310059,-84.40029907,anonymous,EN,"1,2,6",3,,2,,2,,1,,2,,2,3,,2,,2,2,,2,,3,,1,,2,,2,,,,,,,,,,,,,,,,,,,,,,,,,,,,,,,,,,,,,,,,,,,,,,,,,,,,,,,,,,,,,,,,,,,,,,,,,,,,,,,,,,,,,,,,,,,,,,,,,,,,,,,,,,,,,,,,,,,,,,,,,,,,,,,,,,,,,,,,,,,,,,,,,,,,,,,,,,,,,,,,,,,,,,,,,,,,,,,,,,,,,,,,27086,"<span lang=""EN-GB"">Suppose
     you want to a send a text message when you are alone at home<strong><o:p></o:p></strong></span>"
10/22/2018 13:53,10/22/2018 13:58,0,71.194.123.244,100,314,1,10/22/2018 13:58,R_3HFdLV4fc2cXevf,,,,,41.97940063,-88.20629883,anonymous,EN,"1,2,3,4,5",2,,1,,"1,2,3",,1,,1,,3,"1,2,3",,2,,3,2,,"1,2",,6,,"1,2",,"1,2,3",,2,,2,,,,,,,,,,,,,,,,,,,,,,,,,,,,,,2,,1,,6,,1,,2,,4,5,,5,,5,,6,,7,,5,,6,,1,,4,,,,,,,,,,,,,,,,,,,,,,,,,,,,,,,,,,,,,,,,,,,,,,,,,,,,,,,,,,,,,,,,,,,,,,,,,,,,,,,,,,,,,,,,,,,,,,,,,,,,,,,,,,,,,,,,,,,,,,,,,,,,,29013,"<span lang=""EN-GB"">Suppose you want to browse the internet when you are with people you know (e.g., acquaintances, colleagues) at a park.<o:p></o:p></span>"
10/22/2018 13:58,10/22/2018 13:59,0,73.93.106.216,100,28,1,10/22/2018 13:59,R_2bIBQaP0f2SslD1,,,,,37.70239258,-122.1240005,anonymous,EN,"2,4",,,,,,,,,,,,,,,,,,,,,,,,,,,,,,,,,,,,,,,,,,,,,,,,,,,,,,,,,,,,,,,,,,,,,,,,,,,,,,,,,,,,,,,,,,,,,,,,,,,,,,,,,,,,,,,,,,,,,,,,,,,,,,,,,,,,,,,,,,,,,,,,,,,,,,,,,,,,,,,,,,,,,,,,,,,,,,,,,,,,,,,,,,,,,,,,,,,,,,,,,,,,,,,,,,,96421,"<span lang=""EN-GB"">Suppose
     you want to call your mother for sharing an important update about your
     life when you are alone at Starbucks.<o:p></o:p></span>"
10/22/2018 13:59,10/22/2018 13:59,0,107.77.230.136,100,17,1,10/22/2018 13:59,R_3nedsumFRe9OmHL,,,,,34.05439758,-118.2440033,anonymous,EN,"1,2",,,,,,,,,,,,,,,,,,,,,,,,,,,,,,,,,,,,,,,,,,,,,,,,,,,,,,,,,,,,,,,,,,,,,,,,,,,,,,,,,,,,,,,,,,,,,,,,,,,,,,,,,,,,,,,,,,,,,,,,,,,,,,,,,,,,,,,,,,,,,,,,,,,,,,,,,,,,,,,,,,,,,,,,,,,,,,,,,,,,,,,,,,,,,,,,,,,,,,,,,,,,,,,,,,,4091,"<span lang=""EN-GB"">Suppose you want to find a route to home while walking on a street.<o:p></o:p></span>"
10/22/2018 13:55,10/22/2018 14:00,0,192.12.221.52,100,305,1,10/22/2018 14:00,R_ZkQboTmr2z9KYnv,,,,,40.29949951,-75.98760223,anonymous,EN,"1,2,3,4,6",4,,1,,"2,3",,1,,2,,2,"1,2",,3,,3,"2,4",,"1,3",,"2,4",,2,,1,,1,,,,,,,,,,,,,,,,,,,,,,,,,,,,,,,,,,,,,,,,,,,,,,,,,,,,,,,,,,,,,,,,,,,,,,,,,,,,,,,,,,,,,,,,,,,,,,,,,,,,,,,,,,,,,,,,,,,,,,,,,,,,,,,,,,,,,,,,,,,,,,,,,,,,,,,,,,,,,,,,,,,,,,,,,,,,,,,,,,,,,,,,46848,"Suppose you want to call your mother for sharing an important update about your life when you are surrounded with people you are close to (e.g., friends, family members)at your home."
10/22/2018 13:58,10/22/2018 14:03,0,73.164.141.120,100,318,1,10/22/2018 14:03,R_Zf1g7u6Z47eCAiB,,,,,45.36689758,-122.647995,anonymous,EN,"1,2,4",7,,5,,2,,3,,6,,4,5,,5,,4,6,,5,,"1,2,3,6",,5,,5,,4,,"1,2",7,,5,,6,,3,,6,,4,5,,5,,5,,6,,7,,5,,7,,5,,4,,7,,5,,6,,3,,6,,4,5,,5,,5,,6,,7,,5,,7,,5,,4,,,,,,,,,,,,,,,,,,,,,,,,,,,,,,,,,,,,,,,,,,,,,,,,,,,,,,,,,,,,,,,,,,,,,,,,,,,,,,,,,,,,,,,,,,,,,,,,,,,,,,,,,,,,,,,,,,,,,,Male,67,Writer,5,1,,1,56265,"Suppose
     you want to call your mother for sharing an important update about your
     life when you are surrounded by people you
     know (e.g., acquaintances, colleagues) at a restaurant.<o:p></o:p>"
10/22/2018 14:05,10/22/2018 14:06,0,207.255.1.98,100,44,1,10/22/2018 14:06,R_2uBVgW8RRmHpS33,,,,,40.52090454,-78.4088974,anonymous,EN,"1,2,4,6",2,,2,,4,,1,,3,,2,2,,2,,2,4,,2,,3,,3,,3,,2,,,,,,,,,,,,,,,,,,,,,,,,,,,,,,,,,,,,,,,,,,,,,,,,,,,,,,,,,,,,,,,,,,,,,,,,,,,,,,,,,,,,,,,,,,,,,,,,,,,,,,,,,,,,,,,,,,,,,,,,,,,,,,,,,,,,,,,,,,,,,,,,,,,,,,,,,,,,,,,,,,,,,,,,,,,,,,,,,,,,,,,,61595,"<span lang=""EN-GB"">Suppose you want to find a route to home while walking on a street with your close friends.<o:p></o:p></span>"
10/22/2018 14:06,10/22/2018 14:07,0,198.179.4.250,100,51,1,10/22/2018 14:07,R_3kjQETyvYPJZXOz,,,,,39.34460449,-76.67939758,anonymous,EN,2,,,,,,,,,,,,,,,,,,,,,,,,,,,,,,,,,,,,,,,,,,,,,,,,,,,,,,,,,,,,,,,,,,,,,,,,,,,,,,,,,,,,,,,,,,,,,,,,,,,,,,,,,,,,,,,,,,,,,,,,,,,,,,,,,,,,,,,,,,,,,,,,,,,,,,,,,,,,,,,,,,,,,,,,,,,,,,,,,,,,,,,,,,,,,,,,,,,,,,,,,,,,,,,,,,,90172,"<span lang=""EN-GB"" style=""font-size:11.0pt;line-height:115%;
font-family:&quot;Arial&quot;,sans-serif;mso-fareast-font-family:Arial;mso-ansi-language:
EN-GB;mso-fareast-language:EN-US;mso-bidi-language:AR-SA"">Suppose you want to a
send a text message when you are alone at Starbucks.</span>"
10/22/2018 14:05,10/22/2018 14:10,0,63.151.162.14,100,289,1,10/22/2018 14:10,R_1RpxOLfFcv5RzLH,,,,,31.48919678,-110.2153015,anonymous,EN,"1,2,3,4","2,5",,"1,3",,"1,2,3",,3,,1,,"2,3",1,,5,,2,4,,"1,2",,3,,1,,1,,4,,,,,,,,,,,,,,,,,,,,,,,,,,,,,,,,,,,,,,,,,,,,,,,,,,,,,,,,,,,,,,,,,,,,,,,,,,,,,,,,,,,,,,,,,,,,,,,,,,,,,,,,,,,,,,,,,,,,,,,,,,,,,,,,,,,,,,,,,,,,,,,,,,,,,,,,,,,,,,,,,,,,,,,,,,,,,,,,,,,,,,,,34837,"<span lang=""EN-GB"">Suppose you are at Starbucks with your close friends and you realize today is the last day to pay one of your bills online.<o:p></o:p></span>"
10/22/2018 14:02,10/22/2018 14:10,0,65.216.191.210,100,517,1,10/22/2018 14:10,R_2EtpcrN0biNJpGf,,,,,37.62809753,-77.33950043,anonymous,EN,"1,2,4,6",2,,5,,2,,3,,1,,1,1,,5,,1,3,,2,,7,,2,,1,,4,,"1,2",4,,5,,1,,1,,1,,1,2,,5,,5,,2,,3,,1,,3,,1,,4,,2,,1,,1,,1,,1,,4,1,,5,,5,,2,,3,,2,,7,,1,,4,,,,,,,,,,,,,,,,,,,,,,,,,,,,,,,,,,,,,,,,,,,,,,,,,,,,,,,,,,,,,,,,,,,,,,,,,,,,,,,,,,,,,,,,,,,,,,,,,,,,,,,,,,,,,,,,,,,,,,,,,,,,,19999,"<span lang=""EN-GB"">Suppose
     you are at a park and you realize today is the last day to pay one of your
     bills online.<o:p></o:p></span>"
10/22/2018 14:10,10/22/2018 14:11,0,158.130.173.167,100,33,1,10/22/2018 14:11,R_2tlKLdagoTFnsN5,,,,,39.95970154,-75.20240021,anonymous,EN,"1,2,3,4,5,6",4,,3,,"1,3",,1,,3,,1,1,,3,,2,3,,1,,2,,2,,3,,1,,,,,,,,,,,,,,,,,,,,,,,,,,,,,,,,,,,,,,,,,,,,,,,,,,,,,,,,,,,,,,,,,,,,,,,,,,,,,,,,,,,,,,,,,,,,,,,,,,,,,,,,,,,,,,,,,,,,,,,,,,,,,,,,,,,,,,,,,,,,,,,,,,,,,,,,,,,,,,,,,,,,,,,,,,,,,,,,,,,,,,,,51447,"<span lang=""EN-GB"">Suppose you want to read a digital document when you are at Starbucks with people you know (e.g., acquaintances, colleagues).<o:p></o:p></span>"
10/22/2018 14:11,10/22/2018 14:12,0,158.130.173.167,100,60,1,10/22/2018 14:12,R_2cqEucyVNGC7CbU,,,,,39.95970154,-75.20240021,anonymous,EN,"1,2,3,5,6",3,,1,,"2,3",,1,,"1,3,4",,1,2,,"1,3",,"1,3","3,4",,1,,"2,3",,5,,"1,2",,2,,,,,,,,,,,,,,,,,,,,,,,,,,,,,,,,,,,,,,,,,,,,,,,,,,,,,,,,,,,,,,,,,,,,,,,,,,,,,,,,,,,,,,,,,,,,,,,,,,,,,,,,,,,,,,,,,,,,,,,,,,,,,,,,,,,,,,,,,,,,,,,,,,,,,,,,,,,,,,,,,,,,,,,,,,,,,,,,,,,,,,,,98361,"Suppose you are alone at home, you want to take a break from studying/working&nbsp;<p>so you decide to play a video game with some with some people you know (e.g., acquaintances, colleagues).<o:p></o:p></p>"
10/22/2018 14:16,10/22/2018 14:17,0,71.206.234.61,100,92,1,10/22/2018 14:17,R_3HB2x3wVLYng3Ep,,,,,40.45979309,-79.82240295,anonymous,EN,"2,3,4,6","2,3,4,5",,"1,3",,1,,1,,1,,1,"2,3",,2,,"2,3","1,4",,3,,"1,3",,2,,5,,2,,,,,,,,,,,,,,,,,,,,,,,,,,,,,,,,,,,,,,,,,,,,,,,,,,,,,,,,,,,,,,,,,,,,,,,,,,,,,,,,,,,,,,,,,,,,,,,,,,,,,,,,,,,,,,,,,,,,,,,,,,,,,,,,,,,,,,,,,,,,,,,,,,,,,,,,,,,,,,,,,,,,,,,,,,,,,,,,,,,,,,,,59105,"<span lang=""EN-GB"">Suppose
     you want to a send a text message when you with people you know (e.g., acquaintances,
     colleagues) at a street<strong>.</strong><o:p></o:p></span>"
10/22/2018 14:11,10/22/2018 14:17,0,162.216.161.117,100,369,1,10/22/2018 14:17,R_3KIn415qD14kRSQ,,,,,18,-76.80000305,anonymous,EN,"1,2",,,,,,,,,,,,,,,,,,,,,,,,,,,,,,,,,,,,,,,,,,,,,,,,,,,,,,,,,,,,,,,,,,,,,,,,,,,,,,,,,,,,,,,,,,,,,,,,,,,,,,,,,,,,,,,,,,,,,,,,,,,,,,,,,,,,,,,,,,,,,,,,,,,,,,,,,,,,,,,,,,,,,,,,,,,,,,,,,,,,,,,,,,,,,,,,,,,,,,,,,,,,,,,,,,,18923,"<span lang=""EN-GB"">Suppose you want to a send an email when you are surrounded with people you are close to (e.g., friends, family members) at your home.<strong><o:p></o:p></strong></span>"
10/22/2018 14:17,10/22/2018 14:18,0,71.183.92.137,100,69,1,10/22/2018 14:18,R_3hFNwNqSnBtqEaf,,,,,40.78160095,-73.95110321,anonymous,EN,"2,4,6",1,,2,,3,,1,,4,,2,2,,3,,1,3,,2,,3,,1,,2,,"1,2",,,,,,,,,,,,,,,,,,,,,,,,,,,,,,,,,,,,,,,,,,,,,,,,,,,,,,,,,,,,,,,,,,,,,,,,,,,,,,,,,,,,,,,,,,,,,,,,,,,,,,,,,,,,,,,,,,,,,,,,,,,,,,,,,,,,,,,,,,,,,,,,,,,,,,,,,,,,,,,,,,,,,,,,,,,,,,,,,,,,,,,,6367,"<span lang=""EN-GB"">Suppose
     you want to listen to some audio when you are alone at Starbucks.<o:p></o:p></span>"
10/22/2018 14:15,10/22/2018 14:18,0,67.11.105.235,100,135,1,10/22/2018 14:18,R_33anCNzaHB009XF,,,,,29.7026062,-98.47589874,anonymous,EN,"1,2,3,4,5,6","1,2",,"2,3",,"1,2,3,4",,1,,1,,"1,2","1,2,3",,3,,4,1,,"2,3",,"1,2,3",,"2,3",,1,,1,,,,,,,,,,,,,,,,,,,,,,,,,,,,,,,,,,,,,,,,,,,,,,,,,,,,,,,,,,,,,,,,,,,,,,,,,,,,,,,,,,,,,,,,,,,,,,,,,,,,,,,,,,,,,,,,,,,,,,,,,,,,,,,,,,,,,,,,,,,,,,,,,,,,,,,,,,,,,,,,,,,,,,,,,,,,,,,,,,,,,,,,51894,"<span lang=""EN-GB"">Suppose
     you want to listen to some audio when you are at home with people you are
     close to (e.g., friends, family members).<strong><o:p></o:p></strong></span>"
10/22/2018 14:22,10/22/2018 14:22,0,192.132.44.54,100,33,1,10/22/2018 14:22,R_1i23fGaGTblum4z,,,,,32.74909973,-96.45980072,anonymous,EN,"1,3,4,5,6","3,4",,3,,3,,1,,"3,4",,"1,2","2,3",,3,,"2,3","3,4",,1,,"1,2",,2,,2,,2,,,,,,,,,,,,,,,,,,,,,,,,,,,,,,,,,,,,,,,,,,,,,,,,,,,,,,,,,,,,,,,,,,,,,,,,,,,,,,,,,,,,,,,,,,,,,,,,,,,,,,,,,,,,,,,,,,,,,,,,,,,,,,,,,,,,,,,,,,,,,,,,,,,,,,,,,,,,,,,,,,,,,,,,,,,,,,,,,,,,,,,,47007,"<span lang=""EN-GB"">Suppose
     you want to a view a text message when you with people you know (e.g.,
     acquaintances, colleagues) at a street<strong>.</strong><o:p></o:p></span>"
10/22/2018 14:21,10/22/2018 14:24,0,108.45.165.16,100,163,1,10/22/2018 14:24,R_1GVVxxdmj5v5kIp,,,,,38.88969421,-76.89250183,anonymous,EN,"1,2,3,4,5,6","1,2,3",,"1,3",,"2,3,4",,1,,6,,4,"2,3",,"1,2,3",,"2,3",6,,5,,7,,"1,2",,"1,2,3",,"1,2",,,,,,,,,,,,,,,,,,,,,,,,,,,,,,,,,,,,,,,,,,,,,,,,,,,,,,,,,,,,,,,,,,,,,,,,,,,,,,,,,,,,,,,,,,,,,,,,,,,,,,,,,,,,,,,,,,,,,,,,,,,,,,,,,,,,,,,,,,,,,,,,,,,,,,,,,,,,,,,,,,,,,,,,,,,,,,,,,,,,,,,,61063,"<span lang=""EN-GB"">Suppose you are on a short vacation and you want to take a picture in front&nbsp;</span>of an iconic monument when you are surrounded by many people."
10/22/2018 14:22,10/22/2018 14:25,0,173.88.210.211,100,192,1,10/22/2018 14:25,R_DVs33mUtY2LYeZj,,,,,40.79890442,-81.37840271,anonymous,EN,"1,2,4",4,,3,,6,,1,,2,,4,"2,3",,5,,3,6,,5,,"3,6",,"1,2",,3,,2,,,,,,,,,,,,,,,,,,,,,,,,,,,,,,,,,,,,,,,,,,,,,,,,,,,,,,,,,,,,,,,,,,,,,,,,,,,,,,,,,,,,,,,,,,,,,,,,,,,,,,,,,,,,,,,,,,,,,,,,,,,,,,,,,,,,,,,,,,,,,,,,,,,,,,,,,,,,,,,,,,,,,,,,,,,,,,,,,,,,,,,,12293,"<span lang=""EN-GB"">Suppose
     you want to a send an email when you are with a very close friend at a
     restaurant&nbsp;<o:p></o:p></span>"
10/22/2018 14:27,10/22/2018 14:29,0,107.184.168.185,100,145,1,10/22/2018 14:29,R_3GiWbf1a7b12f8a,,,,,33.67480469,-117.908905,anonymous,EN,"2,3,4","2,5",,5,,"1,3",,3,,1,,1,"1,2,3,4",What information is encrypted (in storage or transit) and what encryption standards are being used,"2,3",,1,3,,"1,2",,"1,3",,2,,1,,4,,,,,,,,,,,,,,,,,,,,,,,,,,,,,,,,,,,,,,,,,,,,,,,,,,,,,,,,,,,,,,,,,,,,,,,,,,,,,,,,,,,,,,,,,,,,,,,,,,,,,,,,,,,,,,,,,,,,,,,,,,,,,,,,,,,,,,,,,,,,,,,,,,,,,,,,,,,,,,,,,,,,,,,,,,,,,,,,,,,,,,,,17238,"<span lang=""EN-GB"">Suppose
     you want to a view a text message when you are surrounded by people you
     know (e.g., acquaintances, colleagues) at your home.<o:p></o:p></span>"
10/22/2018 14:28,10/22/2018 14:31,0,66.38.28.100,100,224,1,10/22/2018 14:31,R_2at3wlINJHqt0AF,,,,,36.69140625,-86.85849762,anonymous,EN,"2,3,4",4,,5,,"2,3",,3,,3,,"2,3","1,2,3",,3,,2,2,,2,,"1,3",,"1,2",,3,,"1,2",,,,,,,,,,,,,,,,,,,,,,,,,,,,,,,,,,,,,,,,,,,,,,,,,,,,,,,,,,,,,,,,,,,,,,,,,,,,,,,,,,,,,,,,,,,,,,,,,,,,,,,,,,,,,,,,,,,,,,,,,,,,,,,,,,,,,,,,,,,,,,,,,,,,,,,,,,,,,,,,,,,,,,,,,,,,,,,,,,,,,,,,45439,"<span lang=""EN-GB"">Suppose you want to listen to some audio when you are alone in a park.<o:p></o:p></span>"
10/22/2018 14:33,10/22/2018 14:33,0,184.187.250.77,100,24,1,10/22/2018 14:33,R_3iIPZzjq29WjS9M,,,,,36.02839661,-95.93060303,anonymous,EN,"2,3",,,,,,,,,,,,,,,,,,,,,,,,,,,,,,,,,,,,,,,,,,,,,,,,,,,,,,,,,,,,,,,,,,,,,,,,,,,,,,,,,,,,,,,,,,,,,,,,,,,,,,,,,,,,,,,,,,,,,,,,,,,,,,,,,,,,,,,,,,,,,,,,,,,,,,,,,,,,,,,,,,,,,,,,,,,,,,,,,,,,,,,,,,,,,,,,,,,,,,,,,,,,,,,,,,,99729,"<span lang=""EN-GB"">Suppose you want to a send a text message when you are alone at a street.<o:p></o:p></span>"
10/22/2018 14:36,10/22/2018 14:39,0,108.56.192.241,100,149,1,10/22/2018 14:39,R_2zAwpkQfabiqiuG,,,,,38.89349365,-77.25319672,anonymous,EN,"1,2,3,4,5,6","2,3",,"1,2,3",,"1,2,3",,1,,"1,2,3",,"2,3","1,2,3",,3,,"2,3","1,2,3,4",,"1,2",,"2,3",,"1,2,3",,"1,2,3",,1,,,,,,,,,,,,,,,,,,,,,,,,,,,,,,,,,,,,,,,,,,,,,,,,,,,,,,,,,,,,,,,,,,,,,,,,,,,,,,,,,,,,,,,,,,,,,,,,,,,,,,,,,,,,,,,,,,,,,,,,,,,,,,,,,,,,,,,,,,,,,,,,,,,,,,,,,,,,,,,,,,,,,,,,,,,,,,,,,,,,,,,,39649,"<span lang=""EN-GB"">Suppose you want to browse the internet when you are at home with people you know (e.g., acquaintances, colleagues).<o:p></o:p></span>"
10/22/2018 14:47,10/22/2018 14:50,0,165.219.245.62,100,192,1,10/22/2018 14:50,R_1FCG2DBS5SibNVL,,,,,43.04879761,-88.00150299,anonymous,EN,"1,2,3,4","1,2,3",,3,,"2,3",,"1,2",cell phone,1,,2,"1,2",,3,,2,"3,4",,"1,3",,"2,3",,"2,3",,"1,2",,2,,,,,,,,,,,,,,,,,,,,,,,,,,,,,,,,,,,,,,,,,,,,,,,,,,,,,,,,,,,,,,,,,,,,,,,,,,,,,,,,,,,,,,,,,,,,,,,,,,,,,,,,,,,,,,,,,,,,,,,,,,,,,,,,,,,,,,,,,,,,,,,,,,,,,,,,,,,,,,,,,,,,,,,,,,,,,,,,,,,,,,,,32809,"<span lang=""EN-GB"">Suppose
     you want to call your mother for sharing an important update about your
     life&nbsp; when you are alone at a park<o:p></o:p></span>"
10/22/2018 14:50,10/22/2018 14:51,0,165.219.245.62,100,19,1,10/22/2018 14:51,R_1mz3WrQs27MZT9m,,,,,43.04879761,-88.00150299,anonymous,EN,3,,,,,,,,,,,,,,,,,,,,,,,,,,,,,,,,,,,,,,,,,,,,,,,,,,,,,,,,,,,,,,,,,,,,,,,,,,,,,,,,,,,,,,,,,,,,,,,,,,,,,,,,,,,,,,,,,,,,,,,,,,,,,,,,,,,,,,,,,,,,,,,,,,,,,,,,,,,,,,,,,,,,,,,,,,,,,,,,,,,,,,,,,,,,,,,,,,,,,,,,,,,,,,,,,,,36909,"<span lang=""EN-GB"">Suppose you want to read a digital document when you are at a park.<o:p></o:p></span>"
10/22/2018 14:42,10/22/2018 14:55,0,73.19.182.253,100,786,1,10/22/2018 14:55,R_2uKX3PgB3hmNH3U,,,,,30.16549683,-85.71160126,anonymous,EN,"1,2,3,5,6","2,5",,1,,"1,2,3",,1,,1,,2,"1,2,3",,"1,2",,2,"1,2,3",,"1,2",,3,,"1,2",,"1,2,3",,4,,2,,,,,,,,,,,,,,,,,,,,,,,,,,,,,,2,,3,,"1,2,3",,1,,1,,4,"1,2",,"1,3",,"1,3",,3,,"2,3,4",,"1,2",,"3,4",,"1,2,3",,"1,2",,,,,,,,,,,,,,,,,,,,,,,,,,,,,,,,,,,,,,,,,,,,,,,,,,,,,,,,,,,,,,,,,,,,,,,,,,,,,,,,,,,,,,,,,,,,,,,,,,,,,,,,,,,,,,,,,,,,,,,,,,,,,38767,"<span lang=""EN-GB"">Suppose
     you want to a view a text message when you are surrounded by people you
     know (e.g., acquaintances, colleagues) at a restaurant.<o:p></o:p></span>"
10/22/2018 14:56,10/22/2018 14:58,0,204.186.88.114,100,109,1,10/22/2018 14:58,R_26lrF7RtAH3M3wY,,,,,41.47869873,-75.19779968,anonymous,EN,"2,3,4",1,,1,,1,,1,,"1,2",,3,"2,3",,3,,3,3,,"1,2",,"2,3",,1,,3,,1,,,,,,,,,,,,,,,,,,,,,,,,,,,,,,,,,,,,,,,,,,,,,,,,,,,,,,,,,,,,,,,,,,,,,,,,,,,,,,,,,,,,,,,,,,,,,,,,,,,,,,,,,,,,,,,,,,,,,,,,,,,,,,,,,,,,,,,,,,,,,,,,,,,,,,,,,,,,,,,,,,,,,,,,,,,,,,,,,,,,,,,,5113,"<span lang=""EN-GB"" style=""font-size:11.0pt;line-height:115%;
font-family:&quot;Arial&quot;,sans-serif;mso-fareast-font-family:Arial;mso-ansi-language:
EN-GB;mso-fareast-language:EN-US;mso-bidi-language:AR-SA"">Suppose you want to a
send an email when you are alone at home</span>"
10/22/2018 15:00,10/22/2018 15:00,0,64.107.3.126,100,29,1,10/22/2018 15:00,R_1ePEiPWEYctC9UJ,,,,,41.97189331,-87.66239929,anonymous,EN,2,,,,,,,,,,,,,,,,,,,,,,,,,,,,,,,,,,,,,,,,,,,,,,,,,,,,,,,,,,,,,,,,,,,,,,,,,,,,,,,,,,,,,,,,,,,,,,,,,,,,,,,,,,,,,,,,,,,,,,,,,,,,,,,,,,,,,,,,,,,,,,,,,,,,,,,,,,,,,,,,,,,,,,,,,,,,,,,,,,,,,,,,,,,,,,,,,,,,,,,,,,,,,,,,,,,22822,"<span lang=""EN-GB"">Suppose you want to call your mother for sharing an important
     update about your life when you are surrounded by people you know (e.g.,
     acquaintances, colleagues) at your home.<o:p></o:p></span>"
10/22/2018 15:06,10/22/2018 15:08,0,72.94.218.91,100,123,1,10/22/2018 15:08,R_1n6eGIijeq5P3g0,,,,,40.34660339,-75.93509674,anonymous,EN,"1,2,3,4,6","2,3",,"1,2",,"1,3",,1,,2,,3,"1,2,3",,"1,2",,3,2,,1,,7,,2,,"2,3",,"1,2",,,,,,,,,,,,,,,,,,,,,,,,,,,,,,,,,,,,,,,,,,,,,,,,,,,,,,,,,,,,,,,,,,,,,,,,,,,,,,,,,,,,,,,,,,,,,,,,,,,,,,,,,,,,,,,,,,,,,,,,,,,,,,,,,,,,,,,,,,,,,,,,,,,,,,,,,,,,,,,,,,,,,,,,,,,,,,,,,,,,,,,,71626,"<span lang=""EN-GB"">Suppose you have planned to meet a friend next week and you want to put this on your calendar when you are alone at a park<o:p></o:p></span>"
10/22/2018 14:59,10/22/2018 15:11,0,100.35.97.44,100,716,1,10/22/2018 15:11,R_3p4iBXpfNEErZMC,,,,,40.74450684,-74.15080261,anonymous,EN,"1,2,3,4,5,6",2,,5,,3,,1,,1,,3,3,,5,,3,3,,"1,2",,"1,2,3",,"1,2",,1,,4,,4,,,,,,,,,,,,,,,,,,,,,,,,,,,,,,,,,,,,,,,,,,,,,,,,,,,,,,,,,,,,,,,,,,,,,,,,,,,,,,,,,,,,,,,,2,,5,,2,,3,,1,,4,5,,5,,5,,6,,"2,3",,2,,"2,3",,5,,4,,,,,,,,,,,,,,,,,,,,,,,,,,,,,,,,,,,,,,,,,,,,,,,,,,,,,,,,,,,,male,21,student,3,3,,3,75897,"<span lang=""EN-GB"">Suppose you are at sitting at Starbucks and you want to play a digital/online&nbsp;</span>game."
10/22/2018 15:08,10/22/2018 15:12,0,72.94.218.91,100,200,1,10/22/2018 15:12,R_12MySLOYKiI1Ymo,,,,,40.34660339,-75.93509674,anonymous,EN,"1,2,3,4","2,3",,"1,2,3",,"2,3,4",,3,,"2,3",,3,"2,3",,3,,"2,3","3,4",,2,,"2,3",,2,,2,,"1,2",,,,,,,,,,,,,,,,,,,,,,,,,,,,,,,,,,,,,,,,,,,,,,,,,,,,,,,,,,,,,,,,,,,,,,,,,,,,,,,,,,,,,,,,,,,,,,,,,,,,,,,,,,,,,,,,,,,,,,,,,,,,,,,,,,,,,,,,,,,,,,,,,,,,,,,,,,,,,,,,,,,,,,,,,,,,,,,,,,,,,,,,16263,"<span lang=""EN-GB"">Suppose you want to take a click a photo when you with </span><span lang=""EN-GB"">some people you know (e.g.,
     acquaintances, colleagues)</span><span lang=""EN-GB""> at home<o:p></o:p></span>"
10/22/2018 15:16,10/22/2018 15:16,0,73.110.42.5,100,28,1,10/22/2018 15:16,R_3gNJf779VzdwrY6,,,,,41.8927002,-87.94100189,anonymous,EN,1,,,,,,,,,,,,,,,,,,,,,,,,,,,,,,,,,,,,,,,,,,,,,,,,,,,,,,,,,,,,,,,,,,,,,,,,,,,,,,,,,,,,,,,,,,,,,,,,,,,,,,,,,,,,,,,,,,,,,,,,,,,,,,,,,,,,,,,,,,,,,,,,,,,,,,,,,,,,,,,,,,,,,,,,,,,,,,,,,,,,,,,,,,,,,,,,,,,,,,,,,,,,,,,,,,,68439,"<span lang=""EN-GB"">Suppose you want to find a route to a coffee shop when you are
     at home </span><span lang=""EN-GB"">with
     people you are close to (e.g., friends, family members)</span><strong><span lang=""EN-GB""><o:p></o:p></span></strong>"
10/22/2018 15:16,10/22/2018 15:17,0,73.110.42.5,100,68,1,10/22/2018 15:17,R_2aLldHs4Dr04XBx,,,,,41.8927002,-87.94100189,anonymous,EN,"1,2,3,4,5,6","1,3",,"2,3",,"2,4",,1,,"1,4",,"1,2",1,,"2,3",,"2,3","1,2,3",,"2,3",,"1,2",,3,,"2,3",,2,,,,,,,,,,,,,,,,,,,,,,,,,,,,,,,,,,,,,,,,,,,,,,,,,,,,,,,,,,,,,,,,,,,,,,,,,,,,,,,,,,,,,,,,,,,,,,,,,,,,,,,,,,,,,,,,,,,,,,,,,,,,,,,,,,,,,,,,,,,,,,,,,,,,,,,,,,,,,,,,,,,,,,,,,,,,,,,,,,,,,,,,54862,"<span lang=""EN-GB"">Suppose you are at sitting at Starbucks and you want to play a digital/online&nbsp;</span>game with some close friends."
10/22/2018 15:18,10/22/2018 15:18,0,99.26.145.157,100,14,1,10/22/2018 15:18,R_1SIRpanxdfksLi9,,,,,33.9058075,-117.786499,anonymous,EN,"2,3",,,,,,,,,,,,,,,,,,,,,,,,,,,,,,,,,,,,,,,,,,,,,,,,,,,,,,,,,,,,,,,,,,,,,,,,,,,,,,,,,,,,,,,,,,,,,,,,,,,,,,,,,,,,,,,,,,,,,,,,,,,,,,,,,,,,,,,,,,,,,,,,,,,,,,,,,,,,,,,,,,,,,,,,,,,,,,,,,,,,,,,,,,,,,,,,,,,,,,,,,,,,,,,,,,,30104,"<span lang=""EN-GB"">Suppose
     you want to set up a reminder about something when you are at Starbucks by
     yourself.<o:p></o:p></span>"
10/22/2018 15:16,10/22/2018 15:26,0,73.134.143.181,100,608,1,10/22/2018 15:26,R_3jcvHMbYbh6NqgE,,,,,39.34460449,-76.67939758,anonymous,EN,"1,2,4",4,,5,,1,,3,,1,,3,5,,5,,3,2,,2,,3,,2,,"1,3",,1,,1,4,,1,,1,,3,,1,,3,5,,2,,5,,1,,3,,2,,3,,"1,3",,1,,,,,,,,,,,,,,,,,,,,,,,,,,,,,,,,,,,,,,,,,,,,,,,,,,,,,,,,,,,,,,,,,,,,,,,,,,,,,,,,,,,,,,,,,,,,,,,,,,,,,,,,,,,,,,,,,,,,,,,,,,,,,,,,,,,,,,,,,,,,,,,,,,,,,,,,,,33661,"<span lang=""EN-GB"">Suppose
     you want to watch some video when you are with your close friends in a
     park.<o:p></o:p></span>"
10/22/2018 15:17,10/22/2018 15:29,0,173.27.16.41,100,721,1,10/22/2018 15:29,R_3mlztASRt1i4XuN,,,,,41.55090332,-90.49420166,anonymous,EN,"1,2,3,4,5,6",4,,1,,2,,1,,1,,3,"1,2",,1,,3,"1,2",,"1,2",,2,,2,,2,,2,,,,,,,,,,,,,,,,,,,,,,,,,,,,,,,,,,,,,,,,,,,,,,,,,,,,,,,,,,,,,,,,,,,,,,,,,,,,,,,,,,,,,,,,,,,,,,,,,,,,,,,,,,,,,,,,,,,,,,,,,,,,,,,,,,,,,,,,,,,,,,,,,,,,,,,,,,,,,,,,,,,,,,,,,,,,,,,,,,,,,,,,57260,"<span lang=""EN-GB"">Suppose you have planned to meet a friend next week and you want to put this on your calendar when you are surrounded by people you know (e.g., acquaintances, colleagues) at a restaurant.<o:p></o:p></span>"
10/22/2018 15:29,10/22/2018 15:30,0,184.21.23.11,100,17,1,10/22/2018 15:30,R_1dpqCXkD4IA2DGO,,,,,39.52960205,-107.3252029,anonymous,EN,1,,,,,,,,,,,,,,,,,,,,,,,,,,,,,,,,,,,,,,,,,,,,,,,,,,,,,,,,,,,,,,,,,,,,,,,,,,,,,,,,,,,,,,,,,,,,,,,,,,,,,,,,,,,,,,,,,,,,,,,,,,,,,,,,,,,,,,,,,,,,,,,,,,,,,,,,,,,,,,,,,,,,,,,,,,,,,,,,,,,,,,,,,,,,,,,,,,,,,,,,,,,,,,,,,,,44052,"<span lang=""EN-GB"">Suppose you are alone at home when you realize today is the last day to pay one of your bills online.<o:p></o:p></span>"
10/22/2018 15:28,10/22/2018 15:31,0,74.252.18.2,100,162,1,10/22/2018 15:31,R_R83gwwTOcIG4gO5,,,,,33.35380554,-86.82540131,anonymous,EN,"1,2,3","2,5",,1,,"1,2,3",,1,,1,,2,"1,3",,"1,2",,"1,2","1,2",,2,,3,,2,,1,,2,,,,,,,,,,,,,,,,,,,,,,,,,,,,,,,,,,,,,,,,,,,,,,,,,,,,,,,,,,,,,,,,,,,,,,,,,,,,,,,,,,,,,,,,,,,,,,,,,,,,,,,,,,,,,,,,,,,,,,,,,,,,,,,,,,,,,,,,,,,,,,,,,,,,,,,,,,,,,,,,,,,,,,,,,,,,,,,,,,,,,,,,79013,"<span lang=""EN-GB"">Suppose you are at sitting in a park and you want to play a digital/online game.<o:p></o:p></span>"
10/22/2018 15:33,10/22/2018 15:33,0,99.13.56.210,100,18,1,10/22/2018 15:33,R_2BwYGCGkeDs4NxV,,,,,32.91229248,-117.089798,anonymous,EN,"1,2",,,,,,,,,,,,,,,,,,,,,,,,,,,,,,,,,,,,,,,,,,,,,,,,,,,,,,,,,,,,,,,,,,,,,,,,,,,,,,,,,,,,,,,,,,,,,,,,,,,,,,,,,,,,,,,,,,,,,,,,,,,,,,,,,,,,,,,,,,,,,,,,,,,,,,,,,,,,,,,,,,,,,,,,,,,,,,,,,,,,,,,,,,,,,,,,,,,,,,,,,,,,,,,,,,,90878,"<span lang=""EN-GB"">Suppose it is a regular working day, you want to track the total amount of calories&nbsp;</span>you consume and burn off during the day.&nbsp;"
10/22/2018 15:32,10/22/2018 15:34,0,66.30.128.100,100,121,1,10/22/2018 15:34,R_3EVWs1GZ0Gq2iFR,,,,,41.97749329,-71.32980347,anonymous,EN,"1,2,4,5,6",2,,1,,1,,1,,1,,"1,2","1,2,3",,2,,1,1,,"1,2,3",,"1,2,3,4",,1,,1,,1,,,,,,,,,,,,,,,,,,,,,,,,,,,,,,,,,,,,,,,,,,,,,,,,,,,,,,,,,,,,,,,,,,,,,,,,,,,,,,,,,,,,,,,,,,,,,,,,,,,,,,,,,,,,,,,,,,,,,,,,,,,,,,,,,,,,,,,,,,,,,,,,,,,,,,,,,,,,,,,,,,,,,,,,,,,,,,,,,,,,,,,,75169,"<span lang=""EN-GB"">Suppose
     you want to watch&nbsp; some video when
     you are with people you know (e.g., acquaintances, colleagues) at
     Starbucks<o:p></o:p></span>"
10/22/2018 15:41,10/22/2018 15:41,0,66.24.174.223,100,12,1,10/22/2018 15:41,R_3e44NgfS6RrpDfk,,,,,42.11509705,-75.93090057,anonymous,EN,"1,2",,,,,,,,,,,,,,,,,,,,,,,,,,,,,,,,,,,,,,,,,,,,,,,,,,,,,,,,,,,,,,,,,,,,,,,,,,,,,,,,,,,,,,,,,,,,,,,,,,,,,,,,,,,,,,,,,,,,,,,,,,,,,,,,,,,,,,,,,,,,,,,,,,,,,,,,,,,,,,,,,,,,,,,,,,,,,,,,,,,,,,,,,,,,,,,,,,,,,,,,,,,,,,,,,,,92117,"<span lang=""EN-GB"">Suppose
     you want to set up a reminder about something when you are with people you
     know (e.g., acquaintances, colleagues) at Starbucks.<o:p></o:p></span>"
10/22/2018 15:33,10/22/2018 15:42,0,24.95.184.162,100,554,1,10/22/2018 15:42,R_12Mu4Ysr6hOmqv1,,,,,38.51879883,-82.72119904,anonymous,EN,"2,3,4,6","1,2,3",,1,,"1,3",,1,,1,,3,"1,2,3",,1,,3,"1,2,3,4",,"1,2",,3,,"1,3",,"1,2",,1,,,,,,,,,,,,,,,,,,,,,,,,,,,,,,,,,,,,,,,,,,,,,,,,,,,,,,,,,,,,,,,,,,,,,,,,,,,,,,,,,,,,,,,,,,,,,,,,,,,,,,,,,,,,,,,,,,,,,,,,,,,,,,,,,,,,,,,,,,,,,,,,,,,,,,,,,,,,,,,,,,,,,,,,,,,,,,,,,,,,,,,,1802,"<span lang=""EN-GB"">Suppose
     you want to a view a text message when you are with a very close friend at
     a restaurant&nbsp;<o:p></o:p></span>"
10/22/2018 15:29,10/22/2018 15:42,0,207.189.30.238,100,788,1,10/22/2018 15:42,R_3PmYVQbnSlPolEk,,,,,39.74909973,-104.9945984,anonymous,EN,"1,2,5",2,,3,,"2,3",,1,,1,,2,"2,3",,2,,2,"1,2",,2,,2,,2,,5,,2,,"1,2",2,,3,,1,,1,,2,,2,2,,2,,2,,2,,2,,2,,2,,2,,2,,2,,3,,1,,1,,3,,2,2,,2,,2,,2,,2,,2,,2,,2,,2,,,,,,,,,,,,,,,,,,,,,,,,,,,,,,,,,,,,,,,,,,,,,,,,,,,,,,,,,,,,,,,,,,,,,,,,,,,,,,,,,,,,,,,,,,,,,,,,,,,,,,,,,,,,,,,,,,,,,,famele,37,teacher,6,1,,8,96801,"<span lang=""EN-GB"">Suppose
     you want to listen to some audio when you are with people you know (e.g.,
     acquaintances, colleagues) in a park.<o:p></o:p></span>


<p><span lang=""EN-GB"" style=""color:red"">&nbsp;</span></p>"
10/22/2018 15:41,10/22/2018 15:45,0,38.77.0.126,100,288,1,10/22/2018 15:46,R_xFxMGgCFbpO2cNz,,,,,44.98249817,-74.66259766,anonymous,EN,"1,2,3,4","2,5",,1,,"1,2,3",,3,,1,,4,"1,2,3",,5,,1,6,,1,,"3,6",,1,,1,,4,,,,,,,,,,,,,,,,,,,,,,,,,,,,,,,,,,,,,,,,,,,,,,,,,,,,,,,,,,,,,,,,,,,,,,,,,,,,,,,,,,,,,,,,,,,,,,,,,,,,,,,,,,,,,,,,,,,,,,,,,,,,,,,,,,,,,,,,,,,,,,,,,,,,,,,,,,,,,,,,,,,,,,,,,,,,,,,,,,,,,,,,62914,"<span lang=""EN-GB"">Suppose
     you want to watch some video when you are with people you know (e.g.,
     acquaintances, colleagues) in a park.<o:p></o:p></span>"
10/22/2018 15:50,10/22/2018 15:53,0,130.132.173.148,100,168,1,10/22/2018 15:53,R_1hA3kVzy4wyesXb,,,,,41.31840515,-72.93180084,anonymous,EN,"1,2,3","2,4,5",,1,,1,,1,,1,,4,3,,5,,1,6,,2,,3,,2,,1,,2,,,,,,,,,,,,,,,,,,,,,,,,,,,,,,,,,,,,,,,,,,,,,,,,,,,,,,,,,,,,,,,,,,,,,,,,,,,,,,,,,,,,,,,,,,,,,,,,,,,,,,,,,,,,,,,,,,,,,,,,,,,,,,,,,,,,,,,,,,,,,,,,,,,,,,,,,,,,,,,,,,,,,,,,,,,,,,,,,,,,,,,,69439,"<span lang=""EN-GB"">Suppose
     you want to listen to some audio when you are with people you know (e.g.,
     acquaintances, colleagues) at your home.<o:p></o:p></span>"
10/22/2018 15:42,10/22/2018 15:56,0,24.95.184.162,100,819,1,10/22/2018 15:56,R_214EB430F0m9Ycj,,,,,38.51879883,-82.72119904,anonymous,EN,"1,2,3,4",2,,1,,1,,3,,1,,3,2,,1,,3,3,,2,,3,,2,,1,,2,,"2,3,4",,,,,,,,,,,,,,,,,,,,,,,,,,,,,,5,,1,,3,,1,,1,,3,3,,1,,1,,3,,3,,1,,4,,1,,2,,2,,3,,3,,3,,1,,3,3,,1,,3,,3,,4,,2,,4,,2,,1,,5,,5,,2,,1,,1,,2,3,,3,,3,,3,,3,,1,,3,,1,,2,,,,,,,,,,,,,,,,,,,,,,,,,,,,,,,,,,,,,,,,,,,,,,,,,,,,,,,,,,,,,,,,,,,36272,"<span lang=""EN-GB"">Suppose
     you want to purchase something (e.g., book, household items) online when
     you are with your close friends at a park.<o:p></o:p></span>"
10/22/2018 15:58,10/22/2018 15:59,0,24.193.236.235,100,73,1,10/22/2018 15:59,R_3Oe6sE6touWcNG1,,,,,40.70289612,-73.81109619,anonymous,EN,"1,2,3,4",4,,2,,1,,1,,1,,2,2,,1,,"1,2","3,4",,2,,6,,"1,2",,5,,2,,,,,,,,,,,,,,,,,,,,,,,,,,,,,,,,,,,,,,,,,,,,,,,,,,,,,,,,,,,,,,,,,,,,,,,,,,,,,,,,,,,,,,,,,,,,,,,,,,,,,,,,,,,,,,,,,,,,,,,,,,,,,,,,,,,,,,,,,,,,,,,,,,,,,,,,,,,,,,,,,,,,,,,,,,,,,,,,,,,,,,,,36349,
10/22/2018 15:58,10/22/2018 16:01,0,208.54.44.248,100,138,1,10/22/2018 16:01,R_pct60uEhvUwgZQl,,,,,35.22709656,-80.8431015,anonymous,EN,"2,3,4","2,5",,"2,3",,2,,1,,1,,"2,3",3,,"1,2",,3,"1,4",,2,,"1,4",,"2,3",,"2,3",,2,,,,,,,,,,,,,,,,,,,,,,,,,,,,,,,,,,,,,,,,,,,,,,,,,,,,,,,,,,,,,,,,,,,,,,,,,,,,,,,,,,,,,,,,,,,,,,,,,,,,,,,,,,,,,,,,,,,,,,,,,,,,,,,,,,,,,,,,,,,,,,,,,,,,,,,,,,,,,,,,,,,,,,,,,,,,,,,,,,,,,,,,90267,"<span lang=""EN-GB"">Suppose
     you want to set up a reminder when you are with people you know (e.g.,
     acquaintances, colleagues) at your home.<o:p></o:p></span>"
10/22/2018 16:17,10/22/2018 16:17,0,67.171.186.22,100,5,1,10/22/2018 16:17,R_bd8GqnClIawcLw5,,,,,45.51420593,-122.6363983,anonymous,EN,3,,,,,,,,,,,,,,,,,,,,,,,,,,,,,,,,,,,,,,,,,,,,,,,,,,,,,,,,,,,,,,,,,,,,,,,,,,,,,,,,,,,,,,,,,,,,,,,,,,,,,,,,,,,,,,,,,,,,,,,,,,,,,,,,,,,,,,,,,,,,,,,,,,,,,,,,,,,,,,,,,,,,,,,,,,,,,,,,,,,,,,,,,,,,,,,,,,,,,,,,,,,,,,,,,,,27500,"<span lang=""EN-GB"">Suppose
     you are at home with some people you know (e.g., acquaintances,
     colleagues) when you realize today is the last day to pay one of your
     bills online.<o:p></o:p></span>"
10/22/2018 15:12,10/22/2018 16:18,0,100.35.97.44,100,3962,1,10/22/2018 16:18,R_2v6NIJIYAmXIhsQ,,,,,40.74450684,-74.15080261,anonymous,EN,"1,2,3,4,5,6","2,5",,5,,"1,2,3",,3,,1,,3,5,,2,,3,"1,2,3",,"1,2",,3,,"1,2",,1,,4,,"1,2,3,4,5,6",5,,5,,3,,3,,1,,3,3,,5,,5,,3,,3,,"1,2",,3,,3,,"1,2",,"2,5",,1,,"2,3",,1,,1,,3,5,,2,,2,,3,,3,,2,,3,,5,,4,,"2,5",,3,,3,,1,,6,,1,3,,2,,2,,3,,"3,4",,2,,"3,4",,5,,4,,"2,3,5",,5,,3,,1,,1,,3,5,,5,,5,,3,,3,,2,,3,,3,,"1,2",,1,,5,,4,,1,,3,,2,3,,2,,2,,4,,"2,4",,3,,"2,4",,5,,4,,"2,5",,5,,"2,3",,1,,1,,1,5,,5,,5,,3,,"3,4",,2,,"3,4",,"1,3",,4,,male,21,student,3,3,,3,32178,"<span lang=""EN-GB"">Suppose you want to a send an email when you are walking with a very close friend on a street.&nbsp;<o:p></o:p></span>"
10/22/2018 16:18,10/22/2018 16:21,0,100.35.97.44,100,207,1,10/22/2018 16:21,R_3gNjaFg7NPM7BEW,,,,,40.74450684,-74.15080261,anonymous,EN,"1,2,4,5,6",2,,5,,3,,1,,1,,3,"1,2,3",,2,,3,"1,3",,"1,2",,3,,"1,2",,3,,2,,4,,,,,,,,,,,,,,,,,,,,,,,,,,,,,,,,,,,,,,,,,,,,,,,,,,,,,,,,,,,,,,,,,,,,,,,,,,,,,,,,,,,,,,,,"2,5",,1,,"1,2,3",,1,,1,,3,2,,5,,5,,"1,3",,3,,"1,2",,3,,3,,"1,2",,,,,,,,,,,,,,,,,,,,,,,,,,,,,,,,,,,,,,,,,,,,,,,,,,,,,,,,,,,,male,21,student,3,5,,2,51876,"<span lang=""EN-GB"">Suppose
     you are at a park with your close friends and you realize today is the
     last day to pay one of your bills online.<o:p></o:p></span>"
10/22/2018 16:21,10/22/2018 16:25,0,100.35.97.44,100,247,1,10/22/2018 16:25,R_2uyMbwiGDvTFNL5,,,,,40.74450684,-74.15080261,anonymous,EN,"1,2,3,4,5,6","2,5",,3,,"1,2,3",,1,,1,,4,3,,2,,4,"1,2,3",,2,,3,,2,,3,,4,,1,"2,4",,1,,"1,3",,3,,1,,3,"1,2,3",,5,,5,,3,,3,,"1,2",,3,,"1,3",,"1,2",,,,,,,,,,,,,,,,,,,,,,,,,,,,,,,,,,,,,,,,,,,,,,,,,,,,,,,,,,,,,,,,,,,,,,,,,,,,,,,,,,,,,,,,,,,,,,,,,,,,,,,,,,,,,,,,,,,,,,,,,,,,,,,,,,,,,,,,,,,,,,,,,,,female,21,student,4,1,,3,38207,"<span lang=""EN-GB"">Suppose
     you are at starbucks and you realize today is the last day to pay one of
     your bills online.<o:p></o:p></span>"
10/22/2018 16:25,10/22/2018 16:29,0,100.35.97.44,100,186,1,10/22/2018 16:29,R_10CUyltehfn2tku,,,,,40.74450684,-74.15080261,anonymous,EN,"1,2,3,4,5,6",2,,5,,3,,1,,2,,1,2,,5,,1,3,,"1,2",,"1,3",,"1,2",,"1,3",,"1,2",,4,,,,,,,,,,,,,,,,,,,,,,,,,,,,,,,,,,,,,,,,,,,,,,,,,,,,,,,,,,,,,,,,,,,,,,,,,,,,,,,,,,,,,,,,2,,5,,"2,3",,1,,1,,3,"1,2,3",,5,,5,,"1,3",,3,,2,,3,,"1,3",,"1,2",,,,,,,,,,,,,,,,,,,,,,,,,,,,,,,,,,,,,,,,,,,,,,,,,,,,,,,,,,,,female,21,student,3,2,,3,41237,"<span lang=""EN-GB"">Suppose
     you want to take a click a photo when you are with people you are close to
     (e.g., friends, family members) at home<o:p></o:p></span>"
10/22/2018 16:30,10/22/2018 16:33,0,100.35.97.44,100,197,1,10/22/2018 16:33,R_Bsotv6T9IEKwUJX,,,,,40.74450684,-74.15080261,anonymous,EN,"1,2,3,4,5,6",2,,5,,"1,2,3",,1,,1,,1,5,,5,,1,3,,"1,2",,"1,2,4",,"1,2",,5,,4,,6,,,,,,,,,,,,,,,,,,,,,,,,,,,,,,,,,,,,,,,,,,,,,,,,,,,,,,,,,,,,,,,,,,,,,,,,,,,,,,,,,,,,,,,,,,,,,,,,,,,,,,,,,,,,,,,,,,,,,,,,,,,,,,,,,,,,,,,,,,,,,,,,,,2,,5,,3,,1,,1,,1,5,,5,,5,,3,,"1,2,4",,"1,2",,"1,2,4",,"1,3",,4,,female,27,home maker,3,2,,4,11251,"<span lang=""EN-GB"">Suppose you want to a view a text message when you are alone at a street.<o:p></o:p></span>"
10/22/2018 16:32,10/22/2018 16:36,0,71.33.218.252,100,236,1,10/22/2018 16:36,R_bNoo9DXIyG9IQxz,,,,,39.78779602,-104.8287964,anonymous,EN,"1,2,4","1,2",,2,,"1,2,3,4",,1,,2,,1,1,,"1,2",,1,"1,2",,5,,1,,5,,1,,1,,2,,,,,,,,,,,,,,,,,,,,,,,,,,,,,,"1,2,5",,2,,1,,1,,2,,1,"1,2",,2,,1,,2,,1,,1,,"1,3",,"1,2",,2,,,,,,,,,,,,,,,,,,,,,,,,,,,,,,,,,,,,,,,,,,,,,,,,,,,,,,,,,,,,,,,,,,,,,,,,,,,,,,,,,,,,,,,,,,,,,,,,,,,,,,,,,,,,,,,,,,,,,,,,,,,,,27263,"<span lang=""EN-GB"">Suppose
     you want to purchase something online when you are with your close friends
     at Starbucks.<o:p></o:p></span>"
10/22/2018 16:33,10/22/2018 16:37,0,100.35.97.44,100,228,1,10/22/2018 16:37,R_3hmc57eNCkOEdqF,,,,,40.74450684,-74.15080261,anonymous,EN,"1,2,3,4,6",2,,5,,3,,1,,1,,1,5,,5,,1,"1,3",,"1,2",,"1,2",,"1,2",,3,,"1,2",,2,,,,,,,,,,,,,,,,,,,,,,,,,,,,,,2,,5,,"1,2,3",,1,,1,,3,"2,3",,5,,5,,"1,3",,"1,2,3",,"1,2",,"1,2,3",,"2,3",,"1,2",,,,,,,,,,,,,,,,,,,,,,,,,,,,,,,,,,,,,,,,,,,,,,,,,,,,,,,,,,,,,,,,,,,,,,,,,,,,,,,,,,,,,,,,,,,,,,,,,,,,,,,,,,,,,,,,,,,,,,female,23,student,4,1,,3,44260,"<span lang=""EN-GB"">Suppose you want to take a click a photo when you are with your close friends&nbsp;</span>and family members at Starbucks"
10/22/2018 16:39,10/22/2018 16:40,0,99.127.82.244,100,16,1,10/22/2018 16:40,R_1JF5DT9f6wVXUEA,,,,,28.58030701,-81.43959808,anonymous,EN,"1,2",,,,,,,,,,,,,,,,,,,,,,,,,,,,,,,,,,,,,,,,,,,,,,,,,,,,,,,,,,,,,,,,,,,,,,,,,,,,,,,,,,,,,,,,,,,,,,,,,,,,,,,,,,,,,,,,,,,,,,,,,,,,,,,,,,,,,,,,,,,,,,,,,,,,,,,,,,,,,,,,,,,,,,,,,,,,,,,,,,,,,,,,,,,,,,,,,,,,,,,,,,,,,,,,,,,90429,"<span lang=""EN-GB"">Suppose
     you want to listen to some audio when you are with your close friends in a
     park.<o:p></o:p></span>"
10/15/2018 16:40,10/15/2018 16:40,0,67.181.174.153,1,5,0,10/22/2018 16:40,R_2tA4O9NA5Gjwjgg,,,,,,,anonymous,EN,,,,,,,,,,,,,,,,,,,,,,,,,,,,,,,,,,,,,,,,,,,,,,,,,,,,,,,,,,,,,,,,,,,,,,,,,,,,,,,,,,,,,,,,,,,,,,,,,,,,,,,,,,,,,,,,,,,,,,,,,,,,,,,,,,,,,,,,,,,,,,,,,,,,,,,,,,,,,,,,,,,,,,,,,,,,,,,,,,,,,,,,,,,,,,,,,,,,,,,,,,,,,,,,,,,,50659,"<span lang=""EN-GB"">Suppose
     you want to a send an email when you are walking on a street.<o:p></o:p></span>"
10/15/2018 16:39,10/15/2018 16:42,0,73.189.147.24,78,168,0,10/22/2018 16:42,R_1nYZ98JHo2hTWMY,,,,,,,anonymous,EN,"1,2,3",,,,,,,,,,,,,,,,,,,,,,,,,,,,,,,,,,,,,,,,,,,,,,,,,,,,,,,,,,,,,,,,,,,,,,,,,,,,,,,,,,,,,,,,,,,,,,,,,,,,,,,,,,,,,,,,,,,,,,,,,,,,,,,,,,,,,,,,,,,,,,,,,,,,,,,,,,,,,,,,,,,,,,,,,,,,,,,,,,,,,,,,,,,,,,,,,,,,,,,,,,,,,,,,,,,81763,"<span lang=""EN-GB"">Suppose you want to call your mother for sharing an important
     update about your life when you are surrounded by people you know (e.g.,
     acquaintances, colleagues) at your home.<o:p></o:p></span>"
10/22/2018 16:44,10/22/2018 16:46,0,73.165.138.243,100,139,1,10/22/2018 16:46,R_24bIPoFyhmUq6K9,,,,,39.73590088,-75.66470337,anonymous,EN,"1,2,5",2,,1,,1,,1,,1,,3,2,,5,,2,6,,5,,7,,5,,5,,4,,,,,,,,,,,,,,,,,,,,,,,,,,,,,,,,,,,,,,,,,,,,,,,,,,,,,,,,,,,,,,,,,,,,,,,,,,,,,,,,,,,,,,,,,,,,,,,,,,,,,,,,,,,,,,,,,,,,,,,,,,,,,,,,,,,,,,,,,,,,,,,,,,,,,,,,,,,,,,,,,,,,,,,,,,,,,,,,,,,,,,,,2210,"<span lang=""EN-GB"">Suppose you want to browse the internet when you are with your close friends at a park.<o:p></o:p></span>"
10/15/2018 16:50,10/15/2018 16:51,0,49.205.103.121,78,104,0,10/22/2018 16:52,R_2rx9Djcq47YSWeq,,,,,,,anonymous,EN,"1,2,3,4,5,6",,,,,,,,,,,,,,,,,,,,,,,,,,,,,,,,,,,,,,,,,,,,,,,,,,,,,,,,,,,,,,,,,,,,,,,,,,,,,,,,,,,,,,,,,,,,,,,,,,,,,,,,,,,,,,,,,,,,,,,,,,,,,,,,,,,,,,,,,,,,,,,,,,,,,,,,,,,,,,,,,,,,,,,,,,,,,,,,,,,,,,,,,,,,,,,,,,,,,,,,,,,,,,,,,,,32359,"<span lang=""EN-GB"">Suppose
     you want to purchase something online when you are alone at a park.<o:p></o:p></span>"
10/22/2018 16:54,10/22/2018 16:57,0,74.87.142.90,100,177,1,10/22/2018 16:57,R_1mwQLAJKMCD4ndF,,,,,46.73519897,-117.1728973,anonymous,EN,"1,2,4,5",2,,1,,1,,3,,1,,3,"1,2,3",,2,,2,4,,"1,2",,3,,3,,"1,2",,2,,,,,,,,,,,,,,,,,,,,,,,,,,,,,,,,,,,,,,,,,,,,,,,,,,,,,,,,,,,,,,,,,,,,,,,,,,,,,,,,,,,,,,,,,,,,,,,,,,,,,,,,,,,,,,,,,,,,,,,,,,,,,,,,,,,,,,,,,,,,,,,,,,,,,,,,,,,,,,,,,,,,,,,,,,,,,,,,,,,,,,,,97253,"<span lang=""EN-GB"">Suppose
     you want to watch some video when you are with people you know (e.g.,
     acquaintances, colleagues) at your home.<o:p></o:p></span>"
10/22/2018 16:49,10/22/2018 17:01,0,99.114.171.230,100,696,1,10/22/2018 17:01,R_1NxBOdUUWGSP73Y,,,,,28.75770569,-81.35079956,anonymous,EN,"2,3,4","2,5",,1,,"1,2",,3,,1,,1,"1,2",,"2,3",,2,"1,2",,2,,3,,2,,3,,4,,,,,,,,,,,,,,,,,,,,,,,,,,,,,,,,,,,,,,,,,,,,,,,,,,,,,,,,,,,,,,,,,,,,,,,,,,,,,,,,,,,,,,,,,,,,,,,,,,,,,,,,,,,,,,,,,,,,,,,,,,,,,,,,,,,,,,,,,,,,,,,,,,,,,,,,,,,,,,,,,,,,,,,,,,,,,,,,,,,,,,,,90336,"<span lang=""EN-GB"">Suppose
     you have planned to meet a friend next week and you want put this on your
     calendar when you are alone at home<strong><o:p></o:p></strong></span>"
10/22/2018 17:11,10/22/2018 17:11,0,73.92.180.102,100,31,1,10/22/2018 17:11,R_1IgRuB4HW43tlTU,,,,,37.78120422,-122.4613953,anonymous,EN,"2,3",,,,,,,,,,,,,,,,,,,,,,,,,,,,,,,,,,,,,,,,,,,,,,,,,,,,,,,,,,,,,,,,,,,,,,,,,,,,,,,,,,,,,,,,,,,,,,,,,,,,,,,,,,,,,,,,,,,,,,,,,,,,,,,,,,,,,,,,,,,,,,,,,,,,,,,,,,,,,,,,,,,,,,,,,,,,,,,,,,,,,,,,,,,,,,,,,,,,,,,,,,,,,,,,,,,58626,"<span lang=""EN-GB"">Suppose
     you want to a view a text message when you are surrounded with people you
     are close to (e.g., friends, family members) at your home.<strong><o:p></o:p></strong></span>"
10/22/2018 17:10,10/22/2018 17:11,0,134.139.34.79,100,77,1,10/22/2018 17:11,R_5h7GyEGcgdd57dn,,,,,33.79389954,-118.1192017,anonymous,EN,"1,2,3,4,5,6",5,,3,,"2,3,4",,1,,"1,2,3",,"2,3",3,,"1,2",,"2,3",2,,"1,2",,"1,2,3,4",,"1,2",,"2,3",,"1,2",,2,,,,,,,,,,,,,,,,,,,,,,,,,,,,,,"3,4",,3,,3,,1,,2,,1,3,,2,,2,,2,,"1,2,3",,2,,"3,4",,2,,2,,,,,,,,,,,,,,,,,,,,,,,,,,,,,,,,,,,,,,,,,,,,,,,,,,,,,,,,,,,,,,,,,,,,,,,,,,,,,,,,,,,,,,,,,,,,,,,,,,,,,,,,,,,,,,,,,,,,,,,,,,,,,87281,"<span lang=""EN-GB"">Suppose you want to browse the internet when you are alone at a restaurant.<o:p></o:p></span>"
10/22/2018 17:12,10/22/2018 17:12,0,134.139.34.79,100,44,1,10/22/2018 17:12,R_cG98CPadtgxKU0x,,,,,33.79389954,-118.1192017,anonymous,EN,"1,2,3,4,5,6","1,2,3,4",,2,,"2,3,4",,3,,2,,"2,3","1,2",,3,,2,"1,2,3",,"1,2,3",,"2,3,4",,"1,2,3",,2,,"1,2",,,,,,,,,,,,,,,,,,,,,,,,,,,,,,,,,,,,,,,,,,,,,,,,,,,,,,,,,,,,,,,,,,,,,,,,,,,,,,,,,,,,,,,,,,,,,,,,,,,,,,,,,,,,,,,,,,,,,,,,,,,,,,,,,,,,,,,,,,,,,,,,,,,,,,,,,,,,,,,,,,,,,,,,,,,,,,,,,,,,,,,,5261,"<span lang=""EN-GB"">Suppose you want to set up a reminder about something when you are at Starbucks with close friends.<o:p></o:p></span>"
10/22/2018 17:12,10/22/2018 17:13,0,134.139.34.79,100,60,1,10/22/2018 17:13,R_1l6o8T1Il08o4Xz,,,,,33.79389954,-118.1192017,anonymous,EN,"1,2,3,4,5,6",1,,2,,2,,1,,3,,2,3,,1,,2,4,,1,,2,,3,,2,,2,,,,,,,,,,,,,,,,,,,,,,,,,,,,,,,,,,,,,,,,,,,,,,,,,,,,,,,,,,,,,,,,,,,,,,,,,,,,,,,,,,,,,,,,,,,,,,,,,,,,,,,,,,,,,,,,,,,,,,,,,,,,,,,,,,,,,,,,,,,,,,,,,,,,,,,,,,,,,,,,,,,,,,,,,,,,,,,,,,,,,,,,82840,"<span lang=""EN-GB"">Suppose you want to watch some video when you are alone at your home.<strong><o:p></o:p></strong></span>"
10/22/2018 17:34,10/22/2018 17:35,0,65.33.216.111,100,31,1,10/22/2018 17:35,R_XgNFD68n9hKXB0B,,,,,27.71470642,-82.35379791,anonymous,EN,5,,,,,,,,,,,,,,,,,,,,,,,,,,,,,,,,,,,,,,,,,,,,,,,,,,,,,,,,,,,,,,,,,,,,,,,,,,,,,,,,,,,,,,,,,,,,,,,,,,,,,,,,,,,,,,,,,,,,,,,,,,,,,,,,,,,,,,,,,,,,,,,,,,,,,,,,,,,,,,,,,,,,,,,,,,,,,,,,,,,,,,,,,,,,,,,,,,,,,,,,,,,,,,,,,,,39992,"<span id=""docs-internal-guid-5a7e3441-7fff-9d1f-10e6-454a1d940975""><span style=""font-size: 11pt; font-family: Arial; color: rgb(0, 0, 0); background-color: transparent; font-variant-numeric: normal; font-variant-east-asian: normal; vertical-align: baseline; white-space: pre-wrap;"">Suppose you want to call your mother for sharing an important update about your life &nbsp;when you are alone at home</span><br> <br><br></span>"
10/22/2018 17:39,10/22/2018 17:44,0,70.127.62.224,100,295,1,10/22/2018 17:44,R_1CKeTUwkoMOzgpv,,,,,28.14790344,-82.03720093,anonymous,EN,"1,2,3",3,,5,,2,,3,,1,,2,1,,5,,2,3,,2,,6,,1,,5,,"1,2",,,,,,,,,,,,,,,,,,,,,,,,,,,,,,,,,,,,,,,,,,,,,,,,,,,,,,,,,,,,,,,,,,,,,,,,,,,,,,,,,,,,,,,,,,,,,,,,,,,,,,,,,,,,,,,,,,,,,,,,,,,,,,,,,,,,,,,,,,,,,,,,,,,,,,,,,,,,,,,,,,,,,,,,,,,,,,,,,,,,,,,,7316,"<span lang=""EN-GB"">Suppose you want to browse internet when you are with your close friends at a restaurant.<o:p></o:p></span>"
10/22/2018 17:36,10/22/2018 17:44,0,190.239.164.203,100,514,1,10/22/2018 17:44,R_3h3aREwqd3BiqdC,,,,,-11.98280334,-76.76750183,anonymous,EN,"1,2,3,4,6",2,,1,,2,,1,,1,,3,1,,2,,3,1,,1,,2,,"1,2",,1,,1,,,,,,,,,,,,,,,,,,,,,,,,,,,,,,,,,,,,,,,,,,,,,,,,,,,,,,,,,,,,,,,,,,,,,,,,,,,,,,,,,,,,,,,,,,,,,,,,,,,,,,,,,,,,,,,,,,,,,,,,,,,,,,,,,,,,,,,,,,,,,,,,,,,,,,,,,,,,,,,,,,,,,,,,,,,,,,,,,,,,,,,,69012,"<span lang=""EN-GB"">Suppose you want to browse the internet when you alone at a park.<o:p></o:p></span>"
10/22/2018 17:45,10/22/2018 17:49,0,97.119.125.202,100,213,1,10/22/2018 17:49,R_3R4IXIct9Muuctj,,,,,41.26559448,-96.04930115,anonymous,EN,"1,2,4,6",2,,1,,"1,2",,3,,1,,1,5,,5,,1,3,,1,,6,,2,,1,,"1,2",,,,,,,,,,,,,,,,,,,,,,,,,,,,,,,,,,,,,,,,,,,,,,,,,,,,,,,,,,,,,,,,,,,,,,,,,,,,,,,,,,,,,,,,,,,,,,,,,,,,,,,,,,,,,,,,,,,,,,,,,,,,,,,,,,,,,,,,,,,,,,,,,,,,,,,,,,,,,,,,,,,,,,,,,,,,,,,,,,,,,,,,85142,"<span lang=""EN-GB"">Suppose
     you want to watch some video when
     you are at home with people you are close to (e.g., friends, family
     members)<strong><o:p></o:p></strong></span>"
10/22/2018 16:29,10/22/2018 17:52,0,100.35.97.44,100,4999,1,10/22/2018 17:52,R_2ONIYu9j6bktMUZ,,,,,40.74450684,-74.15080261,anonymous,EN,"1,2,4,5,6","2,5",,5,,3,,3,,1,,3,3,,5,,3,3,,"1,2",,3,,"1,2",,5,,2,,4,,,,,,,,,,,,,,,,,,,,,,,,,,,,,,,,,,,,,,,,,,,,,,,,,,,,,,,,,,,,,,,,,,,,,,,,,,,,,,,,,,,,,,,,"2,5",,1,,3,,1,,1,,3,5,,"2,3",,"2,3",,"1,3",,3,,"1,2",,3,,"2,3",,4,,,,,,,,,,,,,,,,,,,,,,,,,,,,,,,,,,,,,,,,,,,,,,,,,,,,,,,,,,,,female,20,student,3,2,,2,31382,"Suppose you want to purchase something online when
     you are with people you know (e.g., acquaintances,
     colleagues) at a park.<o:p></o:p>"
10/21/2018 17:03,10/22/2018 17:54,0,100.35.97.44,100,89414,1,10/22/2018 17:54,R_3qycgaETXp3HzdS,,,,,40.74450684,-74.15080261,anonymous,EN,"1,2,3,4,5,6","2,5",,5,,"1,2,3",,1,,2,,1,"1,2,3",,2,,1,"2,3",,2,,"1,2,3,4",,2,,1,,4,,"2,6",,,,,,,,,,,,,,,,,,,,,,,,,,,,,,5,,1,,1,,1,,4,,1,1,,1,,2,,3,,2,,1,,2,,1,,1,,,,,,,,,,,,,,,,,,,,,,,,,,,,,,,,,,,,,,,,,,,,,,,,,,,,,,,,,,,,,,,,,,,,,,,,,,,,,,,,,,,,,,,,,"2,5",,5,,"2,3",,1,,2,,1,5,,2,,2,,"1,3",,"1,2,3,4",,2,,"1,2,3,4",,1,,"1,2",,,,,,,,,95890,"<span lang=""EN-GB"">Suppose
     you want to a view a text message when you with people you know (e.g.,
     acquaintances, colleagues) at a street<strong>.</strong><o:p></o:p></span>"
10/22/2018 17:44,10/22/2018 17:54,0,190.239.164.203,100,599,1,10/22/2018 17:54,R_1rCDD2zP6Gl2YID,,,,,-11.98280334,-76.76750183,anonymous,EN,"1,2,3,4,6",2,,1,,2,,1,,1,,1,5,,2,,1,1,,2,,2,,2,,1,,4,,"2,4",,,,,,,,,,,,,,,,,,,,,,,,,,,,,,2,,1,,2,,1,,1,,1,5,,1,,1,,1,,2,,2,,2,,1,,4,,,,,,,,,,,,,,,,,,,,,,,,,,,,,,,2,,1,,2,,1,,1,,1,5,,1,,1,,1,,2,,2,,3,,1,,4,,,,,,,,,,,,,,,,,,,,,,,,,,,,,,,,,,,,,,,,,,,,,,,,,,,,,,,,,,,,,,,,,,,82997,"<span lang=""EN-GB"">Suppose you want to watch some video when you are with your close friends at Starbucks.<o:p></o:p></span>"
10/22/2018 17:56,10/22/2018 17:59,0,184.155.52.193,100,156,1,10/22/2018 17:59,R_2XopQaWs5PvxVcP,,,,,32.82949829,-109.6266022,anonymous,EN,"1,2,3,4,6","1,2",,1,,1,,1,,1,,1,"1,2",,"1,2",,"1,2",1,,1,,"1,2",,"1,2",,1,,1,,,,,,,,,,,,,,,,,,,,,,,,,,,,,,,,,,,,,,,,,,,,,,,,,,,,,,,,,,,,,,,,,,,,,,,,,,,,,,,,,,,,,,,,,,,,,,,,,,,,,,,,,,,,,,,,,,,,,,,,,,,,,,,,,,,,,,,,,,,,,,,,,,,,,,,,,,,,,,,,,,,,,,,,,,,,,,,,,,,,,,,,10894,"<span lang=""EN-GB"">Suppose
     you want to find a route to home when you are at Starbucks with people you
     know (e.g., acquaintances, colleagues).<o:p></o:p></span>"
10/22/2018 17:54,10/22/2018 18:04,0,100.35.97.44,100,557,1,10/22/2018 18:04,R_2rCbpxnspsCDrkR,,,,,40.74450684,-74.15080261,anonymous,EN,"1,2,3,4,5,6","1,2,5",,5,,"1,2,3",,1,,1,,"1,2",5,,2,,"1,2",3,,2,,"2,4",,2,,3,,4,,6,,,,,,,,,,,,,,,,,,,,,,,,,,,,,,,,,,,,,,,,,,,,,,,,,,,,,,,,,,,,,,,,,,,,,,,,,,,,,,,,,,,,,,,,,,,,,,,,,,,,,,,,,,,,,,,,,,,,,,,,,,,,,,,,,,,,,,,,,,,,,,,,,,"1,2,5",,5,,"1,2,3",,1,,1,,1,5,,2,,2,,"1,2,3",,"1,2,3,4",,"1,2",,"1,2,3,4",,"1,3",,4,,Female,20,Student,3,3,,2,17736,"<span lang=""EN-GB"">Suppose
     you want to a send an email when you are walking on a street.<o:p></o:p></span>"
10/22/2018 18:06,10/22/2018 18:10,0,104.53.195.124,100,210,1,10/22/2018 18:10,R_3JL6EoDQVxxm63i,,,,,43.02589417,-83.60410309,anonymous,EN,"1,2,3,6",1,,2,,1,,1,,1,,"1,3",5,,5,,2,3,,5,,7,,5,,5,,4,,,,,,,,,,,,,,,,,,,,,,,,,,,,,,,,,,,,,,,,,,,,,,,,,,,,,,,,,,,,,,,,,,,,,,,,,,,,,,,,,,,,,,,,,,,,,,,,,,,,,,,,,,,,,,,,,,,,,,,,,,,,,,,,,,,,,,,,,,,,,,,,,,,,,,,,,,,,,,,,,,,,,,,,,,,,,,,,,,,,,,,,55011,"<span lang=""EN-GB"">Suppose
     you want to call your mother for sharing an important update about your
     life yourself when you are with a very close friend at a park.&nbsp;<o:p></o:p></span>"
10/22/2018 18:19,10/22/2018 18:23,0,76.100.212.2,100,275,1,10/22/2018 18:23,R_3HUBjbaZcQZYW7R,,,,,39.44610596,-77.33499908,anonymous,EN,"1,2,3,6",2,,1,,1,,3,,"1,2",,1,"1,2",,"1,2",,"1,2",1,,"1,2",,"3,4,6",,"1,2",,"1,2",,2,,,,,,,,,,,,,,,,,,,,,,,,,,,,,,,,,,,,,,,,,,,,,,,,,,,,,,,,,,,,,,,,,,,,,,,,,,,,,,,,,,,,,,,,,,,,,,,,,,,,,,,,,,,,,,,,,,,,,,,,,,,,,,,,,,,,,,,,,,,,,,,,,,,,,,,,,,,,,,,,,,,,,,,,,,,,,,,,,,,,,,,,53208,"<span lang=""EN-GB"" style=""font-size:11.0pt;line-height:115%;
font-family:&quot;Arial&quot;,sans-serif;mso-fareast-font-family:Arial;mso-ansi-language:
EN-GB;mso-fareast-language:EN-US;mso-bidi-language:AR-SA"">Suppose you have
planned to meet a friend next week and you want put this on your calendar<span style=""color:#434343""> when you with </span>people you know (e.g.,
acquaintances, colleagues)<span style=""color:#434343""> at a park</span></span>"
10/22/2018 18:17,10/22/2018 18:25,0,73.41.104.103,100,479,1,10/22/2018 18:25,R_xu5H8x0DOK5TWaR,,,,,36.79179382,-119.8800964,anonymous,EN,"2,3,4",2,,5,,"1,3",,1,,1,,3,5,,5,,3,6,,5,,3,,2,,5,,4,,,,,,,,,,,,,,,,,,,,,,,,,,,,,,,,,,,,,,,,,,,,,,,,,,,,,,,,,,,,,,,,,,,,,,,,,,,,,,,,,,,,,,,,,,,,,,,,,,,,,,,,,,,,,,,,,,,,,,,,,,,,,,,,,,,,,,,,,,,,,,,,,,,,,,,,,,,,,,,,,,,,,,,,,,,,,,,,,,,,,,,,58989,"<span lang=""EN-GB"" style=""font-size:11.0pt;line-height:115%;
font-family:&quot;Arial&quot;,sans-serif;mso-fareast-font-family:Arial;mso-ansi-language:
EN-GB;mso-fareast-language:EN-US;mso-bidi-language:AR-SA"">Suppose you want to
read a digital document when you are at Starbucks surrounded with your close
friends.</span>"
10/22/2018 18:25,10/22/2018 18:26,0,74.78.175.80,100,25,1,10/22/2018 18:26,R_1HeNGb75ZpDSofz,,,,,44.543396,-70.5644989,anonymous,EN,1,,,,,,,,,,,,,,,,,,,,,,,,,,,,,,,,,,,,,,,,,,,,,,,,,,,,,,,,,,,,,,,,,,,,,,,,,,,,,,,,,,,,,,,,,,,,,,,,,,,,,,,,,,,,,,,,,,,,,,,,,,,,,,,,,,,,,,,,,,,,,,,,,,,,,,,,,,,,,,,,,,,,,,,,,,,,,,,,,,,,,,,,,,,,,,,,,,,,,,,,,,,,,,,,,,,565,"<span lang=""EN-GB"">Suppose
     you want to a send a text message when you are surrounded by people you
     know (e.g., acquaintances, colleagues) at a restaurant.<o:p></o:p></span>"
10/22/2018 18:16,10/22/2018 18:26,0,98.243.93.22,100,604,1,10/22/2018 18:26,R_QibqYXXhVOGautj,,,,,42.6072998,-83.92939758,anonymous,EN,"2,3,4,5","1,2,3,4,5",,"1,2",,"1,2,3,4",,3,,"1,2,3",,"2,3","1,2,3",,"2,3",,"2,3","1,2,4",,"1,2",,"1,2,3,4",,"1,2",,"1,2,3",,"1,2",,"2,4,5",,,,,,,,,,,,,,,,,,,,,,,,,,,,,,"1,2,3,4,5",,"1,2,3",,"1,2,3,4",,1,,"1,2,3",,"2,3","1,2,3",,"1,2,3",,"1,2,3",,"1,2,3,4",,"1,2,3,4",,"1,2,3",,"1,2,3,4",,"1,2,3",,"1,2",,,,,,,,,,,,,,,,,,,,,,,,,,,,,,,"1,2,3,4,5",,"1,2",,"1,2,3,4",,1,,"1,2,3",,"2,3","1,2,3",,"1,2,3",,"1,2",,"1,2,3,4",,"1,2,3,4",,"1,2",,"1,2,3,4",,"1,2,3",,"1,2",,"1,2,3,4,5",,"1,2",,"1,2,3,4",,3,,"1,2,3",,"2,3","1,2,3",,"1,2,3",,"1,2,3",,"1,2,3,4",,"1,2,3,4",,"1,2,3",,"1,2,3",,"1,2,3",,"1,2",,,,,,,,,,,,,,,,,,,,,,,,,,,,,,,,,,,,,,87027,"<span lang=""EN-GB"">Suppose
     you want to take a click a photo when you are alone at home.<o:p></o:p></span>"
10/22/2018 18:17,10/22/2018 18:26,0,73.24.158.169,100,582,1,10/22/2018 18:26,R_3kzZWUYgVpWk30E,,,,,32.40759277,-111.0650024,anonymous,EN,"1,2,4",2,,1,,"1,2,3",,1,,1,,"2,3",2,,5,,3,6,,"1,2",,3,,"2,4",it would help to be able to enlarge some screens that won't respond to trying to enlarge them,"1,4",being able to read the small print,4,,,,,,,,,,,,,,,,,,,,,,,,,,,,,,,,,,,,,,,,,,,,,,,,,,,,,,,,,,,,,,,,,,,,,,,,,,,,,,,,,,,,,,,,,,,,,,,,,,,,,,,,,,,,,,,,,,,,,,,,,,,,,,,,,,,,,,,,,,,,,,,,,,,,,,,,,,,,,,,,,,,,,,,,,,,,,,,,,,,,,,,,13257,"<span lang=""EN-GB"">Suppose
     you want to purchase something online when you are alone at Starbucks.<o:p></o:p></span>"
10/22/2018 18:30,10/22/2018 18:30,0,72.64.14.136,100,10,1,10/22/2018 18:30,R_11bcaQKG9iYRI9I,,,,,44.66529846,-70.13289642,anonymous,EN,1,,,,,,,,,,,,,,,,,,,,,,,,,,,,,,,,,,,,,,,,,,,,,,,,,,,,,,,,,,,,,,,,,,,,,,,,,,,,,,,,,,,,,,,,,,,,,,,,,,,,,,,,,,,,,,,,,,,,,,,,,,,,,,,,,,,,,,,,,,,,,,,,,,,,,,,,,,,,,,,,,,,,,,,,,,,,,,,,,,,,,,,,,,,,,,,,,,,,,,,,,,,,,,,,,,,87870,"<span lang=""EN-GB"">Suppose you want to set up a reminder when you are at a park with close friends.<o:p></o:p></span>"
10/22/2018 18:26,10/22/2018 18:38,0,100.35.97.44,100,719,1,10/22/2018 18:38,R_3nk0eLCdviw4Ca4,,,,,40.74450684,-74.15080261,anonymous,EN,"1,2,3,4,5,6","1,2,5",,1,,1,,1,,2,,1,3,,2,,1,3,,2,,2,,2,,1,,"1,2",,2,,,,,,,,,,,,,,,,,,,,,,,,,,,,,,1,,1,,"2,3,4",,1,,2,,1,5,,"2,3",,"2,3",,2,,2,,"1,2,3",,2,,1,,"1,2",,,,,,,,,,,,,,,,,,,,,,,,,,,,,,,,,,,,,,,,,,,,,,,,,,,,,,,,,,,,,,,,,,,,,,,,,,,,,,,,,,,,,,,,,,,,,,,,,,,,,,,,,,,,,,,,,,,,,,Female,20,Student,3,1,,1,51630,"<span lang=""EN-GB"">Suppose
     you want to listen to some audio when you with people you know (e.g.,
     acquaintances, colleagues) at Starbucks<o:p></o:p></span>"
10/22/2018 18:46,10/22/2018 18:47,0,35.138.89.233,100,38,1,10/22/2018 18:47,R_3nNlCJZXf2eJG9e,,,,,28.01400757,-81.95230103,anonymous,EN,1,,,,,,,,,,,,,,,,,,,,,,,,,,,,,,,,,,,,,,,,,,,,,,,,,,,,,,,,,,,,,,,,,,,,,,,,,,,,,,,,,,,,,,,,,,,,,,,,,,,,,,,,,,,,,,,,,,,,,,,,,,,,,,,,,,,,,,,,,,,,,,,,,,,,,,,,,,,,,,,,,,,,,,,,,,,,,,,,,,,,,,,,,,,,,,,,,,,,,,,,,,,,,,,,,,,37531,"<span lang=""EN-GB"">Suppose you are at sitting in a park and you want to play a digital/online game.<o:p></o:p></span>"
10/22/2018 19:14,10/22/2018 19:14,0,69.136.185.8,100,35,1,10/22/2018 19:14,R_SDlDcjC1aqXtkDn,,,,,41.80929565,-87.7052002,anonymous,EN,3,,,,,,,,,,,,,,,,,,,,,,,,,,,,,,,,,,,,,,,,,,,,,,,,,,,,,,,,,,,,,,,,,,,,,,,,,,,,,,,,,,,,,,,,,,,,,,,,,,,,,,,,,,,,,,,,,,,,,,,,,,,,,,,,,,,,,,,,,,,,,,,,,,,,,,,,,,,,,,,,,,,,,,,,,,,,,,,,,,,,,,,,,,,,,,,,,,,,,,,,,,,,,,,,,,,71477,"<span lang=""EN-GB"">Suppose you want to listen to some audio when you are alone in a park.<o:p></o:p></span>"
10/22/2018 19:15,10/22/2018 19:15,0,69.136.185.8,100,28,1,10/22/2018 19:15,R_W1l50FoiZhVyeTT,,,,,41.80929565,-87.7052002,anonymous,EN,"1,2,3,4,6",2,,2,,2,,1,,1,,1,2,,2,,3,3,,2,,2,,2,,1,,2,,,,,,,,,,,,,,,,,,,,,,,,,,,,,,,,,,,,,,,,,,,,,,,,,,,,,,,,,,,,,,,,,,,,,,,,,,,,,,,,,,,,,,,,,,,,,,,,,,,,,,,,,,,,,,,,,,,,,,,,,,,,,,,,,,,,,,,,,,,,,,,,,,,,,,,,,,,,,,,,,,,,,,,,,,,,,,,,,,,,,,,,3195,"<span lang=""EN-GB"">Suppose
     you have planned to meet a friend next week and you want put this on your
     calendar when you are alone at home<strong><o:p></o:p></strong></span>"
10/22/2018 19:19,10/22/2018 19:20,0,190.124.31.53,100,51,1,10/22/2018 19:20,R_1DS7Ow3VHmJP0cn,,,,,9.983306885,-72.03330231,anonymous,EN,3,,,,,,,,,,,,,,,,,,,,,,,,,,,,,,,,,,,,,,,,,,,,,,,,,,,,,,,,,,,,,,,,,,,,,,,,,,,,,,,,,,,,,,,,,,,,,,,,,,,,,,,,,,,,,,,,,,,,,,,,,,,,,,,,,,,,,,,,,,,,,,,,,,,,,,,,,,,,,,,,,,,,,,,,,,,,,,,,,,,,,,,,,,,,,,,,,,,,,,,,,,,,,,,,,,,76016,"<span lang=""EN-GB"">Suppose you want to browse the internet when you are with your close friends at a park.<o:p></o:p></span>"
10/22/2018 19:22,10/22/2018 19:23,0,47.223.81.6,100,45,1,10/22/2018 19:23,R_3MhF8PkeXV4UXyc,,,,,33.65809631,-95.53790283,anonymous,EN,"1,2",,,,,,,,,,,,,,,,,,,,,,,,,,,,,,,,,,,,,,,,,,,,,,,,,,,,,,,,,,,,,,,,,,,,,,,,,,,,,,,,,,,,,,,,,,,,,,,,,,,,,,,,,,,,,,,,,,,,,,,,,,,,,,,,,,,,,,,,,,,,,,,,,,,,,,,,,,,,,,,,,,,,,,,,,,,,,,,,,,,,,,,,,,,,,,,,,,,,,,,,,,,,,,,,,,,54240,"<span lang=""EN-GB"">Suppose
     you want to watch&nbsp; some video when
     you are with people you know (e.g., acquaintances, colleagues) at
     Starbucks<o:p></o:p></span>"
10/22/2018 19:21,10/22/2018 19:23,0,190.124.31.53,100,143,1,10/22/2018 19:23,R_2SxBEd1ko1rWXXI,,,,,9.983306885,-72.03330231,anonymous,EN,3,,,,,,,,,,,,,,,,,,,,,,,,,,,,,,,,,,,,,,,,,,,,,,,,,,,,,,,,,,,,,,,,,,,,,,,,,,,,,,,,,,,,,,,,,,,,,,,,,,,,,,,,,,,,,,,,,,,,,,,,,,,,,,,,,,,,,,,,,,,,,,,,,,,,,,,,,,,,,,,,,,,,,,,,,,,,,,,,,,,,,,,,,,,,,,,,,,,,,,,,,,,,,,,,,,,9355,"Suppose you are alone at home, you want to take a break from studying/working&nbsp;<p>so you decide to play a video game with some with some people you know (e.g., acquaintances, colleagues).<o:p></o:p></p>"
10/22/2018 19:24,10/22/2018 19:26,0,190.124.31.53,100,128,1,10/22/2018 19:26,R_3GwSvOUPLHaT5Wx,,,,,9.983306885,-72.03330231,anonymous,EN,2,,,,,,,,,,,,,,,,,,,,,,,,,,,,,,,,,,,,,,,,,,,,,,,,,,,,,,,,,,,,,,,,,,,,,,,,,,,,,,,,,,,,,,,,,,,,,,,,,,,,,,,,,,,,,,,,,,,,,,,,,,,,,,,,,,,,,,,,,,,,,,,,,,,,,,,,,,,,,,,,,,,,,,,,,,,,,,,,,,,,,,,,,,,,,,,,,,,,,,,,,,,,,,,,,,,79383,"<span lang=""EN-GB"">Suppose
     you want to take a click a photo when you are alone at home.<o:p></o:p></span>"
10/22/2018 19:32,10/22/2018 19:38,0,108.212.142.253,100,342,1,10/22/2018 19:38,R_2dZtqzWbozILrcR,,,,,39.8348999,-82.80439758,anonymous,EN,"1,2,3,4",2,,5,,1,,1,,1,,1,2,,2,,1,3,,2,,3,,2,,1,,2,,2,,,,,,,,,,,,,,,,,,,,,,,,,,,,,,2,,5,,1,,1,,1,,1,2,,2,,2,,3,,3,,2,,3,,1,,2,,,,,,,,,,,,,,,,,,,,,,,,,,,,,,,,,,,,,,,,,,,,,,,,,,,,,,,,,,,,,,,,,,,,,,,,,,,,,,,,,,,,,,,,,,,,,,,,,,,,,,,,,,,,,,,,,,,,,,male,50,Grants Adminstration,5,3,,6,16903,"<span lang=""EN-GB"">Suppose
     you want to listen to some audio when you are alone at your home.<strong><o:p></o:p></strong></span>"
10/19/2018 20:20,10/22/2018 20:22,0,122.174.240.12,100,259296,1,10/22/2018 20:22,R_2E5XDBYST5rXaky,,,,,13.08329773,80.28329468,anonymous,EN,"1,2,3",3,,3,,3,,1,,3,,4,1,,2,,2,3,,2,,3,,3,,3,,2,,,,,,,,,,,,,,,,,,,,,,,,,,,,,,,,,,,,,,,,,,,,,,,,,,,,,,,,,,,,,,,,,,,,,,,,,,,,,,,,,,,,,,,,,,,,,,,,,,,,,,,,,,,,,,,,,,,,,,,,,,,,,,,,,,,,,,,,,,,,,,,,,,,,,,,,,,,,,,,,,,,,,,,,,,,,,,,,,,,,,,,,34526,"<span lang=""EN-GB"">Suppose
     you want to purchase something online when you are with your close friends
     at Starbucks.<o:p></o:p></span>"
10/22/2018 20:27,10/22/2018 20:34,0,99.197.3.140,100,435,1,10/22/2018 20:34,R_3qE8ddDdkB7J4Lz,,,,,39.16130066,-80.04920197,anonymous,EN,"2,3,4","2,4",,5,,"1,2",,1,,1,,"2,3","1,2,3",,5,,2,3,,"1,2",,"1,3",,"1,2",,5,,4,,,,,,,,,,,,,,,,,,,,,,,,,,,,,,,,,,,,,,,,,,,,,,,,,,,,,,,,,,,,,,,,,,,,,,,,,,,,,,,,,,,,,,,,,,,,,,,,,,,,,,,,,,,,,,,,,,,,,,,,,,,,,,,,,,,,,,,,,,,,,,,,,,,,,,,,,,,,,,,,,,,,,,,,,,,,,,,,,,,,,,,,13048,"<span lang=""EN-GB"">Suppose you want to a send an email when you are surrounded with people you are close to (e.g., friends, family members) at your home.<strong><o:p></o:p></strong></span>"
10/22/2018 20:36,10/22/2018 20:37,0,172.76.35.9,100,37,1,10/22/2018 20:37,R_3n9tqx6WxCwEgHv,,,,,45.77949524,-93.64530182,anonymous,EN,"1,2",,,,,,,,,,,,,,,,,,,,,,,,,,,,,,,,,,,,,,,,,,,,,,,,,,,,,,,,,,,,,,,,,,,,,,,,,,,,,,,,,,,,,,,,,,,,,,,,,,,,,,,,,,,,,,,,,,,,,,,,,,,,,,,,,,,,,,,,,,,,,,,,,,,,,,,,,,,,,,,,,,,,,,,,,,,,,,,,,,,,,,,,,,,,,,,,,,,,,,,,,,,,,,,,,,,67015,"<span lang=""EN-GB"">Suppose you are at a park with some people you know (e.g., acquaintances, colleagues) when you realize that you have to immediately pay one of your bills online.<o:p></o:p></span>"
10/22/2018 20:39,10/22/2018 20:40,0,174.58.193.36,100,16,1,10/22/2018 20:40,R_3F3EGtsE1HRdRCF,,,,,28.30369568,-81.58979797,anonymous,EN,1,,,,,,,,,,,,,,,,,,,,,,,,,,,,,,,,,,,,,,,,,,,,,,,,,,,,,,,,,,,,,,,,,,,,,,,,,,,,,,,,,,,,,,,,,,,,,,,,,,,,,,,,,,,,,,,,,,,,,,,,,,,,,,,,,,,,,,,,,,,,,,,,,,,,,,,,,,,,,,,,,,,,,,,,,,,,,,,,,,,,,,,,,,,,,,,,,,,,,,,,,,,,,,,,,,,58127,"<span lang=""EN-GB"">Suppose you want to control some devices/appliances (e.g., smart lights) when you are at home with people you are close to (e.g., friends, family members)<strong><o:p></o:p></strong></span>"
10/22/2018 20:40,10/22/2018 20:42,0,136.30.67.174,100,107,1,10/22/2018 20:42,R_PUO05hIN71BuLpn,,,,,41.87210083,-87.65779877,anonymous,EN,"1,2,5,6",2,,1,,1,,3,,1,,"1,3","1,2,3",,2,,3,"2,3,4",,"1,3",,6,,"2,3",,"1,2,3",,1,,,,,,,,,,,,,,,,,,,,,,,,,,,,,,,,,,,,,,,,,,,,,,,,,,,,,,,,,,,,,,,,,,,,,,,,,,,,,,,,,,,,,,,,,,,,,,,,,,,,,,,,,,,,,,,,,,,,,,,,,,,,,,,,,,,,,,,,,,,,,,,,,,,,,,,,,,,,,,,,,,,,,,,,,,,,,,,,,,,,,,,,8789,"<span lang=""EN-GB"">Suppose you want to browse through one of your social media profiles when you&nbsp;</span>are at your home."
10/22/2018 20:30,10/22/2018 20:43,0,68.7.57.25,100,805,1,10/22/2018 20:43,R_1F5qloRwJyp8m3r,,,,,32.74229431,-117.094696,anonymous,EN,"1,2,3,4","1,2",,1,,"1,2,3",,3,,1,,"2,3","1,2,3",,2,,"2,3","1,2,3",,"1,2",,"1,2,3,4",,"1,2",,"1,2,3",,1,,"2,3",,,,,,,,,,,,,,,,,,,,,,,,,,,,,,2,,3,,"1,2,3",,3,,3,,"2,3","1,2",,"2,3",,2,,"2,3",,"3,4",,"1,2",,"3,4",,5,,4,,4,,5,,"1,2,3,4",,3,,2,,"2,3","1,2,3",,"2,3",,2,,"2,3",,3,,2,,3,,"2,3",,"1,2",,,,,,,,,,,,,,,,,,,,,,,,,,,,,,,,,,,,,,,,,,,,,,,,,,,,,,,,,,,,,,,,,,,,,,,,,,,,,,,,,,,,,,,,,,,,,,,,44151,"<span lang=""EN-GB"">Suppose you want to browse the internet when you are at home with people you know (e.g., acquaintances, colleagues).<o:p></o:p></span>"
10/22/2018 20:59,10/22/2018 20:59,0,24.230.168.45,100,10,1,10/22/2018 20:59,R_1mfNAIRzmg7u7Sw,,,,,42.79510498,-96.92579651,anonymous,EN,"1,2",,,,,,,,,,,,,,,,,,,,,,,,,,,,,,,,,,,,,,,,,,,,,,,,,,,,,,,,,,,,,,,,,,,,,,,,,,,,,,,,,,,,,,,,,,,,,,,,,,,,,,,,,,,,,,,,,,,,,,,,,,,,,,,,,,,,,,,,,,,,,,,,,,,,,,,,,,,,,,,,,,,,,,,,,,,,,,,,,,,,,,,,,,,,,,,,,,,,,,,,,,,,,,,,,,,27352,"<span lang=""EN-GB"">Suppose
     you want to a send an email when you are surrounded by people you know
     (e.g., acquaintances, colleagues) at a restaurant.<o:p></o:p></span>"
10/22/2018 21:11,10/22/2018 21:12,0,98.29.29.16,100,26,1,10/22/2018 21:12,R_3szyN0pQUSOBKuf,,,,,39.64639282,-84.17169952,anonymous,EN,"2,3",,,,,,,,,,,,,,,,,,,,,,,,,,,,,,,,,,,,,,,,,,,,,,,,,,,,,,,,,,,,,,,,,,,,,,,,,,,,,,,,,,,,,,,,,,,,,,,,,,,,,,,,,,,,,,,,,,,,,,,,,,,,,,,,,,,,,,,,,,,,,,,,,,,,,,,,,,,,,,,,,,,,,,,,,,,,,,,,,,,,,,,,,,,,,,,,,,,,,,,,,,,,,,,,,,,21588,"<span lang=""EN-GB"" style=""font-size:11.0pt;line-height:115%;
font-family:&quot;Arial&quot;,sans-serif;mso-fareast-font-family:Arial;mso-ansi-language:
EN-GB;mso-fareast-language:EN-US;mso-bidi-language:AR-SA"">Suppose you want to a
view a text message when you are alone at home</span>"
10/22/2018 21:19,10/22/2018 21:21,0,75.131.255.32,100,133,1,10/22/2018 21:21,R_2y1NBIL6mJfcY0B,,,,,30.27839661,-89.77120209,anonymous,EN,"1,2,3,4,5,6","2,3,5",,"1,3",,"2,4",,1,,"2,3",,2,"1,3",,2,,4,"2,3,4",,"1,3",,"1,2,3,4",,"1,2",,1,,"1,2",,,,,,,,,,,,,,,,,,,,,,,,,,,,,,,,,,,,,,,,,,,,,,,,,,,,,,,,,,,,,,,,,,,,,,,,,,,,,,,,,,,,,,,,,,,,,,,,,,,,,,,,,,,,,,,,,,,,,,,,,,,,,,,,,,,,,,,,,,,,,,,,,,,,,,,,,,,,,,,,,,,,,,,,,,,,,,,,,,,,,,,,35890,"<span style=""color: rgb(0, 0, 0); font-family: Times; font-size: medium;"">Suppose you want to watch some video when you are with people you know (e.g., acquaintances, colleagues) at Starbucks</span>"
10/22/2018 21:21,10/22/2018 21:24,0,75.131.255.32,100,195,1,10/22/2018 21:25,R_bKKrhJTBxWMF1K1,,,,,30.27839661,-89.77120209,anonymous,EN,"1,2,3","1,2,3,4,5",,"1,2,3",,"1,2,3,4",,3,,"1,2,3,4",,3,"1,2,3",,"1,2,3",,3,"1,2,3,4",,"1,2,3",,"1,2,3,4",,"1,2,3",,"1,2,3",,"1,2",,2,,,,,,,,,,,,,,,,,,,,,,,,,,,,,,"1,2,3,4,5",,"1,2,3",,"1,2,3,4",,1,,"1,2,3,4",,"1,2,3","1,2,3",,"1,2,3",,"1,2,3",,"1,2,3,4",,"1,2,3,4",,"1,2,3",,"1,2,3,4",,"1,2,3",,"1,2",,,,,,,,,,,,,,,,,,,,,,,,,,,,,,,,,,,,,,,,,,,,,,,,,,,,,,,,,,,,,,,,,,,,,,,,,,,,,,,,,,,,,,,,,,,,,,,,,,,,,,,,,,,,,,,,,,,,,,Female,55,Administration,4,1,,3,74164,"<span lang=""EN-GB"">Suppose you are at a coffee shop, you have just read a book you loved and now&nbsp;</span>you want to write a review for it to share with your close family and friends."
10/22/2018 21:38,10/22/2018 21:38,0,24.185.53.214,100,11,1,10/22/2018 21:38,R_1KrHFlG2cmFAZ0r,,,,,40.94709778,-74.24659729,anonymous,EN,1,,,,,,,,,,,,,,,,,,,,,,,,,,,,,,,,,,,,,,,,,,,,,,,,,,,,,,,,,,,,,,,,,,,,,,,,,,,,,,,,,,,,,,,,,,,,,,,,,,,,,,,,,,,,,,,,,,,,,,,,,,,,,,,,,,,,,,,,,,,,,,,,,,,,,,,,,,,,,,,,,,,,,,,,,,,,,,,,,,,,,,,,,,,,,,,,,,,,,,,,,,,,,,,,,,,95431,"<span lang=""EN-GB"">Suppose
     you want to a send a text message when you are surrounded by people you
     know (e.g., acquaintances, colleagues) at your home.<o:p></o:p></span>"
10/22/2018 21:38,10/22/2018 21:44,0,24.185.53.214,100,368,1,10/22/2018 21:44,R_2fkU2lHfiDR4wB1,,,,,40.94709778,-74.24659729,anonymous,EN,"1,2,4,5","2,5",,1,,"1,2,3",,1,,1,,3,"1,2,3",,2,,2,"2,3",,2,,"1,2",,2,,"1,2",,"1,2",,,,,,,,,,,,,,,,,,,,,,,,,,,,,,,,,,,,,,,,,,,,,,,,,,,,,,,,,,,,,,,,,,,,,,,,,,,,,,,,,,,,,,,,,,,,,,,,,,,,,,,,,,,,,,,,,,,,,,,,,,,,,,,,,,,,,,,,,,,,,,,,,,,,,,,,,,,,,,,,,,,,,,,,,,,,,,,,,,,,,,,,21767,"<span lang=""EN-GB"">Suppose you are at sitting in a park and you want to play a digital/online game&nbsp;</span>with some close friends."
10/22/2018 22:08,10/22/2018 22:09,0,70.176.205.139,100,57,1,10/22/2018 22:09,R_agXwAmeJFMhwFsB,,,,,32.21270752,-110.8828964,anonymous,EN,"1,3",,,,,,,,,,,,,,,,,,,,,,,,,,,,,,,,,,,,,,,,,,,,,,,,,,,,,,,,,,,,,,,,,,,,,,,,,,,,,,,,,,,,,,,,,,,,,,,,,,,,,,,,,,,,,,,,,,,,,,,,,,,,,,,,,,,,,,,,,,,,,,,,,,,,,,,,,,,,,,,,,,,,,,,,,,,,,,,,,,,,,,,,,,,,,,,,,,,,,,,,,,,,,,,,,,,51661,"<span lang=""EN-GB"">Suppose you want to take a click a photo when you with </span><span lang=""EN-GB"">some people you know (e.g.,
     acquaintances, colleagues)</span><span lang=""EN-GB""> at home<o:p></o:p></span>"
10/22/2018 22:12,10/22/2018 22:12,0,23.249.187.141,100,9,1,10/22/2018 22:12,R_2EFRL1FqJdXrw0y,,,,,37.75100708,-97.8219986,anonymous,EN,3,,,,,,,,,,,,,,,,,,,,,,,,,,,,,,,,,,,,,,,,,,,,,,,,,,,,,,,,,,,,,,,,,,,,,,,,,,,,,,,,,,,,,,,,,,,,,,,,,,,,,,,,,,,,,,,,,,,,,,,,,,,,,,,,,,,,,,,,,,,,,,,,,,,,,,,,,,,,,,,,,,,,,,,,,,,,,,,,,,,,,,,,,,,,,,,,,,,,,,,,,,,,,,,,,,,93387,"<span lang=""EN-GB"">Suppose
     you want to watch some video when you are with people you know (e.g.,
     acquaintances, colleagues) in a park.<o:p></o:p></span>"
10/22/2018 22:12,10/22/2018 22:12,0,23.249.187.141,100,11,1,10/22/2018 22:12,R_3QQxvzZlnajhA9M,,,,,37.75100708,-97.8219986,anonymous,EN,2,,,,,,,,,,,,,,,,,,,,,,,,,,,,,,,,,,,,,,,,,,,,,,,,,,,,,,,,,,,,,,,,,,,,,,,,,,,,,,,,,,,,,,,,,,,,,,,,,,,,,,,,,,,,,,,,,,,,,,,,,,,,,,,,,,,,,,,,,,,,,,,,,,,,,,,,,,,,,,,,,,,,,,,,,,,,,,,,,,,,,,,,,,,,,,,,,,,,,,,,,,,,,,,,,,,41643,"<span lang=""EN-GB"">Suppose you have planned to meet a friend next week and you want to put this on your calendar when you are surrounded with people you are close to (e.g., friends, family members) at your home.<strong><o:p></o:p></strong></span>"
10/22/2018 22:12,10/22/2018 22:12,0,23.249.187.141,100,8,1,10/22/2018 22:12,R_1iq6FiGFADQlv1M,,,,,37.75100708,-97.8219986,anonymous,EN,4,,,,,,,,,,,,,,,,,,,,,,,,,,,,,,,,,,,,,,,,,,,,,,,,,,,,,,,,,,,,,,,,,,,,,,,,,,,,,,,,,,,,,,,,,,,,,,,,,,,,,,,,,,,,,,,,,,,,,,,,,,,,,,,,,,,,,,,,,,,,,,,,,,,,,,,,,,,,,,,,,,,,,,,,,,,,,,,,,,,,,,,,,,,,,,,,,,,,,,,,,,,,,,,,,,,81482,"<span lang=""EN-GB"">Suppose
     you want to listen to some audio when you with people you know (e.g.,
     acquaintances, colleagues) at Starbucks<o:p></o:p></span>"
10/22/2018 22:13,10/22/2018 22:13,0,23.249.187.141,100,6,1,10/22/2018 22:13,R_265B1VCbeH8lGhd,,,,,37.75100708,-97.8219986,anonymous,EN,1,,,,,,,,,,,,,,,,,,,,,,,,,,,,,,,,,,,,,,,,,,,,,,,,,,,,,,,,,,,,,,,,,,,,,,,,,,,,,,,,,,,,,,,,,,,,,,,,,,,,,,,,,,,,,,,,,,,,,,,,,,,,,,,,,,,,,,,,,,,,,,,,,,,,,,,,,,,,,,,,,,,,,,,,,,,,,,,,,,,,,,,,,,,,,,,,,,,,,,,,,,,,,,,,,,,66329,"<span lang=""EN-GB"">Suppose
     you want to set up a reminder about something when you are with people you
     know (e.g., acquaintances, colleagues) at Starbucks.<o:p></o:p></span>"
10/22/2018 22:13,10/22/2018 22:14,0,23.249.187.141,100,50,1,10/22/2018 22:14,R_PYz5Grsthim7Epb,,,,,37.75100708,-97.8219986,anonymous,EN,"2,5,6","1,2,3",,"1,2,3",,"1,2,3",,1,,"1,2,3",,"1,2","1,2,3",,"1,2,3",,"1,2,3","1,2,4",,"1,2",,"1,2,3,4",,"1,2,3",,"1,2",,"1,2",,,,,,,,,,,,,,,,,,,,,,,,,,,,,,,,,,,,,,,,,,,,,,,,,,,,,,,,,,,,,,,,,,,,,,,,,,,,,,,,,,,,,,,,,,,,,,,,,,,,,,,,,,,,,,,,,,,,,,,,,,,,,,,,,,,,,,,,,,,,,,,,,,,,,,,,,,,,,,,,,,,,,,,,,,,,,,,,,,,,,,,,1224,"Suppose you want to purchase something (e.g., book,
     household items) online when you are with people
     you know (e.g., acquaintances, colleagues) at
     Starbucks.<o:p></o:p>"
10/22/2018 22:09,10/22/2018 22:23,0,72.223.91.82,100,865,1,10/22/2018 22:23,R_8B20c1LTD9P5xYJ,,,,,33.43670654,-111.7731018,anonymous,EN,"1,2,3,4,5",2,,1,,"1,2,3",,3,,1,,1,2,,1,,1,"2,3",,"1,2",,"1,4",,"1,2",,"1,3",,"1,2",,2,,,,,,,,,,,,,,,,,,,,,,,,,,,,,,2,,1,,"1,2,3",,3,,1,,1,"1,2,3",,1,,1,,"2,3",,"1,4",,1,,"1,4",,"1,2",,1,,,,,,,,,,,,,,,,,,,,,,,,,,,,,,,,,,,,,,,,,,,,,,,,,,,,,,,,,,,,,,,,,,,,,,,,,,,,,,,,,,,,,,,,,,,,,,,,,,,,,,,,,,,,,,,,,,,,,,Female,42,Business Owner,5,1,,6,345,"<span lang=""EN-GB"">Suppose you want to read a digital document when you are in a park with people you know (e.g., acquaintances, colleagues).<o:p></o:p></span>"
10/23/2018 0:11,10/23/2018 0:11,0,184.1.146.150,100,16,1,10/23/2018 0:11,R_25sVxSZToGyWMWW,,,,,40.88110352,-85.50540161,anonymous,EN,"1,2",,,,,,,,,,,,,,,,,,,,,,,,,,,,,,,,,,,,,,,,,,,,,,,,,,,,,,,,,,,,,,,,,,,,,,,,,,,,,,,,,,,,,,,,,,,,,,,,,,,,,,,,,,,,,,,,,,,,,,,,,,,,,,,,,,,,,,,,,,,,,,,,,,,,,,,,,,,,,,,,,,,,,,,,,,,,,,,,,,,,,,,,,,,,,,,,,,,,,,,,,,,,,,,,,,,22499,"<span lang=""EN-GB"" style=""font-size:11.0pt;line-height:115%;
font-family:&quot;Arial&quot;,sans-serif;mso-fareast-font-family:Arial;mso-ansi-language:
EN-GB;mso-fareast-language:EN-US;mso-bidi-language:AR-SA"">Suppose you want to a
send an email when you are at Starbucks.</span>"
10/23/2018 0:29,10/23/2018 0:29,0,74.130.20.9,100,17,1,10/23/2018 0:29,R_3g6PTyvdZEH8q91,,,,,38.25030518,-85.70339966,anonymous,EN,"2,4",,,,,,,,,,,,,,,,,,,,,,,,,,,,,,,,,,,,,,,,,,,,,,,,,,,,,,,,,,,,,,,,,,,,,,,,,,,,,,,,,,,,,,,,,,,,,,,,,,,,,,,,,,,,,,,,,,,,,,,,,,,,,,,,,,,,,,,,,,,,,,,,,,,,,,,,,,,,,,,,,,,,,,,,,,,,,,,,,,,,,,,,,,,,,,,,,,,,,,,,,,,,,,,,,,,64296,"<span lang=""EN-GB"">Suppose
     you want to a send a text message when you with people you know (e.g., acquaintances,
     colleagues) at a street<strong>.</strong><o:p></o:p></span>"
10/23/2018 2:05,10/23/2018 2:05,0,192.238.218.107,100,12,1,10/23/2018 2:05,R_31YjKPkBhjR88xN,,,,,37.75100708,-97.8219986,anonymous,EN,2,,,,,,,,,,,,,,,,,,,,,,,,,,,,,,,,,,,,,,,,,,,,,,,,,,,,,,,,,,,,,,,,,,,,,,,,,,,,,,,,,,,,,,,,,,,,,,,,,,,,,,,,,,,,,,,,,,,,,,,,,,,,,,,,,,,,,,,,,,,,,,,,,,,,,,,,,,,,,,,,,,,,,,,,,,,,,,,,,,,,,,,,,,,,,,,,,,,,,,,,,,,,,,,,,,,71463,"<span lang=""EN-GB"">Suppose you are at your gym and you want to track the amount of calories&nbsp;</span>you have burnt your workout.&nbsp;"
10/23/2018 2:05,10/23/2018 2:06,0,192.238.218.107,100,45,1,10/23/2018 2:06,R_2QPMkdDFORuLCUG,,,,,37.75100708,-97.8219986,anonymous,EN,6,,,,,,,,,,,,,,,,,,,,,,,,,,,,,,,,,,,,,,,,,,,,,,,,,,,,,,,,,,,,,,,,,,,,,,,,,,,,,,,,,,,,,,,,,,,,,,,,,,,,,,,,,,,,,,,,,,,,,,,,,,,,,,,,,,,,,,,,,,,,,,,,,,,,,,,,,,,,,,,,,,,,,,,,,,,,,,,,,,,,,,,,,,,,,,,,,,,,,,,,,,,,,,,,,,,89546,"<span lang=""EN-GB"">Suppose
     you want to purchase something online when you are alone at your home.<o:p></o:p></span>"
10/23/2018 2:06,10/23/2018 2:10,0,192.238.218.107,100,204,1,10/23/2018 2:10,R_29voDNroeYEkUpq,,,,,37.75100708,-97.8219986,anonymous,EN,"2,5,6","1,2,3,4",,"2,3",,"2,3,4",,1,,"2,3",,"2,3","1,2,3",,"2,3",,"2,3","1,2,3,4",,"2,3",,"1,2,3",,"2,3",,"2,3",,"1,2",,"2,5",,,,,,,,,,,,,,,,,,,,,,,,,,,,,,"3,5",,"2,3",,"2,3",,1,,"2,3",,"2,3","2,3",,"2,3",,"2,3",,"2,4",,"2,3",,"1,2",,"2,3",,"1,3",,2,,,,,,,,,,,,,,,,,,,,,,,,,,,,,,,,,,,,,,,,,,,,,,,,,,,,,,,,,,,,"2,4,5",,"2,3",,"2,3",,1,,"2,3",,"2,3",2,,"2,3",,"2,3",,"2,4",,"2,3,4",,"1,3",,"2,4",,2,,"1,2",,,,,,,,,,,,,,,,,,,,,,,,,,,,,,,,,,,,,,43247,"Suppose
     you want to call your mother for sharing an important update about your
     life when you are surrounded by people you
     know (e.g., acquaintances, colleagues) at a restaurant.<o:p></o:p>"
10/23/2018 2:10,10/23/2018 2:18,0,192.238.218.107,100,505,1,10/23/2018 2:18,R_2eOVrybB3qgMv5G,,,,,37.75100708,-97.8219986,anonymous,EN,"2,5,6","1,2,3,4,5",,"1,2,3",,"1,2,3,4",,1,,"1,2,3,4",,"1,2,3","1,2,3",,"1,2,3",,"1,2,3","1,2,3,4",,"1,2,3",,"1,2,3,4",,"1,2,3",,"1,2,3",,"1,2",,"2,5,6",,,,,,,,,,,,,,,,,,,,,,,,,,,,,,"1,2,3,4,5",,"1,2,3",,"1,2,3,4",,1,,"1,2,3,4",,"1,2,3","1,2,3",,"1,2,3",,"1,2,3",,"1,2,3,4",,"1,2,3,4",,"1,2,3",,"1,2,3,4",,"1,2,3",,"1,2",,,,,,,,,,,,,,,,,,,,,,,,,,,,,,,,,,,,,,,,,,,,,,,,,,,,,,,,,,,,"1,2,3,4,5",,"1,2,3",,"1,2,3,4",,1,,"1,2,3,4",,"1,2,3","1,2,3",,"1,2,3",,"1,2,3",,"1,2,3,4",,"1,2,3,4",,"1,2,3",,"1,2,3,4",,"1,2,3",,"1,2",,"1,2,3,4,5",,"1,2,3",,"1,2,3,4",,1,,"1,2,3,4",,"1,2,3","1,2,3",,"1,2,3",,"1,2,3",,"1,2,3,4",,"1,2,3,4",,"1,2,3",,"1,2,3,4",,"1,2,3",,"1,2",,MALE,24,ACCOUNTANT,6,4,,1,10535,"<span lang=""EN-GB"">Suppose
     you want to read a digital document when you are at Starbucks.<o:p></o:p></span>"
10/14/2018 13:57,10/16/2018 5:06,0,100.35.97.44,78,140925,0,10/23/2018 5:06,R_22FDT13dRm0ACpV,,,,,,,anonymous,EN,"2,3,6",,,,,,,,,,,,,,,,,,,,,,,,,,,,,,,,,,,,,,,,,,,,,,,,,,,,,,,,,,,,,,,,,,,,,,,,,,,,,,,,,,,,,,,,,,,,,,,,,,,,,,,,,,,,,,,,,,,,,,,,,,,,,,,,,,,,,,,,,,,,,,,,,,,,,,,,,,,,,,,,,,,,,,,,,,,,,,,,,,,,,,,,,,,,,,,,,,,,,,,,,,,,,,,,,,,14109,"<span lang=""EN-GB"">Suppose you are alone at home and you want to track the time you spent on&nbsp;</span>doing all your activities today."
10/16/2018 6:18,10/16/2018 6:21,0,108.245.152.51,88,178,0,10/23/2018 6:21,R_0eRmSKt1GaqNcm5,,,,,,,anonymous,EN,"1,2,3","2,4,5",,5,,"1,2,3",,3,,1,,3,"2,3",,5,,"1,3","2,3,4",,2,,"1,3,6",,2,,"1,2",,4,,"1,2,3",,,,,,,,,,,,,,,,,,,,,,,,,,,,,,,,,,,,,,,,,,,,,,,,,,,,,,,,,,,,,,,,,,,,,,,,,,,,,,,,,,,,,,,,,,,,,,,,,,,,,,,,,,,,,,,,,,,,,,,,,,,,,,,,,,,,,,,,,,,,,,,,,,,,,,,,,,,,,,,,,,,,,,,,,,,,,,,,,,,,,,5541,"<span lang=""EN-GB"">Suppose you have planned to meet a friend next week and you want to put this on your calendar when you are surrounded with people you are close to (e.g., friends, family members) at your home.<strong><o:p></o:p></strong></span>"
10/23/2018 6:36,10/23/2018 6:36,0,104.200.37.103,100,28,1,10/23/2018 6:36,R_3QGaQBoHc8ZZ5qV,,,,,35.66650391,-97.4654007,anonymous,EN,3,,,,,,,,,,,,,,,,,,,,,,,,,,,,,,,,,,,,,,,,,,,,,,,,,,,,,,,,,,,,,,,,,,,,,,,,,,,,,,,,,,,,,,,,,,,,,,,,,,,,,,,,,,,,,,,,,,,,,,,,,,,,,,,,,,,,,,,,,,,,,,,,,,,,,,,,,,,,,,,,,,,,,,,,,,,,,,,,,,,,,,,,,,,,,,,,,,,,,,,,,,,,,,,,,,,52505,"<span lang=""EN-GB"">Suppose
     you want to read a digital document when you are at home with people you
     are close to (e.g., friends, family members).<strong><o:p></o:p></strong></span>"
10/23/2018 6:36,10/23/2018 6:36,0,104.200.37.103,100,8,1,10/23/2018 6:36,R_33x02SDe85VY9nP,,,,,35.66650391,-97.4654007,anonymous,EN,"2,6",,,,,,,,,,,,,,,,,,,,,,,,,,,,,,,,,,,,,,,,,,,,,,,,,,,,,,,,,,,,,,,,,,,,,,,,,,,,,,,,,,,,,,,,,,,,,,,,,,,,,,,,,,,,,,,,,,,,,,,,,,,,,,,,,,,,,,,,,,,,,,,,,,,,,,,,,,,,,,,,,,,,,,,,,,,,,,,,,,,,,,,,,,,,,,,,,,,,,,,,,,,,,,,,,,,70762,"Suppose you want to purchase something online when
     you are with people you know (e.g., acquaintances,
     colleagues) at a park.<o:p></o:p>"
10/23/2018 6:36,10/23/2018 6:37,0,104.200.37.103,100,14,1,10/23/2018 6:37,R_3ESbWrZb0nKC8Zd,,,,,35.66650391,-97.4654007,anonymous,EN,4,,,,,,,,,,,,,,,,,,,,,,,,,,,,,,,,,,,,,,,,,,,,,,,,,,,,,,,,,,,,,,,,,,,,,,,,,,,,,,,,,,,,,,,,,,,,,,,,,,,,,,,,,,,,,,,,,,,,,,,,,,,,,,,,,,,,,,,,,,,,,,,,,,,,,,,,,,,,,,,,,,,,,,,,,,,,,,,,,,,,,,,,,,,,,,,,,,,,,,,,,,,,,,,,,,,43119,"<span lang=""EN-GB"">Suppose
     you want to take a click a photo when you are with people you are close to
     (e.g., friends, family members) at home<o:p></o:p></span>"
10/23/2018 6:37,10/23/2018 6:38,0,104.200.37.103,100,55,1,10/23/2018 6:38,R_2YJ0EeKhDZP3R6y,,,,,35.66650391,-97.4654007,anonymous,EN,"1,2,3,4,5,6",3,,2,,3,,1,,2,,2,2,,3,,2,2,,2,,"2,6",,1,,1,,2,,,,,,,,,,,,,,,,,,,,,,,,,,,,,,,,,,,,,,,,,,,,,,,,,,,,,,,,,,,,,,,,,,,,,,,,,,,,,,,,,,,,,,,,,,,,,,,,,,,,,,,,,,,,,,,,,,,,,,,,,,,,,,,,,,,,,,,,,,,,,,,,,,,,,,,,,,,,,,,,,,,,,,,,,,,,,,,,,,,,,,,,23639,"<span lang=""EN-GB"">Suppose you want to read a digital document when you are in a park surrounded by your close friends.<o:p></o:p></span>"
10/23/2018 6:38,10/23/2018 6:38,0,23.88.172.215,100,14,1,10/23/2018 6:38,R_3CNHPF7DZ70kOch,,,,,41.82400513,-71.41280365,anonymous,EN,5,,,,,,,,,,,,,,,,,,,,,,,,,,,,,,,,,,,,,,,,,,,,,,,,,,,,,,,,,,,,,,,,,,,,,,,,,,,,,,,,,,,,,,,,,,,,,,,,,,,,,,,,,,,,,,,,,,,,,,,,,,,,,,,,,,,,,,,,,,,,,,,,,,,,,,,,,,,,,,,,,,,,,,,,,,,,,,,,,,,,,,,,,,,,,,,,,,,,,,,,,,,,,,,,,,,63641,"<span lang=""EN-GB"">Suppose
     you are at starbucks and you realize today is the last day to pay one of
     your bills online.<o:p></o:p></span>"
10/23/2018 6:38,10/23/2018 6:38,0,216.107.42.51,100,17,1,10/23/2018 6:38,R_3j6QNPIENpLr8tD,,,,,37.75100708,-97.8219986,anonymous,EN,1,,,,,,,,,,,,,,,,,,,,,,,,,,,,,,,,,,,,,,,,,,,,,,,,,,,,,,,,,,,,,,,,,,,,,,,,,,,,,,,,,,,,,,,,,,,,,,,,,,,,,,,,,,,,,,,,,,,,,,,,,,,,,,,,,,,,,,,,,,,,,,,,,,,,,,,,,,,,,,,,,,,,,,,,,,,,,,,,,,,,,,,,,,,,,,,,,,,,,,,,,,,,,,,,,,,82008,"<span lang=""EN-GB"">Suppose you want to watch some video when you are alone at your home.<strong><o:p></o:p></strong></span>"
10/23/2018 6:39,10/23/2018 6:39,0,216.107.42.51,100,17,1,10/23/2018 6:39,R_2XcjOpccOvMLuqK,,,,,37.75100708,-97.8219986,anonymous,EN,1,,,,,,,,,,,,,,,,,,,,,,,,,,,,,,,,,,,,,,,,,,,,,,,,,,,,,,,,,,,,,,,,,,,,,,,,,,,,,,,,,,,,,,,,,,,,,,,,,,,,,,,,,,,,,,,,,,,,,,,,,,,,,,,,,,,,,,,,,,,,,,,,,,,,,,,,,,,,,,,,,,,,,,,,,,,,,,,,,,,,,,,,,,,,,,,,,,,,,,,,,,,,,,,,,,,22511,"<span lang=""EN-GB"">Suppose
     you want to a view a text message when you are surrounded with people you
     are close to (e.g., friends, family members) at your home.<strong><o:p></o:p></strong></span>"
10/23/2018 6:38,10/23/2018 6:40,0,104.200.37.103,100,110,1,10/23/2018 6:40,R_SCaOHBZy5NIX1yp,,,,,35.66650391,-97.4654007,anonymous,EN,"1,2,3,4,5,6","1,2,3,4",,"1,2,3",,"2,3",,3,,"2,3,4",,"2,3","1,2",,"2,3",,4,3,,"1,2,3",,"2,3,4",,"1,2",,"2,3",,2,,,,,,,,,,,,,,,,,,,,,,,,,,,,,,,,,,,,,,,,,,,,,,,,,,,,,,,,,,,,,,,,,,,,,,,,,,,,,,,,,,,,,,,,,,,,,,,,,,,,,,,,,,,,,,,,,,,,,,,,,,,,,,,,,,,,,,,,,,,,,,,,,,,,,,,,,,,,,,,,,,,,,,,,,,,,,,,,,,,,,,,,68120,"<span lang=""EN-GB"">Suppose it is a regular working day, you want to track the total amount of calories&nbsp;</span>you consume and burn off during the day.&nbsp;"
10/23/2018 6:36,10/23/2018 6:42,0,98.239.174.73,100,381,1,10/23/2018 6:42,R_DqNRS9b2kGfk8G5,,,,,41.12600708,-78.75270081,anonymous,EN,"1,2,4,5",2,,3,,1,,1,,1,,3,3,,5,,3,1,,2,,6,,2,,5,,4,,2,,,,,,,,,,,,,,,,,,,,,,,,,,,,,,2,,5,,1,,1,,1,,3,3,,5,,5,,1,,6,,2,,6,,5,,4,,,,,,,,,,,,,,,,,,,,,,,,,,,,,,,,,,,,,,,,,,,,,,,,,,,,,,,,,,,,,,,,,,,,,,,,,,,,,,,,,,,,,,,,,,,,,,,,,,,,,,,,,,,,,,,,,,,,,,female,50,salon owner,4,1,,4,33617,"<span lang=""EN-GB"">Suppose
     you want to purchase something online when you are alone at Starbucks.<o:p></o:p></span>"
10/23/2018 6:41,10/23/2018 6:43,0,216.237.229.83,100,105,1,10/23/2018 6:43,R_3n1NiXol6PONzxu,,,,,35.99899292,-79.9292984,anonymous,EN,"1,2,3",2,,5,,3,,1,,2,,3,2,,2,,3,3,,2,,6,,2,,1,,1,,2,,,,,,,,,,,,,,,,,,,,,,,,,,,,,,4,,5,,4,,1,,4,,1,2,,2,,1,,3,,4,,1,,7,,5,,2,,,,,,,,,,,,,,,,,,,,,,,,,,,,,,,,,,,,,,,,,,,,,,,,,,,,,,,,,,,,,,,,,,,,,,,,,,,,,,,,,,,,,,,,,,,,,,,,,,,,,,,,,,,,,,,,,,,,,,,,,,,,,85664,"<span lang=""EN-GB"" style=""font-size:11.0pt;line-height:115%;
font-family:&quot;Arial&quot;,sans-serif;mso-fareast-font-family:Arial;mso-ansi-language:
EN-GB;mso-fareast-language:EN-US;mso-bidi-language:AR-SA"">Suppose you want to check your social media when you are alone in a park.</span>"
10/23/2018 6:46,10/23/2018 6:46,0,216.107.42.74,100,10,1,10/23/2018 6:46,R_2YnzGGC2etcvFpY,,,,,37.75100708,-97.8219986,anonymous,EN,3,,,,,,,,,,,,,,,,,,,,,,,,,,,,,,,,,,,,,,,,,,,,,,,,,,,,,,,,,,,,,,,,,,,,,,,,,,,,,,,,,,,,,,,,,,,,,,,,,,,,,,,,,,,,,,,,,,,,,,,,,,,,,,,,,,,,,,,,,,,,,,,,,,,,,,,,,,,,,,,,,,,,,,,,,,,,,,,,,,,,,,,,,,,,,,,,,,,,,,,,,,,,,,,,,,,21447,"<span lang=""EN-GB"" style=""font-size:11.0pt;line-height:115%;
font-family:&quot;Arial&quot;,sans-serif;mso-fareast-font-family:Arial;mso-ansi-language:
EN-GB;mso-fareast-language:EN-US;mso-bidi-language:AR-SA"">Suppose you want to
take a click a photo when you are at Starbucks.</span>"
10/23/2018 6:38,10/23/2018 6:47,0,23.88.172.215,100,538,1,10/23/2018 6:47,R_3eakMc3Okenk0Lj,,,,,41.82400513,-71.41280365,anonymous,EN,"1,2,3,4,5,6","1,2",,1,,1,,1,,1,,1,1,,1,,1,1,,1,,1,,1,,1,,1,,"1,2,3,4,5,6",7,,5,,6,,3,,6,,4,5,,5,,5,,6,,7,,5,,7,,5,,4,,1,,1,,1,,1,,1,,1,1,,1,,1,,1,,1,,1,,1,,1,,1,,1,,2,,3,,1,,1,,1,1,,1,,2,,1,,1,,1,,1,,1,,"1,2",,"1,2,3,4,5,6",nice,"1,2,3,4",nice,"1,2,3,4,5",nice,"1,2",nice,"1,2,3,4,5",good,"1,2,3","1,2,3,4",nice,"1,2,3,4",nice,"1,2,3,4",nice,"1,2,3,4,5",nice,"1,2,3,4,5",nice,"1,2,3,4",nice,"1,2,3,4,5,6",nice,"1,2,3,4",nice,"1,2,3",nice,"1,2,3,4,5",,"1,2,3",,"1,2,3,4",,1,,"1,2,3,4",,"1,2,3","1,2,3",,"1,2,3",,"1,2,3",,"1,2,3,4",,"1,2,3,4",,"1,2,3",,"1,2,3,4",,"1,2,3",,"1,2",,1,,1,,1,,1,,1,,1,1,,1,,1,,1,,1,,1,,1,,1,,1,,,,,,,,,10820,"<span id=""docs-internal-guid-5a7e3441-7fff-9d1f-10e6-454a1d940975""><span style=""font-size: 11pt; font-family: Arial; color: rgb(0, 0, 0); background-color: transparent; font-variant-numeric: normal; font-variant-east-asian: normal; vertical-align: baseline; white-space: pre-wrap;"">Suppose you want to call your mother for sharing an important update about your life &nbsp;when you are alone at home</span><br> <br><br></span>"
10/23/2018 6:48,10/23/2018 6:48,0,75.39.85.140,100,5,1,10/23/2018 6:48,R_1juJAUOQ4BBn5r8,,,,,41.36759949,-81.86180115,anonymous,EN,2,,,,,,,,,,,,,,,,,,,,,,,,,,,,,,,,,,,,,,,,,,,,,,,,,,,,,,,,,,,,,,,,,,,,,,,,,,,,,,,,,,,,,,,,,,,,,,,,,,,,,,,,,,,,,,,,,,,,,,,,,,,,,,,,,,,,,,,,,,,,,,,,,,,,,,,,,,,,,,,,,,,,,,,,,,,,,,,,,,,,,,,,,,,,,,,,,,,,,,,,,,,,,,,,,,,53409,"<span lang=""EN-GB"">Suppose you want to control some devices/appliances (e.g., smart lights) when you are alone at home.<o:p></o:p></span>"
10/23/2018 6:48,10/23/2018 6:49,0,75.39.85.140,100,43,1,10/23/2018 6:49,R_2AGLYnyqYPXPbPu,,,,,41.36759949,-81.86180115,anonymous,EN,"2,5,6","2,3",,3,,4,,1,,"3,4",,"1,3",1,,3,,1,"2,4",,2,,"3,4",,"1,2",,1,,1,,,,,,,,,,,,,,,,,,,,,,,,,,,,,,,,,,,,,,,,,,,,,,,,,,,,,,,,,,,,,,,,,,,,,,,,,,,,,,,,,,,,,,,,,,,,,,,,,,,,,,,,,,,,,,,,,,,,,,,,,,,,,,,,,,,,,,,,,,,,,,,,,,,,,,,,,,,,,,,,,,,,,,,,,,,,,,,,,,,,,,,,33412,"<span lang=""EN-GB"">Suppose you have planned to meet a friend next week and you want to put this on your calendar when you are alone at Starbucks.<o:p></o:p></span>"
10/23/2018 6:49,10/23/2018 6:52,0,108.62.54.238,100,142,1,10/23/2018 6:52,R_3NyUNXdMd0CBlI9,,,,,40.86210632,-74.41169739,anonymous,EN,"1,2,3,4,5,6",1,,"1,2",,3,,1,,3,,1,3,,2,,4,2,,1,,3,,2,,2,,2,,,,,,,,,,,,,,,,,,,,,,,,,,,,,,,,,,,,,,,,,,,,,,,,,,,,,,,,,,,,,,,,,,,,,,,,,,,,,,,,,,,,,,,,,,,,,,,,,,,,,,,,,,,,,,,,,,,,,,,,,,,,,,,,,,,,,,,,,,,,,,,,,,,,,,,,,,,,,,,,,,,,,,,,,,,,,,,,,,,,,,,,76619,"<span lang=""EN-GB"">Suppose you want to call your mother for sharing an important
     update about your life when you are surrounded by people you know (e.g.,
     acquaintances, colleagues) at your home.<o:p></o:p></span>"
10/23/2018 6:52,10/23/2018 6:53,0,108.62.54.238,100,83,1,10/23/2018 6:53,R_3DHAn1UiV2Z7xu1,,,,,40.86210632,-74.41169739,anonymous,EN,"1,2,3,4,5,6","2,4",,"1,2",,"2,3,4",,1,,"2,3",,3,2,,1,,3,"2,3",,"1,2",,"2,3",,1,,"1,2",,"1,2",,,,,,,,,,,,,,,,,,,,,,,,,,,,,,,,,,,,,,,,,,,,,,,,,,,,,,,,,,,,,,,,,,,,,,,,,,,,,,,,,,,,,,,,,,,,,,,,,,,,,,,,,,,,,,,,,,,,,,,,,,,,,,,,,,,,,,,,,,,,,,,,,,,,,,,,,,,,,,,,,,,,,,,,,,,,,,,,,,,,,,,,95145,"Suppose you want to check your social media status
     when you are at Starbucks.<o:p></o:p>"
10/23/2018 6:59,10/23/2018 7:00,0,192.34.83.144,100,54,1,10/23/2018 7:00,R_3DuxKyISSnlZPSp,,,,,42.35839844,-71.05979919,anonymous,EN,"3,5",,,,,,,,,,,,,,,,,,,,,,,,,,,,,,,,,,,,,,,,,,,,,,,,,,,,,,,,,,,,,,,,,,,,,,,,,,,,,,,,,,,,,,,,,,,,,,,,,,,,,,,,,,,,,,,,,,,,,,,,,,,,,,,,,,,,,,,,,,,,,,,,,,,,,,,,,,,,,,,,,,,,,,,,,,,,,,,,,,,,,,,,,,,,,,,,,,,,,,,,,,,,,,,,,,,59947,"<span lang=""EN-GB"">Suppose
     you want to call your mother for sharing an important update about your
     life when you are alone at Starbucks.<o:p></o:p></span>"
10/23/2018 7:11,10/23/2018 7:11,0,216.107.42.74,100,12,1,10/23/2018 7:11,R_2aS3nEvNtepHhjJ,,,,,37.75100708,-97.8219986,anonymous,EN,"1,4",,,,,,,,,,,,,,,,,,,,,,,,,,,,,,,,,,,,,,,,,,,,,,,,,,,,,,,,,,,,,,,,,,,,,,,,,,,,,,,,,,,,,,,,,,,,,,,,,,,,,,,,,,,,,,,,,,,,,,,,,,,,,,,,,,,,,,,,,,,,,,,,,,,,,,,,,,,,,,,,,,,,,,,,,,,,,,,,,,,,,,,,,,,,,,,,,,,,,,,,,,,,,,,,,,,14915,"<span lang=""EN-GB"">Suppose
     you want to set up a reminder when you are at home with people you are
     close to (e.g., friends, family members).<strong><o:p></o:p></strong></span>"
10/23/2018 7:16,10/23/2018 7:29,0,100.35.97.44,100,751,1,10/23/2018 7:29,R_1MSNpkEVqz8QK5f,,,,,40.74450684,-74.15080261,anonymous,EN,"1,2,3,4,5,6","1,2,5",,5,,"3,4",,1,,1,,1,3,,2,,1,"3,4",,"2,3",,"2,3",,"2,3",,2,,4,,"2,5",,,,,,,,,,,,,,,,,,,,,,,,,,,,,,1,,1,,"2,3",,1,,1,,"1,2",3,,2,,2,,"2,3,4",,"2,3",,2,,"2,3",,5,,"1,2",,,,,,,,,,,,,,,,,,,,,,,,,,,,,,,,,,,,,,,,,,,,,,,,,,,,,,,,,,,,1,,5,,4,,1,,3,,"1,2",5,,"2,3",,"2,3",,"2,4",,"2,4",,3,,"2,4",,5,,4,,,,,,,,,,,,,,,,,,,,,,,,,,,,,,,female,45,teacher,4,3,,3,58104,"Suppose you want to call your mother for sharing an important update about your life when you are surrounded with people you are close to (e.g., friends, family members)at your home."
10/16/2018 7:32,10/16/2018 7:33,0,24.145.87.106,78,97,0,10/23/2018 7:34,R_3oYibQXnZ8lO37d,,,,,,,anonymous,EN,"1,2,3,4,6",,,,,,,,,,,,,,,,,,,,,,,,,,,,,,,,,,,,,,,,,,,,,,,,,,,,,,,,,,,,,,,,,,,,,,,,,,,,,,,,,,,,,,,,,,,,,,,,,,,,,,,,,,,,,,,,,,,,,,,,,,,,,,,,,,,,,,,,,,,,,,,,,,,,,,,,,,,,,,,,,,,,,,,,,,,,,,,,,,,,,,,,,,,,,,,,,,,,,,,,,,,,,,,,,,,86519,"<span lang=""EN-GB"">Suppose
     you want to a send a text message when you are surrounded by people you
     know (e.g., acquaintances, colleagues) at a restaurant.<o:p></o:p></span>"
10/23/2018 7:29,10/23/2018 7:35,0,100.35.97.44,100,347,1,10/23/2018 7:35,R_28O1J7Evc507hwQ,,,,,40.74450684,-74.15080261,anonymous,EN,"1,2,3,4,5,6","2,5",,1,,"2,3",,1,,1,,1,5,,2,,1,3,,"1,2",,"2,3",,"1,2",,5,,4,,6,,,,,,,,,,,,,,,,,,,,,,,,,,,,,,,,,,,,,,,,,,,,,,,,,,,,,,,,,,,,,,,,,,,,,,,,,,,,,,,,,,,,,,,,,,,,,,,,,,,,,,,,,,,,,,,,,,,,,,,,,,,,,,,,,,,,,,,,,,,,,,,,,,"2,5",,5,,3,,1,,1,,1,5,,5,,5,,3,,"1,2,3",,2,,"1,2,3",,1,,4,,female,34,cashier,2,2,,2,90164,"<span lang=""EN-GB"">Suppose you want to a view a text message when you are alone at a street.<o:p></o:p></span>"
10/23/2018 7:35,10/23/2018 7:35,0,208.66.15.250,100,24,1,10/23/2018 7:35,R_1rcUeAa3WdMyrAy,,,,,36.16610718,-116.0037994,anonymous,EN,"2,3",,,,,,,,,,,,,,,,,,,,,,,,,,,,,,,,,,,,,,,,,,,,,,,,,,,,,,,,,,,,,,,,,,,,,,,,,,,,,,,,,,,,,,,,,,,,,,,,,,,,,,,,,,,,,,,,,,,,,,,,,,,,,,,,,,,,,,,,,,,,,,,,,,,,,,,,,,,,,,,,,,,,,,,,,,,,,,,,,,,,,,,,,,,,,,,,,,,,,,,,,,,,,,,,,,,87223,"<span lang=""EN-GB"" style=""font-size:11.0pt;line-height:115%;
font-family:&quot;Arial&quot;,sans-serif;mso-fareast-font-family:Arial;mso-ansi-language:
EN-GB;mso-fareast-language:EN-US;mso-bidi-language:AR-SA"">Suppose you have
planned to meet a friend next week and you want put this on your calendar<span style=""color:#434343""> when you with </span>people you know (e.g.,
acquaintances, colleagues)<span style=""color:#434343""> at a park</span></span>"
10/20/2018 9:09,10/23/2018 7:35,0,196.16.225.36,100,253568,1,10/23/2018 7:35,R_2WU8R2mPOkA1FCL,,,,,39.09970093,-94.57859802,anonymous,EN,"1,2,3,4,6","1,2",,"1,2",,"2,4",,1,,1,,2,2,,1,,1,4,,"1,3",,2,,"1,3",,"2,3",,2,,,,,,,,,,,,,,,,,,,,,,,,,,,,,,,,,,,,,,,,,,,,,,,,,,,,,,,,,,,,,,,,,,,,,,,,,,,,,,,,,,,,,,,,,,,,,,,,,,,,,,,,,,,,,,,,,,,,,,,,,,,,,,,,,,,,,,,,,,,,,,,,,,,,,,,,,,,,,,,,,,,,,,,,,,,,,,,,,,,,,,,,48907,"Suppose you are alone at home, you want to take a break from studying/working&nbsp;<p>so you decide to play a video game with some with some people you know (e.g., acquaintances, colleagues).<o:p></o:p></p>"
10/23/2018 7:36,10/23/2018 7:36,0,107.172.140.116,100,7,1,10/23/2018 7:36,R_3prJBxR3N9xQoEj,,,,,42.88639832,-78.87809753,anonymous,EN,5,,,,,,,,,,,,,,,,,,,,,,,,,,,,,,,,,,,,,,,,,,,,,,,,,,,,,,,,,,,,,,,,,,,,,,,,,,,,,,,,,,,,,,,,,,,,,,,,,,,,,,,,,,,,,,,,,,,,,,,,,,,,,,,,,,,,,,,,,,,,,,,,,,,,,,,,,,,,,,,,,,,,,,,,,,,,,,,,,,,,,,,,,,,,,,,,,,,,,,,,,,,,,,,,,,,72193,"<span lang=""EN-GB"">Suppose you are at sitting at Starbucks and you want to play a digital/online&nbsp;</span>game with some close friends."
10/23/2018 7:37,10/23/2018 7:37,0,216.107.42.115,100,22,1,10/23/2018 7:37,R_20Z24bHQa1Epwj1,,,,,37.75100708,-97.8219986,anonymous,EN,3,,,,,,,,,,,,,,,,,,,,,,,,,,,,,,,,,,,,,,,,,,,,,,,,,,,,,,,,,,,,,,,,,,,,,,,,,,,,,,,,,,,,,,,,,,,,,,,,,,,,,,,,,,,,,,,,,,,,,,,,,,,,,,,,,,,,,,,,,,,,,,,,,,,,,,,,,,,,,,,,,,,,,,,,,,,,,,,,,,,,,,,,,,,,,,,,,,,,,,,,,,,,,,,,,,,57819,"<span lang=""EN-GB"">Suppose
     you want to set up a reminder when you with people you know (e.g.,
     acquaintances, colleagues) at a park.<o:p></o:p></span>"
10/23/2018 7:37,10/23/2018 7:37,0,216.107.42.115,100,16,1,10/23/2018 7:37,R_1CHJWHCLNkuVK0a,,,,,37.75100708,-97.8219986,anonymous,EN,1,,,,,,,,,,,,,,,,,,,,,,,,,,,,,,,,,,,,,,,,,,,,,,,,,,,,,,,,,,,,,,,,,,,,,,,,,,,,,,,,,,,,,,,,,,,,,,,,,,,,,,,,,,,,,,,,,,,,,,,,,,,,,,,,,,,,,,,,,,,,,,,,,,,,,,,,,,,,,,,,,,,,,,,,,,,,,,,,,,,,,,,,,,,,,,,,,,,,,,,,,,,,,,,,,,,69093,"<span lang=""EN-GB"">Suppose
     you want to a view a text message when you are surrounded by people you
     know (e.g., acquaintances, colleagues) at your home.<o:p></o:p></span>"
10/23/2018 7:37,10/23/2018 7:40,0,216.107.42.115,100,174,1,10/23/2018 7:40,R_2zdU5FvGC3L6txi,,,,,37.75100708,-97.8219986,anonymous,EN,6,,,,,,,,,,,,,,,,,,,,,,,,,,,,,,,,,,,,,,,,,,,,,,,,,,,,,,,,,,,,,,,,,,,,,,,,,,,,,,,,,,,,,,,,,,,,,,,,,,,,,,,,,,,,,,,,,,,,,,,,,,,,,,,,,,,,,,,,,,,,,,,,,,,,,,,,,,,,,,,,,,,,,,,,,,,,,,,,,,,,,,,,,,,,,,,,,,,,,,,,,,,,,,,,,,,81682,"<span lang=""EN-GB"">Suppose you want to browse the internet when you alone at a park.<o:p></o:p></span>"
10/23/2018 7:40,10/23/2018 7:43,0,100.35.97.44,100,216,1,10/23/2018 7:43,R_31mUtcjaHrNeMan,,,,,40.74450684,-74.15080261,anonymous,EN,"1,2,3,4,5,6","1,2,5",,3,,2,,1,,1,,2,5,,2,,2,"3,4",,"1,2",,"2,3",,"1,2",,5,,4,,5,,,,,,,,,,,,,,,,,,,,,,,,,,,,,,,,,,,,,,,,,,,,,,,,,,,,,,,,,,,,,,,,,,,,,,,,,,,,,,,,,,,,,,,,,,,,,,,,,,,,,,,,,,,,,,,,,,,,,1,,5,,4,,1,,3,,2,5,,1,,1,,4,,"2,4",,3,,"2,4",,5,,4,,,,,,,,,,,,,,,,,,,,,,,,,,,,,,,female,36,cashier,2,2,,2,54780,"<span lang=""EN-GB"">Suppose
     you want to a send a text message when you are alone at home<strong><o:p></o:p></strong></span>"
10/23/2018 7:45,10/23/2018 7:45,0,204.74.20.14,100,31,1,10/23/2018 7:45,R_2bJhV7bkUXaEt09,,,,,40.00909424,-76.36710358,anonymous,EN,1,,,,,,,,,,,,,,,,,,,,,,,,,,,,,,,,,,,,,,,,,,,,,,,,,,,,,,,,,,,,,,,,,,,,,,,,,,,,,,,,,,,,,,,,,,,,,,,,,,,,,,,,,,,,,,,,,,,,,,,,,,,,,,,,,,,,,,,,,,,,,,,,,,,,,,,,,,,,,,,,,,,,,,,,,,,,,,,,,,,,,,,,,,,,,,,,,,,,,,,,,,,,,,,,,,,29516,"<span lang=""EN-GB"" style=""font-size:11.0pt;line-height:115%;
font-family:&quot;Arial&quot;,sans-serif;mso-fareast-font-family:Arial;mso-ansi-language:
EN-GB;mso-fareast-language:EN-US;mso-bidi-language:AR-SA"">Suppose you want to a
send an email when you are alone at home</span>"
10/16/2018 7:43,10/16/2018 7:46,0,107.77.226.182,88,180,0,10/23/2018 7:46,R_1Nfv2dp0dZQYcn5,,,,,,,anonymous,EN,"1,2,4,5","1,2,4,5",,2,,"2,4",,1,,1,,2,3,,1,,2,4,,1,,2,,2,,"1,3",,1,,4,,,,,,,,,,,,,,,,,,,,,,,,,,,,,,,,,,,,,,,,,,,,,,,,,,,,,,,,,,,,,,,,,,,,,,,,,,,,,,,,,,,,,,,,,,,,,,,,,,,,,,,,,,,,,,,,,,,,,,,,,,,,,,,,,,,,,,,,,,,,,,,,,,,,,,,,,,,,,,,,,,,,,,,,,,,,,,,,,,,,,,38800,"<span lang=""EN-GB"">Suppose you are at a coffee shop, you have just read a book you loved and now&nbsp;</span>you want to write a review for it to share with your close family and friends."
10/23/2018 7:46,10/23/2018 7:48,0,216.107.42.154,100,67,1,10/23/2018 7:48,R_T5EJAhe5DeC1Tnr,,,,,37.75100708,-97.8219986,anonymous,EN,6,,,,,,,,,,,,,,,,,,,,,,,,,,,,,,,,,,,,,,,,,,,,,,,,,,,,,,,,,,,,,,,,,,,,,,,,,,,,,,,,,,,,,,,,,,,,,,,,,,,,,,,,,,,,,,,,,,,,,,,,,,,,,,,,,,,,,,,,,,,,,,,,,,,,,,,,,,,,,,,,,,,,,,,,,,,,,,,,,,,,,,,,,,,,,,,,,,,,,,,,,,,,,,,,,,,2838,"<span lang=""EN-GB"">Suppose
     you want to a view a text message when you with people you know (e.g.,
     acquaintances, colleagues) at a street<strong>.</strong><o:p></o:p></span>"
10/23/2018 7:48,10/23/2018 7:48,0,216.107.42.154,100,9,1,10/23/2018 7:48,R_OJsEMjYKKoxEonv,,,,,37.75100708,-97.8219986,anonymous,EN,2,,,,,,,,,,,,,,,,,,,,,,,,,,,,,,,,,,,,,,,,,,,,,,,,,,,,,,,,,,,,,,,,,,,,,,,,,,,,,,,,,,,,,,,,,,,,,,,,,,,,,,,,,,,,,,,,,,,,,,,,,,,,,,,,,,,,,,,,,,,,,,,,,,,,,,,,,,,,,,,,,,,,,,,,,,,,,,,,,,,,,,,,,,,,,,,,,,,,,,,,,,,,,,,,,,,50343,"<span lang=""EN-GB"">Suppose you are at Starbucks with your close friends and you realize today is the last day to pay one of your bills online.<o:p></o:p></span>"
10/23/2018 7:38,10/23/2018 7:48,0,96.246.102.156,100,607,1,10/23/2018 7:48,R_ANCpNZuVMUTYDrH,,,,,40.6006012,-73.75800323,anonymous,EN,"1,2,3,5,6","1,4",,1,,1,,1,,2,,1,1,,3,,1,2,,2,,2,,2,,"1,2",,2,,"1,2,3",1,,"2,3",,"1,4",,1,,2,,1,1,,1,,2,,3,,2,,"1,2",,3,,2,,2,,2,,1,,2,,1,,2,,"1,3",2,,3,,2,,1,,1,,2,,1,,3,,2,,"1,4",,3,,"1,2",,1,,2,,1,1,,2,,2,,3,,"2,3",,3,,"3,4",,2,,1,,,,,,,,,,,,,,,,,,,,,,,,,,,,,,,,,,,,,,,,,,,,,,,,,,,,,,,,,,,,,,,,,,,,,,,,,,,,,,,,,,,,,,,,,,,,,,,,68514,"<span lang=""EN-GB"">Suppose
     you want to a send a text message when you are surrounded by people you
     know (e.g., acquaintances, colleagues) at a restaurant.<o:p></o:p></span>"
10/23/2018 7:48,10/23/2018 7:48,0,216.107.42.154,100,11,1,10/23/2018 7:48,R_1g2zTw5s1mlj4sP,,,,,37.75100708,-97.8219986,anonymous,EN,5,,,,,,,,,,,,,,,,,,,,,,,,,,,,,,,,,,,,,,,,,,,,,,,,,,,,,,,,,,,,,,,,,,,,,,,,,,,,,,,,,,,,,,,,,,,,,,,,,,,,,,,,,,,,,,,,,,,,,,,,,,,,,,,,,,,,,,,,,,,,,,,,,,,,,,,,,,,,,,,,,,,,,,,,,,,,,,,,,,,,,,,,,,,,,,,,,,,,,,,,,,,,,,,,,,,37870,"<span lang=""EN-GB"">Suppose you want to watch some video when you are with your close friends at Starbucks.<o:p></o:p></span>"
10/23/2018 7:45,10/23/2018 7:49,0,204.74.20.14,100,180,1,10/23/2018 7:49,R_24iqnvStSapfqRt,,,,,40.00909424,-76.36710358,anonymous,EN,"1,2,5","1,2",,3,,4,,1,,1,,2,1,,3,,"2,3","2,4",,2,,3,,2,,1,,2,,,,,,,,,,,,,,,,,,,,,,,,,,,,,,,,,,,,,,,,,,,,,,,,,,,,,,,,,,,,,,,,,,,,,,,,,,,,,,,,,,,,,,,,,,,,,,,,,,,,,,,,,,,,,,,,,,,,,,,,,,,,,,,,,,,,,,,,,,,,,,,,,,,,,,,,,,,,,,,,,,,,,,,,,,,,,,,,,,,,,,,,34179,"<span lang=""EN-GB"">Suppose
     you want to purchase something online when you are alone at a park.<o:p></o:p></span>"
10/23/2018 7:50,10/23/2018 7:52,0,65.35.61.34,100,153,1,10/23/2018 7:52,R_yQLTJ4Hu03Z8Ial,,,,,27.84500122,-82.3125,anonymous,EN,"1,2,4,5,6",2,,1,,1,,1,,"1,4",,"1,3",2,,"1,2",,2,3,,2,,"3,4",,2,,"1,3",,2,,,,,,,,,,,,,,,,,,,,,,,,,,,,,,,,,,,,,,,,,,,,,,,,,,,,,,,,,,,,,,,,,,,,,,,,,,,,,,,,,,,,,,,,,,,,,,,,,,,,,,,,,,,,,,,,,,,,,,,,,,,,,,,,,,,,,,,,,,,,,,,,,,,,,,,,,,,,,,,,,,,,,,,,,,,,,,,,,,,,,,,,30895,"<span lang=""EN-GB"" style=""font-size:11.0pt;line-height:115%;
font-family:&quot;Arial&quot;,sans-serif;mso-fareast-font-family:Arial;mso-ansi-language:
EN-GB;mso-fareast-language:EN-US;mso-bidi-language:AR-SA"">Suppose you want to
read a digital document when you are at Starbucks surrounded with your close
friends.</span>"
10/23/2018 7:49,10/23/2018 7:54,0,165.225.39.54,100,295,1,10/23/2018 7:54,R_2zhImV9PWQiNaVJ,,,,,40.77639771,-73.98269653,anonymous,EN,"1,2,3",4,,1,,"1,2",,3,,1,,2,"1,2",,2,,4,3,,2,,6,,2,,"1,2",,2,,,,,,,,,,,,,,,,,,,,,,,,,,,,,,,,,,,,,,,,,,,,,,,,,,,,,,,,,,,,,,,,,,,,,,,,,,,,,,,,,,,,,,,,,,,,,,,,,,,,,,,,,,,,,,,,,,,,,,,,,,,,,,,,,,,,,,,,,,,,,,,,,,,,,,,,,,,,,,,,,,,,,,,,,,,,,,,,,,,,,,,,8606,"<span lang=""EN-GB"">Suppose
     you want to call your mother for sharing an important update about your
     life when you are with a very close friend at a restaurant&nbsp;<o:p></o:p></span>"
10/23/2018 7:55,10/23/2018 7:58,0,75.170.0.67,100,186,1,10/23/2018 7:58,R_2cB1wVWlWbHEfDP,,,,,35.58659363,-77.34850311,anonymous,EN,"1,2,3",2,,1,,"2,3",,1,,"1,3",,"2,3",1,,2,,2,2,,1,,1,,2,,2,,1,,,,,,,,,,,,,,,,,,,,,,,,,,,,,,,,,,,,,,,,,,,,,,,,,,,,,,,,,,,,,,,,,,,,,,,,,,,,,,,,,,,,,,,,,,,,,,,,,,,,,,,,,,,,,,,,,,,,,,,,,,,,,,,,,,,,,,,,,,,,,,,,,,,,,,,,,,,,,,,,,,,,,,,,,,,,,,,,,,,,,,,,58674,"<span lang=""EN-GB"">Suppose
     you want to set up a reminder about something when you are at Starbucks by
     yourself.<o:p></o:p></span>"
10/23/2018 7:57,10/23/2018 8:02,0,107.4.162.167,100,307,1,10/23/2018 8:02,R_0TEFrebC471Lcad,,,,,44.80599976,-93.14089966,anonymous,EN,"2,3,4",2,,5,,"1,2,3",,1,,1,,1,5,,3,,1,"1,3",,2,,2,,2,,5,,4,,2,,,,,,,,,,,,,,,,,,,,,,,,,,,,,,2,,5,,"1,2",,1,,1,,1,5,,5,,1,,"1,3",,2,,5,,2,,5,,4,,,,,,,,,,,,,,,,,,,,,,,,,,,,,,,,,,,,,,,,,,,,,,,,,,,,,,,,,,,,,,,,,,,,,,,,,,,,,,,,,,,,,,,,,,,,,,,,,,,,,,,,,,,,,,,,,,,,,,,,,,,,,28307,"<span lang=""EN-GB"">Suppose you are on a short vacation and you want to take a picture in front&nbsp;</span>of an iconic monument when you are surrounded by many people."
10/23/2018 8:04,10/23/2018 8:04,0,68.60.242.135,100,17,1,10/23/2018 8:04,R_2V3gbg1OlcDFfKk,,,,,40.44400024,-86.92369843,anonymous,EN,2,,,,,,,,,,,,,,,,,,,,,,,,,,,,,,,,,,,,,,,,,,,,,,,,,,,,,,,,,,,,,,,,,,,,,,,,,,,,,,,,,,,,,,,,,,,,,,,,,,,,,,,,,,,,,,,,,,,,,,,,,,,,,,,,,,,,,,,,,,,,,,,,,,,,,,,,,,,,,,,,,,,,,,,,,,,,,,,,,,,,,,,,,,,,,,,,,,,,,,,,,,,,,,,,,,,94945,"<span lang=""EN-GB"">Suppose you want to a send a text message when you are surrounded with people you are close to (e.g., friends, family members) at your home.<strong><o:p></o:p></strong></span>"
10/16/2018 7:32,10/16/2018 8:05,0,108.203.100.224,88,1998,0,10/23/2018 8:05,R_Z1PpGlTUkpwzzxf,,,,,,,anonymous,EN,"1,2,4,5,6","1,2",,2,,"1,2,3,4",,1,,1,,"2,3","1,2",,"1,2,3",,3,"1,2,3,4",,"2,3",,"2,3,4",,"1,2,3",,"1,2,3",,"1,2",,2,,,,,,,,,,,,,,,,,,,,,,,,,,,,,,,,,,,,,,,,,,,,,,,,,,,,,,,,,,,,,,,,,,,,,,,,,,,,,,,,,,,,,,,,,,,,,,,,,,,,,,,,,,,,,,,,,,,,,,,,,,,,,,,,,,,,,,,,,,,,,,,,,,,,,,,,,,,,,,,,,,,,,,,,,,,,,,,,,,,,,,76385,"<span lang=""EN-GB"">Suppose
     you want to set up a reminder when you are at a park by yourself.<o:p></o:p></span>"
10/23/2018 8:08,10/23/2018 8:14,0,65.73.63.234,100,369,1,10/23/2018 8:14,R_3HH4ZdGNzg4h5As,,,,,41.45120239,-74.4701004,anonymous,EN,"1,2,5",2,,2,,6,,3,,1,,4,1,,5,,4,6,,1,,7,,1,,3,,"1,2",,2,,,,,,,,,,,,,,,,,,,,,,,,,,,,,,2,,1,,1,,1,,1,,1,1,,1,,1,,1,,1,,1,,1,,1,,1,,,,,,,,,,,,,,,,,,,,,,,,,,,,,,,,,,,,,,,,,,,,,,,,,,,,,,,,,,,,,,,,,,,,,,,,,,,,,,,,,,,,,,,,,,,,,,,,,,,,,,,,,,,,,,,,,,,,,,Male,47,Manager,3,1,,3,98617,"<span lang=""EN-GB"">Suppose you are alone at home when you realize today is the last day to pay one of your bills online.<o:p></o:p></span>"
10/16/2018 8:15,10/16/2018 8:17,0,73.120.232.92,78,93,0,10/23/2018 8:17,R_AboUpN6PrIg4jPr,,,,,,,anonymous,EN,"1,2,3,4,5",,,,,,,,,,,,,,,,,,,,,,,,,,,,,,,,,,,,,,,,,,,,,,,,,,,,,,,,,,,,,,,,,,,,,,,,,,,,,,,,,,,,,,,,,,,,,,,,,,,,,,,,,,,,,,,,,,,,,,,,,,,,,,,,,,,,,,,,,,,,,,,,,,,,,,,,,,,,,,,,,,,,,,,,,,,,,,,,,,,,,,,,,,,,,,,,,,,,,,,,,,,,,,,,,,,90811,"<span lang=""EN-GB"">Suppose
     you want to listen to some audio when you are with your friends at
     Starbucks.<o:p></o:p></span>"
10/23/2018 8:22,10/23/2018 8:23,0,98.167.251.3,100,49,1,10/23/2018 8:23,R_25GfCJwRYTQBGCa,,,,,33.60479736,-112.2237015,anonymous,EN,"1,2,3,4,5","1,2,3",,1,,1,,1,,"1,4",,2,"1,2",,"1,2",,"1,2","1,2",,1,,"1,2,3",,1,,2,,4,,,,,,,,,,,,,,,,,,,,,,,,,,,,,,,,,,,,,,,,,,,,,,,,,,,,,,,,,,,,,,,,,,,,,,,,,,,,,,,,,,,,,,,,,,,,,,,,,,,,,,,,,,,,,,,,,,,,,,,,,,,,,,,,,,,,,,,,,,,,,,,,,,,,,,,,,,,,,,,,,,,,,,,,,,,,,,,,,,,,,,,,98070,"<span lang=""EN-GB"" style=""font-size:11.0pt;line-height:115%;
font-family:&quot;Arial&quot;,sans-serif;mso-fareast-font-family:Arial;mso-ansi-language:
EN-GB;mso-fareast-language:EN-US;mso-bidi-language:AR-SA"">Suppose you want to
find a route to a coffee shop when you are alone at home.</span>"
10/23/2018 7:38,10/23/2018 8:26,0,100.35.97.44,100,2904,1,10/23/2018 8:26,R_1Cw39k6RiN3S9uo,,,,,40.74450684,-74.15080261,anonymous,EN,"1,2,3,4,5,6","1,2",,5,,"2,4",,1,,1,,1,5,,3,,1,3,,5,,"2,3",,5,,1,,1,,"2,6",,,,,,,,,,,,,,,,,,,,,,,,,,,,,,"1,2,5",,1,,"3,4",,1,,1,,1,5,,3,,3,,"1,3",,"2,3",,2,,"2,3",,1,,1,,,,,,,,,,,,,,,,,,,,,,,,,,,,,,,,,,,,,,,,,,,,,,,,,,,,,,,,,,,,,,,,,,,,,,,,,,,,,,,,,,,,,,,,,"1,2,5",,5,,"3,4",,1,,1,,1,5,,5,,5,,"3,4",,"1,2",,"1,2",,"1,2",,1,,1,,female,23,student,3,2,,2,91575,"<span lang=""EN-GB"">Suppose you want to find a route to home while walking on a street with your close friends.<o:p></o:p></span>"
10/23/2018 8:25,10/23/2018 8:30,0,104.237.86.106,100,283,1,10/23/2018 8:30,R_3L5qPYNjTKn3erS,,,,,34.05839539,-118.2779999,anonymous,EN,"1,2,4,5",2,,"1,2",,"2,3",,1,,1,,2,"1,2",,"2,3",,"2,3","2,3",,2,,"1,3,4",,2,,"1,2,3",,"1,2",,,,,,,,,,,,,,,,,,,,,,,,,,,,,,,,,,,,,,,,,,,,,,,,,,,,,,,,,,,,,,,,,,,,,,,,,,,,,,,,,,,,,,,,,,,,,,,,,,,,,,,,,,,,,,,,,,,,,,,,,,,,,,,,,,,,,,,,,,,,,,,,,,,,,,,,,,,,,,,,,,,,,,,,,,,,,,,,,,,,,,,,40280,"<span lang=""EN-GB"">Suppose you have planned to meet a friend next week and you want to put this on your calendar when you are surrounded by people you know (e.g., acquaintances, colleagues) at a restaurant.<o:p></o:p></span>"
10/23/2018 8:27,10/23/2018 8:33,0,100.35.97.44,100,410,1,10/23/2018 8:33,R_2ygECfofEoL0uyM,,,,,40.74450684,-74.15080261,anonymous,EN,"1,2,3,4,5,6",2,,5,,2,,1,,1,,1,2,,5,,1,3,,"1,2",,"1,3",,"1,2",,"2,3",,1,,2,,,,,,,,,,,,,,,,,,,,,,,,,,,,,,2,,5,,"2,3",,1,,1,,1,2,,5,,5,,3,,1,,2,,1,,3,,"1,2",,,,,,,,,,,,,,,,,,,,,,,,,,,,,,,,,,,,,,,,,,,,,,,,,,,,,,,,,,,,,,,,,,,,,,,,,,,,,,,,,,,,,,,,,,,,,,,,,,,,,,,,,,,,,,,,,,,,,,female,20,student,3,6,,3,892,"<span lang=""EN-GB"">Suppose you want to take a click a photo when you are with your close friends&nbsp;</span>and family members at Starbucks"
10/23/2018 8:34,10/23/2018 8:35,0,104.128.136.54,100,30,1,10/23/2018 8:35,R_3r0cjo0uRu1WHIv,,,,,47.48890686,-122.3012009,anonymous,EN,6,,,,,,,,,,,,,,,,,,,,,,,,,,,,,,,,,,,,,,,,,,,,,,,,,,,,,,,,,,,,,,,,,,,,,,,,,,,,,,,,,,,,,,,,,,,,,,,,,,,,,,,,,,,,,,,,,,,,,,,,,,,,,,,,,,,,,,,,,,,,,,,,,,,,,,,,,,,,,,,,,,,,,,,,,,,,,,,,,,,,,,,,,,,,,,,,,,,,,,,,,,,,,,,,,,,54135,"<span lang=""EN-GB"">Suppose you want to browse the internet when you are with people you know (e.g., acquaintances, colleagues) at a restaurant.<o:p></o:p></span>"
10/23/2018 8:37,10/23/2018 8:37,0,73.1.76.197,100,7,1,10/23/2018 8:37,R_31jwOEqsV9X1OLn,,,,,26.92120361,-80.21440125,anonymous,EN,3,,,,,,,,,,,,,,,,,,,,,,,,,,,,,,,,,,,,,,,,,,,,,,,,,,,,,,,,,,,,,,,,,,,,,,,,,,,,,,,,,,,,,,,,,,,,,,,,,,,,,,,,,,,,,,,,,,,,,,,,,,,,,,,,,,,,,,,,,,,,,,,,,,,,,,,,,,,,,,,,,,,,,,,,,,,,,,,,,,,,,,,,,,,,,,,,,,,,,,,,,,,,,,,,,,,6022,"<span lang=""EN-GB"">Suppose
     you want to listen to some audio when you are with people you know (e.g.,
     acquaintances, colleagues) in a park.<o:p></o:p></span>


<p><span lang=""EN-GB"" style=""color:red"">&nbsp;</span></p>"
10/23/2018 8:38,10/23/2018 8:38,0,34.224.88.99,100,11,1,10/23/2018 8:38,R_3kvxF9SOIQTP1Hi,,,,,39.0480957,-77.47280121,anonymous,EN,3,,,,,,,,,,,,,,,,,,,,,,,,,,,,,,,,,,,,,,,,,,,,,,,,,,,,,,,,,,,,,,,,,,,,,,,,,,,,,,,,,,,,,,,,,,,,,,,,,,,,,,,,,,,,,,,,,,,,,,,,,,,,,,,,,,,,,,,,,,,,,,,,,,,,,,,,,,,,,,,,,,,,,,,,,,,,,,,,,,,,,,,,,,,,,,,,,,,,,,,,,,,,,,,,,,,796,"<span lang=""EN-GB"">Suppose
     you want to a view a text message when you are alone at Starbucks.<o:p></o:p></span>"
10/22/2018 6:34,10/23/2018 8:40,0,24.239.80.53,100,93948,1,10/23/2018 8:40,R_1g0bbXm2j412KJj,,,,,41.09790039,-80.75980377,anonymous,EN,"1,2,4","2,3",,3,,1,,1,,3,,"2,3","1,2",,2,,2,6,,2,,"1,3",,2,,"1,2,3",,"1,2",,,,,,,,,,,,,,,,,,,,,,,,,,,,,,,,,,,,,,,,,,,,,,,,,,,,,,,,,,,,,,,,,,,,,,,,,,,,,,,,,,,,,,,,,,,,,,,,,,,,,,,,,,,,,,,,,,,,,,,,,,,,,,,,,,,,,,,,,,,,,,,,,,,,,,,,,,,,,,,,,,,,,,,,,,,,,,,,,,,,,,,,56652,"<span lang=""EN-GB"">Suppose
     you want to a send a text message when you are surrounded by people you
     know (e.g., acquaintances, colleagues) at your home.<o:p></o:p></span>"
10/23/2018 8:39,10/23/2018 8:40,0,185.245.86.52,100,39,1,10/23/2018 8:40,R_1kFH3kZD40F3m1N,,,,,25.78059387,-80.18260193,anonymous,EN,"1,3",,,,,,,,,,,,,,,,,,,,,,,,,,,,,,,,,,,,,,,,,,,,,,,,,,,,,,,,,,,,,,,,,,,,,,,,,,,,,,,,,,,,,,,,,,,,,,,,,,,,,,,,,,,,,,,,,,,,,,,,,,,,,,,,,,,,,,,,,,,,,,,,,,,,,,,,,,,,,,,,,,,,,,,,,,,,,,,,,,,,,,,,,,,,,,,,,,,,,,,,,,,,,,,,,,,96634,"<span lang=""EN-GB"">Suppose
     you want to purchase something online when you are with your close friends
     at Starbucks.<o:p></o:p></span>"
10/23/2018 8:38,10/23/2018 8:40,0,173.56.223.91,100,103,1,10/23/2018 8:40,R_ZErYcjIC2sLGGxr,,,,,41.01179504,-73.86650085,anonymous,EN,"1,2,3,4,5,6",2,,5,,"1,2,3",,3,,1,,3,5,,5,,2,6,,"1,2",,3,,"1,2",,"1,2",,"1,2",,,,,,,,,,,,,,,,,,,,,,,,,,,,,,,,,,,,,,,,,,,,,,,,,,,,,,,,,,,,,,,,,,,,,,,,,,,,,,,,,,,,,,,,,,,,,,,,,,,,,,,,,,,,,,,,,,,,,,,,,,,,,,,,,,,,,,,,,,,,,,,,,,,,,,,,,,,,,,,,,,,,,,,,,,,,,,,,,,,,,,,,53859,"<span lang=""EN-GB"">Suppose you are alone at home, you want to take a break from studying/working&nbsp;</span>so you decide to play an online/digital game with some close friends ."
10/23/2018 8:41,10/23/2018 8:42,0,67.149.245.114,100,17,1,10/23/2018 8:42,R_1P67qjg80JZQQXt,,,,,42.2940979,-83.25360107,anonymous,EN,3,,,,,,,,,,,,,,,,,,,,,,,,,,,,,,,,,,,,,,,,,,,,,,,,,,,,,,,,,,,,,,,,,,,,,,,,,,,,,,,,,,,,,,,,,,,,,,,,,,,,,,,,,,,,,,,,,,,,,,,,,,,,,,,,,,,,,,,,,,,,,,,,,,,,,,,,,,,,,,,,,,,,,,,,,,,,,,,,,,,,,,,,,,,,,,,,,,,,,,,,,,,,,,,,,,,74885,"<span lang=""EN-GB"">Suppose you are at home with people you are close to (e.g., friends, family members) when you realize today is the last day to pay one of your bills online.<o:p></o:p></span>"
10/23/2018 8:40,10/23/2018 8:43,0,185.245.86.52,100,173,1,10/23/2018 8:43,R_1hzNT9tMtCwSU9Q,,,,,25.78059387,-80.18260193,anonymous,EN,"1,2,3,4,5,6","2,3",,"2,3",,"2,3",,1,,"1,3",,"1,2","1,3",,"2,3",,1,"2,3",,"1,2",,"1,3,6",,"1,2",,"1,3",,"1,2",,,,,,,,,,,,,,,,,,,,,,,,,,,,,,,,,,,,,,,,,,,,,,,,,,,,,,,,,,,,,,,,,,,,,,,,,,,,,,,,,,,,,,,,,,,,,,,,,,,,,,,,,,,,,,,,,,,,,,,,,,,,,,,,,,,,,,,,,,,,,,,,,,,,,,,,,,,,,,,,,,,,,,,,,,,,,,,,,,,,,,,,85661,"<span lang=""EN-GB"">Suppose
     you are at a park and you realize today is the last day to pay one of your
     bills online.<o:p></o:p></span>"
10/16/2018 8:39,10/16/2018 8:44,0,196.18.226.4,88,272,0,10/23/2018 8:44,R_1PbjmFg9nAk7H0p,,,,,,,anonymous,EN,"1,2,3,4,5,6","1,2,3,4,5",,"1,2,3",,6,,1,,"1,2,3,4",,"1,2,3",3,,"1,2,3",,"2,3","1,2,3,4",,"1,2,3",,6,,"1,2,3",,2,,4,,"1,2,3,4,5,6",,,,,,,,,,,,,,,,,,,,,,,,,,,,,,,,,,,,,,,,,,,,,,,,,,,,,,,,,,,,,,,,,,,,,,,,,,,,,,,,,,,,,,,,,,,,,,,,,,,,,,,,,,,,,,,,,,,,,,,,,,,,,,,,,,,,,,,,,,,,,,,,,,,,,,,,,,,,,,,,,,,,,,,,,,,,,,,,,,,,,,10130,"<span lang=""EN-GB"" style=""font-size:11.0pt;line-height:115%;
font-family:&quot;Arial&quot;,sans-serif;mso-fareast-font-family:Arial;mso-ansi-language:
EN-GB;mso-fareast-language:EN-US;mso-bidi-language:AR-SA"">Suppose you want to
take a click a photo when you are at Starbucks.</span>"
10/23/2018 8:43,10/23/2018 8:44,0,138.219.172.215,100,36,1,10/23/2018 8:44,R_1HemBotBxd0Bkn6,,,,,15,-86.5,anonymous,EN,1,,,,,,,,,,,,,,,,,,,,,,,,,,,,,,,,,,,,,,,,,,,,,,,,,,,,,,,,,,,,,,,,,,,,,,,,,,,,,,,,,,,,,,,,,,,,,,,,,,,,,,,,,,,,,,,,,,,,,,,,,,,,,,,,,,,,,,,,,,,,,,,,,,,,,,,,,,,,,,,,,,,,,,,,,,,,,,,,,,,,,,,,,,,,,,,,,,,,,,,,,,,,,,,,,,,56682,"<span lang=""EN-GB"">Suppose you are at sitting at Starbucks and you want to play a digital/online&nbsp;</span>game."
10/23/2018 8:44,10/23/2018 8:46,0,174.205.2.4,100,104,1,10/23/2018 8:46,R_AEx9p2oU9jIZCgN,,,,,39.00050354,-76.97229767,anonymous,EN,"1,2,3,4",7,,5,,6,,3,,6,,4,5,,5,,4,6,,5,,7,,5,,5,,4,,3,,,,,,,,,,,,,,,,,,,,,,,,,,,,,,,,,,,,,,,,,,,,,,,,,,,,,,,,,,,7,,5,,6,,3,,6,,4,5,,5,,5,,6,,7,,5,,6,,5,,4,,,,,,,,,,,,,,,,,,,,,,,,,,,,,,,,,,,,,,,,,,,,,,,,,,,,,,,,,,,,,,,,,,,,,,,,,,,,,,,,,,,,,,,,,,,,,,,,55977,"<span lang=""EN-GB"">Suppose
     you want to read a digital document when you are alone at home.<strong><o:p></o:p></strong></span>"
10/23/2018 8:35,10/23/2018 8:46,0,100.35.97.44,100,673,1,10/23/2018 8:46,R_3oLy9R6ZXIPRDq3,,,,,40.74450684,-74.15080261,anonymous,EN,"1,2,3,4,5,6","1,2",,3,,"3,4",,1,,2,,"1,2",5,,5,,"1,2","3,4",,"1,2",,"2,3",,"1,2",,5,,1,,6,,,,,,,,,,,,,,,,,,,,,,,,,,,,,,,,,,,,,,,,,,,,,,,,,,,,,,,,,,,,,,,,,,,,,,,,,,,,,,,,,,,,,,,,,,,,,,,,,,,,,,,,,,,,,,,,,,,,,,,,,,,,,,,,,,,,,,,,,,,,,,,,,,"1,2",,5,,"2,3",,1,,1,,3,5,,5,,5,,"3,4",,"1,2",,"1,2",,"1,2",,1,,1,,female,23,cashier,3,2,,3,30401,"<span lang=""EN-GB"">Suppose you want to find a route to home while walking on a street.<o:p></o:p></span>"
10/23/2018 8:47,10/23/2018 8:48,0,23.226.131.229,100,65,1,10/23/2018 8:48,R_3iDRqSl6gGx4ku7,,,,,40.79100037,-74.06340027,anonymous,EN,4,,,,,,,,,,,,,,,,,,,,,,,,,,,,,,,,,,,,,,,,,,,,,,,,,,,,,,,,,,,,,,,,,,,,,,,,,,,,,,,,,,,,,,,,,,,,,,,,,,,,,,,,,,,,,,,,,,,,,,,,,,,,,,,,,,,,,,,,,,,,,,,,,,,,,,,,,,,,,,,,,,,,,,,,,,,,,,,,,,,,,,,,,,,,,,,,,,,,,,,,,,,,,,,,,,,79581,"<span lang=""EN-GB"">Suppose
     you want to watch some video when you are with people you know (e.g.,
     acquaintances, colleagues) at your home.<o:p></o:p></span>"
10/23/2018 8:48,10/23/2018 8:48,0,74.137.60.167,100,14,1,10/23/2018 8:48,R_1N9sCQL5hZyfxYk,,,,,38.30290222,-85.96170044,anonymous,EN,"2,3",,,,,,,,,,,,,,,,,,,,,,,,,,,,,,,,,,,,,,,,,,,,,,,,,,,,,,,,,,,,,,,,,,,,,,,,,,,,,,,,,,,,,,,,,,,,,,,,,,,,,,,,,,,,,,,,,,,,,,,,,,,,,,,,,,,,,,,,,,,,,,,,,,,,,,,,,,,,,,,,,,,,,,,,,,,,,,,,,,,,,,,,,,,,,,,,,,,,,,,,,,,,,,,,,,,9749,"<span lang=""EN-GB"">Suppose
     you want to listen to some audio when you are at home with people you are
     close to (e.g., friends, family members).<strong><o:p></o:p></strong></span>"
10/23/2018 8:41,10/23/2018 8:48,0,107.77.199.194,100,383,1,10/23/2018 8:48,R_etfmRUP746SJSs9,,,,,32.72540283,-97.32080078,anonymous,EN,"1,2,3,4","2,3,4",,1,,"1,2,3",,1,,1,,3,"2,3",,2,,"1,2","1,3",,"1,2",,"1,3",,"1,2",,3,,1,,,,,,,,,,,,,,,,,,,,,,,,,,,,,,,,,,,,,,,,,,,,,,,,,,,,,,,,,,,,,,,,,,,,,,,,,,,,,,,,,,,,,,,,,,,,,,,,,,,,,,,,,,,,,,,,,,,,,,,,,,,,,,,,,,,,,,,,,,,,,,,,,,,,,,,,,,,,,,,,,,,,,,,,,,,,,,,,,,,,,,,,88725,"<span lang=""EN-GB"">Suppose
     you are at home with some people you know (e.g., acquaintances,
     colleagues) when you realize today is the last day to pay one of your
     bills online.<o:p></o:p></span>"
10/23/2018 8:48,10/23/2018 8:49,0,23.226.131.229,100,65,1,10/23/2018 8:49,R_3LbzFASvMQtlRz7,,,,,40.79100037,-74.06340027,anonymous,EN,6,,,,,,,,,,,,,,,,,,,,,,,,,,,,,,,,,,,,,,,,,,,,,,,,,,,,,,,,,,,,,,,,,,,,,,,,,,,,,,,,,,,,,,,,,,,,,,,,,,,,,,,,,,,,,,,,,,,,,,,,,,,,,,,,,,,,,,,,,,,,,,,,,,,,,,,,,,,,,,,,,,,,,,,,,,,,,,,,,,,,,,,,,,,,,,,,,,,,,,,,,,,,,,,,,,,9791,"<span lang=""EN-GB"">Suppose you have planned to meet a friend next week and you want to&nbsp;put this on your calendar </span><span lang=""EN-GB"">when</span><span lang=""EN-GB""> you are surrounded by people you know (e.g., acquaintances, colleagues) at your home.</span><span lang=""EN-GB""><o:p></o:p></span>"
10/23/2018 8:49,10/23/2018 8:50,0,23.226.131.229,100,27,1,10/23/2018 8:50,R_2ByrIfbsoUHn0ko,,,,,40.79100037,-74.06340027,anonymous,EN,5,,,,,,,,,,,,,,,,,,,,,,,,,,,,,,,,,,,,,,,,,,,,,,,,,,,,,,,,,,,,,,,,,,,,,,,,,,,,,,,,,,,,,,,,,,,,,,,,,,,,,,,,,,,,,,,,,,,,,,,,,,,,,,,,,,,,,,,,,,,,,,,,,,,,,,,,,,,,,,,,,,,,,,,,,,,,,,,,,,,,,,,,,,,,,,,,,,,,,,,,,,,,,,,,,,,45045,"<span lang=""EN-GB"">Suppose you want to watch some video when you are alone in a park.<o:p></o:p></span>"
10/23/2018 8:50,10/23/2018 8:50,0,24.13.186.19,100,9,1,10/23/2018 8:50,R_1EgLpLIFKtgiLkF,,,,,42.0144043,-88.09349823,anonymous,EN,"1,2",,,,,,,,,,,,,,,,,,,,,,,,,,,,,,,,,,,,,,,,,,,,,,,,,,,,,,,,,,,,,,,,,,,,,,,,,,,,,,,,,,,,,,,,,,,,,,,,,,,,,,,,,,,,,,,,,,,,,,,,,,,,,,,,,,,,,,,,,,,,,,,,,,,,,,,,,,,,,,,,,,,,,,,,,,,,,,,,,,,,,,,,,,,,,,,,,,,,,,,,,,,,,,,,,,,39997,"<span lang=""EN-GB"" style=""font-size:11.0pt;line-height:115%;
font-family:&quot;Arial&quot;,sans-serif;mso-fareast-font-family:Arial;mso-ansi-language:
EN-GB;mso-fareast-language:EN-US;mso-bidi-language:AR-SA"">Suppose you want to a
send an email when you are at Starbucks.</span>"
10/23/2018 8:50,10/23/2018 8:50,0,23.226.131.229,100,24,1,10/23/2018 8:50,R_2PgTpafYK5UfVFK,,,,,40.79100037,-74.06340027,anonymous,EN,2,,,,,,,,,,,,,,,,,,,,,,,,,,,,,,,,,,,,,,,,,,,,,,,,,,,,,,,,,,,,,,,,,,,,,,,,,,,,,,,,,,,,,,,,,,,,,,,,,,,,,,,,,,,,,,,,,,,,,,,,,,,,,,,,,,,,,,,,,,,,,,,,,,,,,,,,,,,,,,,,,,,,,,,,,,,,,,,,,,,,,,,,,,,,,,,,,,,,,,,,,,,,,,,,,,,82716,"<span lang=""EN-GB"">Suppose you are at a coffee shop, you have just read a book you loved and now&nbsp;</span>you want to write a review for it to share with your close family and friends."
10/23/2018 8:50,10/23/2018 8:51,0,192.133.12.123,100,31,1,10/23/2018 8:51,R_3HHYMN294uvnBDZ,,,,,41.83830261,-71.43769836,anonymous,EN,"1,2",,,,,,,,,,,,,,,,,,,,,,,,,,,,,,,,,,,,,,,,,,,,,,,,,,,,,,,,,,,,,,,,,,,,,,,,,,,,,,,,,,,,,,,,,,,,,,,,,,,,,,,,,,,,,,,,,,,,,,,,,,,,,,,,,,,,,,,,,,,,,,,,,,,,,,,,,,,,,,,,,,,,,,,,,,,,,,,,,,,,,,,,,,,,,,,,,,,,,,,,,,,,,,,,,,,16183,"<span lang=""EN-GB"">Suppose you want to browse the internet when you are with your close friends at a park.<o:p></o:p></span>"
10/23/2018 8:51,10/23/2018 8:51,0,23.226.131.229,100,39,1,10/23/2018 8:51,R_r1jiYRbXjm2LeJr,,,,,40.79100037,-74.06340027,anonymous,EN,3,,,,,,,,,,,,,,,,,,,,,,,,,,,,,,,,,,,,,,,,,,,,,,,,,,,,,,,,,,,,,,,,,,,,,,,,,,,,,,,,,,,,,,,,,,,,,,,,,,,,,,,,,,,,,,,,,,,,,,,,,,,,,,,,,,,,,,,,,,,,,,,,,,,,,,,,,,,,,,,,,,,,,,,,,,,,,,,,,,,,,,,,,,,,,,,,,,,,,,,,,,,,,,,,,,,62996,"Suppose you want to purchase something online when
     you are with people you know (e.g., acquaintances,
     colleagues) at a park.<o:p></o:p>"
10/23/2018 8:52,10/23/2018 8:52,0,23.226.131.229,100,23,1,10/23/2018 8:52,R_12M8Ec47U39nhzq,,,,,40.79100037,-74.06340027,anonymous,EN,1,,,,,,,,,,,,,,,,,,,,,,,,,,,,,,,,,,,,,,,,,,,,,,,,,,,,,,,,,,,,,,,,,,,,,,,,,,,,,,,,,,,,,,,,,,,,,,,,,,,,,,,,,,,,,,,,,,,,,,,,,,,,,,,,,,,,,,,,,,,,,,,,,,,,,,,,,,,,,,,,,,,,,,,,,,,,,,,,,,,,,,,,,,,,,,,,,,,,,,,,,,,,,,,,,,,69518,"<span lang=""EN-GB"">Suppose you want to control some devices/appliances (e.g., smart lights) when you are at home with people you are close to (e.g., friends, family members)<strong><o:p></o:p></strong></span>"
10/23/2018 8:52,10/23/2018 8:54,0,23.226.131.229,100,104,1,10/23/2018 8:54,R_3NE3BwKrYDCGKUO,,,,,40.79100037,-74.06340027,anonymous,EN,"5,6",,,,,,,,,,,,,,,,,,,,,,,,,,,,,,,,,,,,,,,,,,,,,,,,,,,,,,,,,,,,,,,,,,,,,,,,,,,,,,,,,,,,,,,,,,,,,,,,,,,,,,,,,,,,,,,,,,,,,,,,,,,,,,,,,,,,,,,,,,,,,,,,,,,,,,,,,,,,,,,,,,,,,,,,,,,,,,,,,,,,,,,,,,,,,,,,,,,,,,,,,,,,,,,,,,,82111,"<span lang=""EN-GB"">Suppose
     you want to purchase something online when you are alone at your home.<o:p></o:p></span>"
10/23/2018 8:49,10/23/2018 8:55,0,74.112.96.5,100,386,1,10/23/2018 8:55,R_1DtCusCxXJJQcP2,,,,,37.75100708,-97.8219986,anonymous,EN,"1,2,4,6","2,4",,1,,"1,2",,1,,2,,1,"1,2",,"2,3",,"1,2","1,4",,"1,2",,"2,3",,2,,"1,3",,2,,,,,,,,,,,,,,,,,,,,,,,,,,,,,,,,,,,,,,,,,,,,,,,,,,,,,,,,,,,,,,,,,,,,,,,,,,,,,,,,,,,,,,,,,,,,,,,,,,,,,,,,,,,,,,,,,,,,,,,,,,,,,,,,,,,,,,,,,,,,,,,,,,,,,,,,,,,,,,,,,,,,,,,,,,,,,,,,,,,,,,,,56779,
10/23/2018 8:52,10/23/2018 8:57,0,76.174.192.221,100,281,1,10/23/2018 8:57,R_1hz1qpCL4Y7O8ap,,,,,34.11320496,-117.3771057,anonymous,EN,"1,2,3,4,5",2,,1,,1,,1,,1,,2,3,,2,,2,1,,2,,3,,2,,1,,2,,3,,,,,,,,,,,,,,,,,,,,,,,,,,,,,,,,,,,,,,,,,,,,,,,,,,,,,,,,,,,2,,3,,2,,3,,1,,1,1,,3,,2,,2,,4,,2,,4,,2,,1,,,,,,,,,,,,,,,,,,,,,,,,,,,,,,,,,,,,,,,,,,,,,,,,,,,,,,,,,,,,,,,,,,,,,,,,,,,,,,,,,,,,,,,,,,,,,,,,70646,"Suppose you want to find a route to a coffee shop
     when you are at home with your by your colleagues<o:p></o:p>"
10/23/2018 8:59,10/23/2018 9:00,0,23.112.240.10,100,21,1,10/23/2018 9:00,R_3HNUaDRNusw0rkc,,,,,32.72869873,-96.62280273,anonymous,EN,"2,3",,,,,,,,,,,,,,,,,,,,,,,,,,,,,,,,,,,,,,,,,,,,,,,,,,,,,,,,,,,,,,,,,,,,,,,,,,,,,,,,,,,,,,,,,,,,,,,,,,,,,,,,,,,,,,,,,,,,,,,,,,,,,,,,,,,,,,,,,,,,,,,,,,,,,,,,,,,,,,,,,,,,,,,,,,,,,,,,,,,,,,,,,,,,,,,,,,,,,,,,,,,,,,,,,,,61216,"<span lang=""EN-GB"">Suppose you want to listen to some audio when you are alone in a park.<o:p></o:p></span>"
10/23/2018 9:01,10/23/2018 9:01,0,108.171.131.189,100,20,1,10/23/2018 9:01,R_1CHXYg5nF45Ia2J,,,,,37.75100708,-97.8219986,anonymous,EN,"1,2",,,,,,,,,,,,,,,,,,,,,,,,,,,,,,,,,,,,,,,,,,,,,,,,,,,,,,,,,,,,,,,,,,,,,,,,,,,,,,,,,,,,,,,,,,,,,,,,,,,,,,,,,,,,,,,,,,,,,,,,,,,,,,,,,,,,,,,,,,,,,,,,,,,,,,,,,,,,,,,,,,,,,,,,,,,,,,,,,,,,,,,,,,,,,,,,,,,,,,,,,,,,,,,,,,,85977,"<span lang=""EN-GB"">Suppose
     you are at a park with your close friends and you realize today is the
     last day to pay one of your bills online.<o:p></o:p></span>"
10/23/2018 9:00,10/23/2018 9:01,0,168.223.70.131,100,74,1,10/23/2018 9:01,R_30kpcn12XHTQJeR,,,,,30.42570496,-84.28769684,anonymous,EN,"1,2,3,5,6","1,2",,"1,3",,"1,3",,1,,"2,4",,"1,3","1,3",,"1,3",,4,6,,5,,"1,3",,"1,3",,"1,3",,4,,,,,,,,,,,,,,,,,,,,,,,,,,,,,,,,,,,,,,,,,,,,,,,,,,,,,,,,,,,,,,,,,,,,,,,,,,,,,,,,,,,,,,,,,,,,,,,,,,,,,,,,,,,,,,,,,,,,,,,,,,,,,,,,,,,,,,,,,,,,,,,,,,,,,,,,,,,,,,,,,,,,,,,,,,,,,,,,,,,,,,,,44655,"<span lang=""EN-GB"">Suppose
     you want to read a digital document when you are at Starbucks.<o:p></o:p></span>"
10/23/2018 8:48,10/23/2018 9:02,0,100.35.97.44,100,826,1,10/23/2018 9:02,R_2Ezd5bXIol0YasS,,,,,40.74450684,-74.15080261,anonymous,EN,"1,2,3,4,5,6",2,,1,,"2,3",,1,,1,,1,"2,3",,2,,1,3,,"1,2",,3,,"1,2",,1,,2,,"2,6",,,,,,,,,,,,,,,,,,,,,,,,,,,,,,"1,2",,3,,"2,3",,1,,1,,1,5,,2,,2,,3,,"2,3",,"1,2",,"2,3",,1,,4,,,,,,,,,,,,,,,,,,,,,,,,,,,,,,,,,,,,,,,,,,,,,,,,,,,,,,,,,,,,,,,,,,,,,,,,,,,,,,,,,,,,,,,,,2,,5,,2,,1,,1,,1,5,,2,,2,,3,,"1,2,3",,"1,2",,"1,2,3",,1,,4,,female,23,student,3,2,,2,25536,"<span lang=""EN-GB"">Suppose you want to a send an email when you are walking with a very close friend on a street.&nbsp;<o:p></o:p></span>"
10/23/2018 9:03,10/23/2018 9:03,0,208.108.81.45,100,15,1,10/23/2018 9:03,R_pmxI6qpGxTp6Pwl,,,,,41.37240601,-82.10510254,anonymous,EN,3,,,,,,,,,,,,,,,,,,,,,,,,,,,,,,,,,,,,,,,,,,,,,,,,,,,,,,,,,,,,,,,,,,,,,,,,,,,,,,,,,,,,,,,,,,,,,,,,,,,,,,,,,,,,,,,,,,,,,,,,,,,,,,,,,,,,,,,,,,,,,,,,,,,,,,,,,,,,,,,,,,,,,,,,,,,,,,,,,,,,,,,,,,,,,,,,,,,,,,,,,,,,,,,,,,,21184,"<span lang=""EN-GB"">Suppose
     you want to set up a reminder when you are with people you know (e.g.,
     acquaintances, colleagues) at your home.<o:p></o:p></span>"
10/23/2018 8:42,10/23/2018 9:06,0,67.149.245.114,100,1451,1,10/23/2018 9:06,R_WAnJCDhQ7bpr6St,,,,,42.2940979,-83.25360107,anonymous,EN,"2,3,4,6","2,3",,"1,2",,"1,2",,1,,"1,3",,"2,3",2,,"1,2",,"1,2",3,,"1,2",,3,,"1,2",,1,,1,,,,,,,,,,,,,,,,,,,,,,,,,,,,,,,,,,,,,,,,,,,,,,,,,,,,,,,,,,,,,,,,,,,,,,,,,,,,,,,,,,,,,,,,,,,,,,,,,,,,,,,,,,,,,,,,,,,,,,,,,,,,,,,,,,,,,,,,,,,,,,,,,,,,,,,,,,,,,,,,,,,,,,,,,,,,,,,,,,,,,,,,6030,"<span lang=""EN-GB"">Suppose
     you want to a send an email when you are with a very close friend at a
     restaurant&nbsp;<o:p></o:p></span>"
10/23/2018 9:02,10/23/2018 9:07,0,100.35.97.44,100,321,1,10/23/2018 9:07,R_3EGSmu5GetL5h6c,,,,,40.74450684,-74.15080261,anonymous,EN,"1,2,3,4,5,6",1,,5,,"2,4",,1,,1,,3,5,,2,,3,4,,3,,2,,3,,5,,2,,5,,,,,,,,,,,,,,,,,,,,,,,,,,,,,,,,,,,,,,,,,,,,,,,,,,,,,,,,,,,,,,,,,,,,,,,,,,,,,,,,,,,,,,,,,,,,,,,,,,,,,,,,,,,,,,,,,,,,,1,,5,,4,,1,,3,,3,5,,2,,2,,4,,2,,3,,2,,5,,2,,,,,,,,,,,,,,,,,,,,,,,,,,,,,,,female,34,home maker,4,4,,4,7718,"<span lang=""EN-GB"">Suppose you are alone at home, you want to take a break from studying/working&nbsp;</span>so you decide to play an online/digital game with some close friends ."
10/23/2018 9:07,10/23/2018 9:10,0,100.35.97.44,100,157,1,10/23/2018 9:10,R_1HoQAKrk5J9363U,,,,,40.74450684,-74.15080261,anonymous,EN,"1,2,3,4,5,6",1,,5,,"2,3,4",,1,,1,,1,5,,2,,1,4,,2,,"2,3",,2,,5,,4,,2,,,,,,,,,,,,,,,,,,,,,,,,,,,,,,1,,5,,"2,3,4",,1,,1,,1,3,,2,,2,,3,,"2,3",,2,,"2,3",,"1,3",,"1,2",,,,,,,,,,,,,,,,,,,,,,,,,,,,,,,,,,,,,,,,,,,,,,,,,,,,,,,,,,,,,,,,,,,,,,,,,,,,,,,,,,,,,,,,,,,,,,,,,,,,,,,,,,,,,,,,,,,,,,male,20,student,4,3,,3,67620,"<span lang=""EN-GB"">Suppose
     you want to a send an email when you are walking on a street.<o:p></o:p></span>"
10/16/2018 8:56,10/16/2018 9:00,0,99.203.0.99,88,263,0,10/23/2018 9:12,R_3kcuw3p5UjM6XpU,,,,,,,anonymous,EN,"1,2,3,5,6","1,2",,5,,"1,2",,1,,1,,1,"2,3",,"1,2",,1,1,,"1,2",,3,,"1,2",,3,,4,,2,,,,,,,,,,,,,,,,,,,,,,,,,,,,,,,,,,,,,,,,,,,,,,,,,,,,,,,,,,,,,,,,,,,,,,,,,,,,,,,,,,,,,,,,,,,,,,,,,,,,,,,,,,,,,,,,,,,,,,,,,,,,,,,,,,,,,,,,,,,,,,,,,,,,,,,,,,,,,,,,,,,,,,,,,,,,,,,,,,,,,,37168,"<span lang=""EN-GB"">Suppose
     you want to call your mother for sharing an important update about your
     life&nbsp; when you are alone at a park<o:p></o:p></span>"
10/23/2018 9:10,10/23/2018 9:16,0,100.35.97.44,100,352,1,10/23/2018 9:16,R_2dMgmfrlkHxvu5Q,,,,,40.74450684,-74.15080261,anonymous,EN,"1,2,3,4,5,6",2,,1,,"1,3",,1,,1,,1,5,,2,,1,3,,2,,3,,2,,1,,1,,4,,,,,,,,,,,,,,,,,,,,,,,,,,,,,,,,,,,,,,,,,,,,,,,,,,,,,,,,,,,,,,,,,,,,,,,,,,,,,,,,,,,,,,,,2,,5,,"1,2,3",,3,,1,,1,5,,5,,5,,"1,3",,3,,2,,3,,3,,1,,,,,,,,,,,,,,,,,,,,,,,,,,,,,,,,,,,,,,,,,,,,,,,,,,,,,,,,,,,,male,33,driver,3,4,,3,94665,"<span lang=""EN-GB"">Suppose you are on a short vacation and you want to take a picture in front&nbsp;</span>of an iconic monument when you are surrounded by many people."
10/16/2018 9:24,10/16/2018 9:27,0,173.21.130.60,88,170,0,10/23/2018 9:27,R_1FkCfH0y531rFPR,,,,,,,anonymous,EN,"2,3,4,5",2,,3,,2,,1,,3,,2,1,,2,,4,3,,2,,1,,2,,1,,2,,2,,,,,,,,,,,,,,,,,,,,,,,,,,,,,,,,,,,,,,,,,,,,,,,,,,,,,,,,,,,,,,,,,,,,,,,,,,,,,,,,,,,,,,,,,,,,,,,,,,,,,,,,,,,,,,,,,,,,,,,,,,,,,,,,,,,,,,,,,,,,,,,,,,,,,,,,,,,,,,,,,,,,,,,,,,,,,,,,,,,,,,43788,"<span lang=""EN-GB"">Suppose
     you want to a view a text message when you are with a very close friend at
     a restaurant&nbsp;<o:p></o:p></span>"
10/16/2018 9:32,10/16/2018 9:33,0,157.182.121.252,78,21,0,10/23/2018 9:33,R_RLB44cOyKFrPStb,,,,,,,anonymous,EN,"1,2,3,4",,,,,,,,,,,,,,,,,,,,,,,,,,,,,,,,,,,,,,,,,,,,,,,,,,,,,,,,,,,,,,,,,,,,,,,,,,,,,,,,,,,,,,,,,,,,,,,,,,,,,,,,,,,,,,,,,,,,,,,,,,,,,,,,,,,,,,,,,,,,,,,,,,,,,,,,,,,,,,,,,,,,,,,,,,,,,,,,,,,,,,,,,,,,,,,,,,,,,,,,,,,,,,,,,,,89172,"<span lang=""EN-GB"">Suppose you are alone and relaxing at home, you have just read a new book that&nbsp;</span>you loved and now you want a write a review for your close family and friends."
10/23/2018 9:36,10/23/2018 9:39,0,98.227.21.111,100,158,1,10/23/2018 9:39,R_9zC6XkkQh1F472V,,,,,40.76609802,-89.64499664,anonymous,EN,"1,2,3","2,3,5",,2,,"1,2",,1,,"2,3",,3,"2,3",,"1,2,3",,"2,3","2,4",,"1,2",,"1,2,3,4",,"2,3",,"1,3",,"1,2",,,,,,,,,,,,,,,,,,,,,,,,,,,,,,,,,,,,,,,,,,,,,,,,,,,,,,,,,,,,,,,,,,,,,,,,,,,,,,,,,,,,,,,,,,,,,,,,,,,,,,,,,,,,,,,,,,,,,,,,,,,,,,,,,,,,,,,,,,,,,,,,,,,,,,,,,,,,,,,,,,,,,,,,,,,,,,,,,,,,,,,,83790,"<span lang=""EN-GB"" style=""font-size:11.0pt;line-height:115%;
font-family:&quot;Arial&quot;,sans-serif;mso-fareast-font-family:Arial;mso-ansi-language:
EN-GB;mso-fareast-language:EN-US;mso-bidi-language:AR-SA"">Suppose you want to
read a digital document when you are at Starbucks surrounded with your close
friends.</span>"
10/23/2018 9:35,10/23/2018 9:40,0,24.127.157.111,100,279,1,10/23/2018 9:40,R_3Jqkk7Z4oBWHNBH,,,,,42.68769836,-83.38790131,anonymous,EN,"1,2,4,5",1,,5,,"1,2",,1,,1,,4,5,,5,,4,6,,5,,6,,2,,5,,4,,,,,,,,,,,,,,,,,,,,,,,,,,,,,,,,,,,,,,,,,,,,,,,,,,,,,,,,,,,,,,,,,,,,,,,,,,,,,,,,,,,,,,,,,,,,,,,,,,,,,,,,,,,,,,,,,,,,,,,,,,,,,,,,,,,,,,,,,,,,,,,,,,,,,,,,,,,,,,,,,,,,,,,,,,,,,,,,,,,,,,,,75143,"<span id=""docs-internal-guid-5a7e3441-7fff-9d1f-10e6-454a1d940975""><span style=""font-size: 11pt; font-family: Arial; color: rgb(0, 0, 0); background-color: transparent; font-variant-numeric: normal; font-variant-east-asian: normal; vertical-align: baseline; white-space: pre-wrap;"">Suppose you want to call your mother for sharing an important update about your life &nbsp;when you are alone at home</span><br> <br><br></span>"
10/23/2018 9:41,10/23/2018 9:42,0,162.231.57.35,100,69,1,10/23/2018 9:42,R_31vB7zCljaYDVBz,,,,,32.74229431,-117.094696,anonymous,EN,"1,2,4","1,3,4,5",,"2,3",,"1,2,3,4",,3,,"1,3,4",,"1,3","1,2",,1,,1,"1,2,4",,2,,"2,4",,"1,3",,1,,2,,,,,,,,,,,,,,,,,,,,,,,,,,,,,,,,,,,,,,,,,,,,,,,,,,,,,,,,,,,,,,,,,,,,,,,,,,,,,,,,,,,,,,,,,,,,,,,,,,,,,,,,,,,,,,,,,,,,,,,,,,,,,,,,,,,,,,,,,,,,,,,,,,,,,,,,,,,,,,,,,,,,,,,,,,,,,,,,,,,,,,,,86594,"<span lang=""EN-GB"">Suppose
     you want to a view a text message when you are surrounded with people you
     are close to (e.g., friends, family members) at your home.<strong><o:p></o:p></strong></span>"
10/23/2018 9:41,10/23/2018 9:47,0,45.17.3.207,100,345,1,10/23/2018 9:47,R_3ELLsVPSltFOVex,,,,,33.47680664,-84.05500031,anonymous,EN,"1,2,3,4","2,3,5",,1,,"1,2,3,4",,1,,1,,"2,3","1,2,3",,"2,3",,"2,3","2,3",,"1,2",,3,,"1,2",,"1,3",,4,,2,,,,,,,,,,,,,,,,,,,,,,,,,,,,,,"2,3,5",,1,,"1,2,3",,1,,1,,"2,3","1,2,3",,"2,3",,"2,3",,"2,3,4",,"3,4",,2,,"3,4",,"1,2,3",,4,,,,,,,,,,,,,,,,,,,,,,,,,,,,,,,,,,,,,,,,,,,,,,,,,,,,,,,,,,,,,,,,,,,,,,,,,,,,,,,,,,,,,,,,,,,,,,,,,,,,,,,,,,,,,,,,,,,,,,female,43,patient care supervisor,3,1,,3,80293,"<span lang=""EN-GB"">Suppose you are at a park with some people you know (e.g., acquaintances, colleagues) when you realize that you have to immediately pay one of your bills online.<o:p></o:p></span>"
10/23/2018 9:52,10/23/2018 10:02,0,71.176.67.179,100,568,1,10/23/2018 10:02,R_1k2qOoFhrLYP53D,,,,,43.15280151,-76.22350311,anonymous,EN,"1,2,3,5","1,2,3,4,5",,"1,2,3",,"1,2",,1,,"1,3,4",,"2,3","1,2",,"1,2,3",,"2,3","1,2,3",,"1,3",,"1,3,4",,"2,3",,"1,3",,"1,2",,,,,,,,,,,,,,,,,,,,,,,,,,,,,,,,,,,,,,,,,,,,,,,,,,,,,,,,,,,,,,,,,,,,,,,,,,,,,,,,,,,,,,,,,,,,,,,,,,,,,,,,,,,,,,,,,,,,,,,,,,,,,,,,,,,,,,,,,,,,,,,,,,,,,,,,,,,,,,,,,,,,,,,,,,,,,,,,,,,,,,,,45109,"<span lang=""EN-GB"">Suppose you want to watch some video when you are alone at your home.<strong><o:p></o:p></strong></span>"
10/23/2018 10:08,10/23/2018 10:09,0,99.35.160.62,100,33,1,10/23/2018 10:09,R_25KJmEVpt4i0AUd,,,,,42.39370728,-88.16480255,anonymous,EN,"1,2",,,,,,,,,,,,,,,,,,,,,,,,,,,,,,,,,,,,,,,,,,,,,,,,,,,,,,,,,,,,,,,,,,,,,,,,,,,,,,,,,,,,,,,,,,,,,,,,,,,,,,,,,,,,,,,,,,,,,,,,,,,,,,,,,,,,,,,,,,,,,,,,,,,,,,,,,,,,,,,,,,,,,,,,,,,,,,,,,,,,,,,,,,,,,,,,,,,,,,,,,,,,,,,,,,,61921,"Suppose you want to purchase something (e.g., book,
     household items) online when you are with people
     you know (e.g., acquaintances, colleagues) at
     Starbucks.<o:p></o:p>"
10/23/2018 10:08,10/23/2018 10:09,0,71.30.176.232,100,26,1,10/23/2018 10:09,R_1Nf7HczCJODh8GE,,,,,31.72479248,-83.24949646,anonymous,EN,"1,3",,,,,,,,,,,,,,,,,,,,,,,,,,,,,,,,,,,,,,,,,,,,,,,,,,,,,,,,,,,,,,,,,,,,,,,,,,,,,,,,,,,,,,,,,,,,,,,,,,,,,,,,,,,,,,,,,,,,,,,,,,,,,,,,,,,,,,,,,,,,,,,,,,,,,,,,,,,,,,,,,,,,,,,,,,,,,,,,,,,,,,,,,,,,,,,,,,,,,,,,,,,,,,,,,,,7842,"<span lang=""EN-GB"">Suppose
     you want to a send an email when you are with a very close friend at a
     restaurant&nbsp;<o:p></o:p></span>"
10/23/2018 10:11,10/23/2018 10:12,0,24.247.53.56,100,12,1,10/23/2018 10:12,R_bs93G0ByCrpRetr,,,,,42.05290222,-83.37550354,anonymous,EN,"1,2",,,,,,,,,,,,,,,,,,,,,,,,,,,,,,,,,,,,,,,,,,,,,,,,,,,,,,,,,,,,,,,,,,,,,,,,,,,,,,,,,,,,,,,,,,,,,,,,,,,,,,,,,,,,,,,,,,,,,,,,,,,,,,,,,,,,,,,,,,,,,,,,,,,,,,,,,,,,,,,,,,,,,,,,,,,,,,,,,,,,,,,,,,,,,,,,,,,,,,,,,,,,,,,,,,,33122,"<span lang=""EN-GB"">Suppose
     you want to watch&nbsp; some video when
     you are with people you know (e.g., acquaintances, colleagues) at
     Starbucks<o:p></o:p></span>"
10/23/2018 10:12,10/23/2018 10:12,0,24.247.53.56,100,21,1,10/23/2018 10:12,R_Z2Zd9s5Vvktv6jn,,,,,42.05290222,-83.37550354,anonymous,EN,2,,,,,,,,,,,,,,,,,,,,,,,,,,,,,,,,,,,,,,,,,,,,,,,,,,,,,,,,,,,,,,,,,,,,,,,,,,,,,,,,,,,,,,,,,,,,,,,,,,,,,,,,,,,,,,,,,,,,,,,,,,,,,,,,,,,,,,,,,,,,,,,,,,,,,,,,,,,,,,,,,,,,,,,,,,,,,,,,,,,,,,,,,,,,,,,,,,,,,,,,,,,,,,,,,,,27230,"<span lang=""EN-GB"">Suppose you want to watch some video when you are alone in a park.<o:p></o:p></span>"
10/23/2018 10:12,10/23/2018 10:12,0,24.247.53.56,100,6,1,10/23/2018 10:12,R_2QRiebVAZk8QRw7,,,,,42.05290222,-83.37550354,anonymous,EN,6,,,,,,,,,,,,,,,,,,,,,,,,,,,,,,,,,,,,,,,,,,,,,,,,,,,,,,,,,,,,,,,,,,,,,,,,,,,,,,,,,,,,,,,,,,,,,,,,,,,,,,,,,,,,,,,,,,,,,,,,,,,,,,,,,,,,,,,,,,,,,,,,,,,,,,,,,,,,,,,,,,,,,,,,,,,,,,,,,,,,,,,,,,,,,,,,,,,,,,,,,,,,,,,,,,,72312,"<span lang=""EN-GB"">Suppose
     you want to purchase something online when you are alone at Starbucks.<o:p></o:p></span>"
10/23/2018 10:12,10/23/2018 10:12,0,24.247.53.56,100,5,1,10/23/2018 10:12,R_9QDwlCnQW4zyrZf,,,,,42.05290222,-83.37550354,anonymous,EN,4,,,,,,,,,,,,,,,,,,,,,,,,,,,,,,,,,,,,,,,,,,,,,,,,,,,,,,,,,,,,,,,,,,,,,,,,,,,,,,,,,,,,,,,,,,,,,,,,,,,,,,,,,,,,,,,,,,,,,,,,,,,,,,,,,,,,,,,,,,,,,,,,,,,,,,,,,,,,,,,,,,,,,,,,,,,,,,,,,,,,,,,,,,,,,,,,,,,,,,,,,,,,,,,,,,,59219,"<span style=""color: rgb(0, 0, 0); font-family: Times; font-size: medium;"">Suppose you want to watch some video when you are with people you know (e.g., acquaintances, colleagues) at Starbucks</span>"
10/23/2018 10:12,10/23/2018 10:13,0,24.247.53.56,100,6,1,10/23/2018 10:13,R_3memLScZMBKF8rp,,,,,42.05290222,-83.37550354,anonymous,EN,5,,,,,,,,,,,,,,,,,,,,,,,,,,,,,,,,,,,,,,,,,,,,,,,,,,,,,,,,,,,,,,,,,,,,,,,,,,,,,,,,,,,,,,,,,,,,,,,,,,,,,,,,,,,,,,,,,,,,,,,,,,,,,,,,,,,,,,,,,,,,,,,,,,,,,,,,,,,,,,,,,,,,,,,,,,,,,,,,,,,,,,,,,,,,,,,,,,,,,,,,,,,,,,,,,,,65468,"<span lang=""EN-GB"">Suppose
     you want to find a route to home when you are at Starbucks with people you
     know (e.g., acquaintances, colleagues).<o:p></o:p></span>"
10/23/2018 10:13,10/23/2018 10:15,0,24.247.53.56,100,115,1,10/23/2018 10:15,R_pgWQfJEerzotIA1,,,,,42.05290222,-83.37550354,anonymous,EN,"1,2,5,6",2,,1,,1,,1,,1,,3,"1,2,3",,2,,"2,3","2,3",,"2,3",,"2,3",,"1,2",,"1,2,3",,"1,2",,,,,,,,,,,,,,,,,,,,,,,,,,,,,,,,,,,,,,,,,,,,,,,,,,,,,,,,,,,,,,,,,,,,,,,,,,,,,,,,,,,,,,,,,,,,,,,,,,,,,,,,,,,,,,,,,,,,,,,,,,,,,,,,,,,,,,,,,,,,,,,,,,,,,,,,,,,,,,,,,,,,,,,,,,,,,,,,,,,,,,,,47551,"<span lang=""EN-GB"">Suppose
     you want to a send a text message when you are alone at home<strong><o:p></o:p></strong></span>"
10/23/2018 10:04,10/23/2018 10:18,0,160.2.247.96,100,827,1,10/23/2018 10:18,R_3FQW9B6gxLru8QN,,,,,28.60110474,-96.62590027,anonymous,EN,"1,2,3,4,5,6",2,,"1,2,3",,1,,1,,"1,4",,"1,3","2,3",,1,,"1,3",3,,"1,2",,"1,3,4",,"1,2",,"1,3",,"1,2",,"1,2,3,4,5,6","4,5",,"2,3",,"1,3",,1,,"2,4",,"1,2","1,3",,"2,3",,2,,2,,"1,3",,1,,3,,"1,3",,"1,2",,5,,"1,3",,"2,3",,1,,"2,3",,"1,3","1,2",,1,,1,,"2,3",,"2,3",,"1,2",,"2,3",,2,,"1,2",,"3,5",,"1,3",,"2,4",,1,,"1,3",,3,"1,3",,"1,3",,2,,"2,3",,"2,3,4",,"1,2",,"1,4",,2,,"1,2",,"1,3",,2,,"1,2",,1,,3,,"1,3","1,2",,"1,2",,3,,2,,2,,"1,2",,"1,3",,3,,1,,"2,3",,"1,3",,"1,4",,1,,"1,2",,4,"1,3",,"1,3",,1,,"2,4",,"2,6",,"1,2",,"2,4",,"1,3",,1,,1,,"1,2",,"2,3",,1,,"2,3",,1,3,,"1,3",,2,,"1,3",,"1,2,4",,"1,2",,"2,4",,"2,3",,"1,2",,,,,,,,,20796,"<span lang=""EN-GB"">Suppose
     you want to a send a text message when you with people you know (e.g., acquaintances,
     colleagues) at a street<strong>.</strong><o:p></o:p></span>"
10/16/2018 10:28,10/16/2018 10:31,0,75.177.98.242,78,179,0,10/23/2018 10:31,R_1doQWPaRyfneZb9,,,,,,,anonymous,EN,"1,2,3,4",,,,,,,,,,,,,,,,,,,,,,,,,,,,,,,,,,,,,,,,,,,,,,,,,,,,,,,,,,,,,,,,,,,,,,,,,,,,,,,,,,,,,,,,,,,,,,,,,,,,,,,,,,,,,,,,,,,,,,,,,,,,,,,,,,,,,,,,,,,,,,,,,,,,,,,,,,,,,,,,,,,,,,,,,,,,,,,,,,,,,,,,,,,,,,,,,,,,,,,,,,,,,,,,,,,3688,"<span lang=""EN-GB"">Suppose
     you want to watch some video when
     you are at home with people you are close to (e.g., friends, family
     members)<strong><o:p></o:p></strong></span>"
10/23/2018 10:29,10/23/2018 10:37,0,173.216.98.133,100,501,1,10/23/2018 10:37,R_2fcX0LrnTVP7PDv,,,,,35.78259277,-91.6352005,anonymous,EN,"1,2,3,4","2,4",,1,,"2,3,4",,1,,1,,2,"1,2,3",,"2,3",,2,"1,2,3",,"1,2",,6,,"1,2",,1,,2,,2,,,,,,,,,,,,,,,,,,,,,,,,,,,,,,"2,5",,1,,1,,1,,1,,2,"1,2",,"1,2",,"2,3",,"2,3",,"2,3",,"1,2",,"2,3",,1,,2,,,,,,,,,,,,,,,,,,,,,,,,,,,,,,,,,,,,,,,,,,,,,,,,,,,,,,,,,,,,,,,,,,,,,,,,,,,,,,,,,,,,,,,,,,,,,,,,,,,,,,,,,,,,,,,,,,,,,,,,,,,,,35163,"<span lang=""EN-GB"">Suppose you want to a send a text message when you are surrounded with people you are close to (e.g., friends, family members) at your home.<strong><o:p></o:p></strong></span>"
10/23/2018 10:41,10/23/2018 10:42,0,157.50.206.52,100,18,1,10/23/2018 10:42,R_2zS9W93BlVjf9An,,,,,11.3500061,77.73330688,anonymous,EN,"1,4",,,,,,,,,,,,,,,,,,,,,,,,,,,,,,,,,,,,,,,,,,,,,,,,,,,,,,,,,,,,,,,,,,,,,,,,,,,,,,,,,,,,,,,,,,,,,,,,,,,,,,,,,,,,,,,,,,,,,,,,,,,,,,,,,,,,,,,,,,,,,,,,,,,,,,,,,,,,,,,,,,,,,,,,,,,,,,,,,,,,,,,,,,,,,,,,,,,,,,,,,,,,,,,,,,,33628,"<span lang=""EN-GB"">Suppose you are alone at home, you want to take a break from studying/working&nbsp;</span>so you decide to play an online/digital game."
10/23/2018 10:42,10/23/2018 10:42,0,157.50.206.52,100,23,1,10/23/2018 10:42,R_2y7SfnI9mBZ60vk,,,,,11.3500061,77.73330688,anonymous,EN,"2,4",,,,,,,,,,,,,,,,,,,,,,,,,,,,,,,,,,,,,,,,,,,,,,,,,,,,,,,,,,,,,,,,,,,,,,,,,,,,,,,,,,,,,,,,,,,,,,,,,,,,,,,,,,,,,,,,,,,,,,,,,,,,,,,,,,,,,,,,,,,,,,,,,,,,,,,,,,,,,,,,,,,,,,,,,,,,,,,,,,,,,,,,,,,,,,,,,,,,,,,,,,,,,,,,,,,50739,"<span lang=""EN-GB"">Suppose
     you want to call your mother for sharing an important update about your
     life when you are with a very close friend at a restaurant&nbsp;<o:p></o:p></span>"
10/23/2018 10:42,10/23/2018 10:43,0,157.50.206.52,100,17,1,10/23/2018 10:43,R_3qwI2S4798FudjS,,,,,11.3500061,77.73330688,anonymous,EN,5,,,,,,,,,,,,,,,,,,,,,,,,,,,,,,,,,,,,,,,,,,,,,,,,,,,,,,,,,,,,,,,,,,,,,,,,,,,,,,,,,,,,,,,,,,,,,,,,,,,,,,,,,,,,,,,,,,,,,,,,,,,,,,,,,,,,,,,,,,,,,,,,,,,,,,,,,,,,,,,,,,,,,,,,,,,,,,,,,,,,,,,,,,,,,,,,,,,,,,,,,,,,,,,,,,,1183,"<span lang=""EN-GB"">Suppose
     you want to set up a reminder about something when you are with people you
     know (e.g., acquaintances, colleagues) at Starbucks.<o:p></o:p></span>"
10/23/2018 10:25,10/23/2018 10:43,0,162.230.205.119,100,1078,1,10/23/2018 10:43,R_wSpi1SkZTlCIoP7,,,,,40.08389282,-82.97260284,anonymous,EN,"1,2,3,4,5,6",2,,"1,3",,"1,2",,1,,1,,"2,3","1,2",,2,,2,"2,3",,2,,3,,2,,1,,2,,,,,,,,,,,,,,,,,,,,,,,,,,,,,,,,,,,,,,,,,,,,,,,,,,,,,,,,,,,,,,,,,,,,,,,,,,,,,,,,,,,,,,,,,,,,,,,,,,,,,,,,,,,,,,,,,,,,,,,,,,,,,,,,,,,,,,,,,,,,,,,,,,,,,,,,,,,,,,,,,,,,,,,,,,,,,,,,,,,,,,,,23019,"<span lang=""EN-GB"">Suppose
     you want to listen to some audio when you are with your close friends in a
     park.<o:p></o:p></span>"
10/23/2018 10:42,10/23/2018 10:48,0,104.220.115.72,100,403,1,10/23/2018 10:48,R_3LcF01YM2FTKYmQ,,,,,38.91149902,-121.0800018,anonymous,EN,"1,2,3,4","2,3,5",,1,,"1,2,3",,1,,1,,"2,3","1,2,3",,"1,2,3",,3,"1,2,3",,"1,2",,"1,3,4",,"1,2",,"1,2,3",,"1,2",,,,,,,,,,,,,,,,,,,,,,,,,,,,,,,,,,,,,,,,,,,,,,,,,,,,,,,,,,,,,,,,,,,,,,,,,,,,,,,,,,,,,,,,,,,,,,,,,,,,,,,,,,,,,,,,,,,,,,,,,,,,,,,,,,,,,,,,,,,,,,,,,,,,,,,,,,,,,,,,,,,,,,,,,,,,,,,,,,,,,,,,25965,"<span lang=""EN-GB"" style=""font-size:11.0pt;line-height:115%;
font-family:&quot;Arial&quot;,sans-serif;mso-fareast-font-family:Arial;mso-ansi-language:
EN-GB;mso-fareast-language:EN-US;mso-bidi-language:AR-SA"">Suppose you want to a
send a text message when you are alone at Starbucks.</span>"
10/23/2018 10:43,10/23/2018 10:49,0,157.50.206.52,100,366,1,10/23/2018 10:49,R_1gtDAaAZvgiyXwT,,,,,11.3500061,77.73330688,anonymous,EN,"1,2,3,5,6","1,2,3",,2,,"3,4",,1,,"1,4",,"1,3","2,3",,"1,2",,"2,3","2,3",,"2,3",,"3,4",,"1,2",,"2,3",,2,,,,,,,,,,,,,,,,,,,,,,,,,,,,,,,,,,,,,,,,,,,,,,,,,,,,,,,,,,,,,,,,,,,,,,,,,,,,,,,,,,,,,,,,,,,,,,,,,,,,,,,,,,,,,,,,,,,,,,,,,,,,,,,,,,,,,,,,,,,,,,,,,,,,,,,,,,,,,,,,,,,,,,,,,,,,,,,,,,,,,,,,74473,"<span lang=""EN-GB"">Suppose you have planned to meet a friend next week and you want to&nbsp;put this on your calendar </span><span lang=""EN-GB"">when</span><span lang=""EN-GB""> you are surrounded by people you know (e.g., acquaintances, colleagues) at your home.</span><span lang=""EN-GB""><o:p></o:p></span>"
10/23/2018 10:51,10/23/2018 10:53,0,73.203.237.129,100,68,1,10/23/2018 10:53,R_25BdGNJYZc2tprI,,,,,31.30979919,-89.37750244,anonymous,EN,"1,2,3,4,5,6",1,,2,,3,,1,,1,,1,1,,3,,2,3,,5,,1,,1,,1,,1,,,,,,,,,,,,,,,,,,,,,,,,,,,,,,,,,,,,,,,,,,,,,,,,,,,,,,,,,,,,,,,,,,,,,,,,,,,,,,,,,,,,,,,,,,,,,,,,,,,,,,,,,,,,,,,,,,,,,,,,,,,,,,,,,,,,,,,,,,,,,,,,,,,,,,,,,,,,,,,,,,,,,,,,,,,,,,,,,,,,,,,,3496,"<span lang=""EN-GB"">Suppose
     you want to listen to some audio when you are alone at your home.<strong><o:p></o:p></strong></span>"
10/23/2018 11:17,10/23/2018 11:18,0,75.185.181.160,100,102,1,10/23/2018 11:18,R_3M3QNDxa5p4w9In,,,,,41.0196991,-81.62120056,anonymous,EN,"1,2,3,4,6","1,2,3,4,5",,"1,2",,"2,3",,1,,"1,3",,"1,2,3","2,3",,"1,2,3",,"1,3","1,2",,"1,2",,"1,2,3",,"2,3",,"1,2",,"1,2",,,,,,,,,,,,,,,,,,,,,,,,,,,,,,,,,,,,,,,,,,,,,,,,,,,,,,,,,,,,,,,,,,,,,,,,,,,,,,,,,,,,,,,,,,,,,,,,,,,,,,,,,,,,,,,,,,,,,,,,,,,,,,,,,,,,,,,,,,,,,,,,,,,,,,,,,,,,,,,,,,,,,,,,,,,,,,,,,,,,,,,,53542,"<span lang=""EN-GB"">Suppose
     you want to set up a reminder when you are at home with people you are
     close to (e.g., friends, family members).<strong><o:p></o:p></strong></span>"
10/23/2018 11:24,10/23/2018 11:28,0,68.133.1.221,100,234,1,10/23/2018 11:28,R_3HCxzlviHSBFajD,,,,,,,anonymous,EN,"1,2,3,4",2,,1,,"1,2,3",,3,,"1,3",,3,2,,5,,"2,3",2,,"1,2",,"3,6",,"1,2",,"1,3",,2,,,,,,,,,,,,,,,,,,,,,,,,,,,,,,,,,,,,,,,,,,,,,,,,,,,,,,,,,,,,,,,,,,,,,,,,,,,,,,,,,,,,,,,,,,,,,,,,,,,,,,,,,,,,,,,,,,,,,,,,,,,,,,,,,,,,,,,,,,,,,,,,,,,,,,,,,,,,,,,,,,,,,,,,,,,,,,,,,,,,,,,,73738,"<span lang=""EN-GB"">Suppose you are alone and relaxing at home, you have just read a new book that&nbsp;</span>you loved and now you want a write a review for your close family and friends."
10/23/2018 11:34,10/23/2018 11:35,0,70.122.201.27,100,19,1,10/23/2018 11:35,R_3oSZANntfJfuJtH,,,,,32.96730042,-96.98049927,anonymous,EN,"1,2",,,,,,,,,,,,,,,,,,,,,,,,,,,,,,,,,,,,,,,,,,,,,,,,,,,,,,,,,,,,,,,,,,,,,,,,,,,,,,,,,,,,,,,,,,,,,,,,,,,,,,,,,,,,,,,,,,,,,,,,,,,,,,,,,,,,,,,,,,,,,,,,,,,,,,,,,,,,,,,,,,,,,,,,,,,,,,,,,,,,,,,,,,,,,,,,,,,,,,,,,,,,,,,,,,,14906,"<span lang=""EN-GB"" style=""font-size:11.0pt;line-height:115%;
font-family:&quot;Arial&quot;,sans-serif;mso-fareast-font-family:Arial;mso-ansi-language:
EN-GB;mso-fareast-language:EN-US;mso-bidi-language:AR-SA"">Suppose you want to browse the internet when you are alone at your home.</span>"
10/23/2018 11:46,10/23/2018 11:46,0,66.192.183.178,100,9,1,10/23/2018 11:46,R_3I6RPKjcEIa3YST,,,,,47.66650391,-117.4365005,anonymous,EN,"1,2",,,,,,,,,,,,,,,,,,,,,,,,,,,,,,,,,,,,,,,,,,,,,,,,,,,,,,,,,,,,,,,,,,,,,,,,,,,,,,,,,,,,,,,,,,,,,,,,,,,,,,,,,,,,,,,,,,,,,,,,,,,,,,,,,,,,,,,,,,,,,,,,,,,,,,,,,,,,,,,,,,,,,,,,,,,,,,,,,,,,,,,,,,,,,,,,,,,,,,,,,,,,,,,,,,,59621,"<span lang=""EN-GB"">Suppose
     you want to watch some video when you are alone at Starbucks.<o:p></o:p></span>"
10/23/2018 11:46,10/23/2018 11:47,0,184.152.96.44,100,19,1,10/23/2018 11:47,R_1jSLzXHCVt9G4oV,,,,,40.82220459,-73.98799896,anonymous,EN,"2,3",,,,,,,,,,,,,,,,,,,,,,,,,,,,,,,,,,,,,,,,,,,,,,,,,,,,,,,,,,,,,,,,,,,,,,,,,,,,,,,,,,,,,,,,,,,,,,,,,,,,,,,,,,,,,,,,,,,,,,,,,,,,,,,,,,,,,,,,,,,,,,,,,,,,,,,,,,,,,,,,,,,,,,,,,,,,,,,,,,,,,,,,,,,,,,,,,,,,,,,,,,,,,,,,,,,8305,"<span lang=""EN-GB"">Suppose
     you want to a view a text message when you are surrounded by people you
     know (e.g., acquaintances, colleagues) at a restaurant.<o:p></o:p></span>"
10/23/2018 11:48,10/23/2018 11:50,0,174.217.9.131,100,125,1,10/23/2018 11:50,R_1hRzNVV9WtoMQLR,,,,,41.25630188,-95.94039917,anonymous,EN,"2,3,4,5","1,2",,3,,"1,2,3",,1,,"1,3",,"2,3","1,2,3",,"1,2",,"2,3","2,3",,"1,2",,"1,3,6",,2,,"1,2,3",,1,,,,,,,,,,,,,,,,,,,,,,,,,,,,,,,,,,,,,,,,,,,,,,,,,,,,,,,,,,,,,,,,,,,,,,,,,,,,,,,,,,,,,,,,,,,,,,,,,,,,,,,,,,,,,,,,,,,,,,,,,,,,,,,,,,,,,,,,,,,,,,,,,,,,,,,,,,,,,,,,,,,,,,,,,,,,,,,,,,,,,,,,14494,"<span lang=""EN-GB"">Suppose
     you want to a view a text message
     when you are walking with a very close friend on a street<o:p></o:p></span>"
10/23/2018 11:58,10/23/2018 11:59,0,173.44.36.154,100,63,1,10/23/2018 11:59,R_2AMFbrL5MAutDbd,,,,,25.78059387,-80.18260193,anonymous,EN,2,,,,,,,,,,,,,,,,,,,,,,,,,,,,,,,,,,,,,,,,,,,,,,,,,,,,,,,,,,,,,,,,,,,,,,,,,,,,,,,,,,,,,,,,,,,,,,,,,,,,,,,,,,,,,,,,,,,,,,,,,,,,,,,,,,,,,,,,,,,,,,,,,,,,,,,,,,,,,,,,,,,,,,,,,,,,,,,,,,,,,,,,,,,,,,,,,,,,,,,,,,,,,,,,,,,94582,"<span lang=""EN-GB"">Suppose you want to browse the internet when you are alone at a restaurant.<o:p></o:p></span>"
10/23/2018 11:59,10/23/2018 12:00,0,173.44.36.154,100,91,1,10/23/2018 12:00,R_1oIvkp8I4C7lxLr,,,,,25.78059387,-80.18260193,anonymous,EN,6,,,,,,,,,,,,,,,,,,,,,,,,,,,,,,,,,,,,,,,,,,,,,,,,,,,,,,,,,,,,,,,,,,,,,,,,,,,,,,,,,,,,,,,,,,,,,,,,,,,,,,,,,,,,,,,,,,,,,,,,,,,,,,,,,,,,,,,,,,,,,,,,,,,,,,,,,,,,,,,,,,,,,,,,,,,,,,,,,,,,,,,,,,,,,,,,,,,,,,,,,,,,,,,,,,,37127,"<span lang=""EN-GB"">Suppose
     you want to a view a text message when you are alone at Starbucks.<o:p></o:p></span>"
10/23/2018 12:00,10/23/2018 12:01,0,173.44.36.154,100,26,1,10/23/2018 12:01,R_2WPFRrc16pnI14K,,,,,25.78059387,-80.18260193,anonymous,EN,"1,3",,,,,,,,,,,,,,,,,,,,,,,,,,,,,,,,,,,,,,,,,,,,,,,,,,,,,,,,,,,,,,,,,,,,,,,,,,,,,,,,,,,,,,,,,,,,,,,,,,,,,,,,,,,,,,,,,,,,,,,,,,,,,,,,,,,,,,,,,,,,,,,,,,,,,,,,,,,,,,,,,,,,,,,,,,,,,,,,,,,,,,,,,,,,,,,,,,,,,,,,,,,,,,,,,,,95428,"<span lang=""EN-GB"">Suppose you want to read a digital document when you are in a park surrounded by your close friends.<o:p></o:p></span>"
10/23/2018 11:55,10/23/2018 12:02,0,99.61.29.154,100,430,1,10/23/2018 12:02,R_ufBaU6CtZJAcTTP,,,,,29.50540161,-98.66880035,anonymous,EN,"1,2,3","2,3",,1,,"1,2,3",,1,,1,,"1,2","1,2,3",,"1,3",,"1,2","1,3",,"1,2",,4,,"1,2",,"1,2,3",,"1,2",,"1,2,3","2,3,4",,"1,2",,"1,2,3",,1,,1,,1,"1,2",,"1,2,3",,"1,2,3",,"1,2,3",,"2,3,4",,"1,2,3",,"2,3,4",,"1,2,3",,1,,"2,3",,"1,2",,"1,2,3",,1,,1,,"2,3","1,2",,"1,2",,"1,2",,"1,2",,"3,4",,"1,2,3",,"2,3",,"1,2,3",,1,,"2,3,4,5",,"1,2,3",,"1,2,4",,3,,1,,"1,2","1,2",,"1,2,3",,"1,2",,"1,2,3",,4,,"1,2,3",,"2,3,4",,"2,3",,"1,2",,,,,,,,,,,,,,,,,,,,,,,,,,,,,,,,,,,,,,,,,,,,,,,,,,,,,,,,,,,,,,,,,,,,,,,,,,,,,,,,,,,,,,,,,,,,,,,,82948,"Suppose you want to check your social media status
     when you are at Starbucks.<o:p></o:p>"
10/23/2018 12:04,10/23/2018 12:05,0,174.194.4.27,100,92,1,10/23/2018 12:05,R_3EMEZOvtvGvD7mI,,,,,35.13549805,-80.76689911,anonymous,EN,"1,2,3","2,3",,1,,3,,1,,3,,2,"2,3",,1,,3,"2,3",,"1,3",,"2,4",,2,,"1,3",,2,,,,,,,,,,,,,,,,,,,,,,,,,,,,,,,,,,,,,,,,,,,,,,,,,,,,,,,,,,,,,,,,,,,,,,,,,,,,,,,,,,,,,,,,,,,,,,,,,,,,,,,,,,,,,,,,,,,,,,,,,,,,,,,,,,,,,,,,,,,,,,,,,,,,,,,,,,,,,,,,,,,,,,,,,,,,,,,,,,,,,,,,72789,"<span lang=""EN-GB"">Suppose you are at a park, you have just read a book you loved and now you&nbsp;</span>want to write a review for it to share with people you are close to (e.g., friends, family members)"
10/23/2018 12:11,10/23/2018 12:11,0,196.18.226.112,100,44,1,10/23/2018 12:11,R_A6g8nk733dQKP0B,,,,,39.09970093,-94.57859802,anonymous,EN,1,,,,,,,,,,,,,,,,,,,,,,,,,,,,,,,,,,,,,,,,,,,,,,,,,,,,,,,,,,,,,,,,,,,,,,,,,,,,,,,,,,,,,,,,,,,,,,,,,,,,,,,,,,,,,,,,,,,,,,,,,,,,,,,,,,,,,,,,,,,,,,,,,,,,,,,,,,,,,,,,,,,,,,,,,,,,,,,,,,,,,,,,,,,,,,,,,,,,,,,,,,,,,,,,,,,63761,"<span lang=""EN-GB"">Suppose you want to find a route to home while walking on a street with your close friends.<o:p></o:p></span>"
10/23/2018 12:11,10/23/2018 12:12,0,196.18.226.112,100,20,1,10/23/2018 12:12,R_3PiQewTiNo5u2n1,,,,,39.09970093,-94.57859802,anonymous,EN,3,,,,,,,,,,,,,,,,,,,,,,,,,,,,,,,,,,,,,,,,,,,,,,,,,,,,,,,,,,,,,,,,,,,,,,,,,,,,,,,,,,,,,,,,,,,,,,,,,,,,,,,,,,,,,,,,,,,,,,,,,,,,,,,,,,,,,,,,,,,,,,,,,,,,,,,,,,,,,,,,,,,,,,,,,,,,,,,,,,,,,,,,,,,,,,,,,,,,,,,,,,,,,,,,,,,46538,"<span lang=""EN-GB"" style=""font-size:11.0pt;line-height:115%;
font-family:&quot;Arial&quot;,sans-serif;mso-fareast-font-family:Arial;mso-ansi-language:
EN-GB;mso-fareast-language:EN-US;mso-bidi-language:AR-SA"">Suppose you want to
find a route to a coffee shop when you are alone at home.</span>"
10/23/2018 12:12,10/23/2018 12:12,0,196.18.226.112,100,28,1,10/23/2018 12:12,R_3GeOKVQXDSYDld3,,,,,39.09970093,-94.57859802,anonymous,EN,6,,,,,,,,,,,,,,,,,,,,,,,,,,,,,,,,,,,,,,,,,,,,,,,,,,,,,,,,,,,,,,,,,,,,,,,,,,,,,,,,,,,,,,,,,,,,,,,,,,,,,,,,,,,,,,,,,,,,,,,,,,,,,,,,,,,,,,,,,,,,,,,,,,,,,,,,,,,,,,,,,,,,,,,,,,,,,,,,,,,,,,,,,,,,,,,,,,,,,,,,,,,,,,,,,,,29664,"<span lang=""EN-GB"">Suppose
     you want to purchase something online when you are with people you are
     close to (e.g., friends, family members).<o:p></o:p></span>"
10/23/2018 12:12,10/23/2018 12:13,0,196.18.226.112,100,29,1,10/23/2018 12:13,R_2WNoahgYWSh05ho,,,,,39.09970093,-94.57859802,anonymous,EN,2,,,,,,,,,,,,,,,,,,,,,,,,,,,,,,,,,,,,,,,,,,,,,,,,,,,,,,,,,,,,,,,,,,,,,,,,,,,,,,,,,,,,,,,,,,,,,,,,,,,,,,,,,,,,,,,,,,,,,,,,,,,,,,,,,,,,,,,,,,,,,,,,,,,,,,,,,,,,,,,,,,,,,,,,,,,,,,,,,,,,,,,,,,,,,,,,,,,,,,,,,,,,,,,,,,,72704,"<span lang=""EN-GB"">Suppose you are alone at home when you realize today is the last day to pay one of your bills online.<o:p></o:p></span>"
10/23/2018 12:13,10/23/2018 12:13,0,196.18.226.112,100,16,1,10/23/2018 12:13,R_3L6bv8bRcwm5jhx,,,,,39.09970093,-94.57859802,anonymous,EN,4,,,,,,,,,,,,,,,,,,,,,,,,,,,,,,,,,,,,,,,,,,,,,,,,,,,,,,,,,,,,,,,,,,,,,,,,,,,,,,,,,,,,,,,,,,,,,,,,,,,,,,,,,,,,,,,,,,,,,,,,,,,,,,,,,,,,,,,,,,,,,,,,,,,,,,,,,,,,,,,,,,,,,,,,,,,,,,,,,,,,,,,,,,,,,,,,,,,,,,,,,,,,,,,,,,,77393,"<span lang=""EN-GB"">Suppose
     you want to set up a reminder about something when you are at Starbucks by
     yourself.<o:p></o:p></span>"
10/23/2018 12:13,10/23/2018 12:14,0,196.18.226.112,100,14,1,10/23/2018 12:14,R_1H6OSdkr4jgVWoX,,,,,39.09970093,-94.57859802,anonymous,EN,2,,,,,,,,,,,,,,,,,,,,,,,,,,,,,,,,,,,,,,,,,,,,,,,,,,,,,,,,,,,,,,,,,,,,,,,,,,,,,,,,,,,,,,,,,,,,,,,,,,,,,,,,,,,,,,,,,,,,,,,,,,,,,,,,,,,,,,,,,,,,,,,,,,,,,,,,,,,,,,,,,,,,,,,,,,,,,,,,,,,,,,,,,,,,,,,,,,,,,,,,,,,,,,,,,,,49677,"<span lang=""EN-GB"">Suppose
     you want to listen to some audio when you are with your friends at
     Starbucks.<o:p></o:p></span>"
10/23/2018 12:14,10/23/2018 12:14,0,196.18.226.112,100,15,1,10/23/2018 12:14,R_1Iz6lt2bIhBjn6W,,,,,39.09970093,-94.57859802,anonymous,EN,5,,,,,,,,,,,,,,,,,,,,,,,,,,,,,,,,,,,,,,,,,,,,,,,,,,,,,,,,,,,,,,,,,,,,,,,,,,,,,,,,,,,,,,,,,,,,,,,,,,,,,,,,,,,,,,,,,,,,,,,,,,,,,,,,,,,,,,,,,,,,,,,,,,,,,,,,,,,,,,,,,,,,,,,,,,,,,,,,,,,,,,,,,,,,,,,,,,,,,,,,,,,,,,,,,,,39992,"<span lang=""EN-GB"">Suppose you have planned to meet a friend next week and you want to put this on your calendar when you are alone at Starbucks.<o:p></o:p></span>"
10/23/2018 12:14,10/23/2018 12:14,0,196.18.226.112,100,10,1,10/23/2018 12:14,R_D5HLpaUzvOLkjIt,,,,,39.09970093,-94.57859802,anonymous,EN,3,,,,,,,,,,,,,,,,,,,,,,,,,,,,,,,,,,,,,,,,,,,,,,,,,,,,,,,,,,,,,,,,,,,,,,,,,,,,,,,,,,,,,,,,,,,,,,,,,,,,,,,,,,,,,,,,,,,,,,,,,,,,,,,,,,,,,,,,,,,,,,,,,,,,,,,,,,,,,,,,,,,,,,,,,,,,,,,,,,,,,,,,,,,,,,,,,,,,,,,,,,,,,,,,,,,65901,"<span lang=""EN-GB"">Suppose you want to find a route to home while walking on a street with people you know (e.g., acquaintances, colleagues).<o:p></o:p></span>"
10/23/2018 12:21,10/23/2018 12:27,0,108.207.127.204,100,310,1,10/23/2018 12:27,R_2EmBnIzo8EIOu9z,,,,,36.75810242,-119.8112946,anonymous,EN,"2,3,5","1,2,3,4",,1,,1,,1,,2,,2,"1,2",,"1,2",,2,"1,2,3,4",,"1,2",,"1,2,3",,"1,2",,2,,2,,2,,,,,,,,,,,,,,,,,,,,,,,,,,,,,,"1,2",,"1,2",,1,,1,,1,,1,1,,1,,1,,1,,"2,3",,2,,"1,2",,1,,2,,,,,,,,,,,,,,,,,,,,,,,,,,,,,,,,,,,,,,,,,,,,,,,,,,,,,,,,,,,,,,,,,,,,,,,,,,,,,,,,,,,,,,,,,,,,,,,,,,,,,,,,,,,,,,,,,,,,,,,,,,,,,983,"<span lang=""EN-GB"">Suppose
     you want to watch some video when you are with your close friends in a
     park.<o:p></o:p></span>"
10/23/2018 12:29,10/23/2018 12:29,0,172.113.106.139,100,11,1,10/23/2018 12:29,R_3J0RwcBwleARwnT,,,,,33.91430664,-118.3493042,anonymous,EN,"1,6",,,,,,,,,,,,,,,,,,,,,,,,,,,,,,,,,,,,,,,,,,,,,,,,,,,,,,,,,,,,,,,,,,,,,,,,,,,,,,,,,,,,,,,,,,,,,,,,,,,,,,,,,,,,,,,,,,,,,,,,,,,,,,,,,,,,,,,,,,,,,,,,,,,,,,,,,,,,,,,,,,,,,,,,,,,,,,,,,,,,,,,,,,,,,,,,,,,,,,,,,,,,,,,,,,,53251,
10/23/2018 12:29,10/23/2018 12:29,0,174.16.53.210,100,16,1,10/23/2018 12:29,R_12QPmJtIvMZDy94,,,,,39.73129272,-104.981102,anonymous,EN,"2,3",,,,,,,,,,,,,,,,,,,,,,,,,,,,,,,,,,,,,,,,,,,,,,,,,,,,,,,,,,,,,,,,,,,,,,,,,,,,,,,,,,,,,,,,,,,,,,,,,,,,,,,,,,,,,,,,,,,,,,,,,,,,,,,,,,,,,,,,,,,,,,,,,,,,,,,,,,,,,,,,,,,,,,,,,,,,,,,,,,,,,,,,,,,,,,,,,,,,,,,,,,,,,,,,,,,39411,"<span lang=""EN-GB"">Suppose
     you want to purchase something online when you are with people you know
     (e.g., acquaintances, colleagues) at your home.<o:p></o:p></span>"
10/23/2018 12:29,10/23/2018 12:30,0,23.114.117.24,100,28,1,10/23/2018 12:30,R_1r3u3QPcQhePTCZ,,,,,30.32200623,-93.21109772,anonymous,EN,"1,2",,,,,,,,,,,,,,,,,,,,,,,,,,,,,,,,,,,,,,,,,,,,,,,,,,,,,,,,,,,,,,,,,,,,,,,,,,,,,,,,,,,,,,,,,,,,,,,,,,,,,,,,,,,,,,,,,,,,,,,,,,,,,,,,,,,,,,,,,,,,,,,,,,,,,,,,,,,,,,,,,,,,,,,,,,,,,,,,,,,,,,,,,,,,,,,,,,,,,,,,,,,,,,,,,,,45708,"<span lang=""EN-GB"">Suppose you have planned to meet a friend next week and you want to put this on your calendar when you are with a very close friend at a restaurant&nbsp;<o:p></o:p></span>"
10/23/2018 12:40,10/23/2018 12:41,0,76.189.131.161,100,43,1,10/23/2018 12:41,R_81GNfeoQjK6eHEl,,,,,41.14489746,-81.34980011,anonymous,EN,"1,2",,,,,,,,,,,,,,,,,,,,,,,,,,,,,,,,,,,,,,,,,,,,,,,,,,,,,,,,,,,,,,,,,,,,,,,,,,,,,,,,,,,,,,,,,,,,,,,,,,,,,,,,,,,,,,,,,,,,,,,,,,,,,,,,,,,,,,,,,,,,,,,,,,,,,,,,,,,,,,,,,,,,,,,,,,,,,,,,,,,,,,,,,,,,,,,,,,,,,,,,,,,,,,,,,,,64214,"<span lang=""EN-GB"">Suppose you have planned to meet a friend next week and you want to put this on your calendar when you are alone at a park<o:p></o:p></span>"
10/23/2018 12:44,10/23/2018 12:44,0,166.182.87.140,100,10,1,10/23/2018 12:44,R_724KBAbRcgqa5XP,,,,,37.75100708,-97.8219986,anonymous,EN,2,,,,,,,,,,,,,,,,,,,,,,,,,,,,,,,,,,,,,,,,,,,,,,,,,,,,,,,,,,,,,,,,,,,,,,,,,,,,,,,,,,,,,,,,,,,,,,,,,,,,,,,,,,,,,,,,,,,,,,,,,,,,,,,,,,,,,,,,,,,,,,,,,,,,,,,,,,,,,,,,,,,,,,,,,,,,,,,,,,,,,,,,,,,,,,,,,,,,,,,,,,,,,,,,,,,9599,"<span lang=""EN-GB"">Suppose
     you want to set up a reminder when you are alone at your home.<strong><o:p></o:p></strong></span>"
10/23/2018 12:42,10/23/2018 12:44,0,104.143.209.99,100,123,1,10/23/2018 12:45,R_1gSgaqvzhjZKZAO,,,,,40.76069641,-74.1882019,anonymous,EN,"1,2,3,4,5,6","1,2,5",,"1,2,3",,"3,4",,1,,"2,3",,4,"1,2,3",,"1,2,3",,"1,2,3","1,2,4",,"1,2,3",,"1,2,3,4",,"1,3",,"2,3",,"1,2",,,,,,,,,,,,,,,,,,,,,,,,,,,,,,,,,,,,,,,,,,,,,,,,,,,,,,,,,,,,,,,,,,,,,,,,,,,,,,,,,,,,,,,,,,,,,,,,,,,,,,,,,,,,,,,,,,,,,,,,,,,,,,,,,,,,,,,,,,,,,,,,,,,,,,,,,,,,,,,,,,,,,,,,,,,,,,,,,,,,,,,,39307,"<span lang=""EN-GB"">Suppose
     you want to a view a text message when you with people you know (e.g.,
     acquaintances, colleagues) at a street<strong>.</strong><o:p></o:p></span>"
10/23/2018 12:50,10/23/2018 12:57,0,130.18.101.131,100,406,1,10/23/2018 12:57,R_eWMyDlNnD0jKrVD,,,,,33.41560364,-88.74330139,anonymous,EN,"1,2,3,4,5,6","1,2",,5,,"1,2,3,4",,1,,1,,4,"1,2,3",,"1,2,3",,4,2,,5,,7,,"1,2,3",,"1,2",,"1,2",,,,,,,,,,,,,,,,,,,,,,,,,,,,,,,,,,,,,,,,,,,,,,,,,,,,,,,,,,,,,,,,,,,,,,,,,,,,,,,,,,,,,,,,,,,,,,,,,,,,,,,,,,,,,,,,,,,,,,,,,,,,,,,,,,,,,,,,,,,,,,,,,,,,,,,,,,,,,,,,,,,,,,,,,,,,,,,,,,,,,,,,34470,"<span lang=""EN-GB"">Suppose
     you want to set up a reminder when you with people you know (e.g.,
     acquaintances, colleagues) at a park.<o:p></o:p></span>"
10/23/2018 12:58,10/23/2018 12:59,0,166.182.80.140,100,8,1,10/23/2018 12:59,R_3QFSDSVMudxARoO,,,,,35.46760559,-97.5164032,anonymous,EN,2,,,,,,,,,,,,,,,,,,,,,,,,,,,,,,,,,,,,,,,,,,,,,,,,,,,,,,,,,,,,,,,,,,,,,,,,,,,,,,,,,,,,,,,,,,,,,,,,,,,,,,,,,,,,,,,,,,,,,,,,,,,,,,,,,,,,,,,,,,,,,,,,,,,,,,,,,,,,,,,,,,,,,,,,,,,,,,,,,,,,,,,,,,,,,,,,,,,,,,,,,,,,,,,,,,,67922,"<span lang=""EN-GB"">Suppose you want to read a digital document when you are in a park with people you know (e.g., acquaintances, colleagues).<o:p></o:p></span>"
10/23/2018 13:08,10/23/2018 13:08,0,71.181.20.249,100,5,1,10/23/2018 13:08,R_24ipnzauQ59Rvxu,,,,,42.96270752,-72.29550171,anonymous,EN,1,,,,,,,,,,,,,,,,,,,,,,,,,,,,,,,,,,,,,,,,,,,,,,,,,,,,,,,,,,,,,,,,,,,,,,,,,,,,,,,,,,,,,,,,,,,,,,,,,,,,,,,,,,,,,,,,,,,,,,,,,,,,,,,,,,,,,,,,,,,,,,,,,,,,,,,,,,,,,,,,,,,,,,,,,,,,,,,,,,,,,,,,,,,,,,,,,,,,,,,,,,,,,,,,,,,49145,"<span lang=""EN-GB"">Suppose
     you want to read a digital document when you are alone at home.<strong><o:p></o:p></strong></span>"
10/23/2018 13:12,10/23/2018 13:12,0,64.83.250.98,100,9,1,10/23/2018 13:12,R_2z8FBHZkIgPUCVz,,,,,38.19070435,-89.98840332,anonymous,EN,6,,,,,,,,,,,,,,,,,,,,,,,,,,,,,,,,,,,,,,,,,,,,,,,,,,,,,,,,,,,,,,,,,,,,,,,,,,,,,,,,,,,,,,,,,,,,,,,,,,,,,,,,,,,,,,,,,,,,,,,,,,,,,,,,,,,,,,,,,,,,,,,,,,,,,,,,,,,,,,,,,,,,,,,,,,,,,,,,,,,,,,,,,,,,,,,,,,,,,,,,,,,,,,,,,,,25058,"<span lang=""EN-GB"">Suppose
     you want to a send an email when you are surrounded by people you know
     (e.g., acquaintances, colleagues) at a restaurant.<o:p></o:p></span>"
10/23/2018 13:12,10/23/2018 13:14,0,72.184.249.113,100,80,1,10/23/2018 13:14,R_22X1dd1HwcZOvZZ,,,,,28.02839661,-82.77940369,anonymous,EN,"1,2,6","1,3,4",,"1,2",,"2,3",,1,,"3,4",,"2,3","1,2,3",,"2,3",,"1,3","1,3",,"1,2,3",,"3,4",,"1,2",,"1,3",,2,,,,,,,,,,,,,,,,,,,,,,,,,,,,,,,,,,,,,,,,,,,,,,,,,,,,,,,,,,,,,,,,,,,,,,,,,,,,,,,,,,,,,,,,,,,,,,,,,,,,,,,,,,,,,,,,,,,,,,,,,,,,,,,,,,,,,,,,,,,,,,,,,,,,,,,,,,,,,,,,,,,,,,,,,,,,,,,,,,,,,,,,94157,"Suppose
     you want to call your mother for sharing an important update about your
     life when you are surrounded by people you
     know (e.g., acquaintances, colleagues) at a restaurant.<o:p></o:p>"
10/23/2018 13:14,10/23/2018 13:15,0,76.5.110.102,100,57,1,10/23/2018 13:15,R_3PBSMIC765mW2En,,,,,40.17720032,-77.23120117,anonymous,EN,"2,3,4,6",3,,3,,4,,1,,4,,3,2,,2,,2,3,,2,,4,,2,,2,,2,,,,,,,,,,,,,,,,,,,,,,,,,,,,,,,,,,,,,,,,,,,,,,,,,,,,,,,,,,,,,,,,,,,,,,,,,,,,,,,,,,,,,,,,,,,,,,,,,,,,,,,,,,,,,,,,,,,,,,,,,,,,,,,,,,,,,,,,,,,,,,,,,,,,,,,,,,,,,,,,,,,,,,,,,,,,,,,,,,,,,,,,17617,"<span lang=""EN-GB"">Suppose
     you want to read a digital document when you are at home with people you
     are close to (e.g., friends, family members).<strong><o:p></o:p></strong></span>"
10/23/2018 13:15,10/23/2018 13:15,0,97.93.107.32,100,27,1,10/23/2018 13:15,R_rr3azdaAoUhODpT,,,,,34.06730652,-117.9365997,anonymous,EN,"2,3",,,,,,,,,,,,,,,,,,,,,,,,,,,,,,,,,,,,,,,,,,,,,,,,,,,,,,,,,,,,,,,,,,,,,,,,,,,,,,,,,,,,,,,,,,,,,,,,,,,,,,,,,,,,,,,,,,,,,,,,,,,,,,,,,,,,,,,,,,,,,,,,,,,,,,,,,,,,,,,,,,,,,,,,,,,,,,,,,,,,,,,,,,,,,,,,,,,,,,,,,,,,,,,,,,,42807,"<span lang=""EN-GB"">Suppose you want to a view a text message when you are alone at a street.<o:p></o:p></span>"
10/23/2018 13:13,10/23/2018 13:16,0,173.160.93.221,100,167,1,10/23/2018 13:16,R_1l4ylgzSwcv1epG,,,,,33.9335022,-84.39579773,anonymous,EN,"1,2,6","1,2",,3,,"1,2",,1,,1,,3,5,,1,,3,"2,3",,5,,2,,"1,2",,1,,4,,,,,,,,,,,,,,,,,,,,,,,,,,,,,,,,,,,,,,,,,,,,,,,,,,,,,,,,,,,,,,,,,,,,,,,,,,,,,,,,,,,,,,,,,,,,,,,,,,,,,,,,,,,,,,,,,,,,,,,,,,,,,,,,,,,,,,,,,,,,,,,,,,,,,,,,,,,,,,,,,,,,,,,,,,,,,,,,,,,,,,,,31434,"<span lang=""EN-GB"">Suppose
     you want to find a route to home when you are alone at Starbucks.<o:p></o:p></span>"
10/23/2018 13:15,10/23/2018 13:18,0,205.215.216.15,100,162,1,10/23/2018 13:18,R_1lsiQ9Pq5eVqcpf,,,,,44.89649963,-93.10340118,anonymous,EN,"1,2,4,5","1,2,3",,"1,2",,"1,2,3",,1,,"1,2,3",,"1,2,3","2,3",,"1,2",,"1,2","1,2,3",,"1,2",,"2,3",,"1,2",,"1,2,3",,"1,2",,,,,,,,,,,,,,,,,,,,,,,,,,,,,,,,,,,,,,,,,,,,,,,,,,,,,,,,,,,,,,,,,,,,,,,,,,,,,,,,,,,,,,,,,,,,,,,,,,,,,,,,,,,,,,,,,,,,,,,,,,,,,,,,,,,,,,,,,,,,,,,,,,,,,,,,,,,,,,,,,,,,,,,,,,,,,,,,,,,,,,,,3246,"<span lang=""EN-GB"">Suppose
     you want to read a digital document) when you are at home with people you
     know (e.g., acquaintances, colleagues).<o:p></o:p></span>"
10/23/2018 13:18,10/23/2018 13:18,0,67.149.146.6,100,17,1,10/23/2018 13:18,R_3DdV0UBoYPiUk8R,,,,,42.60049438,-82.99980164,anonymous,EN,2,,,,,,,,,,,,,,,,,,,,,,,,,,,,,,,,,,,,,,,,,,,,,,,,,,,,,,,,,,,,,,,,,,,,,,,,,,,,,,,,,,,,,,,,,,,,,,,,,,,,,,,,,,,,,,,,,,,,,,,,,,,,,,,,,,,,,,,,,,,,,,,,,,,,,,,,,,,,,,,,,,,,,,,,,,,,,,,,,,,,,,,,,,,,,,,,,,,,,,,,,,,,,,,,,,,8927,"<span lang=""EN-GB"">Suppose you have planned to meet a friend next week and you want to put this on your calendar when you are surrounded with people you are close to (e.g., friends, family members) at your home.<strong><o:p></o:p></strong></span>"
10/23/2018 13:22,10/23/2018 13:25,0,24.160.35.111,100,197,1,10/23/2018 13:26,R_2SeiwmZSblhzykl,,,,,32.70930481,-114.4905014,anonymous,EN,"1,2,3,4","2,4,5",,"1,3",,"1,2,3",,3,,1,,"1,2,3","1,2,3",,2,,3,"1,2",,2,,6,,2,,1,,"1,2",,,,,,,,,,,,,,,,,,,,,,,,,,,,,,,,,,,,,,,,,,,,,,,,,,,,,,,,,,,,,,,,,,,,,,,,,,,,,,,,,,,,,,,,,,,,,,,,,,,,,,,,,,,,,,,,,,,,,,,,,,,,,,,,,,,,,,,,,,,,,,,,,,,,,,,,,,,,,,,,,,,,,,,,,,,,,,,,,,,,,,,,21757,"<span lang=""EN-GB"">Suppose you want to read a digital document when you are at Starbucks with people you know (e.g., acquaintances, colleagues).<o:p></o:p></span>"
10/23/2018 13:20,10/23/2018 13:26,0,128.23.28.83,100,351,1,10/23/2018 13:26,R_x9qK1eFsNq6XDC9,,,,,32.78619385,-79.94709778,anonymous,EN,"1,2,3","1,3,4",,2,,"2,4",,1,,1,,1,"2,3",,"1,3",,2,"1,3",,"2,3",,3,,"1,3",,1,,2,,,,,,,,,,,,,,,,,,,,,,,,,,,,,,,,,,,,,,,,,,,,,,,,,,,,,,,,,,,,,,,,,,,,,,,,,,,,,,,,,,,,,,,,,,,,,,,,,,,,,,,,,,,,,,,,,,,,,,,,,,,,,,,,,,,,,,,,,,,,,,,,,,,,,,,,,,,,,,,,,,,,,,,,,,,,,,,,,,,,,,,,53678,"<span lang=""EN-GB"">Suppose you are at sitting in a park and you want to play a digital/online game&nbsp;</span>with some close friends."
10/23/2018 13:26,10/23/2018 13:27,0,128.23.28.83,100,50,1,10/23/2018 13:27,R_2BqSHiTiWZXFELy,,,,,32.78619385,-79.94709778,anonymous,EN,"1,2,3,4","1,5",,2,,2,,1,,1,,1,1,,1,,"1,2",1,,1,,1,,1,,1,,1,,,,,,,,,,,,,,,,,,,,,,,,,,,,,,,,,,,,,,,,,,,,,,,,,,,,,,,,,,,,,,,,,,,,,,,,,,,,,,,,,,,,,,,,,,,,,,,,,,,,,,,,,,,,,,,,,,,,,,,,,,,,,,,,,,,,,,,,,,,,,,,,,,,,,,,,,,,,,,,,,,,,,,,,,,,,,,,,,,,,,,,,40976,"<span lang=""EN-GB"">Suppose you want to a send a text message when you are alone at a street.<o:p></o:p></span>"
10/23/2018 13:21,10/23/2018 13:30,0,71.30.176.232,100,535,1,10/23/2018 13:30,R_aaDnJ2Dj5SuyQIp,,,,,31.72479248,-83.24949646,anonymous,EN,"1,2,3,4",2,,5,,1,,3,,2,,1,2,,5,,1,6,,5,,1,,2,,1,,4,,,,,,,,,,,,,,,,,,,,,,,,,,,,,,,,,,,,,,,,,,,,,,,,,,,,,,,,,,,,,,,,,,,,,,,,,,,,,,,,,,,,,,,,,,,,,,,,,,,,,,,,,,,,,,,,,,,,,,,,,,,,,,,,,,,,,,,,,,,,,,,,,,,,,,,,,,,,,,,,,,,,,,,,,,,,,,,,,,,,,,,,94757,"<span lang=""EN-GB"">Suppose you are at sitting at Starbucks and you want to play a digital/online&nbsp;</span>game."
10/23/2018 13:29,10/23/2018 13:31,0,97.90.210.58,100,143,1,10/23/2018 13:31,R_31vdOdxVXha49kr,,,,,35.68190002,-82.01799774,anonymous,EN,"1,2,3,4","1,2,3,4,5",,"1,2,3",,"1,3,4",,1,,1,,3,"2,3",,"1,3",,"2,3","1,4",,"1,2",,"2,3,4",,2,,"1,3",,"1,2",,,,,,,,,,,,,,,,,,,,,,,,,,,,,,,,,,,,,,,,,,,,,,,,,,,,,,,,,,,,,,,,,,,,,,,,,,,,,,,,,,,,,,,,,,,,,,,,,,,,,,,,,,,,,,,,,,,,,,,,,,,,,,,,,,,,,,,,,,,,,,,,,,,,,,,,,,,,,,,,,,,,,,,,,,,,,,,,,,,,,,,,45134,"<span lang=""EN-GB"">Suppose you are at Starbucks with your close friends and you realize today is the last day to pay one of your bills online.<o:p></o:p></span>"
10/23/2018 13:25,10/23/2018 13:32,0,129.71.94.103,100,455,1,10/23/2018 13:32,R_2flzhDy50yuIMv7,,,,,39.6098938,-79.98310089,anonymous,EN,"1,2,4","2,4",,5,,"1,2",,3,,1,,3,3,,"1,2",,3,2,,2,,3,,2,,"1,2",,"1,2",,"1,2",4,,3,,"1,3",,3,,2,,3,"1,2,3",,5,,5,,6,,3,,2,,3,,"1,2,3",,4,,"2,5",,5,,"1,3",,1,,2,,"1,2","1,2,3",,5,,5,,2,,"1,3",,2,,"1,3",,"1,2",,2,,,,,,,,,,,,,,,,,,,,,,,,,,,,,,,,,,,,,,,,,,,,,,,,,,,,,,,,,,,,,,,,,,,,,,,,,,,,,,,,,,,,,,,,,,,,,,,,,,,,,,,,,,,,,,,,,,,,,,female,25,unemployed,5,1,,2,41797,"<span lang=""EN-GB"">Suppose
     you want to a send an email when you are surrounded by people you know
     (e.g., acquaintances, colleagues) your home.<o:p></o:p></span>"
10/23/2018 13:33,10/23/2018 13:36,0,67.11.105.235,100,162,1,10/23/2018 13:36,R_2wF99UPrqWXU8ti,,,,,29.7026062,-98.47589874,anonymous,EN,"1,2,3,4,5,6","1,2",,1,,"2,3,4",,1,,1,,2,"1,2",,"1,2",,"1,2",4,,"1,2",,"1,2",,"1,3",,"1,2",,"1,2",,,,,,,,,,,,,,,,,,,,,,,,,,,,,,,,,,,,,,,,,,,,,,,,,,,,,,,,,,,,,,,,,,,,,,,,,,,,,,,,,,,,,,,,,,,,,,,,,,,,,,,,,,,,,,,,,,,,,,,,,,,,,,,,,,,,,,,,,,,,,,,,,,,,,,,,,,,,,,,,,,,,,,,,,,,,,,,,,,,,,,,,48373,"<span lang=""EN-GB"">Suppose
     you want to call your mother for sharing an important update about your
     life&nbsp; when you are alone at a park<o:p></o:p></span>"
10/23/2018 13:37,10/23/2018 13:38,0,35.138.89.233,100,26,1,10/23/2018 13:38,R_4V2aJutH6wrBHOh,,,,,28.01400757,-81.95230103,anonymous,EN,"1,2",,,,,,,,,,,,,,,,,,,,,,,,,,,,,,,,,,,,,,,,,,,,,,,,,,,,,,,,,,,,,,,,,,,,,,,,,,,,,,,,,,,,,,,,,,,,,,,,,,,,,,,,,,,,,,,,,,,,,,,,,,,,,,,,,,,,,,,,,,,,,,,,,,,,,,,,,,,,,,,,,,,,,,,,,,,,,,,,,,,,,,,,,,,,,,,,,,,,,,,,,,,,,,,,,,,94246,"<span lang=""EN-GB"">Suppose
     you want to a view a text message when you are with a very close friend at
     a restaurant&nbsp;<o:p></o:p></span>"
10/23/2018 13:42,10/23/2018 13:42,0,174.235.134.127,100,24,1,10/23/2018 13:42,R_30ef3UsRPW607vZ,,,,,30.47549438,-90.10040283,anonymous,EN,"2,4",,,,,,,,,,,,,,,,,,,,,,,,,,,,,,,,,,,,,,,,,,,,,,,,,,,,,,,,,,,,,,,,,,,,,,,,,,,,,,,,,,,,,,,,,,,,,,,,,,,,,,,,,,,,,,,,,,,,,,,,,,,,,,,,,,,,,,,,,,,,,,,,,,,,,,,,,,,,,,,,,,,,,,,,,,,,,,,,,,,,,,,,,,,,,,,,,,,,,,,,,,,,,,,,,,,21627,"<span lang=""EN-GB"">Suppose you want to set up a reminder when you are at a park with close friends.<o:p></o:p></span>"
10/23/2018 13:44,10/23/2018 13:45,0,108.228.152.222,100,17,1,10/23/2018 13:45,R_3lsH6Vd78UFbw1n,,,,,41.24909973,-81.33830261,anonymous,EN,1,,,,,,,,,,,,,,,,,,,,,,,,,,,,,,,,,,,,,,,,,,,,,,,,,,,,,,,,,,,,,,,,,,,,,,,,,,,,,,,,,,,,,,,,,,,,,,,,,,,,,,,,,,,,,,,,,,,,,,,,,,,,,,,,,,,,,,,,,,,,,,,,,,,,,,,,,,,,,,,,,,,,,,,,,,,,,,,,,,,,,,,,,,,,,,,,,,,,,,,,,,,,,,,,,,,99509,"<span lang=""EN-GB"">Suppose you want to watch some video when you are with your close friends at Starbucks.<o:p></o:p></span>"
10/23/2018 13:55,10/23/2018 13:55,0,207.244.89.75,100,29,1,10/23/2018 13:55,R_31XaETd6kRQxQWp,,,,,40.5171051,-74.39730072,anonymous,EN,2,,,,,,,,,,,,,,,,,,,,,,,,,,,,,,,,,,,,,,,,,,,,,,,,,,,,,,,,,,,,,,,,,,,,,,,,,,,,,,,,,,,,,,,,,,,,,,,,,,,,,,,,,,,,,,,,,,,,,,,,,,,,,,,,,,,,,,,,,,,,,,,,,,,,,,,,,,,,,,,,,,,,,,,,,,,,,,,,,,,,,,,,,,,,,,,,,,,,,,,,,,,,,,,,,,,63892,"<span lang=""EN-GB"">Suppose
     you want to find a route to home when you are at Starbucks with your close
     friends.<o:p></o:p></span>"
10/23/2018 14:40,10/23/2018 14:40,0,174.209.20.136,100,10,1,10/23/2018 14:40,R_1P7PirkEjz6EUIq,,,,,39.67930603,-104.8843002,anonymous,EN,"1,2",,,,,,,,,,,,,,,,,,,,,,,,,,,,,,,,,,,,,,,,,,,,,,,,,,,,,,,,,,,,,,,,,,,,,,,,,,,,,,,,,,,,,,,,,,,,,,,,,,,,,,,,,,,,,,,,,,,,,,,,,,,,,,,,,,,,,,,,,,,,,,,,,,,,,,,,,,,,,,,,,,,,,,,,,,,,,,,,,,,,,,,,,,,,,,,,,,,,,,,,,,,,,,,,,,,16208,"<span lang=""EN-GB"">Suppose
     you want to call your mother for sharing an important update about your
     life when you are alone at Starbucks.<o:p></o:p></span>"
10/23/2018 14:38,10/23/2018 14:51,0,172.251.16.57,100,827,1,10/23/2018 14:51,R_2VfL25F5Fv2zqk2,,,,,34.04179382,-117.756897,anonymous,EN,"1,2,3,4,5",7,,5,,6,,1,,1,,1,5,,5,,1,6,,5,,7,,5,,5,,4,,2,,,,,,,,,,,,,,,,,,,,,,,,,,,,,,7,,5,,6,,1,,6,,1,5,,5,,5,,6,,7,,5,,7,,5,,4,,,,,,,,,,,,,,,,,,,,,,,,,,,,,,,,,,,,,,,,,,,,,,,,,,,,,,,,,,,,,,,,,,,,,,,,,,,,,,,,,,,,,,,,,,,,,,,,,,,,,,,,,,,,,,,,,,,,,,female,34,consultant,5,5,,2,28126,"<span lang=""EN-GB"">Suppose you are on a short vacation alone and you want to take a picture in front&nbsp;</span>of an iconic monument."
10/23/2018 14:50,10/23/2018 14:52,0,67.161.81.229,100,73,1,10/23/2018 14:52,R_2WOkCqi6BImWLLU,,,,,48.74899292,-122.4887009,anonymous,EN,"1,2,3,5",2,,1,,"1,3",,1,,"2,4",,3,5,,1,,2,3,,"2,3",,"2,4",,"1,3",,"2,3",,2,,,,,,,,,,,,,,,,,,,,,,,,,,,,,,,,,,,,,,,,,,,,,,,,,,,,,,,,,,,,,,,,,,,,,,,,,,,,,,,,,,,,,,,,,,,,,,,,,,,,,,,,,,,,,,,,,,,,,,,,,,,,,,,,,,,,,,,,,,,,,,,,,,,,,,,,,,,,,,,,,,,,,,,,,,,,,,,,,,,,,,,,85773,"<span lang=""EN-GB"" style=""font-size:11.0pt;line-height:115%;
font-family:&quot;Arial&quot;,sans-serif;mso-fareast-font-family:Arial;mso-ansi-language:
EN-GB;mso-fareast-language:EN-US;mso-bidi-language:AR-SA"">Suppose you want to
take a click a photo when you are at Starbucks.</span>"
10/23/2018 14:53,10/23/2018 14:54,0,73.11.171.41,100,60,1,10/23/2018 14:54,R_2VIUbVipSCM746X,,,,,47.90170288,-122.2472,anonymous,EN,"1,2,3,4,5,6","1,3,4,5",,"2,3",,"1,2,3,4",,1,,"3,4",,"1,2",5,,"1,2,3",,4,"2,3,4",,"1,2,3",,"1,3",,"1,2,3",,"1,2,3",,"1,2",,,,,,,,,,,,,,,,,,,,,,,,,,,,,,,,,,,,,,,,,,,,,,,,,,,,,,,,,,,,,,,,,,,,,,,,,,,,,,,,,,,,,,,,,,,,,,,,,,,,,,,,,,,,,,,,,,,,,,,,,,,,,,,,,,,,,,,,,,,,,,,,,,,,,,,,,,,,,,,,,,,,,,,,,,,,,,,,,,,,,,,,50399,"<span lang=""EN-GB"">Suppose
     you want to take a click a photo when you are alone at home.<o:p></o:p></span>"
10/23/2018 14:53,10/23/2018 14:55,0,67.254.136.52,100,72,1,10/23/2018 14:55,R_zbXXLZRWOQ8cn3H,,,,,40.7651062,-73.9858017,anonymous,EN,"2,3,4","2,4",,"1,3",,"2,3",,1,,6,,2,2,,3,,2,3,,2,,2,,2,,2,,2,,2,,,,,,,,,,,,,,,,,,,,,,,,,,,,,,4,,2,,4,,1,,4,,1,3,,3,,2,,6,,3,,2,,4,,3,,4,,,,,,,,,,,,,,,,,,,,,,,,,,,,,,,,,,,,,,,,,,,,,,,,,,,,,,,,,,,,,,,,,,,,,,,,,,,,,,,,,,,,,,,,,,,,,,,,,,,,,,,,,,,,,,,,,,,,,,,,,,,,,34150,"<span lang=""EN-GB"">Suppose you want to find a route to home while walking on a street.<o:p></o:p></span>"
10/23/2018 14:55,10/23/2018 14:55,0,67.254.136.52,100,5,1,10/23/2018 14:55,R_1FZImbO5noxtStr,,,,,40.7651062,-73.9858017,anonymous,EN,2,,,,,,,,,,,,,,,,,,,,,,,,,,,,,,,,,,,,,,,,,,,,,,,,,,,,,,,,,,,,,,,,,,,,,,,,,,,,,,,,,,,,,,,,,,,,,,,,,,,,,,,,,,,,,,,,,,,,,,,,,,,,,,,,,,,,,,,,,,,,,,,,,,,,,,,,,,,,,,,,,,,,,,,,,,,,,,,,,,,,,,,,,,,,,,,,,,,,,,,,,,,,,,,,,,,65265,"<span lang=""EN-GB"">Suppose
     you want to a send a text message when you are surrounded by people you
     know (e.g., acquaintances, colleagues) at your home.<o:p></o:p></span>"
10/23/2018 14:53,10/23/2018 14:55,0,67.184.181.248,100,111,1,10/23/2018 14:55,R_PAu5OC56OWTgwvL,,,,,41.93989563,-87.65280151,anonymous,EN,"1,2,6","1,2",,"1,2",,"2,3",,1,,"1,2",,2,"1,3",,2,,1,"1,2",,"1,2",,2,,"1,2",,1,,2,,,,,,,,,,,,,,,,,,,,,,,,,,,,,,,,,,,,,,,,,,,,,,,,,,,,,,,,,,,,,,,,,,,,,,,,,,,,,,,,,,,,,,,,,,,,,,,,,,,,,,,,,,,,,,,,,,,,,,,,,,,,,,,,,,,,,,,,,,,,,,,,,,,,,,,,,,,,,,,,,,,,,,,,,,,,,,,,,,,,,,,,44081,"<span lang=""EN-GB"">Suppose you want to find a route to a coffee shop when you are
     at home </span><span lang=""EN-GB"">with
     people you are close to (e.g., friends, family members)</span><strong><span lang=""EN-GB""><o:p></o:p></span></strong>"
10/23/2018 14:53,10/23/2018 14:55,0,162.248.134.253,100,113,1,10/23/2018 14:55,R_3HTyT5G0HN4ZIiL,,,,,37.75100708,-97.8219986,anonymous,EN,"1,2,3,4,5,6",2,,2,,2,,1,,2,,2,2,,2,,2,2,,1,,3,,1,,1,,1,,1,3,,2,,2,,1,,2,,3,2,,2,,2,,3,,3,,2,,2,,2,,2,,,,,,,,,,,,,,,,,,,,,,,,,,,,,,,,,,,,,,,,,,,,,,,,,,,,,,,,,,,,,,,,,,,,,,,,,,,,,,,,,,,,,,,,,,,,,,,,,,,,,,,,,,,,,,,,,,,,,,,,,,,,,,,,,,,,,,,,,,,,,,,,,,,,,,,,,,5941,"<span lang=""EN-GB"" style=""font-size:11.0pt;line-height:115%;
font-family:&quot;Arial&quot;,sans-serif;mso-fareast-font-family:Arial;mso-ansi-language:
EN-GB;mso-fareast-language:EN-US;mso-bidi-language:AR-SA"">Suppose you have
planned to meet a friend next week and you want put this on your calendar<span style=""color:#434343""> when you with </span>people you know (e.g.,
acquaintances, colleagues)<span style=""color:#434343""> at a park</span></span>"
10/23/2018 14:55,10/23/2018 14:55,0,67.254.136.52,100,32,1,10/23/2018 14:55,R_81zvD9YLMPKY4St,,,,,40.7651062,-73.9858017,anonymous,EN,"1,2,3",4,,"1,2",,1,,1,,2,,2,1,,"1,2",,"2,3",3,,"1,2",,"3,4",,"1,2",,"1,3",,2,,,,,,,,,,,,,,,,,,,,,,,,,,,,,,,,,,,,,,,,,,,,,,,,,,,,,,,,,,,,,,,,,,,,,,,,,,,,,,,,,,,,,,,,,,,,,,,,,,,,,,,,,,,,,,,,,,,,,,,,,,,,,,,,,,,,,,,,,,,,,,,,,,,,,,,,,,,,,,,,,,,,,,,,,,,,,,,,,,,,,,,,52517,"<span lang=""EN-GB"">Suppose
     you want to purchase something online when you are alone at a park.<o:p></o:p></span>"
10/23/2018 14:56,10/23/2018 14:56,0,50.52.105.13,100,8,1,10/23/2018 14:56,R_p3EA5P6vyLRPdT3,,,,,46.73519897,-117.1728973,anonymous,EN,"2,4",,,,,,,,,,,,,,,,,,,,,,,,,,,,,,,,,,,,,,,,,,,,,,,,,,,,,,,,,,,,,,,,,,,,,,,,,,,,,,,,,,,,,,,,,,,,,,,,,,,,,,,,,,,,,,,,,,,,,,,,,,,,,,,,,,,,,,,,,,,,,,,,,,,,,,,,,,,,,,,,,,,,,,,,,,,,,,,,,,,,,,,,,,,,,,,,,,,,,,,,,,,,,,,,,,,440,"<span lang=""EN-GB"">Suppose
     you want to purchase something online when you are with your close friends
     at Starbucks.<o:p></o:p></span>"
10/23/2018 14:53,10/23/2018 14:56,0,160.2.78.54,100,204,1,10/23/2018 14:56,R_3GlzB6PLssaW7BD,,,,,42.93569946,-112.4679031,anonymous,EN,"1,2,3,4,5","1,2",,1,,"1,2",,1,,1,,"1,3","1,2,3",,"1,2,3",,"2,3","1,2",,"1,2,3",,"1,2,4",,"1,2,3",,1,,2,,,,,,,,,,,,,,,,,,,,,,,,,,,,,,,,,,,,,,,,,,,,,,,,,,,,,,,,,,,,,,,,,,,,,,,,,,,,,,,,,,,,,,,,,,,,,,,,,,,,,,,,,,,,,,,,,,,,,,,,,,,,,,,,,,,,,,,,,,,,,,,,,,,,,,,,,,,,,,,,,,,,,,,,,,,,,,,,,,,,,,,,64275,"<span lang=""EN-GB"">Suppose it is a regular working day, you want to track the total amount of calories&nbsp;</span>you consume and burn off during the day.&nbsp;"
10/23/2018 14:58,10/23/2018 14:58,0,107.221.23.148,100,31,1,10/23/2018 14:58,R_2VvH4Pyiptghvk9,,,,,30.46009827,-89.08860016,anonymous,EN,"1,2",,,,,,,,,,,,,,,,,,,,,,,,,,,,,,,,,,,,,,,,,,,,,,,,,,,,,,,,,,,,,,,,,,,,,,,,,,,,,,,,,,,,,,,,,,,,,,,,,,,,,,,,,,,,,,,,,,,,,,,,,,,,,,,,,,,,,,,,,,,,,,,,,,,,,,,,,,,,,,,,,,,,,,,,,,,,,,,,,,,,,,,,,,,,,,,,,,,,,,,,,,,,,,,,,,,38061,"<span lang=""EN-GB"">Suppose you want to take a click a photo when you with </span><span lang=""EN-GB"">some people you know (e.g.,
     acquaintances, colleagues)</span><span lang=""EN-GB""> at home<o:p></o:p></span>"
10/23/2018 14:57,10/23/2018 15:00,0,24.5.216.204,100,167,1,10/23/2018 15:00,R_3oTHjOeDNW3NySZ,,,,,37.75619507,-121.9522018,anonymous,EN,"1,2,3,4,6",7,,5,,1,,3,,6,,3,5,,5,,4,6,,5,,7,,5,,5,,4,,,,,,,,,,,,,,,,,,,,,,,,,,,,,,,,,,,,,,,,,,,,,,,,,,,,,,,,,,,,,,,,,,,,,,,,,,,,,,,,,,,,,,,,,,,,,,,,,,,,,,,,,,,,,,,,,,,,,,,,,,,,,,,,,,,,,,,,,,,,,,,,,,,,,,,,,,,,,,,,,,,,,,,,,,,,,,,,,,,,,,,,74104,"<span lang=""EN-GB"">Suppose you have planned to meet a friend next week and you want to put this on your calendar when you are surrounded by people you know (e.g., acquaintances, colleagues) at a restaurant.<o:p></o:p></span>"
10/23/2018 14:56,10/23/2018 15:00,0,24.165.223.140,100,231,1,10/23/2018 15:00,R_001Br4wzlWRbqet,,,,,41.23179626,-80.7641983,anonymous,EN,"1,2,4","1,2,3,4,5",,"1,2,3",,"1,2",,3,,1,,"1,2","1,2",,1,,"1,2","1,2",,"1,2",,"1,2,3,4",,"1,2",,"1,2",,"1,2",,2,,,,,,,,,,,,,,,,,,,,,,,,,,,,,,2,,1,,1,,3,,1,,1,1,,2,,"1,2",,1,,1,,1,,4,,"1,2,3",,"1,2",,,,,,,,,,,,,,,,,,,,,,,,,,,,,,,,,,,,,,,,,,,,,,,,,,,,,,,,,,,,,,,,,,,,,,,,,,,,,,,,,,,,,,,,,,,,,,,,,,,,,,,,,,,,,,,,,,,,,,,,,,,,,34623,"<span lang=""EN-GB"">Suppose you are at work with some people you know (e.g., acquaintances, colleagues) when you realize that you have to immediately pay one of your bills online.<o:p></o:p></span>"
10/23/2018 15:00,10/23/2018 15:01,0,47.134.148.164,100,59,1,10/23/2018 15:01,R_W69SGVvVP1jL3Lr,,,,,35.90299988,-82.28759766,anonymous,EN,3,,,,,,,,,,,,,,,,,,,,,,,,,,,,,,,,,,,,,,,,,,,,,,,,,,,,,,,,,,,,,,,,,,,,,,,,,,,,,,,,,,,,,,,,,,,,,,,,,,,,,,,,,,,,,,,,,,,,,,,,,,,,,,,,,,,,,,,,,,,,,,,,,,,,,,,,,,,,,,,,,,,,,,,,,,,,,,,,,,,,,,,,,,,,,,,,,,,,,,,,,,,,,,,,,,,50583,"<span lang=""EN-GB"">Suppose you are at a park, you have just read a book you loved and now you&nbsp;</span>want to write a review for it to share with people you are close to (e.g., friends, family members)"
10/23/2018 15:01,10/23/2018 15:03,0,172.58.185.28,100,96,1,10/23/2018 15:03,R_2PaNM3nBEboPgXs,,,,,38.95179749,-77.02030182,anonymous,EN,"2,3",,,,,,,,,,,,,,,,,,,,,,,,,,,,,,,,,,,,,,,,,,,,,,,,,,,,,,,,,,,,,,,,,,,,,,,,,,,,,,,,,,,,,,,,,,,,,,,,,,,,,,,,,,,,,,,,,,,,,,,,,,,,,,,,,,,,,,,,,,,,,,,,,,,,,,,,,,,,,,,,,,,,,,,,,,,,,,,,,,,,,,,,,,,,,,,,,,,,,,,,,,,,,,,,,,,1106,"<span lang=""EN-GB"">Suppose
     you want to take a click a photo when you are with people you are close to
     (e.g., friends, family members) at home<o:p></o:p></span>"
10/23/2018 15:03,10/23/2018 15:04,0,104.200.37.120,100,48,1,10/23/2018 15:04,R_BzAP3Cn5Vt8jAnT,,,,,35.66650391,-97.4654007,anonymous,EN,"2,3",,,,,,,,,,,,,,,,,,,,,,,,,,,,,,,,,,,,,,,,,,,,,,,,,,,,,,,,,,,,,,,,,,,,,,,,,,,,,,,,,,,,,,,,,,,,,,,,,,,,,,,,,,,,,,,,,,,,,,,,,,,,,,,,,,,,,,,,,,,,,,,,,,,,,,,,,,,,,,,,,,,,,,,,,,,,,,,,,,,,,,,,,,,,,,,,,,,,,,,,,,,,,,,,,,,73597,"<span lang=""EN-GB"">Suppose
     you want to watch some video when
     you are at home with people you are close to (e.g., friends, family
     members)<strong><o:p></o:p></strong></span>"
10/23/2018 15:04,10/23/2018 15:04,0,104.200.37.120,100,7,1,10/23/2018 15:04,R_2640XBp524ngN3Y,,,,,35.66650391,-97.4654007,anonymous,EN,2,,,,,,,,,,,,,,,,,,,,,,,,,,,,,,,,,,,,,,,,,,,,,,,,,,,,,,,,,,,,,,,,,,,,,,,,,,,,,,,,,,,,,,,,,,,,,,,,,,,,,,,,,,,,,,,,,,,,,,,,,,,,,,,,,,,,,,,,,,,,,,,,,,,,,,,,,,,,,,,,,,,,,,,,,,,,,,,,,,,,,,,,,,,,,,,,,,,,,,,,,,,,,,,,,,,59537,"<span lang=""EN-GB"">Suppose you want to browse the internet when you alone at a park.<o:p></o:p></span>"
10/23/2018 15:04,10/23/2018 15:04,0,104.200.37.120,100,7,1,10/23/2018 15:04,R_1GP0DWLDRRSJOpb,,,,,35.66650391,-97.4654007,anonymous,EN,3,,,,,,,,,,,,,,,,,,,,,,,,,,,,,,,,,,,,,,,,,,,,,,,,,,,,,,,,,,,,,,,,,,,,,,,,,,,,,,,,,,,,,,,,,,,,,,,,,,,,,,,,,,,,,,,,,,,,,,,,,,,,,,,,,,,,,,,,,,,,,,,,,,,,,,,,,,,,,,,,,,,,,,,,,,,,,,,,,,,,,,,,,,,,,,,,,,,,,,,,,,,,,,,,,,,82336,"<span lang=""EN-GB"">Suppose
     you are at a park with your close friends and you realize today is the
     last day to pay one of your bills online.<o:p></o:p></span>"
10/23/2018 15:04,10/23/2018 15:05,0,104.200.37.120,100,33,1,10/23/2018 15:05,R_3ekNkr0OToKNXXL,,,,,35.66650391,-97.4654007,anonymous,EN,1,,,,,,,,,,,,,,,,,,,,,,,,,,,,,,,,,,,,,,,,,,,,,,,,,,,,,,,,,,,,,,,,,,,,,,,,,,,,,,,,,,,,,,,,,,,,,,,,,,,,,,,,,,,,,,,,,,,,,,,,,,,,,,,,,,,,,,,,,,,,,,,,,,,,,,,,,,,,,,,,,,,,,,,,,,,,,,,,,,,,,,,,,,,,,,,,,,,,,,,,,,,,,,,,,,,14320,"<span lang=""EN-GB"">Suppose
     you want to listen to some audio when you are alone at Starbucks.<o:p></o:p></span>"
10/23/2018 15:05,10/23/2018 15:05,0,104.200.37.120,100,5,1,10/23/2018 15:05,R_2dWPGpA77tRTvVb,,,,,35.66650391,-97.4654007,anonymous,EN,5,,,,,,,,,,,,,,,,,,,,,,,,,,,,,,,,,,,,,,,,,,,,,,,,,,,,,,,,,,,,,,,,,,,,,,,,,,,,,,,,,,,,,,,,,,,,,,,,,,,,,,,,,,,,,,,,,,,,,,,,,,,,,,,,,,,,,,,,,,,,,,,,,,,,,,,,,,,,,,,,,,,,,,,,,,,,,,,,,,,,,,,,,,,,,,,,,,,,,,,,,,,,,,,,,,,22795,"<span lang=""EN-GB"">Suppose
     you want to a send an email when you are surrounded by people you know
     (e.g., acquaintances, colleagues) your home.<o:p></o:p></span>"
10/23/2018 15:05,10/23/2018 15:05,0,104.200.37.120,100,5,1,10/23/2018 15:05,R_3qaFKbeN31uERzk,,,,,35.66650391,-97.4654007,anonymous,EN,4,,,,,,,,,,,,,,,,,,,,,,,,,,,,,,,,,,,,,,,,,,,,,,,,,,,,,,,,,,,,,,,,,,,,,,,,,,,,,,,,,,,,,,,,,,,,,,,,,,,,,,,,,,,,,,,,,,,,,,,,,,,,,,,,,,,,,,,,,,,,,,,,,,,,,,,,,,,,,,,,,,,,,,,,,,,,,,,,,,,,,,,,,,,,,,,,,,,,,,,,,,,,,,,,,,,40912,"<span lang=""EN-GB"">Suppose you want to browse the internet when you are with people you know (e.g., acquaintances, colleagues) at a restaurant.<o:p></o:p></span>"
10/23/2018 15:05,10/23/2018 15:05,0,104.200.37.120,100,6,1,10/23/2018 15:05,R_27ytz1Yk6ERfLZ6,,,,,35.66650391,-97.4654007,anonymous,EN,1,,,,,,,,,,,,,,,,,,,,,,,,,,,,,,,,,,,,,,,,,,,,,,,,,,,,,,,,,,,,,,,,,,,,,,,,,,,,,,,,,,,,,,,,,,,,,,,,,,,,,,,,,,,,,,,,,,,,,,,,,,,,,,,,,,,,,,,,,,,,,,,,,,,,,,,,,,,,,,,,,,,,,,,,,,,,,,,,,,,,,,,,,,,,,,,,,,,,,,,,,,,,,,,,,,,73318,"<span lang=""EN-GB"">Suppose
     you want to a send a text message when you are surrounded by people you
     know (e.g., acquaintances, colleagues) at a restaurant.<o:p></o:p></span>"
10/23/2018 14:53,10/23/2018 15:06,0,65.35.51.221,100,756,1,10/23/2018 15:06,R_3KMBZZAp0pseN3t,,,,,27.70150757,-82.31510162,anonymous,EN,"1,2,4",2,,1,,2,,1,,1,,3,1,,1,,3,1,,2,,3,,2,,3,,1,,2,,,,,,,,,,,,,,,,,,,,,,,,,,,,,,2,,1,,2,,1,,1,,3,1,,3,,3,,1,,3,,2,,3,,2,,2,,,,,,,,,,,,,,,,,,,,,,,,,,,,,,,,,,,,,,,,,,,,,,,,,,,,,,,,,,,,,,,,,,,,,,,,,,,,,,,,,,,,,,,,,,,,,,,,,,,,,,,,,,,,,,,,,,,,,,female,50,teacher,5,3,,2,40278,"Suppose you want to call your mother for sharing an important update about your life when you are surrounded with people you are close to (e.g., friends, family members)at your home."
10/23/2018 14:57,10/23/2018 15:08,0,184.164.147.2,100,619,1,10/23/2018 15:08,R_WfiMzQ80iAouFxL,,,,,47.60620117,-122.3320999,anonymous,EN,"1,2,3,4","2,4",,1,,3,,1,,1,,2,2,,2,,2,"3,4",,1,,2,,2,,"1,2,3",,2,,,,,,,,,,,,,,,,,,,,,,,,,,,,,,,,,,,,,,,,,,,,,,,,,,,,,,,,,,,,,,,,,,,,,,,,,,,,,,,,,,,,,,,,,,,,,,,,,,,,,,,,,,,,,,,,,,,,,,,,,,,,,,,,,,,,,,,,,,,,,,,,,,,,,,,,,,,,,,,,,,,,,,,,,,,,,,,,,,,,,,,,46271,"<span lang=""EN-GB"">Suppose you are at your gym and you want to track the amount of calories&nbsp;</span>you have burnt your workout.&nbsp;"
10/23/2018 15:06,10/23/2018 15:08,0,104.200.37.120,100,130,1,10/23/2018 15:08,R_2737brCdrc270Yr,,,,,35.66650391,-97.4654007,anonymous,EN,"1,2,3,4,5,6",4,,1,,3,,1,,4,,3,3,,3,,3,3,,3,,3,,2,,3,,2,,,,,,,,,,,,,,,,,,,,,,,,,,,,,,,,,,,,,,,,,,,,,,,,,,,,,,,,,,,,,,,,,,,,,,,,,,,,,,,,,,,,,,,,,,,,,,,,,,,,,,,,,,,,,,,,,,,,,,,,,,,,,,,,,,,,,,,,,,,,,,,,,,,,,,,,,,,,,,,,,,,,,,,,,,,,,,,,,,,,,,,,53248,"<span lang=""EN-GB"">Suppose you want to watch some video when you are alone in a park.<o:p></o:p></span>"
10/23/2018 15:09,10/23/2018 15:11,0,107.218.152.167,100,100,1,10/23/2018 15:11,R_3Jq6dOzYbtotrba,,,,,37.34759521,-121.887001,anonymous,EN,"1,2,6","3,4",,3,,4,,3,,3,,2,2,,2,,3,2,,2,,3,,3,,2,,2,,,,,,,,,,,,,,,,,,,,,,,,,,,,,,,,,,,,,,,,,,,,,,,,,,,,,,,,,,,,,,,,,,,,,,,,,,,,,,,,,,,,,,,,,,,,,,,,,,,,,,,,,,,,,,,,,,,,,,,,,,,,,,,,,,,,,,,,,,,,,,,,,,,,,,,,,,,,,,,,,,,,,,,,,,,,,,,,,,,,,,,,4217,"Suppose you are alone at home, you want to take a break from studying/working&nbsp;<p>so you decide to play a video game with some with some people you know (e.g., acquaintances, colleagues).<o:p></o:p></p>"
10/23/2018 15:12,10/23/2018 15:16,0,99.203.21.252,100,212,1,10/23/2018 15:16,R_3jdjRbBXsiPMmM0,,,,,35.31829834,-80.74759674,anonymous,EN,"1,2,4","2,3,5",,5,,4,,1,,"2,3",,4,3,,2,,4,6,,2,,"1,3",,5,,1,,4,,,,,,,,,,,,,,,,,,,,,,,,,,,,,,,,,,,,,,,,,,,,,,,,,,,,,,,,,,,,,,,,,,,,,,,,,,,,,,,,,,,,,,,,,,,,,,,,,,,,,,,,,,,,,,,,,,,,,,,,,,,,,,,,,,,,,,,,,,,,,,,,,,,,,,,,,,,,,,,,,,,,,,,,,,,,,,,,,,,,,,,,18849,"<span lang=""EN-GB"" style=""font-size:11.0pt;line-height:115%;
font-family:&quot;Arial&quot;,sans-serif;mso-fareast-font-family:Arial;mso-ansi-language:
EN-GB;mso-fareast-language:EN-US;mso-bidi-language:AR-SA"">Suppose you want to a
send a text message when you are alone at Starbucks.</span>"
10/23/2018 15:10,10/23/2018 15:17,0,198.136.26.47,100,407,1,10/23/2018 15:17,R_2zj8bSRrROY0wHp,,,,,34.05839539,-118.2779999,anonymous,EN,"1,2,3,4,6",4,,1,,6,,3,,6,,4,3,,5,,4,6,,5,,6,,5,,5,,4,,2,,,,,,,,,,,,,,,,,,,,,,,,,,,,,,"2,5",,5,,6,,3,,1,,4,5,,5,,5,,6,,7,,5,,7,,5,,4,,,,,,,,,,,,,,,,,,,,,,,,,,,,,,,,,,,,,,,,,,,,,,,,,,,,,,,,,,,,,,,,,,,,,,,,,,,,,,,,,,,,,,,,,,,,,,,,,,,,,,,,,,,,,,,,,,,,,,Male,38,Self-employed,4,5,,3,49504,"<span lang=""EN-GB"">Suppose
     you want to purchase something online when you are with your close friends
     at Starbucks.<o:p></o:p></span>"
10/23/2018 15:17,10/23/2018 15:18,0,71.46.242.92,100,6,1,10/23/2018 15:18,R_10IYxzGUqbjVN5s,,,,,28.55589294,-81.35350037,anonymous,EN,3,,,,,,,,,,,,,,,,,,,,,,,,,,,,,,,,,,,,,,,,,,,,,,,,,,,,,,,,,,,,,,,,,,,,,,,,,,,,,,,,,,,,,,,,,,,,,,,,,,,,,,,,,,,,,,,,,,,,,,,,,,,,,,,,,,,,,,,,,,,,,,,,,,,,,,,,,,,,,,,,,,,,,,,,,,,,,,,,,,,,,,,,,,,,,,,,,,,,,,,,,,,,,,,,,,,79671,"<span lang=""EN-GB"">Suppose
     you want to listen to some audio when you with people you know (e.g.,
     acquaintances, colleagues) at Starbucks<o:p></o:p></span>"
10/23/2018 15:14,10/23/2018 15:20,0,23.235.110.10,100,356,1,10/23/2018 15:20,R_ZITH4D8U1iBWEKt,,,,,55.37199402,-131.683197,anonymous,EN,"1,2,3,4",3,,3,,3,,1,,3,,1,2,,2,,2,3,,2,,2,,2,,2,,2,,,,,,,,,,,,,,,,,,,,,,,,,,,,,,,,,,,,,,,,,,,,,,,,,,,,,,,,,,,,,,,,,,,,,,,,,,,,,,,,,,,,,,,,,,,,,,,,,,,,,,,,,,,,,,,,,,,,,,,,,,,,,,,,,,,,,,,,,,,,,,,,,,,,,,,,,,,,,,,,,,,,,,,,,,,,,,,,,,,,,,,,47297,"<span lang=""EN-GB"">Suppose you want to watch some video when you are with your close friends at Starbucks.<o:p></o:p></span>"
10/23/2018 15:19,10/23/2018 15:21,0,50.205.146.210,100,84,1,10/23/2018 15:21,R_1db5BQ3ZPylictZ,,,,,45.5440979,-122.6423035,anonymous,EN,"1,2,3,4,5,6",5,,2,,3,,1,,4,,3,3,,2,,2,3,,2,,4,,2,,3,,2,,,,,,,,,,,,,,,,,,,,,,,,,,,,,,,,,,,,,,,,,,,,,,,,,,,,,,,,,,,,,,,,,,,,,,,,,,,,,,,,,,,,,,,,,,,,,,,,,,,,,,,,,,,,,,,,,,,,,,,,,,,,,,,,,,,,,,,,,,,,,,,,,,,,,,,,,,,,,,,,,,,,,,,,,,,,,,,,,,,,,,,,965,"<span lang=""EN-GB"">Suppose
     you want to a send a text message when you are with a very close friend at
     a restaurant&nbsp;<o:p></o:p></span>"
10/23/2018 15:18,10/23/2018 15:22,0,71.196.173.184,100,235,1,10/23/2018 15:22,R_293TAojdYphNMzW,,,,,39.81410217,-105.1176987,anonymous,EN,"2,3,4,5","1,2,3,4",,"1,2,3",,"2,3",,1,,"2,3",,3,"1,2,3",,1,,3,"2,3,4",,"2,3",,3,,2,,"1,2",,2,,,,,,,,,,,,,,,,,,,,,,,,,,,,,,,,,,,,,,,,,,,,,,,,,,,,,,,,,,,,,,,,,,,,,,,,,,,,,,,,,,,,,,,,,,,,,,,,,,,,,,,,,,,,,,,,,,,,,,,,,,,,,,,,,,,,,,,,,,,,,,,,,,,,,,,,,,,,,,,,,,,,,,,,,,,,,,,,,,,,,,,,75364,"<span lang=""EN-GB"">Suppose
     you want to a view a text message when you are with a very close friend at
     a restaurant&nbsp;<o:p></o:p></span>"
10/23/2018 15:29,10/23/2018 15:29,0,24.253.57.251,100,17,1,10/23/2018 15:29,R_1MKe8Ymm7PlGJo4,,,,,36.147995,-115.0403976,anonymous,EN,"1,2",,,,,,,,,,,,,,,,,,,,,,,,,,,,,,,,,,,,,,,,,,,,,,,,,,,,,,,,,,,,,,,,,,,,,,,,,,,,,,,,,,,,,,,,,,,,,,,,,,,,,,,,,,,,,,,,,,,,,,,,,,,,,,,,,,,,,,,,,,,,,,,,,,,,,,,,,,,,,,,,,,,,,,,,,,,,,,,,,,,,,,,,,,,,,,,,,,,,,,,,,,,,,,,,,,,16309,"<span lang=""EN-GB"">Suppose
     you want to listen to some audio when you are with people you know (e.g.,
     acquaintances, colleagues) at your home.<o:p></o:p></span>"
10/16/2018 14:53,10/16/2018 14:54,0,69.85.255.82,78,30,0,10/23/2018 15:29,R_22y4lor4Eet6XCq,,,,,,,anonymous,EN,"2,3,5",,,,,,,,,,,,,,,,,,,,,,,,,,,,,,,,,,,,,,,,,,,,,,,,,,,,,,,,,,,,,,,,,,,,,,,,,,,,,,,,,,,,,,,,,,,,,,,,,,,,,,,,,,,,,,,,,,,,,,,,,,,,,,,,,,,,,,,,,,,,,,,,,,,,,,,,,,,,,,,,,,,,,,,,,,,,,,,,,,,,,,,,,,,,,,,,,,,,,,,,,,,,,,,,,,,11904,"<span lang=""EN-GB"">Suppose you are at sitting in a park and you want to play a digital/online game&nbsp;</span>with some close friends."
10/23/2018 15:22,10/23/2018 15:31,0,67.171.239.216,100,553,1,10/23/2018 15:31,R_zU9kVwWLAvjWiJP,,,,,45.68919373,-122.6615982,anonymous,EN,"1,2,6",1,,1,,1,,1,,1,,1,1,,1,,1,3,,1,,1,,1,,1,,1,,2,,,,,,,,,,,,,,,,,,,,,,,,,,,,,,1,,1,,1,,1,,1,,1,1,,1,,1,,1,,1,,1,,1,,"1,2,3",,1,,,,,,,,,,,,,,,,,,,,,,,,,,,,,,,,,,,,,,,,,,,,,,,,,,,,,,,,,,,,,,,,,,,,,,,,,,,,,,,,,,,,,,,,,,,,,,,,,,,,,,,,,,,,,,,,,,,,,,Female,39,Self Employed,2,1,,1,63350,"<span lang=""EN-GB"">Suppose
     you want to purchase something online when you are with people you are
     close to (e.g., friends, family members).<o:p></o:p></span>"
10/16/2018 14:57,10/16/2018 14:58,0,66.250.143.159,78,77,0,10/23/2018 15:32,R_2YA09Zsy92k4kss,,,,,,,anonymous,EN,"1,2,3,4",,,,,,,,,,,,,,,,,,,,,,,,,,,,,,,,,,,,,,,,,,,,,,,,,,,,,,,,,,,,,,,,,,,,,,,,,,,,,,,,,,,,,,,,,,,,,,,,,,,,,,,,,,,,,,,,,,,,,,,,,,,,,,,,,,,,,,,,,,,,,,,,,,,,,,,,,,,,,,,,,,,,,,,,,,,,,,,,,,,,,,,,,,,,,,,,,,,,,,,,,,,,,,,,,,,43719,"Suppose you want to call your mother for sharing an important update about your life when you are surrounded with people you are close to (e.g., friends, family members)at your home."
10/23/2018 15:38,10/23/2018 15:40,0,208.95.49.163,100,173,1,10/23/2018 15:40,R_3spKaph57PgsYzr,,,,,37.38250732,-79.2181015,anonymous,EN,"1,2,3,4,6",7,,3,,1,,1,,1,,2,3,,1,,3,6,,1,,3,,1,,1,,2,,,,,,,,,,,,,,,,,,,,,,,,,,,,,,,,,,,,,,,,,,,,,,,,,,,,,,,,,,,,,,,,,,,,,,,,,,,,,,,,,,,,,,,,,,,,,,,,,,,,,,,,,,,,,,,,,,,,,,,,,,,,,,,,,,,,,,,,,,,,,,,,,,,,,,,,,,,,,,,,,,,,,,,,,,,,,,,,,,,,,,,,56495,"<span lang=""EN-GB"">Suppose
     you want to a send a text message when you are surrounded by people you
     know (e.g., acquaintances, colleagues) at your home.<o:p></o:p></span>"
10/23/2018 15:40,10/23/2018 15:41,0,184.91.231.82,100,66,1,10/23/2018 15:41,R_8vpO2jo1XCcGyZz,,,,,29.02470398,-80.95839691,anonymous,EN,"1,2,3,4,6",4,,3,,3,,1,,4,,3,3,,2,,3,3,,3,,4,,3,,3,,2,,2,,,,,,,,,,,,,,,,,,,,,,,,,,,,,,"4,5",,2,,4,,3,,4,,3,3,,2,,2,,3,,4,,1,,3,,3,,1,,,,,,,,,,,,,,,,,,,,,,,,,,,,,,,,,,,,,,,,,,,,,,,,,,,,,,,,,,,,,,,,,,,,,,,,,,,,,,,,,,,,,,,,,,,,,,,,,,,,,,,,,,,,,,,,,,,,,,,,,,,,,64643,"<span lang=""EN-GB"">Suppose you want to a send a text message when you are surrounded with people you are close to (e.g., friends, family members) at your home.<strong><o:p></o:p></strong></span>"
10/23/2018 15:40,10/23/2018 15:42,0,34.224.88.99,100,77,1,10/23/2018 15:42,R_3GDO9EMPwyWkWMg,,,,,39.0480957,-77.47280121,anonymous,EN,"1,2,3,4,5,6",3,,3,,1,,1,,3,,3,2,,2,,2,4,,2,,4,,2,,2,,2,,,,,,,,,,,,,,,,,,,,,,,,,,,,,,,,,,,,,,,,,,,,,,,,,,,,,,,,,,,,,,,,,,,,,,,,,,,,,,,,,,,,,,,,,,,,,,,,,,,,,,,,,,,,,,,,,,,,,,,,,,,,,,,,,,,,,,,,,,,,,,,,,,,,,,,,,,,,,,,,,,,,,,,,,,,,,,,,,,,,,,,,46530,"<span lang=""EN-GB"">Suppose
     you want to set up a reminder when you with people you know (e.g.,
     acquaintances, colleagues) at a park.<o:p></o:p></span>"
10/23/2018 15:44,10/23/2018 15:53,0,23.237.16.26,100,540,1,10/23/2018 15:53,R_1lftY552anvpwxC,,,,,39.64309692,-104.8986969,anonymous,EN,"1,2,6","1,2,4,5",,"1,2,3",,"1,3",,1,,"2,3",,1,"2,3",,"1,2,3",,"2,3","1,2,3,4",,"1,2",,"2,3,4",,"1,2,3",,"1,2,3",,2,,,,,,,,,,,,,,,,,,,,,,,,,,,,,,,,,,,,,,,,,,,,,,,,,,,,,,,,,,,,,,,,,,,,,,,,,,,,,,,,,,,,,,,,,,,,,,,,,,,,,,,,,,,,,,,,,,,,,,,,,,,,,,,,,,,,,,,,,,,,,,,,,,,,,,,,,,,,,,,,,,,,,,,,,,,,,,,,,,,,,,,,69887,"<span lang=""EN-GB"">Suppose you have planned to meet a friend next week and you want to put this on your calendar when you are alone at Starbucks.<o:p></o:p></span>"
10/16/2018 15:32,10/16/2018 15:37,0,99.64.253.4,88,320,0,10/23/2018 15:58,R_6GzEA1Hbvap4leV,,,,,,,anonymous,EN,"1,2,3","1,2,5",,"1,3",,1,,1,,"2,4",,"2,3",2,,5,,"2,3",1,,"1,3",,6,,"1,3",,1,,4,,2,,,,,,,,,,,,,,,,,,,,,,,,,,,,,,,,,,,,,,,,,,,,,,,,,,,,,,,,,,,,,,,,,,,,,,,,,,,,,,,,,,,,,,,,,,,,,,,,,,,,,,,,,,,,,,,,,,,,,,,,,,,,,,,,,,,,,,,,,,,,,,,,,,,,,,,,,,,,,,,,,,,,,,,,,,,,,,,,,,,,,,80946,"<span lang=""EN-GB"">Suppose you have planned to meet a friend next week and you want to put this on your calendar when you are surrounded with people you are close to (e.g., friends, family members) at your home.<strong><o:p></o:p></strong></span>"
10/23/2018 15:57,10/23/2018 16:03,0,75.24.43.4,100,360,1,10/23/2018 16:03,R_3JgWo8R2l6NhxTj,,,,,36.75810242,-119.8112946,anonymous,EN,"1,2,4","1,2,3,4,5",,"1,2,3",,"1,2,3",,1,,"1,2",,"1,2","1,2",,1,,"1,2,3","1,2,3",,"2,3",,"1,2,3",,"1,2",,"1,2,3",,"1,2",,,,,,,,,,,,,,,,,,,,,,,,,,,,,,,,,,,,,,,,,,,,,,,,,,,,,,,,,,,,,,,,,,,,,,,,,,,,,,,,,,,,,,,,,,,,,,,,,,,,,,,,,,,,,,,,,,,,,,,,,,,,,,,,,,,,,,,,,,,,,,,,,,,,,,,,,,,,,,,,,,,,,,,,,,,,,,,,,,,,,,,,61637,"<span lang=""EN-GB"">Suppose
     you want to set up a reminder when you are alone at your home.<strong><o:p></o:p></strong></span>"
10/23/2018 16:01,10/23/2018 16:05,0,97.119.125.202,100,271,1,10/23/2018 16:05,R_2QmJLSR8GrRdNJK,,,,,41.26559448,-96.04930115,anonymous,EN,"1,2,4",7,,5,,6,,1,,1,,4,5,,5,,4,6,,5,,7,,5,,1,,4,,2,,,,,,,,,,,,,,,,,,,,,,,,,,,,,,7,,5,,6,,1,,1,,4,5,,5,,5,,6,,7,,5,,7,,5,,4,,,,,,,,,,,,,,,,,,,,,,,,,,,,,,,,,,,,,,,,,,,,,,,,,,,,,,,,,,,,,,,,,,,,,,,,,,,,,,,,,,,,,,,,,,,,,,,,,,,,,,,,,,,,,,,,,,,,,,nale,33,Property Manager,4,1,,3,58259,"Suppose
     you want to call your mother for sharing an important update about your
     life when you are surrounded by people you
     know (e.g., acquaintances, colleagues) at a restaurant.<o:p></o:p>"
10/16/2018 15:10,10/16/2018 15:14,0,142.196.255.46,88,219,0,10/23/2018 16:07,R_3MgKN0q0VZVKcC6,,,,,,,anonymous,EN,"1,2,3",2,,5,,2,,1,,2,,1,5,,2,,1,3,,5,,4,,2,,1,,"1,2",,2,,,,,,,,,,,,,,,,,,,,,,,,,,,,,,,,,,,,,,,,,,,,,,,,,,,,,,,,,,,,,,,,,,,,,,,,,,,,,,,,,,,,,,,,,,,,,,,,,,,,,,,,,,,,,,,,,,,,,,,,,,,,,,,,,,,,,,,,,,,,,,,,,,,,,,,,,,,,,,,,,,,,,,,,,,,,,,,,,,,,,,90037,"<span lang=""EN-GB"">Suppose
     you want&nbsp; to a send a text message
     when you are walking with a very close friend on a street<o:p></o:p></span>"
10/23/2018 16:02,10/23/2018 16:07,0,75.39.5.104,100,307,1,10/23/2018 16:07,R_325txY2mGAOvuf9,,,,,42.51249695,-83.06430054,anonymous,EN,"1,2,3,4,5,6","2,5",,1,,2,,1,,1,,2,"1,2",,5,,2,4,,1,,"1,3",,"1,2",,"1,2",,2,,,,,,,,,,,,,,,,,,,,,,,,,,,,,,,,,,,,,,,,,,,,,,,,,,,,,,,,,,,,,,,,,,,,,,,,,,,,,,,,,,,,,,,,,,,,,,,,,,,,,,,,,,,,,,,,,,,,,,,,,,,,,,,,,,,,,,,,,,,,,,,,,,,,,,,,,,,,,,,,,,,,,,,,,,,,,,,,,,,,,,,,82160,"<span lang=""EN-GB"">Suppose
     you want to call your mother for sharing an important update about your
     life yourself when you are with a very close friend at a park.&nbsp;<o:p></o:p></span>"
10/16/2018 15:41,10/16/2018 15:42,0,70.66.159.29,78,81,0,10/23/2018 16:07,R_3j7Nvj4k1OPKJVi,,,,,,,anonymous,EN,"1,2,3,4,6",,,,,,,,,,,,,,,,,,,,,,,,,,,,,,,,,,,,,,,,,,,,,,,,,,,,,,,,,,,,,,,,,,,,,,,,,,,,,,,,,,,,,,,,,,,,,,,,,,,,,,,,,,,,,,,,,,,,,,,,,,,,,,,,,,,,,,,,,,,,,,,,,,,,,,,,,,,,,,,,,,,,,,,,,,,,,,,,,,,,,,,,,,,,,,,,,,,,,,,,,,,,,,,,,,,22195,"<span lang=""EN-GB"">Suppose you want to browse the internet when you are at home with people you are close to (e.g., friends, family members)<strong><o:p></o:p></strong></span>"
10/16/2018 16:08,10/16/2018 16:09,0,173.16.183.116,1,35,0,10/23/2018 16:09,R_pGz7yqcwyoD92nv,,,,,,,anonymous,EN,,,,,,,,,,,,,,,,,,,,,,,,,,,,,,,,,,,,,,,,,,,,,,,,,,,,,,,,,,,,,,,,,,,,,,,,,,,,,,,,,,,,,,,,,,,,,,,,,,,,,,,,,,,,,,,,,,,,,,,,,,,,,,,,,,,,,,,,,,,,,,,,,,,,,,,,,,,,,,,,,,,,,,,,,,,,,,,,,,,,,,,,,,,,,,,,,,,,,,,,,,,,,,,,,,,,92232,"Suppose you want to find a route to a coffee shop
     when you are at home with your by your colleagues<o:p></o:p>"
10/23/2018 16:10,10/23/2018 16:10,0,104.38.152.47,100,15,1,10/23/2018 16:10,R_3DbELQWpuMBt6nx,,,,,40.79969788,-77.86229706,anonymous,EN,"1,2",,,,,,,,,,,,,,,,,,,,,,,,,,,,,,,,,,,,,,,,,,,,,,,,,,,,,,,,,,,,,,,,,,,,,,,,,,,,,,,,,,,,,,,,,,,,,,,,,,,,,,,,,,,,,,,,,,,,,,,,,,,,,,,,,,,,,,,,,,,,,,,,,,,,,,,,,,,,,,,,,,,,,,,,,,,,,,,,,,,,,,,,,,,,,,,,,,,,,,,,,,,,,,,,,,,718,"<span lang=""EN-GB"">Suppose
     you want to a send an email when you are walking on a street.<o:p></o:p></span>"
10/23/2018 16:10,10/23/2018 16:11,0,47.199.50.10,100,36,1,10/23/2018 16:11,R_1JLyD3WovnOgkE5,,,,,28.21290588,-82.68070221,anonymous,EN,1,,,,,,,,,,,,,,,,,,,,,,,,,,,,,,,,,,,,,,,,,,,,,,,,,,,,,,,,,,,,,,,,,,,,,,,,,,,,,,,,,,,,,,,,,,,,,,,,,,,,,,,,,,,,,,,,,,,,,,,,,,,,,,,,,,,,,,,,,,,,,,,,,,,,,,,,,,,,,,,,,,,,,,,,,,,,,,,,,,,,,,,,,,,,,,,,,,,,,,,,,,,,,,,,,,,56330,"<span lang=""EN-GB"">Suppose you are on a short vacation and you want to take a picture in front&nbsp;</span>of an iconic monument when you are surrounded by many people."
10/23/2018 16:13,10/23/2018 16:14,0,97.93.126.137,100,28,1,10/23/2018 16:14,R_2yln5xMf4qQTF80,,,,,34.17160034,-118.2899017,anonymous,EN,"2,3",,,,,,,,,,,,,,,,,,,,,,,,,,,,,,,,,,,,,,,,,,,,,,,,,,,,,,,,,,,,,,,,,,,,,,,,,,,,,,,,,,,,,,,,,,,,,,,,,,,,,,,,,,,,,,,,,,,,,,,,,,,,,,,,,,,,,,,,,,,,,,,,,,,,,,,,,,,,,,,,,,,,,,,,,,,,,,,,,,,,,,,,,,,,,,,,,,,,,,,,,,,,,,,,,,,23058,"<span lang=""EN-GB"" style=""font-size:11.0pt;line-height:115%;
font-family:&quot;Arial&quot;,sans-serif;mso-fareast-font-family:Arial;mso-ansi-language:
EN-GB;mso-fareast-language:EN-US;mso-bidi-language:AR-SA"">Suppose you want to a
send an email when you are alone at home</span>"
10/23/2018 16:07,10/23/2018 16:14,0,204.195.173.73,100,400,1,10/23/2018 16:14,R_6VTwg2aDHNOZhfz,,,,,40.3072052,-78.94300079,anonymous,EN,"1,2,3,4","1,2",,"1,2",,1,,1,,1,,1,"1,2",,2,,2,3,,"1,2",,"2,3",,2,,1,,"1,2",,,,,,,,,,,,,,,,,,,,,,,,,,,,,,,,,,,,,,,,,,,,,,,,,,,,,,,,,,,,,,,,,,,,,,,,,,,,,,,,,,,,,,,,,,,,,,,,,,,,,,,,,,,,,,,,,,,,,,,,,,,,,,,,,,,,,,,,,,,,,,,,,,,,,,,,,,,,,,,,,,,,,,,,,,,,,,,,,,,,,,,,93186,"Suppose you want to call your mother for sharing an important update about your life when you are surrounded with people you are close to (e.g., friends, family members)at your home."
10/23/2018 16:17,10/23/2018 16:17,0,208.54.87.155,100,13,1,10/23/2018 16:17,R_oY0Ze5JffAmMPVD,,,,,40.76739502,-74.03230286,anonymous,EN,"2,4",,,,,,,,,,,,,,,,,,,,,,,,,,,,,,,,,,,,,,,,,,,,,,,,,,,,,,,,,,,,,,,,,,,,,,,,,,,,,,,,,,,,,,,,,,,,,,,,,,,,,,,,,,,,,,,,,,,,,,,,,,,,,,,,,,,,,,,,,,,,,,,,,,,,,,,,,,,,,,,,,,,,,,,,,,,,,,,,,,,,,,,,,,,,,,,,,,,,,,,,,,,,,,,,,,,71949,"<span lang=""EN-GB"">Suppose
     you want to a view a text message when you are surrounded by people you
     know (e.g., acquaintances, colleagues) at a restaurant.<o:p></o:p></span>"
10/23/2018 16:17,10/23/2018 16:18,0,24.98.124.9,100,22,1,10/23/2018 16:18,R_xhimXUOBX4q1ROp,,,,,34.23210144,-84.15799713,anonymous,EN,"1,2",,,,,,,,,,,,,,,,,,,,,,,,,,,,,,,,,,,,,,,,,,,,,,,,,,,,,,,,,,,,,,,,,,,,,,,,,,,,,,,,,,,,,,,,,,,,,,,,,,,,,,,,,,,,,,,,,,,,,,,,,,,,,,,,,,,,,,,,,,,,,,,,,,,,,,,,,,,,,,,,,,,,,,,,,,,,,,,,,,,,,,,,,,,,,,,,,,,,,,,,,,,,,,,,,,,65369,"<span lang=""EN-GB"">Suppose
     you want to purchase something online when you are alone at Starbucks.<o:p></o:p></span>"
10/23/2018 16:20,10/23/2018 16:23,0,71.150.117.6,100,224,1,10/23/2018 16:23,R_3PTOQ4LUoMO2oGQ,,,,,41.5881958,-81.54679871,anonymous,EN,"1,2,3,4,6","1,2",,2,,"1,2,3,4",,1,,1,,1,1,,2,,1,2,,3,,"1,2",,"1,2",,"1,2,3",,2,,,,,,,,,,,,,,,,,,,,,,,,,,,,,,,,,,,,,,,,,,,,,,,,,,,,,,,,,,,,,,,,,,,,,,,,,,,,,,,,,,,,,,,,,,,,,,,,,,,,,,,,,,,,,,,,,,,,,,,,,,,,,,,,,,,,,,,,,,,,,,,,,,,,,,,,,,,,,,,,,,,,,,,,,,,,,,,,,,,,,,,,18528,"<span lang=""EN-GB"" style=""font-size:11.0pt;line-height:115%;
font-family:&quot;Arial&quot;,sans-serif;mso-fareast-font-family:Arial;mso-ansi-language:
EN-GB;mso-fareast-language:EN-US;mso-bidi-language:AR-SA"">Suppose you want to browse the internet when you are alone at your home.</span>"
10/23/2018 16:25,10/23/2018 16:29,0,107.199.197.44,100,191,1,10/23/2018 16:29,R_1roWiZLdjYm5yjW,,,,,32.81539917,-96.63069916,anonymous,EN,"1,2,6",2,,1,,"1,2,3",,1,,1,,2,"1,2,3",,3,,"2,3",1,,2,,3,,2,,1,,2,,,,,,,,,,,,,,,,,,,,,,,,,,,,,,,,,,,,,,,,,,,,,,,,,,,,,,,,,,,,,,,,,,,,,,,,,,,,,,,,,,,,,,,,,,,,,,,,,,,,,,,,,,,,,,,,,,,,,,,,,,,,,,,,,,,,,,,,,,,,,,,,,,,,,,,,,,,,,,,,,,,,,,,,,,,,,,,,,,,,,,,,80723,"<span lang=""EN-GB"">Suppose
     you want to call your mother for sharing an important update about your
     life&nbsp; when you are alone at a park<o:p></o:p></span>"
10/23/2018 16:28,10/23/2018 16:29,0,68.106.83.124,100,31,1,10/23/2018 16:29,R_1C1pelw7ownBzJ1,,,,,37.25030518,-80.05249786,anonymous,EN,"2,4",,,,,,,,,,,,,,,,,,,,,,,,,,,,,,,,,,,,,,,,,,,,,,,,,,,,,,,,,,,,,,,,,,,,,,,,,,,,,,,,,,,,,,,,,,,,,,,,,,,,,,,,,,,,,,,,,,,,,,,,,,,,,,,,,,,,,,,,,,,,,,,,,,,,,,,,,,,,,,,,,,,,,,,,,,,,,,,,,,,,,,,,,,,,,,,,,,,,,,,,,,,,,,,,,,,18367,"<span lang=""EN-GB"">Suppose
     you are at a park and you realize today is the last day to pay one of your
     bills online.<o:p></o:p></span>"
10/23/2018 16:41,10/23/2018 16:42,0,174.235.134.127,100,28,1,10/23/2018 16:42,R_PFmV00d7JtSBZgR,,,,,30.47549438,-90.10040283,anonymous,EN,"2,4",,,,,,,,,,,,,,,,,,,,,,,,,,,,,,,,,,,,,,,,,,,,,,,,,,,,,,,,,,,,,,,,,,,,,,,,,,,,,,,,,,,,,,,,,,,,,,,,,,,,,,,,,,,,,,,,,,,,,,,,,,,,,,,,,,,,,,,,,,,,,,,,,,,,,,,,,,,,,,,,,,,,,,,,,,,,,,,,,,,,,,,,,,,,,,,,,,,,,,,,,,,,,,,,,,,44562,"<span lang=""EN-GB"">Suppose
     you want to a view a text message when you are surrounded with people you
     are close to (e.g., friends, family members) at your home.<strong><o:p></o:p></strong></span>"
10/23/2018 16:35,10/23/2018 16:43,0,172.15.228.230,100,452,1,10/23/2018 16:43,R_OxpUzQnzPp7JaJH,,,,,29.58320618,-95.03700256,anonymous,EN,"2,3,5","1,2,4",,2,,"1,2,3,4",,3,,"1,3,4",,3,"1,2,3",,5,,3,"2,4",,5,,"2,3",,5,,"1,2",,4,,2,,,,,,,,,,,,,,,,,,,,,,,,,,,,,,"1,2,5",,1,,"1,2,4",,1,,1,,1,5,,1,,5,,"2,4",,"2,3",,"1,2",,"2,3",,1,,4,,,,,,,,,,,,,,,,,,,,,,,,,,,,,,,,,,,,,,,,,,,,,,,,,,,,,,,,,,,,,,,,,,,,,,,,,,,,,,,,,,,,,,,,,,,,,,,,,,,,,,,,,,,,,,,,,,,,,,,,,,,,,37984,"<span lang=""EN-GB"">Suppose
     you want to a view a text message when you are surrounded by people you
     know (e.g., acquaintances, colleagues) at your home.<o:p></o:p></span>"
10/23/2018 16:53,10/23/2018 17:00,0,73.152.91.100,100,419,1,10/23/2018 17:00,R_3r06Uoe92x7HjoL,,,,,39.18580627,-78.18270111,anonymous,EN,"2,5,6",7,,5,,"1,3",,3,,1,,3,5,,5,,4,"2,4",,"1,2",,7,,5,,5,,2,,,,,,,,,,,,,,,,,,,,,,,,,,,,,,,,,,,,,,,,,,,,,,,,,,,,,,,,,,,,,,,,,,,,,,,,,,,,,,,,,,,,,,,,,,,,,,,,,,,,,,,,,,,,,,,,,,,,,,,,,,,,,,,,,,,,,,,,,,,,,,,,,,,,,,,,,,,,,,,,,,,,,,,,,,,,,,,,,,,,,,,,65634,"<span lang=""EN-GB"">Suppose you are alone at home when you realize today is the last day to pay one of your bills online.<o:p></o:p></span>"
10/23/2018 17:05,10/23/2018 17:08,0,38.124.248.110,100,149,1,10/23/2018 17:08,R_1ge8s7uWyhtzncp,,,,,35.22709656,-80.8431015,anonymous,EN,"1,2,3","1,3",,3,,"1,2,3",,1,,1,,2,"1,2",,2,,2,"2,3",,2,,"3,6",,"1,2",,1,,"1,2",,,,,,,,,,,,,,,,,,,,,,,,,,,,,,,,,,,,,,,,,,,,,,,,,,,,,,,,,,,,,,,,,,,,,,,,,,,,,,,,,,,,,,,,,,,,,,,,,,,,,,,,,,,,,,,,,,,,,,,,,,,,,,,,,,,,,,,,,,,,,,,,,,,,,,,,,,,,,,,,,,,,,,,,,,,,,,,,,,,,,,,,5232,"<span lang=""EN-GB"">Suppose you want to find a route to a coffee shop when you are
     at home </span><span lang=""EN-GB"">with
     people you are close to (e.g., friends, family members)</span><strong><span lang=""EN-GB""><o:p></o:p></span></strong>"
10/23/2018 17:16,10/23/2018 17:19,0,73.61.17.237,100,158,1,10/23/2018 17:19,R_zSgcr8724iSIulj,,,,,42.41119385,-71.05139923,anonymous,EN,"1,2,3,4,5","1,2,3,4,5",,"1,2,3",,"1,2,3,4",,1,,"1,3",,3,"1,2,3",,2,,2,"2,4",,2,,"3,4",,2,,"1,2,3",,2,,,,,,,,,,,,,,,,,,,,,,,,,,,,,,,,,,,,,,,,,,,,,,,,,,,,,,,,,,,,,,,,,,,,,,,,,,,,,,,,,,,,,,,,,,,,,,,,,,,,,,,,,,,,,,,,,,,,,,,,,,,,,,,,,,,,,,,,,,,,,,,,,,,,,,,,,,,,,,,,,,,,,,,,,,,,,,,,,,,,,,,,17469,"<span lang=""EN-GB"" style=""font-size:11.0pt;line-height:115%;
font-family:&quot;Arial&quot;,sans-serif;mso-fareast-font-family:Arial;mso-ansi-language:
EN-GB;mso-fareast-language:EN-US;mso-bidi-language:AR-SA"">Suppose you want to a
send an email when you are at Starbucks.</span>"
10/23/2018 17:20,10/23/2018 17:24,0,24.140.18.173,100,200,1,10/23/2018 17:24,R_3G9wZ6VGcK1uEnc,,,,,40.81159973,-81.49729919,anonymous,EN,3,,,,,,,,,,,,,,,,,,,,,,,,,,,,,,,,,,,,,,,,,,,,,,,,,,,,,,,,,,,,,,,,,,,,,,,,,,,,,,,,,,,,,,,,,,,,,,,,,,,,,,,,,,,,,,,,,,,,,,,,,,,,,,,,,,,,,,,,,,,,,,,,,,,,,,,,,,,,,,,,,,,,,,,,,,,,,,,,,,,,,,,,,,,,,,,,,,,,,,,,,,,,,,,,,,,97510,"<span lang=""EN-GB"">Suppose
     you want to set up a reminder when you are at a park by yourself.<o:p></o:p></span>"
10/23/2018 17:19,10/23/2018 17:27,0,216.169.18.21,100,446,1,10/23/2018 17:27,R_2tFq3jIr1ZN8Gr0,,,,,40.56739807,-89.6242981,anonymous,EN,"1,2,4","1,2,4,5",,5,,"1,2,3,4",,1,,1,,1,"1,2,3",,"1,2,3",,"2,3","2,3,4",,2,,"2,3",,"1,2,3",,"1,2,3",,"1,2",,,,,,,,,,,,,,,,,,,,,,,,,,,,,,,,,,,,,,,,,,,,,,,,,,,,,,,,,,,,,,,,,,,,,,,,,,,,,,,,,,,,,,,,,,,,,,,,,,,,,,,,,,,,,,,,,,,,,,,,,,,,,,,,,,,,,,,,,,,,,,,,,,,,,,,,,,,,,,,,,,,,,,,,,,,,,,,,,,,,,,,,31366,"<span lang=""EN-GB"">Suppose
     you want to a view a text message when you are alone at Starbucks.<o:p></o:p></span>"
10/23/2018 17:28,10/23/2018 17:28,0,104.33.65.133,100,10,1,10/23/2018 17:28,R_ulywv7awWO2FVPb,,,,,34.1242981,-118.0514984,anonymous,EN,2,,,,,,,,,,,,,,,,,,,,,,,,,,,,,,,,,,,,,,,,,,,,,,,,,,,,,,,,,,,,,,,,,,,,,,,,,,,,,,,,,,,,,,,,,,,,,,,,,,,,,,,,,,,,,,,,,,,,,,,,,,,,,,,,,,,,,,,,,,,,,,,,,,,,,,,,,,,,,,,,,,,,,,,,,,,,,,,,,,,,,,,,,,,,,,,,,,,,,,,,,,,,,,,,,,,13333,"<span lang=""EN-GB"">Suppose you have planned to meet a friend next week and you want to put this on your calendar when you are surrounded by people you know (e.g., acquaintances, colleagues) at a restaurant.<o:p></o:p></span>"
10/23/2018 17:21,10/23/2018 17:31,0,108.18.194.45,100,608,1,10/23/2018 17:31,R_1E4GjuWYBABgiaN,,,,,38.75959778,-77.14849854,anonymous,EN,"1,2,3","2,5",,4,Switching using hard or soft button,"1,2,3",,1,,2,,"2,3","1,2",,2,,"2,3","1,2",,"2,4","Follow standards for ""look and feel"" e.g. menus, buttons should be consistent with other apps on the same platform.","3,6",,"2,4","Follow standards for ""look and feel"" e.g. menus, buttons should be consistent with other apps on the same platform.",5,,"1,2",,2,,,,,,,,,,,,,,,,,,,,,,,,,,,,,,"2,3,5",,1,,"1,2,3",,1,,"1,2,5",Easy to tell what it's doing - visually or whatever - so I can catch errors (e.g. typos in email).,"2,3","1,2",,3,,"2,3",,"1,2,3",,"1,3",,2,,"1,3",,5,,"1,2",,,,,,,,,,,,,,,,,,,,,,,,,,,,,,,,,,,,,,,,,,,,,,,,,,,,,,,,,,,,,,,,,,,,,,,,,,,,,,,,,,,,,,,,,,,,,,,,,,,,,,,,,,,,,,,,,,,,,,,,,,,,,12990,"<span lang=""EN-GB"">Suppose
     you want to a send an email when you are surrounded by people you know
     (e.g., acquaintances, colleagues) at a restaurant.<o:p></o:p></span>"
10/23/2018 17:28,10/23/2018 17:31,0,107.216.194.169,100,209,1,10/23/2018 17:31,R_DO9Ks1DEZB7KKcx,,,,,30.0532074,-95.37729645,anonymous,EN,"1,2,3",2,,2,,1,,1,,1,,2,5,,1,,2,1,,2,,4,,1,,1,,2,,,,,,,,,,,,,,,,,,,,,,,,,,,,,,,,,,,,,,,,,,,,,,,,,,,,,,,,,,,,,,,,,,,,,,,,,,,,,,,,,,,,,,,,,,,,,,,,,,,,,,,,,,,,,,,,,,,,,,,,,,,,,,,,,,,,,,,,,,,,,,,,,,,,,,,,,,,,,,,,,,,,,,,,,,,,,,,,,,,,,,,,70453,"<span lang=""EN-GB"">Suppose
     you want to set up a reminder about something when you are at Starbucks by
     yourself.<o:p></o:p></span>"
10/23/2018 17:33,10/23/2018 17:33,0,71.14.59.99,100,10,1,10/23/2018 17:33,R_1CyFSIThI0aFsgj,,,,,33.17170715,-86.27130127,anonymous,EN,2,,,,,,,,,,,,,,,,,,,,,,,,,,,,,,,,,,,,,,,,,,,,,,,,,,,,,,,,,,,,,,,,,,,,,,,,,,,,,,,,,,,,,,,,,,,,,,,,,,,,,,,,,,,,,,,,,,,,,,,,,,,,,,,,,,,,,,,,,,,,,,,,,,,,,,,,,,,,,,,,,,,,,,,,,,,,,,,,,,,,,,,,,,,,,,,,,,,,,,,,,,,,,,,,,,,63537,"<span lang=""EN-GB"">Suppose you are at a park with some people you know (e.g., acquaintances, colleagues) when you realize that you have to immediately pay one of your bills online.<o:p></o:p></span>"
10/23/2018 17:32,10/23/2018 17:37,0,71.223.42.161,100,260,1,10/23/2018 17:37,R_2WGv2jd7BfFOMql,,,,,33.57609558,-112.2343979,anonymous,EN,"1,2,5",2,,1,,"1,2,4",,1,,1,,"1,2,3",3,,"1,2",,"1,2,3","3,4",,"2,3",,2,,2,,1,,2,,,,,,,,,,,,,,,,,,,,,,,,,,,,,,,,,,,,,,,,,,,,,,,,,,,,,,,,,,,,,,,,,,,,,,,,,,,,,,,,,,,,,,,,,,,,,,,,,,,,,,,,,,,,,,,,,,,,,,,,,,,,,,,,,,,,,,,,,,,,,,,,,,,,,,,,,,,,,,,,,,,,,,,,,,,,,,,,,,,,,,,,90595,"<span lang=""EN-GB"">Suppose you are at sitting in a park and you want to play a digital/online game.<o:p></o:p></span>"
10/23/2018 17:38,10/23/2018 17:40,0,24.198.107.168,100,117,1,10/23/2018 17:40,R_6sSBEgZ57KcwljP,,,,,44.88650513,-68.71720123,anonymous,EN,"1,2,3","2,3",,1,,"1,2,3,4",,1,,1,,1,2,,"1,3",,3,"1,3",,5,,"1,4",,2,,"1,2,3",,"1,2",,,,,,,,,,,,,,,,,,,,,,,,,,,,,,,,,,,,,,,,,,,,,,,,,,,,,,,,,,,,,,,,,,,,,,,,,,,,,,,,,,,,,,,,,,,,,,,,,,,,,,,,,,,,,,,,,,,,,,,,,,,,,,,,,,,,,,,,,,,,,,,,,,,,,,,,,,,,,,,,,,,,,,,,,,,,,,,,,,,,,,,,70025,"<span lang=""EN-GB"">Suppose you are alone and relaxing at home, you have just read a new book that&nbsp;</span>you loved and now you want a write a review for your close family and friends."
10/23/2018 17:38,10/23/2018 17:41,0,209.107.214.136,100,175,1,10/23/2018 17:41,R_2X1IHgGL5HwYzgd,,,,,32.79040527,-96.80439758,anonymous,EN,"1,2,4,6","1,2,3,4,5",,1,,"1,2,3,4",,1,,1,,"2,3","1,2",,2,,"2,3","2,3,4",,"2,3",,"1,2,3,4",,"1,2,3",,"1,3",,"1,2",,,,,,,,,,,,,,,,,,,,,,,,,,,,,,,,,,,,,,,,,,,,,,,,,,,,,,,,,,,,,,,,,,,,,,,,,,,,,,,,,,,,,,,,,,,,,,,,,,,,,,,,,,,,,,,,,,,,,,,,,,,,,,,,,,,,,,,,,,,,,,,,,,,,,,,,,,,,,,,,,,,,,,,,,,,,,,,,,,,,,,,,34789,"<span lang=""EN-GB"">Suppose
     you want to watch some video when you are with your close friends in a
     park.<o:p></o:p></span>"
10/21/2018 10:42,10/23/2018 17:53,0,173.162.103.54,100,198670,1,10/23/2018 17:53,R_1ITvDkUd1scMS4R,,,,,25.98120117,-80.14839935,anonymous,EN,"1,2,3,4,5,6",1,,5,,"2,4",,1,,"1,2,3,4",,4,"1,2,3",,"1,2,3",,4,"1,2,3",,"1,2,3",,"1,2,3,4,6",,1,,1,,1,,,,,,,,,,,,,,,,,,,,,,,,,,,,,,,,,,,,,,,,,,,,,,,,,,,,,,,,,,,,,,,,,,,,,,,,,,,,,,,,,,,,,,,,,,,,,,,,,,,,,,,,,,,,,,,,,,,,,,,,,,,,,,,,,,,,,,,,,,,,,,,,,,,,,,,,,,,,,,,,,,,,,,,,,,,,,,,,,,,,,,,,31558,"<span lang=""EN-GB"" style=""font-size:11.0pt;line-height:115%;
font-family:&quot;Arial&quot;,sans-serif;mso-fareast-font-family:Arial;mso-ansi-language:
EN-GB;mso-fareast-language:EN-US;mso-bidi-language:AR-SA"">Suppose you want to browse the internet when you are alone at your home.</span>"
10/23/2018 17:53,10/23/2018 17:53,0,173.162.103.54,100,8,1,10/23/2018 17:54,R_psY3ctf6mSfleO5,,,,,25.98120117,-80.14839935,anonymous,EN,3,,,,,,,,,,,,,,,,,,,,,,,,,,,,,,,,,,,,,,,,,,,,,,,,,,,,,,,,,,,,,,,,,,,,,,,,,,,,,,,,,,,,,,,,,,,,,,,,,,,,,,,,,,,,,,,,,,,,,,,,,,,,,,,,,,,,,,,,,,,,,,,,,,,,,,,,,,,,,,,,,,,,,,,,,,,,,,,,,,,,,,,,,,,,,,,,,,,,,,,,,,,,,,,,,,,42749,"<span lang=""EN-GB"">Suppose you want to take a click a photo when you are with your close friends&nbsp;</span>and family members at Starbucks"
10/23/2018 17:54,10/23/2018 17:54,0,173.162.103.54,100,16,1,10/23/2018 17:54,R_1qX9GPOlrKNnZka,,,,,25.98120117,-80.14839935,anonymous,EN,2,,,,,,,,,,,,,,,,,,,,,,,,,,,,,,,,,,,,,,,,,,,,,,,,,,,,,,,,,,,,,,,,,,,,,,,,,,,,,,,,,,,,,,,,,,,,,,,,,,,,,,,,,,,,,,,,,,,,,,,,,,,,,,,,,,,,,,,,,,,,,,,,,,,,,,,,,,,,,,,,,,,,,,,,,,,,,,,,,,,,,,,,,,,,,,,,,,,,,,,,,,,,,,,,,,,7926,"<span lang=""EN-GB"">Suppose you are on a short vacation alone and you want to take a picture in front&nbsp;</span>of an iconic monument."
10/23/2018 17:54,10/23/2018 17:54,0,173.162.103.54,100,9,1,10/23/2018 17:54,R_2f6yb4AFnnSivea,,,,,25.98120117,-80.14839935,anonymous,EN,3,,,,,,,,,,,,,,,,,,,,,,,,,,,,,,,,,,,,,,,,,,,,,,,,,,,,,,,,,,,,,,,,,,,,,,,,,,,,,,,,,,,,,,,,,,,,,,,,,,,,,,,,,,,,,,,,,,,,,,,,,,,,,,,,,,,,,,,,,,,,,,,,,,,,,,,,,,,,,,,,,,,,,,,,,,,,,,,,,,,,,,,,,,,,,,,,,,,,,,,,,,,,,,,,,,,76732,"<span lang=""EN-GB"">Suppose
     you want to watch some video when you are alone at Starbucks.<o:p></o:p></span>"
10/23/2018 17:54,10/23/2018 17:54,0,173.162.103.54,100,10,1,10/23/2018 17:54,R_1FeRcxyd1f0eQZs,,,,,25.98120117,-80.14839935,anonymous,EN,1,,,,,,,,,,,,,,,,,,,,,,,,,,,,,,,,,,,,,,,,,,,,,,,,,,,,,,,,,,,,,,,,,,,,,,,,,,,,,,,,,,,,,,,,,,,,,,,,,,,,,,,,,,,,,,,,,,,,,,,,,,,,,,,,,,,,,,,,,,,,,,,,,,,,,,,,,,,,,,,,,,,,,,,,,,,,,,,,,,,,,,,,,,,,,,,,,,,,,,,,,,,,,,,,,,,80640,"<span lang=""EN-GB"">Suppose
     you want to a view a text message
     when you are walking with a very close friend on a street<o:p></o:p></span>"
10/23/2018 17:54,10/23/2018 17:54,0,69.136.185.8,100,34,1,10/23/2018 17:54,R_2pY0MnH0L5Ia31e,,,,,41.80929565,-87.7052002,anonymous,EN,"1,2,3,4,5,6",2,,2,,4,,1,,1,,1,2,,2,,1,4,,2,,2,,1,,2,,1,,,,,,,,,,,,,,,,,,,,,,,,,,,,,,,,,,,,,,,,,,,,,,,,,,,,,,,,,,,,,,,,,,,,,,,,,,,,,,,,,,,,,,,,,,,,,,,,,,,,,,,,,,,,,,,,,,,,,,,,,,,,,,,,,,,,,,,,,,,,,,,,,,,,,,,,,,,,,,,,,,,,,,,,,,,,,,,,,,,,,,,,66699,"<span lang=""EN-GB"">Suppose
     you want to purchase something online when you are with people you know
     (e.g., acquaintances, colleagues) at your home.<o:p></o:p></span>"
10/23/2018 17:54,10/23/2018 17:55,0,173.162.103.54,100,18,1,10/23/2018 17:55,R_2CDlmYkTFGs2Doz,,,,,25.98120117,-80.14839935,anonymous,EN,2,,,,,,,,,,,,,,,,,,,,,,,,,,,,,,,,,,,,,,,,,,,,,,,,,,,,,,,,,,,,,,,,,,,,,,,,,,,,,,,,,,,,,,,,,,,,,,,,,,,,,,,,,,,,,,,,,,,,,,,,,,,,,,,,,,,,,,,,,,,,,,,,,,,,,,,,,,,,,,,,,,,,,,,,,,,,,,,,,,,,,,,,,,,,,,,,,,,,,,,,,,,,,,,,,,,72193,"<span lang=""EN-GB"">Suppose
     you want to a send an email when you are with a very close friend at a
     restaurant&nbsp;<o:p></o:p></span>"
10/23/2018 17:38,10/23/2018 17:56,0,173.27.10.178,100,1114,1,10/23/2018 17:56,R_277nVidA3TSQTft,,,,,40.63299561,-91.33979797,anonymous,EN,"1,2,3,4","1,2,4,5",,3,,"1,2",,3,,"1,3,4",,"2,3","1,2,3",,"1,2,3",,"1,2","2,4",,"2,3",,"2,3",,"2,3",,"1,3",,4,,,,,,,,,,,,,,,,,,,,,,,,,,,,,,,,,,,,,,,,,,,,,,,,,,,,,,,,,,,,,,,,,,,,,,,,,,,,,,,,,,,,,,,,,,,,,,,,,,,,,,,,,,,,,,,,,,,,,,,,,,,,,,,,,,,,,,,,,,,,,,,,,,,,,,,,,,,,,,,,,,,,,,,,,,,,,,,,,,,,,,,,30793,"<span lang=""EN-GB"" style=""font-size:11.0pt;line-height:115%;
font-family:&quot;Arial&quot;,sans-serif;mso-fareast-font-family:Arial;mso-ansi-language:
EN-GB;mso-fareast-language:EN-US;mso-bidi-language:AR-SA"">Suppose you want to
read a digital document when you are at Starbucks surrounded with your close
friends.</span>"
10/23/2018 17:52,10/23/2018 17:58,0,71.176.70.228,100,362,1,10/23/2018 17:58,R_pS2kdzsK9usYvv3,,,,,43.03540039,-76.12819672,anonymous,EN,"1,2,3,4,5,6",1,,5,,2,,1,,3,,3,5,,"1,2",,3,4,,3,,2,,3,,5,,4,,5,,,,,,,,,,,,,,,,,,,,,,,,,,,,,,,,,,,,,,,,,,,,,,,,,,,,,,,,,,,,,,,,,,,,,,,,,,,,,,,,,,,,,,,,,,,,,,,,,,,,,,,,,,,,,,,,,,,,,1,,5,,4,,3,,"2,3",,3,5,,"1,2",,2,,4,,2,,3,,2,,5,,4,,,,,,,,,,,,,,,,,,,,,,,,,,,,,,,,,,,,,,14775,"<span lang=""EN-GB"">Suppose you are alone at home, you want to take a break from studying/working&nbsp;</span>so you decide to play an online/digital game with some close friends ."
10/23/2018 17:55,10/23/2018 17:59,0,173.162.103.54,100,233,1,10/23/2018 17:59,R_Anckwgqfw9xc9hf,,,,,25.98120117,-80.14839935,anonymous,EN,"1,4,6",3,,2,,2,,1,,1,,1,2,,2,,2,1,,2,,2,,1,,2,,2,,,,,,,,,,,,,,,,,,,,,,,,,,,,,,,,,,,,,,,,,,,,,,,,,,,,,,,,,,,,,,,,,,,,,,,,,,,,,,,,,,,,,,,,,,,,,,,,,,,,,,,,,,,,,,,,,,,,,,,,,,,,,,,,,,,,,,,,,,,,,,,,,,,,,,,,,,,,,,,,,,,,,,,,,,,,,,,,,,,,,,,,17185,"<span lang=""EN-GB"">Suppose
     you have planned to meet a friend next week and you want put this on your
     calendar when you are alone at home<strong><o:p></o:p></strong></span>"
10/23/2018 17:59,10/23/2018 18:00,0,173.162.103.54,100,44,1,10/23/2018 18:00,R_3EjUTqFWrX1iWaJ,,,,,25.98120117,-80.14839935,anonymous,EN,6,,,,,,,,,,,,,,,,,,,,,,,,,,,,,,,,,,,,,,,,,,,,,,,,,,,,,,,,,,,,,,,,,,,,,,,,,,,,,,,,,,,,,,,,,,,,,,,,,,,,,,,,,,,,,,,,,,,,,,,,,,,,,,,,,,,,,,,,,,,,,,,,,,,,,,,,,,,,,,,,,,,,,,,,,,,,,,,,,,,,,,,,,,,,,,,,,,,,,,,,,,,,,,,,,,,15646,"<span lang=""EN-GB"">Suppose you want to browse the internet when you are with your close friends at a park.<o:p></o:p></span>"
10/23/2018 18:00,10/23/2018 18:01,0,173.162.103.54,100,43,1,10/23/2018 18:01,R_W7EDWEygiHMDKw1,,,,,25.98120117,-80.14839935,anonymous,EN,"1,2,4",3,,3,,2,,1,,2,,1,2,,2,,2,2,,1,,2,,2,,1,,2,,,,,,,,,,,,,,,,,,,,,,,,,,,,,,,,,,,,,,,,,,,,,,,,,,,,,,,,,,,,,,,,,,,,,,,,,,,,,,,,,,,,,,,,,,,,,,,,,,,,,,,,,,,,,,,,,,,,,,,,,,,,,,,,,,,,,,,,,,,,,,,,,,,,,,,,,,,,,,,,,,,,,,,,,,,,,,,,,,,,,,,,97182,"<span lang=""EN-GB"">Suppose
     you want to listen to some audio when you are alone at your home.<strong><o:p></o:p></strong></span>"
10/23/2018 17:58,10/23/2018 18:02,0,71.176.70.228,100,269,1,10/23/2018 18:02,R_bqhjftlHLRYMHMR,,,,,43.03540039,-76.12819672,anonymous,EN,"1,2,3,4,5,6","1,2,5",,5,,"3,4",,1,,1,,1,3,,"2,3",,1,"3,4",,"1,2",,"1,2,3",,"1,2",,1,,"1,2",,"2,6",,,,,,,,,,,,,,,,,,,,,,,,,,,,,,"1,2,5",,5,,"2,3",,1,,1,,4,3,,"2,3",,"2,3",,"2,3",,"1,2,4",,"1,2",,"1,2,4",,1,,"1,2",,,,,,,,,,,,,,,,,,,,,,,,,,,,,,,,,,,,,,,,,,,,,,,,,,,,,,,,,,,,,,,,,,,,,,,,,,,,,,,,,,,,,,,,,2,,1,,"3,4",,1,,1,,1,5,,5,,5,,3,,"1,2,3",,"1,2",,"1,2,3",,1,,1,,female,24,engineer,4,3,,5,48077,"<span lang=""EN-GB"">Suppose you want to find a route to home while walking on a street with your close friends.<o:p></o:p></span>"
10/23/2018 18:02,10/23/2018 18:03,0,174.234.15.143,100,24,1,10/23/2018 18:03,R_2xMnCk3pMvVW0lw,,,,,39.03230286,-94.47000122,anonymous,EN,"2,3",,,,,,,,,,,,,,,,,,,,,,,,,,,,,,,,,,,,,,,,,,,,,,,,,,,,,,,,,,,,,,,,,,,,,,,,,,,,,,,,,,,,,,,,,,,,,,,,,,,,,,,,,,,,,,,,,,,,,,,,,,,,,,,,,,,,,,,,,,,,,,,,,,,,,,,,,,,,,,,,,,,,,,,,,,,,,,,,,,,,,,,,,,,,,,,,,,,,,,,,,,,,,,,,,,,51252,"<span lang=""EN-GB"">Suppose you want to read a digital document when you are at Starbucks with people you know (e.g., acquaintances, colleagues).<o:p></o:p></span>"
10/23/2018 18:02,10/23/2018 18:03,0,66.74.51.40,100,30,1,10/23/2018 18:03,R_2V9LfjTGGCbEkKr,,,,,34.15589905,-116.4313049,anonymous,EN,1,,,,,,,,,,,,,,,,,,,,,,,,,,,,,,,,,,,,,,,,,,,,,,,,,,,,,,,,,,,,,,,,,,,,,,,,,,,,,,,,,,,,,,,,,,,,,,,,,,,,,,,,,,,,,,,,,,,,,,,,,,,,,,,,,,,,,,,,,,,,,,,,,,,,,,,,,,,,,,,,,,,,,,,,,,,,,,,,,,,,,,,,,,,,,,,,,,,,,,,,,,,,,,,,,,,55688,"<span lang=""EN-GB"">Suppose you want to set up a reminder when you are at a park with close friends.<o:p></o:p></span>"
10/23/2018 18:01,10/23/2018 18:03,0,136.62.9.59,100,89,1,10/23/2018 18:03,R_2fg2Ruz4Nqc836y,,,,,30.24279785,-97.76580048,anonymous,EN,"1,2,3","1,2,3",,2,,3,,1,,1,,1,2,,3,,2,2,,3,,2,,2,,1,,1,,,,,,,,,,,,,,,,,,,,,,,,,,,,,,,,,,,,,,,,,,,,,,,,,,,,,,,,,,,,,,,,,,,,,,,,,,,,,,,,,,,,,,,,,,,,,,,,,,,,,,,,,,,,,,,,,,,,,,,,,,,,,,,,,,,,,,,,,,,,,,,,,,,,,,,,,,,,,,,,,,,,,,,,,,,,,,,,,,,,,,,,51310,"<span lang=""EN-GB"">Suppose
     you want to listen to some audio when you are with people you know (e.g.,
     acquaintances, colleagues) in a park.<o:p></o:p></span>


<p><span lang=""EN-GB"" style=""color:red"">&nbsp;</span></p>"
10/23/2018 18:05,10/23/2018 18:05,0,99.203.17.34,100,16,1,10/23/2018 18:05,R_1ovz6mELOFXirp3,,,,,38.96470642,-76.96489716,anonymous,EN,2,,,,,,,,,,,,,,,,,,,,,,,,,,,,,,,,,,,,,,,,,,,,,,,,,,,,,,,,,,,,,,,,,,,,,,,,,,,,,,,,,,,,,,,,,,,,,,,,,,,,,,,,,,,,,,,,,,,,,,,,,,,,,,,,,,,,,,,,,,,,,,,,,,,,,,,,,,,,,,,,,,,,,,,,,,,,,,,,,,,,,,,,,,,,,,,,,,,,,,,,,,,,,,,,,,,73750,"<span lang=""EN-GB"">Suppose it is a regular working day, you want to track the total amount of calories&nbsp;</span>you consume and burn off during the day.&nbsp;"
10/23/2018 18:04,10/23/2018 18:11,0,71.176.70.228,100,401,1,10/23/2018 18:11,R_3JyGIGLKsMcubFv,,,,,43.03540039,-76.12819672,anonymous,EN,"1,2,3,4,5,6","2,5",,3,,"2,3",,3,,1,,3,3,,5,,3,"1,3",,"1,2",,3,,"1,2",,3,,"1,2",,1,"2,5",,1,,"2,3",,3,,1,,1,3,,5,,5,,"1,2,3",,3,,"1,2",,3,,"1,3",,"1,2",,,,,,,,,,,,,,,,,,,,,,,,,,,,,,,,,,,,,,,,,,,,,,,,,,,,,,,,,,,,,,,,,,,,,,,,,,,,,,,,,,,,,,,,,,,,,,,,,,,,,,,,,,,,,,,,,,,,,,,,,,,,,,,,,,,,,,,,,,,,,,,,,,,male,34,engineer,5,4,,5,51216,"<span lang=""EN-GB"">Suppose
     you want to read a digital document when you are at home with people you
     are close to (e.g., friends, family members).<strong><o:p></o:p></strong></span>"
10/23/2018 18:07,10/23/2018 18:13,0,174.60.79.240,100,333,1,10/23/2018 18:13,R_3iUvpxPiHRZNlrL,,,,,40.17720032,-77.23120117,anonymous,EN,"1,2,4","2,5",,5,,1,,1,,"1,3",,2,"1,2,3",,"1,2",,2,"2,3,4",,"1,2",,1,,"1,2",,"1,2,3",,4,,2,,,,,,,,,,,,,,,,,,,,,,,,,,,,,,"1,2,5",,1,,1,,1,,"1,3",,2,"1,2",,2,,5,,3,,7,,"1,2",,"1,3,4",,"1,2,3",,"1,2",,,,,,,,,,,,,,,,,,,,,,,,,,,,,,,,,,,,,,,,,,,,,,,,,,,,,,,,,,,,,,,,,,,,,,,,,,,,,,,,,,,,,,,,,,,,,,,,,,,,,,,,,,,,,,,,,,,,,,,,,,,,,64573,"<span lang=""EN-GB"">Suppose
     you want to set up a reminder when you are at home with people you are
     close to (e.g., friends, family members).<strong><o:p></o:p></strong></span>"
10/23/2018 18:11,10/23/2018 18:15,0,71.176.70.228,100,230,1,10/23/2018 18:15,R_2Qms7WB1iiMRNcA,,,,,43.03540039,-76.12819672,anonymous,EN,"1,2,3,4,5,6","1,2,5",,5,,3,,1,,1,,1,5,,5,,1,3,,"1,2",,1,,"1,2",,"1,3",,4,,"2,6",,,,,,,,,,,,,,,,,,,,,,,,,,,,,,1,,3,,3,,1,,1,,1,3,,2,,2,,3,,3,,"1,2",,3,,3,,"1,2",,,,,,,,,,,,,,,,,,,,,,,,,,,,,,,,,,,,,,,,,,,,,,,,,,,,,,,,,,,,,,,,,,,,,,,,,,,,,,,,,,,,,,,,,1,,5,,"3,4",,1,,1,,1,5,,5,,5,,"3,4",,"2,3",,3,,"2,3",,1,,1,,male,34,manager,5,5,,5,19639,"<span lang=""EN-GB"">Suppose
     you want to a send an email when you are walking on a street with people
     you know (e.g., acquaintances, colleagues)<strong>.</strong><o:p></o:p></span>"
10/23/2018 18:07,10/23/2018 18:16,0,74.32.224.168,100,493,1,10/23/2018 18:16,R_1KpaQRD0pIajau7,,,,,40.75140381,-99.12909698,anonymous,EN,"1,3,4",1,,2,,"1,3",,1,,1,,3,2,,"1,2",,3,"2,4",,1,,6,,1,,"1,3",,2,,"1,4",1,,2,,1,,1,,4,,3,2,,1,,3,,"2,4",,2,,2,,2,,1,,1,,,,,,,,,,,,,,,,,,,,,,,,,,,,,,,,,,,,,,,,,,,,,,,,,,,,,,,,,,,,2,,2,,3,,1,,1,,2,2,,2,,1,,"2,4",,2,,5,,2,,3,,"1,2",,,,,,,,,,,,,,,,,,,,,,,,,,,,,,,,,,,,,,,,,,,,,,,,,,,,,,,,,,,,,,,,,,,42618,"<span lang=""EN-GB"">Suppose you want to browse the internet when you are with people you know (e.g., acquaintances, colleagues) at a park.<o:p></o:p></span>"
10/23/2018 18:16,10/23/2018 18:19,0,71.176.70.228,100,176,1,10/23/2018 18:19,R_9Ys69PUiIP8fcv7,,,,,43.03540039,-76.12819672,anonymous,EN,"1,2,3,4,5,6","1,2",,5,,"3,4",,1,,2,,3,5,,5,,3,3,,5,,3,,5,,1,,1,,4,,,,,,,,,,,,,,,,,,,,,,,,,,,,,,,,,,,,,,,,,,,,,,,,,,,,,,,,,,,,,,,,,,,,,,,,,,,,,,,,,,,,,,,,"1,2",,3,,"3,4",,1,,1,,1,5,,2,,2,,3,,"2,3",,2,,"2,3",,1,,1,,,,,,,,,,,,,,,,,,,,,,,,,,,,,,,,,,,,,,,,,,,,,,,,,,,,,,,,,,,,male,40,cashier,3,3,,3,9222,"<span lang=""EN-GB"">Suppose you are at sitting in a park and you want to play a digital/online game&nbsp;</span>with some close friends."
10/23/2018 18:20,10/23/2018 18:20,0,65.34.128.117,100,10,1,10/23/2018 18:20,R_125Rj6vDfhYBojC,,,,,25.59599304,-80.50700378,anonymous,EN,1,,,,,,,,,,,,,,,,,,,,,,,,,,,,,,,,,,,,,,,,,,,,,,,,,,,,,,,,,,,,,,,,,,,,,,,,,,,,,,,,,,,,,,,,,,,,,,,,,,,,,,,,,,,,,,,,,,,,,,,,,,,,,,,,,,,,,,,,,,,,,,,,,,,,,,,,,,,,,,,,,,,,,,,,,,,,,,,,,,,,,,,,,,,,,,,,,,,,,,,,,,,,,,,,,,,9980,"<span lang=""EN-GB"">Suppose you are at your gym and you want to track the amount of calories&nbsp;</span>you have burnt your workout.&nbsp;"
10/23/2018 18:14,10/23/2018 18:24,0,100.1.24.88,100,562,1,10/23/2018 18:24,R_3RqOphmVctPtHTd,,,,,40.2507019,-74.04859924,anonymous,EN,"2,3,4",2,,1,,3,,1,,1,,3,2,,3,,3,2,,2,,3,,2,,3,,2,,2,,,,,,,,,,,,,,,,,,,,,,,,,,,,,,4,,1,,2,,1,,1,,2,2,,3,,3,,2,,3,,2,,3,,2,,2,,,,,,,,,,,,,,,,,,,,,,,,,,,,,,,,,,,,,,,,,,,,,,,,,,,,,,,,,,,,,,,,,,,,,,,,,,,,,,,,,,,,,,,,,,,,,,,,,,,,,,,,,,,,,,,,,,,,,,FEMALE,65,INDEPENDANT CONTRACTOR,3,3,,3,98498,"<span lang=""EN-GB"">Suppose you have planned to meet a friend next week and you want to put this on your calendar when you are with a very close friend at a restaurant&nbsp;<o:p></o:p></span>"
10/23/2018 18:32,10/23/2018 18:32,0,64.138.238.73,100,20,1,10/23/2018 18:32,R_2YR2X6BU5WYZeSf,,,,,33.55070496,-79.05280304,anonymous,EN,2,,,,,,,,,,,,,,,,,,,,,,,,,,,,,,,,,,,,,,,,,,,,,,,,,,,,,,,,,,,,,,,,,,,,,,,,,,,,,,,,,,,,,,,,,,,,,,,,,,,,,,,,,,,,,,,,,,,,,,,,,,,,,,,,,,,,,,,,,,,,,,,,,,,,,,,,,,,,,,,,,,,,,,,,,,,,,,,,,,,,,,,,,,,,,,,,,,,,,,,,,,,,,,,,,,,59463,"<span lang=""EN-GB"">Suppose you want to browse the internet when you are at home with people you know (e.g., acquaintances, colleagues).<o:p></o:p></span>"
10/23/2018 18:24,10/23/2018 18:35,0,50.25.158.121,100,630,1,10/23/2018 18:35,R_AcBe76jN5zpvyZr,,,,,35.61920166,-77.39749908,anonymous,EN,"1,2,6","1,2,3",,"1,2",,"1,2",,1,,"1,2,3",,"1,2,3","2,3",,"1,2",,"1,2,3","2,4",,"1,2",,"1,2",,"1,2,3",,"1,2,3",,"1,2",,,,,,,,,,,,,,,,,,,,,,,,,,,,,,,,,,,,,,,,,,,,,,,,,,,,,,,,,,,,,,,,,,,,,,,,,,,,,,,,,,,,,,,,,,,,,,,,,,,,,,,,,,,,,,,,,,,,,,,,,,,,,,,,,,,,,,,,,,,,,,,,,,,,,,,,,,,,,,,,,,,,,,,,,,,,,,,,,,,,,,,,99431,"<span lang=""EN-GB"" style=""font-size:11.0pt;line-height:115%;
font-family:&quot;Arial&quot;,sans-serif;mso-fareast-font-family:Arial;mso-ansi-language:
EN-GB;mso-fareast-language:EN-US;mso-bidi-language:AR-SA"">Suppose you want to
take a click a photo when you are at Starbucks.</span>"
10/23/2018 18:35,10/23/2018 18:36,0,50.25.158.121,100,77,1,10/23/2018 18:36,R_1jiBfJpSmWkP6uo,,,,,35.61920166,-77.39749908,anonymous,EN,"1,3,6","1,3,4",,3,,"2,3,4",,1,,4,,1,"1,3",,1,,"1,2,3","2,4",,3,,"2,3,4",,"2,3",,"1,2",,2,,,,,,,,,,,,,,,,,,,,,,,,,,,,,,,,,,,,,,,,,,,,,,,,,,,,,,,,,,,,,,,,,,,,,,,,,,,,,,,,,,,,,,,,,,,,,,,,,,,,,,,,,,,,,,,,,,,,,,,,,,,,,,,,,,,,,,,,,,,,,,,,,,,,,,,,,,,,,,,,,,,,,,,,,,,,,,,,,,,,,,,,11073,"<span lang=""EN-GB"">Suppose you want to call your mother for sharing an important
     update about your life&nbsp; when you
     with people you know (e.g., acquaintances, colleagues) at a park<o:p></o:p></span>"
10/23/2018 18:30,10/23/2018 18:37,0,107.77.197.169,100,394,1,10/23/2018 18:37,R_daT0f1gZIIStzXj,,,,,37.75100708,-97.8219986,anonymous,EN,"1,2,4,5","2,3",,1,,3,,1,,1,,2,2,,"1,3",,"2,3","1,2",,"2,3",,3,,"2,3",,"1,2,3",,"1,2",,,,,,,,,,,,,,,,,,,,,,,,,,,,,,,,,,,,,,,,,,,,,,,,,,,,,,,,,,,,,,,,,,,,,,,,,,,,,,,,,,,,,,,,,,,,,,,,,,,,,,,,,,,,,,,,,,,,,,,,,,,,,,,,,,,,,,,,,,,,,,,,,,,,,,,,,,,,,,,,,,,,,,,,,,,,,,,,,,,,,,,,33438,"<span lang=""EN-GB"">Suppose
     you want to listen to some audio when you are at home with people you are
     close to (e.g., friends, family members).<strong><o:p></o:p></strong></span>"
10/23/2018 18:38,10/23/2018 18:38,0,75.97.228.18,100,25,1,10/23/2018 18:38,R_2awB9cFgmXnIRkt,,,,,40.89990234,-75.47599792,anonymous,EN,"1,3",,,,,,,,,,,,,,,,,,,,,,,,,,,,,,,,,,,,,,,,,,,,,,,,,,,,,,,,,,,,,,,,,,,,,,,,,,,,,,,,,,,,,,,,,,,,,,,,,,,,,,,,,,,,,,,,,,,,,,,,,,,,,,,,,,,,,,,,,,,,,,,,,,,,,,,,,,,,,,,,,,,,,,,,,,,,,,,,,,,,,,,,,,,,,,,,,,,,,,,,,,,,,,,,,,,35835,"<span lang=""EN-GB"">Suppose
     you want to find a route to home when you are at Starbucks with your close
     friends.<o:p></o:p></span>"
10/23/2018 18:40,10/23/2018 18:41,0,172.56.20.39,100,59,1,10/23/2018 18:41,R_3oWT5aOfQZp28qs,,,,,33.52070618,-86.80249786,anonymous,EN,2,,,,,,,,,,,,,,,,,,,,,,,,,,,,,,,,,,,,,,,,,,,,,,,,,,,,,,,,,,,,,,,,,,,,,,,,,,,,,,,,,,,,,,,,,,,,,,,,,,,,,,,,,,,,,,,,,,,,,,,,,,,,,,,,,,,,,,,,,,,,,,,,,,,,,,,,,,,,,,,,,,,,,,,,,,,,,,,,,,,,,,,,,,,,,,,,,,,,,,,,,,,,,,,,,,,66999,"<span lang=""EN-GB"">Suppose
     you want to watch some video when you are with people you know (e.g.,
     acquaintances, colleagues) at your home.<o:p></o:p></span>"
10/23/2018 18:41,10/23/2018 18:43,0,47.135.90.182,100,106,1,10/23/2018 18:43,R_3EmLESz5GmZnUGO,,,,,36.20170593,-81.12860107,anonymous,EN,"1,2,4,5,6",1,,2,,1,,1,,4,,1,3,,1,,1,4,,2,,2,,3,,2,,4,,,,,,,,,,,,,,,,,,,,,,,,,,,,,,,,,,,,,,,,,,,,,,,,,,,,,,,,,,,,,,,,,,,,,,,,,,,,,,,,,,,,,,,,,,,,,,,,,,,,,,,,,,,,,,,,,,,,,,,,,,,,,,,,,,,,,,,,,,,,,,,,,,,,,,,,,,,,,,,,,,,,,,,,,,,,,,,,,,,,,,,,38498,"<span lang=""EN-GB"">Suppose you have planned to meet a friend next week and you want to put this on your calendar when you are surrounded with people you are close to (e.g., friends, family members) at your home.<strong><o:p></o:p></strong></span>"
10/23/2018 18:45,10/23/2018 18:45,0,69.29.152.96,100,18,1,10/23/2018 18:45,R_3mknYy0CaKy76VN,,,,,34.94569397,-92.03179932,anonymous,EN,"1,2",,,,,,,,,,,,,,,,,,,,,,,,,,,,,,,,,,,,,,,,,,,,,,,,,,,,,,,,,,,,,,,,,,,,,,,,,,,,,,,,,,,,,,,,,,,,,,,,,,,,,,,,,,,,,,,,,,,,,,,,,,,,,,,,,,,,,,,,,,,,,,,,,,,,,,,,,,,,,,,,,,,,,,,,,,,,,,,,,,,,,,,,,,,,,,,,,,,,,,,,,,,,,,,,,,,51741,"<span lang=""EN-GB"" style=""font-size:11.0pt;line-height:115%;
font-family:&quot;Arial&quot;,sans-serif;mso-fareast-font-family:Arial;mso-ansi-language:
EN-GB;mso-fareast-language:EN-US;mso-bidi-language:AR-SA"">Suppose you want to a
view a text message when you are alone at home</span>"
10/23/2018 18:46,10/23/2018 18:54,0,172.58.121.224,100,448,1,10/23/2018 18:54,R_3hfJu6dbVMtz5wg,,,,,42.42610168,-83.19509888,anonymous,EN,"1,2,3,4",3,,1,,1,,1,,1,,3,2,,3,,3,3,,2,,3,,2,,1,,1,,2,,,,,,,,,,,,,,,,,,,,,,,,,,,,,,"2,3",,2,,2,,1,,1,,1,2,,1,,1,,1,,3,,2,,"1,2",,1,,1,,,,,,,,,,,,,,,,,,,,,,,,,,,,,,,,,,,,,,,,,,,,,,,,,,,,,,,,,,,,,,,,,,,,,,,,,,,,,,,,,,,,,,,,,,,,,,,,,,,,,,,,,,,,,,,,,,,,,,,,,,,,,28948,"<span lang=""EN-GB"">Suppose you want to read a digital document when you are in a park surrounded by your close friends.<o:p></o:p></span>"
10/23/2018 18:54,10/23/2018 18:54,0,75.111.239.251,100,18,1,10/23/2018 18:54,R_AaGOPDmG6AXCJG1,,,,,33.51589966,-101.9344025,anonymous,EN,"1,2",,,,,,,,,,,,,,,,,,,,,,,,,,,,,,,,,,,,,,,,,,,,,,,,,,,,,,,,,,,,,,,,,,,,,,,,,,,,,,,,,,,,,,,,,,,,,,,,,,,,,,,,,,,,,,,,,,,,,,,,,,,,,,,,,,,,,,,,,,,,,,,,,,,,,,,,,,,,,,,,,,,,,,,,,,,,,,,,,,,,,,,,,,,,,,,,,,,,,,,,,,,,,,,,,,,71952,"<span lang=""EN-GB"">Suppose you want to browse through one of your social media profiles when you&nbsp;</span>are at your home."
10/23/2018 19:02,10/23/2018 19:03,0,65.191.86.20,100,50,1,10/23/2018 19:03,R_2VKoMCC9f1a3RyV,,,,,35.14160156,-79.00250244,anonymous,EN,"1,2",,,,,,,,,,,,,,,,,,,,,,,,,,,,,,,,,,,,,,,,,,,,,,,,,,,,,,,,,,,,,,,,,,,,,,,,,,,,,,,,,,,,,,,,,,,,,,,,,,,,,,,,,,,,,,,,,,,,,,,,,,,,,,,,,,,,,,,,,,,,,,,,,,,,,,,,,,,,,,,,,,,,,,,,,,,,,,,,,,,,,,,,,,,,,,,,,,,,,,,,,,,,,,,,,,,37138,"<span lang=""EN-GB"">Suppose you are alone at home, you want to take a break from studying/working&nbsp;</span>so you decide to play an online/digital game with some close friends ."
10/23/2018 19:05,10/23/2018 19:05,0,75.39.107.68,100,26,1,10/23/2018 19:05,R_OPEaWpoa7xtmzcJ,,,,,42.4098053,-82.94409943,anonymous,EN,"1,2",,,,,,,,,,,,,,,,,,,,,,,,,,,,,,,,,,,,,,,,,,,,,,,,,,,,,,,,,,,,,,,,,,,,,,,,,,,,,,,,,,,,,,,,,,,,,,,,,,,,,,,,,,,,,,,,,,,,,,,,,,,,,,,,,,,,,,,,,,,,,,,,,,,,,,,,,,,,,,,,,,,,,,,,,,,,,,,,,,,,,,,,,,,,,,,,,,,,,,,,,,,,,,,,,,,73563,"<span lang=""EN-GB"" style=""font-size:11.0pt;line-height:115%;
font-family:&quot;Arial&quot;,sans-serif;mso-fareast-font-family:Arial;mso-ansi-language:
EN-GB;mso-fareast-language:EN-US;mso-bidi-language:AR-SA"">Suppose you want to check your social media when you are alone in a park.</span>"
10/23/2018 19:07,10/23/2018 19:08,0,98.230.44.126,100,68,1,10/23/2018 19:08,R_1fkJJjBB2jXEPOq,,,,,30.48739624,-84.31890106,anonymous,EN,1,,,,,,,,,,,,,,,,,,,,,,,,,,,,,,,,,,,,,,,,,,,,,,,,,,,,,,,,,,,,,,,,,,,,,,,,,,,,,,,,,,,,,,,,,,,,,,,,,,,,,,,,,,,,,,,,,,,,,,,,,,,,,,,,,,,,,,,,,,,,,,,,,,,,,,,,,,,,,,,,,,,,,,,,,,,,,,,,,,,,,,,,,,,,,,,,,,,,,,,,,,,,,,,,,,,50045,"<span lang=""EN-GB"">Suppose you want to call your mother for sharing an important
     update about your life when you are surrounded by people you know (e.g.,
     acquaintances, colleagues) at your home.<o:p></o:p></span>"
10/23/2018 19:02,10/23/2018 19:10,0,69.73.78.226,100,497,1,10/23/2018 19:10,R_22FCMA9BtZRuHK4,,,,,28.06619263,-82.75849915,anonymous,EN,"1,2,4,6","1,2,3,4",,1,,1,,1,,1,,2,5,,3,,2,"2,3,4",,"1,2",,3,,"1,2",,1,,2,,"1,2,4",2,,5,,2,,3,,1,,1,1,,1,,1,,1,,3,,1,,3,,"1,3",,"1,2",,"1,2,3",,1,,3,,1,,1,,2,3,,1,,3,,2,,3,,"1,2",,3,,1,,2,,,,,,,,,,,,,,,,,,,,,,,,,,,,,,,"1,2,3",,1,,1,,1,,1,,1,3,,3,,1,,3,,3,,2,,"2,3",,1,,2,,,,,,,,,,,,,,,,,,,,,,,,,,,,,,,,,,,,,,,,,,,,,,,,,,,,,,,,,,,,,,,,,,,46523,"<span lang=""EN-GB"">Suppose you are at work with some people you know (e.g., acquaintances, colleagues) when you realize that you have to immediately pay one of your bills online.<o:p></o:p></span>"
10/23/2018 19:22,10/23/2018 19:25,0,97.81.149.142,100,187,1,10/23/2018 19:25,R_1r8uvRFjGzLFcEz,,,,,36.54840088,-82.5617981,anonymous,EN,"1,2,3,6","2,3,4,5",,3,,"1,3",,1,,6,,3,5,,"2,3",,3,6,,2,,"1,3",,"1,2",,1,,4,,,,,,,,,,,,,,,,,,,,,,,,,,,,,,,,,,,,,,,,,,,,,,,,,,,,,,,,,,,,,,,,,,,,,,,,,,,,,,,,,,,,,,,,,,,,,,,,,,,,,,,,,,,,,,,,,,,,,,,,,,,,,,,,,,,,,,,,,,,,,,,,,,,,,,,,,,,,,,,,,,,,,,,,,,,,,,,,,,,,,,,,62428,"<span lang=""EN-GB"">Suppose you want to read a digital document when you are at Starbucks with people you know (e.g., acquaintances, colleagues).<o:p></o:p></span>"
10/23/2018 19:31,10/23/2018 19:32,0,108.62.142.190,100,28,1,10/23/2018 19:32,R_3k7Bo47vzBLlbtF,,,,,33.6730957,-111.9460983,anonymous,EN,2,,,,,,,,,,,,,,,,,,,,,,,,,,,,,,,,,,,,,,,,,,,,,,,,,,,,,,,,,,,,,,,,,,,,,,,,,,,,,,,,,,,,,,,,,,,,,,,,,,,,,,,,,,,,,,,,,,,,,,,,,,,,,,,,,,,,,,,,,,,,,,,,,,,,,,,,,,,,,,,,,,,,,,,,,,,,,,,,,,,,,,,,,,,,,,,,,,,,,,,,,,,,,,,,,,,51588,"<span lang=""EN-GB"">Suppose
     you want to call your mother for sharing an important update about your
     life when you are with a very close friend at a restaurant&nbsp;<o:p></o:p></span>"
10/23/2018 19:34,10/23/2018 19:35,0,40.138.17.40,100,9,1,10/23/2018 19:35,R_1FbSaolfvph3GEK,,,,,40.21110535,-85.42910004,anonymous,EN,1,,,,,,,,,,,,,,,,,,,,,,,,,,,,,,,,,,,,,,,,,,,,,,,,,,,,,,,,,,,,,,,,,,,,,,,,,,,,,,,,,,,,,,,,,,,,,,,,,,,,,,,,,,,,,,,,,,,,,,,,,,,,,,,,,,,,,,,,,,,,,,,,,,,,,,,,,,,,,,,,,,,,,,,,,,,,,,,,,,,,,,,,,,,,,,,,,,,,,,,,,,,,,,,,,,,71124,"Suppose you want to call your mother for sharing an important update about your life when you are surrounded with people you are close to (e.g., friends, family members)at your home."
10/23/2018 19:34,10/23/2018 19:36,0,71.176.70.228,100,134,1,10/23/2018 19:36,R_2BkXGLRQBYddN90,,,,,43.03540039,-76.12819672,anonymous,EN,"1,2,3,4,5,6","1,2,5",,3,,"1,2,3",,1,,1,,1,5,,2,,1,"1,3",,"1,2",,"2,3",,"1,2",,"1,3",,4,,6,,,,,,,,,,,,,,,,,,,,,,,,,,,,,,,,,,,,,,,,,,,,,,,,,,,,,,,,,,,,,,,,,,,,,,,,,,,,,,,,,,,,,,,,,,,,,,,,,,,,,,,,,,,,,,,,,,,,,,,,,,,,,,,,,,,,,,,,,,,,,,,,,,1,,5,,3,,1,,1,,1,5,,5,,5,,3,,"2,3",,"1,2",,"3,4",,1,,4,,,,,,,,,58144,"<span lang=""EN-GB"">Suppose
     you want to a send an email when you are walking on a street with people
     you know (e.g., acquaintances, colleagues)<strong>.</strong><o:p></o:p></span>"
10/23/2018 19:38,10/23/2018 19:39,0,184.17.208.183,100,24,1,10/23/2018 19:39,R_29oVuu2qXN6kGqV,,,,,41.13710022,-85.0684967,anonymous,EN,2,,,,,,,,,,,,,,,,,,,,,,,,,,,,,,,,,,,,,,,,,,,,,,,,,,,,,,,,,,,,,,,,,,,,,,,,,,,,,,,,,,,,,,,,,,,,,,,,,,,,,,,,,,,,,,,,,,,,,,,,,,,,,,,,,,,,,,,,,,,,,,,,,,,,,,,,,,,,,,,,,,,,,,,,,,,,,,,,,,,,,,,,,,,,,,,,,,,,,,,,,,,,,,,,,,,68749,"<span lang=""EN-GB"">Suppose
     you want to listen to some audio when you are with people you know (e.g.,
     acquaintances, colleagues) in a park.<o:p></o:p></span>


<p><span lang=""EN-GB"" style=""color:red"">&nbsp;</span></p>"
10/23/2018 19:37,10/23/2018 19:40,0,71.176.70.228,100,219,1,10/23/2018 19:40,R_3hm6Aytf8hGyNQo,,,,,43.03540039,-76.12819672,anonymous,EN,"1,2,3,4,5,6","1,2,5",,3,,"3,4",,1,,"1,3,4",,1,5,,2,,1,"3,4",,"1,2,3",,"2,3",,"1,2,3",,5,,4,,"2,5",,,,,,,,,,,,,,,,,,,,,,,,,,,,,,"2,5",,1,,3,,1,,1,,1,5,,5,,5,,3,,"2,3",,2,,"2,3",,5,,4,,,,,,,,,,,,,,,,,,,,,,,,,,,,,,,,,,,,,,,,,,,,,,,,,,,,,,,,,,,,1,,2,,4,,3,,"3,4",,"1,2",5,,"1,2",,"1,2",,4,,"2,4",,3,,"2,4",,5,,4,,,,,,,,,,,,,,,,,,,,,,,,,,,,,,,female,20,student,3,4,,3,50144,"<span lang=""EN-GB"">Suppose
     you want to a send a text message when you are alone at home<strong><o:p></o:p></strong></span>"
10/23/2018 19:40,10/23/2018 19:41,0,66.160.201.90,100,64,1,10/23/2018 19:41,R_2PB7bISm8YzsOam,,,,,37.75100708,-97.8219986,anonymous,EN,2,,,,,,,,,,,,,,,,,,,,,,,,,,,,,,,,,,,,,,,,,,,,,,,,,,,,,,,,,,,,,,,,,,,,,,,,,,,,,,,,,,,,,,,,,,,,,,,,,,,,,,,,,,,,,,,,,,,,,,,,,,,,,,,,,,,,,,,,,,,,,,,,,,,,,,,,,,,,,,,,,,,,,,,,,,,,,,,,,,,,,,,,,,,,,,,,,,,,,,,,,,,,,,,,,,,36500,"<span lang=""EN-GB"">Suppose
     you want to listen to some audio when you are at home with people you are
     close to (e.g., friends, family members).<strong><o:p></o:p></strong></span>"
10/23/2018 19:42,10/23/2018 19:44,0,71.176.70.228,100,143,1,10/23/2018 19:44,R_1FJ8kWybz6J91xV,,,,,43.03540039,-76.12819672,anonymous,EN,"1,2,3,4,5,6","2,5",,3,,3,,1,,1,,1,3,,"2,3",,1,"1,3",,"1,2",,3,,"1,2",,5,,"1,2",,1,"2,4",,1,,"2,3",,3,,1,,1,"1,3",,5,,5,,"1,2,3",,3,,2,,3,,"1,3",,"1,2",,,,,,,,,,,,,,,,,,,,,,,,,,,,,,,,,,,,,,,,,,,,,,,,,,,,,,,,,,,,,,,,,,,,,,,,,,,,,,,,,,,,,,,,,,,,,,,,,,,,,,,,,,,,,,,,,,,,,,,,,,,,,,,,,,,,,,,,,,,,,,,,,,,male,40,constructor worker,2,2,,2,70356,"Suppose you want to check your social media status
     when you are at Starbucks.<o:p></o:p>"
10/23/2018 19:45,10/23/2018 19:48,0,47.199.207.137,100,166,1,10/23/2018 19:48,R_5yGqhhqoEhLL1kJ,,,,,28.00810242,-82.58049774,anonymous,EN,"1,2,3,4,6",1,,1,,2,,1,,1,,2,2,,2,,1,2,,2,,2,,3,,2,,2,,,,,,,,,,,,,,,,,,,,,,,,,,,,,,,,,,,,,,,,,,,,,,,,,,,,,,,,,,,,,,,,,,,,,,,,,,,,,,,,,,,,,,,,,,,,,,,,,,,,,,,,,,,,,,,,,,,,,,,,,,,,,,,,,,,,,,,,,,,,,,,,,,,,,,,,,,,,,,,,,,,,,,,,,,,,,,,,,,,,,,,,89689,"<span lang=""EN-GB"">Suppose
     you want to call your mother for sharing an important update about your
     life when you are alone at Starbucks.<o:p></o:p></span>"
10/23/2018 19:45,10/23/2018 19:56,0,104.200.35.157,100,666,1,10/23/2018 19:56,R_2anNUoGN31qDsch,,,,,35.66650391,-97.4654007,anonymous,EN,"1,2,3","3,4",,1,,"1,3",,1,,"1,3",,2,"1,2",,3,,"2,3","1,2",,2,,4,,2,,"1,3",,1,,,,,,,,,,,,,,,,,,,,,,,,,,,,,,,,,,,,,,,,,,,,,,,,,,,,,,,,,,,,,,,,,,,,,,,,,,,,,,,,,,,,,,,,,,,,,,,,,,,,,,,,,,,,,,,,,,,,,,,,,,,,,,,,,,,,,,,,,,,,,,,,,,,,,,,,,,,,,,,,,,,,,,,,,,,,,,,,,,,,,,,,49604,"<span lang=""EN-GB"">Suppose
     you want to a view a text message when you are surrounded by people you
     know (e.g., acquaintances, colleagues) at your home.<o:p></o:p></span>"
10/23/2018 19:56,10/23/2018 20:03,0,162.231.24.223,100,457,1,10/23/2018 20:03,R_bBDAl7KDLLPYyxH,,,,,31.90510559,-85.16560364,anonymous,EN,"2,3,4",2,,5,,3,,3,,3,,2,2,,3,,2,3,,2,,3,,2,,3,,2,,2,,,,,,,,,,,,,,,,,,,,,,,,,,,,,,2,,5,,3,,3,,1,,4,5,,2,,5,,6,,7,,2,,3,,2,,4,,,,,,,,,,,,,,,,,,,,,,,,,,,,,,,,,,,,,,,,,,,,,,,,,,,,,,,,,,,,,,,,,,,,,,,,,,,,,,,,,,,,,,,,,,,,,,,,,,,,,,,,,,,,,,,,,,,,,,,,,,,,,71920,"<span lang=""EN-GB"">Suppose
     you want to a send a text message when you are with a very close friend at
     a restaurant&nbsp;<o:p></o:p></span>"
10/23/2018 19:59,10/23/2018 20:04,0,103.104.17.24,100,322,1,10/23/2018 20:04,R_e8Sf1icp32zxNHb,,,,,10.2447052,123.8493958,anonymous,EN,"1,2,4,6","1,2",,"1,2",,1,,1,,1,,1,"1,2",,1,,2,4,,2,,"1,2",,"1,2",,"1,3",,2,,,,,,,,,,,,,,,,,,,,,,,,,,,,,,,,,,,,,,,,,,,,,,,,,,,,,,,,,,,,,,,,,,,,,,,,,,,,,,,,,,,,,,,,,,,,,,,,,,,,,,,,,,,,,,,,,,,,,,,,,,,,,,,,,,,,,,,,,,,,,,,,,,,,,,,,,,,,,,,,,,,,,,,,,,,,,,,,,,,,,,,,1664,"<span lang=""EN-GB"">Suppose
     you want to set up a reminder when you are at home with people you are
     close to (e.g., friends, family members).<strong><o:p></o:p></strong></span>"
10/23/2018 20:06,10/23/2018 20:07,0,69.254.32.91,100,44,1,10/23/2018 20:07,R_1onY9O1j4rBJEmm,,,,,26.73570251,-81.84349823,anonymous,EN,"1,2",,,,,,,,,,,,,,,,,,,,,,,,,,,,,,,,,,,,,,,,,,,,,,,,,,,,,,,,,,,,,,,,,,,,,,,,,,,,,,,,,,,,,,,,,,,,,,,,,,,,,,,,,,,,,,,,,,,,,,,,,,,,,,,,,,,,,,,,,,,,,,,,,,,,,,,,,,,,,,,,,,,,,,,,,,,,,,,,,,,,,,,,,,,,,,,,,,,,,,,,,,,,,,,,,,,23785,"<span lang=""EN-GB"">Suppose you want to set up a reminder when you are at a park with close friends.<o:p></o:p></span>"
10/23/2018 20:02,10/23/2018 20:09,0,107.77.206.33,100,434,1,10/23/2018 20:09,R_vCs5a3fWw3PHD9v,,,,,41.84829712,-87.65170288,anonymous,EN,"1,2,4","2,4,5",,1,,"1,2,3",,1,,1,,"2,3","1,2,3",,"1,2,3",,"2,3","2,3",,"1,2",,"1,3",,2,,"1,2,3",,2,,,,,,,,,,,,,,,,,,,,,,,,,,,,,,,,,,,,,,,,,,,,,,,,,,,,,,,,,,,,,,,,,,,,,,,,,,,,,,,,,,,,,,,,,,,,,,,,,,,,,,,,,,,,,,,,,,,,,,,,,,,,,,,,,,,,,,,,,,,,,,,,,,,,,,,,,,,,,,,,,,,,,,,,,,,,,,,,,,,,,,,,64057,"<span lang=""EN-GB"">Suppose
     you want to listen to some audio when you are alone at Starbucks.<o:p></o:p></span>"
10/23/2018 20:08,10/23/2018 20:10,0,24.15.109.166,100,113,1,10/23/2018 20:10,R_Q3zja7OGApJbtYd,,,,,41.50759888,-88.21690369,anonymous,EN,"1,2,3,4,5","1,2,3",,"1,2",,"1,2,3",,1,,"1,2,3",,1,"1,2",,1,,"1,2",1,,"1,2,3",,"2,3",,"1,2",,2,,2,,,,,,,,,,,,,,,,,,,,,,,,,,,,,,,,,,,,,,,,,,,,,,,,,,,,,,,,,,,,,,,,,,,,,,,,,,,,,,,,,,,,,,,,,,,,,,,,,,,,,,,,,,,,,,,,,,,,,,,,,,,,,,,,,,,,,,,,,,,,,,,,,,,,,,,,,,,,,,,,,,,,,,,,,,,,,,,,,,,,,,,,82324,"<span lang=""EN-GB"">Suppose you have planned to meet a friend next week and you want to put this on your calendar when you are alone at Starbucks.<o:p></o:p></span>"
10/23/2018 20:10,10/23/2018 20:15,0,24.15.109.166,100,246,1,10/23/2018 20:15,R_OJ3wnxK79fsO9xL,,,,,41.50759888,-88.21690369,anonymous,EN,"1,3,4,5,6",2,,1,,1,,1,,1,,1,3,,2,,2,2,,1,,3,,1,,1,,1,,,,,,,,,,,,,,,,,,,,,,,,,,,,,,,,,,,,,,,,,,,,,,,,,,,,,,,,,,,,,,,,,,,,,,,,,,,,,,,,,,,,,,,,,,,,,,,,,,,,,,,,,,,,,,,,,,,,,,,,,,,,,,,,,,,,,,,,,,,,,,,,,,,,,,,,,,,,,,,,,,,,,,,,,,,,,,,,,,,,,,,,65583,"Suppose you want to purchase something online when
     you are with people you know (e.g., acquaintances,
     colleagues) at a park.<o:p></o:p>"
10/23/2018 20:12,10/23/2018 20:15,0,174.22.98.121,100,140,1,10/23/2018 20:15,R_w03PvnmyjfRfztn,,,,,41.55090332,-90.49420166,anonymous,EN,"1,2,3,4,5,6","1,2,3,4,5",,1,,1,,1,,1,,3,"1,2",,"1,2",,1,2,,2,,"1,2,3",,2,,1,,1,,,,,,,,,,,,,,,,,,,,,,,,,,,,,,,,,,,,,,,,,,,,,,,,,,,,,,,,,,,,,,,,,,,,,,,,,,,,,,,,,,,,,,,,,,,,,,,,,,,,,,,,,,,,,,,,,,,,,,,,,,,,,,,,,,,,,,,,,,,,,,,,,,,,,,,,,,,,,,,,,,,,,,,,,,,,,,,,,,,,,,,,50607,"<span lang=""EN-GB"">Suppose
     you want to read a digital document when you are at Starbucks.<o:p></o:p></span>"
10/23/2018 20:06,10/23/2018 20:15,0,216.40.165.64,100,553,1,10/23/2018 20:15,R_2QDjHAYvo3t6bGH,,,,,33.7644043,-116.339798,anonymous,EN,"1,2,3","1,5",,2,,"1,3",,1,,1,,3,"1,2",,5,,3,2,,"1,2",,6,,"1,2",,5,,"1,2",,1,"2,4",,1,,1,,1,,2,,1,"1,2",,2,,2,,2,,3,,"1,2",,3,,5,,1,,,,,,,,,,,,,,,,,,,,,,,,,,,,,,,,,,,,,,,,,,,,,,,,,,,,,,,,,,,,,,,,,,,,,,,,,,,,,,,,,,,,,,,,,,,,,,,,,,,,,,,,,,,,,,,,,,,,,,,,,,,,,,,,,,,,,,,,,,,,,,,,,,,Female,66,Self employed,6,1,,3,39034,"<span lang=""EN-GB"">Suppose
     you want to listen to some audio when you are alone at your home.<strong><o:p></o:p></strong></span>"
10/23/2018 20:15,10/23/2018 20:16,0,174.22.98.121,100,53,1,10/23/2018 20:16,R_2e5AspBLRnBv8HL,,,,,41.55090332,-90.49420166,anonymous,EN,"1,2,3,4,5,6","2,3,4",,"1,2",,"1,2",,1,,"1,2,3",,"1,2,3","1,2",,1,,"2,3","1,2,4",,"1,2",,"3,4",,"2,3",,"1,2",,"1,2",,,,,,,,,,,,,,,,,,,,,,,,,,,,,,,,,,,,,,,,,,,,,,,,,,,,,,,,,,,,,,,,,,,,,,,,,,,,,,,,,,,,,,,,,,,,,,,,,,,,,,,,,,,,,,,,,,,,,,,,,,,,,,,,,,,,,,,,,,,,,,,,,,,,,,,,,,,,,,,,,,,,,,,,,,,,,,,,,,,,,,,,7685,"<span lang=""EN-GB"">Suppose you are at sitting in a park and you want to play a digital/online game.<o:p></o:p></span>"
10/23/2018 20:17,10/23/2018 20:20,0,108.215.91.38,100,220,1,10/23/2018 20:21,R_BVX2QWMld9oHuJX,,,,,32.26040649,-90.08969879,anonymous,EN,"1,2,3,4",2,,5,,1,,1,,1,,2,2,,5,,4,2,,2,,3,,2,,1,,4,,,,,,,,,,,,,,,,,,,,,,,,,,,,,,,,,,,,,,,,,,,,,,,,,,,,,,,,,,,,,,,,,,,,,,,,,,,,,,,,,,,,,,,,,,,,,,,,,,,,,,,,,,,,,,,,,,,,,,,,,,,,,,,,,,,,,,,,,,,,,,,,,,,,,,,,,,,,,,,,,,,,,,,,,,,,,,,,,,,,,,,,93280,"<span lang=""EN-GB"">Suppose you want to a view a text message when you are alone at a street.<o:p></o:p></span>"
10/23/2018 20:20,10/23/2018 20:23,0,68.3.253.181,100,189,1,10/23/2018 20:23,R_1H010mVbALM4Mzm,,,,,33.71690369,-112.237999,anonymous,EN,"1,2,3,4","2,4",,5,,"1,2,3,4",,1,,1,,1,5,,2,,"1,2,3",2,,"1,2",,3,,1,,"1,2",,4,,,,,,,,,,,,,,,,,,,,,,,,,,,,,,,,,,,,,,,,,,,,,,,,,,,,,,,,,,,,,,,,,,,,,,,,,,,,,,,,,,,,,,,,,,,,,,,,,,,,,,,,,,,,,,,,,,,,,,,,,,,,,,,,,,,,,,,,,,,,,,,,,,,,,,,,,,,,,,,,,,,,,,,,,,,,,,,,,,,,,,,,53644,"<span lang=""EN-GB"">Suppose you want to watch some video when you are alone at your home.<strong><o:p></o:p></strong></span>"
10/23/2018 20:29,10/23/2018 20:29,0,98.29.29.16,100,16,1,10/23/2018 20:29,R_3MbNlj4ar3dVUSW,,,,,39.64639282,-84.17169952,anonymous,EN,"2,3",,,,,,,,,,,,,,,,,,,,,,,,,,,,,,,,,,,,,,,,,,,,,,,,,,,,,,,,,,,,,,,,,,,,,,,,,,,,,,,,,,,,,,,,,,,,,,,,,,,,,,,,,,,,,,,,,,,,,,,,,,,,,,,,,,,,,,,,,,,,,,,,,,,,,,,,,,,,,,,,,,,,,,,,,,,,,,,,,,,,,,,,,,,,,,,,,,,,,,,,,,,,,,,,,,,16217,"<span lang=""EN-GB"" style=""font-size:11.0pt;line-height:115%;
font-family:&quot;Arial&quot;,sans-serif;mso-fareast-font-family:Arial;mso-ansi-language:
EN-GB;mso-fareast-language:EN-US;mso-bidi-language:AR-SA"">Suppose you want to a
send an email when you are alone at home</span>"
10/23/2018 20:33,10/23/2018 20:33,0,45.33.137.88,100,28,1,10/23/2018 20:33,R_T6OvcQ488nTsUfL,,,,,37.75100708,-97.8219986,anonymous,EN,"2,4",,,,,,,,,,,,,,,,,,,,,,,,,,,,,,,,,,,,,,,,,,,,,,,,,,,,,,,,,,,,,,,,,,,,,,,,,,,,,,,,,,,,,,,,,,,,,,,,,,,,,,,,,,,,,,,,,,,,,,,,,,,,,,,,,,,,,,,,,,,,,,,,,,,,,,,,,,,,,,,,,,,,,,,,,,,,,,,,,,,,,,,,,,,,,,,,,,,,,,,,,,,,,,,,,,,20350,"<span lang=""EN-GB"">Suppose you are at a park with some people you know (e.g., acquaintances, colleagues) when you realize that you have to immediately pay one of your bills online.<o:p></o:p></span>"
10/23/2018 20:35,10/23/2018 20:39,0,174.58.193.36,100,265,1,10/23/2018 20:39,R_2dJWXbE5LEkkdjy,,,,,28.30369568,-81.58979797,anonymous,EN,"1,2,4",3,,1,,"1,2",,1,,3,,1,"2,3",,3,,2,"2,3",,2,,"1,3",,"1,2",,"1,3",,2,,,,,,,,,,,,,,,,,,,,,,,,,,,,,,,,,,,,,,,,,,,,,,,,,,,,,,,,,,,,,,,,,,,,,,,,,,,,,,,,,,,,,,,,,,,,,,,,,,,,,,,,,,,,,,,,,,,,,,,,,,,,,,,,,,,,,,,,,,,,,,,,,,,,,,,,,,,,,,,,,,,,,,,,,,,,,,,,,,,,,,,,8920,"<span lang=""EN-GB"">Suppose
     you want to a view a text message
     when you are walking with a very close friend on a street<o:p></o:p></span>"
10/23/2018 20:36,10/23/2018 20:39,0,108.197.126.101,100,193,1,10/23/2018 20:39,R_0j53BRrR9MOnzb3,,,,,35.38659668,-119.0171051,anonymous,EN,"1,2,3",7,,1,,3,,1,,"1,3",,1,1,,3,,1,2,,2,,"1,3",,"2,3",,"1,2,3",,"1,2",,,,,,,,,,,,,,,,,,,,,,,,,,,,,,,,,,,,,,,,,,,,,,,,,,,,,,,,,,,,,,,,,,,,,,,,,,,,,,,,,,,,,,,,,,,,,,,,,,,,,,,,,,,,,,,,,,,,,,,,,,,,,,,,,,,,,,,,,,,,,,,,,,,,,,,,,,,,,,,,,,,,,,,,,,,,,,,,,,,,,,,,46983,"<span lang=""EN-GB"">Suppose you want to browse the internet when you are at home with people you know (e.g., acquaintances, colleagues).<o:p></o:p></span>"
10/23/2018 20:07,10/23/2018 20:41,0,71.176.70.228,100,2028,1,10/23/2018 20:41,R_331MOp8q1hUlDEo,,,,,43.03540039,-76.12819672,anonymous,EN,"1,2,3,4,5,6","1,2",,3,,4,,1,,1,,1,5,,5,,1,3,,"1,2",,"2,3",,"1,2",,5,,"1,2",,2,,,,,,,,,,,,,,,,,,,,,,,,,,,,,,"1,2",,1,,"3,4",,1,,1,,1,2,,2,,2,,"3,4",,"2,3",,"2,3",,"2,3",,1,,"1,2",,,,,,,,,,,,,,,,,,,,,,,,,,,,,,,,,,,,,,,,,,,,,,,,,,,,,,,,,,,,,,,,,,,,,,,,,,,,,,,,,,,,,,,,,,,,,,,,,,,,,,,,,,,,,,,,,,,,,,male,20,student,3,4,,3,38830,"<span lang=""EN-GB"">Suppose
     you want to listen to some audio when you are with your friends at
     Starbucks.<o:p></o:p></span>"
10/23/2018 20:43,10/23/2018 20:48,0,24.230.168.45,100,329,1,10/23/2018 20:48,R_3kAoQpgUUpIn5Sa,,,,,42.79510498,-96.92579651,anonymous,EN,"1,2,4","2,5",,1,,1,,1,,1,,1,1,,2,,1,2,,2,,3,,2,,1,,2,,2,,,,,,,,,,,,,,,,,,,,,,,,,,,,,,5,,1,,1,,1,,1,,3,1,,5,,5,,6,,3,,5,,3,,5,,4,,,,,,,,,,,,,,,,,,,,,,,,,,,,,,,,,,,,,,,,,,,,,,,,,,,,,,,,,,,,,,,,,,,,,,,,,,,,,,,,,,,,,,,,,,,,,,,,,,,,,,,,,,,,,,,,,,,,,,male,35,counselor,5,1,,2,25076,"<span lang=""EN-GB"" style=""font-size:11.0pt;line-height:115%;
font-family:&quot;Arial&quot;,sans-serif;mso-fareast-font-family:Arial;mso-ansi-language:
EN-GB;mso-fareast-language:EN-US;mso-bidi-language:AR-SA"">Suppose you want to a
send a text message when you are alone at Starbucks.</span>"
10/23/2018 20:41,10/23/2018 20:49,0,32.210.220.213,100,460,1,10/23/2018 20:49,R_2S0iHu3tqSOEcH5,,,,,41.7776947,-72.5243988,anonymous,EN,"1,2,3,5","2,3,4",,"1,3",,"1,2,3,4",,1,,"1,2,3",,"1,2","1,2,3",,"1,2,3",,"1,2,3","2,3",,"1,2",,"3,4",,"1,2",,"1,4",Better air flow ,"1,2",,,,,,,,,,,,,,,,,,,,,,,,,,,,,,,,,,,,,,,,,,,,,,,,,,,,,,,,,,,,,,,,,,,,,,,,,,,,,,,,,,,,,,,,,,,,,,,,,,,,,,,,,,,,,,,,,,,,,,,,,,,,,,,,,,,,,,,,,,,,,,,,,,,,,,,,,,,,,,,,,,,,,,,,,,,,,,,,,,,,,,,,98132,"<span lang=""EN-GB"">Suppose
     you want to set up a reminder when you are alone at your home.<strong><o:p></o:p></strong></span>"
10/23/2018 20:27,10/23/2018 20:49,0,8.29.120.38,100,1311,1,10/23/2018 20:49,R_2B5UUiEH7NMCPkH,,,,,29.74090576,-95.39230347,anonymous,EN,"1,2,3,4,5,6","2,3,5",,"1,2",,"1,2,3,4",,1,,1,,"2,3","1,2,3",,2,,"2,3","1,2,3",,"1,2",,"2,3",,"1,2",,"1,2",,2,,1,"2,3,5",,"1,2",,"1,2,3",,1,,1,,"2,3","1,2,3",,2,,2,,"1,2,3",,"1,3",,"1,2",,"1,3",,"1,2",,"1,2",,,,,,,,,,,,,,,,,,,,,,,,,,,,,,,,,,,,,,,,,,,,,,,,,,,,,,,,,,,,,,,,,,,,,,,,,,,,,,,,,,,,,,,,,,,,,,,,,,,,,,,,,,,,,,,,,,,,,,,,,,,,,,,,,,,,,,,,,,,,,,,,,,,Male,28,Supervisor ,5,1,,4,22971,"<span lang=""EN-GB"">Suppose it is a regular working day, you want to track the total amount of calories&nbsp;</span>you consume and burn off during the day.&nbsp;"
10/23/2018 20:43,10/23/2018 20:51,0,75.121.132.47,100,509,1,10/23/2018 20:51,R_3n0o9AeXsC0pQi6,,,,,36.66900635,-93.24810028,anonymous,EN,"1,2,6",2,,5,,1,,3,,1,,2,3,,5,,2,2,,2,,6,,2,,1,,2,,2,,,,,,,,,,,,,,,,,,,,,,,,,,,,,,2,,5,,1,,3,,1,,2,3,,5,,5,,2,,6,,2,,6,,1,,2,,,,,,,,,,,,,,,,,,,,,,,,,,,,,,,,,,,,,,,,,,,,,,,,,,,,,,,,,,,,,,,,,,,,,,,,,,,,,,,,,,,,,,,,,,,,,,,,,,,,,,,,,,,,,,,,,,,,,,female,50,manager,5,1,,3,24678,"<span lang=""EN-GB"">Suppose
     you are at a park and you realize today is the last day to pay one of your
     bills online.<o:p></o:p></span>"
10/23/2018 20:44,10/23/2018 20:55,0,71.176.70.228,100,689,1,10/23/2018 20:55,R_2PyPWjYAD2TwQLW,,,,,43.03540039,-76.12819672,anonymous,EN,"1,2,3,4,5,6","1,2,5",,1,,"2,3",,1,,1,,1,5,,2,,1,3,,"1,2",,"2,3",,"1,2",,5,,"1,2",,4,,,,,,,,,,,,,,,,,,,,,,,,,,,,,,,,,,,,,,,,,,,,,,,,,,,,,,,,,,,,,,,,,,,,,,,,,,,,,,,,,,,,,,,,"2,5",,1,,"3,4",,1,,1,,1,5,,2,,2,,"2,3",,"2,3",,"1,2",,"2,3",,1,,"1,2",,,,,,,,,,,,,,,,,,,,,,,,,,,,,,,,,,,,,,,,,,,,,,,,,,,,,,,,,,,,female,37,home maker,3,3,,3,38605,"<span lang=""EN-GB"">Suppose
     you want to watch&nbsp; some video when
     you are with people you know (e.g., acquaintances, colleagues) at
     Starbucks<o:p></o:p></span>"
10/23/2018 20:56,10/23/2018 20:57,0,104.231.99.74,100,41,1,10/23/2018 20:57,R_12nFMJsvSRoRcMP,,,,,41.6894989,-81.34210205,anonymous,EN,"1,2",,,,,,,,,,,,,,,,,,,,,,,,,,,,,,,,,,,,,,,,,,,,,,,,,,,,,,,,,,,,,,,,,,,,,,,,,,,,,,,,,,,,,,,,,,,,,,,,,,,,,,,,,,,,,,,,,,,,,,,,,,,,,,,,,,,,,,,,,,,,,,,,,,,,,,,,,,,,,,,,,,,,,,,,,,,,,,,,,,,,,,,,,,,,,,,,,,,,,,,,,,,,,,,,,,,92360,"<span lang=""EN-GB"">Suppose you want to browse the internet when you are alone at a restaurant.<o:p></o:p></span>"
10/23/2018 20:58,10/23/2018 21:01,0,108.88.175.151,100,163,1,10/23/2018 21:01,R_21u3j799S62QG9o,,,,,42.53399658,-83.52850342,anonymous,EN,"2,3,4",4,,5,,3,,3,,1,,"2,3",3,,5,,3,1,,1,,3,,1,,1,,4,,,,,,,,,,,,,,,,,,,,,,,,,,,,,,,,,,,,,,,,,,,,,,,,,,,,,,,,,,,,,,,,,,,,,,,,,,,,,,,,,,,,,,,,,,,,,,,,,,,,,,,,,,,,,,,,,,,,,,,,,,,,,,,,,,,,,,,,,,,,,,,,,,,,,,,,,,,,,,,,,,,,,,,,,,,,,,,,,,,,,,,,32678,"<span lang=""EN-GB"">Suppose
     you are at home with some people you know (e.g., acquaintances,
     colleagues) when you realize today is the last day to pay one of your
     bills online.<o:p></o:p></span>"
10/23/2018 20:55,10/23/2018 21:05,0,174.50.136.109,100,571,1,10/23/2018 21:05,R_0q5SZ0YceOdFVQt,,,,,38.66259766,-121.4833984,anonymous,EN,"1,2,3,4","2,4",,1,,2,,1,,1,,1,2,,2,,1,3,,2,,6,,2,,3,,2,,2,,,,,,,,,,,,,,,,,,,,,,,,,,,,,,2,,1,,"1,2",,1,,1,,2,"1,2",,2,,3,,2,,"1,4",,2,,4,,3,,2,,,,,,,,,,,,,,,,,,,,,,,,,,,,,,,,,,,,,,,,,,,,,,,,,,,,,,,,,,,,,,,,,,,,,,,,,,,,,,,,,,,,,,,,,,,,,,,,,,,,,,,,,,,,,,,,,,,,,,,,,,,,,23771,"<span lang=""EN-GB"">Suppose
     you want to a send an email when you are with a very close friend at a
     restaurant&nbsp;<o:p></o:p></span>"
10/23/2018 21:06,10/23/2018 21:09,0,75.66.166.143,100,170,1,10/23/2018 21:09,R_2VkYmUFRelSdbE7,,,,,35.05509949,-89.67669678,anonymous,EN,"4,5,6","3,4",,"1,2",,"2,3",,1,,"2,3",,"2,3","2,3",,"2,3",,"2,3","2,4",,"2,3",,"2,3",,"2,3",,"2,3",,"1,2",,6,,,,,,,,,,,,,,,,,,,,,,,,,,,,,,,,,,,,,,,,,,,,,,,,,,,,,,,,,,,,,,,,,,,,,,,,,,,,,,,,,,,,,,,,,,,,,,,,,,,,,,,,,,,,,,,,,,,,,,,,,,,,,,,,,,,,,,,,,,,,,,,,,,"3,4",,"2,3",,"2,3",,1,,"2,3",,"2,3","1,2",,"2,3",,"2,3",,"2,3",,"2,3",,"1,2",,"2,3",,2,,2,,female,25,Software Engineer,6,5,,5,89092,"<span lang=""EN-GB"">Suppose
     you want to purchase something online when you are alone at a park.<o:p></o:p></span>"
10/23/2018 21:05,10/23/2018 21:11,0,172.58.45.153,100,385,1,10/23/2018 21:11,R_2xDe09ryEmI7HBr,,,,,45.50779724,-122.6896973,anonymous,EN,"1,2,3,5","2,3,4",,1,,"1,2",,1,,1,,1,3,,"1,2",,1,2,,"1,2",,"1,2",,"1,2",,"1,2,3",,"1,2",,2,,,,,,,,,,,,,,,,,,,,,,,,,,,,,,"2,3",,1,,"1,2",,1,,1,,2,"1,2",,2,,2,,2,,"2,3",,1,,3,,1,,"1,2",,,,,,,,,,,,,,,,,,,,,,,,,,,,,,,,,,,,,,,,,,,,,,,,,,,,,,,,,,,,,,,,,,,,,,,,,,,,,,,,,,,,,,,,,,,,,,,,,,,,,,,,,,,,,,,,,,,,,,,,,,,,,52762,"<span lang=""EN-GB"">Suppose you have planned to meet a friend next week and you want to put this on your calendar when you are with a very close friend at a park.&nbsp;<o:p></o:p></span>"
10/23/2018 21:11,10/23/2018 21:16,0,108.205.148.100,100,266,1,10/23/2018 21:16,R_9N6bFkAh3Z3LxqV,,,,,37.21170044,-93.2990036,anonymous,EN,"1,2,4",2,,"1,2,3",,"1,2,3",,1,,3,,2,"1,2",,"1,2,3",,2,2,,"1,2,3",,"1,2,3,4",,2,,1,,"1,2",,,,,,,,,,,,,,,,,,,,,,,,,,,,,,,,,,,,,,,,,,,,,,,,,,,,,,,,,,,,,,,,,,,,,,,,,,,,,,,,,,,,,,,,,,,,,,,,,,,,,,,,,,,,,,,,,,,,,,,,,,,,,,,,,,,,,,,,,,,,,,,,,,,,,,,,,,,,,,,,,,,,,,,,,,,,,,,,,,,,,,,,50516,"Suppose you are alone at home, you want to take a break from studying/working&nbsp;<p>so you decide to play a video game with some with some people you know (e.g., acquaintances, colleagues).<o:p></o:p></p>"
10/23/2018 20:59,10/23/2018 21:17,0,174.255.150.158,100,1053,1,10/23/2018 21:17,R_27sccaMLM2eEZvv,,,,,37.75100708,-97.8219986,anonymous,EN,"1,2,3,4,5","1,3",,1,,"1,2,3",,1,,3,,2,"1,2,3",,1,,2,"1,4",,"1,2",,"1,6",,"1,2",,1,,2,,2,,,,,,,,,,,,,,,,,,,,,,,,,,,,,,"1,2",,3,,"1,2",,1,,1,,2,1,,"1,2",,1,,"1,3",,1,,1,,"1,2",,1,,2,,,,,,,,,,,,,,,,,,,,,,,,,,,,,,,,,,,,,,,,,,,,,,,,,,,,,,,,,,,,,,,,,,,,,,,,,,,,,,,,,,,,,,,,,,,,,,,,,,,,,,,,,,,,,,,,,,,,,,,,,,,,,13701,"<span lang=""EN-GB"">Suppose you want to call your mother for sharing an important
     update about your life&nbsp; when you
     with people you know (e.g., acquaintances, colleagues) at a park<o:p></o:p></span>"
10/23/2018 21:12,10/23/2018 21:17,0,73.163.132.131,100,262,1,10/23/2018 21:17,R_1NgFjxk1sk2aEox,,,,,38.95239258,-76.49099731,anonymous,EN,"1,2,4,5",1,,1,,1,,1,,1,,4,3,,5,,4,6,,5,,7,,5,,1,,4,,2,,,,,,,,,,,,,,,,,,,,,,,,,,,,,,"1,2",,1,,2,,1,,1,,1,3,,5,,5,,6,,7,,5,,3,,1,,4,,,,,,,,,,,,,,,,,,,,,,,,,,,,,,,,,,,,,,,,,,,,,,,,,,,,,,,,,,,,,,,,,,,,,,,,,,,,,,,,,,,,,,,,,,,,,,,,,,,,,,,,,,,,,,,,,,,,,,,,,,,,,17967,"<span id=""docs-internal-guid-5a7e3441-7fff-9d1f-10e6-454a1d940975""><span style=""font-size: 11pt; font-family: Arial; color: rgb(0, 0, 0); background-color: transparent; font-variant-numeric: normal; font-variant-east-asian: normal; vertical-align: baseline; white-space: pre-wrap;"">Suppose you want to call your mother for sharing an important update about your life &nbsp;when you are alone at home</span><br> <br><br></span>"
10/23/2018 21:24,10/23/2018 21:25,0,70.173.132.252,100,18,1,10/23/2018 21:25,R_2xPIbEMqZgXqOMe,,,,,36.21800232,-115.1708984,anonymous,EN,"1,2",,,,,,,,,,,,,,,,,,,,,,,,,,,,,,,,,,,,,,,,,,,,,,,,,,,,,,,,,,,,,,,,,,,,,,,,,,,,,,,,,,,,,,,,,,,,,,,,,,,,,,,,,,,,,,,,,,,,,,,,,,,,,,,,,,,,,,,,,,,,,,,,,,,,,,,,,,,,,,,,,,,,,,,,,,,,,,,,,,,,,,,,,,,,,,,,,,,,,,,,,,,,,,,,,,,39995,"<span lang=""EN-GB"">Suppose
     you want to read a digital document when you are at home with people you
     are close to (e.g., friends, family members).<strong><o:p></o:p></strong></span>"
10/23/2018 21:27,10/23/2018 21:28,0,196.17.65.106,100,80,1,10/23/2018 21:28,R_2dzjvqd57i21o6C,,,,,34.05439758,-118.2440033,anonymous,EN,2,,,,,,,,,,,,,,,,,,,,,,,,,,,,,,,,,,,,,,,,,,,,,,,,,,,,,,,,,,,,,,,,,,,,,,,,,,,,,,,,,,,,,,,,,,,,,,,,,,,,,,,,,,,,,,,,,,,,,,,,,,,,,,,,,,,,,,,,,,,,,,,,,,,,,,,,,,,,,,,,,,,,,,,,,,,,,,,,,,,,,,,,,,,,,,,,,,,,,,,,,,,,,,,,,,,76728,"<span lang=""EN-GB"">Suppose
     you want to watch some video when you are with people you know (e.g.,
     acquaintances, colleagues) in a park.<o:p></o:p></span>"
10/23/2018 21:28,10/23/2018 21:30,0,196.17.65.106,100,108,1,10/23/2018 21:30,R_2ahQe75XAxQeMT1,,,,,34.05439758,-118.2440033,anonymous,EN,1,,,,,,,,,,,,,,,,,,,,,,,,,,,,,,,,,,,,,,,,,,,,,,,,,,,,,,,,,,,,,,,,,,,,,,,,,,,,,,,,,,,,,,,,,,,,,,,,,,,,,,,,,,,,,,,,,,,,,,,,,,,,,,,,,,,,,,,,,,,,,,,,,,,,,,,,,,,,,,,,,,,,,,,,,,,,,,,,,,,,,,,,,,,,,,,,,,,,,,,,,,,,,,,,,,,50652,"<span lang=""EN-GB"">Suppose you want to listen to some audio when you are alone in a park.<o:p></o:p></span>"
10/23/2018 21:24,10/23/2018 21:38,0,172.58.56.192,100,821,1,10/23/2018 21:38,R_1GJI3nRdmm78S3N,,,,,39.73919678,-104.9847031,anonymous,EN,"1,2,6","2,3,5",,1,,3,,1,,1,,2,3,,2,,2,2,,2,,"1,6",,2,,5,,2,,2,,,,,,,,,,,,,,,,,,,,,,,,,,,,,,"2,5",,5,,1,,1,,1,,"2,3","1,2",,2,,2,,1,,"1,3,4",,2,,"1,3,4",,5,,2,,,,,,,,,,,,,,,,,,,,,,,,,,,,,,,,,,,,,,,,,,,,,,,,,,,,,,,,,,,,,,,,,,,,,,,,,,,,,,,,,,,,,,,,,,,,,,,,,,,,,,,,,,,,,,,,,,,,,,Female,32,Star at home mom,5,4,,3,53402,"<span lang=""EN-GB"">Suppose
     you want to set up a reminder about something when you are with people you
     know (e.g., acquaintances, colleagues) at Starbucks.<o:p></o:p></span>"
10/23/2018 21:38,10/23/2018 21:39,0,72.225.57.176,100,14,1,10/23/2018 21:39,R_2doviwBJl6ukrX3,,,,,43.15010071,-77.58899689,anonymous,EN,3,,,,,,,,,,,,,,,,,,,,,,,,,,,,,,,,,,,,,,,,,,,,,,,,,,,,,,,,,,,,,,,,,,,,,,,,,,,,,,,,,,,,,,,,,,,,,,,,,,,,,,,,,,,,,,,,,,,,,,,,,,,,,,,,,,,,,,,,,,,,,,,,,,,,,,,,,,,,,,,,,,,,,,,,,,,,,,,,,,,,,,,,,,,,,,,,,,,,,,,,,,,,,,,,,,,51181,"<span lang=""EN-GB"">Suppose
     you want to set up a reminder when you are at a park by yourself.<o:p></o:p></span>"
10/23/2018 21:39,10/23/2018 21:40,0,72.225.57.176,100,67,1,10/23/2018 21:40,R_10J00ublLAXicjt,,,,,43.15010071,-77.58899689,anonymous,EN,"2,5,6","2,4",,3,,4,,1,,1,,3,2,,3,,1,4,,1,,1,,1,,2,,2,,,,,,,,,,,,,,,,,,,,,,,,,,,,,,,,,,,,,,,,,,,,,,,,,,,,,,,,,,,,,,,,,,,,,,,,,,,,,,,,,,,,,,,,,,,,,,,,,,,,,,,,,,,,,,,,,,,,,,,,,,,,,,,,,,,,,,,,,,,,,,,,,,,,,,,,,,,,,,,,,,,,,,,,,,,,,,,,,,,,,,,,97594,"<span lang=""EN-GB"">Suppose
     you want to purchase something online when you are with people you know
     (e.g., acquaintances, colleagues) at your home.<o:p></o:p></span>"
10/23/2018 21:45,10/23/2018 21:53,0,71.176.70.228,100,478,1,10/23/2018 21:53,R_ApzhneDyhlH9hW9,,,,,43.03540039,-76.12819672,anonymous,EN,"1,2,3,4,5,6","2,5",,1,,"2,3",,1,,1,,4,5,,5,,4,"1,2,3",,"1,2",,"2,3",,"1,2",,5,,4,,4,,,,,,,,,,,,,,,,,,,,,,,,,,,,,,,,,,,,,,,,,,,,,,,,,,,,,,,,,,,,,,,,,,,,,,,,,,,,,,,,,,,,,,,,"2,4,5",,1,,"1,2,3",,3,,1,,3,5,,5,,5,,3,,3,,"1,2",,3,,3,,4,,,,,,,,,,,,,,,,,,,,,,,,,,,,,,,,,,,,,,,,,,,,,,,,,,,,,,,,,,,,female,40,home maker,3,4,,3,34523,"<span lang=""EN-GB"">Suppose
     you want to purchase something online when you are alone at Starbucks.<o:p></o:p></span>"
10/23/2018 21:55,10/23/2018 21:56,0,23.88.172.215,100,67,1,10/23/2018 21:56,R_1pXqoNe7FkpeIYU,,,,,41.82400513,-71.41280365,anonymous,EN,"1,2,3,5,6","1,2,3,4",,"1,2",,"2,3,4",,1,,"2,3,4",,"2,3","1,2",,"2,3",,"1,2,3","2,3",,"1,2",,"1,2,3",,"1,2,3",,"1,2",,"1,2",,,,,,,,,,,,,,,,,,,,,,,,,,,,,,,,,,,,,,,,,,,,,,,,,,,,,,,,,,,,,,,,,,,,,,,,,,,,,,,,,,,,,,,,,,,,,,,,,,,,,,,,,,,,,,,,,,,,,,,,,,,,,,,,,,,,,,,,,,,,,,,,,,,,,,,,,,,,,,,,,,,,,,,,,,,,,,,,,,,,,,,,28763,"<span lang=""EN-GB"" style=""font-size:11.0pt;line-height:115%;
font-family:&quot;Arial&quot;,sans-serif;mso-fareast-font-family:Arial;mso-ansi-language:
EN-GB;mso-fareast-language:EN-US;mso-bidi-language:AR-SA"">Suppose you want to
take a click a photo when you are at Starbucks.</span>"
10/23/2018 21:57,10/23/2018 22:03,0,122.174.117.82,100,330,1,10/23/2018 22:03,R_1GJNlGL9A09UpTc,,,,,13.08329773,80.28329468,anonymous,EN,"1,2,3","2,5",,"1,3",,"1,3",,1,,"3,4",,"2,3","1,2",,"2,3",,"2,3","1,2",,"1,2",,"1,3",,"2,3",,5,,2,,,,,,,,,,,,,,,,,,,,,,,,,,,,,,,,,,,,,,,,,,,,,,,,,,,,,,,,,,,,,,,,,,,,,,,,,,,,,,,,,,,,,,,,,,,,,,,,,,,,,,,,,,,,,,,,,,,,,,,,,,,,,,,,,,,,,,,,,,,,,,,,,,,,,,,,,,,,,,,,,,,,,,,,,,,,,,,,,,,,,,,,70928,"<span lang=""EN-GB"">Suppose
     you want to a view a text message when you are with a very close friend at
     a restaurant&nbsp;<o:p></o:p></span>"
10/23/2018 22:06,10/23/2018 22:09,0,71.176.70.228,100,165,1,10/23/2018 22:09,R_BModiGHDdVnRB1D,,,,,43.03540039,-76.12819672,anonymous,EN,"1,2,3,4,5,6",1,,5,,"2,4",,3,,"2,3",,1,5,,1,,1,4,,3,,"2,4",,3,,5,,4,,5,,,,,,,,,,,,,,,,,,,,,,,,,,,,,,,,,,,,,,,,,,,,,,,,,,,,,,,,,,,,,,,,,,,,,,,,,,,,,,,,,,,,,,,,,,,,,,,,,,,,,,,,,,,,,,,,,,,,,1,,5,,"2,4",,3,,"2,3,4",,"1,2",5,,"1,2,3",,"1,3",,4,,"2,4",,3,,"2,4",,5,,4,,,,,,,,,,,,,,,,,,,,,,,,,,,,,,,,,,,,,,99465,"<span lang=""EN-GB"">Suppose you want to find a route to a coffee shop when you are
     at home </span><span lang=""EN-GB"">with
     people you are close to (e.g., friends, family members)</span><strong><span lang=""EN-GB""><o:p></o:p></span></strong>"
10/23/2018 22:12,10/23/2018 22:12,0,198.134.125.76,100,9,1,10/23/2018 22:12,R_1pSYA3ejsoKBFd7,,,,,34.05839539,-118.2779999,anonymous,EN,1,,,,,,,,,,,,,,,,,,,,,,,,,,,,,,,,,,,,,,,,,,,,,,,,,,,,,,,,,,,,,,,,,,,,,,,,,,,,,,,,,,,,,,,,,,,,,,,,,,,,,,,,,,,,,,,,,,,,,,,,,,,,,,,,,,,,,,,,,,,,,,,,,,,,,,,,,,,,,,,,,,,,,,,,,,,,,,,,,,,,,,,,,,,,,,,,,,,,,,,,,,,,,,,,,,,30886,"<span lang=""EN-GB"">Suppose
     you want to listen to some audio when you with people you know (e.g.,
     acquaintances, colleagues) at Starbucks<o:p></o:p></span>"
10/23/2018 22:12,10/23/2018 22:13,0,196.111.145.137,100,23,1,10/23/2018 22:13,R_3mjCYeR2uZiXpux,,,,,1,38,anonymous,EN,1,,,,,,,,,,,,,,,,,,,,,,,,,,,,,,,,,,,,,,,,,,,,,,,,,,,,,,,,,,,,,,,,,,,,,,,,,,,,,,,,,,,,,,,,,,,,,,,,,,,,,,,,,,,,,,,,,,,,,,,,,,,,,,,,,,,,,,,,,,,,,,,,,,,,,,,,,,,,,,,,,,,,,,,,,,,,,,,,,,,,,,,,,,,,,,,,,,,,,,,,,,,,,,,,,,,50844,"Suppose you want to purchase something (e.g., book,
     household items) online when you are with people
     you know (e.g., acquaintances, colleagues) at
     Starbucks.<o:p></o:p>"
10/23/2018 22:12,10/23/2018 22:13,0,172.90.153.239,100,36,1,10/23/2018 22:13,R_3qycN6wIxgRKRMz,,,,,34.11320496,-117.3771057,anonymous,EN,"1,2",,,,,,,,,,,,,,,,,,,,,,,,,,,,,,,,,,,,,,,,,,,,,,,,,,,,,,,,,,,,,,,,,,,,,,,,,,,,,,,,,,,,,,,,,,,,,,,,,,,,,,,,,,,,,,,,,,,,,,,,,,,,,,,,,,,,,,,,,,,,,,,,,,,,,,,,,,,,,,,,,,,,,,,,,,,,,,,,,,,,,,,,,,,,,,,,,,,,,,,,,,,,,,,,,,,87062,"<span style=""color: rgb(0, 0, 0); font-family: Times; font-size: medium;"">Suppose you want to watch some video when you are with people you know (e.g., acquaintances, colleagues) at Starbucks</span>"
10/23/2018 22:13,10/23/2018 22:14,0,196.111.145.137,100,45,1,10/23/2018 22:14,R_3OiCti7i9Ii0mCG,,,,,1,38,anonymous,EN,5,,,,,,,,,,,,,,,,,,,,,,,,,,,,,,,,,,,,,,,,,,,,,,,,,,,,,,,,,,,,,,,,,,,,,,,,,,,,,,,,,,,,,,,,,,,,,,,,,,,,,,,,,,,,,,,,,,,,,,,,,,,,,,,,,,,,,,,,,,,,,,,,,,,,,,,,,,,,,,,,,,,,,,,,,,,,,,,,,,,,,,,,,,,,,,,,,,,,,,,,,,,,,,,,,,,73724,"<span lang=""EN-GB"">Suppose
     you are at starbucks and you realize today is the last day to pay one of
     your bills online.<o:p></o:p></span>"
10/23/2018 22:14,10/23/2018 22:15,0,196.111.145.137,100,51,1,10/23/2018 22:15,R_2WSiw4yWodNuhY8,,,,,1,38,anonymous,EN,2,,,,,,,,,,,,,,,,,,,,,,,,,,,,,,,,,,,,,,,,,,,,,,,,,,,,,,,,,,,,,,,,,,,,,,,,,,,,,,,,,,,,,,,,,,,,,,,,,,,,,,,,,,,,,,,,,,,,,,,,,,,,,,,,,,,,,,,,,,,,,,,,,,,,,,,,,,,,,,,,,,,,,,,,,,,,,,,,,,,,,,,,,,,,,,,,,,,,,,,,,,,,,,,,,,,35623,"<span lang=""EN-GB"">Suppose you want to take a click a photo when you with </span><span lang=""EN-GB"">some people you know (e.g.,
     acquaintances, colleagues)</span><span lang=""EN-GB""> at home<o:p></o:p></span>"
10/23/2018 22:15,10/23/2018 22:15,0,196.111.145.137,100,25,1,10/23/2018 22:15,R_1Io93XWTkE3VBts,,,,,1,38,anonymous,EN,3,,,,,,,,,,,,,,,,,,,,,,,,,,,,,,,,,,,,,,,,,,,,,,,,,,,,,,,,,,,,,,,,,,,,,,,,,,,,,,,,,,,,,,,,,,,,,,,,,,,,,,,,,,,,,,,,,,,,,,,,,,,,,,,,,,,,,,,,,,,,,,,,,,,,,,,,,,,,,,,,,,,,,,,,,,,,,,,,,,,,,,,,,,,,,,,,,,,,,,,,,,,,,,,,,,,12266,"<span lang=""EN-GB"">Suppose you want to find a route to home while walking on a street with people you know (e.g., acquaintances, colleagues).<o:p></o:p></span>"
10/23/2018 22:11,10/23/2018 22:15,0,65.34.112.177,100,247,1,10/23/2018 22:15,R_1n177CvKejSamZ6,,,,,30.61430359,-87.32510376,anonymous,EN,"1,2,4,6","1,2,3,4,5",,2,,"1,2,3,4",,1,,1,,"2,3","2,3",,"1,2,3",,"2,3","2,3,4",,"1,2",,"2,3,4",,"2,3",,"2,3",,"1,2",,,,,,,,,,,,,,,,,,,,,,,,,,,,,,,,,,,,,,,,,,,,,,,,,,,,,,,,,,,,,,,,,,,,,,,,,,,,,,,,,,,,,,,,,,,,,,,,,,,,,,,,,,,,,,,,,,,,,,,,,,,,,,,,,,,,,,,,,,,,,,,,,,,,,,,,,,,,,,,,,,,,,,,,,,,,,,,,,,,,,,,,41564,"<span lang=""EN-GB"">Suppose
     you want to call your mother for sharing an important update about your
     life yourself when you are with a very close friend at a park.&nbsp;<o:p></o:p></span>"
10/23/2018 22:11,10/23/2018 22:16,0,206.130.52.2,100,350,1,10/23/2018 22:16,R_sBgjbthqJq0vfJT,,,,,34.25379944,-88.72090149,anonymous,EN,"1,2,4,6",2,,1,,1,,1,,1,,4,"1,2",,"1,2,3",,2,"1,2,3",,"1,2",,"1,4",,"1,2",,1,,2,,,,,,,,,,,,,,,,,,,,,,,,,,,,,,,,,,,,,,,,,,,,,,,,,,,,,,,,,,,,,,,,,,,,,,,,,,,,,,,,,,,,,,,,,,,,,,,,,,,,,,,,,,,,,,,,,,,,,,,,,,,,,,,,,,,,,,,,,,,,,,,,,,,,,,,,,,,,,,,,,,,,,,,,,,,,,,,,,,,,,,,,20824,"<span lang=""EN-GB"">Suppose you are alone at home when you realize today is the last day to pay one of your bills online.<o:p></o:p></span>"
10/23/2018 22:17,10/23/2018 22:17,0,67.149.245.114,100,6,1,10/23/2018 22:17,R_3KCngb4FL8WZWjA,,,,,42.2940979,-83.25360107,anonymous,EN,3,,,,,,,,,,,,,,,,,,,,,,,,,,,,,,,,,,,,,,,,,,,,,,,,,,,,,,,,,,,,,,,,,,,,,,,,,,,,,,,,,,,,,,,,,,,,,,,,,,,,,,,,,,,,,,,,,,,,,,,,,,,,,,,,,,,,,,,,,,,,,,,,,,,,,,,,,,,,,,,,,,,,,,,,,,,,,,,,,,,,,,,,,,,,,,,,,,,,,,,,,,,,,,,,,,,16727,"<span lang=""EN-GB"">Suppose
     you want to purchase something (e.g., book, household items) online when
     you are with your close friends at a park.<o:p></o:p></span>"
10/23/2018 22:15,10/23/2018 22:17,0,196.111.145.137,100,117,1,10/23/2018 22:17,R_BRqa9N3NoQRn4YN,,,,,1,38,anonymous,EN,"1,2,3,4,5,6",2,,1,,3,,1,,3,,"1,2",2,,1,,2,3,,1,,1,,2,,1,,1,,,,,,,,,,,,,,,,,,,,,,,,,,,,,,,,,,,,,,,,,,,,,,,,,,,,,,,,,,,,,,,,,,,,,,,,,,,,,,,,,,,,,,,,,,,,,,,,,,,,,,,,,,,,,,,,,,,,,,,,,,,,,,,,,,,,,,,,,,,,,,,,,,,,,,,,,,,,,,,,,,,,,,,,,,,,,,,,,,,,,,,,843,"<span lang=""EN-GB"">Suppose
     you want to a view a text message when you are alone at Starbucks.<o:p></o:p></span>"
10/23/2018 22:08,10/23/2018 22:18,0,98.148.90.122,100,610,1,10/23/2018 22:18,R_yR9kXkYLqsDv0id,,,,,34.1072998,-118.2266006,anonymous,EN,"1,2,3,4",2,,5,,"1,2,3",,1,,1,,"2,3",3,,5,,"2,3",2,,2,,6,,2,,"1,2",,4,,2,,,,,,,,,,,,,,,,,,,,,,,,,,,,,,"1,2",,5,,"1,2,3,4",,1,,"2,3",,3,3,,"1,3",,1,,2,,"2,3",,2,,"2,3",,"1,2",,4,,,,,,,,,,,,,,,,,,,,,,,,,,,,,,,,,,,,,,,,,,,,,,,,,,,,,,,,,,,,,,,,,,,,,,,,,,,,,,,,,,,,,,,,,,,,,,,,,,,,,,,,,,,,,,,,,,,,,,,,,,,,,22016,"<span lang=""EN-GB"">Suppose
     you want to find a route to home when you are at Starbucks with people you
     know (e.g., acquaintances, colleagues).<o:p></o:p></span>"
10/23/2018 22:20,10/23/2018 22:21,0,63.152.90.173,100,15,1,10/23/2018 22:21,R_2ASvraOZcuXvIPR,,,,,41.69369507,-91.59059906,anonymous,EN,"2,4",,,,,,,,,,,,,,,,,,,,,,,,,,,,,,,,,,,,,,,,,,,,,,,,,,,,,,,,,,,,,,,,,,,,,,,,,,,,,,,,,,,,,,,,,,,,,,,,,,,,,,,,,,,,,,,,,,,,,,,,,,,,,,,,,,,,,,,,,,,,,,,,,,,,,,,,,,,,,,,,,,,,,,,,,,,,,,,,,,,,,,,,,,,,,,,,,,,,,,,,,,,,,,,,,,,74428,"<span lang=""EN-GB"">Suppose
     you want to call your mother for sharing an important update about your
     life&nbsp; when you are alone at a park<o:p></o:p></span>"
10/23/2018 22:20,10/23/2018 22:21,0,66.87.134.247,100,49,1,10/23/2018 22:21,R_3qgS4ZDy8EYh1YZ,,,,,38.60929871,-121.4443054,anonymous,EN,"1,2,3,4",1,,2,,1,,3,,3,,3,2,,2,,1,4,,1,,7,,1,,2,,4,,,,,,,,,,,,,,,,,,,,,,,,,,,,,,,,,,,,,,,,,,,,,,,,,,,,,,,,,,,,,,,,,,,,,,,,,,,,,,,,,,,,,,,,,,,,,,,,,,,,,,,,,,,,,,,,,,,,,,,,,,,,,,,,,,,,,,,,,,,,,,,,,,,,,,,,,,,,,,,,,,,,,,,,,,,,,,,,,,,,,,,,49337,"<span lang=""EN-GB"">Suppose
     you want to a view a text message when you are surrounded by people you
     know (e.g., acquaintances, colleagues) at a restaurant.<o:p></o:p></span>"
10/23/2018 22:23,10/23/2018 22:27,0,104.200.37.120,100,229,1,10/23/2018 22:27,R_3kciE0QT5KB3noF,,,,,35.66650391,-97.4654007,anonymous,EN,"1,2,3,4,6","2,3,4",,"1,2,3",,"2,3,4",,3,,"1,2,3,4",,"2,3","1,2,3",,"1,3",,"2,3","1,2,3,4",,"1,2,3",,"2,3,4",,"1,2,3",,"2,3",,"1,2",,"1,2,4","1,2,3,4",,"2,3",,"2,3,4",,1,,"2,3",,"2,3","2,3",,"2,3",,"2,3",,"2,3",,"2,3",,"1,2,3",,"2,3",,"2,3",,2,,"2,3,4",,"1,2,3",,"1,2,3",,1,,"2,4",,"1,2","1,2,3",,"1,2,3",,2,,"1,2,3",,"2,3",,"1,2,3",,"2,3,4",,"1,2,3",,"1,2",,,,,,,,,,,,,,,,,,,,,,,,,,,,,,,"3,4",,"2,3",,"2,3",,1,,"2,3",,"1,2","2,3",,"2,3",,"2,3",,"2,3,4",,"2,3,4",,"2,3",,"3,4",,"2,3",,1,,,,,,,,,,,,,,,,,,,,,,,,,,,,,,,,,,,,,,,,,,,,,,,,,,,,,,,,,,,,,,,,,,,55608,"<span lang=""EN-GB"">Suppose
     you want to set up a reminder about something when you are at Starbucks by
     yourself.<o:p></o:p></span>"
10/23/2018 22:23,10/23/2018 22:29,0,96.244.94.107,100,374,1,10/23/2018 22:29,R_0ChsVwxMScwqR9L,,,,,39.41430664,-76.57610321,anonymous,EN,"1,2,4","2,4,5",,1,,"1,2",,1,,1,,"2,3",5,,2,,"1,2",3,,5,,3,,2,,"1,2",,2,,,,,,,,,,,,,,,,,,,,,,,,,,,,,,,,,,,,,,,,,,,,,,,,,,,,,,,,,,,,,,,,,,,,,,,,,,,,,,,,,,,,,,,,,,,,,,,,,,,,,,,,,,,,,,,,,,,,,,,,,,,,,,,,,,,,,,,,,,,,,,,,,,,,,,,,,,,,,,,,,,,,,,,,,,,,,,,,,,,,,,,,90476,"<span lang=""EN-GB"">Suppose
     you want to a send an email when you are surrounded by people you know
     (e.g., acquaintances, colleagues) your home.<o:p></o:p></span>"
10/23/2018 22:36,10/23/2018 22:36,0,99.8.28.198,100,37,1,10/23/2018 22:36,R_3EMP4ODTOOCgzoT,,,,,33.87969971,-117.5354004,anonymous,EN,"1,2",,,,,,,,,,,,,,,,,,,,,,,,,,,,,,,,,,,,,,,,,,,,,,,,,,,,,,,,,,,,,,,,,,,,,,,,,,,,,,,,,,,,,,,,,,,,,,,,,,,,,,,,,,,,,,,,,,,,,,,,,,,,,,,,,,,,,,,,,,,,,,,,,,,,,,,,,,,,,,,,,,,,,,,,,,,,,,,,,,,,,,,,,,,,,,,,,,,,,,,,,,,,,,,,,,,64845,"Suppose
     you want to call your mother for sharing an important update about your
     life when you are surrounded by people you
     know (e.g., acquaintances, colleagues) at a restaurant.<o:p></o:p>"
10/23/2018 22:36,10/23/2018 22:36,0,107.217.161.185,100,15,1,10/23/2018 22:36,R_2xEhW6pPK5p4Krg,,,,,30.58349609,-97.85749817,anonymous,EN,"1,2",,,,,,,,,,,,,,,,,,,,,,,,,,,,,,,,,,,,,,,,,,,,,,,,,,,,,,,,,,,,,,,,,,,,,,,,,,,,,,,,,,,,,,,,,,,,,,,,,,,,,,,,,,,,,,,,,,,,,,,,,,,,,,,,,,,,,,,,,,,,,,,,,,,,,,,,,,,,,,,,,,,,,,,,,,,,,,,,,,,,,,,,,,,,,,,,,,,,,,,,,,,,,,,,,,,84659,"Suppose you want to find a route to a coffee shop
     when you are at home with your by your colleagues<o:p></o:p>"
10/23/2018 22:30,10/23/2018 22:38,0,75.24.43.4,100,510,1,10/23/2018 22:38,R_3HHaUA5v4F9AmUE,,,,,36.75810242,-119.8112946,anonymous,EN,"1,2,4,5","1,2",,2,,"2,3,4",,1,,1,,"2,3",1,,3,,"2,3","2,4",,"2,3",,"1,2,3",,"2,3",,1,,2,,"1,2,4","2,4",,1,,"2,3",,3,,1,,"2,3",1,,2,,2,,2,,3,,1,,3,,1,,2,,2,,1,,2,,1,,1,,"2,3","1,2",,2,,2,,2,,3,,1,,3,,1,,2,,,,,,,,,,,,,,,,,,,,,,,,,,,,,,,2,,1,,2,,1,,1,,"2,3",1,,2,,2,,2,,3,,2,,3,,1,,2,,,,,,,,,,,,,,,,,,,,,,,,,,,,,,,,,,,,,,,,,,,,,,,,,,,,,,,,,,,,Female,39,Social Worker,6,1,,5,55932,"<span lang=""EN-GB"">Suppose
     you want to purchase something online when you are with your close friends
     at Starbucks.<o:p></o:p></span>"
10/23/2018 22:35,10/23/2018 22:39,0,73.217.134.109,100,270,1,10/23/2018 22:39,R_1LIrUBfETtucuP3,,,,,32.79240417,-80.10810089,anonymous,EN,"1,2,4,6","1,4",,1,,"1,2",,1,,3,,1,"1,2",,"1,2",,1,2,,1,,"1,2",,1,,1,,"1,2",,"1,2,4,6","2,3",,1,,"2,3",,1,,1,,"2,3",1,,"2,3",,"2,3",,1,,7,,1,,3,,1,,1,,"1,2",,"1,2",,"1,2",,1,,2,,"1,2",1,,1,,1,,1,,2,,1,,2,,1,,2,,,,,,,,,,,,,,,,,,,,,,,,,,,,,,,"1,3",,2,,1,,1,,"1,2",,"1,2",1,,"1,2",,1,,"1,2",,1,,1,,"1,2",,1,,"1,2",,,,,,,,,,,,,,,,,,,,,,,,,,,,,,,"1,2",,1,,2,,1,,2,,"1,2","1,2",,2,,2,,1,,"1,2",,1,,"1,2",,1,,"1,2",,,,,,,,,62914,"<span lang=""EN-GB"">Suppose you have planned to meet a friend next week and you want to&nbsp;put this on your calendar </span><span lang=""EN-GB"">when</span><span lang=""EN-GB""> you are surrounded by people you know (e.g., acquaintances, colleagues) at your home.</span><span lang=""EN-GB""><o:p></o:p></span>"
10/23/2018 22:38,10/23/2018 22:40,0,103.255.75.219,100,109,1,10/23/2018 22:40,R_1QlII4zvl73oVRg,,,,,20,77,anonymous,EN,"1,2,3,4","1,2,4",,2,,"1,2,3,4",,1,,"2,3,4",,"2,3","2,3",,"1,2,3",,"2,3","2,3,4",,"1,2,3",,"2,3,4",,"2,3",,"2,3",,"1,2",,,,,,,,,,,,,,,,,,,,,,,,,,,,,,,,,,,,,,,,,,,,,,,,,,,,,,,,,,,,,,,,,,,,,,,,,,,,,,,,,,,,,,,,,,,,,,,,,,,,,,,,,,,,,,,,,,,,,,,,,,,,,,,,,,,,,,,,,,,,,,,,,,,,,,,,,,,,,,,,,,,,,,,,,,,,,,,,,,,,,,,,16977,"<span lang=""EN-GB"">Suppose you want to browse the internet when you are with people you know (e.g., acquaintances, colleagues) at a restaurant.<o:p></o:p></span>"
10/23/2018 22:33,10/23/2018 22:42,0,108.23.143.82,100,526,1,10/23/2018 22:42,R_3itm4Nz7xAKxKu6,,,,,33.88670349,-118.1264954,anonymous,EN,"1,2,4","1,2",,"1,2",,"1,2,3,4",,1,,"2,3,4",,"2,3",2,,3,,"2,3","1,3",,2,,2,,2,,"2,3",,2,,"2,4",,,,,,,,,,,,,,,,,,,,,,,,,,,,,,2,,"1,3",,3,,1,,"2,3",,"2,3",2,,3,,"2,3",,2,,"3,4",,2,,"3,4",,2,,2,,,,,,,,,,,,,,,,,,,,,,,,,,,,,,,2,,1,,3,,1,,"2,3",,"2,3",2,,3,,"2,3",,"2,3",,"2,3",,2,,3,,2,,2,,,,,,,,,,,,,,,,,,,,,,,,,,,,,,,,,,,,,,,,,,,,,,,,,,,,,,,,,,,,,,,,,,,36646,"<span lang=""EN-GB"">Suppose you want to control some devices/appliances (e.g., smart lights) when you are at home with people you are close to (e.g., friends, family members)<strong><o:p></o:p></strong></span>"
10/21/2018 20:25,10/23/2018 22:42,0,45.50.31.113,100,181058,1,10/23/2018 22:42,R_6A85LIvNwwLUSfT,,,,,33.93310547,-117.949295,anonymous,EN,"1,2,3,4","2,3,4,5",,1,,1,,1,,1,,1,"1,2,3",,"1,2",,2,3,,"1,2",,4,,2,,"1,2,3",,2,,,,,,,,,,,,,,,,,,,,,,,,,,,,,,,,,,,,,,,,,,,,,,,,,,,,,,,,,,,,,,,,,,,,,,,,,,,,,,,,,,,,,,,,,,,,,,,,,,,,,,,,,,,,,,,,,,,,,,,,,,,,,,,,,,,,,,,,,,,,,,,,,,,,,,,,,,,,,,,,,,,,,,,,,,,,,,,,,,,,,,,,44754,"<span lang=""EN-GB"">Suppose you want to browse the internet when you are alone at a restaurant.<o:p></o:p></span>"
10/23/2018 22:19,10/23/2018 22:44,0,196.17.67.198,100,1465,1,10/23/2018 22:44,R_O8pDnT7h6xvhNhT,,,,,34.05439758,-118.2440033,anonymous,EN,"1,2,3,4,6","2,3,4,5",,1,,"1,2,3",,1,,1,,"2,3","1,2",,"2,3",,"2,3","1,2,3",,"1,2,3",,"1,2,3,4",,"1,2,3",,"1,2,3",,2,,"1,2,4","2,3,4,5",,1,,"1,2,3,4",,1,,1,,"2,3","1,2,3",,"2,3",,"2,3",,"2,3",,"1,2,3,4",,"1,2",,"1,2,3,4",,1,,"1,2",,"1,2,3,4,5",,"1,2,3",,"1,2,3,4",,1,,"1,2",,"1,2,3","1,2,3",,"1,2,3",,"1,2,3",,"2,3",,"1,2,3,4",,1,,"1,2,3,4",,"1,2",,2,,,,,,,,,,,,,,,,,,,,,,,,,,,,,,,"1,2,3",,"1,2,3",,"1,2,3,4",,1,,"1,2",,"1,2,3","1,2,3",,"1,2,3",,"1,2,3",,"1,2,3,4",,"1,2,3,4",,"1,2",,"1,2,3,4",,"1,2,3",,2,,,,,,,,,,,,,,,,,,,,,,,,,,,,,,,,,,,,,,,,,,,,,,,,,,,,,,,,,,,,male,28,system admin,5,1,,1,4523,"<span lang=""EN-GB"">Suppose
     you want to watch some video when you are alone at Starbucks.<o:p></o:p></span>"
10/23/2018 22:45,10/23/2018 22:48,0,108.17.58.160,100,200,1,10/23/2018 22:48,R_2CHBkERoYLJTY7n,,,,,42.97189331,-78.87689972,anonymous,EN,"1,2,3,4,5","1,2",,"1,2",,1,,1,,1,,1,1,,1,,1,2,,1,,"1,2",,1,,1,,1,,2,,,,,,,,,,,,,,,,,,,,,,,,,,,,,,1,,1,,"1,2",,1,,1,,1,1,,1,,1,,"2,3",,"1,2",,1,,"1,2",,1,,1,,,,,,,,,,,,,,,,,,,,,,,,,,,,,,,,,,,,,,,,,,,,,,,,,,,,,,,,,,,,,,,,,,,,,,,,,,,,,,,,,,,,,,,,,,,,,,,,,,,,,,,,,,,,,,,,,,,,,,male,35,food service,2,1,,1,14579,"<span lang=""EN-GB"">Suppose
     you want to read a digital document when you are alone at home.<strong><o:p></o:p></strong></span>"
10/23/2018 22:50,10/23/2018 22:50,0,24.251.87.43,100,14,1,10/23/2018 22:50,R_3fN0on1fHiVukhk,,,,,33.44999695,-112.2593002,anonymous,EN,1,,,,,,,,,,,,,,,,,,,,,,,,,,,,,,,,,,,,,,,,,,,,,,,,,,,,,,,,,,,,,,,,,,,,,,,,,,,,,,,,,,,,,,,,,,,,,,,,,,,,,,,,,,,,,,,,,,,,,,,,,,,,,,,,,,,,,,,,,,,,,,,,,,,,,,,,,,,,,,,,,,,,,,,,,,,,,,,,,,,,,,,,,,,,,,,,,,,,,,,,,,,,,,,,,,,41745,"<span lang=""EN-GB"">Suppose
     you want to set up a reminder when you are with people you know (e.g.,
     acquaintances, colleagues) at your home.<o:p></o:p></span>"
10/23/2018 22:53,10/23/2018 22:54,0,104.227.86.92,100,33,1,10/23/2018 22:54,R_32JHOZJva4ExxOL,,,,,34.1072998,-118.2266006,anonymous,EN,6,,,,,,,,,,,,,,,,,,,,,,,,,,,,,,,,,,,,,,,,,,,,,,,,,,,,,,,,,,,,,,,,,,,,,,,,,,,,,,,,,,,,,,,,,,,,,,,,,,,,,,,,,,,,,,,,,,,,,,,,,,,,,,,,,,,,,,,,,,,,,,,,,,,,,,,,,,,,,,,,,,,,,,,,,,,,,,,,,,,,,,,,,,,,,,,,,,,,,,,,,,,,,,,,,,,54924,"<span lang=""EN-GB"">Suppose you want to browse the internet when you alone at a park.<o:p></o:p></span>"
10/23/2018 22:54,10/23/2018 22:54,0,104.227.86.92,100,8,1,10/23/2018 22:54,R_2as5v4Ht2NZ9X7Z,,,,,34.1072998,-118.2266006,anonymous,EN,4,,,,,,,,,,,,,,,,,,,,,,,,,,,,,,,,,,,,,,,,,,,,,,,,,,,,,,,,,,,,,,,,,,,,,,,,,,,,,,,,,,,,,,,,,,,,,,,,,,,,,,,,,,,,,,,,,,,,,,,,,,,,,,,,,,,,,,,,,,,,,,,,,,,,,,,,,,,,,,,,,,,,,,,,,,,,,,,,,,,,,,,,,,,,,,,,,,,,,,,,,,,,,,,,,,,73662,"<span lang=""EN-GB"">Suppose you are alone and relaxing at home, you have just read a new book that&nbsp;</span>you loved and now you want a write a review for your close family and friends."
10/23/2018 22:54,10/23/2018 22:55,0,104.227.86.92,100,38,1,10/23/2018 22:55,R_1NelRLbpxqXBAAc,,,,,34.1072998,-118.2266006,anonymous,EN,4,,,,,,,,,,,,,,,,,,,,,,,,,,,,,,,,,,,,,,,,,,,,,,,,,,,,,,,,,,,,,,,,,,,,,,,,,,,,,,,,,,,,,,,,,,,,,,,,,,,,,,,,,,,,,,,,,,,,,,,,,,,,,,,,,,,,,,,,,,,,,,,,,,,,,,,,,,,,,,,,,,,,,,,,,,,,,,,,,,,,,,,,,,,,,,,,,,,,,,,,,,,,,,,,,,,60682,"<span lang=""EN-GB"">Suppose you want to browse the internet when you are with people you know (e.g., acquaintances, colleagues) at a park.<o:p></o:p></span>"
10/23/2018 22:55,10/23/2018 22:55,0,104.227.86.92,100,8,1,10/23/2018 22:55,R_2D6PAe7Nq0m9yr0,,,,,34.1072998,-118.2266006,anonymous,EN,3,,,,,,,,,,,,,,,,,,,,,,,,,,,,,,,,,,,,,,,,,,,,,,,,,,,,,,,,,,,,,,,,,,,,,,,,,,,,,,,,,,,,,,,,,,,,,,,,,,,,,,,,,,,,,,,,,,,,,,,,,,,,,,,,,,,,,,,,,,,,,,,,,,,,,,,,,,,,,,,,,,,,,,,,,,,,,,,,,,,,,,,,,,,,,,,,,,,,,,,,,,,,,,,,,,,79022,"<span lang=""EN-GB"">Suppose
     you want to find a route to home when you are at Starbucks with your close
     friends.<o:p></o:p></span>"
10/23/2018 22:45,10/23/2018 23:02,0,73.181.254.41,100,1042,1,10/23/2018 23:02,R_pJBX5btgpxozD9f,,,,,47.26319885,-122.4992981,anonymous,EN,"1,2,3,4,5,6",2,,3,,1,,1,,3,,3,3,,1,,3,2,,2,,4,,3,,3,,1,,,,,,,,,,,,,,,,,,,,,,,,,,,,,,,,,,,,,,,,,,,,,,,,,,,,,,,,,,,,,,,,,,,,,,,,,,,,,,,,,,,,,,,,,,,,,,,,,,,,,,,,,,,,,,,,,,,,,,,,,,,,,,,,,,,,,,,,,,,,,,,,,,,,,,,,,,,,,,,,,,,,,,,,,,,,,,,,,,,,,,,,45303,"<span lang=""EN-GB"" style=""font-size:11.0pt;line-height:115%;
font-family:&quot;Arial&quot;,sans-serif;mso-fareast-font-family:Arial;mso-ansi-language:
EN-GB;mso-fareast-language:EN-US;mso-bidi-language:AR-SA"">Suppose you have
planned to meet a friend next week and you want put this on your calendar<span style=""color:#434343""> when you with </span>people you know (e.g.,
acquaintances, colleagues)<span style=""color:#434343""> at a park</span></span>"
10/23/2018 23:02,10/23/2018 23:07,0,73.73.169.71,100,333,1,10/23/2018 23:07,R_1X0scqzQO1QO70R,,,,,42.35420227,-88.22940063,anonymous,EN,"1,2,3,4",4,,5,,2,,3,,1,,3,1,,5,,3,1,,5,,3,,5,,1,,4,,3,,,,,,,,,,,,,,,,,,,,,,,,,,,,,,,,,,,,,,,,,,,,,,,,,,,,,,,,,,,4,,5,,2,,3,,1,,3,1,,5,,5,,1,,3,,5,,3,,3,,4,,,,,,,,,,,,,,,,,,,,,,,,,,,,,,,,,,,,,,,,,,,,,,,,,,,,,,,,,,,,,,,,,,,,,,,,,,,,,,,,,,,,,,,,,Male,26,Unemployed,3,1,,6,85342,"<span lang=""EN-GB"">Suppose you are at home with people you are close to (e.g., friends, family members) when you realize today is the last day to pay one of your bills online.<o:p></o:p></span>"
10/23/2018 23:04,10/23/2018 23:10,0,24.101.76.154,100,340,1,10/23/2018 23:10,R_3itlSeer6x3p5mM,,,,,38.38490295,-82.50360107,anonymous,EN,"1,2,3,4","1,2,3,4,5",,"1,2,3",,"1,3,4",,1,,1,,3,"1,2,3",,"1,2,3",,3,"1,2,3,4",,"1,2,3",,"1,2,3,4",,"1,2,3",,"1,2",,"1,2",,"2,4",,,,,,,,,,,,,,,,,,,,,,,,,,,,,,"1,2,5",,1,,1,,1,,1,,3,"1,2,3",,3,,"2,3",,3,,"1,2,3,4",,"1,2",,3,,"1,2,3",,2,,,,,,,,,,,,,,,,,,,,,,,,,,,,,,,"1,2,3,5",,1,,"1,2,3,4",,1,,1,,3,"1,2,3",,"2,3",,"2,3",,"2,4",,"2,3,4",,"1,2",,"2,3",,"1,2,3",,2,,,,,,,,,,,,,,,,,,,,,,,,,,,,,,,,,,,,,,,,,,,,,,,,,,,,,,,,,,,,,,,,,,,56628,"<span lang=""EN-GB"">Suppose
     you want to set up a reminder when you are alone at your home.<strong><o:p></o:p></strong></span>"
10/23/2018 23:13,10/23/2018 23:13,0,210.185.162.247,100,15,1,10/23/2018 23:13,R_0VxMeKpkr8QqGY1,,,,,14.64660645,121.0509033,anonymous,EN,"2,3",,,,,,,,,,,,,,,,,,,,,,,,,,,,,,,,,,,,,,,,,,,,,,,,,,,,,,,,,,,,,,,,,,,,,,,,,,,,,,,,,,,,,,,,,,,,,,,,,,,,,,,,,,,,,,,,,,,,,,,,,,,,,,,,,,,,,,,,,,,,,,,,,,,,,,,,,,,,,,,,,,,,,,,,,,,,,,,,,,,,,,,,,,,,,,,,,,,,,,,,,,,,,,,,,,,55914,"<span lang=""EN-GB"">Suppose
     you want to listen to some audio when you with people you know (e.g.,
     acquaintances, colleagues) at Starbucks<o:p></o:p></span>"
10/23/2018 23:12,10/23/2018 23:14,0,45.4.197.78,100,117,1,10/23/2018 23:14,R_2YsjXO8rf9woMvc,,,,,40.74839783,-73.99669647,anonymous,EN,"2,5,6",2,,2,,3,,1,,3,,2,2,,2,,3,2,,2,,2,,1,,1,,1,,,,,,,,,,,,,,,,,,,,,,,,,,,,,,,,,,,,,,,,,,,,,,,,,,,,,,,,,,,,,,,,,,,,,,,,,,,,,,,,,,,,,,,,,,,,,,,,,,,,,,,,,,,,,,,,,,,,,,,,,,,,,,,,,,,,,,,,,,,,,,,,,,,,,,,,,,,,,,,,,,,,,,,,,,,,,,,,,,,,,,,,26013,"<span style=""color: rgb(0, 0, 0); font-family: Times; font-size: medium;"">Suppose you want to watch some video when you are with people you know (e.g., acquaintances, colleagues) at Starbucks</span>"
10/23/2018 23:15,10/23/2018 23:15,0,186.179.48.86,100,36,1,10/23/2018 23:15,R_8kRSKbodpc6C1Vv,,,,,15,-86.5,anonymous,EN,"2,5,6","4,5",,2,,4,,1,,4,,3,3,,3,,3,4,,3,,4,,2,,3,,2,,,,,,,,,,,,,,,,,,,,,,,,,,,,,,,,,,,,,,,,,,,,,,,,,,,,,,,,,,,,,,,,,,,,,,,,,,,,,,,,,,,,,,,,,,,,,,,,,,,,,,,,,,,,,,,,,,,,,,,,,,,,,,,,,,,,,,,,,,,,,,,,,,,,,,,,,,,,,,,,,,,,,,,,,,,,,,,,,,,,,,,,87687,"<span lang=""EN-GB"">Suppose
     you want to listen to some audio when you are with your close friends in a
     park.<o:p></o:p></span>"
10/23/2018 23:17,10/23/2018 23:22,0,66.76.213.99,100,310,1,10/23/2018 23:22,R_a5lUGTYkn8GF2Kt,,,,,37.15969849,-94.311203,anonymous,EN,"1,2,4","2,4,5",,1,,2,,3,,3,,3,"1,2,3",,"2,3",,"2,3","1,2,3",,2,,"1,3,4",,2,,"1,3",,"1,2",,,,,,,,,,,,,,,,,,,,,,,,,,,,,,,,,,,,,,,,,,,,,,,,,,,,,,,,,,,,,,,,,,,,,,,,,,,,,,,,,,,,,,,,,,,,,,,,,,,,,,,,,,,,,,,,,,,,,,,,,,,,,,,,,,,,,,,,,,,,,,,,,,,,,,,,,,,,,,,,,,,,,,,,,,,,,,,,,,,,,,,,11739,"<span lang=""EN-GB"">Suppose
     you want to a send an email when you are surrounded by people you know
     (e.g., acquaintances, colleagues) your home.<o:p></o:p></span>"
10/23/2018 23:21,10/23/2018 23:22,0,192.3.161.164,100,87,1,10/23/2018 23:22,R_1DMtTm3A9U70qY6,,,,,42.88639832,-78.87809753,anonymous,EN,"1,2,3","1,2,3",,"1,2,3",,"2,3,4",,1,,"2,3,4",,"2,3","1,2,3",,"1,2",,"1,2,3","2,3,4",,5,,"1,2,3,4",,5,,"1,2,3",,"1,2",,,,,,,,,,,,,,,,,,,,,,,,,,,,,,,,,,,,,,,,,,,,,,,,,,,,,,,,,,,,,,,,,,,,,,,,,,,,,,,,,,,,,,,,,,,,,,,,,,,,,,,,,,,,,,,,,,,,,,,,,,,,,,,,,,,,,,,,,,,,,,,,,,,,,,,,,,,,,,,,,,,,,,,,,,,,,,,,,,,,,,,,72840,"<span lang=""EN-GB"">Suppose
     you want to call your mother for sharing an important update about your
     life when you are alone at Starbucks.<o:p></o:p></span>"
10/23/2018 23:23,10/23/2018 23:23,0,45.72.6.215,100,18,1,10/23/2018 23:23,R_1oA4i8aBgx04DcR,,,,,42.38290405,-71.10279846,anonymous,EN,3,,,,,,,,,,,,,,,,,,,,,,,,,,,,,,,,,,,,,,,,,,,,,,,,,,,,,,,,,,,,,,,,,,,,,,,,,,,,,,,,,,,,,,,,,,,,,,,,,,,,,,,,,,,,,,,,,,,,,,,,,,,,,,,,,,,,,,,,,,,,,,,,,,,,,,,,,,,,,,,,,,,,,,,,,,,,,,,,,,,,,,,,,,,,,,,,,,,,,,,,,,,,,,,,,,,5692,"<span lang=""EN-GB"">Suppose
     you want to watch some video when you are with people you know (e.g.,
     acquaintances, colleagues) in a park.<o:p></o:p></span>"
10/23/2018 23:23,10/23/2018 23:23,0,45.72.6.215,100,18,1,10/23/2018 23:23,R_2PuJayXS49Niuta,,,,,42.38290405,-71.10279846,anonymous,EN,5,,,,,,,,,,,,,,,,,,,,,,,,,,,,,,,,,,,,,,,,,,,,,,,,,,,,,,,,,,,,,,,,,,,,,,,,,,,,,,,,,,,,,,,,,,,,,,,,,,,,,,,,,,,,,,,,,,,,,,,,,,,,,,,,,,,,,,,,,,,,,,,,,,,,,,,,,,,,,,,,,,,,,,,,,,,,,,,,,,,,,,,,,,,,,,,,,,,,,,,,,,,,,,,,,,,94252,"<span lang=""EN-GB"">Suppose
     you want to watch some video when
     you are at home with people you are close to (e.g., friends, family
     members)<strong><o:p></o:p></strong></span>"
10/23/2018 23:24,10/23/2018 23:24,0,45.72.6.215,100,26,1,10/23/2018 23:24,R_3peTmpBJEMdaPKG,,,,,42.38290405,-71.10279846,anonymous,EN,4,,,,,,,,,,,,,,,,,,,,,,,,,,,,,,,,,,,,,,,,,,,,,,,,,,,,,,,,,,,,,,,,,,,,,,,,,,,,,,,,,,,,,,,,,,,,,,,,,,,,,,,,,,,,,,,,,,,,,,,,,,,,,,,,,,,,,,,,,,,,,,,,,,,,,,,,,,,,,,,,,,,,,,,,,,,,,,,,,,,,,,,,,,,,,,,,,,,,,,,,,,,,,,,,,,,43659,"<span lang=""EN-GB"" style=""font-size:11.0pt;line-height:115%;
font-family:&quot;Arial&quot;,sans-serif;mso-fareast-font-family:Arial;mso-ansi-language:
EN-GB;mso-fareast-language:EN-US;mso-bidi-language:AR-SA"">Suppose you want to check your social media when you are alone in a park.</span>"
10/23/2018 23:24,10/23/2018 23:25,0,45.72.6.215,100,28,1,10/23/2018 23:25,R_3edViyrrNPgL9lp,,,,,42.38290405,-71.10279846,anonymous,EN,1,,,,,,,,,,,,,,,,,,,,,,,,,,,,,,,,,,,,,,,,,,,,,,,,,,,,,,,,,,,,,,,,,,,,,,,,,,,,,,,,,,,,,,,,,,,,,,,,,,,,,,,,,,,,,,,,,,,,,,,,,,,,,,,,,,,,,,,,,,,,,,,,,,,,,,,,,,,,,,,,,,,,,,,,,,,,,,,,,,,,,,,,,,,,,,,,,,,,,,,,,,,,,,,,,,,4798,"<span lang=""EN-GB"">Suppose
     you want to a send a text message when you are surrounded by people you
     know (e.g., acquaintances, colleagues) at your home.<o:p></o:p></span>"
10/23/2018 23:25,10/23/2018 23:25,0,45.72.6.215,100,21,1,10/23/2018 23:25,R_10GkSVm3EtlFtlI,,,,,42.38290405,-71.10279846,anonymous,EN,6,,,,,,,,,,,,,,,,,,,,,,,,,,,,,,,,,,,,,,,,,,,,,,,,,,,,,,,,,,,,,,,,,,,,,,,,,,,,,,,,,,,,,,,,,,,,,,,,,,,,,,,,,,,,,,,,,,,,,,,,,,,,,,,,,,,,,,,,,,,,,,,,,,,,,,,,,,,,,,,,,,,,,,,,,,,,,,,,,,,,,,,,,,,,,,,,,,,,,,,,,,,,,,,,,,,41323,"<span lang=""EN-GB"">Suppose you have planned to meet a friend next week and you want to put this on your calendar when you are alone at a park<o:p></o:p></span>"
10/23/2018 23:25,10/23/2018 23:25,0,45.72.6.215,100,12,1,10/23/2018 23:25,R_24AfZXA8c2wzlUH,,,,,42.38290405,-71.10279846,anonymous,EN,2,,,,,,,,,,,,,,,,,,,,,,,,,,,,,,,,,,,,,,,,,,,,,,,,,,,,,,,,,,,,,,,,,,,,,,,,,,,,,,,,,,,,,,,,,,,,,,,,,,,,,,,,,,,,,,,,,,,,,,,,,,,,,,,,,,,,,,,,,,,,,,,,,,,,,,,,,,,,,,,,,,,,,,,,,,,,,,,,,,,,,,,,,,,,,,,,,,,,,,,,,,,,,,,,,,,59345,"<span lang=""EN-GB"" style=""font-size:11.0pt;line-height:115%;
font-family:&quot;Arial&quot;,sans-serif;mso-fareast-font-family:Arial;mso-ansi-language:
EN-GB;mso-fareast-language:EN-US;mso-bidi-language:AR-SA"">Suppose you have
planned to meet a friend next week and you want put this on your calendar<span style=""color:#434343""> when you with </span>people you know (e.g.,
acquaintances, colleagues)<span style=""color:#434343""> at a park</span></span>"
10/23/2018 23:23,10/23/2018 23:26,0,192.3.161.164,100,186,1,10/23/2018 23:26,R_1KeZvqHoUAUoQCw,,,,,42.88639832,-78.87809753,anonymous,EN,"1,2,3,4,6",2,,1,,2,,1,,1,,1,2,,1,,1,1,,1,,2,,1,,2,,1,,2,,,,,,,,,,,,,,,,,,,,,,,,,,,,,,1,,1,,2,,1,,2,,2,2,,2,,1,,2,,2,,1,,2,,1,,1,,,,,,,,,,,,,,,,,,,,,,,,,,,,,,,,,,,,,,,,,,,,,,,,,,,,,,,,,,,,,,,,,,,,,,,,,,,,,,,,,,,,,,,,,,,,,,,,,,,,,,,,,,,,,,,,,,,,,,,,,,,,,97102,"<span lang=""EN-GB"">Suppose you want to find a route to a coffee shop when you are
     at home </span><span lang=""EN-GB"">with
     people you are close to (e.g., friends, family members)</span><strong><span lang=""EN-GB""><o:p></o:p></span></strong>"
10/23/2018 23:27,10/23/2018 23:28,0,103.251.217.6,100,41,1,10/23/2018 23:28,R_2YsLSehpfqbp1YO,,,,,23.03329468,72.61669922,anonymous,EN,"1,2,3,5,6","1,2,3,4",,"1,2,3",,"1,2,3",,3,,"1,2,3,4",,"1,3",1,,"1,2,3",,"1,2,3","1,2,3",,"1,2,3",,"3,4,6",,"1,2,3",,"2,3",,"1,2",,,,,,,,,,,,,,,,,,,,,,,,,,,,,,,,,,,,,,,,,,,,,,,,,,,,,,,,,,,,,,,,,,,,,,,,,,,,,,,,,,,,,,,,,,,,,,,,,,,,,,,,,,,,,,,,,,,,,,,,,,,,,,,,,,,,,,,,,,,,,,,,,,,,,,,,,,,,,,,,,,,,,,,,,,,,,,,,,,,,,,,,91030,"<span lang=""EN-GB"">Suppose you want to listen to some audio when you are alone in a park.<o:p></o:p></span>"
10/23/2018 23:25,10/23/2018 23:28,0,45.72.6.215,100,175,1,10/23/2018 23:28,R_1OZk8ne7oJOaHXx,,,,,42.38290405,-71.10279846,anonymous,EN,3,,,,,,,,,,,,,,,,,,,,,,,,,,,,,,,,,,,,,,,,,,,,,,,,,,,,,,,,,,,,,,,,,,,,,,,,,,,,,,,,,,,,,,,,,,,,,,,,,,,,,,,,,,,,,,,,,,,,,,,,,,,,,,,,,,,,,,,,,,,,,,,,,,,,,,,,,,,,,,,,,,,,,,,,,,,,,,,,,,,,,,,,,,,,,,,,,,,,,,,,,,,,,,,,,,,12467,"<span lang=""EN-GB"">Suppose
     you want to find a route to home when you are at Starbucks with people you
     know (e.g., acquaintances, colleagues).<o:p></o:p></span>"
10/23/2018 23:29,10/23/2018 23:29,0,45.72.6.215,100,28,1,10/23/2018 23:29,R_5cFq7lcKUGo5axz,,,,,42.38290405,-71.10279846,anonymous,EN,"1,3",,,,,,,,,,,,,,,,,,,,,,,,,,,,,,,,,,,,,,,,,,,,,,,,,,,,,,,,,,,,,,,,,,,,,,,,,,,,,,,,,,,,,,,,,,,,,,,,,,,,,,,,,,,,,,,,,,,,,,,,,,,,,,,,,,,,,,,,,,,,,,,,,,,,,,,,,,,,,,,,,,,,,,,,,,,,,,,,,,,,,,,,,,,,,,,,,,,,,,,,,,,,,,,,,,,64212,"<span lang=""EN-GB"" style=""font-size:11.0pt;line-height:115%;
font-family:&quot;Arial&quot;,sans-serif;mso-fareast-font-family:Arial;mso-ansi-language:
EN-GB;mso-fareast-language:EN-US;mso-bidi-language:AR-SA"">Suppose you want to a
send an email when you are at Starbucks.</span>"
10/23/2018 23:29,10/23/2018 23:33,0,45.72.6.215,100,225,1,10/23/2018 23:33,R_31ym5CUgKEGSDKr,,,,,42.38290405,-71.10279846,anonymous,EN,"1,2,5,6",2,,2,,2,,1,,2,,2,3,,2,,2,2,,2,,3,,2,,2,,2,,1,1,,2,,2,,1,,2,,3,2,,1,,1,,2,,2,,2,,2,,1,,2,,,,,,,,,,,,,,,,,,,,,,,,,,,,,,,,,,,,,,,,,,,,,,,,,,,,,,,,,,,,,,,,,,,,,,,,,,,,,,,,,,,,,,,,,,,,,,,,,,,,,,,,,,,,,,,,,,,,,,,,,,,,,,,,,,,,,,,,,,,,,,,,,,,female,56,software engineer,5,1,,2,91825,"<span lang=""EN-GB"">Suppose
     you are at a park and you realize today is the last day to pay one of your
     bills online.<o:p></o:p></span>"
10/23/2018 23:32,10/23/2018 23:34,0,71.150.117.6,100,108,1,10/23/2018 23:34,R_3D12Jgb53MCktcp,,,,,41.5881958,-81.54679871,anonymous,EN,"1,2,3,4,6","1,2",,"1,2",,"1,2",,1,,2,,3,2,,"1,2",,2,1,,2,,2,,"1,2",,1,,2,,,,,,,,,,,,,,,,,,,,,,,,,,,,,,,,,,,,,,,,,,,,,,,,,,,,,,,,,,,,,,,,,,,,,,,,,,,,,,,,,,,,,,,,,,,,,,,,,,,,,,,,,,,,,,,,,,,,,,,,,,,,,,,,,,,,,,,,,,,,,,,,,,,,,,,,,,,,,,,,,,,,,,,,,,,,,,,,,,,,,,,,96643,"<span lang=""EN-GB"">Suppose
     you want to purchase something online when you are with people you know
     (e.g., acquaintances, colleagues) at your home.<o:p></o:p></span>"
10/23/2018 23:27,10/23/2018 23:39,0,206.16.224.135,100,713,1,10/23/2018 23:39,R_1n2y9xKlMwPYbhx,,,,,39.7460022,-75.54660034,anonymous,EN,"2,3,4,5",2,,"1,2",,"2,3,4",,3,,3,,2,2,,3,,2,"2,4",,"2,3",,"2,3",,"2,3",,"1,2",,2,,"2,4,5",,,,,,,,,,,,,,,,,,,,,,,,,,,,,,"2,5",,1,,"1,2",,1,,1,,"2,3",2,,2,,2,,2,,"3,4",,2,,"3,4",,"1,3",,2,,,,,,,,,,,,,,,,,,,,,,,,,,,,,,,"1,2",,1,,1,,1,,2,,2,2,,5,,2,,6,,3,,5,,3,,1,,2,,1,,2,,2,,3,,2,,1,3,,"1,3",,"1,3",,2,,"1,2,4",,"1,3",,"1,2",,3,,4,,,,,,,,,,,,,,,,,,,,,,,,,,,,,,,,,,,,,,29905,"<span lang=""EN-GB"">Suppose you want to browse the internet when you are at home with people you know (e.g., acquaintances, colleagues).<o:p></o:p></span>"
10/23/2018 23:39,10/23/2018 23:40,0,76.184.57.2,100,106,1,10/23/2018 23:40,R_24vlhV6QcpWvkMK,,,,,32.83099365,-96.76920319,anonymous,EN,"1,2,3,4","2,3",,"1,2",,"1,2,3,4",,1,,"1,2,3",,"1,2,3","1,2",,"1,2",,"1,2","1,2,3",,"1,2",,"1,2,3",,"1,2",,"1,2",,"1,2",,,,,,,,,,,,,,,,,,,,,,,,,,,,,,,,,,,,,,,,,,,,,,,,,,,,,,,,,,,,,,,,,,,,,,,,,,,,,,,,,,,,,,,,,,,,,,,,,,,,,,,,,,,,,,,,,,,,,,,,,,,,,,,,,,,,,,,,,,,,,,,,,,,,,,,,,,,,,,,,,,,,,,,,,,,,,,,,,,,,,,,,75760,"<span lang=""EN-GB"">Suppose you want to take a click a photo when you with </span><span lang=""EN-GB"">some people you know (e.g.,
     acquaintances, colleagues)</span><span lang=""EN-GB""> at home<o:p></o:p></span>"
10/23/2018 23:43,10/23/2018 23:44,0,108.66.82.72,100,34,1,10/23/2018 23:44,R_1GZ8MLJjW6ASgj4,,,,,32.62049866,-90.00610352,anonymous,EN,"1,2",,,,,,,,,,,,,,,,,,,,,,,,,,,,,,,,,,,,,,,,,,,,,,,,,,,,,,,,,,,,,,,,,,,,,,,,,,,,,,,,,,,,,,,,,,,,,,,,,,,,,,,,,,,,,,,,,,,,,,,,,,,,,,,,,,,,,,,,,,,,,,,,,,,,,,,,,,,,,,,,,,,,,,,,,,,,,,,,,,,,,,,,,,,,,,,,,,,,,,,,,,,,,,,,,,,47954,"<span lang=""EN-GB"" style=""font-size:11.0pt;line-height:115%;
font-family:&quot;Arial&quot;,sans-serif;mso-fareast-font-family:Arial;mso-ansi-language:
EN-GB;mso-fareast-language:EN-US;mso-bidi-language:AR-SA"">Suppose you want to a
view a text message when you are alone at home</span>"
10/23/2018 23:43,10/23/2018 23:44,0,107.4.125.131,100,18,1,10/23/2018 23:44,R_24OfVceM5s1wGSy,,,,,43.83120728,-82.68859863,anonymous,EN,"1,3",,,,,,,,,,,,,,,,,,,,,,,,,,,,,,,,,,,,,,,,,,,,,,,,,,,,,,,,,,,,,,,,,,,,,,,,,,,,,,,,,,,,,,,,,,,,,,,,,,,,,,,,,,,,,,,,,,,,,,,,,,,,,,,,,,,,,,,,,,,,,,,,,,,,,,,,,,,,,,,,,,,,,,,,,,,,,,,,,,,,,,,,,,,,,,,,,,,,,,,,,,,,,,,,,,,82698,"<span lang=""EN-GB"">Suppose you are at a park, you have just read a book you loved and now you&nbsp;</span>want to write a review for it to share with people you are close to (e.g., friends, family members)"
10/23/2018 23:45,10/23/2018 23:46,0,47.139.69.147,100,30,1,10/23/2018 23:46,R_1OTw9462DEBA7Yq,,,,,33.94320679,-117.9926987,anonymous,EN,"2,4",,,,,,,,,,,,,,,,,,,,,,,,,,,,,,,,,,,,,,,,,,,,,,,,,,,,,,,,,,,,,,,,,,,,,,,,,,,,,,,,,,,,,,,,,,,,,,,,,,,,,,,,,,,,,,,,,,,,,,,,,,,,,,,,,,,,,,,,,,,,,,,,,,,,,,,,,,,,,,,,,,,,,,,,,,,,,,,,,,,,,,,,,,,,,,,,,,,,,,,,,,,,,,,,,,,59292,"<span lang=""EN-GB"" style=""font-size:11.0pt;line-height:115%;
font-family:&quot;Arial&quot;,sans-serif;mso-fareast-font-family:Arial;mso-ansi-language:
EN-GB;mso-fareast-language:EN-US;mso-bidi-language:AR-SA"">Suppose you want to
take a click a photo when you are at Starbucks.</span>"
10/23/2018 23:47,10/23/2018 23:49,0,103.255.4.41,100,87,1,10/23/2018 23:49,R_1oAyohd6XReDnPf,,,,,31.48880005,74.36860657,anonymous,EN,"2,3",,,,,,,,,,,,,,,,,,,,,,,,,,,,,,,,,,,,,,,,,,,,,,,,,,,,,,,,,,,,,,,,,,,,,,,,,,,,,,,,,,,,,,,,,,,,,,,,,,,,,,,,,,,,,,,,,,,,,,,,,,,,,,,,,,,,,,,,,,,,,,,,,,,,,,,,,,,,,,,,,,,,,,,,,,,,,,,,,,,,,,,,,,,,,,,,,,,,,,,,,,,,,,,,,,,15234,"<span lang=""EN-GB"">Suppose
     you want to take a click a photo when you are alone at home.<o:p></o:p></span>"
10/23/2018 23:49,10/23/2018 23:49,0,103.255.4.41,100,9,1,10/23/2018 23:49,R_3h4wpo6AOL2m3dX,,,,,31.48880005,74.36860657,anonymous,EN,2,,,,,,,,,,,,,,,,,,,,,,,,,,,,,,,,,,,,,,,,,,,,,,,,,,,,,,,,,,,,,,,,,,,,,,,,,,,,,,,,,,,,,,,,,,,,,,,,,,,,,,,,,,,,,,,,,,,,,,,,,,,,,,,,,,,,,,,,,,,,,,,,,,,,,,,,,,,,,,,,,,,,,,,,,,,,,,,,,,,,,,,,,,,,,,,,,,,,,,,,,,,,,,,,,,,35225,"<span lang=""EN-GB"">Suppose you are at sitting in a park and you want to play a digital/online game.<o:p></o:p></span>"
10/23/2018 23:49,10/23/2018 23:50,0,104.129.131.125,100,66,1,10/23/2018 23:50,R_plRd6C7LXhJLgM9,,,,,33.0249939,-96.73970032,anonymous,EN,2,,,,,,,,,,,,,,,,,,,,,,,,,,,,,,,,,,,,,,,,,,,,,,,,,,,,,,,,,,,,,,,,,,,,,,,,,,,,,,,,,,,,,,,,,,,,,,,,,,,,,,,,,,,,,,,,,,,,,,,,,,,,,,,,,,,,,,,,,,,,,,,,,,,,,,,,,,,,,,,,,,,,,,,,,,,,,,,,,,,,,,,,,,,,,,,,,,,,,,,,,,,,,,,,,,,87119,"<span lang=""EN-GB"">Suppose
     you want to read a digital document when you are at home with people you
     are close to (e.g., friends, family members).<strong><o:p></o:p></strong></span>"
10/23/2018 23:50,10/23/2018 23:51,0,104.129.131.125,100,15,1,10/23/2018 23:51,R_1rwayP8GtlR30t2,,,,,33.0249939,-96.73970032,anonymous,EN,3,,,,,,,,,,,,,,,,,,,,,,,,,,,,,,,,,,,,,,,,,,,,,,,,,,,,,,,,,,,,,,,,,,,,,,,,,,,,,,,,,,,,,,,,,,,,,,,,,,,,,,,,,,,,,,,,,,,,,,,,,,,,,,,,,,,,,,,,,,,,,,,,,,,,,,,,,,,,,,,,,,,,,,,,,,,,,,,,,,,,,,,,,,,,,,,,,,,,,,,,,,,,,,,,,,,82816,"<span lang=""EN-GB"">Suppose you are alone at home, you want to take a break from studying/working&nbsp;</span>so you decide to play an online/digital game."
10/23/2018 23:51,10/23/2018 23:51,0,104.129.131.125,100,17,1,10/23/2018 23:51,R_2VkDpGL88CCdZfi,,,,,33.0249939,-96.73970032,anonymous,EN,6,,,,,,,,,,,,,,,,,,,,,,,,,,,,,,,,,,,,,,,,,,,,,,,,,,,,,,,,,,,,,,,,,,,,,,,,,,,,,,,,,,,,,,,,,,,,,,,,,,,,,,,,,,,,,,,,,,,,,,,,,,,,,,,,,,,,,,,,,,,,,,,,,,,,,,,,,,,,,,,,,,,,,,,,,,,,,,,,,,,,,,,,,,,,,,,,,,,,,,,,,,,,,,,,,,,47802,"<span lang=""EN-GB"">Suppose you want to browse the internet when you are at home with people you are close to (e.g., friends, family members)<strong><o:p></o:p></strong></span>"
10/23/2018 23:52,10/23/2018 23:52,0,104.129.131.125,100,18,1,10/23/2018 23:52,R_dc10nACzDUPT6aB,,,,,33.0249939,-96.73970032,anonymous,EN,1,,,,,,,,,,,,,,,,,,,,,,,,,,,,,,,,,,,,,,,,,,,,,,,,,,,,,,,,,,,,,,,,,,,,,,,,,,,,,,,,,,,,,,,,,,,,,,,,,,,,,,,,,,,,,,,,,,,,,,,,,,,,,,,,,,,,,,,,,,,,,,,,,,,,,,,,,,,,,,,,,,,,,,,,,,,,,,,,,,,,,,,,,,,,,,,,,,,,,,,,,,,,,,,,,,,99631,"<span lang=""EN-GB"">Suppose
     you want to purchase something online when you are alone at a park.<o:p></o:p></span>"
10/23/2018 23:53,10/23/2018 23:53,0,104.129.131.125,100,13,1,10/23/2018 23:53,R_eCJuWIy5fnUCc6d,,,,,33.0249939,-96.73970032,anonymous,EN,6,,,,,,,,,,,,,,,,,,,,,,,,,,,,,,,,,,,,,,,,,,,,,,,,,,,,,,,,,,,,,,,,,,,,,,,,,,,,,,,,,,,,,,,,,,,,,,,,,,,,,,,,,,,,,,,,,,,,,,,,,,,,,,,,,,,,,,,,,,,,,,,,,,,,,,,,,,,,,,,,,,,,,,,,,,,,,,,,,,,,,,,,,,,,,,,,,,,,,,,,,,,,,,,,,,,51131,"<span lang=""EN-GB"">Suppose
     you want to a view a text message when you are surrounded by people you
     know (e.g., acquaintances, colleagues) at a restaurant.<o:p></o:p></span>"
10/23/2018 23:53,10/23/2018 23:53,0,104.129.131.125,100,10,1,10/23/2018 23:53,R_1igmSEug27YXR6o,,,,,33.0249939,-96.73970032,anonymous,EN,5,,,,,,,,,,,,,,,,,,,,,,,,,,,,,,,,,,,,,,,,,,,,,,,,,,,,,,,,,,,,,,,,,,,,,,,,,,,,,,,,,,,,,,,,,,,,,,,,,,,,,,,,,,,,,,,,,,,,,,,,,,,,,,,,,,,,,,,,,,,,,,,,,,,,,,,,,,,,,,,,,,,,,,,,,,,,,,,,,,,,,,,,,,,,,,,,,,,,,,,,,,,,,,,,,,,26965,"<span lang=""EN-GB"">Suppose
     you are at home with some people you know (e.g., acquaintances,
     colleagues) when you realize today is the last day to pay one of your
     bills online.<o:p></o:p></span>"
10/23/2018 23:53,10/23/2018 23:54,0,104.129.131.125,100,10,1,10/23/2018 23:54,R_p5Wn0NkGOGXawy5,,,,,33.0249939,-96.73970032,anonymous,EN,4,,,,,,,,,,,,,,,,,,,,,,,,,,,,,,,,,,,,,,,,,,,,,,,,,,,,,,,,,,,,,,,,,,,,,,,,,,,,,,,,,,,,,,,,,,,,,,,,,,,,,,,,,,,,,,,,,,,,,,,,,,,,,,,,,,,,,,,,,,,,,,,,,,,,,,,,,,,,,,,,,,,,,,,,,,,,,,,,,,,,,,,,,,,,,,,,,,,,,,,,,,,,,,,,,,,41518,"<span lang=""EN-GB"">Suppose
     you want to set up a reminder about something when you are with people you
     know (e.g., acquaintances, colleagues) at Starbucks.<o:p></o:p></span>"
10/23/2018 23:53,10/23/2018 23:55,0,24.30.131.44,100,98,1,10/23/2018 23:55,R_1FzD2jeo4QZJBsE,,,,,33.72070313,-116.2167969,anonymous,EN,"1,2,3,4,6",2,,"2,3",,1,,1,,1,,1,"2,3",,2,,3,2,,1,,6,,1,,5,,4,,,,,,,,,,,,,,,,,,,,,,,,,,,,,,,,,,,,,,,,,,,,,,,,,,,,,,,,,,,,,,,,,,,,,,,,,,,,,,,,,,,,,,,,,,,,,,,,,,,,,,,,,,,,,,,,,,,,,,,,,,,,,,,,,,,,,,,,,,,,,,,,,,,,,,,,,,,,,,,,,,,,,,,,,,,,,,,,,,,,,,,,65149,"<span lang=""EN-GB"">Suppose you want to browse the internet when you are with people you know (e.g., acquaintances, colleagues) at a restaurant.<o:p></o:p></span>"
10/23/2018 23:55,10/23/2018 23:55,0,104.129.131.125,100,25,1,10/23/2018 23:55,R_RQOnXR3mG8FVek9,,,,,33.0249939,-96.73970032,anonymous,EN,"3,6",,,,,,,,,,,,,,,,,,,,,,,,,,,,,,,,,,,,,,,,,,,,,,,,,,,,,,,,,,,,,,,,,,,,,,,,,,,,,,,,,,,,,,,,,,,,,,,,,,,,,,,,,,,,,,,,,,,,,,,,,,,,,,,,,,,,,,,,,,,,,,,,,,,,,,,,,,,,,,,,,,,,,,,,,,,,,,,,,,,,,,,,,,,,,,,,,,,,,,,,,,,,,,,,,,,78950,"<span lang=""EN-GB"">Suppose you want to find a route to home while walking on a street.<o:p></o:p></span>"
10/23/2018 23:54,10/23/2018 23:55,0,45.57.176.183,100,52,1,10/23/2018 23:55,R_1gqFv4UEKqaAhn8,,,,,39.0565033,-94.59290314,anonymous,EN,"1,3",,,,,,,,,,,,,,,,,,,,,,,,,,,,,,,,,,,,,,,,,,,,,,,,,,,,,,,,,,,,,,,,,,,,,,,,,,,,,,,,,,,,,,,,,,,,,,,,,,,,,,,,,,,,,,,,,,,,,,,,,,,,,,,,,,,,,,,,,,,,,,,,,,,,,,,,,,,,,,,,,,,,,,,,,,,,,,,,,,,,,,,,,,,,,,,,,,,,,,,,,,,,,,,,,,,2221,"<span lang=""EN-GB"">Suppose
     you want to purchase something online when you are alone at your home.<o:p></o:p></span>"
10/23/2018 23:51,10/23/2018 23:55,0,104.200.37.103,100,253,1,10/23/2018 23:55,R_3Mldzr6pr1s8rnO,,,,,35.66650391,-97.4654007,anonymous,EN,"1,2,3,4,5,6","1,2,3,4,5",,"1,2,3",,"1,2,3,4",,1,,"1,2,3,4",,"1,2,3","1,2,3",,"1,2,3",,"1,2,3","1,2,3,4",,"1,2,3",,"1,2,3,4,6",,"1,2,3",,"1,2,3",,"1,2",,"1,2,3,4,5,6",2,,3,,3,,1,,3,,3,2,,1,,2,,2,,4,,1,,3,,3,,2,,4,,2,,2,,1,,2,,2,2,,2,,2,,3,,3,,2,,4,,2,,2,,4,,2,,2,,1,,4,,3,1,,1,,1,,2,,4,,1,,4,,2,,2,,4,,1,,2,,1,,3,,1,2,,2,,1,,2,,3,,3,,3,,1,,2,,4,,2,,2,,1,,4,,2,3,,2,,2,,4,,2,,1,,3,,2,,1,,4,,2,,3,,1,,"2,3",,3,2,,2,,2,,4,,2,,2,,3,,2,,2,,,,,,,,,87359,"<span lang=""EN-GB"">Suppose you have planned to meet a friend next week and you want to put this on your calendar when you are surrounded with people you are close to (e.g., friends, family members) at your home.<strong><o:p></o:p></strong></span>"
10/23/2018 23:55,10/23/2018 23:56,0,74.207.228.68,100,108,1,10/23/2018 23:56,R_RFFHgMwIQD3x6Nz,,,,,33.74899292,-84.38800049,anonymous,EN,1,,,,,,,,,,,,,,,,,,,,,,,,,,,,,,,,,,,,,,,,,,,,,,,,,,,,,,,,,,,,,,,,,,,,,,,,,,,,,,,,,,,,,,,,,,,,,,,,,,,,,,,,,,,,,,,,,,,,,,,,,,,,,,,,,,,,,,,,,,,,,,,,,,,,,,,,,,,,,,,,,,,,,,,,,,,,,,,,,,,,,,,,,,,,,,,,,,,,,,,,,,,,,,,,,,,54257,"<span lang=""EN-GB"">Suppose you want to browse the internet when you are with your close friends at a park.<o:p></o:p></span>"
10/23/2018 23:55,10/23/2018 23:57,0,45.57.176.183,100,92,1,10/23/2018 23:57,R_1o0BNnlzsluwtt9,,,,,39.0565033,-94.59290314,anonymous,EN,"1,2,3,4,5,6","2,4,5",,"1,2",,"1,2,3",,1,,"2,3,4",,"2,3","1,2",,2,,"2,3","2,3",,"2,3",,"1,3",,"1,2,3",,"1,3",,2,,,,,,,,,,,,,,,,,,,,,,,,,,,,,,,,,,,,,,,,,,,,,,,,,,,,,,,,,,,,,,,,,,,,,,,,,,,,,,,,,,,,,,,,,,,,,,,,,,,,,,,,,,,,,,,,,,,,,,,,,,,,,,,,,,,,,,,,,,,,,,,,,,,,,,,,,,,,,,,,,,,,,,,,,,,,,,,,,,,,,,,,83754,"<span lang=""EN-GB"">Suppose you are at Starbucks with your close friends and you realize today is the last day to pay one of your bills online.<o:p></o:p></span>"
10/23/2018 23:41,10/23/2018 23:58,0,99.89.114.48,100,1026,1,10/23/2018 23:58,R_54k38F4g93wF0Ix,,,,,38.60719299,-121.2761002,anonymous,EN,"1,2,4",3,,2,,2,,1,,4,,2,1,,5,,2,3,,1,,"1,2",,3,,3,,2,,,,,,,,,,,,,,,,,,,,,,,,,,,,,,,,,,,,,,,,,,,,,,,,,,,,,,,,,,,,,,,,,,,,,,,,,,,,,,,,,,,,,,,,,,,,,,,,,,,,,,,,,,,,,,,,,,,,,,,,,,,,,,,,,,,,,,,,,,,,,,,,,,,,,,,,,,,,,,,,,,,,,,,,,,,,,,,,,,,,,,,,66812,"<span lang=""EN-GB"">Suppose you want to find a route to home while walking on a street with your close friends.<o:p></o:p></span>"
10/23/2018 23:55,10/23/2018 23:59,0,104.129.131.125,100,196,1,10/23/2018 23:59,R_d0XNDf65WBLfAJj,,,,,33.0249939,-96.73970032,anonymous,EN,"2,5,6",4,,3,,3,,3,,3,,2,2,,3,,3,4,,2,,2,,3,,2,,2,,,,,,,,,,,,,,,,,,,,,,,,,,,,,,,,,,,,,,,,,,,,,,,,,,,,,,,,,,,,,,,,,,,,,,,,,,,,,,,,,,,,,,,,,,,,,,,,,,,,,,,,,,,,,,,,,,,,,,,,,,,,,,,,,,,,,,,,,,,,,,,,,,,,,,,,,,,,,,,,,,,,,,,,,,,,,,,,,,,,,,,,81490,"<span lang=""EN-GB"">Suppose
     you are at starbucks and you realize today is the last day to pay one of
     your bills online.<o:p></o:p></span>"
10/23/2018 23:57,10/24/2018 0:00,0,45.57.176.183,100,146,1,10/24/2018 0:00,R_1q7Iz8wtkbgEZ6A,,,,,39.0565033,-94.59290314,anonymous,EN,"1,2,5,6",2,,2,,2,,1,,2,,2,2,,2,,2,2,,2,,2,,2,,2,,2,,1,2,,2,,2,,1,,2,,2,2,,2,,2,,2,,2,,2,,2,,2,,2,,,,,,,,,,,,,,,,,,,,,,,,,,,,,,,,,,,,,,,,,,,,,,,,,,,,,,,,,,,,,,,,,,,,,,,,,,,,,,,,,,,,,,,,,,,,,,,,,,,,,,,,,,,,,,,,,,,,,,,,,,,,,,,,,,,,,,,,,,,,,,,,,,,male,50,software engineer,5,1,,2,76174,"<span lang=""EN-GB"">Suppose
     you want to listen to some audio when you are with your friends at
     Starbucks.<o:p></o:p></span>"
10/23/2018 23:57,10/24/2018 0:00,0,74.207.228.68,100,165,1,10/24/2018 0:00,R_3pike21Grk7vql5,,,,,33.74899292,-84.38800049,anonymous,EN,"1,2,3","1,2,3",,"1,2",,"2,3",,1,,"1,3,4",,"2,3","1,2",,"1,2",,"1,3","1,2,3",,"1,2",,"2,3",,"2,3",,"1,2,3",,"1,2",,,,,,,,,,,,,,,,,,,,,,,,,,,,,,,,,,,,,,,,,,,,,,,,,,,,,,,,,,,,,,,,,,,,,,,,,,,,,,,,,,,,,,,,,,,,,,,,,,,,,,,,,,,,,,,,,,,,,,,,,,,,,,,,,,,,,,,,,,,,,,,,,,,,,,,,,,,,,,,,,,,,,,,,,,,,,,,,,,,,,,,,91523,"<span lang=""EN-GB"">Suppose you want to read a digital document when you are at a park.<o:p></o:p></span>"
10/23/2018 23:59,10/24/2018 0:03,0,104.129.131.125,100,229,1,10/24/2018 0:03,R_3I03qbSKlDunC2Q,,,,,33.0249939,-96.73970032,anonymous,EN,"2,5,6","2,3",,1,,3,,1,,1,,1,2,,3,,1,1,,1,,1,,3,,1,,1,,,,,,,,,,,,,,,,,,,,,,,,,,,,,,,,,,,,,,,,,,,,,,,,,,,,,,,,,,,,,,,,,,,,,,,,,,,,,,,,,,,,,,,,,,,,,,,,,,,,,,,,,,,,,,,,,,,,,,,,,,,,,,,,,,,,,,,,,,,,,,,,,,,,,,,,,,,,,,,,,,,,,,,,,,,,,,,,,,,,,,,,61601,"<span lang=""EN-GB"">Suppose you want to control some devices/appliances (e.g., smart lights) when you are at home with people you are close to (e.g., friends, family members)<strong><o:p></o:p></strong></span>"
10/23/2018 23:59,10/24/2018 0:04,0,104.200.36.36,100,306,1,10/24/2018 0:04,R_3kNv5rzV1cw3Wnc,,,,,35.66650391,-97.4654007,anonymous,EN,"2,5",,,,,,,,,,,,,,,,,,,,,,,,,,,,,,,,,,,,,,,,,,,,,,,,,,,,,,,,,,,,,,,,,,,,,,,,,,,,,,,,,,,,,,,,,,,,,,,,,,,,,,,,,,,,,,,,,,,,,,,,,,,,,,,,,,,,,,,,,,,,,,,,,,,,,,,,,,,,,,,,,,,,,,,,,,,,,,,,,,,,,,,,,,,,,,,,,,,,,,,,,,,,,,,,,,,49562,"<span lang=""EN-GB"">Suppose you want to call your mother for sharing an important
     update about your life when you are surrounded by people you know (e.g.,
     acquaintances, colleagues) at your home.<o:p></o:p></span>"
10/24/2018 0:04,10/24/2018 0:05,0,104.200.36.36,100,23,1,10/24/2018 0:05,R_1pPUp93yNYwMZ9Q,,,,,35.66650391,-97.4654007,anonymous,EN,2,,,,,,,,,,,,,,,,,,,,,,,,,,,,,,,,,,,,,,,,,,,,,,,,,,,,,,,,,,,,,,,,,,,,,,,,,,,,,,,,,,,,,,,,,,,,,,,,,,,,,,,,,,,,,,,,,,,,,,,,,,,,,,,,,,,,,,,,,,,,,,,,,,,,,,,,,,,,,,,,,,,,,,,,,,,,,,,,,,,,,,,,,,,,,,,,,,,,,,,,,,,,,,,,,,,85668,"<span lang=""EN-GB"">Suppose you want to a view a text message when you are alone at a street.<o:p></o:p></span>"
10/24/2018 0:02,10/24/2018 0:05,0,108.185.153.124,100,219,1,10/24/2018 0:05,R_31LYBpkwvxxyeQ5,,,,,34.043396,-118.2715988,anonymous,EN,"1,2,4","2,5",,1,,"1,3",,3,,1,,2,"2,3",,2,,2,3,,2,,1,,2,,"1,2",,2,,2,,,,,,,,,,,,,,,,,,,,,,,,,,,,,,"2,5",,1,,"2,3",,3,,1,,2,"1,2",,2,,"1,2",,3,,"1,3",,2,,"1,3",,1,,2,,,,,,,,,,,,,,,,,,,,,,,,,,,,,,,,,,,,,,,,,,,,,,,,,,,,,,,,,,,,,,,,,,,,,,,,,,,,,,,,,,,,,,,,,,,,,,,,,,,,,,,,,,,,,,,,,,,,,,,,,,,,,54150,"<span lang=""EN-GB"">Suppose
     you want to watch some video when you are with your close friends in a
     park.<o:p></o:p></span>"
10/24/2018 0:05,10/24/2018 0:08,0,104.200.36.36,100,184,1,10/24/2018 0:08,R_2WSHbQRxcxGmb29,,,,,35.66650391,-97.4654007,anonymous,EN,"2,5,6",2,,2,,2,,1,,1,,3,1,,2,,3,2,,1,,2,,1,,1,,1,,2,,,,,,,,,,,,,,,,,,,,,,,,,,,,,,2,,1,,2,,1,,2,,2,1,,2,,2,,2,,2,,1,,2,,2,,1,,,,,,,,,,,,,,,,,,,,,,,,,,,,,,,,,,,,,,,,,,,,,,,,,,,,,,,,,,,,,,,,,,,,,,,,,,,,,,,,,,,,,,,,,,,,,,,,,,,,,,,,,,,,,,,,,,,,,,MALE,30,FINANCE,6,1,,5,58350,"<span lang=""EN-GB"">Suppose you want to browse the internet when you are with people you know (e.g., acquaintances, colleagues) at a park.<o:p></o:p></span>"
10/24/2018 0:04,10/24/2018 0:11,0,104.129.131.125,100,422,1,10/24/2018 0:11,R_2dzH62hrd6fT2Ch,,,,,33.0249939,-96.73970032,anonymous,EN,"2,5,6",4,,5,,1,,3,,1,,1,3,,1,,2,1,,5,,3,,5,,3,,4,,,,,,,,,,,,,,,,,,,,,,,,,,,,,,,,,,,,,,,,,,,,,,,,,,,,,,,,,,,,,,,,,,,,,,,,,,,,,,,,,,,,,,,,,,,,,,,,,,,,,,,,,,,,,,,,,,,,,,,,,,,,,,,,,,,,,,,,,,,,,,,,,,,,,,,,,,,,,,,,,,,,,,,,,,,,,,,,,,,,,,,,96485,"<span lang=""EN-GB"">Suppose
     you want to find a route to home when you are alone at Starbucks.<o:p></o:p></span>"
10/24/2018 0:10,10/24/2018 0:13,0,186.179.48.86,100,182,1,10/24/2018 0:13,R_3n9uuEpZq0A5987,,,,,15,-86.5,anonymous,EN,"2,5,6",2,,1,,1,,1,,1,,3,2,,2,,3,2,,1,,2,,1,,1,,1,,2,,,,,,,,,,,,,,,,,,,,,,,,,,,,,,2,,2,,2,,1,,1,,3,2,,1,,1,,1,,2,,1,,2,,1,,1,,,,,,,,,,,,,,,,,,,,,,,,,,,,,,,,,,,,,,,,,,,,,,,,,,,,,,,,,,,,,,,,,,,,,,,,,,,,,,,,,,,,,,,,,,,,,,,,,,,,,,,,,,,,,,,,,,,,,,male,30,finanace,6,1,,5,20820,"<span lang=""EN-GB"">Suppose you have planned to meet a friend next week and you want to put this on your calendar when you are surrounded by people you know (e.g., acquaintances, colleagues) at a restaurant.<o:p></o:p></span>"
10/24/2018 0:22,10/24/2018 0:33,0,104.53.207.65,100,656,1,10/24/2018 0:33,R_2Ttyh747jvJ8sCz,,,,,29.72290039,-98.07420349,anonymous,EN,"1,2,3,4,5","1,3,5",,"1,3",,"2,3",,1,,1,,"1,2","1,2",,"2,3",,4,"3,4",,5,,"1,3,6",,2,,5,,1,,,,,,,,,,,,,,,,,,,,,,,,,,,,,,,,,,,,,,,,,,,,,,,,,,,,,,,,,,,,,,,,,,,,,,,,,,,,,,,,,,,,,,,,,,,,,,,,,,,,,,,,,,,,,,,,,,,,,,,,,,,,,,,,,,,,,,,,,,,,,,,,,,,,,,,,,,,,,,,,,,,,,,,,,,,,,,,,,,,,,,,,65903,"<span lang=""EN-GB"">Suppose you want to a send a text message when you are alone at a street.<o:p></o:p></span>"
10/24/2018 0:40,10/24/2018 0:40,0,52.95.75.27,100,17,1,10/24/2018 0:40,R_2rGugDx2uu9AUX2,,,,,18.9750061,72.82580566,anonymous,EN,2,,,,,,,,,,,,,,,,,,,,,,,,,,,,,,,,,,,,,,,,,,,,,,,,,,,,,,,,,,,,,,,,,,,,,,,,,,,,,,,,,,,,,,,,,,,,,,,,,,,,,,,,,,,,,,,,,,,,,,,,,,,,,,,,,,,,,,,,,,,,,,,,,,,,,,,,,,,,,,,,,,,,,,,,,,,,,,,,,,,,,,,,,,,,,,,,,,,,,,,,,,,,,,,,,,,75743,"<span lang=""EN-GB"">Suppose you are at a park with some people you know (e.g., acquaintances, colleagues) when you realize that you have to immediately pay one of your bills online.<o:p></o:p></span>"
10/24/2018 0:43,10/24/2018 0:44,0,72.176.137.144,100,34,1,10/24/2018 0:44,R_32ONA4fFcB0AdZK,,,,,31.70889282,-106.3292999,anonymous,EN,1,,,,,,,,,,,,,,,,,,,,,,,,,,,,,,,,,,,,,,,,,,,,,,,,,,,,,,,,,,,,,,,,,,,,,,,,,,,,,,,,,,,,,,,,,,,,,,,,,,,,,,,,,,,,,,,,,,,,,,,,,,,,,,,,,,,,,,,,,,,,,,,,,,,,,,,,,,,,,,,,,,,,,,,,,,,,,,,,,,,,,,,,,,,,,,,,,,,,,,,,,,,,,,,,,,,20817,"<span lang=""EN-GB"">Suppose you are alone at home when you realize today is the last day to pay one of your bills online.<o:p></o:p></span>"
10/24/2018 0:44,10/24/2018 0:44,0,72.176.137.144,100,9,1,10/24/2018 0:44,R_325uMxmfPbiC2DX,,,,,31.70889282,-106.3292999,anonymous,EN,4,,,,,,,,,,,,,,,,,,,,,,,,,,,,,,,,,,,,,,,,,,,,,,,,,,,,,,,,,,,,,,,,,,,,,,,,,,,,,,,,,,,,,,,,,,,,,,,,,,,,,,,,,,,,,,,,,,,,,,,,,,,,,,,,,,,,,,,,,,,,,,,,,,,,,,,,,,,,,,,,,,,,,,,,,,,,,,,,,,,,,,,,,,,,,,,,,,,,,,,,,,,,,,,,,,,79531,"<span lang=""EN-GB"">Suppose you want to a send an email when you are surrounded with people you are close to (e.g., friends, family members) at your home.<strong><o:p></o:p></strong></span>"
10/24/2018 0:44,10/24/2018 0:44,0,72.176.137.144,100,7,1,10/24/2018 0:44,R_2WHiLQY81clk0CY,,,,,31.70889282,-106.3292999,anonymous,EN,5,,,,,,,,,,,,,,,,,,,,,,,,,,,,,,,,,,,,,,,,,,,,,,,,,,,,,,,,,,,,,,,,,,,,,,,,,,,,,,,,,,,,,,,,,,,,,,,,,,,,,,,,,,,,,,,,,,,,,,,,,,,,,,,,,,,,,,,,,,,,,,,,,,,,,,,,,,,,,,,,,,,,,,,,,,,,,,,,,,,,,,,,,,,,,,,,,,,,,,,,,,,,,,,,,,,96589,"<span lang=""EN-GB"">Suppose
     you want to listen to some audio when you are at home with people you are
     close to (e.g., friends, family members).<strong><o:p></o:p></strong></span>"
10/24/2018 0:44,10/24/2018 0:44,0,72.176.137.144,100,7,1,10/24/2018 0:45,R_22EXN9haEEXzIKx,,,,,31.70889282,-106.3292999,anonymous,EN,6,,,,,,,,,,,,,,,,,,,,,,,,,,,,,,,,,,,,,,,,,,,,,,,,,,,,,,,,,,,,,,,,,,,,,,,,,,,,,,,,,,,,,,,,,,,,,,,,,,,,,,,,,,,,,,,,,,,,,,,,,,,,,,,,,,,,,,,,,,,,,,,,,,,,,,,,,,,,,,,,,,,,,,,,,,,,,,,,,,,,,,,,,,,,,,,,,,,,,,,,,,,,,,,,,,,9870,"<span lang=""EN-GB"">Suppose
     you want to listen to some audio when you are with people you know (e.g.,
     acquaintances, colleagues) at your home.<o:p></o:p></span>"
10/24/2018 0:45,10/24/2018 0:58,0,72.176.137.144,100,815,1,10/24/2018 0:58,R_2eVl7aj3VJXL3FH,,,,,31.70889282,-106.3292999,anonymous,EN,"1,2,3,4,5,6",2,,3,,1,,1,,1,,3,3,,2,,3,3,,2,,"3,4,6",,2,,1,,2,,"2,6",,,,,,,,,,,,,,,,,,,,,,,,,,,,,,2,,1,,2,,1,,1,,3,3,,2,,2,,3,,4,,1,,4,,1,,2,,,,,,,,,,,,,,,,,,,,,,,,,,,,,,,,,,,,,,,,,,,,,,,,,,,,,,,,,,,,,,,,,,,,,,,,,,,,,,,,,,,,,,,,,2,,3,,3,,1,,1,,3,3,,1,,1,,2,,4,,2,,3,,1,,2,,,,,,,,,38476,"Suppose
     you want to call your mother for sharing an important update about your
     life when you are surrounded by people you
     know (e.g., acquaintances, colleagues) at a restaurant.<o:p></o:p>"
10/24/2018 0:56,10/24/2018 1:03,0,107.173.250.16,100,379,1,10/24/2018 1:03,R_33DBNqgLYWvWCNH,,,,,42.88639832,-78.87809753,anonymous,EN,"1,2,3","1,2,3,4,5",,"1,2,3",,"1,2,3,4",,1,,"1,3,4",,"1,2,3","1,2,3",,"1,2,3",,"1,2","1,2,3,4",,"1,2,3",,"1,2,3,4",,"1,2",,"2,3",,"1,2",,,,,,,,,,,,,,,,,,,,,,,,,,,,,,,,,,,,,,,,,,,,,,,,,,,,,,,,,,,,,,,,,,,,,,,,,,,,,,,,,,,,,,,,,,,,,,,,,,,,,,,,,,,,,,,,,,,,,,,,,,,,,,,,,,,,,,,,,,,,,,,,,,,,,,,,,,,,,,,,,,,,,,,,,,,,,,,,,,,,,,,,98503,"Suppose you are alone at home, you want to take a break from studying/working&nbsp;<p>so you decide to play a video game with some with some people you know (e.g., acquaintances, colleagues).<o:p></o:p></p>"
10/24/2018 1:03,10/24/2018 1:10,0,45.4.196.111,100,428,1,10/24/2018 1:10,R_3kty52QKAZNTy7M,,,,,40.74839783,-73.99669647,anonymous,EN,3,,,,,,,,,,,,,,,,,,,,,,,,,,,,,,,,,,,,,,,,,,,,,,,,,,,,,,,,,,,,,,,,,,,,,,,,,,,,,,,,,,,,,,,,,,,,,,,,,,,,,,,,,,,,,,,,,,,,,,,,,,,,,,,,,,,,,,,,,,,,,,,,,,,,,,,,,,,,,,,,,,,,,,,,,,,,,,,,,,,,,,,,,,,,,,,,,,,,,,,,,,,,,,,,,,,31254,"<span lang=""EN-GB"">Suppose you want to call your mother for sharing an important
     update about your life&nbsp; when you
     with people you know (e.g., acquaintances, colleagues) at a park<o:p></o:p></span>"
10/24/2018 1:10,10/24/2018 1:12,0,45.4.196.111,100,100,1,10/24/2018 1:12,R_Tn0xyLbeAec59GV,,,,,40.74839783,-73.99669647,anonymous,EN,2,,,,,,,,,,,,,,,,,,,,,,,,,,,,,,,,,,,,,,,,,,,,,,,,,,,,,,,,,,,,,,,,,,,,,,,,,,,,,,,,,,,,,,,,,,,,,,,,,,,,,,,,,,,,,,,,,,,,,,,,,,,,,,,,,,,,,,,,,,,,,,,,,,,,,,,,,,,,,,,,,,,,,,,,,,,,,,,,,,,,,,,,,,,,,,,,,,,,,,,,,,,,,,,,,,,96209,"<span lang=""EN-GB"" style=""font-size:11.0pt;line-height:115%;
font-family:&quot;Arial&quot;,sans-serif;mso-fareast-font-family:Arial;mso-ansi-language:
EN-GB;mso-fareast-language:EN-US;mso-bidi-language:AR-SA"">Suppose you want to
read a digital document when you are at Starbucks surrounded with your close
friends.</span>"
10/24/2018 1:22,10/24/2018 1:23,0,104.231.99.74,100,61,1,10/24/2018 1:23,R_1CKr0myPn1z1Ctr,,,,,41.6894989,-81.34210205,anonymous,EN,"1,2",,,,,,,,,,,,,,,,,,,,,,,,,,,,,,,,,,,,,,,,,,,,,,,,,,,,,,,,,,,,,,,,,,,,,,,,,,,,,,,,,,,,,,,,,,,,,,,,,,,,,,,,,,,,,,,,,,,,,,,,,,,,,,,,,,,,,,,,,,,,,,,,,,,,,,,,,,,,,,,,,,,,,,,,,,,,,,,,,,,,,,,,,,,,,,,,,,,,,,,,,,,,,,,,,,,4992,"<span lang=""EN-GB"" style=""font-size:11.0pt;line-height:115%;
font-family:&quot;Arial&quot;,sans-serif;mso-fareast-font-family:Arial;mso-ansi-language:
EN-GB;mso-fareast-language:EN-US;mso-bidi-language:AR-SA"">Suppose you want to browse the internet when you are alone at your home.</span>"
10/24/2018 1:31,10/24/2018 1:42,0,67.240.205.191,100,659,1,10/24/2018 1:42,R_2qxyWmWFO4YKgxs,,,,,43.21279907,-77.9367981,anonymous,EN,"1,2,3,4,6",5,,1,,"2,3",,1,,3,,2,2,,1,,2,"2,3",,2,,3,,2,,2,,2,,1,5,,3,,2,,1,,3,,2,2,,1,,2,,4,,3,,1,,2,,2,,2,,,,,,,,,,,,,,,,,,,,,,,,,,,,,,,,,,,,,,,,,,,,,,,,,,,,,,,,,,,,,,,,,,,,,,,,,,,,,,,,,,,,,,,,,,,,,,,,,,,,,,,,,,,,,,,,,,,,,,,,,,,,,,,,,,,,,,,,,,,,,,,,,,,,,,,,,,49054,"<span lang=""EN-GB"">Suppose
     you want to read a digital document when you are alone at home.<strong><o:p></o:p></strong></span>"
10/24/2018 2:10,10/24/2018 2:11,0,73.99.49.16,100,19,1,10/24/2018 2:11,R_2uwb7H1DOrPZjSJ,,,,,37.28529358,-80.06919861,anonymous,EN,"2,3",,,,,,,,,,,,,,,,,,,,,,,,,,,,,,,,,,,,,,,,,,,,,,,,,,,,,,,,,,,,,,,,,,,,,,,,,,,,,,,,,,,,,,,,,,,,,,,,,,,,,,,,,,,,,,,,,,,,,,,,,,,,,,,,,,,,,,,,,,,,,,,,,,,,,,,,,,,,,,,,,,,,,,,,,,,,,,,,,,,,,,,,,,,,,,,,,,,,,,,,,,,,,,,,,,,18803,"<span lang=""EN-GB"">Suppose you are at sitting in a park and you want to play a digital/online game&nbsp;</span>with some close friends."
10/24/2018 2:03,10/24/2018 2:23,0,107.172.3.125,100,1216,1,10/24/2018 2:23,R_3dPP09bYVD8MIVa,,,,,42.88639832,-78.87809753,anonymous,EN,"1,2,3,6","2,4",,1,,"1,2",,1,,"1,2,3",,"1,2","1,2",,"1,2",,"1,2","2,3",,"1,2",,"1,2,3",,"1,2",,"1,2",,"1,2",,"1,2,3","2,4",,"1,2",,"1,2",,1,,"1,2,3",,"1,2","1,2",,"1,2",,"1,2",,"2,3",,"1,2,3",,"1,2",,"1,2,3",,"1,2",,"1,2",,"2,4",,1,,"1,2",,1,,"1,2,3",,"1,2","1,2",,"1,2",,"1,2",,"2,3",,"1,2,3",,"1,2",,"1,2,3",,"1,2",,"1,2",,"2,4",,1,,"1,2",,1,,"1,2,3",,"1,2","1,2",,"1,2",,"1,2",,"2,3",,"1,2,3",,"1,2",,"1,2,3",,"1,2",,"1,2",,,,,,,,,,,,,,,,,,,,,,,,,,,,,,,,,,,,,,,,,,,,,,,,,,,,,,,,,,,,,,,,,,,,,,,,,,,,,,,,,,,,,,,,,Female,32,Administrator,5,1,,4,39599,"Suppose you want to purchase something online when
     you are with people you know (e.g., acquaintances,
     colleagues) at a park.<o:p></o:p>"
10/24/2018 2:14,10/24/2018 2:25,0,67.244.94.28,100,629,1,10/24/2018 2:25,R_1plleFcclHvvhAR,,,,,40.74530029,-73.86109924,anonymous,EN,"1,2,3,4",2,,1,,2,,1,,1,,3,2,,2,,3,3,,2,,"1,4",,2,,"1,2",,"1,2",,2,,,,,,,,,,,,,,,,,,,,,,,,,,,,,,"1,2",,"1,2",,2,,1,,1,,3,2,,1,,1,,"3,4",,2,,1,,"1,2",,"1,2",,2,,,,,,,,,,,,,,,,,,,,,,,,,,,,,,,,,,,,,,,,,,,,,,,,,,,,,,,,,,,,,,,,,,,,,,,,,,,,,,,,,,,,,,,,,,,,,,,,,,,,,,,,,,,,,,,,,,,,,,,,,,,,,16950,"<span lang=""EN-GB"">Suppose
     you want to set up a reminder when you are at home with people you are
     close to (e.g., friends, family members).<strong><o:p></o:p></strong></span>"
10/24/2018 2:30,10/24/2018 2:30,0,73.61.250.63,100,12,1,10/24/2018 2:30,R_3Odd1FeOyZL1f2T,,,,,41.31539917,-72.69680023,anonymous,EN,3,,,,,,,,,,,,,,,,,,,,,,,,,,,,,,,,,,,,,,,,,,,,,,,,,,,,,,,,,,,,,,,,,,,,,,,,,,,,,,,,,,,,,,,,,,,,,,,,,,,,,,,,,,,,,,,,,,,,,,,,,,,,,,,,,,,,,,,,,,,,,,,,,,,,,,,,,,,,,,,,,,,,,,,,,,,,,,,,,,,,,,,,,,,,,,,,,,,,,,,,,,,,,,,,,,,26759,"<span lang=""EN-GB"">Suppose
     you want to a send an email when you are walking on a street.<o:p></o:p></span>"
10/24/2018 2:41,10/24/2018 2:42,0,154.76.255.0,100,41,1,10/24/2018 2:42,R_ZkIo5CIiDPVVfoJ,,,,,1,38,anonymous,EN,"1,2",,,,,,,,,,,,,,,,,,,,,,,,,,,,,,,,,,,,,,,,,,,,,,,,,,,,,,,,,,,,,,,,,,,,,,,,,,,,,,,,,,,,,,,,,,,,,,,,,,,,,,,,,,,,,,,,,,,,,,,,,,,,,,,,,,,,,,,,,,,,,,,,,,,,,,,,,,,,,,,,,,,,,,,,,,,,,,,,,,,,,,,,,,,,,,,,,,,,,,,,,,,,,,,,,,,72809,"<span lang=""EN-GB"">Suppose
     you want to take a click a photo when you are with people you are close to
     (e.g., friends, family members) at home<o:p></o:p></span>"
10/24/2018 3:45,10/24/2018 3:46,0,196.17.64.26,100,86,1,10/24/2018 3:46,R_viRERJbAQRtNFp7,,,,,34.05439758,-118.2440033,anonymous,EN,"2,3",,,,,,,,,,,,,,,,,,,,,,,,,,,,,,,,,,,,,,,,,,,,,,,,,,,,,,,,,,,,,,,,,,,,,,,,,,,,,,,,,,,,,,,,,,,,,,,,,,,,,,,,,,,,,,,,,,,,,,,,,,,,,,,,,,,,,,,,,,,,,,,,,,,,,,,,,,,,,,,,,,,,,,,,,,,,,,,,,,,,,,,,,,,,,,,,,,,,,,,,,,,,,,,,,,,10264,"<span lang=""EN-GB"">Suppose
     you want to a send an email when you are walking on a street with people
     you know (e.g., acquaintances, colleagues)<strong>.</strong><o:p></o:p></span>"
10/24/2018 3:46,10/24/2018 3:47,0,196.17.64.26,100,21,1,10/24/2018 3:47,R_1MTjanltlJb9AMw,,,,,34.05439758,-118.2440033,anonymous,EN,4,,,,,,,,,,,,,,,,,,,,,,,,,,,,,,,,,,,,,,,,,,,,,,,,,,,,,,,,,,,,,,,,,,,,,,,,,,,,,,,,,,,,,,,,,,,,,,,,,,,,,,,,,,,,,,,,,,,,,,,,,,,,,,,,,,,,,,,,,,,,,,,,,,,,,,,,,,,,,,,,,,,,,,,,,,,,,,,,,,,,,,,,,,,,,,,,,,,,,,,,,,,,,,,,,,,36436,"<span lang=""EN-GB"">Suppose
     you are at a park with your close friends and you realize today is the
     last day to pay one of your bills online.<o:p></o:p></span>"
10/24/2018 4:36,10/24/2018 4:42,0,73.26.246.119,100,369,1,10/24/2018 4:42,R_2PojR0svPCbVnA1,,,,,35.07170105,-106.5090027,anonymous,EN,"1,2,3,4",2,,5,,"1,2,3",,1,,1,,3,"1,2,3",,2,,3,3,,"1,2",,"1,2,3",,"1,2",,"1,2,3",,"1,2",,2,,,,,,,,,,,,,,,,,,,,,,,,,,,,,,2,,3,,"1,2,3",,1,,1,,3,"1,2,3",,2,,2,,3,,"1,2,3",,"1,2",,"1,2,3",,"1,2,3",,"1,2",,,,,,,,,,,,,,,,,,,,,,,,,,,,,,,,,,,,,,,,,,,,,,,,,,,,,,,,,,,,,,,,,,,,,,,,,,,,,,,,,,,,,,,,,,,,,,,,,,,,,,,,,,,,,,,,,,,,,,Female,24,Self-employed,5,1,,2,74432,"<span lang=""EN-GB"">Suppose you are on a short vacation and you want to take a picture in front&nbsp;</span>of an iconic monument when you are surrounded by many people."
10/24/2018 6:52,10/24/2018 7:03,0,174.220.2.133,100,647,1,10/24/2018 7:03,R_qL5InqX4xYQY6lj,,,,,42.70629883,-74.01930237,anonymous,EN,"1,2,3,4,5,6","2,5",,3,,"2,3",,1,,1,,1,5,,"2,3",,1,"1,3",,"1,2",,"2,3",,"1,2",,5,,4,,2,,,,,,,,,,,,,,,,,,,,,,,,,,,,,,"2,5",,3,,"1,2,3",,1,,1,,"1,2",5,,"2,3",,"2,3",,"2,3",,3,,"1,2",,3,,5,,4,,,,,,,,,,,,,,,,,,,,,,,,,,,,,,,,,,,,,,,,,,,,,,,,,,,,,,,,,,,,,,,,,,,,,,,,,,,,,,,,,,,,,,,,,,,,,,,,,,,,,,,,,,,,,,,,,,,,,,Female,26,Home maker,3,2,,3,31368,"<span lang=""EN-GB"">Suppose you want to browse the internet when you are alone at a restaurant.<o:p></o:p></span>"
10/24/2018 7:03,10/24/2018 7:08,0,174.220.2.133,100,261,1,10/24/2018 7:08,R_2Y9VtN47I8zNzt5,,,,,42.70629883,-74.01930237,anonymous,EN,"1,2,3,4,5,6","1,2,5",,1,,"1,2,3",,1,,1,,1,5,,"2,3",,1,3,,"1,2",,"1,3,4",,"1,2",,3,,4,,6,,,,,,,,,,,,,,,,,,,,,,,,,,,,,,,,,,,,,,,,,,,,,,,,,,,,,,,,,,,,,,,,,,,,,,,,,,,,,,,,,,,,,,,,,,,,,,,,,,,,,,,,,,,,,,,,,,,,,,,,,,,,,,,,,,,,,,,,,,,,,,,,,,"2,5",,5,,"1,2,3",,1,,1,,1,5,,5,,5,,3,,"1,2,3",,"1,2",,"1,2,3",,1,,1,,Male,24,Test engineer,4,3,,3,26988,"<span lang=""EN-GB"">Suppose
     you want to a view a text message when you are with a very close friend at
     a restaurant&nbsp;<o:p></o:p></span>"
10/24/2018 7:09,10/24/2018 7:21,0,128.230.138.59,100,729,1,10/24/2018 7:21,R_38WJm3byrUBoM1j,,,,,43.03770447,-76.13960266,anonymous,EN,"1,2,3,4,5,6","2,5",,3,,"2,3",,1,,1,,3,1,,2,,3,"1,3",,"1,2",,3,,"1,2",,1,,4,,4,,,,,,,,,,,,,,,,,,,,,,,,,,,,,,,,,,,,,,,,,,,,,,,,,,,,,,,,,,,,,,,,,,,,,,,,,,,,,,,,,,,,,,,,"2,5",,1,,3,,1,,1,,3,"1,3",,2,,2,,"1,2,3",,3,,"1,2",,3,,3,,"1,2",,,,,,,,,,,,,,,,,,,,,,,,,,,,,,,,,,,,,,,,,,,,,,,,,,,,,,,,,,,,Male,20,Student,3,2,,2,4976,"<span lang=""EN-GB"">Suppose
     you want to purchase something online when you are alone at Starbucks.<o:p></o:p></span>"
10/24/2018 9:18,10/24/2018 10:14,0,128.230.138.59,100,3316,1,10/24/2018 10:14,R_3fHpjKg61PXZGmQ,,,,,43.03770447,-76.13960266,anonymous,EN,"1,2,3,4,5,6","1,2,5",,5,,"1,2",,3,,1,,1,5,,2,,1,"3,4",,"1,2,3",,"2,3",,"1,2,3",,5,,4,,"5,6",,,,,,,,,,,,,,,,,,,,,,,,,,,,,,,,,,,,,,,,,,,,,,,,,,,,,,,,,,,,,,,,,,,,,,,,,,,,,,,,,,,,,,,,,,,,,,,,,,,,,,,,,,,,,,,,,,,,,1,,5,,4,,3,,"2,3",,1,5,,2,,2,,4,,"2,4",,3,,"2,4",,5,,4,,"1,2",,5,,"1,2,3",,1,,1,,1,5,,5,,5,,3,,"1,2,3,4",,2,,"1,2,3,4",,"1,3",,1,,Female,25,Cashier,3,6,,2,46630,"<span lang=""EN-GB"">Suppose
     you have planned to meet a friend next week and you want put this on your
     calendar when you are alone at home<strong><o:p></o:p></strong></span>"
10/24/2018 10:23,10/24/2018 10:29,0,128.230.137.214,100,340,1,10/24/2018 10:29,R_2bK2Ra4RqHiOamI,,,,,43.03770447,-76.13960266,anonymous,EN,"1,2,3,4,5,6","2,5",,1,,3,,1,,1,,1,5,,5,,1,3,,"1,2",,"2,3",,"1,2",,1,,"1,2",,4,,,,,,,,,,,,,,,,,,,,,,,,,,,,,,,,,,,,,,,,,,,,,,,,,,,,,,,,,,,,,,,,,,,,,,,,,,,,,,,,,,,,,,,,"2,4,5",,1,,"2,3,4",,1,,1,,1,5,,"2,3",,"2,3",,3,,"2,3",,2,,"2,3",,3,,"1,2",,,,,,,,,,,,,,,,,,,,,,,,,,,,,,,,,,,,,,,,,,,,,,,,,,,,,,,,,,,,female,47,cashier,3,2,,3,97538,"<span lang=""EN-GB"">Suppose
     you want to watch some video when you are alone at Starbucks.<o:p></o:p></span>"
10/24/2018 10:29,10/24/2018 10:33,0,128.230.137.214,100,251,1,10/24/2018 10:33,R_XR16PrSlEB9TmlX,,,,,43.03770447,-76.13960266,anonymous,EN,"1,2,3,4,5,6","2,5",,3,,"2,3",,1,,1,,3,5,,3,,3,"1,2,3",,"1,2",,"2,3",,"1,2",,"1,2,3",,"1,2",,1,"2,5",,1,,"2,3",,3,,1,,4,5,,5,,5,,"1,3",,3,,2,,3,,1,,"1,2",,,,,,,,,,,,,,,,,,,,,,,,,,,,,,,,,,,,,,,,,,,,,,,,,,,,,,,,,,,,,,,,,,,,,,,,,,,,,,,,,,,,,,,,,,,,,,,,,,,,,,,,,,,,,,,,,,,,,,,,,,,,,,,,,,,,,,,,,,,,,,,,,,,Male,38,Financial Assistant,4,4,,3,81541,"<span lang=""EN-GB"">Suppose
     you want to read a digital document when you are at Starbucks.<o:p></o:p></span>"
10/24/2018 10:33,10/24/2018 10:38,0,128.230.137.214,100,243,1,10/24/2018 10:38,R_pRG7Mw8uWavKTfz,,,,,43.03770447,-76.13960266,anonymous,EN,"1,2,3,4,5,6","1,2",,5,,"3,4",,1,,3,,"1,2",3,,2,,"1,2","3,4",,"2,3",,"1,2,3,4",,"2,3",,5,,4,,"4,5",,,,,,,,,,,,,,,,,,,,,,,,,,,,,,,,,,,,,,,,,,,,,,,,,,,,,,,,,,,,,,,,,,,,,,,,,,,,,,,,,,,,,,,,2,,1,,3,,1,,1,,1,5,,5,,5,,3,,3,,2,,3,,5,,4,,1,,5,,4,,3,,"2,3",,"1,2",5,,5,,5,,4,,"2,4",,3,,"2,4",,5,,4,,,,,,,,,,,,,,,,,,,,,,,,,,,,,,,male,37,Unemployed,2,2,,2,56821,"<span lang=""EN-GB"">Suppose you want to control some devices/appliances (e.g., smart lights) when you are alone at home.<o:p></o:p></span>"
10/24/2018 14:28,10/24/2018 14:38,0,174.220.24.87,100,567,1,10/24/2018 14:38,R_1P7WCdAkHke4zIf,,,,,41.47239685,-74.05660248,anonymous,EN,"1,2,3,4,5,6","1,2",,1,,"2,3",,3,,1,,1,5,,5,,1,"3,4",,"1,2",,3,,"1,2",,5,,4,,6,,,,,,,,,,,,,,,,,,,,,,,,,,,,,,,,,,,,,,,,,,,,,,,,,,,,,,,,,,,,,,,,,,,,,,,,,,,,,,,,,,,,,,,,,,,,,,,,,,,,,,,,,,,,,,,,,,,,,,,,,,,,,,,,,,,,,,,,,,,,,,,,,,"1,2,5",,5,,"1,2,3",,3,,1,,1,5,,5,,5,,3,,"1,2,3,4",,"1,2",,"1,2,3,4",,5,,1,,Female,35,Home maker,3,4,,3,35553,"<span lang=""EN-GB"">Suppose you want to a send an email when you are walking with a very close friend on a street.&nbsp;<o:p></o:p></span>"
10/24/2018 14:38,10/24/2018 14:58,0,71.176.70.228,100,1242,1,10/24/2018 14:58,R_32JfUBlKHMsrFYc,,,,,43.03540039,-76.12819672,anonymous,EN,"1,2,3,4,5,6","2,5",,3,,3,,3,,1,,"1,3",5,,5,,"1,3","1,3",,"1,2",,3,,"1,2",,1,,4,,2,,,,,,,,,,,,,,,,,,,,,,,,,,,,,,"2,5",,1,,"1,2,3",,1,,1,,1,5,,2,,2,,"1,3",,3,,"1,2",,3,,5,,4,,,,,,,,,,,,,,,,,,,,,,,,,,,,,,,,,,,,,,,,,,,,,,,,,,,,,,,,,,,,,,,,,,,,,,,,,,,,,,,,,,,,,,,,,,,,,,,,,,,,,,,,,,,,,,,,,,,,,,Male,21,Student,3,3,,1,10991,"Suppose you want to check your social media status
     when you are at Starbucks.<o:p></o:p>"
10/24/2018 12:57,10/24/2018 15:24,0,71.176.70.228,100,8850,1,10/24/2018 15:24,R_3oL0xPaYZoYrtcq,,,,,43.03540039,-76.12819672,anonymous,EN,"1,2,3,4,5,6",2,,5,,2,,3,,1,,1,5,,2,,1,3,,2,,"2,3,4",,2,,5,,4,,6,,,,,,,,,,,,,,,,,,,,,,,,,,,,,,,,,,,,,,,,,,,,,,,,,,,,,,,,,,,,,,,,,,,,,,,,,,,,,,,,,,,,,,,,,,,,,,,,,,,,,,,,,,,,,,,,,,,,,,,,,,,,,,,,,,,,,,,,,,,,,,,,,,"2,5",,5,,"1,2,3",,1,,1,,1,5,,5,,5,,3,,"2,3,4",,2,,"2,3,4",,5,,4,,female,19,student,2,5,,2,78960,"<span lang=""EN-GB"">Suppose you have planned to meet a friend next week and you want to put this on your calendar when you are with a very close friend at a park.&nbsp;<o:p></o:p></span>"
10/24/2018 15:28,10/24/2018 15:28,0,68.47.41.174,100,13,1,10/24/2018 15:28,R_3KABuhjDPGLtjhA,,,,,44.96730042,-93.28279877,anonymous,EN,"1,2",,,,,,,,,,,,,,,,,,,,,,,,,,,,,,,,,,,,,,,,,,,,,,,,,,,,,,,,,,,,,,,,,,,,,,,,,,,,,,,,,,,,,,,,,,,,,,,,,,,,,,,,,,,,,,,,,,,,,,,,,,,,,,,,,,,,,,,,,,,,,,,,,,,,,,,,,,,,,,,,,,,,,,,,,,,,,,,,,,,,,,,,,,,,,,,,,,,,,,,,,,,,,,,,,,,59271,"<span lang=""EN-GB"">Suppose you are alone at home, you want to take a break from studying/working&nbsp;</span>so you decide to play an online/digital game with some close friends ."
10/24/2018 15:25,10/24/2018 15:30,0,71.176.70.228,100,339,1,10/24/2018 15:30,R_3KDtMquDAt1PFPv,,,,,43.03540039,-76.12819672,anonymous,EN,"1,2,3,4,5,6",2,,1,,"1,2,3",,3,,1,,1,5,,2,,1,"1,2,3",,2,,"3,4",,"1,2",,5,,"1,2",,,,,,,,,,,,,,,,,,,,,,,,,,,,,,,,,,,,,,,,,,,,,,,,,,,,,,,,,,,,,,,,,,,,,,,,,,,,,,,,,,,,,,,,,,,,,,,,,,,,,,,,,,,,,,,,,,,,,,,,,,,,,,,,,,,,,,,,,,,,,,,,,,,,,,,,,,,,,,,,,,,,,,,,,,,,,,,,,,,,,,,,67613,"<span lang=""EN-GB"">Suppose you want to take a click a photo when you are with your close friends&nbsp;</span>and family members at Starbucks"
10/24/2018 15:30,10/24/2018 15:32,0,34.224.88.99,100,154,1,10/24/2018 15:32,R_C9x7juQaW2S0J8t,,,,,39.0480957,-77.47280121,anonymous,EN,"1,2,3,4,5,6",3,,2,,3,,1,,3,,3,2,,2,,2,3,,1,,3,,2,,2,,1,,,,,,,,,,,,,,,,,,,,,,,,,,,,,,,,,,,,,,,,,,,,,,,,,,,,,,,,,,,,,,,,,,,,,,,,,,,,,,,,,,,,,,,,,,,,,,,,,,,,,,,,,,,,,,,,,,,,,,,,,,,,,,,,,,,,,,,,,,,,,,,,,,,,,,,,,,,,,,,,,,,,,,,,,,,,,,,,,,,,,,,,87538,"<span lang=""EN-GB"">Suppose
     you want to a view a text message when you with people you know (e.g.,
     acquaintances, colleagues) at a street<strong>.</strong><o:p></o:p></span>"
10/24/2018 15:30,10/24/2018 15:33,0,71.176.70.228,100,151,1,10/24/2018 15:33,R_2VCvZszL9a45g28,,,,,43.03540039,-76.12819672,anonymous,EN,"1,2,3,4,5,6",2,,5,,"1,2,3",,1,,1,,1,1,,"2,3",,1,"1,2,3",,"1,2",,"2,3",,"1,2",,"1,3",,"1,2",,4,,,,,,,,,,,,,,,,,,,,,,,,,,,,,,,,,,,,,,,,,,,,,,,,,,,,,,,,,,,,,,,,,,,,,,,,,,,,,,,,,,,,,,,,2,,3,,3,,1,,1,,1,5,,2,,2,,3,,3,,"1,2",,3,,1,,"1,2",,,,,,,,,,,,,,,,,,,,,,,,,,,,,,,,,,,,,,,,,,,,,,,,,,,,,,,,,,,,male,21,student,3,2,,2,23879,"<span lang=""EN-GB"">Suppose you want to read a digital document when you are in a park surrounded by your close friends.<o:p></o:p></span>"
10/24/2018 15:38,10/24/2018 15:42,0,162.248.134.252,100,225,1,10/24/2018 15:42,R_2Y9Uap66ABmYrwu,,,,,37.75100708,-97.8219986,anonymous,EN,"1,3,5,6","1,2,3,4,5",,"1,2,3",,"1,2,3,4",,1,,"1,2,3,4",,"1,2,3","1,2,3",,"1,2,3",,"1,2,3","1,2,3,4",,"1,2,3",,"1,2,3,4,6",,"1,2,3",,"1,2,3",,"1,2",,1,"1,2,3,4,5",,"1,2,3",,"1,2,3,4",,1,,"1,2,3,4",,"1,2,3","1,2,3",,"1,2,3",,"1,2,3",,"1,2,3,4",,"1,2,3,4,6",,"1,2,3",,"1,2,3,4,6",,"1,2,3",,"1,2",,,,,,,,,,,,,,,,,,,,,,,,,,,,,,,,,,,,,,,,,,,,,,,,,,,,,,,,,,,,,,,,,,,,,,,,,,,,,,,,,,,,,,,,,,,,,,,,,,,,,,,,,,,,,,,,,,,,,,,,,,,,,,,,,,,,,,,,,,,,,,,,,,,male,40,manager,5,1,,3,97843,"<span lang=""EN-GB"">Suppose
     you want to a view a text message when you are surrounded with people you
     are close to (e.g., friends, family members) at your home.<strong><o:p></o:p></strong></span>"
10/24/2018 15:34,10/24/2018 15:45,0,71.176.70.228,100,629,1,10/24/2018 15:45,R_3RkYfFI1KSP8xjm,,,,,43.03540039,-76.12819672,anonymous,EN,"1,2,3,4,5,6","1,2,5",,3,,"1,2,3,4",,1,,3,,1,5,,2,,1,"3,4",,"1,2,3",,"2,3",,"1,2,3",,5,,4,,"3,5",,,,,,,,,,,,,,,,,,,,,,,,,,,,,,,,,,,,,,,,,,,,,,,,,,,,,,,,,,,5,,1,,3,,3,,1,,4,5,,5,,5,,3,,3,,2,,3,,5,,"1,2",,,,,,,,,,,,,,,,,,,,,,,,,,,,,,,1,,5,,4,,1,,3,,1,5,,"2,3",,"2,3",,4,,2,,3,,2,,5,,4,,,,,,,,,,,,,,,,,,,,,,,,,,,,,,,male,36,clerk,3,2,,3,30097,"<span lang=""EN-GB"">Suppose
     you want to listen to some audio when you are alone at your home.<strong><o:p></o:p></strong></span>"
10/24/2018 15:47,10/24/2018 15:53,0,71.176.70.228,100,325,1,10/24/2018 15:53,R_1JP0qrQIN0qsrBQ,,,,,43.03540039,-76.12819672,anonymous,EN,"1,3,4,5,6",2,,5,,"3,4",,1,,2,,1,5,,"2,3",,1,3,,2,,"2,3",,2,,5,,"1,2",,6,,,,,,,,,,,,,,,,,,,,,,,,,,,,,,,,,,,,,,,,,,,,,,,,,,,,,,,,,,,,,,,,,,,,,,,,,,,,,,,,,,,,,,,,,,,,,,,,,,,,,,,,,,,,,,,,,,,,,,,,,,,,,,,,,,,,,,,,,,,,,,,,,,2,,1,,"2,3",,1,,1,,1,5,,2,,2,,3,,"2,3,4",,2,,"2,3,4",,5,,"1,2",,female,45,manager,4,3,,3,56156,"<span lang=""EN-GB"">Suppose
     you want to call your mother for sharing an important update about your
     life when you are with a very close friend at a restaurant&nbsp;<o:p></o:p></span>"
10/24/2018 15:56,10/24/2018 15:57,0,24.208.131.223,100,62,1,10/24/2018 15:57,R_3nNMl2ZEaLqzY02,,,,,39.95509338,-82.80349731,anonymous,EN,"2,3,5",2,,"2,3",,1,,1,,3,,2,"1,3",,3,,3,4,,2,,"1,4",,2,,1,,2,,,,,,,,,,,,,,,,,,,,,,,,,,,,,,,,,,,,,,,,,,,,,,,,,,,,,,,,,,,,,,,,,,,,,,,,,,,,,,,,,,,,,,,,,,,,,,,,,,,,,,,,,,,,,,,,,,,,,,,,,,,,,,,,,,,,,,,,,,,,,,,,,,,,,,,,,,,,,,,,,,,,,,,,,,,,,,,,,,,,,,,,41585,"<span lang=""EN-GB"">Suppose you want to set up a reminder about something when you are at Starbucks with close friends.<o:p></o:p></span>"
10/24/2018 15:53,10/24/2018 15:57,0,71.176.70.228,100,261,1,10/24/2018 15:57,R_r2BwMSakNfNGXXb,,,,,43.03540039,-76.12819672,anonymous,EN,"1,2,3,4,5,6",2,,5,,"2,3",,1,,1,,1,5,,5,,1,3,,2,,"3,4",,2,,1,,4,,6,,,,,,,,,,,,,,,,,,,,,,,,,,,,,,,,,,,,,,,,,,,,,,,,,,,,,,,,,,,,,,,,,,,,,,,,,,,,,,,,,,,,,,,,,,,,,,,,,,,,,,,,,,,,,,,,,,,,,,,,,,,,,,,,,,,,,,,,,,,,,,,,,,"1,2",,5,,"1,2,3",,1,,1,,1,5,,5,,5,,3,,"3,4",,"1,2",,"3,4",,5,,4,,female,25,cashier,3,3,,2,97512,"<span lang=""EN-GB"">Suppose you have planned to meet a friend next week and you want to put this on your calendar when you are with a very close friend at a restaurant&nbsp;<o:p></o:p></span>"
10/24/2018 16:15,10/24/2018 16:15,0,207.38.167.197,100,12,1,10/24/2018 16:15,R_2q8Ez0VW5fpTwSZ,,,,,40.77059937,-73.92649841,anonymous,EN,"1,3",,,,,,,,,,,,,,,,,,,,,,,,,,,,,,,,,,,,,,,,,,,,,,,,,,,,,,,,,,,,,,,,,,,,,,,,,,,,,,,,,,,,,,,,,,,,,,,,,,,,,,,,,,,,,,,,,,,,,,,,,,,,,,,,,,,,,,,,,,,,,,,,,,,,,,,,,,,,,,,,,,,,,,,,,,,,,,,,,,,,,,,,,,,,,,,,,,,,,,,,,,,,,,,,,,,79648,"<span lang=""EN-GB"">Suppose you want to watch some video when you are with your close friends at Starbucks.<o:p></o:p></span>"
10/24/2018 16:26,10/24/2018 16:29,0,47.221.52.247,100,150,1,10/24/2018 16:29,R_2PjLGkHnCmnkHMx,,,,,30.05690002,-95.1835022,anonymous,EN,"1,2,4",1,,1,,1,,1,,1,,1,1,,1,,1,1,,1,,1,,1,,1,,1,,1,1,,1,,1,,1,,1,,1,1,,1,,1,,1,,1,,1,,1,,1,,1,,,,,,,,,,,,,,,,,,,,,,,,,,,,,,,,,,,,,,,,,,,,,,,,,,,,,,,,,,,,,,,,,,,,,,,,,,,,,,,,,,,,,,,,,,,,,,,,,,,,,,,,,,,,,,,,,,,,,,,,,,,,,,,,,,,,,,,,,,,,,,,,,,,Female,35,Software developer,5,1,,4,62006,"<span lang=""EN-GB"">Suppose you want to read a digital document when you are at Starbucks with people you know (e.g., acquaintances, colleagues).<o:p></o:p></span>"
10/24/2018 16:31,10/24/2018 16:32,0,104.200.38.91,100,11,1,10/24/2018 16:32,R_3nioCPuL3agSQgG,,,,,35.66650391,-97.4654007,anonymous,EN,1,,,,,,,,,,,,,,,,,,,,,,,,,,,,,,,,,,,,,,,,,,,,,,,,,,,,,,,,,,,,,,,,,,,,,,,,,,,,,,,,,,,,,,,,,,,,,,,,,,,,,,,,,,,,,,,,,,,,,,,,,,,,,,,,,,,,,,,,,,,,,,,,,,,,,,,,,,,,,,,,,,,,,,,,,,,,,,,,,,,,,,,,,,,,,,,,,,,,,,,,,,,,,,,,,,,54351,"Suppose you want to call your mother for sharing an important update about your life when you are surrounded with people you are close to (e.g., friends, family members)at your home."
10/24/2018 16:27,10/24/2018 16:41,0,136.53.18.235,100,879,1,10/24/2018 16:41,R_1kOlYaTmlqHZF0W,,,,,34.62049866,-86.5510025,anonymous,EN,"1,2,3,4,5","1,4,5",,1,,"1,2",,1,,3,,3,"1,2",,1,,3,"1,2,3,4",,"2,3",,"3,4",,"2,3",,3,,4,,2,,,,,,,,,,,,,,,,,,,,,,,,,,,,,,"1,4",,1,,1,,1,,2,,1,2,,1,,2,,2,,3,,2,,"3,4",,1,,1,,,,,,,,,,,,,,,,,,,,,,,,,,,,,,,,,,,,,,,,,,,,,,,,,,,,,,,,,,,,,,,,,,,,,,,,,,,,,,,,,,,,,,,,,,,,,,,,,,,,,,,,,,,,,,,,,,,,,,,,,,,,,77243,"<span lang=""EN-GB"">Suppose you have planned to meet a friend next week and you want to&nbsp;put this on your calendar </span><span lang=""EN-GB"">when</span><span lang=""EN-GB""> you are surrounded by people you know (e.g., acquaintances, colleagues) at your home.</span><span lang=""EN-GB""><o:p></o:p></span>"
10/24/2018 16:42,10/24/2018 16:43,0,69.47.38.177,100,61,1,10/24/2018 16:43,R_1lcSMPVWRCfEra1,,,,,41.69340515,-87.6242981,anonymous,EN,"1,2,3,5,6","1,2,4",,5,,"1,3",,3,,"2,3,4",,"1,2",2,,"1,3",,"2,3","3,4",,"1,2",,7,,"1,3",,"2,3",,2,,,,,,,,,,,,,,,,,,,,,,,,,,,,,,,,,,,,,,,,,,,,,,,,,,,,,,,,,,,,,,,,,,,,,,,,,,,,,,,,,,,,,,,,,,,,,,,,,,,,,,,,,,,,,,,,,,,,,,,,,,,,,,,,,,,,,,,,,,,,,,,,,,,,,,,,,,,,,,,,,,,,,,,,,,,,,,,,,,,,,,,,78140,"<span lang=""EN-GB"">Suppose you want to find a route to home while walking on a street with people you know (e.g., acquaintances, colleagues).<o:p></o:p></span>"
10/24/2018 16:45,10/24/2018 16:45,0,66.85.16.218,100,14,1,10/24/2018 16:45,R_3qBVWVy1qyzrA1Y,,,,,40.60369873,-112.0410995,anonymous,EN,"2,3",,,,,,,,,,,,,,,,,,,,,,,,,,,,,,,,,,,,,,,,,,,,,,,,,,,,,,,,,,,,,,,,,,,,,,,,,,,,,,,,,,,,,,,,,,,,,,,,,,,,,,,,,,,,,,,,,,,,,,,,,,,,,,,,,,,,,,,,,,,,,,,,,,,,,,,,,,,,,,,,,,,,,,,,,,,,,,,,,,,,,,,,,,,,,,,,,,,,,,,,,,,,,,,,,,,78286,"<span lang=""EN-GB"">Suppose
     you want to listen to some audio when you are alone at Starbucks.<o:p></o:p></span>"
10/24/2018 16:46,10/24/2018 16:47,0,100.14.125.139,100,34,1,10/24/2018 16:47,R_ZsgooO1tW823f0t,,,,,40.09030151,-75.04100037,anonymous,EN,"1,2,3,4,5,6",2,,3,,2,,1,,4,,3,2,,2,,2,3,,2,,3,,2,,3,,1,,,,,,,,,,,,,,,,,,,,,,,,,,,,,,,,,,,,,,,,,,,,,,,,,,,,,,,,,,,,,,,,,,,,,,,,,,,,,,,,,,,,,,,,,,,,,,,,,,,,,,,,,,,,,,,,,,,,,,,,,,,,,,,,,,,,,,,,,,,,,,,,,,,,,,,,,,,,,,,,,,,,,,,,,,,,,,,,,,,,,,,,42977,"<span lang=""EN-GB"" style=""font-size:11.0pt;line-height:115%;
font-family:&quot;Arial&quot;,sans-serif;mso-fareast-font-family:Arial;mso-ansi-language:
EN-GB;mso-fareast-language:EN-US;mso-bidi-language:AR-SA"">Suppose you want to
find a route to a coffee shop when you are alone at home.</span>"
10/24/2018 16:47,10/24/2018 16:48,0,192.3.15.120,100,15,1,10/24/2018 16:48,R_ZmDeF1xI80QtZFD,,,,,42.88639832,-78.87809753,anonymous,EN,"3,6",,,,,,,,,,,,,,,,,,,,,,,,,,,,,,,,,,,,,,,,,,,,,,,,,,,,,,,,,,,,,,,,,,,,,,,,,,,,,,,,,,,,,,,,,,,,,,,,,,,,,,,,,,,,,,,,,,,,,,,,,,,,,,,,,,,,,,,,,,,,,,,,,,,,,,,,,,,,,,,,,,,,,,,,,,,,,,,,,,,,,,,,,,,,,,,,,,,,,,,,,,,,,,,,,,,18836,"<span lang=""EN-GB"">Suppose
     you want to find a route to home when you are at Starbucks with your close
     friends.<o:p></o:p></span>"
10/24/2018 16:42,10/24/2018 16:49,0,196.67.226.239,100,367,1,10/24/2018 16:49,R_RqwMqWwWpb2Vwjf,,,,,33.706604,-7.394393921,anonymous,EN,"1,2,3,4,5,6",3,,"2,3",,3,,1,,3,,3,3,,"1,2",,3,2,,2,,2,,2,,2,,1,,"1,2,4",4,,2,,1,,1,,4,,2,3,,2,,1,,2,,7,,2,,7,,2,,2,,5,,2,,4,,1,,2,,3,3,,2,,1,,"2,3",,3,,3,,4,,2,,4,,,,,,,,,,,,,,,,,,,,,,,,,,,,,,,5,,3,,2,,1,,3,,3,2,,1,,2,,3,,3,,1,,2,,2,,1,,,,,,,,,,,,,,,,,,,,,,,,,,,,,,,,,,,,,,,,,,,,,,,,,,,,,,,,,,,,,,,,,,,65690,"<span lang=""EN-GB"">Suppose
     you want to watch&nbsp; some video when
     you are with people you know (e.g., acquaintances, colleagues) at
     Starbucks<o:p></o:p></span>"
10/24/2018 16:49,10/24/2018 16:51,0,192.3.15.120,100,105,1,10/24/2018 16:51,R_r2BNsE9Dt6DYJFL,,,,,42.88639832,-78.87809753,anonymous,EN,"1,2,3,4,5,6",3,,2,,1,,1,,1,,3,2,,1,,1,2,,"2,3",,2,,1,,2,,1,,,,,,,,,,,,,,,,,,,,,,,,,,,,,,,,,,,,,,,,,,,,,,,,,,,,,,,,,,,,,,,,,,,,,,,,,,,,,,,,,,,,,,,,,,,,,,,,,,,,,,,,,,,,,,,,,,,,,,,,,,,,,,,,,,,,,,,,,,,,,,,,,,,,,,,,,,,,,,,,,,,,,,,,,,,,,,,,,,,,,,,,4472,"<span lang=""EN-GB"">Suppose
     you want to purchase something online when you are with your close friends
     at Starbucks.<o:p></o:p></span>"
10/24/2018 16:54,10/24/2018 16:55,0,61.216.99.75,100,11,1,10/24/2018 16:55,R_1FPbV5mbr2o1kG5,,,,,25.04780579,121.5317993,anonymous,EN,1,,,,,,,,,,,,,,,,,,,,,,,,,,,,,,,,,,,,,,,,,,,,,,,,,,,,,,,,,,,,,,,,,,,,,,,,,,,,,,,,,,,,,,,,,,,,,,,,,,,,,,,,,,,,,,,,,,,,,,,,,,,,,,,,,,,,,,,,,,,,,,,,,,,,,,,,,,,,,,,,,,,,,,,,,,,,,,,,,,,,,,,,,,,,,,,,,,,,,,,,,,,,,,,,,,,89792,"<span lang=""EN-GB"" style=""font-size:11.0pt;line-height:115%;
font-family:&quot;Arial&quot;,sans-serif;mso-fareast-font-family:Arial;mso-ansi-language:
EN-GB;mso-fareast-language:EN-US;mso-bidi-language:AR-SA"">Suppose you want to browse the internet when you are alone at your home.</span>"
10/24/2018 16:52,10/24/2018 16:56,0,71.82.146.151,100,238,1,10/24/2018 16:56,R_dogKOdr0uZV9ksx,,,,,44.78399658,-91.48770142,anonymous,EN,"1,2,5","2,5",,1,,3,,1,,1,,4,"1,2",,2,,4,6,,1,,3,,2,,5,,4,,,,,,,,,,,,,,,,,,,,,,,,,,,,,,,,,,,,,,,,,,,,,,,,,,,,,,,,,,,,,,,,,,,,,,,,,,,,,,,,,,,,,,,,,,,,,,,,,,,,,,,,,,,,,,,,,,,,,,,,,,,,,,,,,,,,,,,,,,,,,,,,,,,,,,,,,,,,,,,,,,,,,,,,,,,,,,,,,,,,,,,,42478,"<span lang=""EN-GB"">Suppose
     you want to a view a text message when you are surrounded with people you
     are close to (e.g., friends, family members) at your home.<strong><o:p></o:p></strong></span>"
10/24/2018 16:57,10/24/2018 16:58,0,162.155.236.130,100,56,1,10/24/2018 16:58,R_3fIAiOqpqSxfqIW,,,,,41.5592041,-81.48280334,anonymous,EN,"1,2,3,4,5,6",2,,1,,3,,1,,3,,3,1,,1,,1,2,,1,,1,,1,,2,,2,,,,,,,,,,,,,,,,,,,,,,,,,,,,,,,,,,,,,,,,,,,,,,,,,,,,,,,,,,,,,,,,,,,,,,,,,,,,,,,,,,,,,,,,,,,,,,,,,,,,,,,,,,,,,,,,,,,,,,,,,,,,,,,,,,,,,,,,,,,,,,,,,,,,,,,,,,,,,,,,,,,,,,,,,,,,,,,,,,,,,,,,2958,"<span lang=""EN-GB"">Suppose you have planned to meet a friend next week and you want to put this on your calendar when you are alone at a park<o:p></o:p></span>"
10/24/2018 17:11,10/24/2018 17:12,0,71.240.200.8,100,79,1,10/24/2018 17:12,R_QbsdONOVxj8aYVj,,,,,40.79249573,-77.85230255,anonymous,EN,"1,3",,,,,,,,,,,,,,,,,,,,,,,,,,,,,,,,,,,,,,,,,,,,,,,,,,,,,,,,,,,,,,,,,,,,,,,,,,,,,,,,,,,,,,,,,,,,,,,,,,,,,,,,,,,,,,,,,,,,,,,,,,,,,,,,,,,,,,,,,,,,,,,,,,,,,,,,,,,,,,,,,,,,,,,,,,,,,,,,,,,,,,,,,,,,,,,,,,,,,,,,,,,,,,,,,,,46837,"<span lang=""EN-GB"">Suppose you have planned to meet a friend next week and you want to put this on your calendar when you are with a very close friend at a restaurant&nbsp;<o:p></o:p></span>"
10/24/2018 17:03,10/24/2018 17:14,0,104.190.140.50,100,686,1,10/24/2018 17:14,R_UfKrRIT7NHZBEE9,,,,,30.51449585,-97.66799927,anonymous,EN,"1,2,4",2,,5,,2,,1,,3,,2,"1,2",,3,,2,3,,2,,6,,2,,3,,2,,2,,,,,,,,,,,,,,,,,,,,,,,,,,,,,,5,,5,,1,,1,,3,,4,1,,3,,5,,3,,3,,2,,3,,5,,2,,,,,,,,,,,,,,,,,,,,,,,,,,,,,,,,,,,,,,,,,,,,,,,,,,,,,,,,,,,,,,,,,,,,,,,,,,,,,,,,,,,,,,,,,,,,,,,,,,,,,,,,,,,,,,,,,,,,,,,,,,,,,35283,"<span lang=""EN-GB"">Suppose you want to control some devices/appliances (e.g., smart lights) when you are alone at home.<o:p></o:p></span>"
10/24/2018 17:18,10/24/2018 17:18,0,108.207.127.204,100,46,1,10/24/2018 17:18,R_roQz7QD7dSI0FwZ,,,,,36.75810242,-119.8112946,anonymous,EN,"2,3",,,,,,,,,,,,,,,,,,,,,,,,,,,,,,,,,,,,,,,,,,,,,,,,,,,,,,,,,,,,,,,,,,,,,,,,,,,,,,,,,,,,,,,,,,,,,,,,,,,,,,,,,,,,,,,,,,,,,,,,,,,,,,,,,,,,,,,,,,,,,,,,,,,,,,,,,,,,,,,,,,,,,,,,,,,,,,,,,,,,,,,,,,,,,,,,,,,,,,,,,,,,,,,,,,,69047,"<span lang=""EN-GB"">Suppose you want to find a route to a coffee shop when you are
     at home </span><span lang=""EN-GB"">with
     people you are close to (e.g., friends, family members)</span><strong><span lang=""EN-GB""><o:p></o:p></span></strong>"
10/24/2018 17:18,10/24/2018 17:19,0,108.207.127.204,100,35,1,10/24/2018 17:19,R_Q3tmDyK9h9VGOrL,,,,,36.75810242,-119.8112946,anonymous,EN,"2,5,6","1,2",,3,,"2,3",,1,,"2,3",,2,2,,3,,"1,2",3,,1,,3,,2,,3,,"1,2",,,,,,,,,,,,,,,,,,,,,,,,,,,,,,,,,,,,,,,,,,,,,,,,,,,,,,,,,,,,,,,,,,,,,,,,,,,,,,,,,,,,,,,,,,,,,,,,,,,,,,,,,,,,,,,,,,,,,,,,,,,,,,,,,,,,,,,,,,,,,,,,,,,,,,,,,,,,,,,,,,,,,,,,,,,,,,,,,,,,,,,,60880,"<span lang=""EN-GB"">Suppose
     you want to find a route to home when you are at Starbucks with your close
     friends.<o:p></o:p></span>"
10/24/2018 17:19,10/24/2018 17:21,0,108.207.127.204,100,106,1,10/24/2018 17:21,R_1dhnNgCBvUnxplW,,,,,36.75810242,-119.8112946,anonymous,EN,"2,5,6","1,2,3,4,5",,1,,1,,1,,"1,2",,1,1,,1,,"1,3","1,2,3",,"1,2",,"1,2,3",,1,,1,,1,,,,,,,,,,,,,,,,,,,,,,,,,,,,,,,,,,,,,,,,,,,,,,,,,,,,,,,,,,,,,,,,,,,,,,,,,,,,,,,,,,,,,,,,,,,,,,,,,,,,,,,,,,,,,,,,,,,,,,,,,,,,,,,,,,,,,,,,,,,,,,,,,,,,,,,,,,,,,,,,,,,,,,,,,,,,,,,,,,,,,,,,63339,"<span lang=""EN-GB"">Suppose
     you want to call your mother for sharing an important update about your
     life&nbsp; when you are alone at a park<o:p></o:p></span>"
10/24/2018 17:23,10/24/2018 17:24,0,76.177.91.35,100,94,1,10/24/2018 17:24,R_OJv2kN5ypweer9n,,,,,38.05479431,-83.938797,anonymous,EN,"2,3,6",2,,1,,2,,1,,1,,2,3,,1,,1,4,,3,,2,,2,,3,,2,,,,,,,,,,,,,,,,,,,,,,,,,,,,,,,,,,,,,,,,,,,,,,,,,,,,,,,,,,,,,,,,,,,,,,,,,,,,,,,,,,,,,,,,,,,,,,,,,,,,,,,,,,,,,,,,,,,,,,,,,,,,,,,,,,,,,,,,,,,,,,,,,,,,,,,,,,,,,,,,,,,,,,,,,,,,,,,,,,,,,,,,25703,"<span lang=""EN-GB"">Suppose you have planned to meet a friend next week and you want to put this on your calendar when you are surrounded by people you know (e.g., acquaintances, colleagues) at a restaurant.<o:p></o:p></span>"
10/24/2018 17:26,10/24/2018 17:27,0,174.206.31.13,100,53,1,10/24/2018 17:27,R_2YxNR0NFQsHr9Si,,,,,32.77870178,-96.82170105,anonymous,EN,6,,,,,,,,,,,,,,,,,,,,,,,,,,,,,,,,,,,,,,,,,,,,,,,,,,,,,,,,,,,,,,,,,,,,,,,,,,,,,,,,,,,,,,,,,,,,,,,,,,,,,,,,,,,,,,,,,,,,,,,,,,,,,,,,,,,,,,,,,,,,,,,,,,,,,,,,,,,,,,,,,,,,,,,,,,,,,,,,,,,,,,,,,,,,,,,,,,,,,,,,,,,,,,,,,,,35965,"<span lang=""EN-GB"">Suppose
     you want to listen to some audio when you are with your close friends in a
     park.<o:p></o:p></span>"
10/24/2018 17:27,10/24/2018 17:31,0,107.138.133.97,100,249,1,10/24/2018 17:31,R_tM7F71zCDYmdBYd,,,,,32.76719666,-96.68360138,anonymous,EN,"1,2,4","2,5",,1,,"1,2,3",,1,,1,,2,"1,2",,"1,2,3",,3,"1,2,3",,"1,2,3",,"1,2,3,4",,"1,2,3",,"1,2",,"1,2",,,,,,,,,,,,,,,,,,,,,,,,,,,,,,,,,,,,,,,,,,,,,,,,,,,,,,,,,,,,,,,,,,,,,,,,,,,,,,,,,,,,,,,,,,,,,,,,,,,,,,,,,,,,,,,,,,,,,,,,,,,,,,,,,,,,,,,,,,,,,,,,,,,,,,,,,,,,,,,,,,,,,,,,,,,,,,,,,,,,,,,,81838,"<span lang=""EN-GB"">Suppose
     you want to purchase something online when you are with people you are
     close to (e.g., friends, family members).<o:p></o:p></span>"
10/24/2018 17:35,10/24/2018 17:36,0,172.56.17.90,100,15,1,10/24/2018 17:36,R_3JeKrCQbNvECBmY,,,,,33.74890137,-117.907196,anonymous,EN,"2,3",,,,,,,,,,,,,,,,,,,,,,,,,,,,,,,,,,,,,,,,,,,,,,,,,,,,,,,,,,,,,,,,,,,,,,,,,,,,,,,,,,,,,,,,,,,,,,,,,,,,,,,,,,,,,,,,,,,,,,,,,,,,,,,,,,,,,,,,,,,,,,,,,,,,,,,,,,,,,,,,,,,,,,,,,,,,,,,,,,,,,,,,,,,,,,,,,,,,,,,,,,,,,,,,,,,42401,"<span lang=""EN-GB"">Suppose you want to watch some video when you are alone at your home.<strong><o:p></o:p></strong></span>"
10/24/2018 17:38,10/24/2018 17:39,0,74.89.46.57,100,71,1,10/24/2018 17:39,R_2rVpAq6PPhG4cta,,,,,40.58389282,-73.95359802,anonymous,EN,"1,2,3,4,5","1,2,3,4,5",,2,,"1,2,4",,1,,"3,4",,"1,3","1,2",,"1,2",,2,"3,4",,"2,3",,"3,4",,"1,2",,"1,2,3",,"1,2",,,,,,,,,,,,,,,,,,,,,,,,,,,,,,,,,,,,,,,,,,,,,,,,,,,,,,,,,,,,,,,,,,,,,,,,,,,,,,,,,,,,,,,,,,,,,,,,,,,,,,,,,,,,,,,,,,,,,,,,,,,,,,,,,,,,,,,,,,,,,,,,,,,,,,,,,,,,,,,,,,,,,,,,,,,,,,,,,,,,,,,,36158,"<span lang=""EN-GB"">Suppose it is a regular working day, you want to track the total amount of calories&nbsp;</span>you consume and burn off during the day.&nbsp;"
10/24/2018 17:40,10/24/2018 17:43,0,73.171.136.204,100,173,1,10/24/2018 17:43,R_1CCNKQA5rKsEXqs,,,,,30.34150696,-81.7358017,anonymous,EN,"1,2,3,4,5,6",4,,"1,3",,1,,1,,1,,3,"1,2,3",,3,,"2,3","1,4",,1,,"3,4",,1,,"1,2,3",,4,,,,,,,,,,,,,,,,,,,,,,,,,,,,,,,,,,,,,,,,,,,,,,,,,,,,,,,,,,,,,,,,,,,,,,,,,,,,,,,,,,,,,,,,,,,,,,,,,,,,,,,,,,,,,,,,,,,,,,,,,,,,,,,,,,,,,,,,,,,,,,,,,,,,,,,,,,,,,,,,,,,,,,,,,,,,,,,,,,,,,,,,36280,"<span lang=""EN-GB"">Suppose
     you are at starbucks and you realize today is the last day to pay one of
     your bills online.<o:p></o:p></span>"
10/24/2018 17:45,10/24/2018 17:45,0,184.91.194.17,100,42,1,10/24/2018 17:45,R_2QXs43S0t6iSnET,,,,,28.94549561,-80.89689636,anonymous,EN,"1,2",,,,,,,,,,,,,,,,,,,,,,,,,,,,,,,,,,,,,,,,,,,,,,,,,,,,,,,,,,,,,,,,,,,,,,,,,,,,,,,,,,,,,,,,,,,,,,,,,,,,,,,,,,,,,,,,,,,,,,,,,,,,,,,,,,,,,,,,,,,,,,,,,,,,,,,,,,,,,,,,,,,,,,,,,,,,,,,,,,,,,,,,,,,,,,,,,,,,,,,,,,,,,,,,,,,47685,"<span lang=""EN-GB"">Suppose
     you want to a send an email when you are with a very close friend at a
     restaurant&nbsp;<o:p></o:p></span>"
10/24/2018 17:52,10/24/2018 17:52,0,72.84.216.155,100,9,1,10/24/2018 17:52,R_2qfK6qXOhoKDc0i,,,,,37.43730164,-77.47879791,anonymous,EN,1,,,,,,,,,,,,,,,,,,,,,,,,,,,,,,,,,,,,,,,,,,,,,,,,,,,,,,,,,,,,,,,,,,,,,,,,,,,,,,,,,,,,,,,,,,,,,,,,,,,,,,,,,,,,,,,,,,,,,,,,,,,,,,,,,,,,,,,,,,,,,,,,,,,,,,,,,,,,,,,,,,,,,,,,,,,,,,,,,,,,,,,,,,,,,,,,,,,,,,,,,,,,,,,,,,,97564,"<span lang=""EN-GB"">Suppose you want to read a digital document when you are in a park surrounded by your close friends.<o:p></o:p></span>"
10/24/2018 17:45,10/24/2018 17:56,0,66.66.114.211,100,708,1,10/24/2018 17:56,R_3F4NvcAWVuQps64,,,,,43.23980713,-78.20680237,anonymous,EN,"1,2,4","1,2,3,4,5",,"1,2",,"1,2,3,4",,1,,1,,"2,3","1,2,3",,"1,2,3",,"2,3","2,3,4",,"1,2,3",,"1,2,3,4",,"1,2,3",,"1,2,3",,"1,2",,2,,,,,,,,,,,,,,,,,,,,,,,,,,,,,,2,,5,,1,,1,,6,,1,"2,3",,1,,"1,2",,"1,3",,"3,4",,2,,"3,4",,"1,2",,4,,,,,,,,,,,,,,,,,,,,,,,,,,,,,,,,,,,,,,,,,,,,,,,,,,,,,,,,,,,,,,,,,,,,,,,,,,,,,,,,,,,,,,,,,,,,,,,,,,,,,,,,,,,,,,,,,,,,,,,,,,,,,83087,"<span lang=""EN-GB"">Suppose you have planned to meet a friend next week and you want to put this on your calendar when you are with a very close friend at a park.&nbsp;<o:p></o:p></span>"
10/24/2018 17:56,10/24/2018 18:05,0,24.44.220.62,100,526,1,10/24/2018 18:05,R_2EEnfyhyLaC2vbs,,,,,40.14810181,-74.21369934,anonymous,EN,"1,2,4,6",2,,3,,2,,1,,1,,3,"1,2",,5,,3,6,,2,,6,,2,,5,,4,,2,,,,,,,,,,,,,,,,,,,,,,,,,,,,,,2,,3,,2,,1,,1,,3,"1,2,3",,5,,5,,6,,3,,2,,3,,5,,4,,,,,,,,,,,,,,,,,,,,,,,,,,,,,,,,,,,,,,,,,,,,,,,,,,,,,,,,,,,,,,,,,,,,,,,,,,,,,,,,,,,,,,,,,,,,,,,,,,,,,,,,,,,,,,,,,,,,,,female ,42,Sales ,3,1,,4,77839,"<span lang=""EN-GB"">Suppose you are at Starbucks with your close friends and you realize today is the last day to pay one of your bills online.<o:p></o:p></span>"
10/24/2018 18:15,10/24/2018 18:15,0,24.112.224.49,100,27,1,10/24/2018 18:15,R_p3HLAt8Q4IT0e53,,,,,41.17120361,-82.22689819,anonymous,EN,"1,2",,,,,,,,,,,,,,,,,,,,,,,,,,,,,,,,,,,,,,,,,,,,,,,,,,,,,,,,,,,,,,,,,,,,,,,,,,,,,,,,,,,,,,,,,,,,,,,,,,,,,,,,,,,,,,,,,,,,,,,,,,,,,,,,,,,,,,,,,,,,,,,,,,,,,,,,,,,,,,,,,,,,,,,,,,,,,,,,,,,,,,,,,,,,,,,,,,,,,,,,,,,,,,,,,,,13477,"<span lang=""EN-GB"">Suppose
     you want to read a digital document when you are alone at home.<strong><o:p></o:p></strong></span>"
10/24/2018 18:17,10/24/2018 18:19,0,136.62.42.102,100,72,1,10/24/2018 18:19,R_1IsdQW1Mb1IoLwU,,,,,30.20629883,-97.79560089,anonymous,EN,4,,,,,,,,,,,,,,,,,,,,,,,,,,,,,,,,,,,,,,,,,,,,,,,,,,,,,,,,,,,,,,,,,,,,,,,,,,,,,,,,,,,,,,,,,,,,,,,,,,,,,,,,,,,,,,,,,,,,,,,,,,,,,,,,,,,,,,,,,,,,,,,,,,,,,,,,,,,,,,,,,,,,,,,,,,,,,,,,,,,,,,,,,,,,,,,,,,,,,,,,,,,,,,,,,,,53501,"<span lang=""EN-GB"">Suppose
     you want to call your mother for sharing an important update about your
     life when you are with a very close friend at a restaurant&nbsp;<o:p></o:p></span>"
10/24/2018 18:20,10/24/2018 18:20,0,104.245.229.174,100,16,1,10/24/2018 18:20,R_9RWqzFm06hS7Jtv,,,,,38.01319885,-78.03469849,anonymous,EN,"1,2",,,,,,,,,,,,,,,,,,,,,,,,,,,,,,,,,,,,,,,,,,,,,,,,,,,,,,,,,,,,,,,,,,,,,,,,,,,,,,,,,,,,,,,,,,,,,,,,,,,,,,,,,,,,,,,,,,,,,,,,,,,,,,,,,,,,,,,,,,,,,,,,,,,,,,,,,,,,,,,,,,,,,,,,,,,,,,,,,,,,,,,,,,,,,,,,,,,,,,,,,,,,,,,,,,,72658,"<span lang=""EN-GB"">Suppose you want to a view a text message when you are alone at a street.<o:p></o:p></span>"
10/24/2018 18:22,10/24/2018 18:23,0,71.206.234.61,100,65,1,10/24/2018 18:23,R_2S8eU71Qx0jWHyT,,,,,40.45979309,-79.82240295,anonymous,EN,"1,2,3,4,6",4,,3,,4,,1,,1,,2,2,,1,,2,2,,2,,1,,1,,1,,2,,,,,,,,,,,,,,,,,,,,,,,,,,,,,,,,,,,,,,,,,,,,,,,,,,,,,,,,,,,,,,,,,,,,,,,,,,,,,,,,,,,,,,,,,,,,,,,,,,,,,,,,,,,,,,,,,,,,,,,,,,,,,,,,,,,,,,,,,,,,,,,,,,,,,,,,,,,,,,,,,,,,,,,,,,,,,,,,,,,,,,,,39320,"<span lang=""EN-GB"">Suppose you want to call your mother for sharing an important
     update about your life when you are surrounded by people you know (e.g.,
     acquaintances, colleagues) at your home.<o:p></o:p></span>"
10/24/2018 18:24,10/24/2018 18:25,0,69.136.185.8,100,46,1,10/24/2018 18:25,R_3hgBO9XYJfpM0C2,,,,,41.80929565,-87.7052002,anonymous,EN,"2,3,4,6",3,,3,,3,,1,,3,,3,2,,1,,2,2,,2,,4,,2,,2,,2,,,,,,,,,,,,,,,,,,,,,,,,,,,,,,,,,,,,,,,,,,,,,,,,,,,,,,,,,,,,,,,,,,,,,,,,,,,,,,,,,,,,,,,,,,,,,,,,,,,,,,,,,,,,,,,,,,,,,,,,,,,,,,,,,,,,,,,,,,,,,,,,,,,,,,,,,,,,,,,,,,,,,,,,,,,,,,,,,,,,,,,,21315,"<span lang=""EN-GB"">Suppose
     you want to a send an email when you are surrounded by people you know
     (e.g., acquaintances, colleagues) your home.<o:p></o:p></span>"
10/24/2018 18:19,10/24/2018 18:26,0,184.56.219.38,100,445,1,10/24/2018 18:26,R_32VzO5D1iAqqmlP,,,,,42.07629395,-80.06680298,anonymous,EN,"1,2,3,4,6","2,4",,5,,"1,2,3,4",,1,,1,,1,1,,3,,1,3,,2,,3,,2,,5,,2,,2,,,,,,,,,,,,,,,,,,,,,,,,,,,,,,"1,2,4,5",,5,,1,,1,,1,,4,1,,"1,2,3",,5,,3,,7,,5,,"1,2,3,4",,5,,2,,,,,,,,,,,,,,,,,,,,,,,,,,,,,,,,,,,,,,,,,,,,,,,,,,,,,,,,,,,,,,,,,,,,,,,,,,,,,,,,,,,,,,,,,,,,,,,,,,,,,,,,,,,,,,,,,,,,,,,,,,,,,25795,"<span lang=""EN-GB"">Suppose
     you want to read a digital document when you are at Starbucks.<o:p></o:p></span>"
10/24/2018 18:27,10/24/2018 18:27,0,174.194.4.27,100,13,1,10/24/2018 18:27,R_3PFZutm3WqXZyCt,,,,,35.13549805,-80.76689911,anonymous,EN,2,,,,,,,,,,,,,,,,,,,,,,,,,,,,,,,,,,,,,,,,,,,,,,,,,,,,,,,,,,,,,,,,,,,,,,,,,,,,,,,,,,,,,,,,,,,,,,,,,,,,,,,,,,,,,,,,,,,,,,,,,,,,,,,,,,,,,,,,,,,,,,,,,,,,,,,,,,,,,,,,,,,,,,,,,,,,,,,,,,,,,,,,,,,,,,,,,,,,,,,,,,,,,,,,,,,28100,"<span lang=""EN-GB"">Suppose you want to browse internet when you are with your close friends at a restaurant.<o:p></o:p></span>"
10/24/2018 17:57,10/24/2018 18:29,0,71.161.71.235,100,1911,1,10/24/2018 18:29,R_2yjFSlavcDwr1hM,,,,,42.32200623,-79.57260132,anonymous,EN,"1,2,3,4,5","3,5",,"1,2",,4,,1,,"2,4",,"1,2","1,2",,"1,2",,"2,3","1,2",,"2,3",,3,,"2,3",,"2,3",,"1,2",,,,,,,,,,,,,,,,,,,,,,,,,,,,,,,,,,,,,,,,,,,,,,,,,,,,,,,,,,,,,,,,,,,,,,,,,,,,,,,,,,,,,,,,,,,,,,,,,,,,,,,,,,,,,,,,,,,,,,,,,,,,,,,,,,,,,,,,,,,,,,,,,,,,,,,,,,,,,,,,,,,,,,,,,,,,,,,,,,,,,,,,50958,"<span lang=""EN-GB"">Suppose
     you want to purchase something online when you are alone at your home.<o:p></o:p></span>"
10/24/2018 18:30,10/24/2018 18:36,0,173.175.170.107,100,352,1,10/24/2018 18:36,R_bj59borkdM64djj,,,,,31.77630615,-106.4932022,anonymous,EN,"2,3,4","2,3,4,5",,1,,"2,3",,3,,1,,2,5,,2,,3,3,,2,,1,,2,,"1,2,3",,4,,,,,,,,,,,,,,,,,,,,,,,,,,,,,,,,,,,,,,,,,,,,,,,,,,,,,,,,,,,,,,,,,,,,,,,,,,,,,,,,,,,,,,,,,,,,,,,,,,,,,,,,,,,,,,,,,,,,,,,,,,,,,,,,,,,,,,,,,,,,,,,,,,,,,,,,,,,,,,,,,,,,,,,,,,,,,,,,,,,,,,,,87717,"<span lang=""EN-GB"">Suppose you want to browse the internet when you are at home with people you know (e.g., acquaintances, colleagues).<o:p></o:p></span>"
10/24/2018 18:34,10/24/2018 18:36,0,216.169.18.21,100,169,1,10/24/2018 18:36,R_27TLdIQ9NKiivr8,,,,,40.56739807,-89.6242981,anonymous,EN,3,,,,,,,,,,,,,,,,,,,,,,,,,,,,,,,,,,,,,,,,,,,,,,,,,,,,,,,,,,,,,,,,,,,,,,,,,,,,,,,,,,,,,,,,,,,,,,,,,,,,,,,,,,,,,,,,,,,,,,,,,,,,,,,,,,,,,,,,,,,,,,,,,,,,,,,,,,,,,,,,,,,,,,,,,,,,,,,,,,,,,,,,,,,,,,,,,,,,,,,,,,,,,,,,,,,10143,"<span lang=""EN-GB"">Suppose you are on a short vacation and you want to take a picture in front&nbsp;</span>of an iconic monument when you are surrounded by many people."
10/24/2018 18:32,10/24/2018 18:38,0,173.195.16.166,100,350,1,10/24/2018 18:38,R_2RaaIjJx6hJbobY,,,,,37.94850159,-91.76029968,anonymous,EN,"1,2,4,6","2,4",,3,,"2,3",,3,,"1,3",,3,1,,3,,3,"2,3",,2,,"1,2",,"1,2",,1,,"1,2",,,,,,,,,,,,,,,,,,,,,,,,,,,,,,,,,,,,,,,,,,,,,,,,,,,,,,,,,,,,,,,,,,,,,,,,,,,,,,,,,,,,,,,,,,,,,,,,,,,,,,,,,,,,,,,,,,,,,,,,,,,,,,,,,,,,,,,,,,,,,,,,,,,,,,,,,,,,,,,,,,,,,,,,,,,,,,,,,,,,,,,,44557,"Suppose
     you want to call your mother for sharing an important update about your
     life when you are surrounded by people you
     know (e.g., acquaintances, colleagues) at a restaurant.<o:p></o:p>"
10/24/2018 18:40,10/24/2018 18:41,0,208.54.44.196,100,24,1,10/24/2018 18:41,R_wWXTij1qdBKNpFn,,,,,35.22709656,-80.8431015,anonymous,EN,2,,,,,,,,,,,,,,,,,,,,,,,,,,,,,,,,,,,,,,,,,,,,,,,,,,,,,,,,,,,,,,,,,,,,,,,,,,,,,,,,,,,,,,,,,,,,,,,,,,,,,,,,,,,,,,,,,,,,,,,,,,,,,,,,,,,,,,,,,,,,,,,,,,,,,,,,,,,,,,,,,,,,,,,,,,,,,,,,,,,,,,,,,,,,,,,,,,,,,,,,,,,,,,,,,,,11019,"<span lang=""EN-GB"">Suppose you want to browse the internet when you are with your close friends at a park.<o:p></o:p></span>"
10/24/2018 18:41,10/24/2018 18:42,0,208.54.44.196,100,98,1,10/24/2018 18:42,R_ZKbsABOhdGUYwIp,,,,,35.22709656,-80.8431015,anonymous,EN,"1,2,3,4",2,,1,,2,,1,,1,,3,2,,2,,3,2,,1,,2,,1,,2,,1,,4,,,,,,,,,,,,,,,,,,,,,,,,,,,,,,,,,,,,,,,,,,,,,,,,,,,,,,,,,,,,,,,,,,,,,,,,,,,,,,,,,,,,,,,,7,,2,,4,,1,,1,,"1,3",2,,1,,2,,3,,"3,6",,1,,4,,2,,1,,,,,,,,,,,,,,,,,,,,,,,,,,,,,,,,,,,,,,,,,,,,,,,,,,,,,,,,,,,,,,,,,,,26795,"Suppose you want to purchase something (e.g., book,
     household items) online when you are with people
     you know (e.g., acquaintances, colleagues) at
     Starbucks.<o:p></o:p>"
10/24/2018 18:40,10/24/2018 18:44,0,66.212.60.113,100,238,1,10/24/2018 18:44,R_2V85siyjfL0WIVR,,,,,18.3946991,-67.11319733,anonymous,EN,"1,2,4","1,2,3",,"1,2,3",,1,,1,,"1,2,3",,"1,2","1,2",,1,,"1,2","1,2",,"1,2",,"1,2,3",,1,,"1,2",,1,,,,,,,,,,,,,,,,,,,,,,,,,,,,,,,,,,,,,,,,,,,,,,,,,,,,,,,,,,,,,,,,,,,,,,,,,,,,,,,,,,,,,,,,,,,,,,,,,,,,,,,,,,,,,,,,,,,,,,,,,,,,,,,,,,,,,,,,,,,,,,,,,,,,,,,,,,,,,,,,,,,,,,,,,,,,,,,,,,,,,,,,86302,"<span lang=""EN-GB"">Suppose
     you want&nbsp; to a send a text message
     when you are walking with a very close friend on a street<o:p></o:p></span>"
10/24/2018 18:46,10/24/2018 18:48,0,73.37.114.204,100,143,1,10/24/2018 18:48,R_1oHW58YbUXRIhET,,,,,45.5440979,-122.6423035,anonymous,EN,"1,2,3,4,5,6","1,2,3,4,5",,"2,3",,"1,3,4",,1,,"1,2,3,4",,2,3,,2,,"1,2",3,,"2,3",,4,,2,,"2,3",,"1,2",,,,,,,,,,,,,,,,,,,,,,,,,,,,,,,,,,,,,,,,,,,,,,,,,,,,,,,,,,,,,,,,,,,,,,,,,,,,,,,,,,,,,,,,,,,,,,,,,,,,,,,,,,,,,,,,,,,,,,,,,,,,,,,,,,,,,,,,,,,,,,,,,,,,,,,,,,,,,,,,,,,,,,,,,,,,,,,,,,,,,,,,15089,
10/24/2018 18:46,10/24/2018 18:50,0,172.12.89.97,100,270,1,10/24/2018 18:51,R_uqRopmnQpX3ThMB,,,,,34.1242981,-118.0514984,anonymous,EN,"1,3,4","1,2,4,5",,3,,"1,2,3",,3,,1,,"2,3",2,,3,,"2,3","1,2,3",,2,,"2,3,4",,"1,2",,3,,4,,,,,,,,,,,,,,,,,,,,,,,,,,,,,,,,,,,,,,,,,,,,,,,,,,,,,,,,,,,,,,,,,,,,,,,,,,,,,,,,,,,,,,,,,,,,,,,,,,,,,,,,,,,,,,,,,,,,,,,,,,,,,,,,,,,,,,,,,,,,,,,,,,,,,,,,,,,,,,,,,,,,,,,,,,,,,,,,,,,,,,,,20510,"<span lang=""EN-GB"">Suppose you have planned to meet a friend next week and you want to put this on your calendar when you are alone at Starbucks.<o:p></o:p></span>"
10/24/2018 18:51,10/24/2018 18:53,0,68.5.61.79,100,63,1,10/24/2018 18:53,R_1KfrP02ynyeA7Kd,,,,,33.50849915,-117.6565018,anonymous,EN,"1,2,3,4","2,4",,3,,3,,1,,3,,2,1,,1,,"1,2","1,3",,"2,3",,3,,2,,3,,1,,,,,,,,,,,,,,,,,,,,,,,,,,,,,,,,,,,,,,,,,,,,,,,,,,,,,,,,,,,,,,,,,,,,,,,,,,,,,,,,,,,,,,,,,,,,,,,,,,,,,,,,,,,,,,,,,,,,,,,,,,,,,,,,,,,,,,,,,,,,,,,,,,,,,,,,,,,,,,,,,,,,,,,,,,,,,,,,,,,,,,,,76158,"<span lang=""EN-GB"">Suppose
     you want to a send an email when you are surrounded by people you know
     (e.g., acquaintances, colleagues) at a restaurant.<o:p></o:p></span>"
10/24/2018 18:54,10/24/2018 18:54,0,173.216.2.15,100,14,1,10/24/2018 18:54,R_22Rn4BjFSa7fkjK,,,,,34.94569397,-92.03179932,anonymous,EN,"1,2",,,,,,,,,,,,,,,,,,,,,,,,,,,,,,,,,,,,,,,,,,,,,,,,,,,,,,,,,,,,,,,,,,,,,,,,,,,,,,,,,,,,,,,,,,,,,,,,,,,,,,,,,,,,,,,,,,,,,,,,,,,,,,,,,,,,,,,,,,,,,,,,,,,,,,,,,,,,,,,,,,,,,,,,,,,,,,,,,,,,,,,,,,,,,,,,,,,,,,,,,,,,,,,,,,,46532,"<span lang=""EN-GB"">Suppose you want to set up a reminder when you are at a park with close friends.<o:p></o:p></span>"
10/24/2018 18:53,10/24/2018 18:58,0,108.249.83.98,100,281,1,10/24/2018 18:58,R_2DLXb50bO74brk8,,,,,32.8473053,-79.82060242,anonymous,EN,"1,2,3,6",2,,5,,"2,3",,3,,1,,3,"1,2",,"2,3",,4,"1,2",,2,,"1,2,3,4",,2,,5,,2,,,,,,,,,,,,,,,,,,,,,,,,,,,,,,,,,,,,,,,,,,,,,,,,,,,,,,,,,,,,,,,,,,,,,,,,,,,,,,,,,,,,,,,,,,,,,,,,,,,,,,,,,,,,,,,,,,,,,,,,,,,,,,,,,,,,,,,,,,,,,,,,,,,,,,,,,,,,,,,,,,,,,,,,,,,,,,,,,,,,,,,,5112,"<span lang=""EN-GB"">Suppose
     you want to take a click a photo when you are alone at home.<o:p></o:p></span>"
10/17/2018 18:55,10/17/2018 19:02,0,167.23.240.75,88,418,0,10/24/2018 19:02,R_2ZJEbmNN36p6IVL,,,,,,,anonymous,EN,"1,2,3",4,,3,,3,,1,,1,,3,2,,2,,3,3,,2,,3,,2,,1,,2,,1,,,,,,,,,,,,,,,,,,,,,,,,,,,,,,,,,,,,,,,,,,,,,,,,,,,,,,,,,,,,,,,,,,,,,,,,,,,,,,,,,,,,,,,,,,,,,,,,,,,,,,,,,,,,,,,,,,,,,,,,,,,,,,,,,,,,,,,,,,,,,,,,,,,,,,,,,,,,,,,,,,,,,,,,,,,,,,,,,,,,,,63920,"<span lang=""EN-GB"">Suppose you are at sitting in a park and you want to play a digital/online game&nbsp;</span>with some close friends."
10/24/2018 19:04,10/24/2018 19:04,0,24.251.87.43,100,6,1,10/24/2018 19:04,R_3rOmNUfKdXi7ga9,,,,,33.44999695,-112.2593002,anonymous,EN,3,,,,,,,,,,,,,,,,,,,,,,,,,,,,,,,,,,,,,,,,,,,,,,,,,,,,,,,,,,,,,,,,,,,,,,,,,,,,,,,,,,,,,,,,,,,,,,,,,,,,,,,,,,,,,,,,,,,,,,,,,,,,,,,,,,,,,,,,,,,,,,,,,,,,,,,,,,,,,,,,,,,,,,,,,,,,,,,,,,,,,,,,,,,,,,,,,,,,,,,,,,,,,,,,,,,31682,"<span lang=""EN-GB"">Suppose you want to browse the internet when you alone at a park.<o:p></o:p></span>"
10/24/2018 19:07,10/24/2018 19:08,0,75.113.101.60,100,64,1,10/24/2018 19:08,R_BR4iDnn2a7V8JUJ,,,,,35.13220215,-118.4490051,anonymous,EN,"2,3,4",1,,1,,3,,1,,2,,1,1,,1,,2,1,,2,,1,,2,,1,,4,,,,,,,,,,,,,,,,,,,,,,,,,,,,,,,,,,,,,,,,,,,,,,,,,,,,,,,,,,,,,,,,,,,,,,,,,,,,,,,,,,,,,,,,,,,,,,,,,,,,,,,,,,,,,,,,,,,,,,,,,,,,,,,,,,,,,,,,,,,,,,,,,,,,,,,,,,,,,,,,,,,,,,,,,,,,,,,,,,,,,,,,45444,"<span lang=""EN-GB"">Suppose
     you want to a send an email when you are walking on a street.<o:p></o:p></span>"
10/24/2018 19:11,10/24/2018 19:15,0,76.174.155.42,100,203,1,10/24/2018 19:15,R_O75LgSXBDTZPFxD,,,,,34.16549683,-118.5175018,anonymous,EN,"1,2,4,5","1,2,4",,"1,3",,1,,1,,1,,3,"1,2,3",,"1,2,3",,"1,2","1,2,3,4",,"1,2,3",,"1,2,3,4",,"1,2,3",,5,,"1,2",,,,,,,,,,,,,,,,,,,,,,,,,,,,,,,,,,,,,,,,,,,,,,,,,,,,,,,,,,,,,,,,,,,,,,,,,,,,,,,,,,,,,,,,,,,,,,,,,,,,,,,,,,,,,,,,,,,,,,,,,,,,,,,,,,,,,,,,,,,,,,,,,,,,,,,,,,,,,,,,,,,,,,,,,,,,,,,,,,,,,,,,79314,"<span lang=""EN-GB"">Suppose
     you want to listen to some audio when you are with your friends at
     Starbucks.<o:p></o:p></span>"
10/24/2018 19:16,10/24/2018 19:19,0,45.19.51.111,100,187,1,10/24/2018 19:19,R_3rSqMxBmQgNMokw,,,,,30.50520325,-97.82029724,anonymous,EN,"1,2,3",2,,1,,2,,1,,"2,3",,3,2,,"2,3",,2,1,,2,,7,,2,,2,,2,,,,,,,,,,,,,,,,,,,,,,,,,,,,,,,,,,,,,,,,,,,,,,,,,,,,,,,,,,,,,,,,,,,,,,,,,,,,,,,,,,,,,,,,,,,,,,,,,,,,,,,,,,,,,,,,,,,,,,,,,,,,,,,,,,,,,,,,,,,,,,,,,,,,,,,,,,,,,,,,,,,,,,,,,,,,,,,,,,,,,,,,75946,"Suppose you want to check your social media status
     when you are at Starbucks.<o:p></o:p>"
10/24/2018 19:35,10/24/2018 19:35,0,98.214.186.66,100,14,1,10/24/2018 19:35,R_2AKHGkCW6qwusRx,,,,,40.70339966,-89.41940308,anonymous,EN,"1,2",,,,,,,,,,,,,,,,,,,,,,,,,,,,,,,,,,,,,,,,,,,,,,,,,,,,,,,,,,,,,,,,,,,,,,,,,,,,,,,,,,,,,,,,,,,,,,,,,,,,,,,,,,,,,,,,,,,,,,,,,,,,,,,,,,,,,,,,,,,,,,,,,,,,,,,,,,,,,,,,,,,,,,,,,,,,,,,,,,,,,,,,,,,,,,,,,,,,,,,,,,,,,,,,,,,53756,"<span lang=""EN-GB"">Suppose
     you want to a view a text message when you are with a very close friend at
     a restaurant&nbsp;<o:p></o:p></span>"
10/17/2018 19:21,10/17/2018 19:36,0,162.196.59.44,88,941,0,10/24/2018 19:36,R_2Y6e1QP3yeuiFke,,,,,,,anonymous,EN,"1,2,3,4,5","1,2,3,4,5",,"1,2",,"1,2,3,4",,"1,2",Able to customize what i want it to show or sound while in a customized mode. The mode will be related to my moblity.,"1,2,3",,"2,3","1,2,3",,"1,3",,"2,3","1,2,3,4",,"1,2,3,4",Let's me customize easily without needing to search for it.,"2,3,4",,"1,2",,"1,2,3",,"1,2,3",3rd party content.,"2,4",,,,,,,,,,,,,,,,,,,,,,,,,,,,,,,,,,,,,,,,,,,,,,,,,,,,,,,,,,,,,,,,,,,,,,,,,,,,,,,,,,,,,,,,,,,,,,,,,,,,,,,,,,,,,,,,,,,,,,,,,,,,,,,,,,,,,,,,,,,,,,,,,,,,,,,,,,,,,,,,,,,,,,,,,,,,,,,,,,,,,,78825,"<span lang=""EN-GB"">Suppose you want to browse through one of your social media profiles when you&nbsp;</span>are at your home."
10/17/2018 19:35,10/17/2018 19:39,0,100.14.227.202,78,200,0,10/24/2018 19:39,R_3ikZrzfCt9a3hub,,,,,,,anonymous,EN,"2,3,4,5",,,,,,,,,,,,,,,,,,,,,,,,,,,,,,,,,,,,,,,,,,,,,,,,,,,,,,,,,,,,,,,,,,,,,,,,,,,,,,,,,,,,,,,,,,,,,,,,,,,,,,,,,,,,,,,,,,,,,,,,,,,,,,,,,,,,,,,,,,,,,,,,,,,,,,,,,,,,,,,,,,,,,,,,,,,,,,,,,,,,,,,,,,,,,,,,,,,,,,,,,,,,,,,,,,,81798,"<span lang=""EN-GB"">Suppose
     you want to set up a reminder about something when you are with people you
     know (e.g., acquaintances, colleagues) at Starbucks.<o:p></o:p></span>"
10/24/2018 19:42,10/24/2018 19:42,0,68.33.77.146,100,12,1,10/24/2018 19:42,R_1M4aHo7eR0PXC5M,,,,,38.92019653,-77.03749847,anonymous,EN,5,,,,,,,,,,,,,,,,,,,,,,,,,,,,,,,,,,,,,,,,,,,,,,,,,,,,,,,,,,,,,,,,,,,,,,,,,,,,,,,,,,,,,,,,,,,,,,,,,,,,,,,,,,,,,,,,,,,,,,,,,,,,,,,,,,,,,,,,,,,,,,,,,,,,,,,,,,,,,,,,,,,,,,,,,,,,,,,,,,,,,,,,,,,,,,,,,,,,,,,,,,,,,,,,,,,65819,"<span lang=""EN-GB"" style=""font-size:11.0pt;line-height:115%;
font-family:&quot;Arial&quot;,sans-serif;mso-fareast-font-family:Arial;mso-ansi-language:
EN-GB;mso-fareast-language:EN-US;mso-bidi-language:AR-SA"">Suppose you want to a
view a text message when you are alone at home</span>"
10/24/2018 19:37,10/24/2018 19:44,0,47.24.5.88,100,449,1,10/24/2018 19:44,R_2bVO86HqMEKrpg8,,,,,32.62539673,-97.36579895,anonymous,EN,"1,2,4,5",2,,1,,"1,3",,1,,1,,1,"1,2,3",,3,,1,2,,"1,2,3",,"1,2",,"1,2,3",,"1,2,3",,2,,2,,,,,,,,,,,,,,,,,,,,,,,,,,,,,,2,,1,,"1,3",,1,,1,,"1,3","1,2,3",,"1,2,3",,"1,2,3",,2,,"1,2",,"1,2,3",,"1,2",,1,,2,,,,,,,,,,,,,,,,,,,,,,,,,,,,,,,,,,,,,,,,,,,,,,,,,,,,,,,,,,,,,,,,,,,,,,,,,,,,,,,,,,,,,,,,,,,,,,,,,,,,,,,,,,,,,,,,,,,,,,Male,59,Retired,5,1,,2,61226,"<span lang=""EN-GB"">Suppose
     you want to a view a text message when you are surrounded by people you
     know (e.g., acquaintances, colleagues) at your home.<o:p></o:p></span>"
10/24/2018 19:47,10/24/2018 19:49,0,63.234.35.121,100,152,1,10/24/2018 19:49,R_1mezDvFouKoTxd9,,,,,39.55889893,-106.1332016,anonymous,EN,"1,2,4",2,,1,,"1,2",,1,,2,,3,"1,2,3",,"2,3",,1,"1,2,3,4",,"1,2",,"1,3,4",,"1,2",,1,,"1,2",,,,,,,,,,,,,,,,,,,,,,,,,,,,,,,,,,,,,,,,,,,,,,,,,,,,,,,,,,,,,,,,,,,,,,,,,,,,,,,,,,,,,,,,,,,,,,,,,,,,,,,,,,,,,,,,,,,,,,,,,,,,,,,,,,,,,,,,,,,,,,,,,,,,,,,,,,,,,,,,,,,,,,,,,,,,,,,,,,,,,,,,60385,"<span lang=""EN-GB"">Suppose you want to a send a text message when you are alone at a street.<o:p></o:p></span>"
10/24/2018 19:51,10/24/2018 19:52,0,138.219.174.219,100,92,1,10/24/2018 19:52,R_3IQ1zBh0F1JQtgz,,,,,15,-86.5,anonymous,EN,"1,2,4","3,4",,3,,3,,1,,2,,3,2,,3,,2,"2,3",,2,,"2,3",,"1,2",,"2,3",,2,,,,,,,,,,,,,,,,,,,,,,,,,,,,,,,,,,,,,,,,,,,,,,,,,,,,,,,,,,,,,,,,,,,,,,,,,,,,,,,,,,,,,,,,,,,,,,,,,,,,,,,,,,,,,,,,,,,,,,,,,,,,,,,,,,,,,,,,,,,,,,,,,,,,,,,,,,,,,,,,,,,,,,,,,,,,,,,,,,,,,,,,39037,"Suppose you are alone at home, you want to take a break from studying/working&nbsp;<p>so you decide to play a video game with some with some people you know (e.g., acquaintances, colleagues).<o:p></o:p></p>"
10/22/2018 20:43,10/24/2018 19:57,0,50.32.105.133,100,170031,1,10/24/2018 19:57,R_20SutAwJEB772Cx,,,,,41.63920593,-76.01550293,anonymous,EN,"1,2,3,4,5",2,,1,,3,,1,,1,,3,"2,3",,2,,3,3,,2,,6,,2,,3,,2,,2,,,,,,,,,,,,,,,,,,,,,,,,,,,,,,2,,1,,3,,1,,1,,3,3,,3,,3,,2,,3,,2,,6,,2,,2,,,,,,,,,,,,,,,,,,,,,,,,,,,,,,,,,,,,,,,,,,,,,,,,,,,,,,,,,,,,,,,,,,,,,,,,,,,,,,,,,,,,,,,,,,,,,,,,,,,,,,,,,,,,,,,,,,,,,,,,,,,,,49846,"<span lang=""EN-GB"">Suppose
     you want to set up a reminder when you are at a park by yourself.<o:p></o:p></span>"
10/24/2018 19:57,10/24/2018 19:59,0,73.230.83.78,100,100,1,10/24/2018 19:59,R_30021CPyQuIkLkC,,,,,40.80819702,-77.89260101,anonymous,EN,"1,2,4,5","2,3,4",,1,,2,,1,,1,,3,3,,2,,2,1,,2,,3,,2,,1,,2,,,,,,,,,,,,,,,,,,,,,,,,,,,,,,,,,,,,,,,,,,,,,,,,,,,,,,,,,,,,,,,,,,,,,,,,,,,,,,,,,,,,,,,,,,,,,,,,,,,,,,,,,,,,,,,,,,,,,,,,,,,,,,,,,,,,,,,,,,,,,,,,,,,,,,,,,,,,,,,,,,,,,,,,,,,,,,,,,,,,,,,,75310,"<span lang=""EN-GB"">Suppose you want to call your mother for sharing an important
     update about your life&nbsp; when you
     with people you know (e.g., acquaintances, colleagues) at a park<o:p></o:p></span>"
10/24/2018 19:55,10/24/2018 20:00,0,173.71.165.41,100,299,1,10/24/2018 20:00,R_2VsSAjRVk9KtvE9,,,,,40.4322052,-80.10209656,anonymous,EN,"2,3,4","2,3",,1,,1,,1,,3,,"1,2","1,2,3",,2,,"1,2","2,3",,"1,2",,"1,3",,"1,2",,"1,3",,"1,2",,2,,,,,,,,,,,,,,,,,,,,,,,,,,,,,,2,,1,,1,,1,,2,,1,"1,2,3",,2,,2,,2,,"1,3",,"1,2",,"1,3",,"1,3",,"1,2",,,,,,,,,,,,,,,,,,,,,,,,,,,,,,,,,,,,,,,,,,,,,,,,,,,,,,,,,,,,,,,,,,,,,,,,,,,,,,,,,,,,,,,,,,,,,,,,,,,,,,,,,,,,,,,,,,,,,,Female,32,Homemaker,2,1,,3,81027,"<span lang=""EN-GB"">Suppose
     you want to a view a text message when you with people you know (e.g.,
     acquaintances, colleagues) at a street<strong>.</strong><o:p></o:p></span>"
10/24/2018 20:02,10/24/2018 20:03,0,76.116.91.237,100,61,1,10/24/2018 20:03,R_1mOUQr9nvQ7V0Cr,,,,,40.02900696,-74.88349915,anonymous,EN,"1,2,3,4","3,5",,"2,3",,3,,1,,2,,1,1,,2,,3,3,,1,,2,,3,,"1,3",,2,,,,,,,,,,,,,,,,,,,,,,,,,,,,,,,,,,,,,,,,,,,,,,,,,,,,,,,,,,,,,,,,,,,,,,,,,,,,,,,,,,,,,,,,,,,,,,,,,,,,,,,,,,,,,,,,,,,,,,,,,,,,,,,,,,,,,,,,,,,,,,,,,,,,,,,,,,,,,,,,,,,,,,,,,,,,,,,,,,,,,,,,42801,"<span lang=""EN-GB"">Suppose you want to browse the internet when you are with people you know (e.g., acquaintances, colleagues) at a park.<o:p></o:p></span>"
10/24/2018 20:00,10/24/2018 20:08,0,67.182.33.94,100,498,1,10/24/2018 20:08,R_XnaKUQ5hNKrSBUZ,,,,,37.62359619,-120.9965973,anonymous,EN,"1,2,4,5",1,,1,,2,,1,,1,,1,"1,2,3",,"1,2",,"1,2","1,3",,"1,2,3",,"1,2,3",,"1,2,3",,"1,2,3",,1,,,,,,,,,,,,,,,,,,,,,,,,,,,,,,,,,,,,,,,,,,,,,,,,,,,,,,,,,,,,,,,,,,,,,,,,,,,,,,,,,,,,,,,,,,,,,,,,,,,,,,,,,,,,,,,,,,,,,,,,,,,,,,,,,,,,,,,,,,,,,,,,,,,,,,,,,,,,,,,,,,,,,,,,,,,,,,,,,,,,,,,,54079,"<span lang=""EN-GB"">Suppose
     you want to call your mother for sharing an important update about your
     life yourself when you are with a very close friend at a park.&nbsp;<o:p></o:p></span>"
10/24/2018 20:10,10/24/2018 20:11,0,73.20.101.238,100,42,1,10/24/2018 20:11,R_1loB4ZhtZ66SiMe,,,,,40.69160461,-112.0010986,anonymous,EN,"1,2,3,4",5,,3,,3,,1,,3,,2,2,,2,,3,2,,1,,2,,2,,2,,2,,,,,,,,,,,,,,,,,,,,,,,,,,,,,,,,,,,,,,,,,,,,,,,,,,,,,,,,,,,,,,,,,,,,,,,,,,,,,,,,,,,,,,,,,,,,,,,,,,,,,,,,,,,,,,,,,,,,,,,,,,,,,,,,,,,,,,,,,,,,,,,,,,,,,,,,,,,,,,,,,,,,,,,,,,,,,,,,,,,,,,,,8785,"<span lang=""EN-GB"" style=""font-size:11.0pt;line-height:115%;
font-family:&quot;Arial&quot;,sans-serif;mso-fareast-font-family:Arial;mso-ansi-language:
EN-GB;mso-fareast-language:EN-US;mso-bidi-language:AR-SA"">Suppose you want to
take a click a photo when you are at Starbucks.</span>"
10/24/2018 21:03,10/24/2018 21:04,0,43.242.116.152,100,6,1,10/24/2018 21:04,R_2TUngaJMhCtEtwV,,,,,23.03329468,72.61669922,anonymous,EN,3,,,,,,,,,,,,,,,,,,,,,,,,,,,,,,,,,,,,,,,,,,,,,,,,,,,,,,,,,,,,,,,,,,,,,,,,,,,,,,,,,,,,,,,,,,,,,,,,,,,,,,,,,,,,,,,,,,,,,,,,,,,,,,,,,,,,,,,,,,,,,,,,,,,,,,,,,,,,,,,,,,,,,,,,,,,,,,,,,,,,,,,,,,,,,,,,,,,,,,,,,,,,,,,,,,,59302,"<span lang=""EN-GB"">Suppose
     you want to set up a reminder when you are with people you know (e.g.,
     acquaintances, colleagues) at your home.<o:p></o:p></span>"
10/24/2018 21:06,10/24/2018 21:12,0,73.155.137.178,100,353,1,10/24/2018 21:12,R_3IRfza1iaVqGVtB,,,,,29.57850647,-95.6065979,anonymous,EN,"1,2,4","2,3",,1,,"1,3",,1,,1,,"2,3","1,2",,2,,4,"2,4",,2,,3,,2,,1,,2,,,,,,,,,,,,,,,,,,,,,,,,,,,,,,,,,,,,,,,,,,,,,,,,,,,,,,,,,,,,,,,,,,,,,,,,,,,,,,,,,,,,,,,,,,,,,,,,,,,,,,,,,,,,,,,,,,,,,,,,,,,,,,,,,,,,,,,,,,,,,,,,,,,,,,,,,,,,,,,,,,,,,,,,,,,,,,,,,,,,,,,,60756,"<span lang=""EN-GB"">Suppose
     you want to a view a text message
     when you are walking with a very close friend on a street<o:p></o:p></span>"
10/24/2018 21:20,10/24/2018 21:21,0,66.78.41.242,100,22,1,10/24/2018 21:21,R_238fLegcNTDQNZm,,,,,43.63220215,-116.2052002,anonymous,EN,3,,,,,,,,,,,,,,,,,,,,,,,,,,,,,,,,,,,,,,,,,,,,,,,,,,,,,,,,,,,,,,,,,,,,,,,,,,,,,,,,,,,,,,,,,,,,,,,,,,,,,,,,,,,,,,,,,,,,,,,,,,,,,,,,,,,,,,,,,,,,,,,,,,,,,,,,,,,,,,,,,,,,,,,,,,,,,,,,,,,,,,,,,,,,,,,,,,,,,,,,,,,,,,,,,,,99028,"<span lang=""EN-GB"">Suppose you are at a park with some people you know (e.g., acquaintances, colleagues) when you realize that you have to immediately pay one of your bills online.<o:p></o:p></span>"
10/24/2018 21:21,10/24/2018 21:22,0,66.78.41.242,100,38,1,10/24/2018 21:22,R_2yaxJYLpzJ6ZeXt,,,,,43.63220215,-116.2052002,anonymous,EN,1,,,,,,,,,,,,,,,,,,,,,,,,,,,,,,,,,,,,,,,,,,,,,,,,,,,,,,,,,,,,,,,,,,,,,,,,,,,,,,,,,,,,,,,,,,,,,,,,,,,,,,,,,,,,,,,,,,,,,,,,,,,,,,,,,,,,,,,,,,,,,,,,,,,,,,,,,,,,,,,,,,,,,,,,,,,,,,,,,,,,,,,,,,,,,,,,,,,,,,,,,,,,,,,,,,,41126,"<span lang=""EN-GB"">Suppose you want to read a digital document when you are at Starbucks with people you know (e.g., acquaintances, colleagues).<o:p></o:p></span>"
10/24/2018 21:22,10/24/2018 21:22,0,66.78.41.242,100,9,1,10/24/2018 21:22,R_3I3pLehefO1wjb7,,,,,43.63220215,-116.2052002,anonymous,EN,2,,,,,,,,,,,,,,,,,,,,,,,,,,,,,,,,,,,,,,,,,,,,,,,,,,,,,,,,,,,,,,,,,,,,,,,,,,,,,,,,,,,,,,,,,,,,,,,,,,,,,,,,,,,,,,,,,,,,,,,,,,,,,,,,,,,,,,,,,,,,,,,,,,,,,,,,,,,,,,,,,,,,,,,,,,,,,,,,,,,,,,,,,,,,,,,,,,,,,,,,,,,,,,,,,,,19433,"<span lang=""EN-GB"">Suppose
     you want to a send a text message when you with people you know (e.g., acquaintances,
     colleagues) at a street<strong>.</strong><o:p></o:p></span>"
10/24/2018 21:22,10/24/2018 21:22,0,66.78.41.242,100,10,1,10/24/2018 21:22,R_27B8wxL8lV1gjws,,,,,43.63220215,-116.2052002,anonymous,EN,6,,,,,,,,,,,,,,,,,,,,,,,,,,,,,,,,,,,,,,,,,,,,,,,,,,,,,,,,,,,,,,,,,,,,,,,,,,,,,,,,,,,,,,,,,,,,,,,,,,,,,,,,,,,,,,,,,,,,,,,,,,,,,,,,,,,,,,,,,,,,,,,,,,,,,,,,,,,,,,,,,,,,,,,,,,,,,,,,,,,,,,,,,,,,,,,,,,,,,,,,,,,,,,,,,,,76396,"<span lang=""EN-GB"">Suppose
     you are at a park and you realize today is the last day to pay one of your
     bills online.<o:p></o:p></span>"
10/24/2018 21:22,10/24/2018 21:23,0,66.78.41.242,100,20,1,10/24/2018 21:23,R_3gL8GXcmXVTEIdW,,,,,43.63220215,-116.2052002,anonymous,EN,5,,,,,,,,,,,,,,,,,,,,,,,,,,,,,,,,,,,,,,,,,,,,,,,,,,,,,,,,,,,,,,,,,,,,,,,,,,,,,,,,,,,,,,,,,,,,,,,,,,,,,,,,,,,,,,,,,,,,,,,,,,,,,,,,,,,,,,,,,,,,,,,,,,,,,,,,,,,,,,,,,,,,,,,,,,,,,,,,,,,,,,,,,,,,,,,,,,,,,,,,,,,,,,,,,,,13227,"<span lang=""EN-GB"">Suppose you want to browse through one of your social media profiles when you&nbsp;</span>are at your home."
10/24/2018 21:23,10/24/2018 21:25,0,73.243.4.169,100,112,1,10/24/2018 21:25,R_3g8fLb5sKXcICnS,,,,,38.852005,-104.7734985,anonymous,EN,"1,2,3,4,5,6","2,5",,"2,3",,"3,4",,1,,"3,4",,1,"2,3",,"2,3",,"2,3","1,2,3,4",,"1,2",,"1,3",,"2,3",,"2,3",,2,,,,,,,,,,,,,,,,,,,,,,,,,,,,,,,,,,,,,,,,,,,,,,,,,,,,,,,,,,,,,,,,,,,,,,,,,,,,,,,,,,,,,,,,,,,,,,,,,,,,,,,,,,,,,,,,,,,,,,,,,,,,,,,,,,,,,,,,,,,,,,,,,,,,,,,,,,,,,,,,,,,,,,,,,,,,,,,,,,,,,,,,22869,"<span lang=""EN-GB"">Suppose
     you want to listen to some audio when you are at home with people you are
     close to (e.g., friends, family members).<strong><o:p></o:p></strong></span>"
10/24/2018 21:27,10/24/2018 21:27,0,66.78.41.242,100,16,1,10/24/2018 21:28,R_1jVMWTUlhAJdY66,,,,,43.63220215,-116.2052002,anonymous,EN,2,,,,,,,,,,,,,,,,,,,,,,,,,,,,,,,,,,,,,,,,,,,,,,,,,,,,,,,,,,,,,,,,,,,,,,,,,,,,,,,,,,,,,,,,,,,,,,,,,,,,,,,,,,,,,,,,,,,,,,,,,,,,,,,,,,,,,,,,,,,,,,,,,,,,,,,,,,,,,,,,,,,,,,,,,,,,,,,,,,,,,,,,,,,,,,,,,,,,,,,,,,,,,,,,,,,85546,"<span lang=""EN-GB"">Suppose you want to take a click a photo when you with </span><span lang=""EN-GB"">some people you know (e.g.,
     acquaintances, colleagues)</span><span lang=""EN-GB""> at home<o:p></o:p></span>"
10/24/2018 21:32,10/24/2018 21:32,0,157.46.95.95,100,26,1,10/24/2018 21:32,R_Tj9XHtOmrZd5QUV,,,,,11.6499939,78.16668701,anonymous,EN,4,,,,,,,,,,,,,,,,,,,,,,,,,,,,,,,,,,,,,,,,,,,,,,,,,,,,,,,,,,,,,,,,,,,,,,,,,,,,,,,,,,,,,,,,,,,,,,,,,,,,,,,,,,,,,,,,,,,,,,,,,,,,,,,,,,,,,,,,,,,,,,,,,,,,,,,,,,,,,,,,,,,,,,,,,,,,,,,,,,,,,,,,,,,,,,,,,,,,,,,,,,,,,,,,,,,6545,"<span lang=""EN-GB"" style=""font-size:11.0pt;line-height:115%;
font-family:&quot;Arial&quot;,sans-serif;mso-fareast-font-family:Arial;mso-ansi-language:
EN-GB;mso-fareast-language:EN-US;mso-bidi-language:AR-SA"">Suppose you want to a
send an email when you are at Starbucks.</span>"
10/24/2018 21:32,10/24/2018 21:32,0,157.46.95.95,100,12,1,10/24/2018 21:32,R_ypvb6TbaPQrZvwt,,,,,11.6499939,78.16668701,anonymous,EN,5,,,,,,,,,,,,,,,,,,,,,,,,,,,,,,,,,,,,,,,,,,,,,,,,,,,,,,,,,,,,,,,,,,,,,,,,,,,,,,,,,,,,,,,,,,,,,,,,,,,,,,,,,,,,,,,,,,,,,,,,,,,,,,,,,,,,,,,,,,,,,,,,,,,,,,,,,,,,,,,,,,,,,,,,,,,,,,,,,,,,,,,,,,,,,,,,,,,,,,,,,,,,,,,,,,,44109,"Suppose you want to purchase something online when
     you are with people you know (e.g., acquaintances,
     colleagues) at a park.<o:p></o:p>"
10/24/2018 21:33,10/24/2018 21:34,0,157.46.95.95,100,83,1,10/24/2018 21:34,R_1Q0gJWx4PrwHV90,,,,,11.6499939,78.16668701,anonymous,EN,"4,5,6","3,5",,2,,"1,4",,1,,3,,"1,3","1,3",,"2,3",,"1,2",3,,1,,"1,3",,"2,3",,2,,2,,,,,,,,,,,,,,,,,,,,,,,,,,,,,,,,,,,,,,,,,,,,,,,,,,,,,,,,,,,,,,,,,,,,,,,,,,,,,,,,,,,,,,,,,,,,,,,,,,,,,,,,,,,,,,,,,,,,,,,,,,,,,,,,,,,,,,,,,,,,,,,,,,,,,,,,,,,,,,,,,,,,,,,,,,,,,,,,,,,,,,,,35881,"<span lang=""EN-GB"">Suppose
     you want to purchase something online when you are alone at Starbucks.<o:p></o:p></span>"
10/24/2018 22:08,10/24/2018 22:10,0,23.88.172.215,100,79,1,10/24/2018 22:10,R_2Suc99CjXSNOc8r,,,,,41.82400513,-71.41280365,anonymous,EN,"1,2,3,4,5","2,3,4",,"2,3",,"1,3,4",,1,,"2,3,4",,"1,2","2,3",,"2,3",,"1,2,3","1,2,3",,1,,"2,3",,"1,2",,"1,2",,"1,2",,,,,,,,,,,,,,,,,,,,,,,,,,,,,,,,,,,,,,,,,,,,,,,,,,,,,,,,,,,,,,,,,,,,,,,,,,,,,,,,,,,,,,,,,,,,,,,,,,,,,,,,,,,,,,,,,,,,,,,,,,,,,,,,,,,,,,,,,,,,,,,,,,,,,,,,,,,,,,,,,,,,,,,,,,,,,,,,,,,,,,,,60215,"<span lang=""EN-GB"">Suppose
     you have planned to meet a friend next week and you want put this on your
     calendar when you are alone at home<strong><o:p></o:p></strong></span>"
10/24/2018 22:14,10/24/2018 22:26,0,24.209.119.131,100,739,1,10/24/2018 22:26,R_3dG2IHc07zbvioI,,,,,43.0684967,-87.97149658,anonymous,EN,"1,2,3,4",2,,1,,4,,1,,2,,2,2,,2,,3,3,,2,,2,,2,,2,,2,,,,,,,,,,,,,,,,,,,,,,,,,,,,,,,,,,,,,,,,,,,,,,,,,,,,,,,,,,,,,,,,,,,,,,,,,,,,,,,,,,,,,,,,,,,,,,,,,,,,,,,,,,,,,,,,,,,,,,,,,,,,,,,,,,,,,,,,,,,,,,,,,,,,,,,,,,,,,,,,,,,,,,,,,,,,,,,,,,,,,,,,6532,"<span lang=""EN-GB"">Suppose you want to take a click a photo when you are with your close friends&nbsp;</span>and family members at Starbucks"
10/24/2018 22:35,10/24/2018 22:38,0,134.215.162.157,100,161,1,10/24/2018 22:38,R_3nCpRVPRs2PQyOO,,,,,43.70910645,-121.5194016,anonymous,EN,"1,2,3,4",7,,1,,1,,3,,"2,3",,2,5,,5,,4,"3,4",,"2,3",,6,,2,,5,,2,,,,,,,,,,,,,,,,,,,,,,,,,,,,,,,,,,,,,,,,,,,,,,,,,,,,,,,,,,,,,,,,,,,,,,,,,,,,,,,,,,,,,,,,,,,,,,,,,,,,,,,,,,,,,,,,,,,,,,,,,,,,,,,,,,,,,,,,,,,,,,,,,,,,,,,,,,,,,,,,,,,,,,,,,,,,,,,,,,,,,,,,48614,"<span lang=""EN-GB"">Suppose you want to listen to some audio when you are alone in a park.<o:p></o:p></span>"
10/24/2018 22:39,10/24/2018 22:39,0,98.230.44.126,100,36,1,10/24/2018 22:39,R_2dmdkjEtwFEM4F6,,,,,30.48739624,-84.31890106,anonymous,EN,"1,2",,,,,,,,,,,,,,,,,,,,,,,,,,,,,,,,,,,,,,,,,,,,,,,,,,,,,,,,,,,,,,,,,,,,,,,,,,,,,,,,,,,,,,,,,,,,,,,,,,,,,,,,,,,,,,,,,,,,,,,,,,,,,,,,,,,,,,,,,,,,,,,,,,,,,,,,,,,,,,,,,,,,,,,,,,,,,,,,,,,,,,,,,,,,,,,,,,,,,,,,,,,,,,,,,,,54463,"<span lang=""EN-GB"">Suppose you are at sitting in a park and you want to play a digital/online game.<o:p></o:p></span>"
10/24/2018 22:41,10/24/2018 22:42,0,98.223.51.28,100,63,1,10/24/2018 22:42,R_6Y8AhqI15DUXkeB,,,,,41.99299622,-87.75959778,anonymous,EN,"1,2,3,4,6",3,,1,,1,,1,,1,,2,2,,2,,1,4,,2,,2,,2,,2,,1,,,,,,,,,,,,,,,,,,,,,,,,,,,,,,,,,,,,,,,,,,,,,,,,,,,,,,,,,,,,,,,,,,,,,,,,,,,,,,,,,,,,,,,,,,,,,,,,,,,,,,,,,,,,,,,,,,,,,,,,,,,,,,,,,,,,,,,,,,,,,,,,,,,,,,,,,,,,,,,,,,,,,,,,,,,,,,,,,,,,,,,,21232,"<span style=""color: rgb(0, 0, 0); font-family: Times; font-size: medium;"">Suppose you want to watch some video when you are with people you know (e.g., acquaintances, colleagues) at Starbucks</span>"
10/24/2018 22:42,10/24/2018 22:43,0,108.62.142.190,100,18,1,10/24/2018 22:43,R_10GTJNziw9qfUiE,,,,,33.6730957,-111.9460983,anonymous,EN,2,,,,,,,,,,,,,,,,,,,,,,,,,,,,,,,,,,,,,,,,,,,,,,,,,,,,,,,,,,,,,,,,,,,,,,,,,,,,,,,,,,,,,,,,,,,,,,,,,,,,,,,,,,,,,,,,,,,,,,,,,,,,,,,,,,,,,,,,,,,,,,,,,,,,,,,,,,,,,,,,,,,,,,,,,,,,,,,,,,,,,,,,,,,,,,,,,,,,,,,,,,,,,,,,,,,48143,"<span lang=""EN-GB"">Suppose
     you want to take a click a photo when you are with people you are close to
     (e.g., friends, family members) at home<o:p></o:p></span>"
10/24/2018 22:42,10/24/2018 22:43,0,98.223.51.28,100,55,1,10/24/2018 22:43,R_1HdWDSj3NhG3nJI,,,,,41.99299622,-87.75959778,anonymous,EN,"1,2,3,5,6",2,,2,,1,,1,,2,,2,1,,2,,3,1,,3,,1,,2,,2,,2,,,,,,,,,,,,,,,,,,,,,,,,,,,,,,,,,,,,,,,,,,,,,,,,,,,,,,,,,,,,,,,,,,,,,,,,,,,,,,,,,,,,,,,,,,,,,,,,,,,,,,,,,,,,,,,,,,,,,,,,,,,,,,,,,,,,,,,,,,,,,,,,,,,,,,,,,,,,,,,,,,,,,,,,,,,,,,,,,,,,,,,,20808,"<span lang=""EN-GB"">Suppose
     you want to purchase something online when you are with people you know
     (e.g., acquaintances, colleagues) at your home.<o:p></o:p></span>"
10/22/2018 15:14,10/24/2018 22:58,0,98.212.246.35,100,200624,1,10/24/2018 22:58,R_T0fPb2sPMRgvR6N,,,,,40.13699341,-87.62169647,anonymous,EN,"1,2,3,4,6",7,,5,,"2,3",,1,,1,,"2,3",5,,5,,4,"2,4",,"2,3",,7,,2,,"1,2",,1,,,,,,,,,,,,,,,,,,,,,,,,,,,,,,,,,,,,,,,,,,,,,,,,,,,,,,,,,,,,,,,,,,,,,,,,,,,,,,,,,,,,,,,,,,,,,,,,,,,,,,,,,,,,,,,,,,,,,,,,,,,,,,,,,,,,,,,,,,,,,,,,,,,,,,,,,,,,,,,,,,,,,,,,,,,,,,,,,,,,,,,,88557,"<span style=""color: rgb(0, 0, 0); font-family: Times; font-size: medium;"">Suppose you want to watch some video when you are with people you know (e.g., acquaintances, colleagues) at Starbucks</span>"
10/24/2018 23:00,10/24/2018 23:00,0,68.104.166.196,100,10,1,10/24/2018 23:00,R_2SkpE3Aco0AQiFr,,,,,33.30540466,-111.740799,anonymous,EN,"2,3",,,,,,,,,,,,,,,,,,,,,,,,,,,,,,,,,,,,,,,,,,,,,,,,,,,,,,,,,,,,,,,,,,,,,,,,,,,,,,,,,,,,,,,,,,,,,,,,,,,,,,,,,,,,,,,,,,,,,,,,,,,,,,,,,,,,,,,,,,,,,,,,,,,,,,,,,,,,,,,,,,,,,,,,,,,,,,,,,,,,,,,,,,,,,,,,,,,,,,,,,,,,,,,,,,,8190,"<span id=""docs-internal-guid-5a7e3441-7fff-9d1f-10e6-454a1d940975""><span style=""font-size: 11pt; font-family: Arial; color: rgb(0, 0, 0); background-color: transparent; font-variant-numeric: normal; font-variant-east-asian: normal; vertical-align: baseline; white-space: pre-wrap;"">Suppose you want to call your mother for sharing an important update about your life &nbsp;when you are alone at home</span><br> <br><br></span>"
10/24/2018 22:53,10/24/2018 23:06,0,198.254.87.130,100,803,1,10/24/2018 23:06,R_3dLf14AeiAZ2ho4,,,,,35.25270081,-85.16300201,anonymous,EN,"1,2,3","2,5",,1,,"1,2,3",,1,,"1,4",,"2,3","1,2",,2,,"2,3","1,2,3",,2,,"1,3",,2,,"1,2,3",,4,,"1,2",4,,3,,"1,2,3",,1,,1,,2,"1,3",,2,,2,,"1,2,3",,"2,3",,2,,"2,3",,"1,2,3",,"1,2",,"2,5",,5,,"1,2,3",,1,,2,,2,1,,3,,"2,3",,"1,3",,"1,3",,"1,2",,"1,3",,"1,2,3",,1,,,,,,,,,,,,,,,,,,,,,,,,,,,,,,,,,,,,,,,,,,,,,,,,,,,,,,,,,,,,,,,,,,,,,,,,,,,,,,,,,,,,,,,,,,,,,,,,,,,,,,,,,,,,,,,,,,,,,,,,,,,,,30432,"<span lang=""EN-GB"">Suppose
     you want to listen to some audio when you with people you know (e.g.,
     acquaintances, colleagues) at Starbucks<o:p></o:p></span>"
10/17/2018 22:59,10/17/2018 23:07,0,98.253.234.123,78,492,0,10/24/2018 23:07,R_2Xo0JAQVQD9bm9D,,,,,,,anonymous,EN,"1,2,3,4,6",,,,,,,,,,,,,,,,,,,,,,,,,,,,,,,,,,,,,,,,,,,,,,,,,,,,,,,,,,,,,,,,,,,,,,,,,,,,,,,,,,,,,,,,,,,,,,,,,,,,,,,,,,,,,,,,,,,,,,,,,,,,,,,,,,,,,,,,,,,,,,,,,,,,,,,,,,,,,,,,,,,,,,,,,,,,,,,,,,,,,,,,,,,,,,,,,,,,,,,,,,,,,,,,,,,54115,"<span lang=""EN-GB"">Suppose you have planned to meet a friend next week and you want to put this on your calendar when you are alone at Starbucks.<o:p></o:p></span>"
10/24/2018 23:11,10/24/2018 23:11,0,104.168.102.131,100,16,1,10/24/2018 23:11,R_D1v35uOYvFwJFPH,,,,,42.88639832,-78.87809753,anonymous,EN,2,,,,,,,,,,,,,,,,,,,,,,,,,,,,,,,,,,,,,,,,,,,,,,,,,,,,,,,,,,,,,,,,,,,,,,,,,,,,,,,,,,,,,,,,,,,,,,,,,,,,,,,,,,,,,,,,,,,,,,,,,,,,,,,,,,,,,,,,,,,,,,,,,,,,,,,,,,,,,,,,,,,,,,,,,,,,,,,,,,,,,,,,,,,,,,,,,,,,,,,,,,,,,,,,,,,78847,"<span lang=""EN-GB"">Suppose you have planned to meet a friend next week and you want to put this on your calendar when you are surrounded with people you are close to (e.g., friends, family members) at your home.<strong><o:p></o:p></strong></span>"
10/24/2018 23:28,10/24/2018 23:29,0,23.249.187.141,100,25,1,10/24/2018 23:29,R_1Lhhm3XLZzHeGOh,,,,,37.75100708,-97.8219986,anonymous,EN,1,,,,,,,,,,,,,,,,,,,,,,,,,,,,,,,,,,,,,,,,,,,,,,,,,,,,,,,,,,,,,,,,,,,,,,,,,,,,,,,,,,,,,,,,,,,,,,,,,,,,,,,,,,,,,,,,,,,,,,,,,,,,,,,,,,,,,,,,,,,,,,,,,,,,,,,,,,,,,,,,,,,,,,,,,,,,,,,,,,,,,,,,,,,,,,,,,,,,,,,,,,,,,,,,,,,21682,"<span lang=""EN-GB"">Suppose
     you want to set up a reminder when you with people you know (e.g.,
     acquaintances, colleagues) at a park.<o:p></o:p></span>"
10/24/2018 23:29,10/24/2018 23:29,0,23.249.187.141,100,38,1,10/24/2018 23:29,R_29jrDit2IXlW4FS,,,,,37.75100708,-97.8219986,anonymous,EN,5,,,,,,,,,,,,,,,,,,,,,,,,,,,,,,,,,,,,,,,,,,,,,,,,,,,,,,,,,,,,,,,,,,,,,,,,,,,,,,,,,,,,,,,,,,,,,,,,,,,,,,,,,,,,,,,,,,,,,,,,,,,,,,,,,,,,,,,,,,,,,,,,,,,,,,,,,,,,,,,,,,,,,,,,,,,,,,,,,,,,,,,,,,,,,,,,,,,,,,,,,,,,,,,,,,,16334,"<span lang=""EN-GB"">Suppose
     you want to listen to some audio when you are alone at Starbucks.<o:p></o:p></span>"
10/24/2018 23:30,10/24/2018 23:30,0,23.249.187.141,100,11,1,10/24/2018 23:30,R_2vjePTTt6uIegXW,,,,,37.75100708,-97.8219986,anonymous,EN,2,,,,,,,,,,,,,,,,,,,,,,,,,,,,,,,,,,,,,,,,,,,,,,,,,,,,,,,,,,,,,,,,,,,,,,,,,,,,,,,,,,,,,,,,,,,,,,,,,,,,,,,,,,,,,,,,,,,,,,,,,,,,,,,,,,,,,,,,,,,,,,,,,,,,,,,,,,,,,,,,,,,,,,,,,,,,,,,,,,,,,,,,,,,,,,,,,,,,,,,,,,,,,,,,,,,36880,"<span lang=""EN-GB"">Suppose you want to control some devices/appliances (e.g., smart lights) when you are at home with people you are close to (e.g., friends, family members)<strong><o:p></o:p></strong></span>"
10/24/2018 23:30,10/24/2018 23:30,0,23.249.187.141,100,22,1,10/24/2018 23:30,R_Df93I3l9D5I4Zhf,,,,,37.75100708,-97.8219986,anonymous,EN,5,,,,,,,,,,,,,,,,,,,,,,,,,,,,,,,,,,,,,,,,,,,,,,,,,,,,,,,,,,,,,,,,,,,,,,,,,,,,,,,,,,,,,,,,,,,,,,,,,,,,,,,,,,,,,,,,,,,,,,,,,,,,,,,,,,,,,,,,,,,,,,,,,,,,,,,,,,,,,,,,,,,,,,,,,,,,,,,,,,,,,,,,,,,,,,,,,,,,,,,,,,,,,,,,,,,68569,"<span lang=""EN-GB"">Suppose
     you want to read a digital document when you are at home with people you
     are close to (e.g., friends, family members).<strong><o:p></o:p></strong></span>"
10/24/2018 23:30,10/24/2018 23:30,0,23.249.187.141,100,31,1,10/24/2018 23:30,R_PBy2y7i48r9jXIR,,,,,37.75100708,-97.8219986,anonymous,EN,3,,,,,,,,,,,,,,,,,,,,,,,,,,,,,,,,,,,,,,,,,,,,,,,,,,,,,,,,,,,,,,,,,,,,,,,,,,,,,,,,,,,,,,,,,,,,,,,,,,,,,,,,,,,,,,,,,,,,,,,,,,,,,,,,,,,,,,,,,,,,,,,,,,,,,,,,,,,,,,,,,,,,,,,,,,,,,,,,,,,,,,,,,,,,,,,,,,,,,,,,,,,,,,,,,,,23434,"<span lang=""EN-GB"">Suppose you have planned to meet a friend next week and you want to&nbsp;put this on your calendar </span><span lang=""EN-GB"">when</span><span lang=""EN-GB""> you are surrounded by people you know (e.g., acquaintances, colleagues) at your home.</span><span lang=""EN-GB""><o:p></o:p></span>"
10/24/2018 23:16,10/24/2018 23:31,0,107.188.145.222,100,886,1,10/24/2018 23:31,R_3rVeEO1RKr3V42H,,,,,40.23190308,-111.675499,anonymous,EN,"1,2,4","1,2,5",,5,,"1,2,3",,1,,1,,2,"1,2",,"1,2,3",,2,2,,1,,"1,3",,1,,5,,2,,2,,,,,,,,,,,,,,,,,,,,,,,,,,,,,,"1,2,5",,1,,"1,2,3",,1,,1,,1,"1,2",,"1,2",,"1,2",,2,,"1,2",,1,,"1,2,3",,5,,4,,,,,,,,,,,,,,,,,,,,,,,,,,,,,,,,,,,,,,,,,,,,,,,,,,,,,,,,,,,,,,,,,,,,,,,,,,,,,,,,,,,,,,,,,,,,,,,,,,,,,,,,,,,,,,,,,,,,,,,,,,,,,59082,"<span lang=""EN-GB"">Suppose you want to find a route to home while walking on a street with your close friends.<o:p></o:p></span>"
10/24/2018 23:30,10/24/2018 23:32,0,23.249.187.141,100,144,1,10/24/2018 23:32,R_1QhhXublpHKailm,,,,,37.75100708,-97.8219986,anonymous,EN,"1,2,3,4,5,6","2,4",,3,,"1,3,4",,3,,"1,2,4",,3,3,,"1,3",,"1,3","1,2,4",,1,,3,,"1,3",,"2,3",,1,,,,,,,,,,,,,,,,,,,,,,,,,,,,,,,,,,,,,,,,,,,,,,,,,,,,,,,,,,,,,,,,,,,,,,,,,,,,,,,,,,,,,,,,,,,,,,,,,,,,,,,,,,,,,,,,,,,,,,,,,,,,,,,,,,,,,,,,,,,,,,,,,,,,,,,,,,,,,,,,,,,,,,,,,,,,,,,,,,,,,,,,66394,"<span lang=""EN-GB"">Suppose you are at your gym and you want to track the amount of calories&nbsp;</span>you have burnt your workout.&nbsp;"
10/24/2018 23:35,10/24/2018 23:35,0,171.49.165.15,100,17,1,10/24/2018 23:35,R_RnyzI0Kbt096OmB,,,,,9.933303833,78.11669922,anonymous,EN,"1,3",,,,,,,,,,,,,,,,,,,,,,,,,,,,,,,,,,,,,,,,,,,,,,,,,,,,,,,,,,,,,,,,,,,,,,,,,,,,,,,,,,,,,,,,,,,,,,,,,,,,,,,,,,,,,,,,,,,,,,,,,,,,,,,,,,,,,,,,,,,,,,,,,,,,,,,,,,,,,,,,,,,,,,,,,,,,,,,,,,,,,,,,,,,,,,,,,,,,,,,,,,,,,,,,,,,39484,"<span lang=""EN-GB"">Suppose you want to read a digital document when you are at a park.<o:p></o:p></span>"
10/24/2018 23:35,10/24/2018 23:40,0,171.49.165.15,100,271,1,10/24/2018 23:40,R_3fdyZvzLRgE9JI8,,,,,9.933303833,78.11669922,anonymous,EN,"4,5,6","1,2,3",,3,,4,,1,,"1,3",,3,3,,"1,3",,"2,3",3,,"1,2",,"2,3",,"2,3",,"1,3",,2,,,,,,,,,,,,,,,,,,,,,,,,,,,,,,,,,,,,,,,,,,,,,,,,,,,,,,,,,,,,,,,,,,,,,,,,,,,,,,,,,,,,,,,,,,,,,,,,,,,,,,,,,,,,,,,,,,,,,,,,,,,,,,,,,,,,,,,,,,,,,,,,,,,,,,,,,,,,,,,,,,,,,,,,,,,,,,,,,,,,,,,,61523,"<span lang=""EN-GB"">Suppose
     you want to watch some video when
     you are at home with people you are close to (e.g., friends, family
     members)<strong><o:p></o:p></strong></span>"
10/24/2018 23:40,10/24/2018 23:42,0,171.49.165.15,100,106,1,10/24/2018 23:42,R_3mdEoazgGni1zsD,,,,,9.933303833,78.11669922,anonymous,EN,"2,4,5,6","1,2",,"1,2",,"1,2",,1,,2,,1,"1,2,3",,"1,3",,"2,3","2,3",,"1,2,3",,"2,3",,"1,2,3",,"1,2",,1,,,,,,,,,,,,,,,,,,,,,,,,,,,,,,,,,,,,,,,,,,,,,,,,,,,,,,,,,,,,,,,,,,,,,,,,,,,,,,,,,,,,,,,,,,,,,,,,,,,,,,,,,,,,,,,,,,,,,,,,,,,,,,,,,,,,,,,,,,,,,,,,,,,,,,,,,,,,,,,,,,,,,,,,,,,,,,,,,,,,,,,,67762,"<span lang=""EN-GB"">Suppose
     you want to watch some video when you are with people you know (e.g.,
     acquaintances, colleagues) in a park.<o:p></o:p></span>"
10/18/2018 0:08,10/18/2018 0:09,0,24.23.90.177,78,84,0,10/25/2018 0:10,R_W6bqszVm9q55Uul,,,,,,,anonymous,EN,"1,3,4,6",,,,,,,,,,,,,,,,,,,,,,,,,,,,,,,,,,,,,,,,,,,,,,,,,,,,,,,,,,,,,,,,,,,,,,,,,,,,,,,,,,,,,,,,,,,,,,,,,,,,,,,,,,,,,,,,,,,,,,,,,,,,,,,,,,,,,,,,,,,,,,,,,,,,,,,,,,,,,,,,,,,,,,,,,,,,,,,,,,,,,,,,,,,,,,,,,,,,,,,,,,,,,,,,,,,76176,"<span lang=""EN-GB"">Suppose
     you want to call your mother for sharing an important update about your
     life&nbsp; when you are alone at a park<o:p></o:p></span>"
10/25/2018 0:17,10/25/2018 0:17,0,196.16.109.190,100,21,1,10/25/2018 0:17,R_5AUP9Vv7rin8IXT,,,,,34.05439758,-118.2440033,anonymous,EN,1,,,,,,,,,,,,,,,,,,,,,,,,,,,,,,,,,,,,,,,,,,,,,,,,,,,,,,,,,,,,,,,,,,,,,,,,,,,,,,,,,,,,,,,,,,,,,,,,,,,,,,,,,,,,,,,,,,,,,,,,,,,,,,,,,,,,,,,,,,,,,,,,,,,,,,,,,,,,,,,,,,,,,,,,,,,,,,,,,,,,,,,,,,,,,,,,,,,,,,,,,,,,,,,,,,,98079,"<span lang=""EN-GB"">Suppose
     you want to set up a reminder when you are at home with people you are
     close to (e.g., friends, family members).<strong><o:p></o:p></strong></span>"
10/25/2018 0:17,10/25/2018 0:18,0,196.16.109.190,100,23,1,10/25/2018 0:18,R_eOGkkwXsuRSVLpv,,,,,34.05439758,-118.2440033,anonymous,EN,"1,4",,,,,,,,,,,,,,,,,,,,,,,,,,,,,,,,,,,,,,,,,,,,,,,,,,,,,,,,,,,,,,,,,,,,,,,,,,,,,,,,,,,,,,,,,,,,,,,,,,,,,,,,,,,,,,,,,,,,,,,,,,,,,,,,,,,,,,,,,,,,,,,,,,,,,,,,,,,,,,,,,,,,,,,,,,,,,,,,,,,,,,,,,,,,,,,,,,,,,,,,,,,,,,,,,,,90909,"Suppose you are alone at home, you want to take a break from studying/working&nbsp;<p>so you decide to play a video game with some with some people you know (e.g., acquaintances, colleagues).<o:p></o:p></p>"
10/25/2018 0:18,10/25/2018 0:18,0,196.16.109.190,100,21,1,10/25/2018 0:18,R_2pWXg1feWtJez9E,,,,,34.05439758,-118.2440033,anonymous,EN,6,,,,,,,,,,,,,,,,,,,,,,,,,,,,,,,,,,,,,,,,,,,,,,,,,,,,,,,,,,,,,,,,,,,,,,,,,,,,,,,,,,,,,,,,,,,,,,,,,,,,,,,,,,,,,,,,,,,,,,,,,,,,,,,,,,,,,,,,,,,,,,,,,,,,,,,,,,,,,,,,,,,,,,,,,,,,,,,,,,,,,,,,,,,,,,,,,,,,,,,,,,,,,,,,,,,27597,"<span lang=""EN-GB"">Suppose you want to find a route to a coffee shop when you are
     at home </span><span lang=""EN-GB"">with
     people you are close to (e.g., friends, family members)</span><strong><span lang=""EN-GB""><o:p></o:p></span></strong>"
10/25/2018 0:36,10/25/2018 0:36,0,45.24.80.136,100,10,1,10/25/2018 0:36,R_2WApizfiEYqQGhu,,,,,41.72569275,-87.55599976,anonymous,EN,"1,2",,,,,,,,,,,,,,,,,,,,,,,,,,,,,,,,,,,,,,,,,,,,,,,,,,,,,,,,,,,,,,,,,,,,,,,,,,,,,,,,,,,,,,,,,,,,,,,,,,,,,,,,,,,,,,,,,,,,,,,,,,,,,,,,,,,,,,,,,,,,,,,,,,,,,,,,,,,,,,,,,,,,,,,,,,,,,,,,,,,,,,,,,,,,,,,,,,,,,,,,,,,,,,,,,,,79041,"<span lang=""EN-GB"" style=""font-size:11.0pt;line-height:115%;
font-family:&quot;Arial&quot;,sans-serif;mso-fareast-font-family:Arial;mso-ansi-language:
EN-GB;mso-fareast-language:EN-US;mso-bidi-language:AR-SA"">Suppose you want to a
send a text message when you are alone at Starbucks.</span>"
10/18/2018 1:11,10/18/2018 1:11,0,68.33.90.60,1,26,0,10/25/2018 1:11,R_4O2OMGMN1o0CwhP,,,,,,,anonymous,EN,,,,,,,,,,,,,,,,,,,,,,,,,,,,,,,,,,,,,,,,,,,,,,,,,,,,,,,,,,,,,,,,,,,,,,,,,,,,,,,,,,,,,,,,,,,,,,,,,,,,,,,,,,,,,,,,,,,,,,,,,,,,,,,,,,,,,,,,,,,,,,,,,,,,,,,,,,,,,,,,,,,,,,,,,,,,,,,,,,,,,,,,,,,,,,,,,,,,,,,,,,,,,,,,,,,,93929,"<span lang=""EN-GB"">Suppose you want to browse the internet when you are with people you know (e.g., acquaintances, colleagues) at a restaurant.<o:p></o:p></span>"
10/25/2018 1:24,10/25/2018 1:24,0,197.82.215.79,100,18,1,10/25/2018 1:24,R_vDEtokMhsOygZ2h,,,,,-25.46670532,30.96670532,anonymous,EN,1,,,,,,,,,,,,,,,,,,,,,,,,,,,,,,,,,,,,,,,,,,,,,,,,,,,,,,,,,,,,,,,,,,,,,,,,,,,,,,,,,,,,,,,,,,,,,,,,,,,,,,,,,,,,,,,,,,,,,,,,,,,,,,,,,,,,,,,,,,,,,,,,,,,,,,,,,,,,,,,,,,,,,,,,,,,,,,,,,,,,,,,,,,,,,,,,,,,,,,,,,,,,,,,,,,,4180,"<span lang=""EN-GB"">Suppose
     you want to a view a text message when you are surrounded by people you
     know (e.g., acquaintances, colleagues) at a restaurant.<o:p></o:p></span>"
10/25/2018 1:35,10/25/2018 1:39,0,105.230.247.134,100,222,1,10/25/2018 1:39,R_C9ogTjR6VR8HVId,,,,,1,38,anonymous,EN,"1,2,6","3,4",,2,,"1,4",,1,,"1,2",,"1,3","1,2",,"1,3",,"2,3","2,3",,2,,"1,3",,2,,3,,1,,,,,,,,,,,,,,,,,,,,,,,,,,,,,,,,,,,,,,,,,,,,,,,,,,,,,,,,,,,,,,,,,,,,,,,,,,,,,,,,,,,,,,,,,,,,,,,,,,,,,,,,,,,,,,,,,,,,,,,,,,,,,,,,,,,,,,,,,,,,,,,,,,,,,,,,,,,,,,,,,,,,,,,,,,,,,,,,,,,,,,,,61816,"<span lang=""EN-GB"">Suppose you want to browse the internet when you are at home with people you know (e.g., acquaintances, colleagues).<o:p></o:p></span>"
10/25/2018 1:40,10/25/2018 1:51,0,98.206.233.121,100,716,1,10/25/2018 1:51,R_37C7Vg2BhACOWTn,,,,,41.72619629,-87.8289032,anonymous,EN,"1,2,3,4,5,6","1,2,3,4,5",,"1,2,3",,"1,2,3",,1,,"1,2,3,4",,"1,2,3","1,2,3",,"1,2,3",,"1,2,3","1,2,3,4",,"1,2,3",,"1,2,3,4",,"1,2,3",,"1,2,3",,"1,2",,"1,2,3,4,5,6","1,2,4",,"1,2,3",,"1,2,3,4",,1,,"1,2,3,4",,"2,3","1,2,3",,"1,2,3",,"1,2,3",,"1,2,3,4",,"1,2,3,4",,"1,2,3",,"1,2,4",,"1,2",,"1,2",,"1,2,3,4,5",,"1,2,3",,"1,2,3",,1,,"1,2,3",,"1,2,3","1,2,3",,"1,2,3",,"1,2,3",,"1,2,3,4",,"1,2",,"1,2,3",,"1,2,3",,"1,2,3",,"1,2",,"1,2,3,4",,"1,2,3",,"1,2,3",,3,,"1,2,3,4",,"1,2,3","1,2,3",,"1,2,3",,"1,2,3",,"1,2,3,4",,"1,2,3,4",,"1,2,3",,"2,4",,"1,2,3",,"1,2",,"1,2,3,4,5",,"1,2,3",,"1,2,3,4",,1,,"1,2,3,4",,"1,2,3","1,2,3",,"1,2,3",,"1,2,3",,"1,2,3,4",,"1,2,3,4",,"1,2,3",,"1,2,3,4",,"1,2,3",,"1,2",,"1,2,3,4,5",,"1,2,3",,"1,2,3,4",,1,,"1,2,3,4",,"1,2,3","1,2,3",,"1,2,3",,"1,2,3",,"1,2,3,4",,"1,2,3,4",,"1,2,3",,"1,2,3,4",,"1,2,3",,"1,2",,"1,2,3,5",,"1,2,3",,"1,2,3,4",,1,,"1,2,3,4",,"1,2,3","1,2,3",,"1,2,3",,"1,2,3",,"1,2,3",,"1,2,3,4",,"1,2,3",,"1,2,3,4",,"1,2,3",,"1,2",,,,,,,,,50802,"<span lang=""EN-GB"">Suppose
     you want to a view a text message
     when you are walking with a very close friend on a street<o:p></o:p></span>"
10/25/2018 1:50,10/25/2018 1:54,0,107.173.171.157,100,211,1,10/25/2018 1:54,R_2wBjviqBrbYavHl,,,,,42.88639832,-78.87809753,anonymous,EN,"1,2,6","2,3",,"1,2,3",,"2,3",,1,,"1,2",,"1,2",2,,3,,"1,2","2,3",,"2,3",,"2,3",,"1,2",,"1,3",,2,,,,,,,,,,,,,,,,,,,,,,,,,,,,,,,,,,,,,,,,,,,,,,,,,,,,,,,,,,,,,,,,,,,,,,,,,,,,,,,,,,,,,,,,,,,,,,,,,,,,,,,,,,,,,,,,,,,,,,,,,,,,,,,,,,,,,,,,,,,,,,,,,,,,,,,,,,,,,,,,,,,,,,,,,,,,,,,,,,,,,,,,56116,"<span lang=""EN-GB"">Suppose
     you want to listen to some audio when you are alone at Starbucks.<o:p></o:p></span>"
10/25/2018 1:54,10/25/2018 1:55,0,107.173.171.157,100,35,1,10/25/2018 1:55,R_Xj2ISJexLZ7Cfy9,,,,,42.88639832,-78.87809753,anonymous,EN,6,,,,,,,,,,,,,,,,,,,,,,,,,,,,,,,,,,,,,,,,,,,,,,,,,,,,,,,,,,,,,,,,,,,,,,,,,,,,,,,,,,,,,,,,,,,,,,,,,,,,,,,,,,,,,,,,,,,,,,,,,,,,,,,,,,,,,,,,,,,,,,,,,,,,,,,,,,,,,,,,,,,,,,,,,,,,,,,,,,,,,,,,,,,,,,,,,,,,,,,,,,,,,,,,,,,11977,"<span lang=""EN-GB"">Suppose
     you want to watch some video when
     you are at home with people you are close to (e.g., friends, family
     members)<strong><o:p></o:p></strong></span>"
10/25/2018 1:55,10/25/2018 1:55,0,107.173.171.157,100,10,1,10/25/2018 1:55,R_3qyW6pQYCDdVnI2,,,,,42.88639832,-78.87809753,anonymous,EN,"1,2",,,,,,,,,,,,,,,,,,,,,,,,,,,,,,,,,,,,,,,,,,,,,,,,,,,,,,,,,,,,,,,,,,,,,,,,,,,,,,,,,,,,,,,,,,,,,,,,,,,,,,,,,,,,,,,,,,,,,,,,,,,,,,,,,,,,,,,,,,,,,,,,,,,,,,,,,,,,,,,,,,,,,,,,,,,,,,,,,,,,,,,,,,,,,,,,,,,,,,,,,,,,,,,,,,,7792,"<span lang=""EN-GB"">Suppose
     you want to a send an email when you are surrounded by people you know
     (e.g., acquaintances, colleagues) your home.<o:p></o:p></span>"
10/25/2018 1:54,10/25/2018 1:58,0,122.162.93.110,100,245,1,10/25/2018 1:58,R_2D8ka0Rnz9EHvG1,,,,,28.66670227,77.21670532,anonymous,EN,"1,2,3,4,5,6","1,2",,"1,2,3",,"1,2,3,4",,"1,2",voice input,"1,4",,"2,3","1,2,3",,"1,2,3",,"2,3","1,2,3,4",,"1,2,3",,"1,2,3,4",,"2,3",,"1,3",,"1,2",,,,,,,,,,,,,,,,,,,,,,,,,,,,,,,,,,,,,,,,,,,,,,,,,,,,,,,,,,,,,,,,,,,,,,,,,,,,,,,,,,,,,,,,,,,,,,,,,,,,,,,,,,,,,,,,,,,,,,,,,,,,,,,,,,,,,,,,,,,,,,,,,,,,,,,,,,,,,,,,,,,,,,,,,,,,,,,,,,,,,,,,27505,"<span lang=""EN-GB"">Suppose
     you want to a send an email when you are walking on a street with people
     you know (e.g., acquaintances, colleagues)<strong>.</strong><o:p></o:p></span>"
10/25/2018 2:00,10/25/2018 2:03,0,72.193.94.144,100,140,1,10/25/2018 2:03,R_33wFQgkgyPVNuGJ,,,,,36.09140015,-115.088501,anonymous,EN,"1,2,3,5","1,2",,1,,1,,1,,1,,3,1,,1,,3,1,,1,,1,,1,,1,,"1,2",,2,,,,,,,,,,,,,,,,,,,,,,,,,,,,,,"1,2",,5,,1,,1,,1,,3,1,,1,,1,,1,,1,,1,,1,,1,,"1,2",,,,,,,,,,,,,,,,,,,,,,,,,,,,,,,,,,,,,,,,,,,,,,,,,,,,,,,,,,,,,,,,,,,,,,,,,,,,,,,,,,,,,,,,,,,,,,,,,,,,,,,,,,,,,,,,,,,,,,male,33,bartender,3,1,,2,95022,"<span lang=""EN-GB"">Suppose you want to set up a reminder when you are at a park with close friends.<o:p></o:p></span>"
10/25/2018 2:12,10/25/2018 2:13,0,73.24.103.111,100,79,1,10/25/2018 2:13,R_28I0lU4W3TsuCCq,,,,,28.55230713,-81.17949677,anonymous,EN,"2,5,6","1,3,4",,"1,3",,"3,4",,1,,"2,3",,"1,3","1,2,3",,"2,3",,"1,2","1,3,4",,"1,2",,"2,3,4",,"1,2,3",,"1,3",,"1,2",,,,,,,,,,,,,,,,,,,,,,,,,,,,,,,,,,,,,,,,,,,,,,,,,,,,,,,,,,,,,,,,,,,,,,,,,,,,,,,,,,,,,,,,,,,,,,,,,,,,,,,,,,,,,,,,,,,,,,,,,,,,,,,,,,,,,,,,,,,,,,,,,,,,,,,,,,,,,,,,,,,,,,,,,,,,,,,,,,,,,,,,72130,"<span lang=""EN-GB"">Suppose you are at home with people you are close to (e.g., friends, family members) when you realize today is the last day to pay one of your bills online.<o:p></o:p></span>"
10/21/2018 21:53,10/25/2018 2:24,0,196.17.67.75,100,275459,1,10/25/2018 2:24,R_1PdZi96MqLpOYdq,,,,,34.05439758,-118.2440033,anonymous,EN,"1,2",,,,,,,,,,,,,,,,,,,,,,,,,,,,,,,,,,,,,,,,,,,,,,,,,,,,,,,,,,,,,,,,,,,,,,,,,,,,,,,,,,,,,,,,,,,,,,,,,,,,,,,,,,,,,,,,,,,,,,,,,,,,,,,,,,,,,,,,,,,,,,,,,,,,,,,,,,,,,,,,,,,,,,,,,,,,,,,,,,,,,,,,,,,,,,,,,,,,,,,,,,,,,,,,,,,63238,"<span lang=""EN-GB"">Suppose
     you want to purchase something online when you are with people you know
     (e.g., acquaintances, colleagues) at your home.<o:p></o:p></span>"
10/25/2018 2:25,10/25/2018 2:32,0,196.17.67.75,100,473,1,10/25/2018 2:32,R_2ZNCi4m8BBPv3sr,,,,,34.05439758,-118.2440033,anonymous,EN,"2,5,6","1,2",,3,,"1,3",,1,,4,,3,2,,3,,2,2,,2,,2,,2,,1,,2,,,,,,,,,,,,,,,,,,,,,,,,,,,,,,,,,,,,,,,,,,,,,,,,,,,,,,,,,,,,,,,,,,,,,,,,,,,,,,,,,,,,,,,,,,,,,,,,,,,,,,,,,,,,,,,,,,,,,,,,,,,,,,,,,,,,,,,,,,,,,,,,,,,,,,,,,,,,,,,,,,,,,,,,,,,,,,,,,,,,,,,,33678,"Suppose you want to check your social media status
     when you are at Starbucks.<o:p></o:p>"
10/25/2018 2:47,10/25/2018 2:49,0,73.204.124.125,100,133,1,10/25/2018 2:49,R_1r8S47A8B9J4Jeh,,,,,27.59989929,-80.4382019,anonymous,EN,"2,3,4,5",4,,1,,4,,1,,3,,3,3,,1,,1,2,,2,,4,,5,,3,,4,,,,,,,,,,,,,,,,,,,,,,,,,,,,,,,,,,,,,,,,,,,,,,,,,,,,,,,,,,,,,,,,,,,,,,,,,,,,,,,,,,,,,,,,,,,,,,,,,,,,,,,,,,,,,,,,,,,,,,,,,,,,,,,,,,,,,,,,,,,,,,,,,,,,,,,,,,,,,,,,,,,,,,,,,,,,,,,,,,,,,,,,33693,"<span lang=""EN-GB"">Suppose you want to take a click a photo when you with </span><span lang=""EN-GB"">some people you know (e.g.,
     acquaintances, colleagues)</span><span lang=""EN-GB""> at home<o:p></o:p></span>"
10/25/2018 3:18,10/25/2018 3:18,0,70.190.71.6,100,21,1,10/25/2018 3:18,R_3h5wHDQON4HlTbu,,,,,33.37820435,-111.6406021,anonymous,EN,"2,3",,,,,,,,,,,,,,,,,,,,,,,,,,,,,,,,,,,,,,,,,,,,,,,,,,,,,,,,,,,,,,,,,,,,,,,,,,,,,,,,,,,,,,,,,,,,,,,,,,,,,,,,,,,,,,,,,,,,,,,,,,,,,,,,,,,,,,,,,,,,,,,,,,,,,,,,,,,,,,,,,,,,,,,,,,,,,,,,,,,,,,,,,,,,,,,,,,,,,,,,,,,,,,,,,,,65339,"<span lang=""EN-GB"">Suppose
     you have planned to meet a friend next week and you want put this on your
     calendar when you are alone at home<strong><o:p></o:p></strong></span>"
10/21/2018 18:47,10/25/2018 4:03,0,174.255.197.190,100,292607,1,10/25/2018 4:03,R_3n2EADdw4jAc9gG,,,,,37.75100708,-97.8219986,anonymous,EN,"1,2,3,4",2,,1,,"1,2,3",,1,,1,,"2,3",1,,2,,2,"1,2",,2,,"3,4",,2,,"1,2",,2,,,,,,,,,,,,,,,,,,,,,,,,,,,,,,,,,,,,,,,,,,,,,,,,,,,,,,,,,,,,,,,,,,,,,,,,,,,,,,,,,,,,,,,,,,,,,,,,,,,,,,,,,,,,,,,,,,,,,,,,,,,,,,,,,,,,,,,,,,,,,,,,,,,,,,,,,,,,,,,,,,,,,,,,,,,,,,,,,,,,,,,,92424,"<span lang=""EN-GB"">Suppose you want to find a route to a coffee shop when you are
     at home </span><span lang=""EN-GB"">with
     people you are close to (e.g., friends, family members)</span><strong><span lang=""EN-GB""><o:p></o:p></span></strong>"
10/25/2018 4:07,10/25/2018 4:07,0,69.122.181.184,100,17,1,10/25/2018 4:07,R_8fc8ThklLLfszux,,,,,40.78660583,-73.19609833,anonymous,EN,"1,2",,,,,,,,,,,,,,,,,,,,,,,,,,,,,,,,,,,,,,,,,,,,,,,,,,,,,,,,,,,,,,,,,,,,,,,,,,,,,,,,,,,,,,,,,,,,,,,,,,,,,,,,,,,,,,,,,,,,,,,,,,,,,,,,,,,,,,,,,,,,,,,,,,,,,,,,,,,,,,,,,,,,,,,,,,,,,,,,,,,,,,,,,,,,,,,,,,,,,,,,,,,,,,,,,,,39700,"<span lang=""EN-GB"">Suppose
     you want to purchase something online when you are with people you are
     close to (e.g., friends, family members).<o:p></o:p></span>"
10/25/2018 6:01,10/25/2018 6:01,0,73.81.8.248,100,12,1,10/25/2018 6:01,R_2ZK49yvW5M6K2nu,,,,,39.93789673,-75.17939758,anonymous,EN,"2,3",,,,,,,,,,,,,,,,,,,,,,,,,,,,,,,,,,,,,,,,,,,,,,,,,,,,,,,,,,,,,,,,,,,,,,,,,,,,,,,,,,,,,,,,,,,,,,,,,,,,,,,,,,,,,,,,,,,,,,,,,,,,,,,,,,,,,,,,,,,,,,,,,,,,,,,,,,,,,,,,,,,,,,,,,,,,,,,,,,,,,,,,,,,,,,,,,,,,,,,,,,,,,,,,,,,67927,"<span lang=""EN-GB"">Suppose you have planned to meet a friend next week and you want to put this on your calendar when you are alone at Starbucks.<o:p></o:p></span>"
10/25/2018 6:25,10/25/2018 6:25,0,206.246.76.133,100,22,1,10/25/2018 6:25,R_3KUvfr4Jo0gB9vk,,,,,41.99719238,-87.71659851,anonymous,EN,3,,,,,,,,,,,,,,,,,,,,,,,,,,,,,,,,,,,,,,,,,,,,,,,,,,,,,,,,,,,,,,,,,,,,,,,,,,,,,,,,,,,,,,,,,,,,,,,,,,,,,,,,,,,,,,,,,,,,,,,,,,,,,,,,,,,,,,,,,,,,,,,,,,,,,,,,,,,,,,,,,,,,,,,,,,,,,,,,,,,,,,,,,,,,,,,,,,,,,,,,,,,,,,,,,,,70271,"<span lang=""EN-GB"" style=""font-size:11.0pt;line-height:115%;
font-family:&quot;Arial&quot;,sans-serif;mso-fareast-font-family:Arial;mso-ansi-language:
EN-GB;mso-fareast-language:EN-US;mso-bidi-language:AR-SA"">Suppose you want to a
send an email when you are alone at home</span>"
10/25/2018 6:25,10/25/2018 6:26,0,206.246.76.133,100,35,1,10/25/2018 6:26,R_1rB0wqNxprMmSE3,,,,,41.99719238,-87.71659851,anonymous,EN,3,,,,,,,,,,,,,,,,,,,,,,,,,,,,,,,,,,,,,,,,,,,,,,,,,,,,,,,,,,,,,,,,,,,,,,,,,,,,,,,,,,,,,,,,,,,,,,,,,,,,,,,,,,,,,,,,,,,,,,,,,,,,,,,,,,,,,,,,,,,,,,,,,,,,,,,,,,,,,,,,,,,,,,,,,,,,,,,,,,,,,,,,,,,,,,,,,,,,,,,,,,,,,,,,,,,52715,"<span lang=""EN-GB"" style=""font-size:11.0pt;line-height:115%;
font-family:&quot;Arial&quot;,sans-serif;mso-fareast-font-family:Arial;mso-ansi-language:
EN-GB;mso-fareast-language:EN-US;mso-bidi-language:AR-SA"">Suppose you want to
find a route to a coffee shop when you are alone at home.</span>"
10/25/2018 6:29,10/25/2018 6:33,0,24.101.246.112,100,286,1,10/25/2018 6:33,R_26fhOhp2H4gKytU,,,,,41.02929688,-80.75640106,anonymous,EN,"1,2,3,5","1,2",,3,,"1,2,3,4",,1,,1,,"2,3","1,2",,5,,"2,3","1,3,4",,"2,3",,"2,3,4",,"1,2,3",,"1,2,3",,4,,,,,,,,,,,,,,,,,,,,,,,,,,,,,,,,,,,,,,,,,,,,,,,,,,,,,,,,,,,,,,,,,,,,,,,,,,,,,,,,,,,,,,,,,,,,,,,,,,,,,,,,,,,,,,,,,,,,,,,,,,,,,,,,,,,,,,,,,,,,,,,,,,,,,,,,,,,,,,,,,,,,,,,,,,,,,,,,,,,,,,,,36789,"<span lang=""EN-GB"">Suppose you want to set up a reminder about something when you are at Starbucks with close friends.<o:p></o:p></span>"
10/25/2018 7:40,10/25/2018 7:40,0,207.244.89.106,100,10,1,10/25/2018 7:40,R_3n3kRnKvS7Dng5T,,,,,40.5171051,-74.39730072,anonymous,EN,2,,,,,,,,,,,,,,,,,,,,,,,,,,,,,,,,,,,,,,,,,,,,,,,,,,,,,,,,,,,,,,,,,,,,,,,,,,,,,,,,,,,,,,,,,,,,,,,,,,,,,,,,,,,,,,,,,,,,,,,,,,,,,,,,,,,,,,,,,,,,,,,,,,,,,,,,,,,,,,,,,,,,,,,,,,,,,,,,,,,,,,,,,,,,,,,,,,,,,,,,,,,,,,,,,,,26704,"<span lang=""EN-GB"">Suppose you are alone and relaxing at home, you have just read a new book that&nbsp;</span>you loved and now you want a write a review for your close family and friends."
10/15/2018 16:19,10/18/2018 7:48,0,65.31.180.86,88,228527,0,10/25/2018 7:48,R_1kUFIgHyzhayRoB,,,,,,,anonymous,EN,"2,3,4",4,,1,,4,,1,,4,,2,1,,1,,4,4,,3,,6,,3,,3,,2,,2,,,,,,,,,,,,,,,,,,,,,,,,,,,,,,,,,,,,,,,,,,,,,,,,,,,,,,,,,,,,,,,,,,,,,,,,,,,,,,,,,,,,,,,,,,,,,,,,,,,,,,,,,,,,,,,,,,,,,,,,,,,,,,,,,,,,,,,,,,,,,,,,,,,,,,,,,,,,,,,,,,,,,,,,,,,,,,,,,,,,,,16848,"<span lang=""EN-GB"">Suppose you are at a coffee shop, you have just read a book you loved and now&nbsp;</span>you want to write a review for it to share with your close family and friends."
10/18/2018 7:58,10/18/2018 7:58,0,73.66.114.81,78,45,0,10/25/2018 7:59,R_T7Mbd1sOKVfEUyR,,,,,,,anonymous,EN,"1,2,6",,,,,,,,,,,,,,,,,,,,,,,,,,,,,,,,,,,,,,,,,,,,,,,,,,,,,,,,,,,,,,,,,,,,,,,,,,,,,,,,,,,,,,,,,,,,,,,,,,,,,,,,,,,,,,,,,,,,,,,,,,,,,,,,,,,,,,,,,,,,,,,,,,,,,,,,,,,,,,,,,,,,,,,,,,,,,,,,,,,,,,,,,,,,,,,,,,,,,,,,,,,,,,,,,,,26493,"<span lang=""EN-GB"">Suppose you have planned to meet a friend next week and you want to put this on your calendar when you are surrounded by people you know (e.g., acquaintances, colleagues) at a restaurant.<o:p></o:p></span>"
10/18/2018 8:31,10/18/2018 8:42,0,105.112.16.195,97,647,0,10/25/2018 8:42,R_1nZx44TZ0hh75cn,,,,,,,anonymous,EN,"1,2,4","1,2,4,5",,"1,2",,"1,2,3,4",,1,,1,,"2,3","1,2,3",,"1,2",,"2,3","1,2,4",,"1,2,3",,"2,3",,"1,2,3",,"1,2,3",,4,,2,,,,,,,,,,,,,,,,,,,,,,,,,,,,,,"2,5",,5,,"1,2,3",,1,,1,,3,"1,2,3",,2,,2,,6,,"1,3",,"1,2",,"1,3",,"1,2,3",,4,,,,,,,,,,,,,,,,,,,,,,,,,,,,,,,,,,,,,,,,,,,,,,,,,,,,,,,,,,,,,,,,,,,,,,,,,,,,,,,,,,,,,,,,,,,,,,,,,,,,,,,,,,,,,,,,,,,,,,,,,,,,,76883,"<span lang=""EN-GB"">Suppose
     you want to set up a reminder when you are alone at your home.<strong><o:p></o:p></strong></span>"
10/25/2018 8:49,10/25/2018 8:49,0,172.82.162.82,100,7,1,10/25/2018 8:49,R_1eyovXA2cQXDuSX,,,,,34.0493927,-118.2640991,anonymous,EN,1,,,,,,,,,,,,,,,,,,,,,,,,,,,,,,,,,,,,,,,,,,,,,,,,,,,,,,,,,,,,,,,,,,,,,,,,,,,,,,,,,,,,,,,,,,,,,,,,,,,,,,,,,,,,,,,,,,,,,,,,,,,,,,,,,,,,,,,,,,,,,,,,,,,,,,,,,,,,,,,,,,,,,,,,,,,,,,,,,,,,,,,,,,,,,,,,,,,,,,,,,,,,,,,,,,,96372,"<span lang=""EN-GB"">Suppose you are at Starbucks with your close friends and you realize today is the last day to pay one of your bills online.<o:p></o:p></span>"
10/25/2018 8:49,10/25/2018 8:49,0,98.67.169.162,100,17,1,10/25/2018 8:49,R_8oUbQpfSklobNgR,,,,,34.62049866,-86.5510025,anonymous,EN,1,,,,,,,,,,,,,,,,,,,,,,,,,,,,,,,,,,,,,,,,,,,,,,,,,,,,,,,,,,,,,,,,,,,,,,,,,,,,,,,,,,,,,,,,,,,,,,,,,,,,,,,,,,,,,,,,,,,,,,,,,,,,,,,,,,,,,,,,,,,,,,,,,,,,,,,,,,,,,,,,,,,,,,,,,,,,,,,,,,,,,,,,,,,,,,,,,,,,,,,,,,,,,,,,,,,39828,"<span lang=""EN-GB"">Suppose
     you want to a view a text message when you with people you know (e.g.,
     acquaintances, colleagues) at a street<strong>.</strong><o:p></o:p></span>"
10/25/2018 8:50,10/25/2018 8:50,0,196.18.226.180,100,43,1,10/25/2018 8:50,R_bDSYzh0x2ixoWXv,,,,,39.09970093,-94.57859802,anonymous,EN,3,,,,,,,,,,,,,,,,,,,,,,,,,,,,,,,,,,,,,,,,,,,,,,,,,,,,,,,,,,,,,,,,,,,,,,,,,,,,,,,,,,,,,,,,,,,,,,,,,,,,,,,,,,,,,,,,,,,,,,,,,,,,,,,,,,,,,,,,,,,,,,,,,,,,,,,,,,,,,,,,,,,,,,,,,,,,,,,,,,,,,,,,,,,,,,,,,,,,,,,,,,,,,,,,,,,64614,"<span lang=""EN-GB"">Suppose
     you want to purchase something (e.g., book, household items) online when
     you are with your close friends at a park.<o:p></o:p></span>"
10/25/2018 8:51,10/25/2018 8:52,0,155.94.250.10,100,13,1,10/25/2018 8:52,R_3IbE685u6b4VEJS,,,,,32.81520081,-96.87030029,anonymous,EN,2,,,,,,,,,,,,,,,,,,,,,,,,,,,,,,,,,,,,,,,,,,,,,,,,,,,,,,,,,,,,,,,,,,,,,,,,,,,,,,,,,,,,,,,,,,,,,,,,,,,,,,,,,,,,,,,,,,,,,,,,,,,,,,,,,,,,,,,,,,,,,,,,,,,,,,,,,,,,,,,,,,,,,,,,,,,,,,,,,,,,,,,,,,,,,,,,,,,,,,,,,,,,,,,,,,,85263,"<span lang=""EN-GB"">Suppose you want to browse the internet when you are with your close friends at a park.<o:p></o:p></span>"
10/25/2018 8:49,10/25/2018 8:53,0,107.178.41.121,100,232,1,10/25/2018 8:53,R_2tAtG3iuIzL3G7D,,,,,37.75100708,-97.8219986,anonymous,EN,"1,2,3",2,,3,,"1,2,3,4",,1,,1,,3,2,,2,,"2,3","1,2,3",,"2,3",,"2,3,4",,"2,3",,"1,2",,"1,2",,,,,,,,,,,,,,,,,,,,,,,,,,,,,,,,,,,,,,,,,,,,,,,,,,,,,,,,,,,,,,,,,,,,,,,,,,,,,,,,,,,,,,,,,,,,,,,,,,,,,,,,,,,,,,,,,,,,,,,,,,,,,,,,,,,,,,,,,,,,,,,,,,,,,,,,,,,,,,,,,,,,,,,,,,,,,,,,,,,,,,,,91575,"<span lang=""EN-GB"">Suppose
     you want to listen to some audio when you are with your close friends in a
     park.<o:p></o:p></span>"
10/25/2018 8:45,10/25/2018 8:54,0,170.109.232.2,100,530,1,10/25/2018 8:54,R_1Qfo7LjNdSkKVSN,,,,,38.92520142,-77.39279938,anonymous,EN,"1,2,3,4",1,,3,,1,,1,,1,,1,3,,1,,3,"2,4",,1,,2,,1,,2,,2,,,,,,,,,,,,,,,,,,,,,,,,,,,,,,,,,,,,,,,,,,,,,,,,,,,,,,,,,,,,,,,,,,,,,,,,,,,,,,,,,,,,,,,,,,,,,,,,,,,,,,,,,,,,,,,,,,,,,,,,,,,,,,,,,,,,,,,,,,,,,,,,,,,,,,,,,,,,,,,,,,,,,,,,,,,,,,,,,,,,,,,,37040,"<span lang=""EN-GB"">Suppose
     you want to listen to some audio when you are at home with people you are
     close to (e.g., friends, family members).<strong><o:p></o:p></strong></span>"
10/25/2018 8:56,10/25/2018 8:56,0,172.245.162.122,100,14,1,10/25/2018 8:56,R_2ClZF7N3nLxxE8y,,,,,42.88639832,-78.87809753,anonymous,EN,1,,,,,,,,,,,,,,,,,,,,,,,,,,,,,,,,,,,,,,,,,,,,,,,,,,,,,,,,,,,,,,,,,,,,,,,,,,,,,,,,,,,,,,,,,,,,,,,,,,,,,,,,,,,,,,,,,,,,,,,,,,,,,,,,,,,,,,,,,,,,,,,,,,,,,,,,,,,,,,,,,,,,,,,,,,,,,,,,,,,,,,,,,,,,,,,,,,,,,,,,,,,,,,,,,,,60512,"<span lang=""EN-GB"">Suppose you want to read a digital document when you are in a park with people you know (e.g., acquaintances, colleagues).<o:p></o:p></span>"
10/25/2018 8:56,10/25/2018 8:57,0,172.245.162.122,100,69,1,10/25/2018 8:57,R_2RVNdCYOZzvfabW,,,,,42.88639832,-78.87809753,anonymous,EN,3,,,,,,,,,,,,,,,,,,,,,,,,,,,,,,,,,,,,,,,,,,,,,,,,,,,,,,,,,,,,,,,,,,,,,,,,,,,,,,,,,,,,,,,,,,,,,,,,,,,,,,,,,,,,,,,,,,,,,,,,,,,,,,,,,,,,,,,,,,,,,,,,,,,,,,,,,,,,,,,,,,,,,,,,,,,,,,,,,,,,,,,,,,,,,,,,,,,,,,,,,,,,,,,,,,,62525,"<span lang=""EN-GB"">Suppose
     you want to a send a text message when you are alone at home<strong><o:p></o:p></strong></span>"
10/25/2018 8:57,10/25/2018 8:58,0,108.45.64.178,100,26,1,10/25/2018 8:58,R_3D17nRNgXSnTGiR,,,,,38.96749878,-76.85510254,anonymous,EN,"1,4",,,,,,,,,,,,,,,,,,,,,,,,,,,,,,,,,,,,,,,,,,,,,,,,,,,,,,,,,,,,,,,,,,,,,,,,,,,,,,,,,,,,,,,,,,,,,,,,,,,,,,,,,,,,,,,,,,,,,,,,,,,,,,,,,,,,,,,,,,,,,,,,,,,,,,,,,,,,,,,,,,,,,,,,,,,,,,,,,,,,,,,,,,,,,,,,,,,,,,,,,,,,,,,,,,,69440,"<span lang=""EN-GB"" style=""font-size:11.0pt;line-height:115%;
font-family:&quot;Arial&quot;,sans-serif;mso-fareast-font-family:Arial;mso-ansi-language:
EN-GB;mso-fareast-language:EN-US;mso-bidi-language:AR-SA"">Suppose you want to a
send a text message when you are alone at Starbucks.</span>"
10/25/2018 8:58,10/25/2018 8:59,0,216.107.42.154,100,22,1,10/25/2018 8:59,R_wWO0AZisHibmZVv,,,,,37.75100708,-97.8219986,anonymous,EN,5,,,,,,,,,,,,,,,,,,,,,,,,,,,,,,,,,,,,,,,,,,,,,,,,,,,,,,,,,,,,,,,,,,,,,,,,,,,,,,,,,,,,,,,,,,,,,,,,,,,,,,,,,,,,,,,,,,,,,,,,,,,,,,,,,,,,,,,,,,,,,,,,,,,,,,,,,,,,,,,,,,,,,,,,,,,,,,,,,,,,,,,,,,,,,,,,,,,,,,,,,,,,,,,,,,,53853,"<span lang=""EN-GB"">Suppose you are at your gym and you want to track the amount of calories&nbsp;</span>you have burnt your workout.&nbsp;"
10/25/2018 8:57,10/25/2018 9:01,0,66.54.114.44,100,258,1,10/25/2018 9:01,R_sRqBDnhFeSw0R5n,,,,,18.5,-77.65000153,anonymous,EN,"1,2,3,4,6","2,3,4",,1,,"1,2,3",,1,,1,,"1,2","1,2,3",,"2,3",,2,"2,3",,1,,"1,3",,"1,2",,1,,2,,,,,,,,,,,,,,,,,,,,,,,,,,,,,,,,,,,,,,,,,,,,,,,,,,,,,,,,,,,,,,,,,,,,,,,,,,,,,,,,,,,,,,,,,,,,,,,,,,,,,,,,,,,,,,,,,,,,,,,,,,,,,,,,,,,,,,,,,,,,,,,,,,,,,,,,,,,,,,,,,,,,,,,,,,,,,,,,,,,,,,,,44061,"<span lang=""EN-GB"">Suppose you want to listen to some audio when you are alone in a park.<o:p></o:p></span>"
10/25/2018 8:58,10/25/2018 9:02,0,97.80.23.162,100,199,1,10/25/2018 9:02,R_3k6AuIUeRjNKquU,,,,,30.49110413,-90.46970367,anonymous,EN,"1,2,3,4",2,,5,,1,,1,,1,,1,1,,3,,1,6,,2,,3,,2,,1,,2,,2,,,,,,,,,,,,,,,,,,,,,,,,,,,,,,2,,3,,1,,1,,1,,1,5,,5,,5,,2,,3,,2,,3,,1,,4,,,,,,,,,,,,,,,,,,,,,,,,,,,,,,,,,,,,,,,,,,,,,,,,,,,,,,,,,,,,,,,,,,,,,,,,,,,,,,,,,,,,,,,,,,,,,,,,,,,,,,,,,,,,,,,,,,,,,,female,41,accountant,4,1,,5,61123,"<span lang=""EN-GB"">Suppose you want to call your mother for sharing an important
     update about your life&nbsp; when you
     with people you know (e.g., acquaintances, colleagues) at a park<o:p></o:p></span>"
10/25/2018 9:03,10/25/2018 9:03,0,41.215.78.18,100,18,1,10/25/2018 9:03,R_XTEQwQEKj84Q9wt,,,,,-1.283294678,36.81669617,anonymous,EN,2,,,,,,,,,,,,,,,,,,,,,,,,,,,,,,,,,,,,,,,,,,,,,,,,,,,,,,,,,,,,,,,,,,,,,,,,,,,,,,,,,,,,,,,,,,,,,,,,,,,,,,,,,,,,,,,,,,,,,,,,,,,,,,,,,,,,,,,,,,,,,,,,,,,,,,,,,,,,,,,,,,,,,,,,,,,,,,,,,,,,,,,,,,,,,,,,,,,,,,,,,,,,,,,,,,,65154,"<span lang=""EN-GB"">Suppose you want to a send a text message when you are alone at a street.<o:p></o:p></span>"
10/25/2018 9:03,10/25/2018 9:06,0,73.130.183.198,100,162,1,10/25/2018 9:06,R_2SfxaxpGzeMqBFu,,,,,40.5670929,-76.32689667,anonymous,EN,"1,2,3,4",1,,1,,1,,1,,3,,1,1,,1,,1,1,,1,,2,,2,,1,,2,,,,,,,,,,,,,,,,,,,,,,,,,,,,,,,,,,,,,,,,,,,,,,,,,,,,,,,,,,,,,,,,,,,,,,,,,,,,,,,,,,,,,,,,,,,,,,,,,,,,,,,,,,,,,,,,,,,,,,,,,,,,,,,,,,,,,,,,,,,,,,,,,,,,,,,,,,,,,,,,,,,,,,,,,,,,,,,,,,,,,,,,69263,"<span lang=""EN-GB"">Suppose you want to take a click a photo when you are with your close friends&nbsp;</span>and family members at Starbucks"
10/25/2018 9:07,10/25/2018 9:12,0,73.139.19.187,100,303,1,10/25/2018 9:12,R_sZsbYuMi1xglnHz,,,,,25.60620117,-80.34259796,anonymous,EN,"4,5",,,,,,,,,,,,,,,,,,,,,,,,,,,,,,,,,,,,,,,,,,,,,,,,,,,,,,,,,,,,,,,,,,,,,,,,,,,,,,,,,,,,,,,,,,,,,,,,,,,,,,,,,,,,,,,,,,,,,,,,,,,,,,,,,,,,,,,,,,,,,,,,,,,,,,,,,,,,,,,,,,,,,,,,,,,,,,,,,,,,,,,,,,,,,,,,,,,,,,,,,,,,,,,,,,,58061,"<span lang=""EN-GB"">Suppose
     you want to read a digital document when you are alone at home.<strong><o:p></o:p></strong></span>"
10/25/2018 9:03,10/25/2018 9:15,0,68.40.38.242,100,746,1,10/25/2018 9:15,R_2tApPSJsRDYpDQa,,,,,42.21960449,-83.604599,anonymous,EN,"1,2,4,5,6",1,,2,,"2,4",,1,,1,,"2,3",2,,1,,"2,3",4,,3,,2,,3,,5,,2,,5,,,,,,,,,,,,,,,,,,,,,,,,,,,,,,,,,,,,,,,,,,,,,,,,,,,,,,,,,,,,,,,,,,,,,,,,,,,,,,,,,,,,,,,,,,,,,,,,,,,,,,,,,,,,,,,,,,,,,1,,3,,4,,1,,2,,2,3,,1,,1,,4,,2,,3,,2,,5,,4,,,,,,,,,,,,,,,,,,,,,,,,,,,,,,,female,50,Administrator,5,1,,7,82212,"<span lang=""EN-GB"">Suppose
     you want to set up a reminder when you are with people you know (e.g.,
     acquaintances, colleagues) at your home.<o:p></o:p></span>"
10/25/2018 9:16,10/25/2018 9:16,0,172.5.237.147,100,13,1,10/25/2018 9:16,R_306qNWgjAoccfIZ,,,,,32.728302,-96.00789642,anonymous,EN,1,,,,,,,,,,,,,,,,,,,,,,,,,,,,,,,,,,,,,,,,,,,,,,,,,,,,,,,,,,,,,,,,,,,,,,,,,,,,,,,,,,,,,,,,,,,,,,,,,,,,,,,,,,,,,,,,,,,,,,,,,,,,,,,,,,,,,,,,,,,,,,,,,,,,,,,,,,,,,,,,,,,,,,,,,,,,,,,,,,,,,,,,,,,,,,,,,,,,,,,,,,,,,,,,,,,41476,"<span lang=""EN-GB"">Suppose
     you want to set up a reminder when you are at a park by yourself.<o:p></o:p></span>"
10/25/2018 9:16,10/25/2018 9:16,0,216.107.42.67,100,15,1,10/25/2018 9:16,R_3PMHZWf8Xu6wYCP,,,,,37.75100708,-97.8219986,anonymous,EN,1,,,,,,,,,,,,,,,,,,,,,,,,,,,,,,,,,,,,,,,,,,,,,,,,,,,,,,,,,,,,,,,,,,,,,,,,,,,,,,,,,,,,,,,,,,,,,,,,,,,,,,,,,,,,,,,,,,,,,,,,,,,,,,,,,,,,,,,,,,,,,,,,,,,,,,,,,,,,,,,,,,,,,,,,,,,,,,,,,,,,,,,,,,,,,,,,,,,,,,,,,,,,,,,,,,,71256,"<span lang=""EN-GB"" style=""font-size:11.0pt;line-height:115%;
font-family:&quot;Arial&quot;,sans-serif;mso-fareast-font-family:Arial;mso-ansi-language:
EN-GB;mso-fareast-language:EN-US;mso-bidi-language:AR-SA"">Suppose you want to a
view a text message when you are alone at home</span>"
10/25/2018 9:16,10/25/2018 9:17,0,216.107.42.67,100,26,1,10/25/2018 9:17,R_338UOHNx7pJaLUl,,,,,37.75100708,-97.8219986,anonymous,EN,2,,,,,,,,,,,,,,,,,,,,,,,,,,,,,,,,,,,,,,,,,,,,,,,,,,,,,,,,,,,,,,,,,,,,,,,,,,,,,,,,,,,,,,,,,,,,,,,,,,,,,,,,,,,,,,,,,,,,,,,,,,,,,,,,,,,,,,,,,,,,,,,,,,,,,,,,,,,,,,,,,,,,,,,,,,,,,,,,,,,,,,,,,,,,,,,,,,,,,,,,,,,,,,,,,,,37764,"<span lang=""EN-GB"">Suppose
     you want to watch some video when you are with your close friends in a
     park.<o:p></o:p></span>"
10/25/2018 9:17,10/25/2018 9:17,0,98.213.21.48,100,15,1,10/25/2018 9:17,R_3nBkgonTywMVrZQ,,,,,41.3441925,-89.09549713,anonymous,EN,"2,3",,,,,,,,,,,,,,,,,,,,,,,,,,,,,,,,,,,,,,,,,,,,,,,,,,,,,,,,,,,,,,,,,,,,,,,,,,,,,,,,,,,,,,,,,,,,,,,,,,,,,,,,,,,,,,,,,,,,,,,,,,,,,,,,,,,,,,,,,,,,,,,,,,,,,,,,,,,,,,,,,,,,,,,,,,,,,,,,,,,,,,,,,,,,,,,,,,,,,,,,,,,,,,,,,,,70619,"<span lang=""EN-GB"">Suppose you want to read a digital document when you are at a park.<o:p></o:p></span>"
10/25/2018 9:17,10/25/2018 9:17,0,216.107.42.67,100,10,1,10/25/2018 9:17,R_2xLUlojnhiahKlU,,,,,37.75100708,-97.8219986,anonymous,EN,5,,,,,,,,,,,,,,,,,,,,,,,,,,,,,,,,,,,,,,,,,,,,,,,,,,,,,,,,,,,,,,,,,,,,,,,,,,,,,,,,,,,,,,,,,,,,,,,,,,,,,,,,,,,,,,,,,,,,,,,,,,,,,,,,,,,,,,,,,,,,,,,,,,,,,,,,,,,,,,,,,,,,,,,,,,,,,,,,,,,,,,,,,,,,,,,,,,,,,,,,,,,,,,,,,,,90850,"<span lang=""EN-GB"">Suppose
     you want to set up a reminder when you are alone at your home.<strong><o:p></o:p></strong></span>"
10/25/2018 9:17,10/25/2018 9:18,0,216.107.42.67,100,68,1,10/25/2018 9:18,R_1EhqDXcKcpcIsfq,,,,,37.75100708,-97.8219986,anonymous,EN,4,,,,,,,,,,,,,,,,,,,,,,,,,,,,,,,,,,,,,,,,,,,,,,,,,,,,,,,,,,,,,,,,,,,,,,,,,,,,,,,,,,,,,,,,,,,,,,,,,,,,,,,,,,,,,,,,,,,,,,,,,,,,,,,,,,,,,,,,,,,,,,,,,,,,,,,,,,,,,,,,,,,,,,,,,,,,,,,,,,,,,,,,,,,,,,,,,,,,,,,,,,,,,,,,,,,75441,"<span lang=""EN-GB"">Suppose you are at sitting in a park and you want to play a digital/online game.<o:p></o:p></span>"
10/25/2018 9:10,10/25/2018 9:18,0,47.42.165.68,100,479,1,10/25/2018 9:18,R_1dtSV4pJyg6j6aw,,,,,43.227005,-123.5158005,anonymous,EN,"1,2,4",7,,5,,6,,3,,6,,4,5,,5,,4,6,,5,,7,,5,,"1,2",,1,,1,7,,5,,6,,3,,6,,4,1,,5,,5,,6,,7,,5,,7,,"1,2",,1,,,,,,,,,,,,,,,,,,,,,,,,,,,,,,,,,,,,,,,,,,,,,,,,,,,,,,,,,,,,,,,,,,,,,,,,,,,,,,,,,,,,,,,,,,,,,,,,,,,,,,,,,,,,,,,,,,,,,,,,,,,,,,,,,,,,,,,,,,,,,,,,,,,female,68,self employed,5,1,,4,40605,"<span lang=""EN-GB"">Suppose
     you want to purchase something online when you are alone at your home.<o:p></o:p></span>"
10/25/2018 9:18,10/25/2018 9:21,0,74.140.78.162,100,154,1,10/25/2018 9:21,R_2WDyjQKxU1wIB95,,,,,39.3177948,-82.10199738,anonymous,EN,"1,2,5,6","2,5",,1,,2,,1,,1,,"2,3","1,2",,"2,3",,1,"1,3",,1,,"3,4",,"1,2",,"1,2",,1,,,,,,,,,,,,,,,,,,,,,,,,,,,,,,,,,,,,,,,,,,,,,,,,,,,,,,,,,,,,,,,,,,,,,,,,,,,,,,,,,,,,,,,,,,,,,,,,,,,,,,,,,,,,,,,,,,,,,,,,,,,,,,,,,,,,,,,,,,,,,,,,,,,,,,,,,,,,,,,,,,,,,,,,,,,,,,,,,,,,,,,,8913,"<span lang=""EN-GB"">Suppose you are at sitting at Starbucks and you want to play a digital/online&nbsp;</span>game."
10/25/2018 9:19,10/25/2018 9:21,0,216.107.42.67,100,154,1,10/25/2018 9:21,R_SHOmTFHeqDkbXc5,,,,,37.75100708,-97.8219986,anonymous,EN,6,,,,,,,,,,,,,,,,,,,,,,,,,,,,,,,,,,,,,,,,,,,,,,,,,,,,,,,,,,,,,,,,,,,,,,,,,,,,,,,,,,,,,,,,,,,,,,,,,,,,,,,,,,,,,,,,,,,,,,,,,,,,,,,,,,,,,,,,,,,,,,,,,,,,,,,,,,,,,,,,,,,,,,,,,,,,,,,,,,,,,,,,,,,,,,,,,,,,,,,,,,,,,,,,,,,72971,"<span lang=""EN-GB"">Suppose
     you want to a view a text message when you are surrounded with people you
     are close to (e.g., friends, family members) at your home.<strong><o:p></o:p></strong></span>"
10/25/2018 9:21,10/25/2018 9:22,0,66.108.219.72,100,22,1,10/25/2018 9:22,R_2EBmaywJ9g87orU,,,,,40.6867981,-73.82299805,anonymous,EN,1,,,,,,,,,,,,,,,,,,,,,,,,,,,,,,,,,,,,,,,,,,,,,,,,,,,,,,,,,,,,,,,,,,,,,,,,,,,,,,,,,,,,,,,,,,,,,,,,,,,,,,,,,,,,,,,,,,,,,,,,,,,,,,,,,,,,,,,,,,,,,,,,,,,,,,,,,,,,,,,,,,,,,,,,,,,,,,,,,,,,,,,,,,,,,,,,,,,,,,,,,,,,,,,,,,,55877,"<span lang=""EN-GB"">Suppose you want to a send an email when you are walking with a very close friend on a street.&nbsp;<o:p></o:p></span>"
10/25/2018 9:26,10/25/2018 9:27,0,98.115.181.61,100,42,1,10/25/2018 9:27,R_1rw4GFw43Ctvdd9,,,,,39.98429871,-75.82530212,anonymous,EN,"1,2",,,,,,,,,,,,,,,,,,,,,,,,,,,,,,,,,,,,,,,,,,,,,,,,,,,,,,,,,,,,,,,,,,,,,,,,,,,,,,,,,,,,,,,,,,,,,,,,,,,,,,,,,,,,,,,,,,,,,,,,,,,,,,,,,,,,,,,,,,,,,,,,,,,,,,,,,,,,,,,,,,,,,,,,,,,,,,,,,,,,,,,,,,,,,,,,,,,,,,,,,,,,,,,,,,,73415,"<span lang=""EN-GB"">Suppose you want to a view a text message when you are alone at a street.<o:p></o:p></span>"
10/25/2018 9:23,10/25/2018 9:27,0,208.46.83.107,100,268,1,10/25/2018 9:27,R_3NEdPC0smafoy3l,,,,,39.58050537,-104.9011002,anonymous,EN,"1,2,3,4,6",4,,3,,"2,3",,3,,1,,"1,2",2,,3,,"1,2",3,,2,,4,,2,,2,,2,,1,4,,3,,4,,3,,1,,2,3,,3,,3,,3,,4,,2,,3,,2,,1,,,,,,,,,,,,,,,,,,,,,,,,,,,,,,,,,,,,,,,,,,,,,,,,,,,,,,,,,,,,,,,,,,,,,,,,,,,,,,,,,,,,,,,,,,,,,,,,,,,,,,,,,,,,,,,,,,,,,,,,,,,,,,,,,,,,,,,,,,,,,,,,,,,,,,,,,,8687,"<span lang=""EN-GB"">Suppose
     you want to set up a reminder about something when you are at Starbucks by
     yourself.<o:p></o:p></span>"
10/25/2018 9:24,10/25/2018 9:28,0,73.28.132.137,100,262,1,10/25/2018 9:28,R_2eUXqI7094YaJKq,,,,,27.26660156,-82.51629639,anonymous,EN,"1,2,4,5",2,,1,,1,,3,,1,,3,2,,3,,2,2,,2,,3,,2,,2,,2,,,,,,,,,,,,,,,,,,,,,,,,,,,,,,,,,,,,,,,,,,,,,,,,,,,,,,,,,,,,,,,,,,,,,,,,,,,,,,,,,,,,,,,,,,,,,,,,,,,,,,,,,,,,,,,,,,,,,,,,,,,,,,,,,,,,,,,,,,,,,,,,,,,,,,,,,,,,,,,,,,,,,,,,,,,,,,,,,,,,,,,,73236,"<span lang=""EN-GB"">Suppose
     you want to purchase something online when you are with people you know
     (e.g., acquaintances, colleagues) at your home.<o:p></o:p></span>"
10/25/2018 9:27,10/25/2018 9:30,0,75.110.162.172,100,173,1,10/25/2018 9:30,R_2chKXAllYrDP78L,,,,,35.82119751,-77.10220337,anonymous,EN,"1,2,5,6","1,2",,"1,3",,"1,3",,1,,1,,"2,3",1,,"1,2",,1,"2,4",,"1,2",,"1,3",,"1,2",,"1,3",,"1,2",,,,,,,,,,,,,,,,,,,,,,,,,,,,,,,,,,,,,,,,,,,,,,,,,,,,,,,,,,,,,,,,,,,,,,,,,,,,,,,,,,,,,,,,,,,,,,,,,,,,,,,,,,,,,,,,,,,,,,,,,,,,,,,,,,,,,,,,,,,,,,,,,,,,,,,,,,,,,,,,,,,,,,,,,,,,,,,,,,,,,,,,41813,"<span lang=""EN-GB"">Suppose you have planned to meet a friend next week and you want to put this on your calendar when you are with a very close friend at a park.&nbsp;<o:p></o:p></span>"
10/25/2018 9:27,10/25/2018 9:31,0,128.230.136.248,100,269,1,10/25/2018 9:31,R_3qTE9H0Fu6Eoit6,,,,,43.03770447,-76.13960266,anonymous,EN,"1,2,3,4,5,6",2,,1,,3,,1,,2,,3,5,,2,,3,3,,1,,3,,1,,1,,2,,"2,4",,,,,,,,,,,,,,,,,,,,,,,,,,,,,,2,,1,,3,,1,,2,,4,5,,5,,5,,3,,3,,2,,3,,5,,"1,2",,,,,,,,,,,,,,,,,,,,,,,,,,,,,,,3,,1,,1,,3,,1,,3,5,,5,,5,,3,,3,,2,,3,,1,,"1,2",,,,,,,,,,,,,,,,,,,,,,,,,,,,,,,,,,,,,,,,,,,,,,,,,,,,,,,,,,,,male,50,driver,3,1,,2,40780,"<span lang=""EN-GB"" style=""font-size:11.0pt;line-height:115%;
font-family:&quot;Arial&quot;,sans-serif;mso-fareast-font-family:Arial;mso-ansi-language:
EN-GB;mso-fareast-language:EN-US;mso-bidi-language:AR-SA"">Suppose you want to check your social media when you are alone in a park.</span>"
10/25/2018 9:29,10/25/2018 9:32,0,174.108.108.202,100,226,1,10/25/2018 9:32,R_2SxkKsFDNk1ZroQ,,,,,35.41409302,-80.61620331,anonymous,EN,"1,2,4,5",5,,1,,"1,2",,3,,"1,2",,2,2,,5,,2,6,,5,,1,,2,,3,,2,,,,,,,,,,,,,,,,,,,,,,,,,,,,,,,,,,,,,,,,,,,,,,,,,,,,,,,,,,,,,,,,,,,,,,,,,,,,,,,,,,,,,,,,,,,,,,,,,,,,,,,,,,,,,,,,,,,,,,,,,,,,,,,,,,,,,,,,,,,,,,,,,,,,,,,,,,,,,,,,,,,,,,,,,,,,,,,,,,,,,,,,74386,"<span lang=""EN-GB"">Suppose you have planned to meet a friend next week and you want to&nbsp;put this on your calendar </span><span lang=""EN-GB"">when</span><span lang=""EN-GB""> you are surrounded by people you know (e.g., acquaintances, colleagues) at your home.</span><span lang=""EN-GB""><o:p></o:p></span>"
10/25/2018 9:35,10/25/2018 9:35,0,71.231.78.129,100,30,1,10/25/2018 9:35,R_AuseqxK6wGuTGZb,,,,,47.89480591,-122.1987,anonymous,EN,"1,2,3,4,5,6","1,2,3,4,5",,5,,6,,3,,"1,2,3",,"1,2",5,,5,,3,4,,3,,"1,2",,5,,5,,1,,,,,,,,,,,,,,,,,,,,,,,,,,,,,,,,,,,,,,,,,,,,,,,,,,,,,,,,,,,,,,,,,,,,,,,,,,,,,,,,,,,,,,,,,,,,,,,,,,,,,,,,,,,,,,,,,,,,,,,,,,,,,,,,,,,,,,,,,,,,,,,,,,,,,,,,,,,,,,,,,,,,,,,,,,,,,,,,,,,,,,,,93899,"<span lang=""EN-GB"">Suppose you want to read a digital document when you are at Starbucks with people you know (e.g., acquaintances, colleagues).<o:p></o:p></span>"
10/25/2018 9:35,10/25/2018 9:35,0,71.231.78.129,100,8,1,10/25/2018 9:35,R_yNJqh2sPEtQ5elr,,,,,47.89480591,-122.1987,anonymous,EN,"2,3",,,,,,,,,,,,,,,,,,,,,,,,,,,,,,,,,,,,,,,,,,,,,,,,,,,,,,,,,,,,,,,,,,,,,,,,,,,,,,,,,,,,,,,,,,,,,,,,,,,,,,,,,,,,,,,,,,,,,,,,,,,,,,,,,,,,,,,,,,,,,,,,,,,,,,,,,,,,,,,,,,,,,,,,,,,,,,,,,,,,,,,,,,,,,,,,,,,,,,,,,,,,,,,,,,,78489,"<span lang=""EN-GB"">Suppose you are alone at home when you realize today is the last day to pay one of your bills online.<o:p></o:p></span>"
10/25/2018 9:35,10/25/2018 9:36,0,71.231.78.129,100,6,1,10/25/2018 9:36,R_1K3mxgoJiyTQXcp,,,,,47.89480591,-122.1987,anonymous,EN,"3,5",,,,,,,,,,,,,,,,,,,,,,,,,,,,,,,,,,,,,,,,,,,,,,,,,,,,,,,,,,,,,,,,,,,,,,,,,,,,,,,,,,,,,,,,,,,,,,,,,,,,,,,,,,,,,,,,,,,,,,,,,,,,,,,,,,,,,,,,,,,,,,,,,,,,,,,,,,,,,,,,,,,,,,,,,,,,,,,,,,,,,,,,,,,,,,,,,,,,,,,,,,,,,,,,,,,95341,"<span lang=""EN-GB"">Suppose
     you want to read a digital document when you are at home with people you
     are close to (e.g., friends, family members).<strong><o:p></o:p></strong></span>"
10/25/2018 9:36,10/25/2018 9:38,0,71.231.78.129,100,142,1,10/25/2018 9:38,R_3jVxzgqU4VOYjqE,,,,,47.89480591,-122.1987,anonymous,EN,"1,2,3,4,5,6","2,3,4,5",,5,,6,,3,,1,,"1,2,3",5,,5,,4,6,,"1,2,3",,7,,"1,2,3",,"1,2,3",,"1,2",,,,,,,,,,,,,,,,,,,,,,,,,,,,,,,,,,,,,,,,,,,,,,,,,,,,,,,,,,,,,,,,,,,,,,,,,,,,,,,,,,,,,,,,,,,,,,,,,,,,,,,,,,,,,,,,,,,,,,,,,,,,,,,,,,,,,,,,,,,,,,,,,,,,,,,,,,,,,,,,,,,,,,,,,,,,,,,,,,,,,,,,92261,"<span lang=""EN-GB"">Suppose you want to browse the internet when you alone at a park.<o:p></o:p></span>"
10/25/2018 9:36,10/25/2018 9:39,0,73.110.18.62,100,210,1,10/25/2018 9:39,R_1OB95F6EBUWXzXz,,,,,41.79649353,-87.95690155,anonymous,EN,"1,2,3,4,5,6","1,2",,"1,2",,1,,1,,1,,1,1,,1,,"1,2",2,,1,,"1,3",,1,,"1,2",,2,,,,,,,,,,,,,,,,,,,,,,,,,,,,,,,,,,,,,,,,,,,,,,,,,,,,,,,,,,,,,,,,,,,,,,,,,,,,,,,,,,,,,,,,,,,,,,,,,,,,,,,,,,,,,,,,,,,,,,,,,,,,,,,,,,,,,,,,,,,,,,,,,,,,,,,,,,,,,,,,,,,,,,,,,,,,,,,,,,,,,,,,82723,"<span lang=""EN-GB"">Suppose
     you want to purchase something online when you are alone at Starbucks.<o:p></o:p></span>"
10/25/2018 9:39,10/25/2018 9:41,0,73.110.18.62,100,83,1,10/25/2018 9:41,R_3I48ESJsJCFFfzo,,,,,41.79649353,-87.95690155,anonymous,EN,"1,2,3,4,5,6",7,,"1,2,3",,6,,3,,"1,2,3,4",,4,"1,2,3",,5,,"1,2,3","1,2,3",,"1,2",,"1,2,3,4",,"2,3",,"1,2,3",,4,,,,,,,,,,,,,,,,,,,,,,,,,,,,,,,,,,,,,,,,,,,,,,,,,,,,,,,,,,,,,,,,,,,,,,,,,,,,,,,,,,,,,,,,,,,,,,,,,,,,,,,,,,,,,,,,,,,,,,,,,,,,,,,,,,,,,,,,,,,,,,,,,,,,,,,,,,,,,,,,,,,,,,,,,,,,,,,,,,,,,,,,92922,"<span lang=""EN-GB"">Suppose you want to watch some video when you are alone at your home.<strong><o:p></o:p></strong></span>"
10/25/2018 9:40,10/25/2018 9:41,0,155.218.181.194,100,71,1,10/25/2018 9:41,R_1mCrNS5bL1gsaj7,,,,,42.72979736,-73.71230316,anonymous,EN,"1,2,3,4","1,2",,"1,2",,2,,1,,3,,"1,2,3","1,2,3",,1,,2,"1,2,3",,"1,2,3",,"1,2,3,4",,5,,"1,2,3",,"1,2",,,,,,,,,,,,,,,,,,,,,,,,,,,,,,,,,,,,,,,,,,,,,,,,,,,,,,,,,,,,,,,,,,,,,,,,,,,,,,,,,,,,,,,,,,,,,,,,,,,,,,,,,,,,,,,,,,,,,,,,,,,,,,,,,,,,,,,,,,,,,,,,,,,,,,,,,,,,,,,,,,,,,,,,,,,,,,,,,,,,,,,,61126,"<span lang=""EN-GB"">Suppose
     you want to watch some video when you are with people you know (e.g.,
     acquaintances, colleagues) at your home.<o:p></o:p></span>"
10/25/2018 9:42,10/25/2018 9:43,0,198.52.38.3,100,44,1,10/25/2018 9:43,R_1OJ3CCuNupAb92l,,,,,34.05839539,-118.2779999,anonymous,EN,3,,,,,,,,,,,,,,,,,,,,,,,,,,,,,,,,,,,,,,,,,,,,,,,,,,,,,,,,,,,,,,,,,,,,,,,,,,,,,,,,,,,,,,,,,,,,,,,,,,,,,,,,,,,,,,,,,,,,,,,,,,,,,,,,,,,,,,,,,,,,,,,,,,,,,,,,,,,,,,,,,,,,,,,,,,,,,,,,,,,,,,,,,,,,,,,,,,,,,,,,,,,,,,,,,,,7277,"<span lang=""EN-GB"">Suppose
     you want to call your mother for sharing an important update about your
     life&nbsp; when you are alone at a park<o:p></o:p></span>"
10/25/2018 9:37,10/25/2018 9:44,0,66.18.33.12,100,412,1,10/25/2018 9:44,R_2wKzLaHrFtF4hsz,,,,,35.0941925,-85.17569733,anonymous,EN,"1,2,4","2,3,4,5",,5,,"2,3",,1,,4,,3,"2,3",,2,,3,"2,3",,"2,3",,"1,3",,"2,3",,1,,1,,2,,,,,,,,,,,,,,,,,,,,,,,,,,,,,,7,,5,,2,,1,,4,,4,2,,2,,5,,3,,7,,5,,1,,1,,4,,,,,,,,,,,,,,,,,,,,,,,,,,,,,,,,,,,,,,,,,,,,,,,,,,,,,,,,,,,,,,,,,,,,,,,,,,,,,,,,,,,,,,,,,,,,,,,,,,,,,,,,,,,,,,,,,,,,,,,,,,,,,43370,"<span id=""docs-internal-guid-5a7e3441-7fff-9d1f-10e6-454a1d940975""><span style=""font-size: 11pt; font-family: Arial; color: rgb(0, 0, 0); background-color: transparent; font-variant-numeric: normal; font-variant-east-asian: normal; vertical-align: baseline; white-space: pre-wrap;"">Suppose you want to call your mother for sharing an important update about your life &nbsp;when you are alone at home</span><br> <br><br></span>"
10/18/2018 9:44,10/18/2018 9:44,0,67.10.52.16,1,17,0,10/25/2018 9:44,R_3258Ki8DVpclwnT,,,,,,,anonymous,EN,,,,,,,,,,,,,,,,,,,,,,,,,,,,,,,,,,,,,,,,,,,,,,,,,,,,,,,,,,,,,,,,,,,,,,,,,,,,,,,,,,,,,,,,,,,,,,,,,,,,,,,,,,,,,,,,,,,,,,,,,,,,,,,,,,,,,,,,,,,,,,,,,,,,,,,,,,,,,,,,,,,,,,,,,,,,,,,,,,,,,,,,,,,,,,,,,,,,,,,,,,,,,,,,,,,,72398,"<span lang=""EN-GB"">Suppose
     you want&nbsp; to a send a text message
     when you are walking with a very close friend on a street<o:p></o:p></span>"
10/25/2018 9:44,10/25/2018 9:44,0,196.16.109.190,100,20,1,10/25/2018 9:44,R_3g5Xn91RdX6TGYI,,,,,34.05439758,-118.2440033,anonymous,EN,1,,,,,,,,,,,,,,,,,,,,,,,,,,,,,,,,,,,,,,,,,,,,,,,,,,,,,,,,,,,,,,,,,,,,,,,,,,,,,,,,,,,,,,,,,,,,,,,,,,,,,,,,,,,,,,,,,,,,,,,,,,,,,,,,,,,,,,,,,,,,,,,,,,,,,,,,,,,,,,,,,,,,,,,,,,,,,,,,,,,,,,,,,,,,,,,,,,,,,,,,,,,,,,,,,,,50729,"<span lang=""EN-GB"">Suppose
     you are at a park with your close friends and you realize today is the
     last day to pay one of your bills online.<o:p></o:p></span>"
10/25/2018 9:33,10/25/2018 9:45,0,128.230.136.248,100,713,1,10/25/2018 9:45,R_qRrsHcsRFV0sa1X,,,,,43.03770447,-76.13960266,anonymous,EN,"1,2,3,4,5,6","3,5",,1,,3,,3,,1,,1,5,,5,,1,3,,"1,2",,7,,"1,2",,5,,4,,4,,,,,,,,,,,,,,,,,,,,,,,,,,,,,,,,,,,,,,,,,,,,,,,,,,,,,,,,,,,,,,,,,,,,,,,,,,,,,,,,,,,,,,,,3,,1,,3,,3,,1,,4,5,,5,,5,,3,,3,,1,,3,,5,,"1,2",,,,,,,,,,,,,,,,,,,,,,,,,,,,,,,,,,,,,,,,,,,,,,,,,,,,,,,,,,,,female,30,home maker,3,1,,2,2496,"<span lang=""EN-GB"">Suppose you are at a park, you have just read a book you loved and now you&nbsp;</span>want to write a review for it to share with people you are close to (e.g., friends, family members)"
10/18/2018 9:22,10/18/2018 9:48,0,24.218.173.86,88,1559,0,10/25/2018 9:48,R_1ovtdh8L0HKWe7x,,,,,,,anonymous,EN,"1,2,3,5","1,2,4,5",,"1,2,3",,"1,2,3",,3,,"1,3",,"2,3","2,3",,"2,3",,"2,3","1,2,3,4",,"1,2,3",,"3,4,6",,"1,2,3",,"1,2,3",,4,,2,,,,,,,,,,,,,,,,,,,,,,,,,,,,,,,,,,,,,,,,,,,,,,,,,,,,,,,,,,,,,,,,,,,,,,,,,,,,,,,,,,,,,,,,,,,,,,,,,,,,,,,,,,,,,,,,,,,,,,,,,,,,,,,,,,,,,,,,,,,,,,,,,,,,,,,,,,,,,,,,,,,,,,,,,,,,,,,,,,,,,,77788,"<span lang=""EN-GB"">Suppose
     you want to find a route to home when you are at Starbucks with people you
     know (e.g., acquaintances, colleagues).<o:p></o:p></span>"
10/25/2018 9:45,10/25/2018 9:53,0,174.110.36.250,100,443,1,10/25/2018 9:53,R_1FrcKnUWfbWKnrw,,,,,35.07420349,-78.96499634,anonymous,EN,"1,2,4,5,6",7,,3,,"1,2,3,4",,1,,"1,2,3",,3,"1,2,3",,3,,3,"1,2,3,4",,"1,2,3",,7,,"1,2,3",,"1,2",,2,,"1,4",4,,5,,1,,1,,2,,3,"1,2",,5,,5,,2,,"3,4",,2,,"3,4",,"1,2",,4,,,,,,,,,,,,,,,,,,,,,,,,,,,,,,,,,,,,,,,,,,,,,,,,,,,,,,,,,,,,"2,5",,1,,1,,1,,2,,3,"1,2",,5,,1,,3,,6,,2,,4,,5,,"1,2",,,,,,,,,,,,,,,,,,,,,,,,,,,,,,,,,,,,,,,,,,,,,,,,,,,,,,,,,,,,,,,,,,,81815,"<span lang=""EN-GB"">Suppose you want to browse the internet when you are at home with people you are close to (e.g., friends, family members)<strong><o:p></o:p></strong></span>"
10/25/2018 9:45,10/25/2018 9:53,0,128.230.136.248,100,457,1,10/25/2018 9:53,R_3QGhY1EByZtjVXq,,,,,43.03770447,-76.13960266,anonymous,EN,"1,2,3,4,5,6",2,,5,,3,,1,,1,,1,5,,5,,1,"1,2,3",,"1,2",,"1,2,3,4",,"1,2",,1,,"1,2",,"2,6",,,,,,,,,,,,,,,,,,,,,,,,,,,,,,2,,3,,3,,1,,1,,4,5,,5,,5,,3,,"1,2",,5,,"1,2",,5,,1,,,,,,,,,,,,,,,,,,,,,,,,,,,,,,,,,,,,,,,,,,,,,,,,,,,,,,,,,,,,,,,,,,,,,,,,,,,,,,,,,,,,,,,,,"2,5",,5,,"1,2,3",,1,,2,,1,5,,5,,5,,3,,"1,2,4",,2,,"1,2,4",,1,,4,,male,40,engineer,4,1,,4,24645,"<span lang=""EN-GB"">Suppose
     you want to a send a text message when you are surrounded by people you
     know (e.g., acquaintances, colleagues) at a restaurant.<o:p></o:p></span>"
10/25/2018 9:55,10/25/2018 9:56,0,109.206.50.113,100,29,1,10/25/2018 9:56,R_Rh32st58CPAHmgx,,,,,49.59370422,34.54069519,anonymous,EN,"2,3",,,,,,,,,,,,,,,,,,,,,,,,,,,,,,,,,,,,,,,,,,,,,,,,,,,,,,,,,,,,,,,,,,,,,,,,,,,,,,,,,,,,,,,,,,,,,,,,,,,,,,,,,,,,,,,,,,,,,,,,,,,,,,,,,,,,,,,,,,,,,,,,,,,,,,,,,,,,,,,,,,,,,,,,,,,,,,,,,,,,,,,,,,,,,,,,,,,,,,,,,,,,,,,,,,,59646,"<span lang=""EN-GB"">Suppose you want to watch some video when you are alone in a park.<o:p></o:p></span>"
10/25/2018 9:59,10/25/2018 9:59,0,198.245.254.124,100,15,1,10/25/2018 9:59,R_2af7Nq39hhU3aZj,,,,,33.44590759,-86.75019836,anonymous,EN,"2,3",,,,,,,,,,,,,,,,,,,,,,,,,,,,,,,,,,,,,,,,,,,,,,,,,,,,,,,,,,,,,,,,,,,,,,,,,,,,,,,,,,,,,,,,,,,,,,,,,,,,,,,,,,,,,,,,,,,,,,,,,,,,,,,,,,,,,,,,,,,,,,,,,,,,,,,,,,,,,,,,,,,,,,,,,,,,,,,,,,,,,,,,,,,,,,,,,,,,,,,,,,,,,,,,,,,27903,"<span lang=""EN-GB"">Suppose
     you want to a view a text message when you are alone at Starbucks.<o:p></o:p></span>"
10/25/2018 9:53,10/25/2018 9:59,0,128.230.136.248,100,370,1,10/25/2018 9:59,R_3ReDl7z6SXgejMr,,,,,43.03770447,-76.13960266,anonymous,EN,"1,2,3,4,5,6","1,2,5",,5,,"1,2,4",,3,,1,,1,5,,"2,3",,1,"1,2,3",,5,,"2,3",,5,,1,,"1,2",,"1,4","2,4",,5,,3,,3,,1,,4,5,,5,,5,,3,,3,,2,,3,,5,,"1,2",,,,,,,,,,,,,,,,,,,,,,,,,,,,,,,,,,,,,,,,,,,,,,,,,,,,,,,,,,,,"2,3",,1,,"2,3",,1,,1,,1,5,,5,,5,,"2,3,4",,3,,"1,2",,3,,5,,"1,2",,,,,,,,,,,,,,,,,,,,,,,,,,,,,,,,,,,,,,,,,,,,,,,,,,,,,,,,,,,,female,34,home maker,3,2,,2,35670,"<span style=""color: rgb(0, 0, 0); font-family: Times; font-size: medium;"">Suppose you want to watch some video when you are with people you know (e.g., acquaintances, colleagues) at Starbucks</span>"
10/25/2018 9:57,10/25/2018 10:02,0,157.50.22.80,100,339,1,10/25/2018 10:02,R_2xREMWUBer2rJNb,,,,,13.08329773,80.28329468,anonymous,EN,"1,2,3,4","2,3,5",,1,,"1,3",,3,,6,,"1,3","1,3",,5,,1,6,,"1,2,3",,3,,5,,"1,3",,2,,,,,,,,,,,,,,,,,,,,,,,,,,,,,,,,,,,,,,,,,,,,,,,,,,,,,,,,,,,,,,,,,,,,,,,,,,,,,,,,,,,,,,,,,,,,,,,,,,,,,,,,,,,,,,,,,,,,,,,,,,,,,,,,,,,,,,,,,,,,,,,,,,,,,,,,,,,,,,,,,,,,,,,,,,,,,,,,,,,,,,,,935,"<span lang=""EN-GB"">Suppose you want to read a digital document when you are in a park surrounded by your close friends.<o:p></o:p></span>"
10/25/2018 9:45,10/25/2018 10:03,0,76.181.221.55,100,1056,1,10/25/2018 10:03,R_3HjBGviGhA6zNPd,,,,,40.86889648,-84.5904007,anonymous,EN,"1,2,4",2,,5,,"1,2,3",,1,,1,,"2,3","1,2,3",,3,,"2,3","1,2,3",,5,,6,,2,,5,,4,,,,,,,,,,,,,,,,,,,,,,,,,,,,,,,,,,,,,,,,,,,,,,,,,,,,,,,,,,,,,,,,,,,,,,,,,,,,,,,,,,,,,,,,,,,,,,,,,,,,,,,,,,,,,,,,,,,,,,,,,,,,,,,,,,,,,,,,,,,,,,,,,,,,,,,,,,,,,,,,,,,,,,,,,,,,,,,,,,,,,,,,37528,"<span lang=""EN-GB"">Suppose
     you want to take a click a photo when you are alone at home.<o:p></o:p></span>"
10/25/2018 10:05,10/25/2018 10:10,0,128.230.136.248,100,327,1,10/25/2018 10:10,R_3noNQ4Mw6T4xCdW,,,,,43.03770447,-76.13960266,anonymous,EN,"1,2,3,4,5,6","2,4",,3,,"2,3",,3,,1,,1,5,,5,,1,"1,3",,"1,2",,3,,"1,2",,5,,"1,2",,3,,,,,,,,,,,,,,,,,,,,,,,,,,,,,,,,,,,,,,,,,,,,,,,,,,,,,,,,,,,"2,4",,3,,3,,3,,1,,1,2,,5,,5,,3,,7,,2,,7,,"1,3",,"1,2",,,,,,,,,,,,,,,,,,,,,,,,,,,,,,,,,,,,,,,,,,,,,,,,,,,,,,,,,,,,,,,,,,,,,,,,,,,,,,,,,,,,,,,,,agender,30,software tester,4,1,,3,88366,"<span lang=""EN-GB"">Suppose you want to browse through one of your social media profiles when you&nbsp;</span>are at your home."
10/25/2018 9:56,10/25/2018 10:10,0,98.148.90.122,100,842,1,10/25/2018 10:10,R_T1TxfwDQHLr0Hlf,,,,,34.1072998,-118.2266006,anonymous,EN,"1,2,3,4","1,2",,5,,"1,2,3,4",,1,,1,,"2,3","1,2,3",,"1,2,3",,"2,3","2,3,4",,"1,2,3",,2,,"1,2,3",,"1,2,3",,"1,2",,"1,2,3,4",4,,5,,"1,2,3",,1,,1,,"2,3","1,2,3",,"2,3",,"2,3",,"2,3",,3,,"1,2",,3,,"1,2,3",,1,,"1,2",,5,,"1,2,3,4",,1,,1,,"2,3","1,2,3",,"1,2,3",,"1,2,3",,"1,2,3,4",,"2,3",,"1,2,3",,"2,3",,"1,2,3",,"1,2",,4,,5,,"1,2,3",,1,,1,,"2,3","1,2,3",,"2,3",,"2,3",,"2,3",,7,,"1,2,3",,7,,"2,3",,1,,"1,2,3,4,5",,5,,"1,2,3,4",,1,,1,,"2,3","1,2,3",,"1,2,3",,"1,2,3",,"1,2,3,4",,"2,3",,"1,2,3",,"2,3",,"1,2,3",,"1,2",,,,,,,,,,,,,,,,,,,,,,,,,,,,,,,,,,,,,,,,,,,,,,,,,,,,,,,,,,,,male,53,Freelance Consultant,6,5,,2,88805,"<span lang=""EN-GB"">Suppose
     you are at home with some people you know (e.g., acquaintances,
     colleagues) when you realize today is the last day to pay one of your
     bills online.<o:p></o:p></span>"
10/25/2018 10:10,10/25/2018 10:15,0,128.230.136.248,100,278,1,10/25/2018 10:15,R_3neFuKoBL4y7nqB,,,,,43.03770447,-76.13960266,anonymous,EN,"1,2,3,4,5,6",2,,5,,3,,1,,"1,2",,4,5,,2,,4,3,,5,,"1,2,3,4",,5,,5,,4,,6,,,,,,,,,,,,,,,,,,,,,,,,,,,,,,,,,,,,,,,,,,,,,,,,,,,,,,,,,,,,,,,,,,,,,,,,,,,,,,,,,,,,,,,,,,,,,,,,,,,,,,,,,,,,,,,,,,,,,,,,,,,,,,,,,,,,,,,,,,,,,,,,,,2,,5,,"1,2,3",,1,,1,,4,5,,5,,5,,3,,"1,2,3,4",,2,,"1,2,3,4",,5,,4,,male,52,constructor worker,2,4,,2,35331,"<span lang=""EN-GB"">Suppose
     you want to a view a text message when you are with a very close friend at
     a restaurant&nbsp;<o:p></o:p></span>"
10/25/2018 10:30,10/25/2018 10:33,0,47.203.54.234,100,168,1,10/25/2018 10:33,R_25S06qmdkaDxMJ6,,,,,27.86810303,-82.70860291,anonymous,EN,"1,2,3,4","1,2",,1,,"1,2",,1,,1,,3,3,,"1,3",,1,"1,3",,2,,"1,3",,2,,1,,"1,2",,,,,,,,,,,,,,,,,,,,,,,,,,,,,,,,,,,,,,,,,,,,,,,,,,,,,,,,,,,,,,,,,,,,,,,,,,,,,,,,,,,,,,,,,,,,,,,,,,,,,,,,,,,,,,,,,,,,,,,,,,,,,,,,,,,,,,,,,,,,,,,,,,,,,,,,,,,,,,,,,,,,,,,,,,,,,,,,,,,,,,,,38104,"<span lang=""EN-GB"">Suppose
     you want to listen to some audio when you are with people you know (e.g.,
     acquaintances, colleagues) in a park.<o:p></o:p></span>


<p><span lang=""EN-GB"" style=""color:red"">&nbsp;</span></p>"
10/16/2018 10:36,10/18/2018 10:33,0,23.112.114.15,88,172581,0,10/25/2018 10:33,R_pAIf8H9zkr1QsyB,,,,,,,anonymous,EN,"1,2,3,4,5,6","1,2,3,4,5",,"1,2",,"2,3,4",,1,,1,,2,3,,"2,3",,3,"1,2,3",,"2,3",,6,,2,,3,,"1,2",,2,,,,,,,,,,,,,,,,,,,,,,,,,,,,,,,,,,,,,,,,,,,,,,,,,,,,,,,,,,,,,,,,,,,,,,,,,,,,,,,,,,,,,,,,,,,,,,,,,,,,,,,,,,,,,,,,,,,,,,,,,,,,,,,,,,,,,,,,,,,,,,,,,,,,,,,,,,,,,,,,,,,,,,,,,,,,,,,,,,,,,,83185,"<span lang=""EN-GB"">Suppose
     you want to a send a text message when you are alone at home<strong><o:p></o:p></strong></span>"
10/25/2018 10:34,10/25/2018 10:35,0,67.149.146.6,100,75,1,10/25/2018 10:35,R_55vlqltoVnDfsQ1,,,,,42.60049438,-82.99980164,anonymous,EN,"1,2,3","2,3",,"1,2",,"2,4",,1,,"1,3",,"2,3","1,2",,"1,2",,"2,3","1,2",,"1,3",,"2,3",,"2,3",,1,,"1,2",,,,,,,,,,,,,,,,,,,,,,,,,,,,,,,,,,,,,,,,,,,,,,,,,,,,,,,,,,,,,,,,,,,,,,,,,,,,,,,,,,,,,,,,,,,,,,,,,,,,,,,,,,,,,,,,,,,,,,,,,,,,,,,,,,,,,,,,,,,,,,,,,,,,,,,,,,,,,,,,,,,,,,,,,,,,,,,,,,,,,,,,41305,"<span lang=""EN-GB"" style=""font-size:11.0pt;line-height:115%;
font-family:&quot;Arial&quot;,sans-serif;mso-fareast-font-family:Arial;mso-ansi-language:
EN-GB;mso-fareast-language:EN-US;mso-bidi-language:AR-SA"">Suppose you want to browse the internet when you are alone at your home.</span>"
10/25/2018 10:15,10/25/2018 10:39,0,128.230.136.248,100,1429,1,10/25/2018 10:39,R_DIeuxO6KrKecPNT,,,,,43.03770447,-76.13960266,anonymous,EN,"1,2,3,4,5,6",7,,5,,2,,1,,1,,"1,2","1,2,3",,2,,"1,2",3,,5,,"1,2",,5,,5,,4,,"4,5",,,,,,,,,,,,,,,,,,,,,,,,,,,,,,,,,,,,,,,,,,,,,,,,,,,,,,,,,,,,,,,,,,,,,,,,,,,,,,,,,,,,,,,,2,,5,,3,,1,,1,,4,5,,5,,5,,3,,3,,"1,2",,3,,5,,4,,1,,5,,4,,1,,"2,3",,"1,2",3,,"1,2",,"1,2",,4,,"2,4",,3,,"2,4",,5,,4,,,,,,,,,,,,,,,,,,,,,,,,,,,,,,,female,40,home maker,3,3,,4,94134,"<span lang=""EN-GB"">Suppose you want to control some devices/appliances (e.g., smart lights) when you are alone at home.<o:p></o:p></span>"
10/25/2018 10:39,10/25/2018 10:41,0,128.230.136.248,100,113,1,10/25/2018 10:41,R_2xEGA0w6sNhpuNV,,,,,43.03770447,-76.13960266,anonymous,EN,"1,2,3,4,5,6","2,5",,5,,3,,3,,1,,3,"1,2,3",,5,,1,"1,2,3",,"1,2",,3,,"1,2",,3,,2,,,,,,,,,,,,,,,,,,,,,,,,,,,,,,,,,,,,,,,,,,,,,,,,,,,,,,,,,,,,,,,,,,,,,,,,,,,,,,,,,,,,,,,,,,,,,,,,,,,,,,,,,,,,,,,,,,,,,,,,,,,,,,,,,,,,,,,,,,,,,,,,,,,,,,,,,,,,,,,,,,,,,,,,,,,,,,,,,,,,,,,,73487,"<span lang=""EN-GB"">Suppose
     you are at starbucks and you realize today is the last day to pay one of
     your bills online.<o:p></o:p></span>"
10/25/2018 10:42,10/25/2018 10:42,0,65.31.130.79,100,10,1,10/25/2018 10:42,R_3I5HgKmd549FZg5,,,,,43.05059814,-87.89679718,anonymous,EN,"2,3",,,,,,,,,,,,,,,,,,,,,,,,,,,,,,,,,,,,,,,,,,,,,,,,,,,,,,,,,,,,,,,,,,,,,,,,,,,,,,,,,,,,,,,,,,,,,,,,,,,,,,,,,,,,,,,,,,,,,,,,,,,,,,,,,,,,,,,,,,,,,,,,,,,,,,,,,,,,,,,,,,,,,,,,,,,,,,,,,,,,,,,,,,,,,,,,,,,,,,,,,,,,,,,,,,,69845,"<span lang=""EN-GB"">Suppose
     you want to watch&nbsp; some video when
     you are with people you know (e.g., acquaintances, colleagues) at
     Starbucks<o:p></o:p></span>"
10/25/2018 10:40,10/25/2018 10:42,0,198.49.31.143,100,112,1,10/25/2018 10:42,R_2bWvLb4h3UOBks4,,,,,33.49510193,-86.80590057,anonymous,EN,"2,3,5,6",4,,2,,4,,1,,"3,4",,2,3,,"1,3",,2,1,,1,,3,,2,,3,,2,,,,,,,,,,,,,,,,,,,,,,,,,,,,,,,,,,,,,,,,,,,,,,,,,,,,,,,,,,,,,,,,,,,,,,,,,,,,,,,,,,,,,,,,,,,,,,,,,,,,,,,,,,,,,,,,,,,,,,,,,,,,,,,,,,,,,,,,,,,,,,,,,,,,,,,,,,,,,,,,,,,,,,,,,,,,,,,,,,,,,,,,71327,"<span lang=""EN-GB"">Suppose it is a regular working day, you want to track the total amount of calories&nbsp;</span>you consume and burn off during the day.&nbsp;"
10/25/2018 10:44,10/25/2018 10:45,0,71.214.35.200,100,52,1,10/25/2018 10:45,R_3JDjCpBtoUXGSb2,,,,,29.12809753,-82.29750061,anonymous,EN,"1,2,3,4,5","1,3,4",,"2,3",,"3,4",,1,,"1,3",,"1,3","1,2",,"1,3",,"1,3","1,2",,"1,2",,"2,4",,"1,3",,"1,2",,"1,2",,,,,,,,,,,,,,,,,,,,,,,,,,,,,,,,,,,,,,,,,,,,,,,,,,,,,,,,,,,,,,,,,,,,,,,,,,,,,,,,,,,,,,,,,,,,,,,,,,,,,,,,,,,,,,,,,,,,,,,,,,,,,,,,,,,,,,,,,,,,,,,,,,,,,,,,,,,,,,,,,,,,,,,,,,,,,,,,,,,,,,,,55806,"Suppose you want to find a route to a coffee shop
     when you are at home with your by your colleagues<o:p></o:p>"
10/25/2018 10:41,10/25/2018 10:45,0,128.230.136.248,100,236,1,10/25/2018 10:45,R_3FQ1evc6qWDZ9po,,,,,43.03770447,-76.13960266,anonymous,EN,"1,2,3,4,5,6",2,,3,,1,,1,,1,,1,5,,2,,1,3,,"1,2",,3,,"1,2",,"1,3",,"1,2",,4,,,,,,,,,,,,,,,,,,,,,,,,,,,,,,,,,,,,,,,,,,,,,,,,,,,,,,,,,,,,,,,,,,,,,,,,,,,,,,,,,,,,,,,,2,,1,,"3,4",,1,,1,,1,2,,2,,2,,3,,"2,3",,2,,"2,3",,5,,"1,2",,,,,,,,,,,,,,,,,,,,,,,,,,,,,,,,,,,,,,,,,,,,,,,,,,,,,,,,,,,,female,20,student,3,1,,1,52900,"<span lang=""EN-GB"">Suppose
     you want to listen to some audio when you are with your friends at
     Starbucks.<o:p></o:p></span>"
10/25/2018 10:46,10/25/2018 10:49,0,128.230.136.248,100,215,1,10/25/2018 10:49,R_2VyzzIlxt0G28Kz,,,,,43.03770447,-76.13960266,anonymous,EN,"1,2,3,4,5,6","1,2",,5,,"2,3,4",,1,,1,,1,5,,"2,3",,1,"1,2,3",,5,,"2,3,4",,5,,1,,"1,2",,6,,,,,,,,,,,,,,,,,,,,,,,,,,,,,,,,,,,,,,,,,,,,,,,,,,,,,,,,,,,,,,,,,,,,,,,,,,,,,,,,,,,,,,,,,,,,,,,,,,,,,,,,,,,,,,,,,,,,,,,,,,,,,,,,,,,,,,,,,,,,,,,,,,"1,2",,5,,"2,3",,1,,1,,4,5,,5,,5,,3,,"2,3,4",,2,,"2,3,4",,1,,"1,2",,female,34,cashier,3,2,,3,50610,"<span lang=""EN-GB"">Suppose
     you want to find a route to home when you are at Starbucks with people you
     know (e.g., acquaintances, colleagues).<o:p></o:p></span>"
10/25/2018 10:43,10/25/2018 10:55,0,128.163.238.233,100,724,1,10/25/2018 10:55,R_2QDP8Uh0vWmrXOP,,,,,38.02870178,-84.50749969,anonymous,EN,"1,2,3,4,5,6","2,3,4,5",,1,,1,,3,,1,,2,"1,2,3",,2,,2,2,,"1,2",,3,,"1,2",,"1,2",,1,,"1,2,4",4,,3,,"1,2,3,4",,3,,1,,"1,2","1,2",,2,,2,,"1,2,3",,3,,"1,2",,3,,"1,2",,"1,2",,"2,3,5",,1,,"1,2,3",,1,,2,,2,"1,2",,2,,2,,"1,2",,"3,4",,"1,2",,3,,"1,2",,"1,2",,,,,,,,,,,,,,,,,,,,,,,,,,,,,,,"2,3,5",,1,,2,,1,,2,,"1,2","1,2",,2,,2,,1,,3,,"1,2",,3,,"1,2",,"1,2",,,,,,,,,,,,,,,,,,,,,,,,,,,,,,,,,,,,,,,,,,,,,,,,,,,,,,,,,,,,,,,,,,,21362,"<span lang=""EN-GB"">Suppose you are at sitting at Starbucks and you want to play a digital/online&nbsp;</span>game with some close friends."
10/25/2018 7:18,10/25/2018 10:59,0,128.230.138.74,100,13240,1,10/25/2018 10:59,R_25So0VIIGB2tTLe,,,,,43.03770447,-76.13960266,anonymous,EN,"1,2,3,4,5,6","1,2,5",,1,,"1,2",,3,,1,,1,5,,2,,1,3,,"1,2",,3,,"1,2",,5,,4,,5,,,,,,,,,,,,,,,,,,,,,,,,,,,,,,,,,,,,,,,,,,,,,,,,,,,,,,,,,,,,,,,,,,,,,,,,,,,,,,,,,,,,,,,,,,,,,,,,,,,,,,,,,,,,,,,,,,,,,1,,"2,3",,4,,3,,"3,4",,2,5,,"1,2",,"1,2",,4,,2,,3,,2,,5,,4,,,,,,,,,,,,,,,,,,,,,,,,,,,,,,,Female,45,Sales representative,3,2,,2,85963,"<span lang=""EN-GB"">Suppose you have planned to meet a friend next week and you want to put this on your calendar when you are surrounded with people you are close to (e.g., friends, family members) at your home.<strong><o:p></o:p></strong></span>"
10/18/2018 10:55,10/18/2018 10:59,0,173.90.75.108,88,237,0,10/25/2018 10:59,R_1OIHwV4g9qF12oc,,,,,,,anonymous,EN,"1,2,3,5",2,,1,,"1,2,3",,1,,"1,3,4",,"2,3","1,2",,2,,"2,3",3,,"1,2",,3,,"1,2",,"1,2,3",,2,,2,,,,,,,,,,,,,,,,,,,,,,,,,,,,,,,,,,,,,,,,,,,,,,,,,,,,,,,,,,,,,,,,,,,,,,,,,,,,,,,,,,,,,,,,,,,,,,,,,,,,,,,,,,,,,,,,,,,,,,,,,,,,,,,,,,,,,,,,,,,,,,,,,,,,,,,,,,,,,,,,,,,,,,,,,,,,,,,,,,,,,,42946,"<span lang=""EN-GB"">Suppose you want to browse the internet when you are alone at a restaurant.<o:p></o:p></span>"
10/25/2018 11:04,10/25/2018 11:07,0,174.220.15.209,100,164,1,10/25/2018 11:07,R_3F1ZehsYbSg9wM0,,,,,43.01229858,-76.14520264,anonymous,EN,"1,2,3,4,5,6","1,2,5",,3,,"1,2,3",,1,,1,,4,5,,5,,4,"1,2,3",,"1,2",,"2,3",,"1,2",,1,,4,,6,,,,,,,,,,,,,,,,,,,,,,,,,,,,,,,,,,,,,,,,,,,,,,,,,,,,,,,,,,,,,,,,,,,,,,,,,,,,,,,,,,,,,,,,,,,,,,,,,,,,,,,,,,,,,,,,,,,,,,,,,,,,,,,,,,,,,,,,,,,,,,,,,,"1,2",,5,,2,,1,,2,,4,5,,5,,5,,3,,"1,2,3,4",,5,,"1,2,3,4",,1,,"1,2",,Female,55,Cashier,1,2,,1,18691,"<span lang=""EN-GB"">Suppose
     you want to call your mother for sharing an important update about your
     life when you are with a very close friend at a restaurant&nbsp;<o:p></o:p></span>"
10/25/2018 11:11,10/25/2018 11:13,0,23.88.172.215,100,104,1,10/25/2018 11:13,R_cC5oOPtYFvEjvrj,,,,,41.82400513,-71.41280365,anonymous,EN,"1,2,3","2,4",,2,,"2,3",,1,,"2,4",,3,2,,"2,3",,3,2,,"2,3",,"1,3",,"1,3",,1,,1,,,,,,,,,,,,,,,,,,,,,,,,,,,,,,,,,,,,,,,,,,,,,,,,,,,,,,,,,,,,,,,,,,,,,,,,,,,,,,,,,,,,,,,,,,,,,,,,,,,,,,,,,,,,,,,,,,,,,,,,,,,,,,,,,,,,,,,,,,,,,,,,,,,,,,,,,,,,,,,,,,,,,,,,,,,,,,,,,,,,,,,,80828,"<span lang=""EN-GB"">Suppose you have planned to meet a friend next week and you want to put this on your calendar when you are alone at a park<o:p></o:p></span>"
10/25/2018 11:07,10/25/2018 11:13,0,97.90.255.55,100,411,1,10/25/2018 11:13,R_1K0YfOhbOo9Dwd3,,,,,45.88130188,-87.11519623,anonymous,EN,"1,2,4,6",2,,1,,1,,1,,1,,"2,3","1,2",,"2,3",,"2,3",1,,2,,"1,6",,2,,1,,2,,2,,,,,,,,,,,,,,,,,,,,,,,,,,,,,,2,,1,,1,,1,,1,,3,"1,2,3",,5,,5,,"1,2",,1,,2,,1,,"1,2,3",,2,,,,,,,,,,,,,,,,,,,,,,,,,,,,,,,,,,,,,,,,,,,,,,,,,,,,,,,,,,,,,,,,,,,,,,,,,,,,,,,,,,,,,,,,,,,,,,,,,,,,,,,,,,,,,,,,,,,,,,female,40,slot attendant,3,1,,3,66327,"<span lang=""EN-GB"">Suppose
     you want to find a route to home when you are at Starbucks with your close
     friends.<o:p></o:p></span>"
10/25/2018 11:11,10/25/2018 11:13,0,73.25.192.99,100,154,1,10/25/2018 11:13,R_1PXjmvZg0a1S1di,,,,,45.30990601,-122.9684982,anonymous,EN,"1,2,6","1,3,4",,3,,"1,2,3",,1,,4,,"2,3","1,2",,"1,2",,"2,3",3,,5,,"1,2",,5,,"1,2",,2,,2,,,,,,,,,,,,,,,,,,,,,,,,,,,,,,2,,2,,"2,3",,1,,1,,2,3,,2,,3,,"2,4",,3,,"1,2",,"1,2",,2,,"1,2",,,,,,,,,,,,,,,,,,,,,,,,,,,,,,,,,,,,,,,,,,,,,,,,,,,,,,,,,,,,,,,,,,,,,,,,,,,,,,,,,,,,,,,,,,,,,,,,,,,,,,,,,,,,,,,,,,,,,,,,,,,,,43304,"<span lang=""EN-GB"">Suppose
     you want to a send a text message when you are surrounded by people you
     know (e.g., acquaintances, colleagues) at your home.<o:p></o:p></span>"
10/25/2018 11:15,10/25/2018 11:15,0,174.71.1.84,100,14,1,10/25/2018 11:15,R_qWuI40RiB7iTsSl,,,,,41.26159668,-95.82510376,anonymous,EN,"2,3",,,,,,,,,,,,,,,,,,,,,,,,,,,,,,,,,,,,,,,,,,,,,,,,,,,,,,,,,,,,,,,,,,,,,,,,,,,,,,,,,,,,,,,,,,,,,,,,,,,,,,,,,,,,,,,,,,,,,,,,,,,,,,,,,,,,,,,,,,,,,,,,,,,,,,,,,,,,,,,,,,,,,,,,,,,,,,,,,,,,,,,,,,,,,,,,,,,,,,,,,,,,,,,,,,,50998,"<span lang=""EN-GB"">Suppose you are alone at home, you want to take a break from studying/working&nbsp;</span>so you decide to play an online/digital game."
10/25/2018 11:18,10/25/2018 11:20,0,70.162.59.192,100,95,1,10/25/2018 11:20,R_2ZOyyyNdQybykUg,,,,,33.62379456,-112.0044022,anonymous,EN,"2,3,4,5,6","3,4",,2,,"1,4",,1,,1,,4,"1,2",,2,,2,3,,2,,3,,2,,1,,2,,,,,,,,,,,,,,,,,,,,,,,,,,,,,,,,,,,,,,,,,,,,,,,,,,,,,,,,,,,,,,,,,,,,,,,,,,,,,,,,,,,,,,,,,,,,,,,,,,,,,,,,,,,,,,,,,,,,,,,,,,,,,,,,,,,,,,,,,,,,,,,,,,,,,,,,,,,,,,,,,,,,,,,,,,,,,,,,,,,,,,,,87285,"<span lang=""EN-GB"">Suppose you want to watch some video when you are with your close friends at Starbucks.<o:p></o:p></span>"
10/25/2018 10:59,10/25/2018 11:04,0,174.220.15.209,100,295,1,10/25/2018 11:20,R_3P7F797bKSRLHHC,,,,,43.01229858,-76.14520264,anonymous,EN,"1,2,3,4,5,6","2,4",,5,,3,,3,,1,,4,5,,5,,4,"1,2,3",,5,,3,,5,,5,,1,,"1,3",4,,1,,"1,2,3",,1,,1,,4,5,,5,,5,,3,,6,,2,,6,,"1,3",,"1,2",,,,,,,,,,,,,,,,,,,,,,,,,,,,,,,"2,4",,5,,3,,3,,1,,4,"1,2,3",,5,,5,,6,,6,,5,,6,,"2,3",,"1,2",,,,,,,,,,,,,,,,,,,,,,,,,,,,,,,,,,,,,,,,,,,,,,,,,,,,,,,,,,,,,,,,,,,,,,,,,,,,,,,,,,,,,,,,,Female,60,Home maker,3,2,,2,21687,"<span lang=""EN-GB"">Suppose you want to a send an email when you are surrounded with people you are close to (e.g., friends, family members) at your home.<strong><o:p></o:p></strong></span>"
10/25/2018 11:21,10/25/2018 11:21,0,73.140.210.86,100,19,1,10/25/2018 11:21,R_ZJL2VI91ZFkhjbj,,,,,47.16769409,-122.5023956,anonymous,EN,"1,2",,,,,,,,,,,,,,,,,,,,,,,,,,,,,,,,,,,,,,,,,,,,,,,,,,,,,,,,,,,,,,,,,,,,,,,,,,,,,,,,,,,,,,,,,,,,,,,,,,,,,,,,,,,,,,,,,,,,,,,,,,,,,,,,,,,,,,,,,,,,,,,,,,,,,,,,,,,,,,,,,,,,,,,,,,,,,,,,,,,,,,,,,,,,,,,,,,,,,,,,,,,,,,,,,,,3118,"<span lang=""EN-GB"">Suppose
     you want to listen to some audio when you are alone at your home.<strong><o:p></o:p></strong></span>"
10/25/2018 11:24,10/25/2018 11:25,0,69.21.242.34,100,13,1,10/25/2018 11:25,R_28GKGqa3N7wchH5,,,,,43.17909241,-86.19889832,anonymous,EN,"1,2",,,,,,,,,,,,,,,,,,,,,,,,,,,,,,,,,,,,,,,,,,,,,,,,,,,,,,,,,,,,,,,,,,,,,,,,,,,,,,,,,,,,,,,,,,,,,,,,,,,,,,,,,,,,,,,,,,,,,,,,,,,,,,,,,,,,,,,,,,,,,,,,,,,,,,,,,,,,,,,,,,,,,,,,,,,,,,,,,,,,,,,,,,,,,,,,,,,,,,,,,,,,,,,,,,,14347,"<span lang=""EN-GB"">Suppose
     you want to a send a text message when you are with a very close friend at
     a restaurant&nbsp;<o:p></o:p></span>"
10/25/2018 11:28,10/25/2018 11:28,0,99.26.148.250,100,9,1,10/25/2018 11:28,R_aboxeYH4ZX9mxxv,,,,,33.78689575,-117.9272995,anonymous,EN,3,,,,,,,,,,,,,,,,,,,,,,,,,,,,,,,,,,,,,,,,,,,,,,,,,,,,,,,,,,,,,,,,,,,,,,,,,,,,,,,,,,,,,,,,,,,,,,,,,,,,,,,,,,,,,,,,,,,,,,,,,,,,,,,,,,,,,,,,,,,,,,,,,,,,,,,,,,,,,,,,,,,,,,,,,,,,,,,,,,,,,,,,,,,,,,,,,,,,,,,,,,,,,,,,,,,52187,"Suppose you want to purchase something (e.g., book,
     household items) online when you are with people
     you know (e.g., acquaintances, colleagues) at
     Starbucks.<o:p></o:p>"
10/25/2018 11:28,10/25/2018 11:29,0,99.26.148.250,100,37,1,10/25/2018 11:29,R_3s6Uv21IfxhMd7t,,,,,33.78689575,-117.9272995,anonymous,EN,"2,4",,,,,,,,,,,,,,,,,,,,,,,,,,,,,,,,,,,,,,,,,,,,,,,,,,,,,,,,,,,,,,,,,,,,,,,,,,,,,,,,,,,,,,,,,,,,,,,,,,,,,,,,,,,,,,,,,,,,,,,,,,,,,,,,,,,,,,,,,,,,,,,,,,,,,,,,,,,,,,,,,,,,,,,,,,,,,,,,,,,,,,,,,,,,,,,,,,,,,,,,,,,,,,,,,,,97559,"<span lang=""EN-GB"">Suppose
     you want to read a digital document when you are at Starbucks.<o:p></o:p></span>"
10/25/2018 11:31,10/25/2018 11:32,0,208.54.90.146,100,42,1,10/25/2018 11:32,R_3RszA5V8BdocSvN,,,,,40.01780701,-75.08950043,anonymous,EN,2,,,,,,,,,,,,,,,,,,,,,,,,,,,,,,,,,,,,,,,,,,,,,,,,,,,,,,,,,,,,,,,,,,,,,,,,,,,,,,,,,,,,,,,,,,,,,,,,,,,,,,,,,,,,,,,,,,,,,,,,,,,,,,,,,,,,,,,,,,,,,,,,,,,,,,,,,,,,,,,,,,,,,,,,,,,,,,,,,,,,,,,,,,,,,,,,,,,,,,,,,,,,,,,,,,,334,"<span lang=""EN-GB"">Suppose you want to find a route to home while walking on a street with your close friends.<o:p></o:p></span>"
10/25/2018 11:38,10/25/2018 11:40,0,107.77.227.152,100,86,1,10/25/2018 11:40,R_3CClF3IshrUws08,,,,,34.06370544,-118.4407959,anonymous,EN,3,,,,,,,,,,,,,,,,,,,,,,,,,,,,,,,,,,,,,,,,,,,,,,,,,,,,,,,,,,,,,,,,,,,,,,,,,,,,,,,,,,,,,,,,,,,,,,,,,,,,,,,,,,,,,,,,,,,,,,,,,,,,,,,,,,,,,,,,,,,,,,,,,,,,,,,,,,,,,,,,,,,,,,,,,,,,,,,,,,,,,,,,,,,,,,,,,,,,,,,,,,,,,,,,,,,53357,"<span lang=""EN-GB"">Suppose
     you want to a send an email when you are with a very close friend at a
     restaurant&nbsp;<o:p></o:p></span>"
10/25/2018 11:49,10/25/2018 11:50,0,172.58.25.26,100,26,1,10/25/2018 11:50,R_2alS9TlyUTCejMK,,,,,33.99090576,-118.1531982,anonymous,EN,2,,,,,,,,,,,,,,,,,,,,,,,,,,,,,,,,,,,,,,,,,,,,,,,,,,,,,,,,,,,,,,,,,,,,,,,,,,,,,,,,,,,,,,,,,,,,,,,,,,,,,,,,,,,,,,,,,,,,,,,,,,,,,,,,,,,,,,,,,,,,,,,,,,,,,,,,,,,,,,,,,,,,,,,,,,,,,,,,,,,,,,,,,,,,,,,,,,,,,,,,,,,,,,,,,,,70149,"<span lang=""EN-GB"">Suppose you want to find a route to home while walking on a street with people you know (e.g., acquaintances, colleagues).<o:p></o:p></span>"
10/25/2018 11:43,10/25/2018 11:53,0,104.129.192.54,100,587,1,10/25/2018 11:53,R_2YqX5NGx3BmrTXT,,,,,34.05439758,-118.2440033,anonymous,EN,"1,2,3,4","2,4,5",,1,,"1,2,3",,1,,1,,1,"1,2,3",,"1,3",,"1,2","1,2,3",,"1,2",,"1,2,3,4",,"1,2",,"1,2,3",,"1,2",,,,,,,,,,,,,,,,,,,,,,,,,,,,,,,,,,,,,,,,,,,,,,,,,,,,,,,,,,,,,,,,,,,,,,,,,,,,,,,,,,,,,,,,,,,,,,,,,,,,,,,,,,,,,,,,,,,,,,,,,,,,,,,,,,,,,,,,,,,,,,,,,,,,,,,,,,,,,,,,,,,,,,,,,,,,,,,,,,,,,,,,95667,"<span lang=""EN-GB"">Suppose you have planned to meet a friend next week and you want to put this on your calendar when you are with a very close friend at a restaurant&nbsp;<o:p></o:p></span>"
10/25/2018 11:58,10/25/2018 12:00,0,24.192.47.235,100,116,1,10/25/2018 12:00,R_3Pk53OYfrYx5qCV,,,,,38.06170654,-87.55480194,anonymous,EN,"1,2,4,6","3,5",,2,,3,,1,,2,,2,3,,1,,2,2,,2,,4,,3,,1,,1,,,,,,,,,,,,,,,,,,,,,,,,,,,,,,,,,,,,,,,,,,,,,,,,,,,,,,,,,,,,,,,,,,,,,,,,,,,,,,,,,,,,,,,,,,,,,,,,,,,,,,,,,,,,,,,,,,,,,,,,,,,,,,,,,,,,,,,,,,,,,,,,,,,,,,,,,,,,,,,,,,,,,,,,,,,,,,,,,,,,,,,,91432,"Suppose you want to purchase something (e.g., book,
     household items) online when you are with people
     you know (e.g., acquaintances, colleagues) at
     Starbucks.<o:p></o:p>"
10/25/2018 12:00,10/25/2018 12:00,0,73.204.124.125,100,22,1,10/25/2018 12:00,R_2ZBoZ4xewY8BEjo,,,,,27.59989929,-80.4382019,anonymous,EN,"2,3",,,,,,,,,,,,,,,,,,,,,,,,,,,,,,,,,,,,,,,,,,,,,,,,,,,,,,,,,,,,,,,,,,,,,,,,,,,,,,,,,,,,,,,,,,,,,,,,,,,,,,,,,,,,,,,,,,,,,,,,,,,,,,,,,,,,,,,,,,,,,,,,,,,,,,,,,,,,,,,,,,,,,,,,,,,,,,,,,,,,,,,,,,,,,,,,,,,,,,,,,,,,,,,,,,,3151,"<span lang=""EN-GB"">Suppose you want to control some devices/appliances (e.g., smart lights) when you are alone at home.<o:p></o:p></span>"
10/25/2018 12:02,10/25/2018 12:06,0,72.241.6.239,100,236,1,10/25/2018 12:06,R_3DnIbpXg01XRpOt,,,,,41.62980652,-83.57730103,anonymous,EN,"2,3,4",1,,1,,1,,1,,1,,3,3,,1,,3,2,,2,,2,,3,,1,,2,,,,,,,,,,,,,,,,,,,,,,,,,,,,,,,,,,,,,,,,,,,,,,,,,,,,,,,,,,,,,,,,,,,,,,,,,,,,,,,,,,,,,,,,,,,,,,,,,,,,,,,,,,,,,,,,,,,,,,,,,,,,,,,,,,,,,,,,,,,,,,,,,,,,,,,,,,,,,,,,,,,,,,,,,,,,,,,,,,,,,,,,59750,"<span lang=""EN-GB"">Suppose
     you want to find a route to home when you are at Starbucks with people you
     know (e.g., acquaintances, colleagues).<o:p></o:p></span>"
10/25/2018 12:06,10/25/2018 12:07,0,162.252.126.31,100,48,1,10/25/2018 12:07,R_yn1x1ZG1UoZK51L,,,,,26.09680176,-80.18099976,anonymous,EN,"1,2,5",4,,2,,3,,1,,1,,3,2,,2,,2,2,,2,,4,,1,,2,,2,,,,,,,,,,,,,,,,,,,,,,,,,,,,,,,,,,,,,,,,,,,,,,,,,,,,,,,,,,,,,,,,,,,,,,,,,,,,,,,,,,,,,,,,,,,,,,,,,,,,,,,,,,,,,,,,,,,,,,,,,,,,,,,,,,,,,,,,,,,,,,,,,,,,,,,,,,,,,,,,,,,,,,,,,,,,,,,,,,,,,,,,52086,"<span lang=""EN-GB"">Suppose it is a regular working day, you want to track the total amount of calories&nbsp;</span>you consume and burn off during the day.&nbsp;"
10/25/2018 12:02,10/25/2018 12:12,0,71.176.70.228,100,591,1,10/25/2018 12:12,R_A5m9akozHzmB4Gd,,,,,43.03540039,-76.12819672,anonymous,EN,"1,2,3,4,5,6",2,,1,,3,,1,,1,,1,5,,5,,1,3,,2,,7,,2,,1,,4,,6,,,,,,,,,,,,,,,,,,,,,,,,,,,,,,,,,,,,,,,,,,,,,,,,,,,,,,,,,,,,,,,,,,,,,,,,,,,,,,,,,,,,,,,,,,,,,,,,,,,,,,,,,,,,,,,,,,,,,,,,,,,,,,,,,,,,,,,,,,,,,,,,,,2,,5,,1,,1,,1,,1,5,,5,,5,,3,,3,,2,,3,,5,,4,,female,20,student,3,1,,2,68619,"<span lang=""EN-GB"">Suppose
     you want to set up a reminder when you are at a park by yourself.<o:p></o:p></span>"
10/25/2018 12:12,10/25/2018 12:20,0,71.176.70.228,100,490,1,10/25/2018 12:20,R_2aG2wpS0bK3b350,,,,,43.03540039,-76.12819672,anonymous,EN,"1,2,3,4,5,6",2,,5,,6,,1,,2,,3,5,,5,,3,3,,2,,2,,2,,5,,"1,2",,4,,,,,,,,,,,,,,,,,,,,,,,,,,,,,,,,,,,,,,,,,,,,,,,,,,,,,,,,,,,,,,,,,,,,,,,,,,,,,,,,,,,,,,,,2,,5,,"1,2,3",,1,,1,,4,5,,5,,5,,3,,3,,2,,3,,5,,1,,,,,,,,,,,,,,,,,,,,,,,,,,,,,,,,,,,,,,,,,,,,,,,,,,,,,,,,,,,,female,45,customer representative,3,3,,3,79504,"<span lang=""EN-GB"">Suppose you are at sitting in a park and you want to play a digital/online game.<o:p></o:p></span>"
10/25/2018 12:17,10/25/2018 12:20,0,96.40.81.57,100,184,1,10/25/2018 12:20,R_DCpPNlYqpkxhzvb,,,,,42.28089905,-85.68630219,anonymous,EN,"1,2,3,4,6","2,5",,1,,"1,2,3",,1,,1,,2,"1,2",,2,,1,3,,"1,2",,"1,3",,"1,2",,"1,2",,"1,2",,,,,,,,,,,,,,,,,,,,,,,,,,,,,,,,,,,,,,,,,,,,,,,,,,,,,,,,,,,,,,,,,,,,,,,,,,,,,,,,,,,,,,,,,,,,,,,,,,,,,,,,,,,,,,,,,,,,,,,,,,,,,,,,,,,,,,,,,,,,,,,,,,,,,,,,,,,,,,,,,,,,,,,,,,,,,,,,,,,,,,,,45251,"<span lang=""EN-GB"">Suppose you want to browse the internet when you are with your close friends at a park.<o:p></o:p></span>"
10/25/2018 12:20,10/25/2018 12:23,0,71.176.70.228,100,173,1,10/25/2018 12:23,R_3IQWP3jFtCvmZc6,,,,,43.03540039,-76.12819672,anonymous,EN,"1,2,3,4,5,6","1,2",,3,,"3,4",,1,,1,,1,5,,5,,1,3,,"1,2",,"2,3",,"1,2",,3,,"1,2",,2,,,,,,,,,,,,,,,,,,,,,,,,,,,,,,"1,2,5",,3,,"3,4",,3,,1,,1,5,,5,,5,,"3,4",,"2,3",,"1,2,3",,"2,3",,"1,3",,"1,2",,,,,,,,,,,,,,,,,,,,,,,,,,,,,,,,,,,,,,,,,,,,,,,,,,,,,,,,,,,,,,,,,,,,,,,,,,,,,,,,,,,,,,,,,,,,,,,,,,,,,,,,,,,,,,,,,,,,,,male,34,cashier,3,1,,2,763,"<span lang=""EN-GB"">Suppose you want to read a digital document when you are at a park.<o:p></o:p></span>"
10/25/2018 12:23,10/25/2018 12:23,0,206.246.76.6,100,9,1,10/25/2018 12:23,R_27agFqwr3ngPvCu,,,,,41.99719238,-87.71659851,anonymous,EN,1,,,,,,,,,,,,,,,,,,,,,,,,,,,,,,,,,,,,,,,,,,,,,,,,,,,,,,,,,,,,,,,,,,,,,,,,,,,,,,,,,,,,,,,,,,,,,,,,,,,,,,,,,,,,,,,,,,,,,,,,,,,,,,,,,,,,,,,,,,,,,,,,,,,,,,,,,,,,,,,,,,,,,,,,,,,,,,,,,,,,,,,,,,,,,,,,,,,,,,,,,,,,,,,,,,,40849,"<span lang=""EN-GB"">Suppose
     you want to purchase something online when you are with people you know
     (e.g., acquaintances, colleagues) at your home.<o:p></o:p></span>"
10/25/2018 12:25,10/25/2018 12:29,0,71.176.70.228,100,222,1,10/25/2018 12:29,R_2DMl960hfAgAv0v,,,,,43.03540039,-76.12819672,anonymous,EN,"1,2,3,4,5,6",2,,5,,3,,1,,"2,3",,4,5,,5,,4,3,,"1,2",,4,,"1,2",,3,,"1,2",,6,,,,,,,,,,,,,,,,,,,,,,,,,,,,,,,,,,,,,,,,,,,,,,,,,,,,,,,,,,,,,,,,,,,,,,,,,,,,,,,,,,,,,,,,,,,,,,,,,,,,,,,,,,,,,,,,,,,,,,,,,,,,,,,,,,,,,,,,,,,,,,,,,,2,,5,,3,,1,,3,,4,2,,5,,5,,3,,4,,2,,4,,"1,3",,4,,male,45,teacher,4,4,,4,56940,"<span lang=""EN-GB"">Suppose you are at your gym and you want to track the amount of calories&nbsp;</span>you have burnt your workout.&nbsp;"
10/25/2018 12:29,10/25/2018 12:34,0,71.176.70.228,100,314,1,10/25/2018 12:34,R_3MSW1sXc3EnbN9m,,,,,43.03540039,-76.12819672,anonymous,EN,"1,2,3,4,5,6","2,4,5",,5,,"1,3",,3,,1,,1,5,,5,,1,"1,2,3",,"1,2",,3,,"1,2",,5,,"1,2",,"1,3",4,,5,,"1,2,3",,1,,1,,1,5,,5,,5,,3,,3,,"1,2",,3,,"1,3",,4,,,,,,,,,,,,,,,,,,,,,,,,,,,,,,,4,,5,,3,,3,,1,,4,5,,5,,5,,"1,2",,3,,5,,3,,5,,"1,2",,,,,,,,,,,,,,,,,,,,,,,,,,,,,,,,,,,,,,,,,,,,,,,,,,,,,,,,,,,,,,,,,,,,,,,,,,,,,,,,,,,,,,,,,female,34,software engineer,5,1,,5,39042,"<span lang=""EN-GB"" style=""font-size:11.0pt;line-height:115%;
font-family:&quot;Arial&quot;,sans-serif;mso-fareast-font-family:Arial;mso-ansi-language:
EN-GB;mso-fareast-language:EN-US;mso-bidi-language:AR-SA"">Suppose you want to a
send an email when you are alone at home</span>"
10/25/2018 12:40,10/25/2018 12:41,0,24.34.126.240,100,45,1,10/25/2018 12:41,R_UgOMiKbsdmk1QfT,,,,,41.67390442,-70.19490051,anonymous,EN,"1,2",,,,,,,,,,,,,,,,,,,,,,,,,,,,,,,,,,,,,,,,,,,,,,,,,,,,,,,,,,,,,,,,,,,,,,,,,,,,,,,,,,,,,,,,,,,,,,,,,,,,,,,,,,,,,,,,,,,,,,,,,,,,,,,,,,,,,,,,,,,,,,,,,,,,,,,,,,,,,,,,,,,,,,,,,,,,,,,,,,,,,,,,,,,,,,,,,,,,,,,,,,,,,,,,,,,70488,"<span lang=""EN-GB"">Suppose
     you want to call your mother for sharing an important update about your
     life yourself when you are with a very close friend at a park.&nbsp;<o:p></o:p></span>"
10/25/2018 12:35,10/25/2018 12:45,0,71.176.70.228,100,610,1,10/25/2018 12:45,R_3Lhc2EMEzqdN0PW,,,,,43.03540039,-76.12819672,anonymous,EN,"1,2,3,4,5,6",1,,5,,"3,4",,1,,1,,4,5,,"2,3",,4,3,,"1,2",,2,,"1,2",,1,,4,,6,,,,,,,,,,,,,,,,,,,,,,,,,,,,,,,,,,,,,,,,,,,,,,,,,,,,,,,,,,,,,,,,,,,,,,,,,,,,,,,,,,,,,,,,,,,,,,,,,,,,,,,,,,,,,,,,,,,,,,,,,,,,,,,,,,,,,,,,,,,,,,,,,,1,,5,,"3,4",,1,,2,,4,5,,5,,5,,6,,"2,4",,"2,3",,"2,4",,1,,1,,male,30,constructor worker,2,3,,2,43680,"<span lang=""EN-GB"">Suppose you want to find a route to home while walking on a street.<o:p></o:p></span>"
10/25/2018 12:45,10/25/2018 12:51,0,71.176.70.228,100,334,1,10/25/2018 12:51,R_3qaGPssc4PVLD1k,,,,,43.03540039,-76.12819672,anonymous,EN,"1,2,3,4,5,6",3,,3,,3,,3,,1,,1,3,,5,,1,"1,2,3",,"1,2",,3,,"1,2",,1,,4,,1,2,,3,,3,,1,,1,,1,5,,2,,2,,3,,6,,2,,6,,5,,"1,2",,,,,,,,,,,,,,,,,,,,,,,,,,,,,,,,,,,,,,,,,,,,,,,,,,,,,,,,,,,,,,,,,,,,,,,,,,,,,,,,,,,,,,,,,,,,,,,,,,,,,,,,,,,,,,,,,,,,,,,,,,,,,,,,,,,,,,,,,,,,,,,,,,,female,34,educator,3,4,,3,37164,"<span lang=""EN-GB"">Suppose you want to browse through one of your social media profiles when you&nbsp;</span>are at your home."
10/18/2018 12:51,10/18/2018 12:52,0,185.230.126.84,78,39,0,10/25/2018 12:52,R_2UbInpv6aidhCde,,,,,,,anonymous,EN,"1,2,3,4,5,6",,,,,,,,,,,,,,,,,,,,,,,,,,,,,,,,,,,,,,,,,,,,,,,,,,,,,,,,,,,,,,,,,,,,,,,,,,,,,,,,,,,,,,,,,,,,,,,,,,,,,,,,,,,,,,,,,,,,,,,,,,,,,,,,,,,,,,,,,,,,,,,,,,,,,,,,,,,,,,,,,,,,,,,,,,,,,,,,,,,,,,,,,,,,,,,,,,,,,,,,,,,,,,,,,,,79349,"<span lang=""EN-GB"">Suppose
     you want to a send a text message when you are surrounded by people you
     know (e.g., acquaintances, colleagues) at a restaurant.<o:p></o:p></span>"
10/25/2018 12:49,10/25/2018 12:55,0,107.131.166.206,100,332,1,10/25/2018 12:55,R_1jm0d8Siie000z1,,,,,25.98500061,-80.14070129,anonymous,EN,"2,3,4",2,,1,,"1,2,3",,1,,1,,3,"1,2",,"1,2,3",,1,"1,3",,"1,2,3",,"2,3,6",,"1,2,3",,"1,2,3",,"1,2",,,,,,,,,,,,,,,,,,,,,,,,,,,,,,,,,,,,,,,,,,,,,,,,,,,,,,,,,,,,,,,,,,,,,,,,,,,,,,,,,,,,,,,,,,,,,,,,,,,,,,,,,,,,,,,,,,,,,,,,,,,,,,,,,,,,,,,,,,,,,,,,,,,,,,,,,,,,,,,,,,,,,,,,,,,,,,,,,,,,,,,,73373,"<span lang=""EN-GB"">Suppose you are on a short vacation alone and you want to take a picture in front&nbsp;</span>of an iconic monument."
10/25/2018 13:05,10/25/2018 13:09,0,73.225.141.232,100,263,1,10/25/2018 13:09,R_1LUqdHpyG2ssPZS,,,,,47.90170288,-122.2472,anonymous,EN,"1,2,3,4","2,3,4,5",,"1,3",,1,,1,,"1,3",,1,"1,2,3",,"2,3",,1,"2,3",,"1,3",,"1,3,4",,"1,2,3",,"2,3",,2,,,,,,,,,,,,,,,,,,,,,,,,,,,,,,,,,,,,,,,,,,,,,,,,,,,,,,,,,,,,,,,,,,,,,,,,,,,,,,,,,,,,,,,,,,,,,,,,,,,,,,,,,,,,,,,,,,,,,,,,,,,,,,,,,,,,,,,,,,,,,,,,,,,,,,,,,,,,,,,,,,,,,,,,,,,,,,,,,,,,,,,,50897,"<span id=""docs-internal-guid-5a7e3441-7fff-9d1f-10e6-454a1d940975""><span style=""font-size: 11pt; font-family: Arial; color: rgb(0, 0, 0); background-color: transparent; font-variant-numeric: normal; font-variant-east-asian: normal; vertical-align: baseline; white-space: pre-wrap;"">Suppose you want to call your mother for sharing an important update about your life &nbsp;when you are alone at home</span><br> <br><br></span>"
10/25/2018 13:11,10/25/2018 13:11,0,65.31.36.145,100,11,1,10/25/2018 13:11,R_54lBxm51GI4mOPL,,,,,39.05839539,-84.33959961,anonymous,EN,1,,,,,,,,,,,,,,,,,,,,,,,,,,,,,,,,,,,,,,,,,,,,,,,,,,,,,,,,,,,,,,,,,,,,,,,,,,,,,,,,,,,,,,,,,,,,,,,,,,,,,,,,,,,,,,,,,,,,,,,,,,,,,,,,,,,,,,,,,,,,,,,,,,,,,,,,,,,,,,,,,,,,,,,,,,,,,,,,,,,,,,,,,,,,,,,,,,,,,,,,,,,,,,,,,,,93549,"Suppose you are alone at home, you want to take a break from studying/working&nbsp;<p>so you decide to play a video game with some with some people you know (e.g., acquaintances, colleagues).<o:p></o:p></p>"
10/25/2018 13:11,10/25/2018 13:12,0,64.53.247.220,100,6,1,10/25/2018 13:12,R_9u8schf84lkiggN,,,,,42.0144043,-88.09349823,anonymous,EN,3,,,,,,,,,,,,,,,,,,,,,,,,,,,,,,,,,,,,,,,,,,,,,,,,,,,,,,,,,,,,,,,,,,,,,,,,,,,,,,,,,,,,,,,,,,,,,,,,,,,,,,,,,,,,,,,,,,,,,,,,,,,,,,,,,,,,,,,,,,,,,,,,,,,,,,,,,,,,,,,,,,,,,,,,,,,,,,,,,,,,,,,,,,,,,,,,,,,,,,,,,,,,,,,,,,,25330,"<span lang=""EN-GB"">Suppose you want to watch some video when you are alone at your home.<strong><o:p></o:p></strong></span>"
10/25/2018 13:13,10/25/2018 13:13,0,24.131.30.199,100,12,1,10/25/2018 13:13,R_2ZBQMz2ZXBm6Xje,,,,,40.36959839,-80.04389954,anonymous,EN,"3,6",,,,,,,,,,,,,,,,,,,,,,,,,,,,,,,,,,,,,,,,,,,,,,,,,,,,,,,,,,,,,,,,,,,,,,,,,,,,,,,,,,,,,,,,,,,,,,,,,,,,,,,,,,,,,,,,,,,,,,,,,,,,,,,,,,,,,,,,,,,,,,,,,,,,,,,,,,,,,,,,,,,,,,,,,,,,,,,,,,,,,,,,,,,,,,,,,,,,,,,,,,,,,,,,,,,23106,"<span lang=""EN-GB"">Suppose you want to listen to some audio when you are alone in a park.<o:p></o:p></span>"
10/25/2018 13:12,10/25/2018 13:14,0,64.53.247.220,100,119,1,10/25/2018 13:14,R_1BSpIfMUrzxNiAG,,,,,42.0144043,-88.09349823,anonymous,EN,"2,4,6","1,2,3",,"1,3",,"1,3,4",,3,,"1,3,4",,"1,2,3","1,2,3",,"1,2,3",,"1,3","1,2,3",,"1,2,3",,"1,3,4",,"1,2",,"1,2,3",,2,,,,,,,,,,,,,,,,,,,,,,,,,,,,,,,,,,,,,,,,,,,,,,,,,,,,,,,,,,,,,,,,,,,,,,,,,,,,,,,,,,,,,,,,,,,,,,,,,,,,,,,,,,,,,,,,,,,,,,,,,,,,,,,,,,,,,,,,,,,,,,,,,,,,,,,,,,,,,,,,,,,,,,,,,,,,,,,,,,,,,,,,11486,"<span lang=""EN-GB"">Suppose you are alone at home when you realize today is the last day to pay one of your bills online.<o:p></o:p></span>"
10/25/2018 13:08,10/25/2018 13:14,0,38.96.154.91,100,321,1,10/25/2018 13:14,R_3POmAgbAtWGQoZt,,,,,40.76849365,-73.95880127,anonymous,EN,"1,2,3,4","1,2,4,5",,"1,2",,"1,2",,1,,1,,1,"1,2",,"1,3",,1,"2,3",,2,,3,,2,,"1,2,3",,"1,2",,"1,2",4,,1,,1,,3,,1,,1,"1,2",,5,,5,,3,,3,,5,,3,,"2,3",,1,,2,,1,,1,,1,,1,,1,"1,2",,1,,1,,1,,2,,"1,2",,3,,"1,2",,4,,,,,,,,,,,,,,,,,,,,,,,,,,,,,,,,,,,,,,,,,,,,,,,,,,,,,,,,,,,,,,,,,,,,,,,,,,,,,,,,,,,,,,,,,,,,,,,,,,,,,,,,,,,,,,,,,,,,,,,,,,,,,51163,"Suppose you want to check your social media status
     when you are at Starbucks.<o:p></o:p>"
10/25/2018 13:16,10/25/2018 13:16,0,74.250.163.218,100,51,1,10/25/2018 13:16,R_22rgeuLeGlJsIPU,,,,,35.36129761,-82.42639923,anonymous,EN,"1,2",,,,,,,,,,,,,,,,,,,,,,,,,,,,,,,,,,,,,,,,,,,,,,,,,,,,,,,,,,,,,,,,,,,,,,,,,,,,,,,,,,,,,,,,,,,,,,,,,,,,,,,,,,,,,,,,,,,,,,,,,,,,,,,,,,,,,,,,,,,,,,,,,,,,,,,,,,,,,,,,,,,,,,,,,,,,,,,,,,,,,,,,,,,,,,,,,,,,,,,,,,,,,,,,,,,95662,"<span lang=""EN-GB"">Suppose
     you want to a view a text message when you are with a very close friend at
     a restaurant&nbsp;<o:p></o:p></span>"
10/25/2018 13:17,10/25/2018 13:17,0,74.250.163.218,100,48,1,10/25/2018 13:17,R_1jH5hCLMzNWY4He,,,,,35.36129761,-82.42639923,anonymous,EN,6,,,,,,,,,,,,,,,,,,,,,,,,,,,,,,,,,,,,,,,,,,,,,,,,,,,,,,,,,,,,,,,,,,,,,,,,,,,,,,,,,,,,,,,,,,,,,,,,,,,,,,,,,,,,,,,,,,,,,,,,,,,,,,,,,,,,,,,,,,,,,,,,,,,,,,,,,,,,,,,,,,,,,,,,,,,,,,,,,,,,,,,,,,,,,,,,,,,,,,,,,,,,,,,,,,,63687,"<span lang=""EN-GB"" style=""font-size:11.0pt;line-height:115%;
font-family:&quot;Arial&quot;,sans-serif;mso-fareast-font-family:Arial;mso-ansi-language:
EN-GB;mso-fareast-language:EN-US;mso-bidi-language:AR-SA"">Suppose you have
planned to meet a friend next week and you want put this on your calendar<span style=""color:#434343""> when you with </span>people you know (e.g.,
acquaintances, colleagues)<span style=""color:#434343""> at a park</span></span>"
10/25/2018 13:25,10/25/2018 13:26,0,141.238.29.205,100,76,1,10/25/2018 13:26,R_2690zAVivG2ande,,,,,42.43330383,-79.33390045,anonymous,EN,"1,2,3,4,5","1,2",,"2,3",,"1,2",,1,,"1,3,4",,"1,2","2,3",,"1,3",,"1,2","2,3",,"2,3",,"2,3,4",,"1,3",,"1,2",,"1,2",,,,,,,,,,,,,,,,,,,,,,,,,,,,,,,,,,,,,,,,,,,,,,,,,,,,,,,,,,,,,,,,,,,,,,,,,,,,,,,,,,,,,,,,,,,,,,,,,,,,,,,,,,,,,,,,,,,,,,,,,,,,,,,,,,,,,,,,,,,,,,,,,,,,,,,,,,,,,,,,,,,,,,,,,,,,,,,,,,,,,,,,87788,"<span lang=""EN-GB"">Suppose
     you want to find a route to home when you are alone at Starbucks.<o:p></o:p></span>"
10/25/2018 13:29,10/25/2018 13:29,0,75.139.254.220,100,36,1,10/25/2018 13:29,R_3Pb5oblXNz5dgTe,,,,,32.7230072,-97.44830322,anonymous,EN,"2,3",,,,,,,,,,,,,,,,,,,,,,,,,,,,,,,,,,,,,,,,,,,,,,,,,,,,,,,,,,,,,,,,,,,,,,,,,,,,,,,,,,,,,,,,,,,,,,,,,,,,,,,,,,,,,,,,,,,,,,,,,,,,,,,,,,,,,,,,,,,,,,,,,,,,,,,,,,,,,,,,,,,,,,,,,,,,,,,,,,,,,,,,,,,,,,,,,,,,,,,,,,,,,,,,,,,91685,"<span lang=""EN-GB"">Suppose
     you want to a send an email when you are walking on a street with people
     you know (e.g., acquaintances, colleagues)<strong>.</strong><o:p></o:p></span>"
10/25/2018 13:36,10/25/2018 13:36,0,73.152.56.226,100,12,1,10/25/2018 13:36,R_7WdQsAcbA45ufQJ,,,,,37.51579285,-77.50469971,anonymous,EN,"2,3",,,,,,,,,,,,,,,,,,,,,,,,,,,,,,,,,,,,,,,,,,,,,,,,,,,,,,,,,,,,,,,,,,,,,,,,,,,,,,,,,,,,,,,,,,,,,,,,,,,,,,,,,,,,,,,,,,,,,,,,,,,,,,,,,,,,,,,,,,,,,,,,,,,,,,,,,,,,,,,,,,,,,,,,,,,,,,,,,,,,,,,,,,,,,,,,,,,,,,,,,,,,,,,,,,,56576,"<span lang=""EN-GB"">Suppose
     you want to a view a text message when you are surrounded with people you
     are close to (e.g., friends, family members) at your home.<strong><o:p></o:p></strong></span>"
10/24/2018 0:13,10/25/2018 13:55,0,107.218.152.167,100,135702,1,10/25/2018 13:55,R_3qfYSJzEtn0vHvW,,,,,37.34759521,-121.887001,anonymous,EN,"1,2,4,6",1,,1,,1,,3,,3,,1,2,,2,,1,2,,1,,2,,1,,5,,2,,2,,,,,,,,,,,,,,,,,,,,,,,,,,,,,,2,,1,,"3,4",,3,,3,,1,2,,1,,1,,1,,3,,1,,3,,2,,"1,2",,,,,,,,,,,,,,,,,,,,,,,,,,,,,,,,,,,,,,,,,,,,,,,,,,,,,,,,,,,,,,,,,,,,,,,,,,,,,,,,,,,,,,,,,,,,,,,,,,,,,,,,,,,,,,,,,,,,,,Male,30,Technician ,5,1,,3,68275,"<span lang=""EN-GB"">Suppose
     you want to set up a reminder about something when you are at Starbucks by
     yourself.<o:p></o:p></span>"
10/25/2018 14:01,10/25/2018 14:01,0,174.58.193.36,100,18,1,10/25/2018 14:01,R_2EiTEgnbgmMbzM2,,,,,28.30369568,-81.58979797,anonymous,EN,"1,2",,,,,,,,,,,,,,,,,,,,,,,,,,,,,,,,,,,,,,,,,,,,,,,,,,,,,,,,,,,,,,,,,,,,,,,,,,,,,,,,,,,,,,,,,,,,,,,,,,,,,,,,,,,,,,,,,,,,,,,,,,,,,,,,,,,,,,,,,,,,,,,,,,,,,,,,,,,,,,,,,,,,,,,,,,,,,,,,,,,,,,,,,,,,,,,,,,,,,,,,,,,,,,,,,,,21841,"<span lang=""EN-GB"">Suppose you want to browse the internet when you are with people you know (e.g., acquaintances, colleagues) at a park.<o:p></o:p></span>"
10/25/2018 14:06,10/25/2018 14:09,0,174.58.51.187,100,212,1,10/25/2018 14:09,R_3Ms8O6HHZNpy11r,,,,,27.06059265,-82.35199738,anonymous,EN,"1,2,3",2,,"1,2",,"1,2,3",,1,,"1,2",,3,"1,2",,"1,2",,2,"2,3",,2,,"2,3",,2,,"1,2",,4,,,,,,,,,,,,,,,,,,,,,,,,,,,,,,,,,,,,,,,,,,,,,,,,,,,,,,,,,,,,,,,,,,,,,,,,,,,,,,,,,,,,,,,,,,,,,,,,,,,,,,,,,,,,,,,,,,,,,,,,,,,,,,,,,,,,,,,,,,,,,,,,,,,,,,,,,,,,,,,,,,,,,,,,,,,,,,,,,,,,,,,,32925,"<span lang=""EN-GB"">Suppose
     you want to a send a text message when you are alone at home<strong><o:p></o:p></strong></span>"
10/18/2018 14:12,10/18/2018 14:13,0,72.94.170.198,78,95,0,10/25/2018 14:13,R_1qV8fUfdc8ZAsf1,,,,,,,anonymous,EN,"1,2,5",,,,,,,,,,,,,,,,,,,,,,,,,,,,,,,,,,,,,,,,,,,,,,,,,,,,,,,,,,,,,,,,,,,,,,,,,,,,,,,,,,,,,,,,,,,,,,,,,,,,,,,,,,,,,,,,,,,,,,,,,,,,,,,,,,,,,,,,,,,,,,,,,,,,,,,,,,,,,,,,,,,,,,,,,,,,,,,,,,,,,,,,,,,,,,,,,,,,,,,,,,,,,,,,,,,50845,"<span lang=""EN-GB"">Suppose you have planned to meet a friend next week and you want to put this on your calendar when you are alone at Starbucks.<o:p></o:p></span>"
10/25/2018 14:05,10/25/2018 14:14,0,34.224.88.99,100,519,1,10/25/2018 14:14,R_3w3g6uIyhdnWUGl,,,,,39.0480957,-77.47280121,anonymous,EN,"1,2,3,4,5,6","1,4,5",,"1,2,3",,1,,1,,3,,3,2,,2,,"1,2,3",3,,1,,2,,"1,2",,2,,"1,2",,,,,,,,,,,,,,,,,,,,,,,,,,,,,,,,,,,,,,,,,,,,,,,,,,,,,,,,,,,,,,,,,,,,,,,,,,,,,,,,,,,,,,,,,,,,,,,,,,,,,,,,,,,,,,,,,,,,,,,,,,,,,,,,,,,,,,,,,,,,,,,,,,,,,,,,,,,,,,,,,,,,,,,,,,,,,,,,,,,,,,,,90792,"<span lang=""EN-GB"">Suppose
     you want to a send an email when you are with a very close friend at a
     restaurant&nbsp;<o:p></o:p></span>"
10/25/2018 14:19,10/25/2018 14:21,0,71.205.244.165,100,122,1,10/25/2018 14:21,R_3OoVnzvne5L2LxV,,,,,39.81410217,-105.1176987,anonymous,EN,"1,2,3,6",2,,2,,1,,1,,1,,4,1,,2,,3,4,,2,,2,,1,,1,,1,,,,,,,,,,,,,,,,,,,,,,,,,,,,,,,,,,,,,,,,,,,,,,,,,,,,,,,,,,,,,,,,,,,,,,,,,,,,,,,,,,,,,,,,,,,,,,,,,,,,,,,,,,,,,,,,,,,,,,,,,,,,,,,,,,,,,,,,,,,,,,,,,,,,,,,,,,,,,,,,,,,,,,,,,,,,,,,,,,,,,,,,28794,"<span lang=""EN-GB"">Suppose
     you want to listen to some audio when you are alone at your home.<strong><o:p></o:p></strong></span>"
10/25/2018 14:23,10/25/2018 14:26,0,192.132.44.54,100,137,1,10/25/2018 14:26,R_1HoVw9lP0yFNF8l,,,,,32.74909973,-96.45980072,anonymous,EN,"1,2,3,4,5,6",3,,2,,4,,1,,3,,3,3,,5,,3,3,,2,,2,,2,,3,,2,,2,,,,,,,,,,,,,,,,,,,,,,,,,,,,,,3,,3,,1,,1,,4,,2,2,,2,,2,,2,,4,,2,,3,,3,,2,,,,,,,,,,,,,,,,,,,,,,,,,,,,,,,,,,,,,,,,,,,,,,,,,,,,,,,,,,,,,,,,,,,,,,,,,,,,,,,,,,,,,,,,,,,,,,,,,,,,,,,,,,,,,,,,,,,,,,,,,,,,,25982,"<span lang=""EN-GB"" style=""font-size:11.0pt;line-height:115%;
font-family:&quot;Arial&quot;,sans-serif;mso-fareast-font-family:Arial;mso-ansi-language:
EN-GB;mso-fareast-language:EN-US;mso-bidi-language:AR-SA"">Suppose you want to a
send an email when you are at Starbucks.</span>"
10/25/2018 14:20,10/25/2018 14:30,0,24.254.182.123,100,611,1,10/25/2018 14:30,R_3D6fcvSzqnF8nTS,,,,,37.25030518,-80.05249786,anonymous,EN,"1,2,3,4,6",2,,1,,1,,1,,1,,4,1,,2,,4,6,,2,,3,,2,,5,,2,,2,,,,,,,,,,,,,,,,,,,,,,,,,,,,,,2,,1,,1,,1,,1,,4,1,,5,,5,,3,,3,,2,,3,,1,,2,,,,,,,,,,,,,,,,,,,,,,,,,,,,,,,,,,,,,,,,,,,,,,,,,,,,,,,,,,,,,,,,,,,,,,,,,,,,,,,,,,,,,,,,,,,,,,,,,,,,,,,,,,,,,,,,,,,,,,male,35,transfer agent,3,1,,3,58004,"<span lang=""EN-GB"">Suppose
     you want to a view a text message when you are surrounded by people you
     know (e.g., acquaintances, colleagues) at a restaurant.<o:p></o:p></span>"
10/25/2018 14:30,10/25/2018 14:31,0,64.19.74.154,100,15,1,10/25/2018 14:31,R_3PEMKwu9DDUyNMn,,,,,43.9743042,-75.91220093,anonymous,EN,"2,3",,,,,,,,,,,,,,,,,,,,,,,,,,,,,,,,,,,,,,,,,,,,,,,,,,,,,,,,,,,,,,,,,,,,,,,,,,,,,,,,,,,,,,,,,,,,,,,,,,,,,,,,,,,,,,,,,,,,,,,,,,,,,,,,,,,,,,,,,,,,,,,,,,,,,,,,,,,,,,,,,,,,,,,,,,,,,,,,,,,,,,,,,,,,,,,,,,,,,,,,,,,,,,,,,,,54559,"<span lang=""EN-GB"" style=""font-size:11.0pt;line-height:115%;
font-family:&quot;Arial&quot;,sans-serif;mso-fareast-font-family:Arial;mso-ansi-language:
EN-GB;mso-fareast-language:EN-US;mso-bidi-language:AR-SA"">Suppose you want to
find a route to a coffee shop when you are alone at home.</span>"
10/18/2018 14:30,10/18/2018 14:34,0,76.125.216.176,88,243,0,10/25/2018 14:38,R_2bT2H9B2h8E1nrO,,,,,,,anonymous,EN,"1,2,3,4,5",4,,5,,"1,2,3",,3,,1,,4,3,,5,,4,6,,5,,7,,5,,3,,1,,"1,3,4",,,,,,,,,,,,,,,,,,,,,,,,,,,,,,,,,,,,,,,,,,,,,,,,,,,,,,,,,,,,,,,,,,,,,,,,,,,,,,,,,,,,,,,,,,,,,,,,,,,,,,,,,,,,,,,,,,,,,,,,,,,,,,,,,,,,,,,,,,,,,,,,,,,,,,,,,,,,,,,,,,,,,,,,,,,,,,,,,,,,,,31832,"<span lang=""EN-GB"">Suppose you are alone and relaxing at home, you have just read a new book that&nbsp;</span>you loved and now you want a write a review for your close family and friends."
10/25/2018 14:42,10/25/2018 14:47,0,65.14.14.194,100,314,1,10/25/2018 14:47,R_3KCK8uIU7jTbXfZ,,,,,36.01589966,-84.26229858,anonymous,EN,"1,2,4","2,5",,1,,1,,1,,1,,3,5,,5,,3,6,,2,,7,,2,,5,,2,,2,,,,,,,,,,,,,,,,,,,,,,,,,,,,,,"2,5",,3,,1,,1,,1,,3,5,,5,,5,,6,,7,,2,,7,,5,,2,,,,,,,,,,,,,,,,,,,,,,,,,,,,,,,,,,,,,,,,,,,,,,,,,,,,,,,,,,,,,,,,,,,,,,,,,,,,,,,,,,,,,,,,,,,,,,,,,,,,,,,,,,,,,,,,,,,,,,Male,30,Banking,5,1,,3,59533,"<span lang=""EN-GB"">Suppose
     you want to watch&nbsp; some video when
     you are with people you know (e.g., acquaintances, colleagues) at
     Starbucks<o:p></o:p></span>"
10/25/2018 15:16,10/25/2018 15:19,0,73.155.33.211,100,172,1,10/25/2018 15:19,R_3DvAYbssSRwBwP4,,,,,29.69470215,-95.65110016,anonymous,EN,"1,2,4",2,,"1,2",,"1,2",,1,,"1,2,3",,"1,2","1,2",,1,,"1,2","2,3",,"2,3",,"3,4",,2,,"1,2",,1,,,,,,,,,,,,,,,,,,,,,,,,,,,,,,,,,,,,,,,,,,,,,,,,,,,,,,,,,,,,,,,,,,,,,,,,,,,,,,,,,,,,,,,,,,,,,,,,,,,,,,,,,,,,,,,,,,,,,,,,,,,,,,,,,,,,,,,,,,,,,,,,,,,,,,,,,,,,,,,,,,,,,,,,,,,,,,,,,,,,,,,,31430,"<span lang=""EN-GB"">Suppose you are alone at home, you want to take a break from studying/working&nbsp;</span>so you decide to play an online/digital game."
10/18/2018 15:17,10/18/2018 15:19,0,69.125.120.164,88,139,0,10/25/2018 15:22,R_8B2CqntDftu3bZ7,,,,,,,anonymous,EN,"1,2,3,4,5",2,,1,,1,,1,,1,,1,2,,2,,1,4,,1,,1,,1,,1,,1,,2,,,,,,,,,,,,,,,,,,,,,,,,,,,,,,,,,,,,,,,,,,,,,,,,,,,,,,,,,,,,,,,,,,,,,,,,,,,,,,,,,,,,,,,,,,,,,,,,,,,,,,,,,,,,,,,,,,,,,,,,,,,,,,,,,,,,,,,,,,,,,,,,,,,,,,,,,,,,,,,,,,,,,,,,,,,,,,,,,,,,,,38162,"<span lang=""EN-GB"">Suppose
     you want to a view a text message
     when you are walking with a very close friend on a street<o:p></o:p></span>"
10/25/2018 15:25,10/25/2018 15:25,0,104.200.37.120,100,12,1,10/25/2018 15:25,R_22KD20wSsJyPXaZ,,,,,35.66650391,-97.4654007,anonymous,EN,3,,,,,,,,,,,,,,,,,,,,,,,,,,,,,,,,,,,,,,,,,,,,,,,,,,,,,,,,,,,,,,,,,,,,,,,,,,,,,,,,,,,,,,,,,,,,,,,,,,,,,,,,,,,,,,,,,,,,,,,,,,,,,,,,,,,,,,,,,,,,,,,,,,,,,,,,,,,,,,,,,,,,,,,,,,,,,,,,,,,,,,,,,,,,,,,,,,,,,,,,,,,,,,,,,,,56787,"<span lang=""EN-GB"">Suppose you are at sitting at Starbucks and you want to play a digital/online&nbsp;</span>game with some close friends."
10/25/2018 15:25,10/25/2018 15:26,0,104.200.37.120,100,28,1,10/25/2018 15:26,R_2du4AWeSOiM7OTx,,,,,35.66650391,-97.4654007,anonymous,EN,3,,,,,,,,,,,,,,,,,,,,,,,,,,,,,,,,,,,,,,,,,,,,,,,,,,,,,,,,,,,,,,,,,,,,,,,,,,,,,,,,,,,,,,,,,,,,,,,,,,,,,,,,,,,,,,,,,,,,,,,,,,,,,,,,,,,,,,,,,,,,,,,,,,,,,,,,,,,,,,,,,,,,,,,,,,,,,,,,,,,,,,,,,,,,,,,,,,,,,,,,,,,,,,,,,,,95350,"<span lang=""EN-GB"">Suppose you want to a view a text message when you are alone at a street.<o:p></o:p></span>"
10/25/2018 15:26,10/25/2018 15:26,0,104.200.37.120,100,29,1,10/25/2018 15:26,R_2mDRnLc9R8DQTVD,,,,,35.66650391,-97.4654007,anonymous,EN,2,,,,,,,,,,,,,,,,,,,,,,,,,,,,,,,,,,,,,,,,,,,,,,,,,,,,,,,,,,,,,,,,,,,,,,,,,,,,,,,,,,,,,,,,,,,,,,,,,,,,,,,,,,,,,,,,,,,,,,,,,,,,,,,,,,,,,,,,,,,,,,,,,,,,,,,,,,,,,,,,,,,,,,,,,,,,,,,,,,,,,,,,,,,,,,,,,,,,,,,,,,,,,,,,,,,2450,"<span lang=""EN-GB"">Suppose you are at sitting in a park and you want to play a digital/online game&nbsp;</span>with some close friends."
10/25/2018 15:26,10/25/2018 15:26,0,104.200.37.120,100,9,1,10/25/2018 15:26,R_1oF3wq5xWp60QB3,,,,,35.66650391,-97.4654007,anonymous,EN,1,,,,,,,,,,,,,,,,,,,,,,,,,,,,,,,,,,,,,,,,,,,,,,,,,,,,,,,,,,,,,,,,,,,,,,,,,,,,,,,,,,,,,,,,,,,,,,,,,,,,,,,,,,,,,,,,,,,,,,,,,,,,,,,,,,,,,,,,,,,,,,,,,,,,,,,,,,,,,,,,,,,,,,,,,,,,,,,,,,,,,,,,,,,,,,,,,,,,,,,,,,,,,,,,,,,27303,"<span lang=""EN-GB"">Suppose you want to set up a reminder about something when you are at Starbucks with close friends.<o:p></o:p></span>"
10/25/2018 15:26,10/25/2018 15:27,0,104.200.37.120,100,9,1,10/25/2018 15:27,R_3DpzDbp6aCnp3rA,,,,,35.66650391,-97.4654007,anonymous,EN,4,,,,,,,,,,,,,,,,,,,,,,,,,,,,,,,,,,,,,,,,,,,,,,,,,,,,,,,,,,,,,,,,,,,,,,,,,,,,,,,,,,,,,,,,,,,,,,,,,,,,,,,,,,,,,,,,,,,,,,,,,,,,,,,,,,,,,,,,,,,,,,,,,,,,,,,,,,,,,,,,,,,,,,,,,,,,,,,,,,,,,,,,,,,,,,,,,,,,,,,,,,,,,,,,,,,60314,"<span lang=""EN-GB"">Suppose
     you want to listen to some audio when you are with your friends at
     Starbucks.<o:p></o:p></span>"
10/25/2018 15:27,10/25/2018 15:27,0,104.200.37.120,100,10,1,10/25/2018 15:27,R_1NgquBJ5TBuM2qo,,,,,35.66650391,-97.4654007,anonymous,EN,6,,,,,,,,,,,,,,,,,,,,,,,,,,,,,,,,,,,,,,,,,,,,,,,,,,,,,,,,,,,,,,,,,,,,,,,,,,,,,,,,,,,,,,,,,,,,,,,,,,,,,,,,,,,,,,,,,,,,,,,,,,,,,,,,,,,,,,,,,,,,,,,,,,,,,,,,,,,,,,,,,,,,,,,,,,,,,,,,,,,,,,,,,,,,,,,,,,,,,,,,,,,,,,,,,,,2713,"<span lang=""EN-GB"">Suppose
     you want to a send a text message when you are with a very close friend at
     a restaurant&nbsp;<o:p></o:p></span>"
10/25/2018 15:27,10/25/2018 15:27,0,104.200.37.120,100,7,1,10/25/2018 15:27,R_1IYPpsDHDacZyNd,,,,,35.66650391,-97.4654007,anonymous,EN,5,,,,,,,,,,,,,,,,,,,,,,,,,,,,,,,,,,,,,,,,,,,,,,,,,,,,,,,,,,,,,,,,,,,,,,,,,,,,,,,,,,,,,,,,,,,,,,,,,,,,,,,,,,,,,,,,,,,,,,,,,,,,,,,,,,,,,,,,,,,,,,,,,,,,,,,,,,,,,,,,,,,,,,,,,,,,,,,,,,,,,,,,,,,,,,,,,,,,,,,,,,,,,,,,,,,2669,
10/25/2018 15:27,10/25/2018 15:28,0,136.30.67.174,100,47,1,10/25/2018 15:28,R_2akmPBnyUSP21cw,,,,,41.87210083,-87.65779877,anonymous,EN,"1,2,3","1,2,3",,"1,2",,1,,1,,"1,2",,2,3,,"2,3",,1,"2,4",,1,,"2,4",,"1,2",,"1,2",,1,,,,,,,,,,,,,,,,,,,,,,,,,,,,,,,,,,,,,,,,,,,,,,,,,,,,,,,,,,,,,,,,,,,,,,,,,,,,,,,,,,,,,,,,,,,,,,,,,,,,,,,,,,,,,,,,,,,,,,,,,,,,,,,,,,,,,,,,,,,,,,,,,,,,,,,,,,,,,,,,,,,,,,,,,,,,,,,,,,,,,,,,1736,"<span lang=""EN-GB"">Suppose
     you have planned to meet a friend next week and you want put this on your
     calendar when you are alone at home<strong><o:p></o:p></strong></span>"
10/25/2018 15:25,10/25/2018 15:30,0,45.46.49.229,100,278,1,10/25/2018 15:30,R_28TCIrSWPgTXl4r,,,,,44.09849548,-70.19159698,anonymous,EN,"1,2,4,6","1,2",,1,,1,,1,,1,,2,"1,2",,1,,2,3,,"1,2",,6,,5,,"1,3",,4,,,,,,,,,,,,,,,,,,,,,,,,,,,,,,,,,,,,,,,,,,,,,,,,,,,,,,,,,,,,,,,,,,,,,,,,,,,,,,,,,,,,,,,,,,,,,,,,,,,,,,,,,,,,,,,,,,,,,,,,,,,,,,,,,,,,,,,,,,,,,,,,,,,,,,,,,,,,,,,,,,,,,,,,,,,,,,,,,,,,,,,,51689,"<span lang=""EN-GB"">Suppose you want to find a route to a coffee shop when you are
     at home </span><span lang=""EN-GB"">with
     people you are close to (e.g., friends, family members)</span><strong><span lang=""EN-GB""><o:p></o:p></span></strong>"
10/25/2018 15:30,10/25/2018 15:30,0,67.11.50.189,100,8,1,10/25/2018 15:30,R_2Swfe2J7k0C8Q30,,,,,29.89309692,-98.68569946,anonymous,EN,3,,,,,,,,,,,,,,,,,,,,,,,,,,,,,,,,,,,,,,,,,,,,,,,,,,,,,,,,,,,,,,,,,,,,,,,,,,,,,,,,,,,,,,,,,,,,,,,,,,,,,,,,,,,,,,,,,,,,,,,,,,,,,,,,,,,,,,,,,,,,,,,,,,,,,,,,,,,,,,,,,,,,,,,,,,,,,,,,,,,,,,,,,,,,,,,,,,,,,,,,,,,,,,,,,,,38511,"<span lang=""EN-GB"">Suppose
     you want to purchase something online when you are with people you are
     close to (e.g., friends, family members).<o:p></o:p></span>"
10/25/2018 15:27,10/25/2018 15:30,0,198.49.31.149,100,180,1,10/25/2018 15:30,R_2yeas1jaOgUIJif,,,,,33.49510193,-86.80590057,anonymous,EN,5,,,,,,,,,,,,,,,,,,,,,,,,,,,,,,,,,,,,,,,,,,,,,,,,,,,,,,,,,,,,,,,,,,,,,,,,,,,,,,,,,,,,,,,,,,,,,,,,,,,,,,,,,,,,,,,,,,,,,,,,,,,,,,,,,,,,,,,,,,,,,,,,,,,,,,,,,,,,,,,,,,,,,,,,,,,,,,,,,,,,,,,,,,,,,,,,,,,,,,,,,,,,,,,,,,,52714,"<span lang=""EN-GB"">Suppose
     you want to take a click a photo when you are with people you are close to
     (e.g., friends, family members) at home<o:p></o:p></span>"
10/25/2018 15:27,10/25/2018 15:30,0,100.0.27.41,100,207,1,10/25/2018 15:30,R_3QLT2Dh67LWgLJS,,,,,42.47509766,-71.44830322,anonymous,EN,"1,2,3,4,5,6","2,3,4",,5,,"1,2",,1,,1,,4,"1,2,3",,5,,4,"1,2",,2,,7,,5,,"1,3",,4,,,,,,,,,,,,,,,,,,,,,,,,,,,,,,,,,,,,,,,,,,,,,,,,,,,,,,,,,,,,,,,,,,,,,,,,,,,,,,,,,,,,,,,,,,,,,,,,,,,,,,,,,,,,,,,,,,,,,,,,,,,,,,,,,,,,,,,,,,,,,,,,,,,,,,,,,,,,,,,,,,,,,,,,,,,,,,,,,,,,,,,,76221,"<span lang=""EN-GB"">Suppose
     you want to purchase something online when you are alone at a park.<o:p></o:p></span>"
10/25/2018 15:27,10/25/2018 15:31,0,68.105.178.66,100,209,1,10/25/2018 15:31,R_RQPKjhABzLRer73,,,,,36.24499512,-115.2742996,anonymous,EN,"1,2,3,4,5","1,5",,1,,"1,3,4",,1,,"1,3,4",,3,"1,2",,"1,3",,"2,3","1,4",,"2,3",,"2,3",,"2,3",,1,,1,,,,,,,,,,,,,,,,,,,,,,,,,,,,,,,,,,,,,,,,,,,,,,,,,,,,,,,,,,,,,,,,,,,,,,,,,,,,,,,,,,,,,,,,,,,,,,,,,,,,,,,,,,,,,,,,,,,,,,,,,,,,,,,,,,,,,,,,,,,,,,,,,,,,,,,,,,,,,,,,,,,,,,,,,,,,,,,,,,,,,,,,49105,"<span lang=""EN-GB"">Suppose you have planned to meet a friend next week and you want to put this on your calendar when you are with a very close friend at a park.&nbsp;<o:p></o:p></span>"
10/25/2018 15:30,10/25/2018 15:31,0,198.49.31.149,100,29,1,10/25/2018 15:31,R_3QWpGsPsSQXF6LM,,,,,33.49510193,-86.80590057,anonymous,EN,"1,2,3,4",2,,2,,4,,3,,3,,2,2,,1,,3,2,,3,,2,,1,,2,,4,,,,,,,,,,,,,,,,,,,,,,,,,,,,,,,,,,,,,,,,,,,,,,,,,,,,,,,,,,,,,,,,,,,,,,,,,,,,,,,,,,,,,,,,,,,,,,,,,,,,,,,,,,,,,,,,,,,,,,,,,,,,,,,,,,,,,,,,,,,,,,,,,,,,,,,,,,,,,,,,,,,,,,,,,,,,,,,,,,,,,,,,99829,"<span lang=""EN-GB"">Suppose
     you want to set up a reminder about something when you are at Starbucks by
     yourself.<o:p></o:p></span>"
10/25/2018 15:33,10/25/2018 15:33,0,107.192.90.207,100,10,1,10/25/2018 15:33,R_3Hi5YDMf9qHB7K3,,,,,41.69189453,-86.26470184,anonymous,EN,"1,2",,,,,,,,,,,,,,,,,,,,,,,,,,,,,,,,,,,,,,,,,,,,,,,,,,,,,,,,,,,,,,,,,,,,,,,,,,,,,,,,,,,,,,,,,,,,,,,,,,,,,,,,,,,,,,,,,,,,,,,,,,,,,,,,,,,,,,,,,,,,,,,,,,,,,,,,,,,,,,,,,,,,,,,,,,,,,,,,,,,,,,,,,,,,,,,,,,,,,,,,,,,,,,,,,,,78345,"<span lang=""EN-GB"">Suppose you want to browse the internet when you alone at a park.<o:p></o:p></span>"
10/25/2018 15:32,10/25/2018 15:35,0,174.131.90.241,100,170,1,10/25/2018 15:35,R_W6t4haXY6IqRwVr,,,,,30.00349426,-82.38279724,anonymous,EN,"1,2,3,4","1,2",,5,,"2,3",,3,,1,,4,3,,"1,2",,2,3,,"1,3",,"2,4",,"1,3",,"1,3",,2,,,,,,,,,,,,,,,,,,,,,,,,,,,,,,,,,,,,,,,,,,,,,,,,,,,,,,,,,,,,,,,,,,,,,,,,,,,,,,,,,,,,,,,,,,,,,,,,,,,,,,,,,,,,,,,,,,,,,,,,,,,,,,,,,,,,,,,,,,,,,,,,,,,,,,,,,,,,,,,,,,,,,,,,,,,,,,,,,,,,,,,,50835,"<span lang=""EN-GB"">Suppose you have planned to meet a friend next week and you want to put this on your calendar when you are alone at Starbucks.<o:p></o:p></span>"
10/25/2018 15:33,10/25/2018 15:37,0,73.154.152.8,100,273,1,10/25/2018 15:37,R_33lKXEVJnnBD7yN,,,,,40.07780457,-80.97879791,anonymous,EN,"1,2,4",5,,5,,"1,2",,1,,1,,2,1,,5,,4,6,,5,,3,,1,,3,,4,,,,,,,,,,,,,,,,,,,,,,,,,,,,,,,,,,,,,,,,,,,,,,,,,,,,,,,,,,,,,,,,,,,,,,,,,,,,,,,,,,,,,,,,,,,,,,,,,,,,,,,,,,,,,,,,,,,,,,,,,,,,,,,,,,,,,,,,,,,,,,,,,,,,,,,,,,,,,,,,,,,,,,,,,,,,,,,,,,,,,,,,91050,"<span lang=""EN-GB"">Suppose you are at a park with some people you know (e.g., acquaintances, colleagues) when you realize that you have to immediately pay one of your bills online.<o:p></o:p></span>"
10/25/2018 15:30,10/25/2018 15:37,0,71.176.70.228,100,467,1,10/25/2018 15:37,R_5gSJzhDDrIJKeFr,,,,,43.03540039,-76.12819672,anonymous,EN,"2,3,4,5,6",2,,5,,3,,1,,2,,4,3,,5,,4,3,,1,,3,,1,,5,,1,,6,,,,,,,,,,,,,,,,,,,,,,,,,,,,,,,,,,,,,,,,,,,,,,,,,,,,,,,,,,,,,,,,,,,,,,,,,,,,,,,,,,,,,,,,,,,,,,,,,,,,,,,,,,,,,,,,,,,,,,,,,,,,,,,,,,,,,,,,,,,,,,,,,,2,,5,,3,,1,,1,,4,5,,2,,2,,3,,"2,4",,2,,"2,4",,1,,4,,female,34,home maker,2,3,,3,80185,"<span lang=""EN-GB"">Suppose
     you want to a view a text message when you with people you know (e.g.,
     acquaintances, colleagues) at a street<strong>.</strong><o:p></o:p></span>"
10/25/2018 15:35,10/25/2018 15:38,0,174.226.6.243,100,167,1,10/25/2018 15:38,R_5gvTGDcMvg5O8nL,,,,,36.79780579,-76.17590332,anonymous,EN,"1,2,3,4,6",2,,5,,2,,3,,2,,1,"1,2",,2,,1,1,,1,,"1,6",,2,,1,,4,,,,,,,,,,,,,,,,,,,,,,,,,,,,,,,,,,,,,,,,,,,,,,,,,,,,,,,,,,,,,,,,,,,,,,,,,,,,,,,,,,,,,,,,,,,,,,,,,,,,,,,,,,,,,,,,,,,,,,,,,,,,,,,,,,,,,,,,,,,,,,,,,,,,,,,,,,,,,,,,,,,,,,,,,,,,,,,,,,,,,,,,33298,"<span lang=""EN-GB"">Suppose you are on a short vacation and you want to take a picture in front&nbsp;</span>of an iconic monument when you are surrounded by many people."
10/25/2018 15:37,10/25/2018 15:38,0,97.120.185.28,100,61,1,10/25/2018 15:38,R_27dIP8f5dL0J1xj,,,,,45.56530762,-122.6447983,anonymous,EN,"1,2",,,,,,,,,,,,,,,,,,,,,,,,,,,,,,,,,,,,,,,,,,,,,,,,,,,,,,,,,,,,,,,,,,,,,,,,,,,,,,,,,,,,,,,,,,,,,,,,,,,,,,,,,,,,,,,,,,,,,,,,,,,,,,,,,,,,,,,,,,,,,,,,,,,,,,,,,,,,,,,,,,,,,,,,,,,,,,,,,,,,,,,,,,,,,,,,,,,,,,,,,,,,,,,,,,,46910,"<span lang=""EN-GB"">Suppose
     you want to call your mother for sharing an important update about your
     life when you are alone at Starbucks.<o:p></o:p></span>"
10/25/2018 15:37,10/25/2018 15:39,0,18.40.37.93,100,137,1,10/25/2018 15:39,R_33wjr82kzZQCFHm,,,,,37.75100708,-97.8219986,anonymous,EN,"1,2,4",2,,3,,"1,2,3",,1,,3,,3,"1,2",,"1,2",,1,2,,1,,3,,2,,"1,2",,2,,,,,,,,,,,,,,,,,,,,,,,,,,,,,,,,,,,,,,,,,,,,,,,,,,,,,,,,,,,,,,,,,,,,,,,,,,,,,,,,,,,,,,,,,,,,,,,,,,,,,,,,,,,,,,,,,,,,,,,,,,,,,,,,,,,,,,,,,,,,,,,,,,,,,,,,,,,,,,,,,,,,,,,,,,,,,,,,,,,,,,,,4593,"<span lang=""EN-GB"" style=""font-size:11.0pt;line-height:115%;
font-family:&quot;Arial&quot;,sans-serif;mso-fareast-font-family:Arial;mso-ansi-language:
EN-GB;mso-fareast-language:EN-US;mso-bidi-language:AR-SA"">Suppose you want to browse the internet when you are alone at your home.</span>"
10/25/2018 15:40,10/25/2018 15:43,0,72.239.46.130,100,153,1,10/25/2018 15:43,R_1FLLhCTVSkRpd5A,,,,,28.71679688,-81.41259766,anonymous,EN,"1,2,4,5,6","1,2,5",,1,,"1,2",,1,,1,,2,3,,"1,2",,1,"2,4",,1,,"1,2,3",,"1,2",,1,,2,,,,,,,,,,,,,,,,,,,,,,,,,,,,,,,,,,,,,,,,,,,,,,,,,,,,,,,,,,,,,,,,,,,,,,,,,,,,,,,,,,,,,,,,,,,,,,,,,,,,,,,,,,,,,,,,,,,,,,,,,,,,,,,,,,,,,,,,,,,,,,,,,,,,,,,,,,,,,,,,,,,,,,,,,,,,,,,,,,,,,,,,26151,"<span lang=""EN-GB"">Suppose
     you want to listen to some audio when you are at home with people you are
     close to (e.g., friends, family members).<strong><o:p></o:p></strong></span>"
10/25/2018 15:37,10/25/2018 15:45,0,71.176.70.228,100,430,1,10/25/2018 15:45,R_2rZNizRh9slLUqw,,,,,43.03540039,-76.12819672,anonymous,EN,"1,2,3,4,5,6","1,2",,5,,"1,2,3,4",,1,,"3,4",,4,5,,5,,4,"3,4",,"1,2,3",,"2,3",,"1,2,3",,5,,4,,"2,5",,,,,,,,,,,,,,,,,,,,,,,,,,,,,,"1,2,3,5",,1,,3,,1,,1,,4,5,,5,,5,,"2,3",,"1,2,3",,"1,2",,"1,2,3",,1,,1,,,,,,,,,,,,,,,,,,,,,,,,,,,,,,,,,,,,,,,,,,,,,,,,,,,,,,,,,,,,1,,2,,4,,3,,"2,3,4",,4,3,,"1,2",,"1,2",,4,,2,,3,,2,,1,,2,,,,,,,,,,,,,,,,,,,,,,,,,,,,,,,female,34,admin clerk,4,2,,2,42224,"Suppose you want to call your mother for sharing an important update about your life when you are surrounded with people you are close to (e.g., friends, family members)at your home."
10/25/2018 15:45,10/25/2018 15:45,0,207.244.89.106,100,32,1,10/25/2018 15:45,R_28A4VlSd8xFEcUt,,,,,40.5171051,-74.39730072,anonymous,EN,2,,,,,,,,,,,,,,,,,,,,,,,,,,,,,,,,,,,,,,,,,,,,,,,,,,,,,,,,,,,,,,,,,,,,,,,,,,,,,,,,,,,,,,,,,,,,,,,,,,,,,,,,,,,,,,,,,,,,,,,,,,,,,,,,,,,,,,,,,,,,,,,,,,,,,,,,,,,,,,,,,,,,,,,,,,,,,,,,,,,,,,,,,,,,,,,,,,,,,,,,,,,,,,,,,,,31619,"<span lang=""EN-GB"">Suppose you want to browse the internet when you are at home with people you know (e.g., acquaintances, colleagues).<o:p></o:p></span>"
10/25/2018 15:47,10/25/2018 15:48,0,173.216.2.15,100,16,1,10/25/2018 15:48,R_1NFzz446Lkprjov,,,,,34.94569397,-92.03179932,anonymous,EN,"1,2",,,,,,,,,,,,,,,,,,,,,,,,,,,,,,,,,,,,,,,,,,,,,,,,,,,,,,,,,,,,,,,,,,,,,,,,,,,,,,,,,,,,,,,,,,,,,,,,,,,,,,,,,,,,,,,,,,,,,,,,,,,,,,,,,,,,,,,,,,,,,,,,,,,,,,,,,,,,,,,,,,,,,,,,,,,,,,,,,,,,,,,,,,,,,,,,,,,,,,,,,,,,,,,,,,,39482,"<span lang=""EN-GB"">Suppose you are at home with people you are close to (e.g., friends, family members) when you realize today is the last day to pay one of your bills online.<o:p></o:p></span>"
10/25/2018 15:41,10/25/2018 15:48,0,99.127.226.27,100,424,1,10/25/2018 15:48,R_2EGoYud8je4f57o,,,,,37.37640381,-122.0238037,anonymous,EN,"1,2,4",2,,1,,"2,3,4",,3,,3,,"2,3","1,2,3",,1,,"2,3","3,4",,2,,"2,3",,2,,"1,2,3",,"1,2",,4,,,,,,,,,,,,,,,,,,,,,,,,,,,,,,,,,,,,,,,,,,,,,,,,,,,,,,,,,,,,,,,,,,,,,,,,,,,,,,,,,,,,,,,,"2,5",,1,,1,,1,,2,,"2,3","1,2,3",,1,,"1,2",,3,,"2,3,4",,2,,"3,4",,"1,2,3",,2,,,,,,,,,,,,,,,,,,,,,,,,,,,,,,,,,,,,,,,,,,,,,,,,,,,,,,,,,,,,,,,,,,,77691,"<span lang=""EN-GB"">Suppose you want to watch some video when you are alone in a park.<o:p></o:p></span>"
10/25/2018 15:33,10/25/2018 15:49,0,71.36.102.222,100,956,1,10/25/2018 15:49,R_1Qgdrl9tQK4h66C,,,,,45.47619629,-122.5596008,anonymous,EN,"2,3,4",2,,1,,"1,2,3",,3,,1,,"1,2,3","1,2",,"1,2",,1,"1,3",,"1,2",,"2,3",,"1,2",,"1,3",,4,,,,,,,,,,,,,,,,,,,,,,,,,,,,,,,,,,,,,,,,,,,,,,,,,,,,,,,,,,,,,,,,,,,,,,,,,,,,,,,,,,,,,,,,,,,,,,,,,,,,,,,,,,,,,,,,,,,,,,,,,,,,,,,,,,,,,,,,,,,,,,,,,,,,,,,,,,,,,,,,,,,,,,,,,,,,,,,,,,,,,,,,92460,"<span style=""color: rgb(0, 0, 0); font-family: Times; font-size: medium;"">Suppose you want to watch some video when you are with people you know (e.g., acquaintances, colleagues) at Starbucks</span>"
10/25/2018 15:36,10/25/2018 15:49,0,71.225.107.23,100,764,1,10/25/2018 15:49,R_6WHeQrBs2NyZClr,,,,,40.04260254,-75.48269653,anonymous,EN,"1,2,4,5",4,,5,,"1,2,3",,1,,1,,3,5,,5,,4,"3,4",,"2,3",,6,,"2,3",,5,,4,,,,,,,,,,,,,,,,,,,,,,,,,,,,,,,,,,,,,,,,,,,,,,,,,,,,,,,,,,,,,,,,,,,,,,,,,,,,,,,,,,,,,,,,,,,,,,,,,,,,,,,,,,,,,,,,,,,,,,,,,,,,,,,,,,,,,,,,,,,,,,,,,,,,,,,,,,,,,,,,,,,,,,,,,,,,,,,,,,,,,,,,82610,"<span lang=""EN-GB"">Suppose you want to a send a text message when you are alone at a street.<o:p></o:p></span>"
10/25/2018 15:41,10/25/2018 15:51,0,73.246.14.11,100,614,1,10/25/2018 15:51,R_2uDt1JLoTCRrzRv,,,,,42.36689758,-87.94519806,anonymous,EN,"1,2,3,4,6",2,,5,,"1,2",,1,,1,,2,1,,5,,2,6,,2,,3,,2,,5,,2,,2,,,,,,,,,,,,,,,,,,,,,,,,,,,,,,2,,5,,"2,3",,1,,1,,2,1,,5,,1,,6,,7,,2,,7,,1,,2,,,,,,,,,,,,,,,,,,,,,,,,,,,,,,,,,,,,,,,,,,,,,,,,,,,,,,,,,,,,,,,,,,,,,,,,,,,,,,,,,,,,,,,,,,,,,,,,,,,,,,,,,,,,,,,,,,,,,,,,,,,,,16902,"<span lang=""EN-GB"">Suppose you have planned to meet a friend next week and you want to put this on your calendar when you are surrounded with people you are close to (e.g., friends, family members) at your home.<strong><o:p></o:p></strong></span>"
10/25/2018 15:49,10/25/2018 15:56,0,75.118.6.234,100,428,1,10/25/2018 15:56,R_2WwinRDeS3P5R70,,,,,40.03219604,-83.13829803,anonymous,EN,"1,2,3,4,5",2,,5,,6,,1,,1,,4,1,,5,,3,6,,2,,6,,2,,1,,4,,,,,,,,,,,,,,,,,,,,,,,,,,,,,,,,,,,,,,,,,,,,,,,,,,,,,,,,,,,,,,,,,,,,,,,,,,,,,,,,,,,,,,,,,,,,,,,,,,,,,,,,,,,,,,,,,,,,,,,,,,,,,,,,,,,,,,,,,,,,,,,,,,,,,,,,,,,,,,,,,,,,,,,,,,,,,,,,,,,,,,,,39555,"<span lang=""EN-GB"">Suppose
     you are at starbucks and you realize today is the last day to pay one of
     your bills online.<o:p></o:p></span>"
10/25/2018 15:57,10/25/2018 15:58,0,173.244.44.23,100,75,1,10/25/2018 15:58,R_2dJTVn0SwDEUgqW,,,,,47.60620117,-122.3320999,anonymous,EN,"1,2",,,,,,,,,,,,,,,,,,,,,,,,,,,,,,,,,,,,,,,,,,,,,,,,,,,,,,,,,,,,,,,,,,,,,,,,,,,,,,,,,,,,,,,,,,,,,,,,,,,,,,,,,,,,,,,,,,,,,,,,,,,,,,,,,,,,,,,,,,,,,,,,,,,,,,,,,,,,,,,,,,,,,,,,,,,,,,,,,,,,,,,,,,,,,,,,,,,,,,,,,,,,,,,,,,,2012,"Suppose you want to purchase something online when
     you are with people you know (e.g., acquaintances,
     colleagues) at a park.<o:p></o:p>"
10/25/2018 15:56,10/25/2018 15:59,0,70.44.106.168,100,180,1,10/25/2018 15:59,R_2P5Lyb0VjGQjBUs,,,,,40.15449524,-76.80190277,anonymous,EN,"1,2,3,4,5,6","2,3,5",,1,,1,,1,,1,,3,2,,1,,3,3,,3,,3,,2,,3,,2,,,,,,,,,,,,,,,,,,,,,,,,,,,,,,,,,,,,,,,,,,,,,,,,,,,,,,,,,,,,,,,,,,,,,,,,,,,,,,,,,,,,,,,,,,,,,,,,,,,,,,,,,,,,,,,,,,,,,,,,,,,,,,,,,,,,,,,,,,,,,,,,,,,,,,,,,,,,,,,,,,,,,,,,,,,,,,,,,,,,,,,,84705,"<span lang=""EN-GB"">Suppose you want to take a click a photo when you are with your close friends&nbsp;</span>and family members at Starbucks"
10/25/2018 16:01,10/25/2018 16:09,0,174.109.68.77,100,498,1,10/25/2018 16:09,R_3HZkI2atd7AVSDB,,,,,36.02180481,-78.94779968,anonymous,EN,"1,2,3,4","2,4",,1,,"1,3",,1,,1,,3,"1,2",,5,,3,"2,3",,2,,3,,2,,"1,3",,4,,2,,,,,,,,,,,,,,,,,,,,,,,,,,,,,,"2,5",,1,,"1,2",,1,,"2,3",,1,2,,5,,5,,6,,3,,2,,7,,1,,4,,,,,,,,,,,,,,,,,,,,,,,,,,,,,,,,,,,,,,,,,,,,,,,,,,,,,,,,,,,,,,,,,,,,,,,,,,,,,,,,,,,,,,,,,,,,,,,,,,,,,,,,,,,,,,,,,,,,,,,,,,,,,98367,"<span lang=""EN-GB"">Suppose
     you want to a send an email when you are surrounded by people you know
     (e.g., acquaintances, colleagues) your home.<o:p></o:p></span>"
10/25/2018 16:02,10/25/2018 16:12,0,170.213.3.78,100,547,1,10/25/2018 16:12,R_2P6defCjhDtsaNa,,,,,32.79580688,-117.0707016,anonymous,EN,"1,2,4","1,5",,1,,1,,1,,1,,2,1,,2,,2,1,,3,,2,,3,,1,,2,,2,,,,,,,,,,,,,,,,,,,,,,,,,,,,,,2,,1,,1,,1,,2,,1,3,,2,,2,,4,,2,,2,,2,,1,,1,,,,,,,,,,,,,,,,,,,,,,,,,,,,,,,,,,,,,,,,,,,,,,,,,,,,,,,,,,,,,,,,,,,,,,,,,,,,,,,,,,,,,,,,,,,,,,,,,,,,,,,,,,,,,,,,,,,,,,Female,44,Educator,6,1,,2,97695,"<span lang=""EN-GB"">Suppose
     you want to set up a reminder when you with people you know (e.g.,
     acquaintances, colleagues) at a park.<o:p></o:p></span>"
10/18/2018 16:13,10/18/2018 16:13,0,198.178.167.12,78,20,0,10/25/2018 16:13,R_DuEKKZykaog6LOV,,,,,,,anonymous,EN,"1,2,3",,,,,,,,,,,,,,,,,,,,,,,,,,,,,,,,,,,,,,,,,,,,,,,,,,,,,,,,,,,,,,,,,,,,,,,,,,,,,,,,,,,,,,,,,,,,,,,,,,,,,,,,,,,,,,,,,,,,,,,,,,,,,,,,,,,,,,,,,,,,,,,,,,,,,,,,,,,,,,,,,,,,,,,,,,,,,,,,,,,,,,,,,,,,,,,,,,,,,,,,,,,,,,,,,,,56976,"<span lang=""EN-GB"">Suppose you are at home with people you are close to (e.g., friends, family members) when you realize today is the last day to pay one of your bills online.<o:p></o:p></span>"
10/25/2018 16:28,10/25/2018 16:29,0,174.85.234.72,100,66,1,10/25/2018 16:29,R_r0yL6rYUUBw4h7H,,,,,34.54840088,-87.00039673,anonymous,EN,"1,2",,,,,,,,,,,,,,,,,,,,,,,,,,,,,,,,,,,,,,,,,,,,,,,,,,,,,,,,,,,,,,,,,,,,,,,,,,,,,,,,,,,,,,,,,,,,,,,,,,,,,,,,,,,,,,,,,,,,,,,,,,,,,,,,,,,,,,,,,,,,,,,,,,,,,,,,,,,,,,,,,,,,,,,,,,,,,,,,,,,,,,,,,,,,,,,,,,,,,,,,,,,,,,,,,,,3898,"<span lang=""EN-GB"">Suppose you want to call your mother for sharing an important
     update about your life when you are surrounded by people you know (e.g.,
     acquaintances, colleagues) at your home.<o:p></o:p></span>"
10/25/2018 16:27,10/25/2018 16:31,0,162.17.194.137,100,229,1,10/25/2018 16:31,R_vGNNM3OII9QdINr,,,,,39.10769653,-76.87200165,anonymous,EN,"2,3,4","2,4,5",,1,,"1,2,3",,1,,1,,1,"1,2,3",,"1,2,3",,2,"1,2",,"1,2,3",,"1,3,4",,"1,2",,"1,2,3",,2,,,,,,,,,,,,,,,,,,,,,,,,,,,,,,,,,,,,,,,,,,,,,,,,,,,,,,,,,,,,,,,,,,,,,,,,,,,,,,,,,,,,,,,,,,,,,,,,,,,,,,,,,,,,,,,,,,,,,,,,,,,,,,,,,,,,,,,,,,,,,,,,,,,,,,,,,,,,,,,,,,,,,,,,,,,,,,,,,,,,,,,,59730,"<span lang=""EN-GB"">Suppose you are alone and relaxing at home, you have just read a new book that&nbsp;</span>you loved and now you want a write a review for your close family and friends."
10/25/2018 16:38,10/25/2018 16:38,0,204.210.213.184,100,35,1,10/25/2018 16:38,R_3EcCgB5wTvSNsbL,,,,,42.12649536,-80.06400299,anonymous,EN,"1,2,3,4",1,,3,,3,,1,,3,,4,2,,3,,2,3,,1,,3,,1,,3,,2,,,,,,,,,,,,,,,,,,,,,,,,,,,,,,,,,,,,,,,,,,,,,,,,,,,,,,,,,,,,,,,,,,,,,,,,,,,,,,,,,,,,,,,,,,,,,,,,,,,,,,,,,,,,,,,,,,,,,,,,,,,,,,,,,,,,,,,,,,,,,,,,,,,,,,,,,,,,,,,,,,,,,,,,,,,,,,,,,,,,,,,,11502,"<span lang=""EN-GB"">Suppose
     you want to read a digital document when you are alone at home.<strong><o:p></o:p></strong></span>"
10/18/2018 16:26,10/18/2018 16:40,0,108.195.46.75,88,840,0,10/25/2018 16:40,R_3PoEoVUJ92xy3fS,,,,,,,anonymous,EN,"1,2,3,4,5","1,2,4",,"1,2,3",,"1,2,3,4",,1,,"1,3",,3,3,,"1,2,3",,"1,2,3","1,2,3",,"1,2,3",,6,,"1,2",,"1,2,3",,"1,2",,"2,4",,,,,,,,,,,,,,,,,,,,,,,,,,,,,,"2,5",,3,,"1,2",,1,,"3,4",,"2,3","2,3",,"2,3",,"2,3",,"2,3",,"3,4",,1,,"3,4",,"2,3",,"1,2",,,,,,,,,,,,,,,,,,,,,,,,,,,,,,,,,,,,,,,,,,,,,,,,,,,,,,,,,,,,,,,,,,,,,,,,,,,,,,,,,,,,,,,,,,,,,,,,,,,,,,,,,,,,,,,,,,,,,,,,,,,,,49934,"<span lang=""EN-GB"">Suppose
     you want to listen to some audio when you are with people you know (e.g.,
     acquaintances, colleagues) in a park.<o:p></o:p></span>


<p><span lang=""EN-GB"" style=""color:red"">&nbsp;</span></p>"
10/25/2018 16:34,10/25/2018 16:42,0,67.131.108.164,100,471,1,10/25/2018 16:42,R_3FX0przDMOhhLSL,,,,,44.96090698,-93.2641983,anonymous,EN,"1,2,4","3,4",,"1,3",,"1,2,3",,1,,1,,"1,2","1,2,3",,1,,2,"2,3,4",,"1,2",,"1,3,4",,2,,"1,2,3",,"1,2",,,,,,,,,,,,,,,,,,,,,,,,,,,,,,,,,,,,,,,,,,,,,,,,,,,,,,,,,,,,,,,,,,,,,,,,,,,,,,,,,,,,,,,,,,,,,,,,,,,,,,,,,,,,,,,,,,,,,,,,,,,,,,,,,,,,,,,,,,,,,,,,,,,,,,,,,,,,,,,,,,,,,,,,,,,,,,,,,,,,,,,,59176,"<span lang=""EN-GB"">Suppose
     you want to watch some video when you are with your close friends in a
     park.<o:p></o:p></span>"
10/25/2018 16:39,10/25/2018 16:42,0,173.27.16.41,100,172,1,10/25/2018 16:42,R_7X1geX9Sws1YLoB,,,,,41.55090332,-90.49420166,anonymous,EN,"1,2,3,4,5,6","1,2",,1,,1,,1,,1,,2,"1,2",,5,,4,1,,2,,7,,2,,"1,2",,2,,,,,,,,,,,,,,,,,,,,,,,,,,,,,,,,,,,,,,,,,,,,,,,,,,,,,,,,,,,,,,,,,,,,,,,,,,,,,,,,,,,,,,,,,,,,,,,,,,,,,,,,,,,,,,,,,,,,,,,,,,,,,,,,,,,,,,,,,,,,,,,,,,,,,,,,,,,,,,,,,,,,,,,,,,,,,,,,,,,,,,,,46704,"<span lang=""EN-GB"">Suppose
     you want&nbsp; to a send a text message
     when you are walking with a very close friend on a street<o:p></o:p></span>"
10/25/2018 16:32,10/25/2018 16:42,0,34.224.88.99,100,602,1,10/25/2018 16:42,R_3EmN9jGkCQc6qWm,,,,,39.0480957,-77.47280121,anonymous,EN,"1,2,3,4,5,6",5,,5,,2,,1,,4,,3,5,,5,,4,2,,5,,1,,2,,1,,4,,,,,,,,,,,,,,,,,,,,,,,,,,,,,,,,,,,,,,,,,,,,,,,,,,,,,,,,,,,,,,,,,,,,,,,,,,,,,,,,,,,,,,,,,,,,,,,,,,,,,,,,,,,,,,,,,,,,,,,,,,,,,,,,,,,,,,,,,,,,,,,,,,,,,,,,,,,,,,,,,,,,,,,,,,,,,,,,,,,,,,,,7410,"<span lang=""EN-GB"">Suppose you want to call your mother for sharing an important
     update about your life&nbsp; when you
     with people you know (e.g., acquaintances, colleagues) at a park<o:p></o:p></span>"
10/25/2018 16:42,10/25/2018 16:43,0,108.41.132.192,100,40,1,10/25/2018 16:43,R_30o4slFaYlM2rW8,,,,,40.87019348,-73.84950256,anonymous,EN,"2,4",,,,,,,,,,,,,,,,,,,,,,,,,,,,,,,,,,,,,,,,,,,,,,,,,,,,,,,,,,,,,,,,,,,,,,,,,,,,,,,,,,,,,,,,,,,,,,,,,,,,,,,,,,,,,,,,,,,,,,,,,,,,,,,,,,,,,,,,,,,,,,,,,,,,,,,,,,,,,,,,,,,,,,,,,,,,,,,,,,,,,,,,,,,,,,,,,,,,,,,,,,,,,,,,,,,42652,"<span lang=""EN-GB"">Suppose
     you want to find a route to home when you are at Starbucks with your close
     friends.<o:p></o:p></span>"
10/25/2018 16:21,10/25/2018 16:44,0,190.87.57.238,100,1378,1,10/25/2018 16:44,R_qzvly9anIGyTX3j,,,,,13.70860291,-89.20310211,anonymous,EN,"1,2,3,4,5,6",1,,3,,1,,3,,1,,2,1,,2,,2,3,,1,,4,,1,,3,,2,,2,,,,,,,,,,,,,,,,,,,,,,,,,,,,,,4,,2,,1,,3,,1,,2,3,,3,,2,,4,,3,,2,,3,,3,,2,,,,,,,,,,,,,,,,,,,,,,,,,,,,,,,,,,,,,,,,,,,,,,,,,,,,,,,,,,,,,,,,,,,,,,,,,,,,,,,,,,,,,,,,,,,,,,,,,,,,,,,,,,,,,,,,,,,,,,,,,,,,,38887,"<span lang=""EN-GB"">Suppose you want to set up a reminder when you are at a park with close friends.<o:p></o:p></span>"
10/25/2018 16:46,10/25/2018 16:49,0,24.192.45.208,100,196,1,10/25/2018 16:49,R_1LhSviowxB27J5Q,,,,,37.95910645,-87.52929688,anonymous,EN,"1,2,3,4,6","2,4,5",,1,,"1,2,3",,1,,1,,"2,3","1,2,3",,"1,2,3",,3,"1,2,3",,"1,2",,"1,2,3,4",,"1,2",,"1,2,3",,"1,2",,,,,,,,,,,,,,,,,,,,,,,,,,,,,,,,,,,,,,,,,,,,,,,,,,,,,,,,,,,,,,,,,,,,,,,,,,,,,,,,,,,,,,,,,,,,,,,,,,,,,,,,,,,,,,,,,,,,,,,,,,,,,,,,,,,,,,,,,,,,,,,,,,,,,,,,,,,,,,,,,,,,,,,,,,,,,,,,,,,,,,,,13629,"<span lang=""EN-GB"">Suppose
     you want to purchase something (e.g., book, household items) online when
     you are with your close friends at a park.<o:p></o:p></span>"
10/25/2018 16:59,10/25/2018 17:02,0,76.188.135.164,100,196,1,10/25/2018 17:02,R_bsl1kraNUwzH105,,,,,40.76229858,-82.52539825,anonymous,EN,"1,2,4,5",5,,1,,1,,1,,1,,1,"1,2",,1,,1,6,,1,,1,,1,,1,,4,,2,,,,,,,,,,,,,,,,,,,,,,,,,,,,,,7,,1,,1,,1,,1,,1,1,,5,,5,,6,,"1,3",,1,,1,,1,,4,,,,,,,,,,,,,,,,,,,,,,,,,,,,,,,,,,,,,,,,,,,,,,,,,,,,,,,,,,,,,,,,,,,,,,,,,,,,,,,,,,,,,,,,,,,,,,,,,,,,,,,,,,,,,,,,,,,,,,,,,,,,,70195,"<span lang=""EN-GB"" style=""font-size:11.0pt;line-height:115%;
font-family:&quot;Arial&quot;,sans-serif;mso-fareast-font-family:Arial;mso-ansi-language:
EN-GB;mso-fareast-language:EN-US;mso-bidi-language:AR-SA"">Suppose you want to a
send a text message when you are alone at Starbucks.</span>"
10/25/2018 17:05,10/25/2018 17:06,0,172.88.19.93,100,83,1,10/25/2018 17:06,R_3CWyN8FdhlkGvts,,,,,34.20069885,-118.5391006,anonymous,EN,"1,2,3,4",2,,5,,6,,3,,6,,4,1,,5,,4,6,,3,,3,,5,,5,,4,,,,,,,,,,,,,,,,,,,,,,,,,,,,,,,,,,,,,,,,,,,,,,,,,,,,,,,,,,,,,,,,,,,,,,,,,,,,,,,,,,,,,,,,,,,,,,,,,,,,,,,,,,,,,,,,,,,,,,,,,,,,,,,,,,,,,,,,,,,,,,,,,,,,,,,,,,,,,,,,,,,,,,,,,,,,,,,,,,,,,,,,99636,"<span lang=""EN-GB"" style=""font-size:11.0pt;line-height:115%;
font-family:&quot;Arial&quot;,sans-serif;mso-fareast-font-family:Arial;mso-ansi-language:
EN-GB;mso-fareast-language:EN-US;mso-bidi-language:AR-SA"">Suppose you want to
take a click a photo when you are at Starbucks.</span>"
10/25/2018 17:12,10/25/2018 17:12,0,136.61.79.158,100,12,1,10/25/2018 17:12,R_2wHUw78tTeHv8Q1,,,,,39.08369446,-94.58679962,anonymous,EN,"1,2",,,,,,,,,,,,,,,,,,,,,,,,,,,,,,,,,,,,,,,,,,,,,,,,,,,,,,,,,,,,,,,,,,,,,,,,,,,,,,,,,,,,,,,,,,,,,,,,,,,,,,,,,,,,,,,,,,,,,,,,,,,,,,,,,,,,,,,,,,,,,,,,,,,,,,,,,,,,,,,,,,,,,,,,,,,,,,,,,,,,,,,,,,,,,,,,,,,,,,,,,,,,,,,,,,,72504,"<span lang=""EN-GB"">Suppose you want to take a click a photo when you with </span><span lang=""EN-GB"">some people you know (e.g.,
     acquaintances, colleagues)</span><span lang=""EN-GB""> at home<o:p></o:p></span>"
10/25/2018 17:30,10/25/2018 17:30,0,12.179.165.179,100,29,1,10/25/2018 17:30,R_3m2gfiZKwiCYaiJ,,,,,31.31640625,-84.33670044,anonymous,EN,1,,,,,,,,,,,,,,,,,,,,,,,,,,,,,,,,,,,,,,,,,,,,,,,,,,,,,,,,,,,,,,,,,,,,,,,,,,,,,,,,,,,,,,,,,,,,,,,,,,,,,,,,,,,,,,,,,,,,,,,,,,,,,,,,,,,,,,,,,,,,,,,,,,,,,,,,,,,,,,,,,,,,,,,,,,,,,,,,,,,,,,,,,,,,,,,,,,,,,,,,,,,,,,,,,,,66369,"<span lang=""EN-GB"">Suppose
     you want to set up a reminder when you are alone at your home.<strong><o:p></o:p></strong></span>"
10/25/2018 17:28,10/25/2018 17:30,0,72.238.85.92,100,158,1,10/25/2018 17:30,R_Ub67q4P7LFiYSpr,,,,,28.59739685,-81.3035965,anonymous,EN,"1,2,4",1,,1,,1,,1,,1,,1,2,,1,,2,3,,2,,1,,2,,1,,2,,,,,,,,,,,,,,,,,,,,,,,,,,,,,,,,,,,,,,,,,,,,,,,,,,,,,,,,,,,,,,,,,,,,,,,,,,,,,,,,,,,,,,,,,,,,,,,,,,,,,,,,,,,,,,,,,,,,,,,,,,,,,,,,,,,,,,,,,,,,,,,,,,,,,,,,,,,,,,,,,,,,,,,,,,,,,,,,,,,,,,,,49830,"<span lang=""EN-GB"">Suppose
     you want to purchase something online when you are with your close friends
     at Starbucks.<o:p></o:p></span>"
10/25/2018 17:32,10/25/2018 17:33,0,194.59.251.109,100,11,1,10/25/2018 17:33,R_1LHVNqoeUoHOURa,,,,,40.79100037,-74.06340027,anonymous,EN,"1,4",,,,,,,,,,,,,,,,,,,,,,,,,,,,,,,,,,,,,,,,,,,,,,,,,,,,,,,,,,,,,,,,,,,,,,,,,,,,,,,,,,,,,,,,,,,,,,,,,,,,,,,,,,,,,,,,,,,,,,,,,,,,,,,,,,,,,,,,,,,,,,,,,,,,,,,,,,,,,,,,,,,,,,,,,,,,,,,,,,,,,,,,,,,,,,,,,,,,,,,,,,,,,,,,,,,53509,"<span lang=""EN-GB"">Suppose
     you want to a view a text message
     when you are walking with a very close friend on a street<o:p></o:p></span>"
10/25/2018 17:44,10/25/2018 17:45,0,199.115.114.228,100,83,1,10/25/2018 17:45,R_1dn4qjz9S6HlcDf,,,,,38.77009583,-77.63210297,anonymous,EN,1,,,,,,,,,,,,,,,,,,,,,,,,,,,,,,,,,,,,,,,,,,,,,,,,,,,,,,,,,,,,,,,,,,,,,,,,,,,,,,,,,,,,,,,,,,,,,,,,,,,,,,,,,,,,,,,,,,,,,,,,,,,,,,,,,,,,,,,,,,,,,,,,,,,,,,,,,,,,,,,,,,,,,,,,,,,,,,,,,,,,,,,,,,,,,,,,,,,,,,,,,,,,,,,,,,,78389,"<span lang=""EN-GB"">Suppose
     you want to watch some video when
     you are at home with people you are close to (e.g., friends, family
     members)<strong><o:p></o:p></strong></span>"
10/25/2018 17:40,10/25/2018 17:49,0,108.227.250.226,100,558,1,10/25/2018 17:49,R_SPMDeFTtTbw2MZb,,,,,34.68280029,-82.936203,anonymous,EN,"1,2,3,4",2,,1,,"1,2,3",,1,,"1,3",,"2,3","1,3",,"1,2",,"2,3","1,2,3",,1,,6,,"1,2",,"1,2",,2,,,,,,,,,,,,,,,,,,,,,,,,,,,,,,,,,,,,,,,,,,,,,,,,,,,,,,,,,,,,,,,,,,,,,,,,,,,,,,,,,,,,,,,,,,,,,,,,,,,,,,,,,,,,,,,,,,,,,,,,,,,,,,,,,,,,,,,,,,,,,,,,,,,,,,,,,,,,,,,,,,,,,,,,,,,,,,,,,,,,,,,,84173,"<span lang=""EN-GB"">Suppose you want to find a route to home while walking on a street with people you know (e.g., acquaintances, colleagues).<o:p></o:p></span>"
10/25/2018 17:56,10/25/2018 17:57,0,76.108.34.120,100,76,1,10/25/2018 17:57,R_2EtnlBaFVZ1VfY7,,,,,25.8934021,-80.17579651,anonymous,EN,"1,2,4,5,6","2,3,5",,"2,3",,"1,3",,1,,"1,4",,"2,3","2,3",,"2,3",,"2,3","2,4",,"2,3",,"2,3",,"1,3",,3,,4,,,,,,,,,,,,,,,,,,,,,,,,,,,,,,,,,,,,,,,,,,,,,,,,,,,,,,,,,,,,,,,,,,,,,,,,,,,,,,,,,,,,,,,,,,,,,,,,,,,,,,,,,,,,,,,,,,,,,,,,,,,,,,,,,,,,,,,,,,,,,,,,,,,,,,,,,,,,,,,,,,,,,,,,,,,,,,,,,,,,,,,,9700,"Suppose you want to purchase something (e.g., book,
     household items) online when you are with people
     you know (e.g., acquaintances, colleagues) at
     Starbucks.<o:p></o:p>"
10/25/2018 18:00,10/25/2018 18:04,0,143.59.53.170,100,220,1,10/25/2018 18:04,R_3pa1FOVWRHDC4QN,,,,,33.36959839,-84.81939697,anonymous,EN,"1,2,4",4,,1,,4,,1,,3,,4,3,,5,,3,4,,3,,"1,6",,3,,3,,2,,,,,,,,,,,,,,,,,,,,,,,,,,,,,,,,,,,,,,,,,,,,,,,,,,,,,,,,,,,,,,,,,,,,,,,,,,,,,,,,,,,,,,,,,,,,,,,,,,,,,,,,,,,,,,,,,,,,,,,,,,,,,,,,,,,,,,,,,,,,,,,,,,,,,,,,,,,,,,,,,,,,,,,,,,,,,,,,,,,,,,,,37731,
10/25/2018 17:48,10/25/2018 18:07,0,67.184.67.249,100,1104,1,10/25/2018 18:07,R_1JKIeStCxXcOkek,,,,,41.78619385,-88.08789825,anonymous,EN,"1,2,4,5,6","1,2",,"2,3",,"1,2,3,4",,1,,"1,4",,4,"1,2,3",,"2,3,4",Location and time (at park at noon vs at home at midnight),"1,3","1,2,3,4",,"1,2,3",,"1,3",,"2,3",,"1,2,3",,"1,2",,,,,,,,,,,,,,,,,,,,,,,,,,,,,,,,,,,,,,,,,,,,,,,,,,,,,,,,,,,,,,,,,,,,,,,,,,,,,,,,,,,,,,,,,,,,,,,,,,,,,,,,,,,,,,,,,,,,,,,,,,,,,,,,,,,,,,,,,,,,,,,,,,,,,,,,,,,,,,,,,,,,,,,,,,,,,,,,,,,,,,,,7373,"<span lang=""EN-GB"">Suppose
     you want to watch some video when you are with people you know (e.g.,
     acquaintances, colleagues) in a park.<o:p></o:p></span>"
10/25/2018 18:07,10/25/2018 18:09,0,98.162.224.36,100,151,1,10/25/2018 18:09,R_sAtZMo37bZr5QGZ,,,,,35.49769592,-97.7322998,anonymous,EN,"1,2,3,4,5,6",2,,1,,1,,1,,1,,1,2,,2,,1,2,,1,,1,,1,,1,,1,,4,,,,,,,,,,,,,,,,,,,,,,,,,,,,,,,,,,,,,,,,,,,,,,,,,,,,,,,,,,,,,,,,,,,,,,,,,,,,,,,,,,,,,,,,2,,2,,1,,1,,2,,2,3,,1,,1,,2,,3,,2,,3,,1,,1,,,,,,,,,,,,,,,,,,,,,,,,,,,,,,,,,,,,,,,,,,,,,,,,,,,,,,,,,,,,Female,33,Software and,5,1,,5,78597,"<span lang=""EN-GB"">Suppose you want to browse the internet when you are with people you know (e.g., acquaintances, colleagues) at a restaurant.<o:p></o:p></span>"
10/25/2018 18:07,10/25/2018 18:12,0,108.88.175.151,100,295,1,10/25/2018 18:12,R_W3s6G3nvponc6ad,,,,,42.53399658,-83.52850342,anonymous,EN,"2,3,4",4,,5,,2,,3,,1,,2,3,,5,,2,1,,1,,3,,1,,1,,4,,3,,,,,,,,,,,,,,,,,,,,,,,,,,,,,,,,,,,,,,,,,,,,,,,,,,,,,,,,,,,7,,5,,1,,3,,1,,2,2,,5,,2,,1,,3,,1,,3,,5,,4,,,,,,,,,,,,,,,,,,,,,,,,,,,,,,,,,,,,,,,,,,,,,,,,,,,,,,,,,,,,,,,,,,,,,,,,,,,,,,,,,,,,,,,,,,,,,,,,74492,"<span lang=""EN-GB"">Suppose
     you have planned to meet a friend next week and you want put this on your
     calendar when you are alone at home<strong><o:p></o:p></strong></span>"
10/25/2018 18:15,10/25/2018 18:15,0,104.231.99.74,100,30,1,10/25/2018 18:15,R_1n2BPRRmj4i098W,,,,,41.6894989,-81.34210205,anonymous,EN,"1,2",,,,,,,,,,,,,,,,,,,,,,,,,,,,,,,,,,,,,,,,,,,,,,,,,,,,,,,,,,,,,,,,,,,,,,,,,,,,,,,,,,,,,,,,,,,,,,,,,,,,,,,,,,,,,,,,,,,,,,,,,,,,,,,,,,,,,,,,,,,,,,,,,,,,,,,,,,,,,,,,,,,,,,,,,,,,,,,,,,,,,,,,,,,,,,,,,,,,,,,,,,,,,,,,,,,75594,"<span lang=""EN-GB"">Suppose you want to browse the internet when you are at home with people you are close to (e.g., friends, family members)<strong><o:p></o:p></strong></span>"
10/25/2018 18:17,10/25/2018 18:20,0,174.223.137.42,100,209,1,10/25/2018 18:20,R_BVqV2N5jNdj2FuV,,,,,32.47810364,-85.12400055,anonymous,EN,"1,2,3","1,2,3,4,5",,"1,2",,"1,2,3,4",,1,,"1,2,3",,"1,2","1,2,3",,"1,2,3",,"1,2,3","1,2,3,4",,"1,2,3",,"1,2,3,4",,"1,2,3",,"1,2,3",,"1,2",,,,,,,,,,,,,,,,,,,,,,,,,,,,,,,,,,,,,,,,,,,,,,,,,,,,,,,,,,,,,,,,,,,,,,,,,,,,,,,,,,,,,,,,,,,,,,,,,,,,,,,,,,,,,,,,,,,,,,,,,,,,,,,,,,,,,,,,,,,,,,,,,,,,,,,,,,,,,,,,,,,,,,,,,,,,,,,,,,,,,,,,28736,"<span lang=""EN-GB"">Suppose you want to browse internet when you are with your close friends at a restaurant.<o:p></o:p></span>"
10/25/2018 18:23,10/25/2018 18:23,0,107.77.227.52,100,32,1,10/25/2018 18:23,R_2rU6QlwWhyjgDxH,,,,,34.06370544,-118.4407959,anonymous,EN,2,,,,,,,,,,,,,,,,,,,,,,,,,,,,,,,,,,,,,,,,,,,,,,,,,,,,,,,,,,,,,,,,,,,,,,,,,,,,,,,,,,,,,,,,,,,,,,,,,,,,,,,,,,,,,,,,,,,,,,,,,,,,,,,,,,,,,,,,,,,,,,,,,,,,,,,,,,,,,,,,,,,,,,,,,,,,,,,,,,,,,,,,,,,,,,,,,,,,,,,,,,,,,,,,,,,95525,"<span lang=""EN-GB"">Suppose you want to browse the internet when you are at home with people you know (e.g., acquaintances, colleagues).<o:p></o:p></span>"
10/25/2018 18:35,10/25/2018 18:38,0,47.152.188.51,100,168,1,10/25/2018 18:38,R_2Xhw3Ouam60skK8,,,,,33.88969421,-117.3042984,anonymous,EN,"1,2,3,4,6","1,2",,"1,2,3",,"1,2,3,4",,3,,1,,"1,3","1,2,3",,"1,2,3",,"1,2","1,2,3,4",,"1,2,3",,"1,2,3,4",,"1,2,3",,"1,2,3",,"1,2",,,,,,,,,,,,,,,,,,,,,,,,,,,,,,,,,,,,,,,,,,,,,,,,,,,,,,,,,,,,,,,,,,,,,,,,,,,,,,,,,,,,,,,,,,,,,,,,,,,,,,,,,,,,,,,,,,,,,,,,,,,,,,,,,,,,,,,,,,,,,,,,,,,,,,,,,,,,,,,,,,,,,,,,,,,,,,,,,,,,,,,,38043,"<span lang=""EN-GB"">Suppose you want to control some devices/appliances (e.g., smart lights) when you are at home with people you are close to (e.g., friends, family members)<strong><o:p></o:p></strong></span>"
10/25/2018 18:23,10/25/2018 18:38,0,172.75.176.90,100,951,1,10/25/2018 18:38,R_2Qt70zMMKOZVXcD,,,,,33.99499512,-81.08879852,anonymous,EN,"1,2,3,4","2,4",,1,,"1,2,3",,1,,1,,"2,3","1,2,3",,"2,3",,"2,3",2,,"1,2",,6,,"1,2",,1,,"1,2",,"1,2",4,,1,,"1,2,3",,1,,1,,"2,3","1,2,3",,"2,3",,"2,3",,"1,2",,"3,4",,2,,"3,4",,1,,"1,2",,2,,1,,"1,2,3",,1,,1,,1,"1,2,3",,2,,2,,"1,2",,"1,3,4",,"1,2",,"1,3,4",,1,,"1,2",,,,,,,,,,,,,,,,,,,,,,,,,,,,,,,,,,,,,,,,,,,,,,,,,,,,,,,,,,,,,,,,,,,,,,,,,,,,,,,,,,,,,,,,,,,,,,,,,,,,,,,,,,,,,,,,,,,,,,female,48,supervisor,3,1,,2,5153,"<span lang=""EN-GB"">Suppose
     you want to listen to some audio when you are with people you know (e.g.,
     acquaintances, colleagues) at your home.<o:p></o:p></span>"
10/25/2018 18:46,10/25/2018 18:47,0,173.17.236.138,100,97,1,10/25/2018 18:47,R_2dhY413vV4evRZe,,,,,42.47779846,-92.3660965,anonymous,EN,"1,2,3,4,6",2,,5,,6,,3,,1,,4,5,,3,,4,6,,"2,3",,"2,3",,1,,5,,"1,2",,,,,,,,,,,,,,,,,,,,,,,,,,,,,,,,,,,,,,,,,,,,,,,,,,,,,,,,,,,,,,,,,,,,,,,,,,,,,,,,,,,,,,,,,,,,,,,,,,,,,,,,,,,,,,,,,,,,,,,,,,,,,,,,,,,,,,,,,,,,,,,,,,,,,,,,,,,,,,,,,,,,,,,,,,,,,,,,,,,,,,,,85204,"<span lang=""EN-GB"">Suppose
     you want to take a click a photo when you are alone at home.<o:p></o:p></span>"
10/25/2018 18:49,10/25/2018 18:50,0,75.90.132.154,100,44,1,10/25/2018 18:50,R_1ruJfIhkbc03uMR,,,,,31.32080078,-95.39279938,anonymous,EN,1,,,,,,,,,,,,,,,,,,,,,,,,,,,,,,,,,,,,,,,,,,,,,,,,,,,,,,,,,,,,,,,,,,,,,,,,,,,,,,,,,,,,,,,,,,,,,,,,,,,,,,,,,,,,,,,,,,,,,,,,,,,,,,,,,,,,,,,,,,,,,,,,,,,,,,,,,,,,,,,,,,,,,,,,,,,,,,,,,,,,,,,,,,,,,,,,,,,,,,,,,,,,,,,,,,,86861,"<span lang=""EN-GB"">Suppose
     you are at a park and you realize today is the last day to pay one of your
     bills online.<o:p></o:p></span>"
10/25/2018 18:46,10/25/2018 18:52,0,73.143.57.179,100,381,1,10/25/2018 18:52,R_29bk7VsVMmGA6Qy,,,,,41.49200439,-73.04930115,anonymous,EN,"1,2,4",2,,2,,2,,1,,1,,4,2,,1,,1,3,,3,,2,,2,,"1,2",,"1,2",,,,,,,,,,,,,,,,,,,,,,,,,,,,,,,,,,,,,,,,,,,,,,,,,,,,,,,,,,,,,,,,,,,,,,,,,,,,,,,,,,,,,,,,,,,,,,,,,,,,,,,,,,,,,,,,,,,,,,,,,,,,,,,,,,,,,,,,,,,,,,,,,,,,,,,,,,,,,,,,,,,,,,,,,,,,,,,,,,,,,,,,52464,"<span lang=""EN-GB"">Suppose
     you want to find a route to home when you are at Starbucks with people you
     know (e.g., acquaintances, colleagues).<o:p></o:p></span>"
10/25/2018 18:56,10/25/2018 18:57,0,149.101.1.117,100,45,1,10/25/2018 18:57,R_1cU1YUaE1A05LH1,,,,,38.89509583,-77.03639984,anonymous,EN,2,,,,,,,,,,,,,,,,,,,,,,,,,,,,,,,,,,,,,,,,,,,,,,,,,,,,,,,,,,,,,,,,,,,,,,,,,,,,,,,,,,,,,,,,,,,,,,,,,,,,,,,,,,,,,,,,,,,,,,,,,,,,,,,,,,,,,,,,,,,,,,,,,,,,,,,,,,,,,,,,,,,,,,,,,,,,,,,,,,,,,,,,,,,,,,,,,,,,,,,,,,,,,,,,,,,69468,"<span lang=""EN-GB"">Suppose you want to browse the internet when you are with your close friends at a park.<o:p></o:p></span>"
10/25/2018 18:52,10/25/2018 18:57,0,75.86.105.126,100,316,1,10/25/2018 18:57,R_3NVWEhJ10pjXzti,,,,,42.71609497,-87.82330322,anonymous,EN,"1,2,3,4","1,2",,1,,"1,2,3",,1,,"1,3",,"1,2","1,2,3",,"2,3",,1,"1,3",,"1,2,3",,"1,3,4",,"1,2,3",,"1,3",,1,,,,,,,,,,,,,,,,,,,,,,,,,,,,,,,,,,,,,,,,,,,,,,,,,,,,,,,,,,,,,,,,,,,,,,,,,,,,,,,,,,,,,,,,,,,,,,,,,,,,,,,,,,,,,,,,,,,,,,,,,,,,,,,,,,,,,,,,,,,,,,,,,,,,,,,,,,,,,,,,,,,,,,,,,,,,,,,,,,,,,,,,54863,"<span lang=""EN-GB"">Suppose
     you want to take a click a photo when you are with people you are close to
     (e.g., friends, family members) at home<o:p></o:p></span>"
10/25/2018 18:58,10/25/2018 19:00,0,159.83.4.4,100,146,1,10/25/2018 19:00,R_2QuFFYQ7bccKHje,,,,,34.05340576,-118.1271057,anonymous,EN,"1,2,3,4,5,6","1,2,3,4",,"1,2",,"2,3,4",,1,,"1,2,3",,"1,2,3","1,2",,"1,2,3",,"1,2","1,2,3",,"1,2",,"1,2,3,4",,"1,2",,"1,2,3",,2,,,,,,,,,,,,,,,,,,,,,,,,,,,,,,,,,,,,,,,,,,,,,,,,,,,,,,,,,,,,,,,,,,,,,,,,,,,,,,,,,,,,,,,,,,,,,,,,,,,,,,,,,,,,,,,,,,,,,,,,,,,,,,,,,,,,,,,,,,,,,,,,,,,,,,,,,,,,,,,,,,,,,,,,,,,,,,,,,,,,,,,,24855,"<span lang=""EN-GB"">Suppose
     you want to find a route to home when you are at Starbucks with your close
     friends.<o:p></o:p></span>"
10/25/2018 19:01,10/25/2018 19:01,0,159.83.4.4,100,27,1,10/25/2018 19:01,R_VOLJPHHCoDWzjH3,,,,,34.05340576,-118.1271057,anonymous,EN,"2,4,5,6",1,,1,,3,,1,,2,,2,3,,3,,2,2,,1,,3,,2,,3,,1,,,,,,,,,,,,,,,,,,,,,,,,,,,,,,,,,,,,,,,,,,,,,,,,,,,,,,,,,,,,,,,,,,,,,,,,,,,,,,,,,,,,,,,,,,,,,,,,,,,,,,,,,,,,,,,,,,,,,,,,,,,,,,,,,,,,,,,,,,,,,,,,,,,,,,,,,,,,,,,,,,,,,,,,,,,,,,,,,,,,,,,,29353,"<span lang=""EN-GB"">Suppose
     you want to purchase something online when you are with people you know
     (e.g., acquaintances, colleagues) at your home.<o:p></o:p></span>"
10/25/2018 19:03,10/25/2018 19:04,0,75.187.87.55,100,60,1,10/25/2018 19:04,R_xhgZsk4D7E8upxL,,,,,40.1065979,-83.76709747,anonymous,EN,"2,3",,,,,,,,,,,,,,,,,,,,,,,,,,,,,,,,,,,,,,,,,,,,,,,,,,,,,,,,,,,,,,,,,,,,,,,,,,,,,,,,,,,,,,,,,,,,,,,,,,,,,,,,,,,,,,,,,,,,,,,,,,,,,,,,,,,,,,,,,,,,,,,,,,,,,,,,,,,,,,,,,,,,,,,,,,,,,,,,,,,,,,,,,,,,,,,,,,,,,,,,,,,,,,,,,,,21651,"<span lang=""EN-GB"">Suppose you are alone and relaxing at home, you have just read a new book that&nbsp;</span>you loved and now you want a write a review for your close family and friends."
10/25/2018 19:04,10/25/2018 19:07,0,69.244.154.84,100,211,1,10/25/2018 19:07,R_3RrPZkPWjJf1z5e,,,,,42.76049805,-83.40399933,anonymous,EN,"1,2,3,4,5",2,,1,,"1,2,3,4",,1,,"1,2,3",,3,"1,2,3",,"1,2,3",,2,2,,"1,2",,"1,2,3,4",,"1,2",,"1,2,3",,"1,2",,,,,,,,,,,,,,,,,,,,,,,,,,,,,,,,,,,,,,,,,,,,,,,,,,,,,,,,,,,,,,,,,,,,,,,,,,,,,,,,,,,,,,,,,,,,,,,,,,,,,,,,,,,,,,,,,,,,,,,,,,,,,,,,,,,,,,,,,,,,,,,,,,,,,,,,,,,,,,,,,,,,,,,,,,,,,,,,,,,,,,,,42688,"Suppose you want to check your social media status
     when you are at Starbucks.<o:p></o:p>"
10/25/2018 18:58,10/25/2018 19:08,0,47.156.7.6,100,600,1,10/25/2018 19:08,R_plSJ8JfY640uHvz,,,,,34.209198,-118.8739014,anonymous,EN,"1,2,3","2,5",,1,,"1,2",,1,,1,,4,5,,2,,4,6,,"1,2",,3,,"1,2,3",,"1,2,3",,4,,,,,,,,,,,,,,,,,,,,,,,,,,,,,,,,,,,,,,,,,,,,,,,,,,,,,,,,,,,,,,,,,,,,,,,,,,,,,,,,,,,,,,,,,,,,,,,,,,,,,,,,,,,,,,,,,,,,,,,,,,,,,,,,,,,,,,,,,,,,,,,,,,,,,,,,,,,,,,,,,,,,,,,,,,,,,,,,,,,,,,,,84846,"<span lang=""EN-GB"">Suppose you want to read a digital document when you are in a park with people you know (e.g., acquaintances, colleagues).<o:p></o:p></span>"
10/25/2018 19:13,10/25/2018 19:17,0,67.191.210.46,100,198,1,10/25/2018 19:17,R_248bOYcd2E3SIb6,,,,,33.55310059,-84.40029907,anonymous,EN,"2,4,5,6","1,2,3",,2,,"1,2,3",,1,,"1,3",,"1,2,3","1,2,3",,"1,2,3",,"1,2,3","1,2,3",,"1,2",,"1,2",,"1,2",,1,,"1,2",,4,,,,,,,,,,,,,,,,,,,,,,,,,,,,,,,,,,,,,,,,,,,,,,,,,,,,,,,,,,,,,,,,,,,,,,,,,,,,,,,,,,,,,,,,"2,3",,"1,2,3",,"1,2,4",,1,,"1,3",,"1,2","1,2",,"1,2",,"1,2",,"1,2,3",,"1,2",,"1,2",,"1,2,3",,"1,2",,"1,2",,,,,,,,,,,,,,,,,,,,,,,,,,,,,,,,,,,,,,,,,,,,,,,,,,,,,,,,,,,,,,,,,,,32578,"<span lang=""EN-GB"">Suppose you want to read a digital document when you are at a park.<o:p></o:p></span>"
10/25/2018 19:17,10/25/2018 19:21,0,148.74.35.152,100,228,1,10/25/2018 19:21,R_O0y2b1caQSsFHoJ,,,,,41.32859802,-74.18849945,anonymous,EN,"1,2,4",5,,2,,1,,3,,4,,3,3,,5,,3,"2,3",,2,,4,,2,,3,,2,,2,,,,,,,,,,,,,,,,,,,,,,,,,,,,,,7,,3,,6,,3,,6,,4,5,,5,,5,,6,,3,,5,,4,,3,,4,,,,,,,,,,,,,,,,,,,,,,,,,,,,,,,,,,,,,,,,,,,,,,,,,,,,,,,,,,,,,,,,,,,,,,,,,,,,,,,,,,,,,,,,,,,,,,,,,,,,,,,,,,,,,,,,,,,,,,,,,,,,,60078,"<span lang=""EN-GB"">Suppose
     you want to read a digital document when you are at home with people you
     are close to (e.g., friends, family members).<strong><o:p></o:p></strong></span>"
10/25/2018 19:23,10/25/2018 19:31,0,73.14.56.171,100,452,1,10/25/2018 19:31,R_3pf0N2zp2Afhb6T,,,,,39.73269653,-104.9717026,anonymous,EN,"1,2,3","1,2",,1,,2,,1,,3,,2,"1,2",,1,,2,2,,"1,2",,"2,3",,"2,3",,1,,1,,,,,,,,,,,,,,,,,,,,,,,,,,,,,,,,,,,,,,,,,,,,,,,,,,,,,,,,,,,,,,,,,,,,,,,,,,,,,,,,,,,,,,,,,,,,,,,,,,,,,,,,,,,,,,,,,,,,,,,,,,,,,,,,,,,,,,,,,,,,,,,,,,,,,,,,,,,,,,,,,,,,,,,,,,,,,,,,,,,,,,,,80244,"<span lang=""EN-GB"">Suppose
     you want to a send a text message when you with people you know (e.g., acquaintances,
     colleagues) at a street<strong>.</strong><o:p></o:p></span>"
10/25/2018 19:30,10/25/2018 19:31,0,108.56.192.241,100,30,1,10/25/2018 19:31,R_3et76B9UuHHzyZs,,,,,38.89349365,-77.25319672,anonymous,EN,3,,,,,,,,,,,,,,,,,,,,,,,,,,,,,,,,,,,,,,,,,,,,,,,,,,,,,,,,,,,,,,,,,,,,,,,,,,,,,,,,,,,,,,,,,,,,,,,,,,,,,,,,,,,,,,,,,,,,,,,,,,,,,,,,,,,,,,,,,,,,,,,,,,,,,,,,,,,,,,,,,,,,,,,,,,,,,,,,,,,,,,,,,,,,,,,,,,,,,,,,,,,,,,,,,,,92885,"<span lang=""EN-GB"">Suppose
     you want to a send a text message when you are surrounded by people you
     know (e.g., acquaintances, colleagues) at a restaurant.<o:p></o:p></span>"
10/25/2018 19:30,10/25/2018 19:32,0,68.228.240.204,100,127,1,10/25/2018 19:32,R_2adH24vP5hLmARr,,,,,32.21380615,-110.8239975,anonymous,EN,"1,2,3","2,3,4",,1,,"1,2,3",,1,,3,,"2,3","1,2,3",,3,,2,"2,3",,2,,"1,3",,2,,"1,2",,"1,2",,,,,,,,,,,,,,,,,,,,,,,,,,,,,,,,,,,,,,,,,,,,,,,,,,,,,,,,,,,,,,,,,,,,,,,,,,,,,,,,,,,,,,,,,,,,,,,,,,,,,,,,,,,,,,,,,,,,,,,,,,,,,,,,,,,,,,,,,,,,,,,,,,,,,,,,,,,,,,,,,,,,,,,,,,,,,,,,,,,,,,,,4391,"<span lang=""EN-GB"">Suppose you want to set up a reminder about something when you are at Starbucks with close friends.<o:p></o:p></span>"
10/25/2018 19:33,10/25/2018 19:33,0,108.223.156.239,100,55,1,10/25/2018 19:34,R_Bs4lA1QbSGlZIY1,,,,,35.24609375,-89.0007019,anonymous,EN,2,,,,,,,,,,,,,,,,,,,,,,,,,,,,,,,,,,,,,,,,,,,,,,,,,,,,,,,,,,,,,,,,,,,,,,,,,,,,,,,,,,,,,,,,,,,,,,,,,,,,,,,,,,,,,,,,,,,,,,,,,,,,,,,,,,,,,,,,,,,,,,,,,,,,,,,,,,,,,,,,,,,,,,,,,,,,,,,,,,,,,,,,,,,,,,,,,,,,,,,,,,,,,,,,,,,59170,"<span lang=""EN-GB"">Suppose you are at a park, you have just read a book you loved and now you&nbsp;</span>want to write a review for it to share with people you are close to (e.g., friends, family members)"
10/25/2018 19:33,10/25/2018 19:35,0,97.93.106.105,100,79,1,10/25/2018 19:35,R_zchsBfR7Nm2crhn,,,,,34.19119263,-118.1391983,anonymous,EN,"1,2,4,6",3,,1,,3,,1,,1,,2,3,,3,,2,"1,3",,"1,3",,2,,"1,2",,"1,3",,"1,2",,,,,,,,,,,,,,,,,,,,,,,,,,,,,,,,,,,,,,,,,,,,,,,,,,,,,,,,,,,,,,,,,,,,,,,,,,,,,,,,,,,,,,,,,,,,,,,,,,,,,,,,,,,,,,,,,,,,,,,,,,,,,,,,,,,,,,,,,,,,,,,,,,,,,,,,,,,,,,,,,,,,,,,,,,,,,,,,,,,,,,,,41743,"<span lang=""EN-GB"">Suppose
     you want to watch some video when you are with your close friends in a
     park.<o:p></o:p></span>"
10/25/2018 19:35,10/25/2018 19:42,0,184.91.194.17,100,463,1,10/25/2018 19:42,R_2AMfybyEj8v264w,,,,,28.94549561,-80.89689636,anonymous,EN,"1,2,6",1,,2,,3,,1,,1,,2,1,,2,,2,2,,2,,2,,2,,3,,2,,2,,,,,,,,,,,,,,,,,,,,,,,,,,,,,,1,,2,,3,,1,,1,,2,3,,2,,2,,2,,3,,2,,3,,2,,2,,,,,,,,,,,,,,,,,,,,,,,,,,,,,,,,,,,,,,,,,,,,,,,,,,,,,,,,,,,,,,,,,,,,,,,,,,,,,,,,,,,,,,,,,,,,,,,,,,,,,,,,,,,,,,,,,,,,,,Male,73,Retired Military,5,1,,4,97792,"<span lang=""EN-GB"">Suppose
     you are at a park with your close friends and you realize today is the
     last day to pay one of your bills online.<o:p></o:p></span>"
10/25/2018 19:33,10/25/2018 19:45,0,107.133.117.253,100,730,1,10/25/2018 19:45,R_2xXdVwn4VGFXHFz,,,,,43.16020203,-88.1128006,anonymous,EN,"1,2,3,4,5,6",2,,1,,"2,3",,1,,1,,2,3,,1,,2,2,,1,,3,,1,,1,,2,,"2,3,5",,,,,,,,,,,,,,,,,,,,,,,,,,,,,,"1,2",,1,,1,,1,,2,,1,1,,2,,2,,2,,"3,4",,2,,"3,4",,"1,2",,4,,2,,1,,6,,3,,2,,1,3,,5,,5,,6,,7,,5,,3,,1,,1,,,,,,,,,,,,,,,,,,,,,,,,,,,,,,,1,,1,,6,,1,,2,,1,5,,1,,5,,6,,2,,5,,2,,5,,2,,,,,,,,,,,,,,,,,,,,,,,,,,,,,,,,,,,,,,88145,"<span lang=""EN-GB"">Suppose
     you want to listen to some audio when you are alone at your home.<strong><o:p></o:p></strong></span>"
10/25/2018 19:44,10/25/2018 19:46,0,71.183.92.137,100,101,1,10/25/2018 19:46,R_3OqO64DrivEeN7h,,,,,40.78160095,-73.95110321,anonymous,EN,"1,2,3,4,5,6",2,,3,,3,,3,,1,,1,3,,1,,1,"1,3",,"1,2",,1,,1,,3,,1,,,,,,,,,,,,,,,,,,,,,,,,,,,,,,,,,,,,,,,,,,,,,,,,,,,,,,,,,,,,,,,,,,,,,,,,,,,,,,,,,,,,,,,,,,,,,,,,,,,,,,,,,,,,,,,,,,,,,,,,,,,,,,,,,,,,,,,,,,,,,,,,,,,,,,,,,,,,,,,,,,,,,,,,,,,,,,,,,,,,,,,,65054,"<span lang=""EN-GB"">Suppose you are at sitting at Starbucks and you want to play a digital/online&nbsp;</span>game."
10/25/2018 19:34,10/25/2018 19:48,0,67.142.97.55,100,810,1,10/25/2018 19:48,R_3hiGk79QHvAimp3,,,,,37.75100708,-97.8219986,anonymous,EN,"1,2,4","1,2",,5,,4,,1,,1,,2,"1,2,3",,5,,2,"3,4",,"2,3",,6,,"2,3",,"1,2,3",,"1,2",,2,,,,,,,,,,,,,,,,,,,,,,,,,,,,,,2,,5,,1,,1,,2,,2,"1,2,3",,5,,5,,3,,"1,3,4",,2,,"3,4",,"1,2,3",,2,,,,,,,,,,,,,,,,,,,,,,,,,,,,,,,,,,,,,,,,,,,,,,,,,,,,,,,,,,,,,,,,,,,,,,,,,,,,,,,,,,,,,,,,,,,,,,,,,,,,,,,,,,,,,,,,,,,,,,,,,,,,,49451,"<span lang=""EN-GB"">Suppose
     you want to a send an email when you are walking on a street with people
     you know (e.g., acquaintances, colleagues)<strong>.</strong><o:p></o:p></span>"
10/25/2018 19:48,10/25/2018 19:48,0,24.251.87.43,100,23,1,10/25/2018 19:48,R_3Phv4FU2XB0IYvW,,,,,33.44999695,-112.2593002,anonymous,EN,2,,,,,,,,,,,,,,,,,,,,,,,,,,,,,,,,,,,,,,,,,,,,,,,,,,,,,,,,,,,,,,,,,,,,,,,,,,,,,,,,,,,,,,,,,,,,,,,,,,,,,,,,,,,,,,,,,,,,,,,,,,,,,,,,,,,,,,,,,,,,,,,,,,,,,,,,,,,,,,,,,,,,,,,,,,,,,,,,,,,,,,,,,,,,,,,,,,,,,,,,,,,,,,,,,,,35350,"<span lang=""EN-GB"">Suppose
     you want to call your mother for sharing an important update about your
     life yourself when you are with a very close friend at a park.&nbsp;<o:p></o:p></span>"
10/25/2018 19:46,10/25/2018 19:49,0,174.226.6.243,100,182,1,10/25/2018 19:49,R_3jebSIfe6crPwhh,,,,,36.79780579,-76.17590332,anonymous,EN,"1,2,3,4,5,6",1,,1,,6,,3,,2,,1,1,,5,,1,3,,2,,1,,2,,1,,"1,2",,2,,,,,,,,,,,,,,,,,,,,,,,,,,,,,,2,,1,,3,,1,,2,,3,1,,2,,"2,3",,3,,1,,5,,"1,3",,1,,"1,2",,,,,,,,,,,,,,,,,,,,,,,,,,,,,,,,,,,,,,,,,,,,,,,,,,,,,,,,,,,,,,,,,,,,,,,,,,,,,,,,,,,,,,,,,,,,,,,,,,,,,,,,,,,,,,,,,,,,,,,,,,,,,60154,"<span lang=""EN-GB"">Suppose
     you want to a send an email when you are with a very close friend at a
     restaurant&nbsp;<o:p></o:p></span>"
10/23/2018 14:53,10/25/2018 19:49,0,71.194.123.244,100,190572,1,10/25/2018 19:49,R_3s6oX9PTEL7RBNU,,,,,41.97940063,-88.20629883,anonymous,EN,"1,2,3,4,5",7,,5,,"1,2,3,4",,3,,1,,2,"1,2,3",,5,,1,6,,2,,7,,5,,1,,4,,,,,,,,,,,,,,,,,,,,,,,,,,,,,,,,,,,,,,,,,,,,,,,,,,,,,,,,,,,,,,,,,,,,,,,,,,,,,,,,,,,,,,,,,,,,,,,,,,,,,,,,,,,,,,,,,,,,,,,,,,,,,,,,,,,,,,,,,,,,,,,,,,,,,,,,,,,,,,,,,,,,,,,,,,,,,,,,,,,,,,,,46903,"<span lang=""EN-GB"">Suppose you want to a send an email when you are walking with a very close friend on a street.&nbsp;<o:p></o:p></span>"
10/25/2018 19:44,10/25/2018 19:49,0,75.183.92.49,100,319,1,10/25/2018 19:49,R_YYVJoacKmfdvSW5,,,,,36.03300476,-79.59719849,anonymous,EN,"4,5,6","1,3",,2,,"2,3,4",,1,,"2,4",,"2,3","1,3",,"1,2",,"2,3","1,3",,2,,"3,4",,2,,"2,3",,"1,2",,6,,,,,,,,,,,,,,,,,,,,,,,,,,,,,,,,,,,,,,,,,,,,,,,,,,,,,,,,,,,,,,,,,,,,,,,,,,,,,,,,,,,,,,,,,,,,,,,,,,,,,,,,,,,,,,,,,,,,,,,,,,,,,,,,,,,,,,,,,,,,,,,,,,1,,"1,3",,"2,3",,3,,"1,4",,3,"2,3",,"1,2",,"1,2",,"1,2",,"2,3,4",,2,,"1,4",,2,,2,,,,,,,,,74621,"<span lang=""EN-GB"">Suppose you want to find a route to home while walking on a street with your close friends.<o:p></o:p></span>"
10/25/2018 19:48,10/25/2018 19:52,0,73.189.86.228,100,216,1,10/25/2018 19:52,R_2aKzqftvCkBuozT,,,,,37.97239685,-122.3368988,anonymous,EN,"1,2,5","2,5",,1,,"1,2,3",,1,,"1,3",,3,1,,"2,3",,"2,3","2,3",,"1,2",,"2,3",,"2,3",,"2,3",,"1,2",,,,,,,,,,,,,,,,,,,,,,,,,,,,,,,,,,,,,,,,,,,,,,,,,,,,,,,,,,,,,,,,,,,,,,,,,,,,,,,,,,,,,,,,,,,,,,,,,,,,,,,,,,,,,,,,,,,,,,,,,,,,,,,,,,,,,,,,,,,,,,,,,,,,,,,,,,,,,,,,,,,,,,,,,,,,,,,,,,,,,,,,65015,"<span lang=""EN-GB"">Suppose you want to a send an email when you are walking with a very close friend on a street.&nbsp;<o:p></o:p></span>"
10/25/2018 19:50,10/25/2018 19:52,0,99.23.45.32,100,121,1,10/25/2018 19:52,R_2aJmIMttwpZ0dIm,,,,,37.70379639,-97.22530365,anonymous,EN,"1,2,3,4,5,6","1,2",,5,,3,,1,,6,,3,2,,3,,4,4,,2,,"1,3",,5,,3,,1,,,,,,,,,,,,,,,,,,,,,,,,,,,,,,,,,,,,,,,,,,,,,,,,,,,,,,,,,,,,,,,,,,,,,,,,,,,,,,,,,,,,,,,,,,,,,,,,,,,,,,,,,,,,,,,,,,,,,,,,,,,,,,,,,,,,,,,,,,,,,,,,,,,,,,,,,,,,,,,,,,,,,,,,,,,,,,,,,,,,,,,,15219,"<span lang=""EN-GB"">Suppose
     you want&nbsp; to a send a text message
     when you are walking with a very close friend on a street<o:p></o:p></span>"
10/25/2018 19:54,10/25/2018 19:55,0,72.128.77.68,100,38,1,10/25/2018 19:55,R_3lsRVCcFARlHYFh,,,,,42.97509766,-87.8946991,anonymous,EN,"1,2",,,,,,,,,,,,,,,,,,,,,,,,,,,,,,,,,,,,,,,,,,,,,,,,,,,,,,,,,,,,,,,,,,,,,,,,,,,,,,,,,,,,,,,,,,,,,,,,,,,,,,,,,,,,,,,,,,,,,,,,,,,,,,,,,,,,,,,,,,,,,,,,,,,,,,,,,,,,,,,,,,,,,,,,,,,,,,,,,,,,,,,,,,,,,,,,,,,,,,,,,,,,,,,,,,,50705,"Suppose you want to find a route to a coffee shop
     when you are at home with your by your colleagues<o:p></o:p>"
10/25/2018 19:56,10/25/2018 19:56,0,24.38.233.192,100,24,1,10/25/2018 19:56,R_3j0qgHwEx9JcrbO,,,,,41.20050049,-73.16880035,anonymous,EN,"1,2",,,,,,,,,,,,,,,,,,,,,,,,,,,,,,,,,,,,,,,,,,,,,,,,,,,,,,,,,,,,,,,,,,,,,,,,,,,,,,,,,,,,,,,,,,,,,,,,,,,,,,,,,,,,,,,,,,,,,,,,,,,,,,,,,,,,,,,,,,,,,,,,,,,,,,,,,,,,,,,,,,,,,,,,,,,,,,,,,,,,,,,,,,,,,,,,,,,,,,,,,,,,,,,,,,,17453,"<span lang=""EN-GB"">Suppose
     you want to call your mother for sharing an important update about your
     life when you are with a very close friend at a restaurant&nbsp;<o:p></o:p></span>"
10/25/2018 19:48,10/25/2018 19:59,0,74.136.226.55,100,662,1,10/25/2018 19:59,R_3HiFGoLrs33sSAP,,,,,38.00100708,-84.52819824,anonymous,EN,"1,2,3",7,,5,,2,,3,,1,,3,"1,2",,1,,3,3,,2,,1,,2,,"1,2,3",,4,,"1,2,3",7,,5,,6,,3,,1,,4,5,,5,,5,,6,,7,,5,,7,,5,,4,,7,,5,,2,,1,,1,,3,5,,5,,5,,6,,1,,1,,1,,5,,4,,7,,5,,2,,3,,1,,3,5,,5,,5,,2,,4,,5,,7,,5,,4,,,,,,,,,,,,,,,,,,,,,,,,,,,,,,,,,,,,,,,,,,,,,,,,,,,,,,,,,,,,,,,,,,,,,,,,,,,,,,,,,,,,,,,,,,,,,,,,40626,"<span lang=""EN-GB"">Suppose
     you want to read a digital document when you are alone at home.<strong><o:p></o:p></strong></span>"
10/25/2018 19:59,10/25/2018 20:00,0,65.33.216.111,100,42,1,10/25/2018 20:00,R_ePA1LKHRwJV4EuJ,,,,,27.71470642,-82.35379791,anonymous,EN,5,,,,,,,,,,,,,,,,,,,,,,,,,,,,,,,,,,,,,,,,,,,,,,,,,,,,,,,,,,,,,,,,,,,,,,,,,,,,,,,,,,,,,,,,,,,,,,,,,,,,,,,,,,,,,,,,,,,,,,,,,,,,,,,,,,,,,,,,,,,,,,,,,,,,,,,,,,,,,,,,,,,,,,,,,,,,,,,,,,,,,,,,,,,,,,,,,,,,,,,,,,,,,,,,,,,28648,"<span style=""color: rgb(0, 0, 0); font-family: Times; font-size: medium;"">Suppose you want to watch some video when you are with people you know (e.g., acquaintances, colleagues) at Starbucks</span>"
10/25/2018 19:56,10/25/2018 20:00,0,47.17.184.195,100,267,1,10/25/2018 20:00,R_2QF150Rteqx3HmE,,,,,40.646698,-73.95700073,anonymous,EN,"1,2,4,5,6",2,,5,,"1,2",,1,,2,,3,3,,3,,3,3,,2,,4,,2,,1,,4,,2,,,,,,,,,,,,,,,,,,,,,,,,,,,,,,2,,5,,2,,1,,3,,3,"2,3",,5,,5,,6,,3,,5,,7,,1,,2,,,,,,,,,,,,,,,,,,,,,,,,,,,,,,,,,,,,,,,,,,,,,,,,,,,,,,,,,,,,,,,,,,,,,,,,,,,,,,,,,,,,,,,,,,,,,,,,,,,,,,,,,,,,,,,,,,,,,,,,,,,,,54785,"<span lang=""EN-GB"">Suppose you want to watch some video when you are alone in a park.<o:p></o:p></span>"
10/25/2018 19:58,10/25/2018 20:00,0,159.203.90.106,100,140,1,10/25/2018 20:00,R_2dmqKZKBl5TWEqQ,,,,,40.83439636,-74.13770294,anonymous,EN,"1,2,3,4,5,6","1,2,3,5",,2,,"1,2,3,4",,1,,2,,2,2,,2,,2,1,,1,,2,,2,,1,,2,,,,,,,,,,,,,,,,,,,,,,,,,,,,,,,,,,,,,,,,,,,,,,,,,,,,,,,,,,,,,,,,,,,,,,,,,,,,,,,,,,,,,,,,,,,,,,,,,,,,,,,,,,,,,,,,,,,,,,,,,,,,,,,,,,,,,,,,,,,,,,,,,,,,,,,,,,,,,,,,,,,,,,,,,,,,,,,,,,,,,,,,1209,"<span lang=""EN-GB"">Suppose
     you want to listen to some audio when you are at home with people you are
     close to (e.g., friends, family members).<strong><o:p></o:p></strong></span>"
10/25/2018 19:57,10/25/2018 20:02,0,76.16.74.0,100,295,1,10/25/2018 20:02,R_1lyRqnadFdwqeLE,,,,,42.44419861,-87.83889771,anonymous,EN,"2,3,4","1,2",,1,,"1,2,3",,1,,1,,1,"1,2,3",,"1,2",,2,"1,3",,2,,"2,3",,2,,"1,2",,4,,,,,,,,,,,,,,,,,,,,,,,,,,,,,,,,,,,,,,,,,,,,,,,,,,,,,,,,,,,,,,,,,,,,,,,,,,,,,,,,,,,,,,,,,,,,,,,,,,,,,,,,,,,,,,,,,,,,,,,,,,,,,,,,,,,,,,,,,,,,,,,,,,,,,,,,,,,,,,,,,,,,,,,,,,,,,,,,,,,,,,,,98728,"<span lang=""EN-GB"">Suppose
     you want to watch some video when you are with people you know (e.g.,
     acquaintances, colleagues) at your home.<o:p></o:p></span>"
10/25/2018 20:00,10/25/2018 20:03,0,208.59.164.89,100,227,1,10/25/2018 20:03,R_2awB8NFkiXpqvrr,,,,,41.97189331,-87.66239929,anonymous,EN,"1,2,3","2,4,5",,3,,"1,2,3",,1,,3,,4,"1,2,3",,"2,3",,2,"1,2,3",,"1,2",,"3,4",,"1,2",,5,,4,,,,,,,,,,,,,,,,,,,,,,,,,,,,,,,,,,,,,,,,,,,,,,,,,,,,,,,,,,,,,,,,,,,,,,,,,,,,,,,,,,,,,,,,,,,,,,,,,,,,,,,,,,,,,,,,,,,,,,,,,,,,,,,,,,,,,,,,,,,,,,,,,,,,,,,,,,,,,,,,,,,,,,,,,,,,,,,,,,,,,,,,18128,"<span lang=""EN-GB"">Suppose
     you want to purchase something online when you are alone at a park.<o:p></o:p></span>"
10/21/2018 19:41,10/25/2018 20:05,0,104.156.115.45,100,347003,1,10/25/2018 20:05,R_115do505y2gUois,,,,,37.5381012,-82.79759979,anonymous,EN,"2,3,4",7,,5,,2,,3,,1,,2,2,,5,,2,2,,2,,"1,3",,2,,1,,2,,2,,,,,,,,,,,,,,,,,,,,,,,,,,,,,,2,,5,,6,,3,,1,,3,3,,5,,5,,6,,"1,2,3",,5,,"1,3,4",,5,,2,,,,,,,,,,,,,,,,,,,,,,,,,,,,,,,,,,,,,,,,,,,,,,,,,,,,,,,,,,,,,,,,,,,,,,,,,,,,,,,,,,,,,,,,,,,,,,,,,,,,,,,,,,,,,,,,,,,,,,,,,,,,,46468,"<span lang=""EN-GB"">Suppose you want to a view a text message when you are alone at a street.<o:p></o:p></span>"
10/25/2018 19:55,10/25/2018 20:05,0,104.12.142.252,100,643,1,10/25/2018 20:05,R_VVhaNpd7HarnuAV,,,,,34.02900696,-118.3152008,anonymous,EN,"1,2,3,4,5","2,3,4,5",,1,,1,,1,,1,,3,"1,2,3",,5,,1,"1,2,3",,2,,1,,2,,1,,"1,2",,,,,,,,,,,,,,,,,,,,,,,,,,,,,,,,,,,,,,,,,,,,,,,,,,,,,,,,,,,,,,,,,,,,,,,,,,,,,,,,,,,,,,,,,,,,,,,,,,,,,,,,,,,,,,,,,,,,,,,,,,,,,,,,,,,,,,,,,,,,,,,,,,,,,,,,,,,,,,,,,,,,,,,,,,,,,,,,,,,,,,,,87661,"<span lang=""EN-GB"">Suppose you have planned to meet a friend next week and you want to put this on your calendar when you are alone at Starbucks.<o:p></o:p></span>"
10/25/2018 20:00,10/25/2018 20:06,0,71.90.243.19,100,354,1,10/25/2018 20:06,R_2S2m5ErG1sZfwXD,,,,,32.37359619,-86.1832962,anonymous,EN,"1,2,5","1,2,5",,1,,1,,1,,1,,4,1,,2,,1,2,,2,,3,,1,,1,,"1,2",,,,,,,,,,,,,,,,,,,,,,,,,,,,,,,,,,,,,,,,,,,,,,,,,,,,,,,,,,,,,,,,,,,,,,,,,,,,,,,,,,,,,,,,,,,,,,,,,,,,,,,,,,,,,,,,,,,,,,,,,,,,,,,,,,,,,,,,,,,,,,,,,,,,,,,,,,,,,,,,,,,,,,,,,,,,,,,,,,,,,,,,12234,"<span lang=""EN-GB"">Suppose you want to find a route to a coffee shop when you are
     at home </span><span lang=""EN-GB"">with
     people you are close to (e.g., friends, family members)</span><strong><span lang=""EN-GB""><o:p></o:p></span></strong>"
10/25/2018 20:07,10/25/2018 20:08,0,24.253.204.95,100,14,1,10/25/2018 20:08,R_3QMMocVk056gPmB,,,,,35.48339844,-97.62989807,anonymous,EN,1,,,,,,,,,,,,,,,,,,,,,,,,,,,,,,,,,,,,,,,,,,,,,,,,,,,,,,,,,,,,,,,,,,,,,,,,,,,,,,,,,,,,,,,,,,,,,,,,,,,,,,,,,,,,,,,,,,,,,,,,,,,,,,,,,,,,,,,,,,,,,,,,,,,,,,,,,,,,,,,,,,,,,,,,,,,,,,,,,,,,,,,,,,,,,,,,,,,,,,,,,,,,,,,,,,,34027,"<span lang=""EN-GB"">Suppose
     you want to set up a reminder when you are alone at your home.<strong><o:p></o:p></strong></span>"
10/25/2018 20:09,10/25/2018 20:09,0,173.56.83.195,100,6,1,10/25/2018 20:09,R_3Eb3iC82z9ZWLfZ,,,,,40.70350647,-73.92350006,anonymous,EN,3,,,,,,,,,,,,,,,,,,,,,,,,,,,,,,,,,,,,,,,,,,,,,,,,,,,,,,,,,,,,,,,,,,,,,,,,,,,,,,,,,,,,,,,,,,,,,,,,,,,,,,,,,,,,,,,,,,,,,,,,,,,,,,,,,,,,,,,,,,,,,,,,,,,,,,,,,,,,,,,,,,,,,,,,,,,,,,,,,,,,,,,,,,,,,,,,,,,,,,,,,,,,,,,,,,,67097,"<span lang=""EN-GB"">Suppose you want to watch some video when you are alone at your home.<strong><o:p></o:p></strong></span>"
10/25/2018 20:04,10/25/2018 20:09,0,201.185.240.253,100,346,1,10/25/2018 20:10,R_2PqkTh1QEghhiKl,,,,,4.533905029,-75.68109894,anonymous,EN,"1,2,3,4,5,6",1,,2,,1,,1,,1,,"1,2","1,2,3",,1,,3,"2,4",,1,,"3,4",,"1,2",,"1,2,3",,"1,2",,,,,,,,,,,,,,,,,,,,,,,,,,,,,,,,,,,,,,,,,,,,,,,,,,,,,,,,,,,,,,,,,,,,,,,,,,,,,,,,,,,,,,,,,,,,,,,,,,,,,,,,,,,,,,,,,,,,,,,,,,,,,,,,,,,,,,,,,,,,,,,,,,,,,,,,,,,,,,,,,,,,,,,,,,,,,,,,,,,,,,,,71869,"<span id=""docs-internal-guid-5a7e3441-7fff-9d1f-10e6-454a1d940975""><span style=""font-size: 11pt; font-family: Arial; color: rgb(0, 0, 0); background-color: transparent; font-variant-numeric: normal; font-variant-east-asian: normal; vertical-align: baseline; white-space: pre-wrap;"">Suppose you want to call your mother for sharing an important update about your life &nbsp;when you are alone at home</span><br> <br><br></span>"
10/25/2018 20:08,10/25/2018 20:10,0,70.160.77.17,100,108,1,10/25/2018 20:10,R_3kKStFCyO1ZYruG,,,,,36.92019653,-76.21600342,anonymous,EN,"2,3,4","1,2,3",,"2,3",,4,,1,,4,,2,"1,2,3",,3,,"1,2","1,2",,1,,"1,2",,2,,"1,2",,2,,,,,,,,,,,,,,,,,,,,,,,,,,,,,,,,,,,,,,,,,,,,,,,,,,,,,,,,,,,,,,,,,,,,,,,,,,,,,,,,,,,,,,,,,,,,,,,,,,,,,,,,,,,,,,,,,,,,,,,,,,,,,,,,,,,,,,,,,,,,,,,,,,,,,,,,,,,,,,,,,,,,,,,,,,,,,,,,,,,,,,,,56977,"<span lang=""EN-GB"">Suppose you want to a send a text message when you are alone at a street.<o:p></o:p></span>"
10/25/2018 20:09,10/25/2018 20:10,0,96.250.239.40,100,97,1,10/25/2018 20:10,R_1C9YbtKMB58Sqfs,,,,,40.67750549,-73.77580261,anonymous,EN,"1,2,3,4,6","1,2,3,4",,"1,2",,"1,2,3,4",,1,,"1,2,3",,"2,3","1,2,3",,"2,3",,"1,2","1,3,4",,"1,2",,"1,3,4",,"1,2",,1,,2,,,,,,,,,,,,,,,,,,,,,,,,,,,,,,,,,,,,,,,,,,,,,,,,,,,,,,,,,,,,,,,,,,,,,,,,,,,,,,,,,,,,,,,,,,,,,,,,,,,,,,,,,,,,,,,,,,,,,,,,,,,,,,,,,,,,,,,,,,,,,,,,,,,,,,,,,,,,,,,,,,,,,,,,,,,,,,,,,,,,,,,,65073,"<span lang=""EN-GB"" style=""font-size:11.0pt;line-height:115%;
font-family:&quot;Arial&quot;,sans-serif;mso-fareast-font-family:Arial;mso-ansi-language:
EN-GB;mso-fareast-language:EN-US;mso-bidi-language:AR-SA"">Suppose you want to a
send a text message when you are alone at Starbucks.</span>"
10/25/2018 20:12,10/25/2018 20:13,0,162.227.83.11,100,31,1,10/25/2018 20:13,R_3iQfCK0zs2KjrQ1,,,,,32.86279297,-96.79180145,anonymous,EN,"1,2",,,,,,,,,,,,,,,,,,,,,,,,,,,,,,,,,,,,,,,,,,,,,,,,,,,,,,,,,,,,,,,,,,,,,,,,,,,,,,,,,,,,,,,,,,,,,,,,,,,,,,,,,,,,,,,,,,,,,,,,,,,,,,,,,,,,,,,,,,,,,,,,,,,,,,,,,,,,,,,,,,,,,,,,,,,,,,,,,,,,,,,,,,,,,,,,,,,,,,,,,,,,,,,,,,,70364,"<span lang=""EN-GB"">Suppose you want to find a route to home while walking on a street.<o:p></o:p></span>"
10/25/2018 20:12,10/25/2018 20:13,0,104.58.188.206,100,25,1,10/25/2018 20:13,R_Thivsb1FGn0sRlT,,,,,33.68029785,-85.71369934,anonymous,EN,1,,,,,,,,,,,,,,,,,,,,,,,,,,,,,,,,,,,,,,,,,,,,,,,,,,,,,,,,,,,,,,,,,,,,,,,,,,,,,,,,,,,,,,,,,,,,,,,,,,,,,,,,,,,,,,,,,,,,,,,,,,,,,,,,,,,,,,,,,,,,,,,,,,,,,,,,,,,,,,,,,,,,,,,,,,,,,,,,,,,,,,,,,,,,,,,,,,,,,,,,,,,,,,,,,,,99155,"<span lang=""EN-GB"">Suppose you have planned to meet a friend next week and you want to put this on your calendar when you are with a very close friend at a restaurant&nbsp;<o:p></o:p></span>"
10/25/2018 20:08,10/25/2018 20:16,0,204.195.173.73,100,497,1,10/25/2018 20:16,R_82oTbnSeRProz05,,,,,40.3072052,-78.94300079,anonymous,EN,"1,2,3,4","1,2",,"1,2",,"1,2",,1,,1,,1,"1,2,3",,5,,2,"2,4",,"1,2",,"1,3",,1,,"1,3",,"1,2",,,,,,,,,,,,,,,,,,,,,,,,,,,,,,,,,,,,,,,,,,,,,,,,,,,,,,,,,,,,,,,,,,,,,,,,,,,,,,,,,,,,,,,,,,,,,,,,,,,,,,,,,,,,,,,,,,,,,,,,,,,,,,,,,,,,,,,,,,,,,,,,,,,,,,,,,,,,,,,,,,,,,,,,,,,,,,,,,,,,,,,,97803,"<span lang=""EN-GB"">Suppose
     you want to set up a reminder when you are with people you know (e.g.,
     acquaintances, colleagues) at your home.<o:p></o:p></span>"
10/25/2018 20:05,10/25/2018 20:17,0,173.122.16.64,100,725,1,10/25/2018 20:17,R_bINAEZjFEbX9UVH,,,,,32.85650635,-96.59989929,anonymous,EN,"1,2,4,5",2,,3,,"1,2,3",,3,,1,,"1,2,3","1,2,3",,5,,"1,2,3","1,2,3,4",,"1,2,3",,"2,3",,"1,2,3",,1,,"1,2",,"1,2,4",7,,3,,"1,2,3,4",,3,,1,,3,"1,2,3",,2,,5,,"1,2,3,4",,"2,3",,"1,2,3",,"2,3",,1,,4,,"1,2",,3,,"1,2,3,4",,1,,1,,"1,2","1,2,3",,"1,2",,"1,2",,"1,2,3,4",,"1,2,3",,"1,2,3",,"1,2,3",,"1,3",,4,,,,,,,,,,,,,,,,,,,,,,,,,,,,,,,"1,2",,3,,"1,2,3,4",,1,,1,,"1,2","1,2,3",,"1,2",,"1,2",,"1,2,3,4",,"1,2,3",,"1,2",,"1,2,3",,1,,4,,,,,,,,,,,,,,,,,,,,,,,,,,,,,,,,,,,,,,,,,,,,,,,,,,,,,,,,,,,,,,,,,,,780,"Suppose you want to purchase something online when
     you are with people you know (e.g., acquaintances,
     colleagues) at a park.<o:p></o:p>"
10/25/2018 20:19,10/25/2018 20:22,0,108.195.46.75,100,188,1,10/25/2018 20:22,R_1hyEaFiHNGgz264,,,,,38.74969482,-90.30120087,anonymous,EN,"1,2,4,5","2,3,4,5",,1,,"1,2,3,4",,1,,3,,3,"1,2",,"1,3",,"2,3","1,2,3",,1,,"1,3,4,6",,1,,"1,3",,"1,2",,,,,,,,,,,,,,,,,,,,,,,,,,,,,,,,,,,,,,,,,,,,,,,,,,,,,,,,,,,,,,,,,,,,,,,,,,,,,,,,,,,,,,,,,,,,,,,,,,,,,,,,,,,,,,,,,,,,,,,,,,,,,,,,,,,,,,,,,,,,,,,,,,,,,,,,,,,,,,,,,,,,,,,,,,,,,,,,,,,,,,,,81107,"<span lang=""EN-GB"">Suppose
     you want to watch&nbsp; some video when
     you are with people you know (e.g., acquaintances, colleagues) at
     Starbucks<o:p></o:p></span>"
10/25/2018 20:11,10/25/2018 20:25,0,173.169.177.187,100,851,1,10/25/2018 20:25,R_1IuUFlmiXAbRPuB,,,,,27.98100281,-81.67359924,anonymous,EN,"1,2,3","2,4,5",,"1,2",,"1,2,3,4",,1,,1,,4,"1,2,3",,2,,3,"1,2,3",,2,,4,,"1,2,3",,"1,2",,4,,,,,,,,,,,,,,,,,,,,,,,,,,,,,,,,,,,,,,,,,,,,,,,,,,,,,,,,,,,,,,,,,,,,,,,,,,,,,,,,,,,,,,,,,,,,,,,,,,,,,,,,,,,,,,,,,,,,,,,,,,,,,,,,,,,,,,,,,,,,,,,,,,,,,,,,,,,,,,,,,,,,,,,,,,,,,,,,,,,,,,,,70940,"<span lang=""EN-GB"" style=""font-size:11.0pt;line-height:115%;
font-family:&quot;Arial&quot;,sans-serif;mso-fareast-font-family:Arial;mso-ansi-language:
EN-GB;mso-fareast-language:EN-US;mso-bidi-language:AR-SA"">Suppose you want to check your social media when you are alone in a park.</span>"
10/25/2018 20:20,10/25/2018 20:28,0,174.58.233.234,100,508,1,10/25/2018 20:28,R_25sl2LhadAAoJA2,,,,,29.12530518,-82.00859833,anonymous,EN,"1,2,4","2,5",,1,,"1,3",,1,,"2,3",,3,"1,2,3",,5,,3,"1,2",,"1,2",,7,,"1,2",,"1,2,3",,"1,2",,2,,,,,,,,,,,,,,,,,,,,,,,,,,,,,,"1,2,5",,5,,"1,2,3,4",,1,,2,,4,"1,2",,"1,2,3",,"1,2,3",,6,,"1,2",,"1,2",,"1,2",,"1,2,3",,4,,,,,,,,,,,,,,,,,,,,,,,,,,,,,,,,,,,,,,,,,,,,,,,,,,,,,,,,,,,,,,,,,,,,,,,,,,,,,,,,,,,,,,,,,,,,,,,,,,,,,,,,,,,,,,,,,,,,,,male,23,Sales Associate,5,1,,3,58945,"<span lang=""EN-GB"">Suppose you want to call your mother for sharing an important
     update about your life&nbsp; when you
     with people you know (e.g., acquaintances, colleagues) at a park<o:p></o:p></span>"
10/25/2018 20:29,10/25/2018 20:30,0,47.223.81.6,100,37,1,10/25/2018 20:30,R_3L5s24BgdtCgyfl,,,,,33.65809631,-95.53790283,anonymous,EN,"1,2",,,,,,,,,,,,,,,,,,,,,,,,,,,,,,,,,,,,,,,,,,,,,,,,,,,,,,,,,,,,,,,,,,,,,,,,,,,,,,,,,,,,,,,,,,,,,,,,,,,,,,,,,,,,,,,,,,,,,,,,,,,,,,,,,,,,,,,,,,,,,,,,,,,,,,,,,,,,,,,,,,,,,,,,,,,,,,,,,,,,,,,,,,,,,,,,,,,,,,,,,,,,,,,,,,,64246,"<span lang=""EN-GB"" style=""font-size:11.0pt;line-height:115%;
font-family:&quot;Arial&quot;,sans-serif;mso-fareast-font-family:Arial;mso-ansi-language:
EN-GB;mso-fareast-language:EN-US;mso-bidi-language:AR-SA"">Suppose you want to a
send an email when you are at Starbucks.</span>"
10/25/2018 20:27,10/25/2018 20:34,0,118.68.61.193,100,429,1,10/25/2018 20:34,R_2CVTzUmlct0fSWg,,,,,21.03329468,105.8500061,anonymous,EN,"1,2,3,4,5,6","1,3,4",,"2,3",,"1,2,3",,1,,"2,3,4",,"2,3","1,2",,"1,2,3",,3,"2,3,4",,"2,3",,"3,4",,"1,2",,"1,2,3",,"1,2",,,,,,,,,,,,,,,,,,,,,,,,,,,,,,,,,,,,,,,,,,,,,,,,,,,,,,,,,,,,,,,,,,,,,,,,,,,,,,,,,,,,,,,,,,,,,,,,,,,,,,,,,,,,,,,,,,,,,,,,,,,,,,,,,,,,,,,,,,,,,,,,,,,,,,,,,,,,,,,,,,,,,,,,,,,,,,,,,,,,,,,,1101,"<span lang=""EN-GB"">Suppose you want to watch some video when you are with your close friends at Starbucks.<o:p></o:p></span>"
10/25/2018 20:27,10/25/2018 20:35,0,99.116.3.218,100,451,1,10/25/2018 20:35,R_1P1alrjFcq3cYg0,,,,,42.89770508,-85.71859741,anonymous,EN,"1,2,4,5",1,,2,,"1,3,4",,1,,2,,3,"2,3",,"1,3",,3,"1,4",,"1,3",,2,,"1,3",,"1,3",,2,,"1,2,5",1,,2,,"1,4",,1,,2,,3,"1,3",,3,,"1,3",,4,,2,,"1,3",,2,,3,,2,,1,,3,,3,,1,,2,,3,2,,3,,2,,4,,2,,"1,3",,2,,3,,2,,,,,,,,,,,,,,,,,,,,,,,,,,,,,,,,,,,,,,,,,,,,,,,,,,,,,,,,,,,,1,,2,,3,,1,,2,,3,2,,2,,2,,4,,2,,3,,2,,3,,2,,,,,,,,,,,,,,,,,,,,,,,,,,,,,,,,,,,,,,39383,"<span lang=""EN-GB"">Suppose
     you want to call your mother for sharing an important update about your
     life when you are alone at Starbucks.<o:p></o:p></span>"
10/25/2018 20:42,10/25/2018 20:43,0,98.230.44.126,100,52,1,10/25/2018 20:43,R_1onHncxH54fn0DE,,,,,30.48739624,-84.31890106,anonymous,EN,"1,2",,,,,,,,,,,,,,,,,,,,,,,,,,,,,,,,,,,,,,,,,,,,,,,,,,,,,,,,,,,,,,,,,,,,,,,,,,,,,,,,,,,,,,,,,,,,,,,,,,,,,,,,,,,,,,,,,,,,,,,,,,,,,,,,,,,,,,,,,,,,,,,,,,,,,,,,,,,,,,,,,,,,,,,,,,,,,,,,,,,,,,,,,,,,,,,,,,,,,,,,,,,,,,,,,,,43117,"<span lang=""EN-GB"">Suppose you are on a short vacation and you want to take a picture in front&nbsp;</span>of an iconic monument when you are surrounded by many people."
10/25/2018 20:41,10/25/2018 20:43,0,173.21.78.252,100,127,1,10/25/2018 20:43,R_1jPNfPYbFgfrNNI,,,,,41.74429321,-91.60610199,anonymous,EN,"1,2,4",2,,1,,2,,1,,1,,3,"2,3",,3,,4,2,,1,,3,,1,,1,,2,,,,,,,,,,,,,,,,,,,,,,,,,,,,,,,,,,,,,,,,,,,,,,,,,,,,,,,,,,,,,,,,,,,,,,,,,,,,,,,,,,,,,,,,,,,,,,,,,,,,,,,,,,,,,,,,,,,,,,,,,,,,,,,,,,,,,,,,,,,,,,,,,,,,,,,,,,,,,,,,,,,,,,,,,,,,,,,,,,,,,,,,11276,"<span lang=""EN-GB"">Suppose
     you want to purchase something (e.g., book, household items) online when
     you are with your close friends at a park.<o:p></o:p></span>"
10/25/2018 20:41,10/25/2018 20:44,0,108.56.194.242,100,152,1,10/25/2018 20:44,R_1kFz57WPddmUed4,,,,,38.89770508,-77.28800201,anonymous,EN,"1,2,3,6","1,3",,"2,3",,3,,1,,"1,3",,1,"1,2",,5,,"2,3",2,,"1,2",,"1,3,4",,"1,2",,"2,3",,"1,2",,,,,,,,,,,,,,,,,,,,,,,,,,,,,,,,,,,,,,,,,,,,,,,,,,,,,,,,,,,,,,,,,,,,,,,,,,,,,,,,,,,,,,,,,,,,,,,,,,,,,,,,,,,,,,,,,,,,,,,,,,,,,,,,,,,,,,,,,,,,,,,,,,,,,,,,,,,,,,,,,,,,,,,,,,,,,,,,,,,,,,,,55388,"<span lang=""EN-GB"" style=""font-size:11.0pt;line-height:115%;
font-family:&quot;Arial&quot;,sans-serif;mso-fareast-font-family:Arial;mso-ansi-language:
EN-GB;mso-fareast-language:EN-US;mso-bidi-language:AR-SA"">Suppose you have
planned to meet a friend next week and you want put this on your calendar<span style=""color:#434343""> when you with </span>people you know (e.g.,
acquaintances, colleagues)<span style=""color:#434343""> at a park</span></span>"
10/25/2018 20:43,10/25/2018 20:44,0,173.22.147.0,100,47,1,10/25/2018 20:44,R_1FK5JQ8Dh5h99QQ,,,,,38.99499512,-92.311203,anonymous,EN,"1,4",,,,,,,,,,,,,,,,,,,,,,,,,,,,,,,,,,,,,,,,,,,,,,,,,,,,,,,,,,,,,,,,,,,,,,,,,,,,,,,,,,,,,,,,,,,,,,,,,,,,,,,,,,,,,,,,,,,,,,,,,,,,,,,,,,,,,,,,,,,,,,,,,,,,,,,,,,,,,,,,,,,,,,,,,,,,,,,,,,,,,,,,,,,,,,,,,,,,,,,,,,,,,,,,,,,86424,"<span lang=""EN-GB"" style=""font-size:11.0pt;line-height:115%;
font-family:&quot;Arial&quot;,sans-serif;mso-fareast-font-family:Arial;mso-ansi-language:
EN-GB;mso-fareast-language:EN-US;mso-bidi-language:AR-SA"">Suppose you want to
take a click a photo when you are at Starbucks.</span>"
10/25/2018 20:43,10/25/2018 20:45,0,173.21.78.252,100,111,1,10/25/2018 20:45,R_eEseSezMR1CprOx,,,,,41.74429321,-91.60610199,anonymous,EN,"1,2,4,6",4,,3,,"2,4",,1,,1,,2,2,,3,,1,3,,2,,"3,4",,3,,3,,2,,,,,,,,,,,,,,,,,,,,,,,,,,,,,,,,,,,,,,,,,,,,,,,,,,,,,,,,,,,,,,,,,,,,,,,,,,,,,,,,,,,,,,,,,,,,,,,,,,,,,,,,,,,,,,,,,,,,,,,,,,,,,,,,,,,,,,,,,,,,,,,,,,,,,,,,,,,,,,,,,,,,,,,,,,,,,,,,,,,,,,,,63718,"<span lang=""EN-GB"">Suppose
     you are at starbucks and you realize today is the last day to pay one of
     your bills online.<o:p></o:p></span>"
10/25/2018 20:47,10/25/2018 20:48,0,184.155.205.184,100,26,1,10/25/2018 20:48,R_2YsJjn2mUC7PKxi,,,,,43.59370422,-116.5359955,anonymous,EN,"1,2",,,,,,,,,,,,,,,,,,,,,,,,,,,,,,,,,,,,,,,,,,,,,,,,,,,,,,,,,,,,,,,,,,,,,,,,,,,,,,,,,,,,,,,,,,,,,,,,,,,,,,,,,,,,,,,,,,,,,,,,,,,,,,,,,,,,,,,,,,,,,,,,,,,,,,,,,,,,,,,,,,,,,,,,,,,,,,,,,,,,,,,,,,,,,,,,,,,,,,,,,,,,,,,,,,,47763,"<span lang=""EN-GB"">Suppose
     you are at home with some people you know (e.g., acquaintances,
     colleagues) when you realize today is the last day to pay one of your
     bills online.<o:p></o:p></span>"
10/25/2018 20:47,10/25/2018 20:50,0,207.38.167.197,100,149,1,10/25/2018 20:50,R_2ZR2IG1R7QCEF09,,,,,40.77059937,-73.92649841,anonymous,EN,"1,3,4,6",3,,2,,3,,1,,3,,3,2,,2,,2,1,,1,,4,,2,,1,,2,,,,,,,,,,,,,,,,,,,,,,,,,,,,,,,,,,,,,,,,,,,,,,,,,,,,,,,,,,,,,,,,,,,,,,,,,,,,,,,,,,,,,,,,,,,,,,,,,,,,,,,,,,,,,,,,,,,,,,,,,,,,,,,,,,,,,,,,,,,,,,,,,,,,,,,,,,,,,,,,,,,,,,,,,,,,,,,,,,,,,,,,23960,"<span lang=""EN-GB"">Suppose
     you want to a send a text message when you are alone at home<strong><o:p></o:p></strong></span>"
10/25/2018 20:25,10/25/2018 20:51,0,173.90.75.177,100,1514,1,10/25/2018 20:51,R_1LRxkmw6TgXCBqj,,,,,40.79890442,-81.37840271,anonymous,EN,"1,2,3,4","1,2,5",,"1,3",,"1,2,3,4",,1,,"1,3,4",,4,"1,2,3",,"1,2,3",,4,"1,2,3,4",,"1,2",,"2,3",,"1,2",,"1,2,3",,2,,"1,2,3","2,4,5",,3,,"1,2,3",,1,,"3,4",,4,"1,2,3",,"1,2,3",,"1,2,3",,"2,3,4",,"2,3",,"1,2",,"2,3",,"1,2,3",,2,,"1,2,5",,5,,"1,2,3,4",,1,,"2,3,4",,"1,2,3","1,2,3",,"1,2,3",,"1,2,3",,"1,2,3,4",,"2,3",,"1,2,3",,"2,3",,"1,2,3",,2,,"2,4,5",,5,,"1,2,3,4",,3,,"2,3",,"1,2,3","1,2,3",,"1,2,3",,"1,2,3",,"2,3",,"2,3",,"1,2",,"2,3",,"1,2,3",,"1,2",,,,,,,,,,,,,,,,,,,,,,,,,,,,,,,,,,,,,,,,,,,,,,,,,,,,,,,,,,,,,,,,,,,,,,,,,,,,,,,,,,,,,,,,,male,62,it manager,5,1,,3,74418,"<span lang=""EN-GB"">Suppose
     you want to purchase something online when you are with people you are
     close to (e.g., friends, family members).<o:p></o:p></span>"
10/25/2018 20:48,10/25/2018 20:58,0,91.207.175.215,100,572,1,10/25/2018 20:58,R_23Vuc48hf2xyzGM,,,,,34.0493927,-118.2640991,anonymous,EN,"1,2,4,5",2,,5,,2,,"1,2",handheld or voice activated,1,,3,"1,2,3",,2,,3,6,,1,,3,,2,,5,,2,,,,,,,,,,,,,,,,,,,,,,,,,,,,,,,,,,,,,,,,,,,,,,,,,,,,,,,,,,,,,,,,,,,,,,,,,,,,,,,,,,,,,,,,,,,,,,,,,,,,,,,,,,,,,,,,,,,,,,,,,,,,,,,,,,,,,,,,,,,,,,,,,,,,,,,,,,,,,,,,,,,,,,,,,,,,,,,,,,,,,,,,19546,"<span lang=""EN-GB"">Suppose you have planned to meet a friend next week and you want to&nbsp;put this on your calendar </span><span lang=""EN-GB"">when</span><span lang=""EN-GB""> you are surrounded by people you know (e.g., acquaintances, colleagues) at your home.</span><span lang=""EN-GB""><o:p></o:p></span>"
10/25/2018 21:13,10/25/2018 21:14,0,68.97.100.203,100,15,1,10/25/2018 21:14,R_3dE49N188Kw02C1,,,,,35.46040344,-97.34190369,anonymous,EN,"2,3",,,,,,,,,,,,,,,,,,,,,,,,,,,,,,,,,,,,,,,,,,,,,,,,,,,,,,,,,,,,,,,,,,,,,,,,,,,,,,,,,,,,,,,,,,,,,,,,,,,,,,,,,,,,,,,,,,,,,,,,,,,,,,,,,,,,,,,,,,,,,,,,,,,,,,,,,,,,,,,,,,,,,,,,,,,,,,,,,,,,,,,,,,,,,,,,,,,,,,,,,,,,,,,,,,,92683,"<span lang=""EN-GB"">Suppose
     you want to a view a text message when you are surrounded by people you
     know (e.g., acquaintances, colleagues) at a restaurant.<o:p></o:p></span>"
10/25/2018 21:09,10/25/2018 21:14,0,73.163.177.32,100,250,1,10/25/2018 21:14,R_2tyc7S3HsFWt6wy,,,,,38.58399963,-76.89420319,anonymous,EN,"1,2,3,4,5",2,,"1,3",,"1,2,3",,1,,1,,2,"2,3",,5,,3,6,,5,,"3,6",,2,,1,,2,,,,,,,,,,,,,,,,,,,,,,,,,,,,,,,,,,,,,,,,,,,,,,,,,,,,,,,,,,,,,,,,,,,,,,,,,,,,,,,,,,,,,,,,,,,,,,,,,,,,,,,,,,,,,,,,,,,,,,,,,,,,,,,,,,,,,,,,,,,,,,,,,,,,,,,,,,,,,,,,,,,,,,,,,,,,,,,,,,,,,,,,86924,"<span lang=""EN-GB"">Suppose
     you are at a park and you realize today is the last day to pay one of your
     bills online.<o:p></o:p></span>"
10/25/2018 21:10,10/25/2018 21:14,0,138.128.93.71,100,220,1,10/25/2018 21:14,R_1BRuIBmokREPGFz,,,,,30.290802,-81.63210297,anonymous,EN,"1,2,3,4,5,6",3,,2,,"2,3",,3,,"2,3",,2,1,,3,,"1,2",3,,2,,2,,2,,2,,1,,,,,,,,,,,,,,,,,,,,,,,,,,,,,,,,,,,,,,,,,,,,,,,,,,,,,,,,,,,,,,,,,,,,,,,,,,,,,,,,,,,,,,,,,,,,,,,,,,,,,,,,,,,,,,,,,,,,,,,,,,,,,,,,,,,,,,,,,,,,,,,,,,,,,,,,,,,,,,,,,,,,,,,,,,,,,,,,,,,,,,,,99747,"<span lang=""EN-GB"">Suppose you want to find a route to home while walking on a street with your close friends.<o:p></o:p></span>"
10/25/2018 21:19,10/25/2018 21:23,0,24.20.58.5,100,272,1,10/25/2018 21:23,R_SIS8VEnE3fX2NcR,,,,,45.52540588,-122.3739014,anonymous,EN,"1,2,3,4,6","1,2",,"1,2",,"1,2",,1,,1,,"2,3","1,2",,3,,2,"3,4",,2,,"1,2,3",,"2,3",,"1,2",,2,,,,,,,,,,,,,,,,,,,,,,,,,,,,,,,,,,,,,,,,,,,,,,,,,,,,,,,,,,,,,,,,,,,,,,,,,,,,,,,,,,,,,,,,,,,,,,,,,,,,,,,,,,,,,,,,,,,,,,,,,,,,,,,,,,,,,,,,,,,,,,,,,,,,,,,,,,,,,,,,,,,,,,,,,,,,,,,,,,,,,,,,65291,"<span lang=""EN-GB"">Suppose you want to control some devices/appliances (e.g., smart lights) when you are at home with people you are close to (e.g., friends, family members)<strong><o:p></o:p></strong></span>"
10/25/2018 21:23,10/25/2018 21:24,0,75.131.255.32,100,49,1,10/25/2018 21:24,R_2pXeJyJpMc4Vcol,,,,,30.27839661,-89.77120209,anonymous,EN,"1,2,3,4,5","3,4",,"1,2",,"2,4",,1,,"2,4",,4,2,,2,,"1,2",2,,"1,2",,"1,2",,"1,2",,"1,2",,"1,2",,,,,,,,,,,,,,,,,,,,,,,,,,,,,,,,,,,,,,,,,,,,,,,,,,,,,,,,,,,,,,,,,,,,,,,,,,,,,,,,,,,,,,,,,,,,,,,,,,,,,,,,,,,,,,,,,,,,,,,,,,,,,,,,,,,,,,,,,,,,,,,,,,,,,,,,,,,,,,,,,,,,,,,,,,,,,,,,,,,,,,,,11610,"<span lang=""EN-GB"">Suppose you want to browse the internet when you are with your close friends at a park.<o:p></o:p></span>"
10/25/2018 21:27,10/25/2018 21:28,0,184.206.228.127,100,89,1,10/25/2018 21:28,R_25YkBskFbltDyDh,,,,,37.62660217,-97.35810089,anonymous,EN,2,,,,,,,,,,,,,,,,,,,,,,,,,,,,,,,,,,,,,,,,,,,,,,,,,,,,,,,,,,,,,,,,,,,,,,,,,,,,,,,,,,,,,,,,,,,,,,,,,,,,,,,,,,,,,,,,,,,,,,,,,,,,,,,,,,,,,,,,,,,,,,,,,,,,,,,,,,,,,,,,,,,,,,,,,,,,,,,,,,,,,,,,,,,,,,,,,,,,,,,,,,,,,,,,,,,34045,
10/25/2018 21:35,10/25/2018 21:35,0,71.34.156.128,100,21,1,10/25/2018 21:35,R_1H6PHCbmaHVXt1c,,,,,38.87600708,-104.8170013,anonymous,EN,4,,,,,,,,,,,,,,,,,,,,,,,,,,,,,,,,,,,,,,,,,,,,,,,,,,,,,,,,,,,,,,,,,,,,,,,,,,,,,,,,,,,,,,,,,,,,,,,,,,,,,,,,,,,,,,,,,,,,,,,,,,,,,,,,,,,,,,,,,,,,,,,,,,,,,,,,,,,,,,,,,,,,,,,,,,,,,,,,,,,,,,,,,,,,,,,,,,,,,,,,,,,,,,,,,,,72126,"<span lang=""EN-GB"">Suppose
     you want to take a click a photo when you are with people you are close to
     (e.g., friends, family members) at home<o:p></o:p></span>"
10/25/2018 21:25,10/25/2018 21:38,0,73.9.186.216,100,746,1,10/25/2018 21:38,R_3fldpurH9sslStl,,,,,41.51019287,-87.74060059,anonymous,EN,"1,2,5","2,4",,1,,6,,1,,1,,"1,2,3","1,2,3",,2,,"1,2,3",3,,"1,2",,"3,4",,"1,2",,"1,3",,"1,2",,"1,2",4,,5,,6,,3,,6,,4,"1,2,3",,5,,5,,3,,4,,2,,4,,"1,2,3",,1,,2,,5,,1,,1,,1,,1,"1,2,3",,5,,5,,3,,3,,"1,2",,"3,4",,"1,2,3",,2,,,,,,,,,,,,,,,,,,,,,,,,,,,,,,,,,,,,,,,,,,,,,,,,,,,,,,,,,,,,,,,,,,,,,,,,,,,,,,,,,,,,,,,,,,,,,,,,,,,,,,,,,,,,,,,,,,,,,,,,,,,,,71687,"<span lang=""EN-GB"">Suppose
     you want to a send a text message when you are alone at home<strong><o:p></o:p></strong></span>"
10/21/2018 21:15,10/25/2018 21:42,0,50.116.39.21,100,347190,1,10/25/2018 21:42,R_28ONJBaE0InBf9h,,,,,33.74899292,-84.38800049,anonymous,EN,3,,,,,,,,,,,,,,,,,,,,,,,,,,,,,,,,,,,,,,,,,,,,,,,,,,,,,,,,,,,,,,,,,,,,,,,,,,,,,,,,,,,,,,,,,,,,,,,,,,,,,,,,,,,,,,,,,,,,,,,,,,,,,,,,,,,,,,,,,,,,,,,,,,,,,,,,,,,,,,,,,,,,,,,,,,,,,,,,,,,,,,,,,,,,,,,,,,,,,,,,,,,,,,,,,,,52038,"<span lang=""EN-GB"">Suppose you want to find a route to home while walking on a street.<o:p></o:p></span>"
10/25/2018 21:42,10/25/2018 21:42,0,50.116.39.21,100,7,1,10/25/2018 21:42,R_3G7zpy0EkMDgI2e,,,,,33.74899292,-84.38800049,anonymous,EN,4,,,,,,,,,,,,,,,,,,,,,,,,,,,,,,,,,,,,,,,,,,,,,,,,,,,,,,,,,,,,,,,,,,,,,,,,,,,,,,,,,,,,,,,,,,,,,,,,,,,,,,,,,,,,,,,,,,,,,,,,,,,,,,,,,,,,,,,,,,,,,,,,,,,,,,,,,,,,,,,,,,,,,,,,,,,,,,,,,,,,,,,,,,,,,,,,,,,,,,,,,,,,,,,,,,,74720,"<span lang=""EN-GB"">Suppose
     you want to find a route to home when you are alone at Starbucks.<o:p></o:p></span>"
10/25/2018 21:42,10/25/2018 21:42,0,50.116.39.21,100,11,1,10/25/2018 21:42,R_XSyGJWqqUMFA3Zv,,,,,33.74899292,-84.38800049,anonymous,EN,2,,,,,,,,,,,,,,,,,,,,,,,,,,,,,,,,,,,,,,,,,,,,,,,,,,,,,,,,,,,,,,,,,,,,,,,,,,,,,,,,,,,,,,,,,,,,,,,,,,,,,,,,,,,,,,,,,,,,,,,,,,,,,,,,,,,,,,,,,,,,,,,,,,,,,,,,,,,,,,,,,,,,,,,,,,,,,,,,,,,,,,,,,,,,,,,,,,,,,,,,,,,,,,,,,,,5641,"<span id=""docs-internal-guid-5a7e3441-7fff-9d1f-10e6-454a1d940975""><span style=""font-size: 11pt; font-family: Arial; color: rgb(0, 0, 0); background-color: transparent; font-variant-numeric: normal; font-variant-east-asian: normal; vertical-align: baseline; white-space: pre-wrap;"">Suppose you want to call your mother for sharing an important update about your life &nbsp;when you are alone at home</span><br> <br><br></span>"
10/25/2018 21:42,10/25/2018 21:43,0,50.116.39.21,100,18,1,10/25/2018 21:43,R_2P59rUskQto1Nmh,,,,,33.74899292,-84.38800049,anonymous,EN,5,,,,,,,,,,,,,,,,,,,,,,,,,,,,,,,,,,,,,,,,,,,,,,,,,,,,,,,,,,,,,,,,,,,,,,,,,,,,,,,,,,,,,,,,,,,,,,,,,,,,,,,,,,,,,,,,,,,,,,,,,,,,,,,,,,,,,,,,,,,,,,,,,,,,,,,,,,,,,,,,,,,,,,,,,,,,,,,,,,,,,,,,,,,,,,,,,,,,,,,,,,,,,,,,,,,892,"<span lang=""EN-GB"">Suppose you have planned to meet a friend next week and you want to put this on your calendar when you are alone at a park<o:p></o:p></span>"
10/25/2018 21:43,10/25/2018 21:43,0,50.116.39.21,100,15,1,10/25/2018 21:43,R_1DuKCS5BfxeIMak,,,,,33.74899292,-84.38800049,anonymous,EN,6,,,,,,,,,,,,,,,,,,,,,,,,,,,,,,,,,,,,,,,,,,,,,,,,,,,,,,,,,,,,,,,,,,,,,,,,,,,,,,,,,,,,,,,,,,,,,,,,,,,,,,,,,,,,,,,,,,,,,,,,,,,,,,,,,,,,,,,,,,,,,,,,,,,,,,,,,,,,,,,,,,,,,,,,,,,,,,,,,,,,,,,,,,,,,,,,,,,,,,,,,,,,,,,,,,,6921,"<span lang=""EN-GB"">Suppose
     you want to watch some video when you are with people you know (e.g.,
     acquaintances, colleagues) at your home.<o:p></o:p></span>"
10/25/2018 21:43,10/25/2018 21:43,0,50.116.39.21,100,11,1,10/25/2018 21:43,R_3EZ8bItqYPwA6y4,,,,,33.74899292,-84.38800049,anonymous,EN,1,,,,,,,,,,,,,,,,,,,,,,,,,,,,,,,,,,,,,,,,,,,,,,,,,,,,,,,,,,,,,,,,,,,,,,,,,,,,,,,,,,,,,,,,,,,,,,,,,,,,,,,,,,,,,,,,,,,,,,,,,,,,,,,,,,,,,,,,,,,,,,,,,,,,,,,,,,,,,,,,,,,,,,,,,,,,,,,,,,,,,,,,,,,,,,,,,,,,,,,,,,,,,,,,,,,39070,"<span lang=""EN-GB"" style=""font-size:11.0pt;line-height:115%;
font-family:&quot;Arial&quot;,sans-serif;mso-fareast-font-family:Arial;mso-ansi-language:
EN-GB;mso-fareast-language:EN-US;mso-bidi-language:AR-SA"">Suppose you want to a
send a text message when you are alone at Starbucks.</span>"
10/25/2018 21:46,10/25/2018 21:47,0,24.47.187.224,100,20,1,10/25/2018 21:47,R_xaNhlIwjzvjy57r,,,,,40.852005,-73.91290283,anonymous,EN,"1,4",,,,,,,,,,,,,,,,,,,,,,,,,,,,,,,,,,,,,,,,,,,,,,,,,,,,,,,,,,,,,,,,,,,,,,,,,,,,,,,,,,,,,,,,,,,,,,,,,,,,,,,,,,,,,,,,,,,,,,,,,,,,,,,,,,,,,,,,,,,,,,,,,,,,,,,,,,,,,,,,,,,,,,,,,,,,,,,,,,,,,,,,,,,,,,,,,,,,,,,,,,,,,,,,,,,52510,"<span lang=""EN-GB"">Suppose you want to browse the internet when you are at home with people you are close to (e.g., friends, family members)<strong><o:p></o:p></strong></span>"
10/25/2018 21:43,10/25/2018 21:49,0,47.38.77.219,100,324,1,10/25/2018 21:49,R_3lzwjsIQeuhLjaq,,,,,34.64610291,-82.46730042,anonymous,EN,"1,2,3,4,5,6","2,4,5",,5,,"1,2,3",,3,,1,,2,2,,2,,"2,3",6,,2,,"1,2",,"2,3",,"1,2",,"1,2",,,,,,,,,,,,,,,,,,,,,,,,,,,,,,,,,,,,,,,,,,,,,,,,,,,,,,,,,,,,,,,,,,,,,,,,,,,,,,,,,,,,,,,,,,,,,,,,,,,,,,,,,,,,,,,,,,,,,,,,,,,,,,,,,,,,,,,,,,,,,,,,,,,,,,,,,,,,,,,,,,,,,,,,,,,,,,,,,,,,,,,,98953,"<span lang=""EN-GB"">Suppose
     you want to read a digital document when you are at Starbucks.<o:p></o:p></span>"
10/25/2018 22:02,10/25/2018 22:05,0,173.175.195.83,100,186,1,10/25/2018 22:05,R_1Ke6ck0u5M3G1k5,,,,,32.74920654,-96.83889771,anonymous,EN,"1,2,4","1,5",,"1,2",,1,,1,,1,,3,3,,1,,3,"1,4",,2,,"2,3",,"2,3",,1,,2,,,,,,,,,,,,,,,,,,,,,,,,,,,,,,,,,,,,,,,,,,,,,,,,,,,,,,,,,,,,,,,,,,,,,,,,,,,,,,,,,,,,,,,,,,,,,,,,,,,,,,,,,,,,,,,,,,,,,,,,,,,,,,,,,,,,,,,,,,,,,,,,,,,,,,,,,,,,,,,,,,,,,,,,,,,,,,,,,,,,,,,,5412,"<span lang=""EN-GB"">Suppose you want to watch some video when you are with your close friends at Starbucks.<o:p></o:p></span>"
10/25/2018 22:08,10/25/2018 22:09,0,66.78.41.242,100,40,1,10/25/2018 22:09,R_3HNYbaDM4efEL62,,,,,43.63220215,-116.2052002,anonymous,EN,2,,,,,,,,,,,,,,,,,,,,,,,,,,,,,,,,,,,,,,,,,,,,,,,,,,,,,,,,,,,,,,,,,,,,,,,,,,,,,,,,,,,,,,,,,,,,,,,,,,,,,,,,,,,,,,,,,,,,,,,,,,,,,,,,,,,,,,,,,,,,,,,,,,,,,,,,,,,,,,,,,,,,,,,,,,,,,,,,,,,,,,,,,,,,,,,,,,,,,,,,,,,,,,,,,,,68349,"<span lang=""EN-GB"">Suppose
     you want to watch&nbsp; some video when
     you are with people you know (e.g., acquaintances, colleagues) at
     Starbucks<o:p></o:p></span>"
10/25/2018 22:09,10/25/2018 22:09,0,66.78.41.242,100,13,1,10/25/2018 22:09,R_3O6dzk52zI516Fw,,,,,43.63220215,-116.2052002,anonymous,EN,4,,,,,,,,,,,,,,,,,,,,,,,,,,,,,,,,,,,,,,,,,,,,,,,,,,,,,,,,,,,,,,,,,,,,,,,,,,,,,,,,,,,,,,,,,,,,,,,,,,,,,,,,,,,,,,,,,,,,,,,,,,,,,,,,,,,,,,,,,,,,,,,,,,,,,,,,,,,,,,,,,,,,,,,,,,,,,,,,,,,,,,,,,,,,,,,,,,,,,,,,,,,,,,,,,,,22428,"<span lang=""EN-GB"">Suppose
     you want to find a route to home when you are at Starbucks with people you
     know (e.g., acquaintances, colleagues).<o:p></o:p></span>"
10/25/2018 22:10,10/25/2018 22:10,0,66.78.41.242,100,40,1,10/25/2018 22:10,R_24bXDzfgFS9yc4b,,,,,43.63220215,-116.2052002,anonymous,EN,1,,,,,,,,,,,,,,,,,,,,,,,,,,,,,,,,,,,,,,,,,,,,,,,,,,,,,,,,,,,,,,,,,,,,,,,,,,,,,,,,,,,,,,,,,,,,,,,,,,,,,,,,,,,,,,,,,,,,,,,,,,,,,,,,,,,,,,,,,,,,,,,,,,,,,,,,,,,,,,,,,,,,,,,,,,,,,,,,,,,,,,,,,,,,,,,,,,,,,,,,,,,,,,,,,,,41572,"<span lang=""EN-GB"">Suppose
     you want to a view a text message
     when you are walking with a very close friend on a street<o:p></o:p></span>"
10/25/2018 22:10,10/25/2018 22:11,0,66.78.41.242,100,55,1,10/25/2018 22:11,R_1GxMa6zrUueYSyk,,,,,43.63220215,-116.2052002,anonymous,EN,5,,,,,,,,,,,,,,,,,,,,,,,,,,,,,,,,,,,,,,,,,,,,,,,,,,,,,,,,,,,,,,,,,,,,,,,,,,,,,,,,,,,,,,,,,,,,,,,,,,,,,,,,,,,,,,,,,,,,,,,,,,,,,,,,,,,,,,,,,,,,,,,,,,,,,,,,,,,,,,,,,,,,,,,,,,,,,,,,,,,,,,,,,,,,,,,,,,,,,,,,,,,,,,,,,,,64604,"<span lang=""EN-GB"">Suppose
     you want to a send an email when you are walking on a street.<o:p></o:p></span>"
10/25/2018 22:11,10/25/2018 22:11,0,66.78.41.242,100,15,1,10/25/2018 22:11,R_1roJFnBDnxocCMC,,,,,43.63220215,-116.2052002,anonymous,EN,3,,,,,,,,,,,,,,,,,,,,,,,,,,,,,,,,,,,,,,,,,,,,,,,,,,,,,,,,,,,,,,,,,,,,,,,,,,,,,,,,,,,,,,,,,,,,,,,,,,,,,,,,,,,,,,,,,,,,,,,,,,,,,,,,,,,,,,,,,,,,,,,,,,,,,,,,,,,,,,,,,,,,,,,,,,,,,,,,,,,,,,,,,,,,,,,,,,,,,,,,,,,,,,,,,,,33437,"<span lang=""EN-GB"">Suppose
     you want to a view a text message when you are alone at Starbucks.<o:p></o:p></span>"
10/25/2018 22:11,10/25/2018 22:11,0,66.78.41.242,100,20,1,10/25/2018 22:11,R_2t9DdRuvq7wLGgY,,,,,43.63220215,-116.2052002,anonymous,EN,6,,,,,,,,,,,,,,,,,,,,,,,,,,,,,,,,,,,,,,,,,,,,,,,,,,,,,,,,,,,,,,,,,,,,,,,,,,,,,,,,,,,,,,,,,,,,,,,,,,,,,,,,,,,,,,,,,,,,,,,,,,,,,,,,,,,,,,,,,,,,,,,,,,,,,,,,,,,,,,,,,,,,,,,,,,,,,,,,,,,,,,,,,,,,,,,,,,,,,,,,,,,,,,,,,,,84064,"<span lang=""EN-GB"">Suppose
     you want to call your mother for sharing an important update about your
     life&nbsp; when you are alone at a park<o:p></o:p></span>"
10/25/2018 22:21,10/25/2018 22:22,0,186.179.48.111,100,75,1,10/25/2018 22:22,R_2EGgimc6Xcckj5v,,,,,15,-86.5,anonymous,EN,2,,,,,,,,,,,,,,,,,,,,,,,,,,,,,,,,,,,,,,,,,,,,,,,,,,,,,,,,,,,,,,,,,,,,,,,,,,,,,,,,,,,,,,,,,,,,,,,,,,,,,,,,,,,,,,,,,,,,,,,,,,,,,,,,,,,,,,,,,,,,,,,,,,,,,,,,,,,,,,,,,,,,,,,,,,,,,,,,,,,,,,,,,,,,,,,,,,,,,,,,,,,,,,,,,,,70963,"<span lang=""EN-GB"">Suppose
     you want to a view a text message when you are surrounded by people you
     know (e.g., acquaintances, colleagues) at your home.<o:p></o:p></span>"
10/25/2018 22:23,10/25/2018 22:23,0,186.179.48.111,100,22,1,10/25/2018 22:23,R_2f3SLaJprk1UpfR,,,,,15,-86.5,anonymous,EN,"2,5",,,,,,,,,,,,,,,,,,,,,,,,,,,,,,,,,,,,,,,,,,,,,,,,,,,,,,,,,,,,,,,,,,,,,,,,,,,,,,,,,,,,,,,,,,,,,,,,,,,,,,,,,,,,,,,,,,,,,,,,,,,,,,,,,,,,,,,,,,,,,,,,,,,,,,,,,,,,,,,,,,,,,,,,,,,,,,,,,,,,,,,,,,,,,,,,,,,,,,,,,,,,,,,,,,,92250,"<span lang=""EN-GB"">Suppose it is a regular working day, you want to track the total amount of calories&nbsp;</span>you consume and burn off during the day.&nbsp;"
10/25/2018 22:20,10/25/2018 22:23,0,171.61.237.185,100,167,1,10/25/2018 22:23,R_pT7snDd5DLe0cAV,,,,,13.08329773,80.28329468,anonymous,EN,"1,2,5,6",2,,1,,2,,1,,3,,2,2,,2,,2,3,,2,,2,,1,,1,,1,,,,,,,,,,,,,,,,,,,,,,,,,,,,,,,,,,,,,,,,,,,,,,,,,,,,,,,,,,,,,,,,,,,,,,,,,,,,,,,,,,,,,,,,,,,,,,,,,,,,,,,,,,,,,,,,,,,,,,,,,,,,,,,,,,,,,,,,,,,,,,,,,,,,,,,,,,,,,,,,,,,,,,,,,,,,,,,,,,,,,,,,66049,"<span lang=""EN-GB"" style=""font-size:11.0pt;line-height:115%;
font-family:&quot;Arial&quot;,sans-serif;mso-fareast-font-family:Arial;mso-ansi-language:
EN-GB;mso-fareast-language:EN-US;mso-bidi-language:AR-SA"">Suppose you want to browse the internet when you are alone at your home.</span>"
10/25/2018 22:24,10/25/2018 22:24,0,171.61.237.185,100,43,1,10/25/2018 22:24,R_1hJZYukvNpjy177,,,,,13.08329773,80.28329468,anonymous,EN,"2,6",,,,,,,,,,,,,,,,,,,,,,,,,,,,,,,,,,,,,,,,,,,,,,,,,,,,,,,,,,,,,,,,,,,,,,,,,,,,,,,,,,,,,,,,,,,,,,,,,,,,,,,,,,,,,,,,,,,,,,,,,,,,,,,,,,,,,,,,,,,,,,,,,,,,,,,,,,,,,,,,,,,,,,,,,,,,,,,,,,,,,,,,,,,,,,,,,,,,,,,,,,,,,,,,,,,34142,"<span style=""color: rgb(0, 0, 0); font-family: Times; font-size: medium;"">Suppose you want to watch some video when you are with people you know (e.g., acquaintances, colleagues) at Starbucks</span>"
10/25/2018 22:42,10/25/2018 22:42,0,196.16.108.64,100,13,1,10/25/2018 22:42,R_1GHSZQHOSL2HfGN,,,,,34.05439758,-118.2440033,anonymous,EN,3,,,,,,,,,,,,,,,,,,,,,,,,,,,,,,,,,,,,,,,,,,,,,,,,,,,,,,,,,,,,,,,,,,,,,,,,,,,,,,,,,,,,,,,,,,,,,,,,,,,,,,,,,,,,,,,,,,,,,,,,,,,,,,,,,,,,,,,,,,,,,,,,,,,,,,,,,,,,,,,,,,,,,,,,,,,,,,,,,,,,,,,,,,,,,,,,,,,,,,,,,,,,,,,,,,,1687,"<span lang=""EN-GB"">Suppose
     you want to listen to some audio when you are at home with people you are
     close to (e.g., friends, family members).<strong><o:p></o:p></strong></span>"
10/25/2018 22:43,10/25/2018 22:45,0,72.222.208.129,100,138,1,10/25/2018 22:45,R_1HoDTodjMHUldKs,,,,,33.62379456,-112.0044022,anonymous,EN,"1,2,4,6",4,,3,,3,,1,,2,,"2,3",2,,1,,1,2,,2,,4,,2,,3,,2,,,,,,,,,,,,,,,,,,,,,,,,,,,,,,,,,,,,,,,,,,,,,,,,,,,,,,,,,,,,,,,,,,,,,,,,,,,,,,,,,,,,,,,,,,,,,,,,,,,,,,,,,,,,,,,,,,,,,,,,,,,,,,,,,,,,,,,,,,,,,,,,,,,,,,,,,,,,,,,,,,,,,,,,,,,,,,,,,,,,,,,,72394,"<span lang=""EN-GB"">Suppose you want to a send a text message when you are surrounded with people you are close to (e.g., friends, family members) at your home.<strong><o:p></o:p></strong></span>"
10/25/2018 22:46,10/25/2018 22:47,0,192.241.68.214,100,32,1,10/25/2018 22:47,R_siettImo8Sjn0vD,,,,,36.85290527,-76.28780365,anonymous,EN,2,,,,,,,,,,,,,,,,,,,,,,,,,,,,,,,,,,,,,,,,,,,,,,,,,,,,,,,,,,,,,,,,,,,,,,,,,,,,,,,,,,,,,,,,,,,,,,,,,,,,,,,,,,,,,,,,,,,,,,,,,,,,,,,,,,,,,,,,,,,,,,,,,,,,,,,,,,,,,,,,,,,,,,,,,,,,,,,,,,,,,,,,,,,,,,,,,,,,,,,,,,,,,,,,,,,77420,"<span lang=""EN-GB"">Suppose
     you want to purchase something online when you are with people you are
     close to (e.g., friends, family members).<o:p></o:p></span>"
10/25/2018 22:48,10/25/2018 22:59,0,174.213.17.50,100,645,1,10/25/2018 22:59,R_3JC5MDOtIP1zpxb,,,,,33.92280579,-117.4866943,anonymous,EN,"1,2,3,4,5,6",1,,2,,"1,2,3,4",,1,,"2,3",,"2,3",3,,"1,2,3",,"2,3","1,2,3,4",,"1,2,3",,"1,2",,"1,2,3",,"1,3",,2,,"2,6",,,,,,,,,,,,,,,,,,,,,,,,,,,,,,"1,2,5",,"1,2",,"1,2,3,4",,1,,2,,1,3,,1,,1,,2,,"1,2",,"1,2,3",,"1,2",,1,,2,,,,,,,,,,,,,,,,,,,,,,,,,,,,,,,,,,,,,,,,,,,,,,,,,,,,,,,,,,,,,,,,,,,,,,,,,,,,,,,,,,,,,,,,,"1,2",,2,,1,,1,,1,,1,5,,1,,"2,3",,4,,4,,"1,3",,"1,4",,1,,4,,,,,,,,,83851,"<span lang=""EN-GB"">Suppose you want to find a route to home while walking on a street.<o:p></o:p></span>"
10/25/2018 22:59,10/25/2018 23:00,0,192.241.68.214,100,42,1,10/25/2018 23:00,R_2aRbugp8d3Vcnfc,,,,,36.85290527,-76.28780365,anonymous,EN,2,,,,,,,,,,,,,,,,,,,,,,,,,,,,,,,,,,,,,,,,,,,,,,,,,,,,,,,,,,,,,,,,,,,,,,,,,,,,,,,,,,,,,,,,,,,,,,,,,,,,,,,,,,,,,,,,,,,,,,,,,,,,,,,,,,,,,,,,,,,,,,,,,,,,,,,,,,,,,,,,,,,,,,,,,,,,,,,,,,,,,,,,,,,,,,,,,,,,,,,,,,,,,,,,,,,52673,"<span lang=""EN-GB"">Suppose you have planned to meet a friend next week and you want to put this on your calendar when you are surrounded by people you know (e.g., acquaintances, colleagues) at a restaurant.<o:p></o:p></span>"
10/25/2018 23:00,10/25/2018 23:01,0,192.241.68.214,100,25,1,10/25/2018 23:01,R_1fectl7F4B9ukum,,,,,36.85290527,-76.28780365,anonymous,EN,2,,,,,,,,,,,,,,,,,,,,,,,,,,,,,,,,,,,,,,,,,,,,,,,,,,,,,,,,,,,,,,,,,,,,,,,,,,,,,,,,,,,,,,,,,,,,,,,,,,,,,,,,,,,,,,,,,,,,,,,,,,,,,,,,,,,,,,,,,,,,,,,,,,,,,,,,,,,,,,,,,,,,,,,,,,,,,,,,,,,,,,,,,,,,,,,,,,,,,,,,,,,,,,,,,,,8737,"<span lang=""EN-GB"">Suppose you want to read a digital document when you are in a park with people you know (e.g., acquaintances, colleagues).<o:p></o:p></span>"
10/25/2018 23:01,10/25/2018 23:01,0,192.241.68.214,100,19,1,10/25/2018 23:01,R_u9svCi8BXYY577X,,,,,36.85290527,-76.28780365,anonymous,EN,1,,,,,,,,,,,,,,,,,,,,,,,,,,,,,,,,,,,,,,,,,,,,,,,,,,,,,,,,,,,,,,,,,,,,,,,,,,,,,,,,,,,,,,,,,,,,,,,,,,,,,,,,,,,,,,,,,,,,,,,,,,,,,,,,,,,,,,,,,,,,,,,,,,,,,,,,,,,,,,,,,,,,,,,,,,,,,,,,,,,,,,,,,,,,,,,,,,,,,,,,,,,,,,,,,,,57358,"<span lang=""EN-GB"" style=""font-size:11.0pt;line-height:115%;
font-family:&quot;Arial&quot;,sans-serif;mso-fareast-font-family:Arial;mso-ansi-language:
EN-GB;mso-fareast-language:EN-US;mso-bidi-language:AR-SA"">Suppose you want to a
send an email when you are alone at home</span>"
10/25/2018 22:56,10/25/2018 23:02,0,134.215.162.157,100,335,1,10/25/2018 23:02,R_VKgUwRPpAW9gCTD,,,,,43.70910645,-121.5194016,anonymous,EN,"1,2,3,4",7,,1,,3,,1,,2,,3,5,,5,,2,3,,2,,6,,1,,5,,4,,,,,,,,,,,,,,,,,,,,,,,,,,,,,,,,,,,,,,,,,,,,,,,,,,,,,,,,,,,,,,,,,,,,,,,,,,,,,,,,,,,,,,,,,,,,,,,,,,,,,,,,,,,,,,,,,,,,,,,,,,,,,,,,,,,,,,,,,,,,,,,,,,,,,,,,,,,,,,,,,,,,,,,,,,,,,,,,,,,,,,,,58829,"<span lang=""EN-GB"">Suppose you want to a view a text message when you are alone at a street.<o:p></o:p></span>"
10/25/2018 23:01,10/25/2018 23:03,0,66.160.199.56,100,126,1,10/25/2018 23:03,R_1onaso14nz6zNQu,,,,,37.75100708,-97.8219986,anonymous,EN,5,,,,,,,,,,,,,,,,,,,,,,,,,,,,,,,,,,,,,,,,,,,,,,,,,,,,,,,,,,,,,,,,,,,,,,,,,,,,,,,,,,,,,,,,,,,,,,,,,,,,,,,,,,,,,,,,,,,,,,,,,,,,,,,,,,,,,,,,,,,,,,,,,,,,,,,,,,,,,,,,,,,,,,,,,,,,,,,,,,,,,,,,,,,,,,,,,,,,,,,,,,,,,,,,,,,84429,"<span lang=""EN-GB"">Suppose
     you want to purchase something online when you are with people you know
     (e.g., acquaintances, colleagues) at your home.<o:p></o:p></span>"
10/25/2018 23:06,10/25/2018 23:07,0,192.241.68.214,100,49,1,10/25/2018 23:07,R_3r1VlbY3Cupl9on,,,,,36.85290527,-76.28780365,anonymous,EN,3,,,,,,,,,,,,,,,,,,,,,,,,,,,,,,,,,,,,,,,,,,,,,,,,,,,,,,,,,,,,,,,,,,,,,,,,,,,,,,,,,,,,,,,,,,,,,,,,,,,,,,,,,,,,,,,,,,,,,,,,,,,,,,,,,,,,,,,,,,,,,,,,,,,,,,,,,,,,,,,,,,,,,,,,,,,,,,,,,,,,,,,,,,,,,,,,,,,,,,,,,,,,,,,,,,,62903,"<span lang=""EN-GB"">Suppose you want to read a digital document when you are at a park.<o:p></o:p></span>"
10/25/2018 23:08,10/25/2018 23:08,0,192.241.68.214,100,20,1,10/25/2018 23:08,R_T5T0TbEkiRvDqP7,,,,,36.85290527,-76.28780365,anonymous,EN,2,,,,,,,,,,,,,,,,,,,,,,,,,,,,,,,,,,,,,,,,,,,,,,,,,,,,,,,,,,,,,,,,,,,,,,,,,,,,,,,,,,,,,,,,,,,,,,,,,,,,,,,,,,,,,,,,,,,,,,,,,,,,,,,,,,,,,,,,,,,,,,,,,,,,,,,,,,,,,,,,,,,,,,,,,,,,,,,,,,,,,,,,,,,,,,,,,,,,,,,,,,,,,,,,,,,58721,"<span lang=""EN-GB"">Suppose you want to find a route to home while walking on a street with people you know (e.g., acquaintances, colleagues).<o:p></o:p></span>"
10/25/2018 23:08,10/25/2018 23:08,0,192.241.68.214,100,12,1,10/25/2018 23:08,R_1gkgnB0PZiZGaI0,,,,,36.85290527,-76.28780365,anonymous,EN,4,,,,,,,,,,,,,,,,,,,,,,,,,,,,,,,,,,,,,,,,,,,,,,,,,,,,,,,,,,,,,,,,,,,,,,,,,,,,,,,,,,,,,,,,,,,,,,,,,,,,,,,,,,,,,,,,,,,,,,,,,,,,,,,,,,,,,,,,,,,,,,,,,,,,,,,,,,,,,,,,,,,,,,,,,,,,,,,,,,,,,,,,,,,,,,,,,,,,,,,,,,,,,,,,,,,99443,"<span lang=""EN-GB"">Suppose you are at home with people you are close to (e.g., friends, family members) when you realize today is the last day to pay one of your bills online.<o:p></o:p></span>"
10/25/2018 23:03,10/25/2018 23:09,0,104.200.37.140,100,406,1,10/25/2018 23:09,R_1LBGrb63FTizvX0,,,,,35.66650391,-97.4654007,anonymous,EN,"1,2,3,4,5,6",2,,1,,2,,1,,2,,1,1,,2,,2,"3,4",,2,,1,,2,,1,,1,,,,,,,,,,,,,,,,,,,,,,,,,,,,,,,,,,,,,,,,,,,,,,,,,,,,,,,,,,,,,,,,,,,,,,,,,,,,,,,,,,,,,,,,,,,,,,,,,,,,,,,,,,,,,,,,,,,,,,,,,,,,,,,,,,,,,,,,,,,,,,,,,,,,,,,,,,,,,,,,,,,,,,,,,,,,,,,,,,,,,,,,65288,"Suppose you are alone at home, you want to take a break from studying/working&nbsp;<p>so you decide to play a video game with some with some people you know (e.g., acquaintances, colleagues).<o:p></o:p></p>"
10/25/2018 23:14,10/25/2018 23:16,0,158.48.6.139,100,91,1,10/25/2018 23:16,R_R3NSHPyfZDCzgkx,,,,,39.26379395,-84.40920258,anonymous,EN,"1,2,3,4,5,6","1,2,4",,3,,"1,2,3,4",,1,,"1,2,3",,1,"1,2,3",,"2,3",,2,2,,"2,3",,3,,"1,2",,2,,"1,2",,,,,,,,,,,,,,,,,,,,,,,,,,,,,,,,,,,,,,,,,,,,,,,,,,,,,,,,,,,,,,,,,,,,,,,,,,,,,,,,,,,,,,,,,,,,,,,,,,,,,,,,,,,,,,,,,,,,,,,,,,,,,,,,,,,,,,,,,,,,,,,,,,,,,,,,,,,,,,,,,,,,,,,,,,,,,,,,,,,,,,,,67300,"<span lang=""EN-GB"" style=""font-size:11.0pt;line-height:115%;
font-family:&quot;Arial&quot;,sans-serif;mso-fareast-font-family:Arial;mso-ansi-language:
EN-GB;mso-fareast-language:EN-US;mso-bidi-language:AR-SA"">Suppose you want to a
send an email when you are at Starbucks.</span>"
10/25/2018 23:09,10/25/2018 23:19,0,104.200.37.140,100,550,1,10/25/2018 23:19,R_2CxCYkcJ92zUt6F,,,,,35.66650391,-97.4654007,anonymous,EN,"1,2,3,4,5,6","1,2,3,4,5",,"1,2,3",,"1,2,3,4",,1,,"1,2,3,4",,"1,2,3","1,2,3",,"1,2,3",,"1,2,3","1,2,3,4",,"1,2,3",,"1,2,3,4",,"1,2,3",,"1,2,3",,"1,2",,"1,2,3,4,5,6","1,2,3,4,5",,"1,2,3",,"1,2,3,4",,1,,"1,2,3,4",,"1,2,3","1,2,3",,"1,2,3",,"1,2,3",,"1,2,3,4",,"1,2,3,4",,"1,2,3",,"1,2,3,4",,"1,2,3",,"1,2",,"1,2,3,4,5",,"1,2,3",,"1,2,3,4",,1,,"1,2,3,4",,"1,2,3","1,2,3",,"1,2,3",,"1,2,3",,"1,2,3,4",,"1,2,3,4",,"1,2,3",,"1,2,3,4",,"1,2,3",,"1,2",,7,,5,,6,,3,,6,,4,5,,5,,5,,6,,7,,5,,7,,5,,4,,"1,2,3,4,5",,"1,2,3",,"1,2,3,4",,1,,"1,2,3,4",,"1,2,3","1,2,3",,"1,2,3",,"1,2,3",,"1,2,3,4",,"1,2,3,4",,"1,2,3",,"1,2,3,4",,"1,2,3",,"1,2",,"1,2,3,4,5",,"1,2,3",,"1,2,3,4",,1,,"1,2,3,4",,"1,2,3","1,2,3",,"1,2,3",,"1,2,3",,"1,2,3,4",,"1,2,3,4",,"1,2,3",,"1,2,3,4",,"1,2,3",,"1,2",,"1,2,3,4,5",,"1,2,3",,"1,2,3,4",,1,,"1,2,3,4",,"1,2,3","1,2,3",,"1,2,3",,"1,2,3",,"1,2,3,4",,"1,2,3,4",,"1,2,3",,"1,2,3,4",,"1,2,3",,"1,2",,Male,65,Software Engineer,5,1,,3,90880,"<span lang=""EN-GB"">Suppose
     you want to set up a reminder when you with people you know (e.g.,
     acquaintances, colleagues) at a park.<o:p></o:p></span>"
10/25/2018 23:19,10/25/2018 23:25,0,104.200.37.140,100,315,1,10/25/2018 23:25,R_123IbGRS2MWZ6ze,,,,,35.66650391,-97.4654007,anonymous,EN,"1,2,3,4,5,6","1,2,3,4,5",,"1,2,3",,"1,2,3,4",,1,,"1,2,3,4",,"1,2,3","1,2,3",,"1,2,3",,"1,2,3","1,2,3,4",,"1,2,3",,"1,2,3,4",,"1,2,3",,"1,2,3",,"1,2",,"1,2,3,4,5,6",7,,5,,6,,3,,6,,4,5,,5,,5,,6,,7,,5,,6,,5,,4,,"1,2,3,4,5",,"1,2,3",,"1,2,3,4",,1,,"1,2,3,4",,"1,2,3","1,2,3",,"1,2,3",,"1,2,3",,"1,2,3,4",,"1,2,3,4",,"1,2,3",,"1,2,3,4",,"1,2,3",,"1,2",,7,,5,,6,,3,,6,,4,5,,5,,5,,6,,7,,5,,7,,5,,4,,7,,5,,6,,3,,6,,4,5,,5,,5,,6,,7,,5,,7,,5,,4,,7,,5,,6,,3,,6,,4,5,,5,,5,,6,,7,,5,,7,,5,,4,,"1,2,3,4,5",,"1,2,3",,"1,2,3,4",,1,,"1,2,3,4",,"1,2,3","1,2,3",,"1,2,3",,"1,2,3",,"1,2,3,4",,"1,2,3,4",,"1,2,3",,"1,2,3,4",,"1,2,3",,"1,2",,,,,,,,,86343,"Suppose you want to call your mother for sharing an important update about your life when you are surrounded with people you are close to (e.g., friends, family members)at your home."
10/25/2018 23:24,10/25/2018 23:25,0,104.227.86.92,100,16,1,10/25/2018 23:25,R_u9C3YRyF6fWtpWp,,,,,34.1072998,-118.2266006,anonymous,EN,6,,,,,,,,,,,,,,,,,,,,,,,,,,,,,,,,,,,,,,,,,,,,,,,,,,,,,,,,,,,,,,,,,,,,,,,,,,,,,,,,,,,,,,,,,,,,,,,,,,,,,,,,,,,,,,,,,,,,,,,,,,,,,,,,,,,,,,,,,,,,,,,,,,,,,,,,,,,,,,,,,,,,,,,,,,,,,,,,,,,,,,,,,,,,,,,,,,,,,,,,,,,,,,,,,,,14253,"<span lang=""EN-GB"">Suppose
     you want to read a digital document when you are alone at home.<strong><o:p></o:p></strong></span>"
10/25/2018 23:25,10/25/2018 23:25,0,104.227.86.92,100,7,1,10/25/2018 23:25,R_3GjJfk4eZjRfzNh,,,,,34.1072998,-118.2266006,anonymous,EN,5,,,,,,,,,,,,,,,,,,,,,,,,,,,,,,,,,,,,,,,,,,,,,,,,,,,,,,,,,,,,,,,,,,,,,,,,,,,,,,,,,,,,,,,,,,,,,,,,,,,,,,,,,,,,,,,,,,,,,,,,,,,,,,,,,,,,,,,,,,,,,,,,,,,,,,,,,,,,,,,,,,,,,,,,,,,,,,,,,,,,,,,,,,,,,,,,,,,,,,,,,,,,,,,,,,,79257,"<span lang=""EN-GB"">Suppose
     you want to set up a reminder about something when you are with people you
     know (e.g., acquaintances, colleagues) at Starbucks.<o:p></o:p></span>"
10/25/2018 23:25,10/25/2018 23:28,0,104.200.37.140,100,185,1,10/25/2018 23:28,R_2qmZ21NboeyD2k5,,,,,35.66650391,-97.4654007,anonymous,EN,"1,2,3,4,5,6","1,2,3,4,5",,"1,2,3",,"1,2,3,4",,1,,"1,2,4",,"1,2,3","1,2,3",,"1,2,3",,"1,2,3","1,2,3,4",,"1,2,3",,"1,2,3,4",,"1,2,3",,"1,2,3",,"1,2",,1,7,,5,,6,,3,,6,,4,5,,5,,5,,6,,7,,5,,7,,5,,4,,,,,,,,,,,,,,,,,,,,,,,,,,,,,,,,,,,,,,,,,,,,,,,,,,,,,,,,,,,,,,,,,,,,,,,,,,,,,,,,,,,,,,,,,,,,,,,,,,,,,,,,,,,,,,,,,,,,,,,,,,,,,,,,,,,,,,,,,,,,,,,,,,,Male,65,Software Engineer,5,1,,4,5830,"<span lang=""EN-GB"">Suppose
     you are at a park with your close friends and you realize today is the
     last day to pay one of your bills online.<o:p></o:p></span>"
10/25/2018 23:38,10/25/2018 23:39,0,50.3.247.133,100,58,1,10/25/2018 23:39,R_R83mZD6JwNiijtv,,,,,32.81520081,-96.87030029,anonymous,EN,1,,,,,,,,,,,,,,,,,,,,,,,,,,,,,,,,,,,,,,,,,,,,,,,,,,,,,,,,,,,,,,,,,,,,,,,,,,,,,,,,,,,,,,,,,,,,,,,,,,,,,,,,,,,,,,,,,,,,,,,,,,,,,,,,,,,,,,,,,,,,,,,,,,,,,,,,,,,,,,,,,,,,,,,,,,,,,,,,,,,,,,,,,,,,,,,,,,,,,,,,,,,,,,,,,,,2391,"<span lang=""EN-GB"">Suppose you are at Starbucks with your close friends and you realize today is the last day to pay one of your bills online.<o:p></o:p></span>"
10/25/2018 23:39,10/25/2018 23:39,0,50.3.247.133,100,10,1,10/25/2018 23:39,R_10x8jsiccY7ewhc,,,,,32.81520081,-96.87030029,anonymous,EN,3,,,,,,,,,,,,,,,,,,,,,,,,,,,,,,,,,,,,,,,,,,,,,,,,,,,,,,,,,,,,,,,,,,,,,,,,,,,,,,,,,,,,,,,,,,,,,,,,,,,,,,,,,,,,,,,,,,,,,,,,,,,,,,,,,,,,,,,,,,,,,,,,,,,,,,,,,,,,,,,,,,,,,,,,,,,,,,,,,,,,,,,,,,,,,,,,,,,,,,,,,,,,,,,,,,,2123,"<span lang=""EN-GB"">Suppose you want to control some devices/appliances (e.g., smart lights) when you are alone at home.<o:p></o:p></span>"
10/25/2018 23:40,10/25/2018 23:40,0,50.3.247.133,100,22,1,10/25/2018 23:40,R_2YyPFNZkqBUyAKL,,,,,32.81520081,-96.87030029,anonymous,EN,2,,,,,,,,,,,,,,,,,,,,,,,,,,,,,,,,,,,,,,,,,,,,,,,,,,,,,,,,,,,,,,,,,,,,,,,,,,,,,,,,,,,,,,,,,,,,,,,,,,,,,,,,,,,,,,,,,,,,,,,,,,,,,,,,,,,,,,,,,,,,,,,,,,,,,,,,,,,,,,,,,,,,,,,,,,,,,,,,,,,,,,,,,,,,,,,,,,,,,,,,,,,,,,,,,,,56472,"<span lang=""EN-GB"">Suppose
     you want to a send an email when you are surrounded by people you know
     (e.g., acquaintances, colleagues) at a restaurant.<o:p></o:p></span>"
10/25/2018 23:40,10/25/2018 23:41,0,50.3.247.133,100,26,1,10/25/2018 23:41,R_3pg9txyhpGDz7Ga,,,,,32.81520081,-96.87030029,anonymous,EN,6,,,,,,,,,,,,,,,,,,,,,,,,,,,,,,,,,,,,,,,,,,,,,,,,,,,,,,,,,,,,,,,,,,,,,,,,,,,,,,,,,,,,,,,,,,,,,,,,,,,,,,,,,,,,,,,,,,,,,,,,,,,,,,,,,,,,,,,,,,,,,,,,,,,,,,,,,,,,,,,,,,,,,,,,,,,,,,,,,,,,,,,,,,,,,,,,,,,,,,,,,,,,,,,,,,,71719,"<span lang=""EN-GB"">Suppose
     you want to a send a text message when you are surrounded by people you
     know (e.g., acquaintances, colleagues) at a restaurant.<o:p></o:p></span>"
10/25/2018 23:41,10/25/2018 23:41,0,50.3.247.133,100,14,1,10/25/2018 23:41,R_1NEsL8fA67IhQfH,,,,,32.81520081,-96.87030029,anonymous,EN,4,,,,,,,,,,,,,,,,,,,,,,,,,,,,,,,,,,,,,,,,,,,,,,,,,,,,,,,,,,,,,,,,,,,,,,,,,,,,,,,,,,,,,,,,,,,,,,,,,,,,,,,,,,,,,,,,,,,,,,,,,,,,,,,,,,,,,,,,,,,,,,,,,,,,,,,,,,,,,,,,,,,,,,,,,,,,,,,,,,,,,,,,,,,,,,,,,,,,,,,,,,,,,,,,,,,24378,"<span lang=""EN-GB"">Suppose you are on a short vacation and you want to take a picture in front&nbsp;</span>of an iconic monument when you are surrounded by many people."
10/25/2018 23:42,10/25/2018 23:42,0,50.3.247.133,100,14,1,10/25/2018 23:42,R_3h584EqnT1Mq5TG,,,,,32.81520081,-96.87030029,anonymous,EN,5,,,,,,,,,,,,,,,,,,,,,,,,,,,,,,,,,,,,,,,,,,,,,,,,,,,,,,,,,,,,,,,,,,,,,,,,,,,,,,,,,,,,,,,,,,,,,,,,,,,,,,,,,,,,,,,,,,,,,,,,,,,,,,,,,,,,,,,,,,,,,,,,,,,,,,,,,,,,,,,,,,,,,,,,,,,,,,,,,,,,,,,,,,,,,,,,,,,,,,,,,,,,,,,,,,,87321,"<span lang=""EN-GB"">Suppose
     you want to listen to some audio when you are with your friends at
     Starbucks.<o:p></o:p></span>"
10/25/2018 23:42,10/25/2018 23:44,0,50.3.247.133,100,114,1,10/25/2018 23:44,R_3HYp54DzHxjZ0Bn,,,,,32.81520081,-96.87030029,anonymous,EN,"1,2,5,6",1,,"2,3",,"2,3",,3,,2,,2,"2,3",,1,,1,1,,2,,2,,"1,2",,3,,"1,2",,,,,,,,,,,,,,,,,,,,,,,,,,,,,,,,,,,,,,,,,,,,,,,,,,,,,,,,,,,,,,,,,,,,,,,,,,,,,,,,,,,,,,,,,,,,,,,,,,,,,,,,,,,,,,,,,,,,,,,,,,,,,,,,,,,,,,,,,,,,,,,,,,,,,,,,,,,,,,,,,,,,,,,,,,,,,,,,,,,,,,,,63161,"<span lang=""EN-GB"">Suppose you want to browse the internet when you are with people you know (e.g., acquaintances, colleagues) at a park.<o:p></o:p></span>"
10/25/2018 23:42,10/25/2018 23:47,0,47.224.87.223,100,254,1,10/25/2018 23:47,R_1jU1rSV5bclUuOB,,,,,45.01249695,-84.67230225,anonymous,EN,"1,2,4,5,6","2,3",,1,,1,,1,,1,,4,"1,2",,"1,2,3",,4,2,,"1,2",,3,,"1,2",,"1,2",,2,,2,,,,,,,,,,,,,,,,,,,,,,,,,,,,,,2,,5,,1,,3,,1,,4,"1,2,3",,5,,5,,6,,3,,5,,3,,"1,2",,4,,,,,,,,,,,,,,,,,,,,,,,,,,,,,,,,,,,,,,,,,,,,,,,,,,,,,,,,,,,,,,,,,,,,,,,,,,,,,,,,,,,,,,,,,,,,,,,,,,,,,,,,,,,,,,,,,,,,,,female,33,police officer,5,1,,8,37888,"<span lang=""EN-GB"">Suppose you are at a park with some people you know (e.g., acquaintances, colleagues) when you realize that you have to immediately pay one of your bills online.<o:p></o:p></span>"
10/25/2018 23:41,10/25/2018 23:49,0,73.166.183.103,100,461,1,10/25/2018 23:49,R_3spkW99stNzucXv,,,,,29.51730347,-95.09629822,anonymous,EN,"2,3,4",2,,3,,6,,3,,1,,4,"1,2,3",,5,,4,6,,"1,2,3",,7,,"1,2,3",,1,,2,,2,,,,,,,,,,,,,,,,,,,,,,,,,,,,,,2,,3,,6,,1,,1,,4,"1,2,3",,5,,5,,6,,7,,5,,7,,1,,2,,,,,,,,,,,,,,,,,,,,,,,,,,,,,,,,,,,,,,,,,,,,,,,,,,,,,,,,,,,,,,,,,,,,,,,,,,,,,,,,,,,,,,,,,,,,,,,,,,,,,,,,,,,,,,,,,,,,,,female,28,Senior Trainer,3,1,,7,58904,"Suppose you want to check your social media status
     when you are at Starbucks.<o:p></o:p>"
10/25/2018 23:44,10/25/2018 23:49,0,50.3.247.133,100,266,1,10/25/2018 23:49,R_3oXWnPeLpZ38ub9,,,,,32.81520081,-96.87030029,anonymous,EN,"2,4,5,6",2,,3,,1,,1,,6,,2,1,,2,,3,4,,1,,3,,1,,1,,2,,,,,,,,,,,,,,,,,,,,,,,,,,,,,,,,,,,,,,,,,,,,,,,,,,,,,,,,,,,,,,,,,,,,,,,,,,,,,,,,,,,,,,,,,,,,,,,,,,,,,,,,,,,,,,,,,,,,,,,,,,,,,,,,,,,,,,,,,,,,,,,,,,,,,,,,,,,,,,,,,,,,,,,,,,,,,,,,,,,,,,,,51906,"<span lang=""EN-GB"" style=""font-size:11.0pt;line-height:115%;
font-family:&quot;Arial&quot;,sans-serif;mso-fareast-font-family:Arial;mso-ansi-language:
EN-GB;mso-fareast-language:EN-US;mso-bidi-language:AR-SA"">Suppose you want to a
send a text message when you are alone at Starbucks.</span>"
10/25/2018 23:51,10/25/2018 23:52,0,68.100.174.128,100,3,1,10/25/2018 23:52,R_2SAhHOeDjV0AGDW,,,,,38.81770325,-77.29250336,anonymous,EN,3,,,,,,,,,,,,,,,,,,,,,,,,,,,,,,,,,,,,,,,,,,,,,,,,,,,,,,,,,,,,,,,,,,,,,,,,,,,,,,,,,,,,,,,,,,,,,,,,,,,,,,,,,,,,,,,,,,,,,,,,,,,,,,,,,,,,,,,,,,,,,,,,,,,,,,,,,,,,,,,,,,,,,,,,,,,,,,,,,,,,,,,,,,,,,,,,,,,,,,,,,,,,,,,,,,,56036,"<span lang=""EN-GB"">Suppose
     you want to watch some video when
     you are at home with people you are close to (e.g., friends, family
     members)<strong><o:p></o:p></strong></span>"
10/25/2018 23:52,10/25/2018 23:52,0,68.100.174.128,100,22,1,10/25/2018 23:52,R_NWNg3agNYYarvS9,,,,,38.81770325,-77.29250336,anonymous,EN,"1,2,3,4,5,6",2,,2,,3,,1,,3,,2,1,,3,,3,2,,2,,1,,2,,3,,2,,,,,,,,,,,,,,,,,,,,,,,,,,,,,,,,,,,,,,,,,,,,,,,,,,,,,,,,,,,,,,,,,,,,,,,,,,,,,,,,,,,,,,,,,,,,,,,,,,,,,,,,,,,,,,,,,,,,,,,,,,,,,,,,,,,,,,,,,,,,,,,,,,,,,,,,,,,,,,,,,,,,,,,,,,,,,,,,,,,,,,,,7171,"<span lang=""EN-GB"">Suppose you are alone at home, you want to take a break from studying/working&nbsp;</span>so you decide to play an online/digital game with some close friends ."
10/25/2018 23:57,10/26/2018 0:05,0,196.150.3.120,100,449,1,10/26/2018 0:05,R_2af6elQzpQJVOdl,,,,,30.0355072,31.2230072,anonymous,EN,"1,2,4","2,4,5",,1,,"1,3",,1,,1,,3,"1,2,3",,3,,3,"1,2",,2,,1,,2,,1,,4,,2,,,,,,,,,,,,,,,,,,,,,,,,,,,,,,"2,5",,1,,"1,2,3",,1,,2,,3,"2,3",,"1,3",,"1,3",,2,,1,,2,,"1,3",,"1,2",,4,,,,,,,,,,,,,,,,,,,,,,,,,,,,,,,,,,,,,,,,,,,,,,,,,,,,,,,,,,,,,,,,,,,,,,,,,,,,,,,,,,,,,,,,,,,,,,,,,,,,,,,,,,,,,,,,,,,,,,,,,,,,,70467,"<span lang=""EN-GB"" style=""font-size:11.0pt;line-height:115%;
font-family:&quot;Arial&quot;,sans-serif;mso-fareast-font-family:Arial;mso-ansi-language:
EN-GB;mso-fareast-language:EN-US;mso-bidi-language:AR-SA"">Suppose you want to
find a route to a coffee shop when you are alone at home.</span>"
10/26/2018 0:04,10/26/2018 0:18,0,50.25.158.121,100,886,1,10/26/2018 0:18,R_WjsBb2xtWg7VpXb,,,,,35.61920166,-77.39749908,anonymous,EN,"1,2,3","1,4",,"2,3",,"1,2,3,4",,1,,"1,3",,"2,3","1,2,3",,"1,2,3",,"2,3","2,3,4",,"1,2,3",,"2,3,4",,"1,2,3",,"1,2,3",,1,,"1,2","1,2,4",,"1,2,3",,"1,2,3",,1,,"1,2,3",,"1,2,3","1,2,3",,"1,2,3",,"1,2,3",,"2,3,4",,"2,3,4",,"1,2",,"2,3,4",,"1,2,3",,"1,2",,"1,2,3,4",,"1,2,3",,"1,2,3,4",,1,,"1,3",,"1,2,3","1,2,3",,"1,2,3",,"1,2,3",,"2,3,4",,"2,3,4",,"1,2,3",,"2,3,4",,"1,2,3",,1,,,,,,,,,,,,,,,,,,,,,,,,,,,,,,,,,,,,,,,,,,,,,,,,,,,,,,,,,,,,,,,,,,,,,,,,,,,,,,,,,,,,,,,,,,,,,,,,,,,,,,,,,,,,,,,,,,,,,,male,30,Director,5,1,,5,32147,"<span lang=""EN-GB"" style=""font-size:11.0pt;line-height:115%;
font-family:&quot;Arial&quot;,sans-serif;mso-fareast-font-family:Arial;mso-ansi-language:
EN-GB;mso-fareast-language:EN-US;mso-bidi-language:AR-SA"">Suppose you have
planned to meet a friend next week and you want put this on your calendar<span style=""color:#434343""> when you with </span>people you know (e.g.,
acquaintances, colleagues)<span style=""color:#434343""> at a park</span></span>"
10/26/2018 0:30,10/26/2018 0:36,0,98.224.184.136,100,307,1,10/26/2018 0:36,R_2aerajlgWYH6Lx1,,,,,42.67300415,-82.77529907,anonymous,EN,"2,3,4",2,,"1,3",,"2,3",,1,,1,,"2,3","1,2",,"1,3",,1,"2,3,4",,"2,3",,"1,2,3",,2,,3,,1,,,,,,,,,,,,,,,,,,,,,,,,,,,,,,,,,,,,,,,,,,,,,,,,,,,,,,,,,,,,,,,,,,,,,,,,,,,,,,,,,,,,,,,,,,,,,,,,,,,,,,,,,,,,,,,,,,,,,,,,,,,,,,,,,,,,,,,,,,,,,,,,,,,,,,,,,,,,,,,,,,,,,,,,,,,,,,,,,,,,,,,,96261,"<span lang=""EN-GB"">Suppose
     you want to a send a text message when you are surrounded by people you
     know (e.g., acquaintances, colleagues) at your home.<o:p></o:p></span>"
10/26/2018 0:46,10/26/2018 0:47,0,108.85.34.109,100,24,1,10/26/2018 0:47,R_3Ezg2A7x5AuxGBq,,,,,33.12480164,-86.86219788,anonymous,EN,"1,2",,,,,,,,,,,,,,,,,,,,,,,,,,,,,,,,,,,,,,,,,,,,,,,,,,,,,,,,,,,,,,,,,,,,,,,,,,,,,,,,,,,,,,,,,,,,,,,,,,,,,,,,,,,,,,,,,,,,,,,,,,,,,,,,,,,,,,,,,,,,,,,,,,,,,,,,,,,,,,,,,,,,,,,,,,,,,,,,,,,,,,,,,,,,,,,,,,,,,,,,,,,,,,,,,,,4593,"<span lang=""EN-GB"">Suppose you have planned to meet a friend next week and you want to&nbsp;put this on your calendar </span><span lang=""EN-GB"">when</span><span lang=""EN-GB""> you are surrounded by people you know (e.g., acquaintances, colleagues) at your home.</span><span lang=""EN-GB""><o:p></o:p></span>"
10/26/2018 1:08,10/26/2018 1:08,0,74.207.228.68,100,11,1,10/26/2018 1:08,R_20Znbd1SF03JL6Z,,,,,33.74899292,-84.38800049,anonymous,EN,3,,,,,,,,,,,,,,,,,,,,,,,,,,,,,,,,,,,,,,,,,,,,,,,,,,,,,,,,,,,,,,,,,,,,,,,,,,,,,,,,,,,,,,,,,,,,,,,,,,,,,,,,,,,,,,,,,,,,,,,,,,,,,,,,,,,,,,,,,,,,,,,,,,,,,,,,,,,,,,,,,,,,,,,,,,,,,,,,,,,,,,,,,,,,,,,,,,,,,,,,,,,,,,,,,,,49494,"<span lang=""EN-GB"">Suppose
     you want to purchase something (e.g., book, household items) online when
     you are with your close friends at a park.<o:p></o:p></span>"
10/26/2018 1:09,10/26/2018 1:13,0,74.207.228.68,100,240,1,10/26/2018 1:13,R_33qLZuXNPxM571q,,,,,33.74899292,-84.38800049,anonymous,EN,"1,2,3,5",3,,2,,3,,1,,4,,2,2,,3,,2,3,,2,,4,,2,,2,,2,,"2,3",,,,,,,,,,,,,,,,,,,,,,,,,,,,,,3,,2,,2,,1,,2,,1,2,,1,,2,,2,,2,,2,,2,,2,,1,,2,,3,,3,,1,,3,,2,2,,3,,3,,3,,2,,2,,3,,2,,2,,,,,,,,,,,,,,,,,,,,,,,,,,,,,,,,,,,,,,,,,,,,,,,,,,,,,,,,,,,,,,,,,,,,,,,,,,,,,,,,,,,,,,,,,,,,,,,,76788,"<span lang=""EN-GB"">Suppose you want to find a route to a coffee shop when you are
     at home </span><span lang=""EN-GB"">with
     people you are close to (e.g., friends, family members)</span><strong><span lang=""EN-GB""><o:p></o:p></span></strong>"
10/26/2018 1:15,10/26/2018 1:15,0,74.207.228.68,100,56,1,10/26/2018 1:16,R_2XptGCa3PGty30c,,,,,33.74899292,-84.38800049,anonymous,EN,"1,2,3",2,,1,,1,,1,,1,,1,2,,1,,2,1,,1,,2,,1,,1,,1,,,,,,,,,,,,,,,,,,,,,,,,,,,,,,,,,,,,,,,,,,,,,,,,,,,,,,,,,,,,,,,,,,,,,,,,,,,,,,,,,,,,,,,,,,,,,,,,,,,,,,,,,,,,,,,,,,,,,,,,,,,,,,,,,,,,,,,,,,,,,,,,,,,,,,,,,,,,,,,,,,,,,,,,,,,,,,,,,,,,,,,,80753,"<span lang=""EN-GB"">Suppose
     you want to a send an email when you are walking on a street with people
     you know (e.g., acquaintances, colleagues)<strong>.</strong><o:p></o:p></span>"
10/26/2018 1:18,10/26/2018 1:19,0,99.105.80.78,100,32,1,10/26/2018 1:19,R_z5NQpOlRBnjkNln,,,,,41.38969421,-81.73509979,anonymous,EN,"1,2",,,,,,,,,,,,,,,,,,,,,,,,,,,,,,,,,,,,,,,,,,,,,,,,,,,,,,,,,,,,,,,,,,,,,,,,,,,,,,,,,,,,,,,,,,,,,,,,,,,,,,,,,,,,,,,,,,,,,,,,,,,,,,,,,,,,,,,,,,,,,,,,,,,,,,,,,,,,,,,,,,,,,,,,,,,,,,,,,,,,,,,,,,,,,,,,,,,,,,,,,,,,,,,,,,,38102,"<span lang=""EN-GB"">Suppose
     you want to take a click a photo when you are alone at home.<o:p></o:p></span>"
10/26/2018 1:19,10/26/2018 1:21,0,74.207.228.68,100,120,1,10/26/2018 1:21,R_27B8vxvmmC5pe6d,,,,,33.74899292,-84.38800049,anonymous,EN,"1,2,3",2,,2,,"1,2",,1,,1,,2,2,,2,,3,6,,5,,1,,2,,2,,"1,2",,,,,,,,,,,,,,,,,,,,,,,,,,,,,,,,,,,,,,,,,,,,,,,,,,,,,,,,,,,,,,,,,,,,,,,,,,,,,,,,,,,,,,,,,,,,,,,,,,,,,,,,,,,,,,,,,,,,,,,,,,,,,,,,,,,,,,,,,,,,,,,,,,,,,,,,,,,,,,,,,,,,,,,,,,,,,,,,,,,,,,,,30753,"<span lang=""EN-GB"">Suppose you have planned to meet a friend next week and you want to put this on your calendar when you are alone at Starbucks.<o:p></o:p></span>"
10/26/2018 1:28,10/26/2018 1:32,0,38.95.160.15,100,190,1,10/26/2018 1:32,R_SVl4rFnRHl6pSX7,,,,,39.0480957,-77.47280121,anonymous,EN,"5,6",,,,,,,,,,,,,,,,,,,,,,,,,,,,,,,,,,,,,,,,,,,,,,,,,,,,,,,,,,,,,,,,,,,,,,,,,,,,,,,,,,,,,,,,,,,,,,,,,,,,,,,,,,,,,,,,,,,,,,,,,,,,,,,,,,,,,,,,,,,,,,,,,,,,,,,,,,,,,,,,,,,,,,,,,,,,,,,,,,,,,,,,,,,,,,,,,,,,,,,,,,,,,,,,,,,75434,"Suppose
     you want to call your mother for sharing an important update about your
     life when you are surrounded by people you
     know (e.g., acquaintances, colleagues) at a restaurant.<o:p></o:p>"
10/26/2018 1:32,10/26/2018 1:37,0,38.95.160.15,100,324,1,10/26/2018 1:37,R_2dLpFgil6IKZcQs,,,,,39.0480957,-77.47280121,anonymous,EN,"1,2,3,4,5,6","1,2,3,4,5",,"1,2,3",,"1,2,3,4",,1,,"1,2,3,4",,"1,2,3","1,2,3",,"1,2,3",,1,"1,2,3,4",,"1,2,3",,"1,2,3,4",,"1,2,3",,"1,2,3",,"1,2",,,,,,,,,,,,,,,,,,,,,,,,,,,,,,,,,,,,,,,,,,,,,,,,,,,,,,,,,,,,,,,,,,,,,,,,,,,,,,,,,,,,,,,,,,,,,,,,,,,,,,,,,,,,,,,,,,,,,,,,,,,,,,,,,,,,,,,,,,,,,,,,,,,,,,,,,,,,,,,,,,,,,,,,,,,,,,,,,,,,,,,,38983,"<span lang=""EN-GB"" style=""font-size:11.0pt;line-height:115%;
font-family:&quot;Arial&quot;,sans-serif;mso-fareast-font-family:Arial;mso-ansi-language:
EN-GB;mso-fareast-language:EN-US;mso-bidi-language:AR-SA"">Suppose you want to
read a digital document when you are at Starbucks surrounded with your close
friends.</span>"
10/26/2018 2:20,10/26/2018 2:23,0,173.24.222.125,100,130,1,10/26/2018 2:23,R_C2KQZ7RsRRTac5X,,,,,33.40010071,-111.5028,anonymous,EN,"1,2,4",2,,2,,1,,1,,1,,3,3,,1,,2,"1,3",,2,,"1,3",,"1,2",,1,,2,,,,,,,,,,,,,,,,,,,,,,,,,,,,,,,,,,,,,,,,,,,,,,,,,,,,,,,,,,,,,,,,,,,,,,,,,,,,,,,,,,,,,,,,,,,,,,,,,,,,,,,,,,,,,,,,,,,,,,,,,,,,,,,,,,,,,,,,,,,,,,,,,,,,,,,,,,,,,,,,,,,,,,,,,,,,,,,,,,,,,,,,64198,"<span lang=""EN-GB"">Suppose
     you want to watch some video when you are alone at Starbucks.<o:p></o:p></span>"
10/26/2018 2:59,10/26/2018 3:03,0,70.180.249.13,100,211,1,10/26/2018 3:03,R_23UAbpM6jpY907T,,,,,36.11489868,-115.2161026,anonymous,EN,"1,2,3",1,,2,,2,,1,,1,,1,"1,2",,1,,1,2,,1,,2,,"1,2",,3,,"1,2",,,,,,,,,,,,,,,,,,,,,,,,,,,,,,,,,,,,,,,,,,,,,,,,,,,,,,,,,,,,,,,,,,,,,,,,,,,,,,,,,,,,,,,,,,,,,,,,,,,,,,,,,,,,,,,,,,,,,,,,,,,,,,,,,,,,,,,,,,,,,,,,,,,,,,,,,,,,,,,,,,,,,,,,,,,,,,,,,,,,,,,,40144,"<span lang=""EN-GB"">Suppose
     you want to read a digital document when you are at home with people you
     are close to (e.g., friends, family members).<strong><o:p></o:p></strong></span>"
10/26/2018 3:03,10/26/2018 3:04,0,70.180.249.13,100,76,1,10/26/2018 3:04,R_vZxZPkkxhO3Cgvv,,,,,36.11489868,-115.2161026,anonymous,EN,"1,5,6","3,5",,"1,2",,"1,3,4",,3,,"2,4",,4,"1,2",,1,,2,4,,"2,3",,7,,"1,3",,"1,2",,4,,,,,,,,,,,,,,,,,,,,,,,,,,,,,,,,,,,,,,,,,,,,,,,,,,,,,,,,,,,,,,,,,,,,,,,,,,,,,,,,,,,,,,,,,,,,,,,,,,,,,,,,,,,,,,,,,,,,,,,,,,,,,,,,,,,,,,,,,,,,,,,,,,,,,,,,,,,,,,,,,,,,,,,,,,,,,,,,,,,,,,,,92104,"<span lang=""EN-GB"">Suppose
     you are at home with some people you know (e.g., acquaintances,
     colleagues) when you realize today is the last day to pay one of your
     bills online.<o:p></o:p></span>"
10/26/2018 3:32,10/26/2018 3:38,0,198.74.47.159,100,351,1,10/26/2018 3:38,R_3FRrR8Wc58YgF5z,,,,,33.42280579,-112.9527969,anonymous,EN,"1,2,4,5","1,2,3,4,5",,"1,2,3",,"1,2,3,4",,1,,"1,2,3",,"2,3","1,2,3",,"1,2,3",,"1,2,3","2,3",,"1,2,3",,"1,2,3,4",,"1,2,3",,"1,2",,"1,2",,,,,,,,,,,,,,,,,,,,,,,,,,,,,,,,,,,,,,,,,,,,,,,,,,,,,,,,,,,,,,,,,,,,,,,,,,,,,,,,,,,,,,,,,,,,,,,,,,,,,,,,,,,,,,,,,,,,,,,,,,,,,,,,,,,,,,,,,,,,,,,,,,,,,,,,,,,,,,,,,,,,,,,,,,,,,,,,,,,,,,,,60736,"<span lang=""EN-GB"">Suppose
     you want to listen to some audio when you are alone at Starbucks.<o:p></o:p></span>"
10/26/2018 3:59,10/26/2018 4:00,0,108.65.124.61,100,13,1,10/26/2018 4:00,R_rk9ogRYdP9UA43n,,,,,28.45219421,-81.46779633,anonymous,EN,"1,2",,,,,,,,,,,,,,,,,,,,,,,,,,,,,,,,,,,,,,,,,,,,,,,,,,,,,,,,,,,,,,,,,,,,,,,,,,,,,,,,,,,,,,,,,,,,,,,,,,,,,,,,,,,,,,,,,,,,,,,,,,,,,,,,,,,,,,,,,,,,,,,,,,,,,,,,,,,,,,,,,,,,,,,,,,,,,,,,,,,,,,,,,,,,,,,,,,,,,,,,,,,,,,,,,,,92224,"<span lang=""EN-GB"">Suppose
     you want to a view a text message when you are surrounded with people you
     are close to (e.g., friends, family members) at your home.<strong><o:p></o:p></strong></span>"
10/26/2018 4:09,10/26/2018 4:12,0,99.203.81.253,100,173,1,10/26/2018 4:12,R_12mvfqYWg7XAMis,,,,,38.95129395,-76.89579773,anonymous,EN,"1,2,4","1,2,4,5",,1,,1,,1,,1,,2,2,,1,,2,"1,2,4",,1,,"1,2,3,4",,2,,2,,2,,,,,,,,,,,,,,,,,,,,,,,,,,,,,,,,,,,,,,,,,,,,,,,,,,,,,,,,,,,,,,,,,,,,,,,,,,,,,,,,,,,,,,,,,,,,,,,,,,,,,,,,,,,,,,,,,,,,,,,,,,,,,,,,,,,,,,,,,,,,,,,,,,,,,,,,,,,,,,,,,,,,,,,,,,,,,,,,,,,,,,,,67323,"<span lang=""EN-GB"">Suppose you are alone and relaxing at home, you have just read a new book that&nbsp;</span>you loved and now you want a write a review for your close family and friends."
10/26/2018 4:10,10/26/2018 4:14,0,107.174.128.126,100,242,1,10/26/2018 4:14,R_tPW3r3TdPyOxZXb,,,,,42.88639832,-78.87809753,anonymous,EN,5,,,,,,,,,,,,,,,,,,,,,,,,,,,,,,,,,,,,,,,,,,,,,,,,,,,,,,,,,,,,,,,,,,,,,,,,,,,,,,,,,,,,,,,,,,,,,,,,,,,,,,,,,,,,,,,,,,,,,,,,,,,,,,,,,,,,,,,,,,,,,,,,,,,,,,,,,,,,,,,,,,,,,,,,,,,,,,,,,,,,,,,,,,,,,,,,,,,,,,,,,,,,,,,,,,,51131,"<span lang=""EN-GB"">Suppose you want to set up a reminder about something when you are at Starbucks with close friends.<o:p></o:p></span>"
10/19/2018 6:35,10/26/2018 4:14,0,107.172.168.133,100,596337,1,10/26/2018 4:14,R_9RXMXTdmNOWXmKt,,,,,42.88639832,-78.87809753,anonymous,EN,3,,,,,,,,,,,,,,,,,,,,,,,,,,,,,,,,,,,,,,,,,,,,,,,,,,,,,,,,,,,,,,,,,,,,,,,,,,,,,,,,,,,,,,,,,,,,,,,,,,,,,,,,,,,,,,,,,,,,,,,,,,,,,,,,,,,,,,,,,,,,,,,,,,,,,,,,,,,,,,,,,,,,,,,,,,,,,,,,,,,,,,,,,,,,,,,,,,,,,,,,,,,,,,,,,,,52718,"<span lang=""EN-GB"">Suppose you are at your gym and you want to track the amount of calories&nbsp;</span>you have burnt your workout.&nbsp;"
10/26/2018 4:16,10/26/2018 4:21,0,107.174.128.126,100,296,1,10/26/2018 4:21,R_2WOMIpUVzLxqJti,,,,,42.88639832,-78.87809753,anonymous,EN,"1,2,3,4,5,6",2,,2,,2,,1,,3,,1,2,,1,,2,3,,2,,2,,1,,2,,1,,,,,,,,,,,,,,,,,,,,,,,,,,,,,,,,,,,,,,,,,,,,,,,,,,,,,,,,,,,,,,,,,,,,,,,,,,,,,,,,,,,,,,,,,,,,,,,,,,,,,,,,,,,,,,,,,,,,,,,,,,,,,,,,,,,,,,,,,,,,,,,,,,,,,,,,,,,,,,,,,,,,,,,,,,,,,,,,,,,,,,,,55642,"<span lang=""EN-GB"" style=""font-size:11.0pt;line-height:115%;
font-family:&quot;Arial&quot;,sans-serif;mso-fareast-font-family:Arial;mso-ansi-language:
EN-GB;mso-fareast-language:EN-US;mso-bidi-language:AR-SA"">Suppose you want to a
view a text message when you are alone at home</span>"
10/26/2018 4:25,10/26/2018 4:26,0,196.16.109.190,100,38,1,10/26/2018 4:26,R_vxEMZpfQuypF7vX,,,,,34.05439758,-118.2440033,anonymous,EN,"1,2",,,,,,,,,,,,,,,,,,,,,,,,,,,,,,,,,,,,,,,,,,,,,,,,,,,,,,,,,,,,,,,,,,,,,,,,,,,,,,,,,,,,,,,,,,,,,,,,,,,,,,,,,,,,,,,,,,,,,,,,,,,,,,,,,,,,,,,,,,,,,,,,,,,,,,,,,,,,,,,,,,,,,,,,,,,,,,,,,,,,,,,,,,,,,,,,,,,,,,,,,,,,,,,,,,,57795,"<span lang=""EN-GB"">Suppose you want to a send a text message when you are alone at a street.<o:p></o:p></span>"
10/26/2018 4:22,10/26/2018 4:30,0,107.174.128.126,100,505,1,10/26/2018 4:30,R_1PRSxLZryU7qTgg,,,,,42.88639832,-78.87809753,anonymous,EN,"1,2,3,4,5,6",2,,2,,1,,1,,1,,2,2,,1,,2,2,,1,,2,,1,,2,,1,,2,,,,,,,,,,,,,,,,,,,,,,,,,,,,,,3,,2,,2,,1,,"2,3",,2,2,,2,,2,,2,,3,,2,,3,,1,,2,,,,,,,,,,,,,,,,,,,,,,,,,,,,,,,,,,,,,,,,,,,,,,,,,,,,,,,,,,,,,,,,,,,,,,,,,,,,,,,,,,,,,,,,,,,,,,,,,,,,,,,,,,,,,,,,,,,,,,Female,28,Warehouse supervisor,5,1,,3,18080,"<span lang=""EN-GB"">Suppose
     you want to call your mother for sharing an important update about your
     life yourself when you are with a very close friend at a park.&nbsp;<o:p></o:p></span>"
10/26/2018 4:30,10/26/2018 4:30,0,73.130.183.198,100,53,1,10/26/2018 4:30,R_2EoXDWWOnhjfxJu,,,,,40.5670929,-76.32689667,anonymous,EN,"2,4",,,,,,,,,,,,,,,,,,,,,,,,,,,,,,,,,,,,,,,,,,,,,,,,,,,,,,,,,,,,,,,,,,,,,,,,,,,,,,,,,,,,,,,,,,,,,,,,,,,,,,,,,,,,,,,,,,,,,,,,,,,,,,,,,,,,,,,,,,,,,,,,,,,,,,,,,,,,,,,,,,,,,,,,,,,,,,,,,,,,,,,,,,,,,,,,,,,,,,,,,,,,,,,,,,,20634,"<span lang=""EN-GB"">Suppose you want to browse the internet when you are with people you know (e.g., acquaintances, colleagues) at a park.<o:p></o:p></span>"
10/24/2018 1:24,10/26/2018 4:31,0,107.172.140.116,100,184050,1,10/26/2018 4:31,R_3j2SR0UmAytC0eR,,,,,42.88639832,-78.87809753,anonymous,EN,"1,2,3,4,5,6",2,,2,,2,,1,,3,,2,3,,2,,2,3,,2,,3,,2,,2,,2,,"1,2,3,4",3,,3,,3,,1,,2,,2,2,,3,,3,,3,,4,,2,,2,,3,,2,,4,,2,,3,,1,,4,,2,2,,2,,3,,2,,3,,2,,3,,3,,2,,3,,3,,3,,1,,4,,2,2,,2,,3,,3,,3,,2,,2,,3,,2,,3,,3,,3,,1,,3,,2,3,,2,,2,,3,,3,,2,,3,,3,,2,,,,,,,,,,,,,,,,,,,,,,,,,,,,,,,,,,,,,,,,,,,,,,,,,,,,,,,,,,,,,,,,,,,14134,"<span lang=""EN-GB"">Suppose you are at work with some people you know (e.g., acquaintances, colleagues) when you realize that you have to immediately pay one of your bills online.<o:p></o:p></span>"
10/26/2018 4:25,10/26/2018 4:33,0,105.53.166.49,100,465,1,10/26/2018 4:33,R_2VrRV49dQcGRg43,,,,,1,38,anonymous,EN,"1,2,3,4,6","1,2,3,4,5",,"1,2,3",,"1,2,3,4",,1,,"1,2,3,4",,3,"1,2,3",,"1,2,3",,"1,2,3","1,2,3,4",,"1,2,3",,"1,2,3,4",,"1,2,3",,"1,2,3",,"1,2",,,,,,,,,,,,,,,,,,,,,,,,,,,,,,,,,,,,,,,,,,,,,,,,,,,,,,,,,,,,,,,,,,,,,,,,,,,,,,,,,,,,,,,,,,,,,,,,,,,,,,,,,,,,,,,,,,,,,,,,,,,,,,,,,,,,,,,,,,,,,,,,,,,,,,,,,,,,,,,,,,,,,,,,,,,,,,,,,,,,,,,,88137,"<span lang=""EN-GB"">Suppose you are at sitting at Starbucks and you want to play a digital/online&nbsp;</span>game with some close friends."
10/26/2018 4:32,10/26/2018 4:36,0,107.172.140.116,100,229,1,10/26/2018 4:36,R_Td38lS1XFLvHHKp,,,,,42.88639832,-78.87809753,anonymous,EN,"1,2,3,4,5,6",4,,2,,2,,1,,3,,3,3,,3,,1,3,,3,,3,,3,,3,,2,,,,,,,,,,,,,,,,,,,,,,,,,,,,,,,,,,,,,,,,,,,,,,,,,,,,,,,,,,,,,,,,,,,,,,,,,,,,,,,,,,,,,,,,,,,,,,,,,,,,,,,,,,,,,,,,,,,,,,,,,,,,,,,,,,,,,,,,,,,,,,,,,,,,,,,,,,,,,,,,,,,,,,,,,,,,,,,,,,,,,,,,31528,"<span lang=""EN-GB"">Suppose you are on a short vacation alone and you want to take a picture in front&nbsp;</span>of an iconic monument."
10/26/2018 4:33,10/26/2018 4:39,0,97.95.51.4,100,348,1,10/26/2018 4:39,R_3h42FG6ey1k8KSf,,,,,43.77420044,-88.43520355,anonymous,EN,"1,2,3,4","2,4",,1,,"1,2,3",,3,,1,,3,3,,"2,3",,3,"1,3",,2,,3,,2,,"1,2,3",,"1,2",,2,,,,,,,,,,,,,,,,,,,,,,,,,,,,,,2,,5,,3,,3,,1,,3,3,,5,,5,,2,,3,,2,,3,,5,,4,,,,,,,,,,,,,,,,,,,,,,,,,,,,,,,,,,,,,,,,,,,,,,,,,,,,,,,,,,,,,,,,,,,,,,,,,,,,,,,,,,,,,,,,,,,,,,,,,,,,,,,,,,,,,,,,,,,,,,male,65,farmer,2,1,,3,72017,"<span lang=""EN-GB"">Suppose
     you want to a send a text message when you are with a very close friend at
     a restaurant&nbsp;<o:p></o:p></span>"
10/26/2018 4:36,10/26/2018 4:57,0,107.172.140.116,100,1296,1,10/26/2018 4:57,R_214jI6ZThFD2ZWP,,,,,42.88639832,-78.87809753,anonymous,EN,"1,2,3,4,5,6",3,,2,,2,,1,,1,,2,2,,1,,2,2,,2,,2,,2,,2,,2,,6,,,,,,,,,,,,,,,,,,,,,,,,,,,,,,,,,,,,,,,,,,,,,,,,,,,,,,,,,,,,,,,,,,,,,,,,,,,,,,,,,,,,,,,,,,,,,,,,,,,,,,,,,,,,,,,,,,,,,,,,,,,,,,,,,,,,,,,,,,,,,,,,,,2,,2,,3,,1,,1,,1,2,,1,,1,,3,,3,,2,,4,,2,,2,,,,,,,,,3924,"<span lang=""EN-GB"">Suppose it is a regular working day, you want to track the total amount of calories&nbsp;</span>you consume and burn off during the day.&nbsp;"
10/26/2018 5:12,10/26/2018 5:12,0,71.28.174.166,100,17,1,10/26/2018 5:12,R_1n8wVXc4Mle1Dyz,,,,,37.9848938,-84.4815979,anonymous,EN,"2,3",,,,,,,,,,,,,,,,,,,,,,,,,,,,,,,,,,,,,,,,,,,,,,,,,,,,,,,,,,,,,,,,,,,,,,,,,,,,,,,,,,,,,,,,,,,,,,,,,,,,,,,,,,,,,,,,,,,,,,,,,,,,,,,,,,,,,,,,,,,,,,,,,,,,,,,,,,,,,,,,,,,,,,,,,,,,,,,,,,,,,,,,,,,,,,,,,,,,,,,,,,,,,,,,,,,94334,"<span lang=""EN-GB"">Suppose
     you are at a park and you realize today is the last day to pay one of your
     bills online.<o:p></o:p></span>"
10/26/2018 5:12,10/26/2018 5:16,0,107.172.168.133,100,218,1,10/26/2018 5:16,R_xnny1ndKutCdHfX,,,,,42.88639832,-78.87809753,anonymous,EN,"1,2,3,4,5,6",1,,2,,1,,1,,2,,2,1,,1,,1,1,,2,,2,,2,,1,,2,,,,,,,,,,,,,,,,,,,,,,,,,,,,,,,,,,,,,,,,,,,,,,,,,,,,,,,,,,,,,,,,,,,,,,,,,,,,,,,,,,,,,,,,,,,,,,,,,,,,,,,,,,,,,,,,,,,,,,,,,,,,,,,,,,,,,,,,,,,,,,,,,,,,,,,,,,,,,,,,,,,,,,,,,,,,,,,,,,,,,,,,72682,"<span lang=""EN-GB"">Suppose you want to read a digital document when you are at a park.<o:p></o:p></span>"
10/26/2018 5:27,10/26/2018 5:27,0,140.247.98.29,100,12,1,10/26/2018 5:27,R_2v8GHmid95dmDdo,,,,,42.36470032,-71.10420227,anonymous,EN,1,,,,,,,,,,,,,,,,,,,,,,,,,,,,,,,,,,,,,,,,,,,,,,,,,,,,,,,,,,,,,,,,,,,,,,,,,,,,,,,,,,,,,,,,,,,,,,,,,,,,,,,,,,,,,,,,,,,,,,,,,,,,,,,,,,,,,,,,,,,,,,,,,,,,,,,,,,,,,,,,,,,,,,,,,,,,,,,,,,,,,,,,,,,,,,,,,,,,,,,,,,,,,,,,,,,87382,"<span lang=""EN-GB"" style=""font-size:11.0pt;line-height:115%;
font-family:&quot;Arial&quot;,sans-serif;mso-fareast-font-family:Arial;mso-ansi-language:
EN-GB;mso-fareast-language:EN-US;mso-bidi-language:AR-SA"">Suppose you want to a
send a text message when you are alone at Starbucks.</span>"
10/26/2018 5:35,10/26/2018 5:45,0,75.20.133.139,100,624,1,10/26/2018 5:46,R_1otJ5yS4B1QL3aS,,,,,39.07310486,-94.353302,anonymous,EN,"2,3,4",2,,1,,2,,1,,1,,2,2,,2,,2,2,,2,,2,,2,,1,,1,,2,,,,,,,,,,,,,,,,,,,,,,,,,,,,,,2,,1,,1,,1,,1,,2,2,,2,,3,,3,,2,,2,,2,,1,,2,,,,,,,,,,,,,,,,,,,,,,,,,,,,,,,,,,,,,,,,,,,,,,,,,,,,,,,,,,,,,,,,,,,,,,,,,,,,,,,,,,,,,,,,,,,,,,,,,,,,,,,,,,,,,,,,,,,,,,,,,,,,,74279,"<span lang=""EN-GB"">Suppose
     you are at a park with your close friends and you realize today is the
     last day to pay one of your bills online.<o:p></o:p></span>"
10/26/2018 5:39,10/26/2018 5:58,0,108.171.130.165,100,1132,1,10/26/2018 5:58,R_3DtHNwoxio3x1ul,,,,,39.95429993,-75.16570282,anonymous,EN,"1,2,4,5",7,,3,,1,,1,,3,,1,"1,2",,2,,1,1,,2,,1,,2,,1,,2,,2,,,,,,,,,,,,,,,,,,,,,,,,,,,,,,"1,2",,"1,2",,1,,1,,2,,1,"1,2",,1,,1,,"2,3,4",,"1,2",,2,,"1,2",,1,,2,,,,,,,,,,,,,,,,,,,,,,,,,,,,,,,,,,,,,,,,,,,,,,,,,,,,,,,,,,,,,,,,,,,,,,,,,,,,,,,,,,,,,,,,,,,,,,,,,,,,,,,,,,,,,,,,,,,,,,male,30,Reporting and Analytics Manager,6,1,,11,73767,"<span lang=""EN-GB"">Suppose you want to set up a reminder when you are at a park with close friends.<o:p></o:p></span>"
10/26/2018 5:47,10/26/2018 6:03,0,72.10.213.91,100,1004,1,10/26/2018 6:03,R_3iEFamOgUnQtuR1,,,,,43.30239868,-74.99770355,anonymous,EN,"1,2,3,4,5",4,,3,,"1,2,3,4",,3,,"1,2,3",,"2,3","1,2,3",,2,,"2,3","1,3",,"1,2,3",,"2,3,4",,"1,2,3",,"1,2,3",,1,,3,,,,,,,,,,,,,,,,,,,,,,,,,,,,,,,,,,,,,,,,,,,,,,,,,,,,,,,,,,,4,,3,,"1,2,3",,3,,"1,2,3",,2,"1,2,3",,"2,3",,2,,"1,3",,"1,2,3,4",,"1,2",,"1,2,3,4",,2,,1,,,,,,,,,,,,,,,,,,,,,,,,,,,,,,,,,,,,,,,,,,,,,,,,,,,,,,,,,,,,,,,,,,,,,,,,,,,,,,,,,,,,,,,,,,,,,,,,91652,"<span lang=""EN-GB"" style=""font-size:11.0pt;line-height:115%;
font-family:&quot;Arial&quot;,sans-serif;mso-fareast-font-family:Arial;mso-ansi-language:
EN-GB;mso-fareast-language:EN-US;mso-bidi-language:AR-SA"">Suppose you want to browse the internet when you are alone at your home.</span>"
10/26/2018 6:00,10/26/2018 6:05,0,69.117.193.74,100,271,1,10/26/2018 6:05,R_3eabP6njuDAltT7,,,,,41.59649658,-73.91100311,anonymous,EN,"1,2,3,4","2,5",,5,,"1,2,3",,1,,1,,"2,3","1,2,3",,5,,3,6,,5,,3,,2,,"1,3",,4,,,,,,,,,,,,,,,,,,,,,,,,,,,,,,,,,,,,,,,,,,,,,,,,,,,,,,,,,,,,,,,,,,,,,,,,,,,,,,,,,,,,,,,,,,,,,,,,,,,,,,,,,,,,,,,,,,,,,,,,,,,,,,,,,,,,,,,,,,,,,,,,,,,,,,,,,,,,,,,,,,,,,,,,,,,,,,,,,,,,,,,,15376,"<span lang=""EN-GB"">Suppose you want to a send a text message when you are alone at a street.<o:p></o:p></span>"
10/18/2018 17:53,10/19/2018 6:08,0,100.35.97.44,78,44075,0,10/26/2018 6:09,R_1Nm2KB5Mc8nHbS4,,,,,,,anonymous,EN,"1,2,4,5,6",,,,,,,,,,,,,,,,,,,,,,,,,,,,,,,,,,,,,,,,,,,,,,,,,,,,,,,,,,,,,,,,,,,,,,,,,,,,,,,,,,,,,,,,,,,,,,,,,,,,,,,,,,,,,,,,,,,,,,,,,,,,,,,,,,,,,,,,,,,,,,,,,,,,,,,,,,,,,,,,,,,,,,,,,,,,,,,,,,,,,,,,,,,,,,,,,,,,,,,,,,,,,,,,,,,51566,"<span lang=""EN-GB"">Suppose
     you want to watch some video when
     you are at home with people you are close to (e.g., friends, family
     members)<strong><o:p></o:p></strong></span>"
10/26/2018 6:18,10/26/2018 6:18,0,206.246.76.47,100,30,1,10/26/2018 6:18,R_qQoTGsGrDQmm8fL,,,,,41.99719238,-87.71659851,anonymous,EN,3,,,,,,,,,,,,,,,,,,,,,,,,,,,,,,,,,,,,,,,,,,,,,,,,,,,,,,,,,,,,,,,,,,,,,,,,,,,,,,,,,,,,,,,,,,,,,,,,,,,,,,,,,,,,,,,,,,,,,,,,,,,,,,,,,,,,,,,,,,,,,,,,,,,,,,,,,,,,,,,,,,,,,,,,,,,,,,,,,,,,,,,,,,,,,,,,,,,,,,,,,,,,,,,,,,,14580,"<span lang=""EN-GB"">Suppose
     you have planned to meet a friend next week and you want put this on your
     calendar when you are alone at home<strong><o:p></o:p></strong></span>"
10/26/2018 6:18,10/26/2018 6:19,0,206.246.76.47,100,64,1,10/26/2018 6:19,R_2B4Bi06stEhftbj,,,,,41.99719238,-87.71659851,anonymous,EN,"1,4",,,,,,,,,,,,,,,,,,,,,,,,,,,,,,,,,,,,,,,,,,,,,,,,,,,,,,,,,,,,,,,,,,,,,,,,,,,,,,,,,,,,,,,,,,,,,,,,,,,,,,,,,,,,,,,,,,,,,,,,,,,,,,,,,,,,,,,,,,,,,,,,,,,,,,,,,,,,,,,,,,,,,,,,,,,,,,,,,,,,,,,,,,,,,,,,,,,,,,,,,,,,,,,,,,,67071,"<span lang=""EN-GB"">Suppose
     you want to listen to some audio when you are with people you know (e.g.,
     acquaintances, colleagues) at your home.<o:p></o:p></span>"
10/26/2018 6:20,10/26/2018 6:20,0,206.246.76.47,100,50,1,10/26/2018 6:20,R_2Tvl6oLMv04PMpd,,,,,41.99719238,-87.71659851,anonymous,EN,"1,3",,,,,,,,,,,,,,,,,,,,,,,,,,,,,,,,,,,,,,,,,,,,,,,,,,,,,,,,,,,,,,,,,,,,,,,,,,,,,,,,,,,,,,,,,,,,,,,,,,,,,,,,,,,,,,,,,,,,,,,,,,,,,,,,,,,,,,,,,,,,,,,,,,,,,,,,,,,,,,,,,,,,,,,,,,,,,,,,,,,,,,,,,,,,,,,,,,,,,,,,,,,,,,,,,,,18664,"<span lang=""EN-GB"">Suppose you want to find a route to home while walking on a street with your close friends.<o:p></o:p></span>"
10/26/2018 6:31,10/26/2018 6:33,0,52.95.75.12,100,92,1,10/26/2018 6:33,R_1lsoEeUKOXoSx4O,,,,,18.9750061,72.82580566,anonymous,EN,1,,,,,,,,,,,,,,,,,,,,,,,,,,,,,,,,,,,,,,,,,,,,,,,,,,,,,,,,,,,,,,,,,,,,,,,,,,,,,,,,,,,,,,,,,,,,,,,,,,,,,,,,,,,,,,,,,,,,,,,,,,,,,,,,,,,,,,,,,,,,,,,,,,,,,,,,,,,,,,,,,,,,,,,,,,,,,,,,,,,,,,,,,,,,,,,,,,,,,,,,,,,,,,,,,,,89692,"<span lang=""EN-GB"">Suppose you are at sitting at Starbucks and you want to play a digital/online&nbsp;</span>game."
10/26/2018 6:32,10/26/2018 6:34,0,167.177.39.7,100,143,1,10/26/2018 6:34,R_1LTMtCkUoR4UYTp,,,,,44.93719482,-93.12090302,anonymous,EN,"1,2,3,4,6","1,2,4,5",,"1,3",,1,,3,,"1,3,4",,2,1,,"1,3",,4,"1,3,4",,2,,"1,4",,"1,3",,2,,1,,,,,,,,,,,,,,,,,,,,,,,,,,,,,,,,,,,,,,,,,,,,,,,,,,,,,,,,,,,,,,,,,,,,,,,,,,,,,,,,,,,,,,,,,,,,,,,,,,,,,,,,,,,,,,,,,,,,,,,,,,,,,,,,,,,,,,,,,,,,,,,,,,,,,,,,,,,,,,,,,,,,,,,,,,,,,,,,,,,,,,,,16460,"<span lang=""EN-GB"">Suppose
     you want to a view a text message
     when you are walking with a very close friend on a street<o:p></o:p></span>"
10/26/2018 6:33,10/26/2018 6:35,0,76.183.187.227,100,137,1,10/26/2018 6:35,R_1ikTuD1gVYq62Q8,,,,,33.19760132,-96.61530304,anonymous,EN,"1,2,6","1,2",,1,,"1,2",,1,,1,,3,"1,2",,"1,3",,4,"3,4",,2,,"3,4",,2,,2,,2,,,,,,,,,,,,,,,,,,,,,,,,,,,,,,,,,,,,,,,,,,,,,,,,,,,,,,,,,,,,,,,,,,,,,,,,,,,,,,,,,,,,,,,,,,,,,,,,,,,,,,,,,,,,,,,,,,,,,,,,,,,,,,,,,,,,,,,,,,,,,,,,,,,,,,,,,,,,,,,,,,,,,,,,,,,,,,,,,,,,,,,,53521,"<span lang=""EN-GB"">Suppose
     you want to purchase something online when you are alone at Starbucks.<o:p></o:p></span>"
10/26/2018 6:35,10/26/2018 6:37,0,138.128.60.97,100,98,1,10/26/2018 6:37,R_2SltiEbl9PQO8T3,,,,,42.88639832,-78.87809753,anonymous,EN,3,,,,,,,,,,,,,,,,,,,,,,,,,,,,,,,,,,,,,,,,,,,,,,,,,,,,,,,,,,,,,,,,,,,,,,,,,,,,,,,,,,,,,,,,,,,,,,,,,,,,,,,,,,,,,,,,,,,,,,,,,,,,,,,,,,,,,,,,,,,,,,,,,,,,,,,,,,,,,,,,,,,,,,,,,,,,,,,,,,,,,,,,,,,,,,,,,,,,,,,,,,,,,,,,,,,7593,"<span lang=""EN-GB"">Suppose you are at Starbucks with your close friends and you realize today is the last day to pay one of your bills online.<o:p></o:p></span>"
10/26/2018 6:35,10/26/2018 6:37,0,128.164.32.34,100,147,1,10/26/2018 6:37,R_1gkIy82iNp2JfeC,,,,,38.90010071,-77.04789734,anonymous,EN,"1,2,4,5,6",2,,1,,3,,1,,1,,2,2,,2,,2,2,,2,,3,,2,,1,,2,,2,,,,,,,,,,,,,,,,,,,,,,,,,,,,,,"3,4",,1,,2,,1,,1,,"1,2,3",1,,1,,2,,"1,2",,"1,3",,2,,"3,4",,2,,2,,,,,,,,,,,,,,,,,,,,,,,,,,,,,,,,,,,,,,,,,,,,,,,,,,,,,,,,,,,,,,,,,,,,,,,,,,,,,,,,,,,,,,,,,,,,,,,,,,,,,,,,,,,,,,,,,,,,,,,,,,,,,75423,"<span lang=""EN-GB"">Suppose
     you want to set up a reminder when you with people you know (e.g.,
     acquaintances, colleagues) at a park.<o:p></o:p></span>"
10/26/2018 6:33,10/26/2018 6:37,0,69.85.217.236,100,224,1,10/26/2018 6:37,R_Zwse95Uk8UFJ2lr,,,,,30.69619751,-88.18209839,anonymous,EN,"1,2,3,4,5,6",5,,1,,"2,3,4",,1,,1,,4,2,,1,,3,6,,2,,"3,4",,"1,3",,1,,2,,,,,,,,,,,,,,,,,,,,,,,,,,,,,,,,,,,,,,,,,,,,,,,,,,,,,,,,,,,,,,,,,,,,,,,,,,,,,,,,,,,,,,,,,,,,,,,,,,,,,,,,,,,,,,,,,,,,,,,,,,,,,,,,,,,,,,,,,,,,,,,,,,,,,,,,,,,,,,,,,,,,,,,,,,,,,,,,,,,,,,,,43048,"<span lang=""EN-GB"">Suppose
     you want to a send a text message when you are surrounded by people you
     know (e.g., acquaintances, colleagues) at a restaurant.<o:p></o:p></span>"
10/26/2018 6:37,10/26/2018 6:37,0,138.128.60.97,100,17,1,10/26/2018 6:37,R_1i81tTTlXp0YHcJ,,,,,42.88639832,-78.87809753,anonymous,EN,1,,,,,,,,,,,,,,,,,,,,,,,,,,,,,,,,,,,,,,,,,,,,,,,,,,,,,,,,,,,,,,,,,,,,,,,,,,,,,,,,,,,,,,,,,,,,,,,,,,,,,,,,,,,,,,,,,,,,,,,,,,,,,,,,,,,,,,,,,,,,,,,,,,,,,,,,,,,,,,,,,,,,,,,,,,,,,,,,,,,,,,,,,,,,,,,,,,,,,,,,,,,,,,,,,,,39099,"<span lang=""EN-GB"">Suppose you want to a send an email when you are walking with a very close friend on a street.&nbsp;<o:p></o:p></span>"
10/26/2018 6:34,10/26/2018 6:39,0,108.202.89.175,100,261,1,10/26/2018 6:39,R_ZqJNPTBJCcPgrEl,,,,,39.07499695,-94.44989777,anonymous,EN,"1,2,3,4,5","1,2,4,5",,3,,1,,1,,1,,2,"1,2",,5,,2,4,,"1,2",,"1,2,3,4",,2,,"1,2",,4,,,,,,,,,,,,,,,,,,,,,,,,,,,,,,,,,,,,,,,,,,,,,,,,,,,,,,,,,,,,,,,,,,,,,,,,,,,,,,,,,,,,,,,,,,,,,,,,,,,,,,,,,,,,,,,,,,,,,,,,,,,,,,,,,,,,,,,,,,,,,,,,,,,,,,,,,,,,,,,,,,,,,,,,,,,,,,,,,,,,,,,,96576,"<span lang=""EN-GB"">Suppose
     you want to set up a reminder when you are with people you know (e.g.,
     acquaintances, colleagues) at your home.<o:p></o:p></span>"
10/26/2018 6:36,10/26/2018 6:40,0,68.84.214.49,100,271,1,10/26/2018 6:40,R_4H52U6ShVS0oQ5r,,,,,39.98429871,-75.82530212,anonymous,EN,"1,2,3,4,5","1,2,5",,5,,6,,1,,1,,4,1,,2,,3,3,,2,,6,,1,,5,,4,,,,,,,,,,,,,,,,,,,,,,,,,,,,,,,,,,,,,,,,,,,,,,,,,,,,,,,,,,,,,,,,,,,,,,,,,,,,,,,,,,,,,,,,,,,,,,,,,,,,,,,,,,,,,,,,,,,,,,,,,,,,,,,,,,,,,,,,,,,,,,,,,,,,,,,,,,,,,,,,,,,,,,,,,,,,,,,,,,,,,,,,62199,"<span lang=""EN-GB"">Suppose
     you want to a view a text message when you with people you know (e.g.,
     acquaintances, colleagues) at a street<strong>.</strong><o:p></o:p></span>"
10/26/2018 6:39,10/26/2018 6:41,0,66.147.105.33,100,134,1,10/26/2018 6:41,R_RLC4G1aSjzOSrO9,,,,,34.02130127,-84.31040192,anonymous,EN,"1,5,6",2,,1,,2,,1,,1,,2,2,,3,,1,2,,2,,7,,2,,5,,1,,,,,,,,,,,,,,,,,,,,,,,,,,,,,,,,,,,,,,,,,,,,,,,,,,,,,,,,,,,,,,,,,,,,,,,,,,,,,,,,,,,,,,,,,,,,,,,,,,,,,,,,,,,,,,,,,,,,,,,,,,,,,,,,,,,,,,,,,,,,,,,,,,,,,,,,,,,,,,,,,,,,,,,,,,,,,,,,,,,,,,,,21971,"<span lang=""EN-GB"">Suppose you want to read a digital document when you are in a park surrounded by your close friends.<o:p></o:p></span>"
10/26/2018 6:39,10/26/2018 6:45,0,130.105.231.192,100,375,1,10/26/2018 6:45,R_9og9DtA2Fx7463v,,,,,14.42970276,120.9367065,anonymous,EN,"1,2,3,6",1,,1,,"3,4",,1,,1,,1,3,,2,,2,6,,1,,1,,2,,5,,1,,,,,,,,,,,,,,,,,,,,,,,,,,,,,,,,,,,,,,,,,,,,,,,,,,,,,,,,,,,,,,,,,,,,,,,,,,,,,,,,,,,,,,,,,,,,,,,,,,,,,,,,,,,,,,,,,,,,,,,,,,,,,,,,,,,,,,,,,,,,,,,,,,,,,,,,,,,,,,,,,,,,,,,,,,,,,,,,,,,,,,,,50079,"<span lang=""EN-GB"">Suppose
     you want to read a digital document when you are at home with people you
     are close to (e.g., friends, family members).<strong><o:p></o:p></strong></span>"
10/26/2018 6:46,10/26/2018 6:47,0,192.208.167.40,100,30,1,10/26/2018 6:47,R_3kmw4YBOkgj80XD,,,,,38.88059998,-98.85949707,anonymous,EN,"1,2",,,,,,,,,,,,,,,,,,,,,,,,,,,,,,,,,,,,,,,,,,,,,,,,,,,,,,,,,,,,,,,,,,,,,,,,,,,,,,,,,,,,,,,,,,,,,,,,,,,,,,,,,,,,,,,,,,,,,,,,,,,,,,,,,,,,,,,,,,,,,,,,,,,,,,,,,,,,,,,,,,,,,,,,,,,,,,,,,,,,,,,,,,,,,,,,,,,,,,,,,,,,,,,,,,,50443,"<span lang=""EN-GB"" style=""font-size:11.0pt;line-height:115%;
font-family:&quot;Arial&quot;,sans-serif;mso-fareast-font-family:Arial;mso-ansi-language:
EN-GB;mso-fareast-language:EN-US;mso-bidi-language:AR-SA"">Suppose you want to a
send a text message when you are alone at Starbucks.</span>"
10/26/2018 6:50,10/26/2018 6:50,0,173.67.202.55,100,25,1,10/26/2018 6:50,R_1pPyMHTL6RDlXnp,,,,,39.01800537,-77.53900146,anonymous,EN,"2,3",,,,,,,,,,,,,,,,,,,,,,,,,,,,,,,,,,,,,,,,,,,,,,,,,,,,,,,,,,,,,,,,,,,,,,,,,,,,,,,,,,,,,,,,,,,,,,,,,,,,,,,,,,,,,,,,,,,,,,,,,,,,,,,,,,,,,,,,,,,,,,,,,,,,,,,,,,,,,,,,,,,,,,,,,,,,,,,,,,,,,,,,,,,,,,,,,,,,,,,,,,,,,,,,,,,50034,"<span lang=""EN-GB"">Suppose
     you want to watch some video when you are with people you know (e.g.,
     acquaintances, colleagues) at your home.<o:p></o:p></span>"
10/26/2018 6:50,10/26/2018 6:51,0,38.132.117.195,100,29,1,10/26/2018 6:51,R_VKM5ymvKIwNHKox,,,,,37.75100708,-97.8219986,anonymous,EN,"1,2",,,,,,,,,,,,,,,,,,,,,,,,,,,,,,,,,,,,,,,,,,,,,,,,,,,,,,,,,,,,,,,,,,,,,,,,,,,,,,,,,,,,,,,,,,,,,,,,,,,,,,,,,,,,,,,,,,,,,,,,,,,,,,,,,,,,,,,,,,,,,,,,,,,,,,,,,,,,,,,,,,,,,,,,,,,,,,,,,,,,,,,,,,,,,,,,,,,,,,,,,,,,,,,,,,,54621,"<span lang=""EN-GB"">Suppose
     you want to a view a text message when you are surrounded with people you
     are close to (e.g., friends, family members) at your home.<strong><o:p></o:p></strong></span>"
10/19/2018 6:49,10/19/2018 6:51,0,66.147.105.33,78,125,0,10/26/2018 6:51,R_2tExGvaSISG2DlZ,,,,,,,anonymous,EN,"1,2,3,5",,,,,,,,,,,,,,,,,,,,,,,,,,,,,,,,,,,,,,,,,,,,,,,,,,,,,,,,,,,,,,,,,,,,,,,,,,,,,,,,,,,,,,,,,,,,,,,,,,,,,,,,,,,,,,,,,,,,,,,,,,,,,,,,,,,,,,,,,,,,,,,,,,,,,,,,,,,,,,,,,,,,,,,,,,,,,,,,,,,,,,,,,,,,,,,,,,,,,,,,,,,,,,,,,,,52706,"Suppose you want to find a route to a coffee shop
     when you are at home with your by your colleagues<o:p></o:p>"
10/26/2018 6:47,10/26/2018 6:51,0,107.77.204.190,100,263,1,10/26/2018 6:51,R_urJHNjZb4WDf28N,,,,,38.81489563,-77.1210022,anonymous,EN,"1,2,3,4","2,5",,1,,1,,1,,1,,2,1,,2,,2,2,,2,,3,,1,,4,General reliability,2,,,,,,,,,,,,,,,,,,,,,,,,,,,,,,,,,,,,,,,,,,,,,,,,,,,,,,,,,,,,,,,,,,,,,,,,,,,,,,,,,,,,,,,,,,,,,,,,,,,,,,,,,,,,,,,,,,,,,,,,,,,,,,,,,,,,,,,,,,,,,,,,,,,,,,,,,,,,,,,,,,,,,,,,,,,,,,,,,,,,,,,,30664,"<span lang=""EN-GB"">Suppose
     you want to listen to some audio when you with people you know (e.g.,
     acquaintances, colleagues) at Starbucks<o:p></o:p></span>"
10/26/2018 6:53,10/26/2018 6:53,0,206.246.76.47,100,14,1,10/26/2018 6:53,R_2952L9BR5oAXZ26,,,,,41.99719238,-87.71659851,anonymous,EN,6,,,,,,,,,,,,,,,,,,,,,,,,,,,,,,,,,,,,,,,,,,,,,,,,,,,,,,,,,,,,,,,,,,,,,,,,,,,,,,,,,,,,,,,,,,,,,,,,,,,,,,,,,,,,,,,,,,,,,,,,,,,,,,,,,,,,,,,,,,,,,,,,,,,,,,,,,,,,,,,,,,,,,,,,,,,,,,,,,,,,,,,,,,,,,,,,,,,,,,,,,,,,,,,,,,,65066,"<span lang=""EN-GB"">Suppose you want to control some devices/appliances (e.g., smart lights) when you are alone at home.<o:p></o:p></span>"
10/26/2018 6:52,10/26/2018 6:54,0,108.213.128.25,100,91,1,10/26/2018 6:54,R_veNc2xMox8xaQ2l,,,,,33.99029541,-80.99970245,anonymous,EN,3,,,,,,,,,,,,,,,,,,,,,,,,,,,,,,,,,,,,,,,,,,,,,,,,,,,,,,,,,,,,,,,,,,,,,,,,,,,,,,,,,,,,,,,,,,,,,,,,,,,,,,,,,,,,,,,,,,,,,,,,,,,,,,,,,,,,,,,,,,,,,,,,,,,,,,,,,,,,,,,,,,,,,,,,,,,,,,,,,,,,,,,,,,,,,,,,,,,,,,,,,,,,,,,,,,,28720,"<span lang=""EN-GB"">Suppose you are alone and relaxing at home, you have just read a new book that&nbsp;</span>you loved and now you want a write a review for your close family and friends."
10/26/2018 6:52,10/26/2018 6:55,0,104.247.134.193,100,167,1,10/26/2018 6:55,R_2X0dw9Wu1WfXeGh,,,,,35.66650391,-97.4654007,anonymous,EN,"1,2,3,4,5,6",2,,1,,1,,1,,"2,3",,1,2,,"1,2",,"1,2,3",1,,1,,1,,2,,3,,1,,,,,,,,,,,,,,,,,,,,,,,,,,,,,,,,,,,,,,,,,,,,,,,,,,,,,,,,,,,,,,,,,,,,,,,,,,,,,,,,,,,,,,,,,,,,,,,,,,,,,,,,,,,,,,,,,,,,,,,,,,,,,,,,,,,,,,,,,,,,,,,,,,,,,,,,,,,,,,,,,,,,,,,,,,,,,,,,,,,,,,,,23630,"Suppose you want to purchase something online when
     you are with people you know (e.g., acquaintances,
     colleagues) at a park.<o:p></o:p>"
10/26/2018 6:53,10/26/2018 6:57,0,108.5.148.222,100,263,1,10/26/2018 6:57,R_3k1kOv4ZQA0Fi5K,,,,,40.79460144,-74.1631012,anonymous,EN,"1,2,3,4",2,,3,,2,,1,,3,,4,1,,1,,2,2,,2,,4,,2,,3,,2,,,,,,,,,,,,,,,,,,,,,,,,,,,,,,,,,,,,,,,,,,,,,,,,,,,,,,,,,,,,,,,,,,,,,,,,,,,,,,,,,,,,,,,,,,,,,,,,,,,,,,,,,,,,,,,,,,,,,,,,,,,,,,,,,,,,,,,,,,,,,,,,,,,,,,,,,,,,,,,,,,,,,,,,,,,,,,,,,,,,,,,,79273,"Suppose you want to find a route to a coffee shop
     when you are at home with your by your colleagues<o:p></o:p>"
10/26/2018 6:59,10/26/2018 7:01,0,67.165.77.204,100,130,1,10/26/2018 7:01,R_1LYUnywfxfgy6Cv,,,,,40.30740356,-79.54239655,anonymous,EN,"1,2,3,4,5",1,,"1,2",,"1,3",,1,,"1,3,4",,"2,3","1,2,3",,3,,1,"1,2",,1,,3,,2,,"1,2",,2,,,,,,,,,,,,,,,,,,,,,,,,,,,,,,,,,,,,,,,,,,,,,,,,,,,,,,,,,,,,,,,,,,,,,,,,,,,,,,,,,,,,,,,,,,,,,,,,,,,,,,,,,,,,,,,,,,,,,,,,,,,,,,,,,,,,,,,,,,,,,,,,,,,,,,,,,,,,,,,,,,,,,,,,,,,,,,,,,,,,,,,,83015,"Suppose you want to call your mother for sharing an important update about your life when you are surrounded with people you are close to (e.g., friends, family members)at your home."
10/26/2018 6:58,10/26/2018 7:04,0,199.189.242.15,100,336,1,10/26/2018 7:04,R_1g28RW7CAKBP94e,,,,,35.94389343,-85.43920135,anonymous,EN,"2,3,4","2,3,4",,1,,"1,2,3",,1,,1,,"2,3","1,2,3",,"1,2",,"1,2,3","1,2,3",,"1,2,3",,"1,2,3",,"1,2,3",,"1,2,3",,"1,2",,,,,,,,,,,,,,,,,,,,,,,,,,,,,,,,,,,,,,,,,,,,,,,,,,,,,,,,,,,,,,,,,,,,,,,,,,,,,,,,,,,,,,,,,,,,,,,,,,,,,,,,,,,,,,,,,,,,,,,,,,,,,,,,,,,,,,,,,,,,,,,,,,,,,,,,,,,,,,,,,,,,,,,,,,,,,,,,,,,,,,,,87248,"<span lang=""EN-GB"">Suppose
     you want to set up a reminder when you are alone at your home.<strong><o:p></o:p></strong></span>"
10/26/2018 6:59,10/26/2018 7:05,0,47.24.154.241,100,342,1,10/26/2018 7:05,R_279hRnO0sYXH23c,,,,,38.57809448,-90.42559814,anonymous,EN,"1,2,3,4","2,5",,1,,"1,2,3,4",,1,,1,,"1,2","1,2",,2,,3,"2,3",,1,,6,,1,,"1,2,3",,2,,,,,,,,,,,,,,,,,,,,,,,,,,,,,,,,,,,,,,,,,,,,,,,,,,,,,,,,,,,,,,,,,,,,,,,,,,,,,,,,,,,,,,,,,,,,,,,,,,,,,,,,,,,,,,,,,,,,,,,,,,,,,,,,,,,,,,,,,,,,,,,,,,,,,,,,,,,,,,,,,,,,,,,,,,,,,,,,,,,,,,,,51765,"Suppose you want to check your social media status
     when you are at Starbucks.<o:p></o:p>"
10/26/2018 7:06,10/26/2018 7:06,0,62.212.73.141,100,22,1,10/26/2018 7:06,R_1ONVrLt5Sk2GBRC,,,,,0,0,anonymous,EN,1,,,,,,,,,,,,,,,,,,,,,,,,,,,,,,,,,,,,,,,,,,,,,,,,,,,,,,,,,,,,,,,,,,,,,,,,,,,,,,,,,,,,,,,,,,,,,,,,,,,,,,,,,,,,,,,,,,,,,,,,,,,,,,,,,,,,,,,,,,,,,,,,,,,,,,,,,,,,,,,,,,,,,,,,,,,,,,,,,,,,,,,,,,,,,,,,,,,,,,,,,,,,,,,,,,,37476,"<span lang=""EN-GB"">Suppose
     you want to take a click a photo when you are alone at home.<o:p></o:p></span>"
10/26/2018 7:09,10/26/2018 7:10,0,24.154.176.123,100,66,1,10/26/2018 7:10,R_3NQBWDTDl2YyAr1,,,,,40.88589478,-79.93399811,anonymous,EN,6,,,,,,,,,,,,,,,,,,,,,,,,,,,,,,,,,,,,,,,,,,,,,,,,,,,,,,,,,,,,,,,,,,,,,,,,,,,,,,,,,,,,,,,,,,,,,,,,,,,,,,,,,,,,,,,,,,,,,,,,,,,,,,,,,,,,,,,,,,,,,,,,,,,,,,,,,,,,,,,,,,,,,,,,,,,,,,,,,,,,,,,,,,,,,,,,,,,,,,,,,,,,,,,,,,,90494,"<span lang=""EN-GB"">Suppose you have planned to meet a friend next week and you want to put this on your calendar when you are alone at Starbucks.<o:p></o:p></span>"
10/26/2018 7:10,10/26/2018 7:11,0,192.110.200.50,100,90,1,10/26/2018 7:11,R_rfKV6BQNa6jcgW5,,,,,42.729599,-94.67369843,anonymous,EN,"2,3,5",4,,2,,3,,1,,"1,3",,1,2,,1,,2,2,,1,,"1,2",,1,,"1,2",,1,,,,,,,,,,,,,,,,,,,,,,,,,,,,,,,,,,,,,,,,,,,,,,,,,,,,,,,,,,,,,,,,,,,,,,,,,,,,,,,,,,,,,,,,,,,,,,,,,,,,,,,,,,,,,,,,,,,,,,,,,,,,,,,,,,,,,,,,,,,,,,,,,,,,,,,,,,,,,,,,,,,,,,,,,,,,,,,,,,,,,,,,8831,"<span lang=""EN-GB"">Suppose you want to browse the internet when you are with people you know (e.g., acquaintances, colleagues) at a restaurant.<o:p></o:p></span>"
10/26/2018 7:09,10/26/2018 7:12,0,199.87.130.129,100,206,1,10/26/2018 7:12,R_eK7UEJTUKWCxnLb,,,,,37.54769897,-77.39479828,anonymous,EN,"1,2,3,4,6","1,2",,1,,"2,4",,1,,"3,4",,2,3,,2,,"2,3","2,3",,"2,3",,"2,3",,"2,3",,"1,3",,2,,,,,,,,,,,,,,,,,,,,,,,,,,,,,,,,,,,,,,,,,,,,,,,,,,,,,,,,,,,,,,,,,,,,,,,,,,,,,,,,,,,,,,,,,,,,,,,,,,,,,,,,,,,,,,,,,,,,,,,,,,,,,,,,,,,,,,,,,,,,,,,,,,,,,,,,,,,,,,,,,,,,,,,,,,,,,,,,,,,,,,,,86601,"<span lang=""EN-GB"">Suppose
     you want to listen to some audio when you are at home with people you are
     close to (e.g., friends, family members).<strong><o:p></o:p></strong></span>"
10/25/2018 11:46,10/26/2018 7:18,0,74.235.99.130,100,70297,1,10/26/2018 7:18,R_XjhrtOstoU86UrD,,,,,35.45329285,-81.8117981,anonymous,EN,"2,3,4","3,4,5",,"1,2,3",,"1,2,3",,1,,4,,3,1,,3,,"1,2",3,,5,,3,,5,,1,,2,,,,,,,,,,,,,,,,,,,,,,,,,,,,,,,,,,,,,,,,,,,,,,,,,,,,,,,,,,,,,,,,,,,,,,,,,,,,,,,,,,,,,,,,,,,,,,,,,,,,,,,,,,,,,,,,,,,,,,,,,,,,,,,,,,,,,,,,,,,,,,,,,,,,,,,,,,,,,,,,,,,,,,,,,,,,,,,,,,,,,,,,74859,"<span lang=""EN-GB"">Suppose you are on a short vacation alone and you want to take a picture in front&nbsp;</span>of an iconic monument."
10/19/2018 7:16,10/19/2018 7:18,0,64.239.192.71,78,84,0,10/26/2018 7:18,R_3JlvYxyliBP4uIT,,,,,,,anonymous,EN,"1,2,4,5",,,,,,,,,,,,,,,,,,,,,,,,,,,,,,,,,,,,,,,,,,,,,,,,,,,,,,,,,,,,,,,,,,,,,,,,,,,,,,,,,,,,,,,,,,,,,,,,,,,,,,,,,,,,,,,,,,,,,,,,,,,,,,,,,,,,,,,,,,,,,,,,,,,,,,,,,,,,,,,,,,,,,,,,,,,,,,,,,,,,,,,,,,,,,,,,,,,,,,,,,,,,,,,,,,,24673,"<span lang=""EN-GB"">Suppose
     you want to listen to some audio when you are at home with people you are
     close to (e.g., friends, family members).<strong><o:p></o:p></strong></span>"
10/26/2018 7:19,10/26/2018 7:21,0,71.90.243.19,100,96,1,10/26/2018 7:21,R_2c59pdEVle9y5zs,,,,,32.37359619,-86.1832962,anonymous,EN,"2,5,6",2,,2,,2,,1,,2,,1,2,,2,,1,2,,1,,3,,2,,1,,1,,,,,,,,,,,,,,,,,,,,,,,,,,,,,,,,,,,,,,,,,,,,,,,,,,,,,,,,,,,,,,,,,,,,,,,,,,,,,,,,,,,,,,,,,,,,,,,,,,,,,,,,,,,,,,,,,,,,,,,,,,,,,,,,,,,,,,,,,,,,,,,,,,,,,,,,,,,,,,,,,,,,,,,,,,,,,,,,,,,,,,,,83045,"<span lang=""EN-GB"">Suppose you are at sitting in a park and you want to play a digital/online game.<o:p></o:p></span>"
10/26/2018 7:18,10/26/2018 7:21,0,65.71.154.251,100,156,1,10/26/2018 7:21,R_3J3EtFcwFh3lOGa,,,,,34.74130249,-92.42220306,anonymous,EN,"1,2,3,4","1,2,3,4",,"1,3",,"1,2,3,4",,1,,"1,2,3,4",,"2,3","1,3",,"1,2,3",,4,"1,2",,"1,2",,"1,2,3,4",,1,,"1,2,3",,"1,2",,,,,,,,,,,,,,,,,,,,,,,,,,,,,,,,,,,,,,,,,,,,,,,,,,,,,,,,,,,,,,,,,,,,,,,,,,,,,,,,,,,,,,,,,,,,,,,,,,,,,,,,,,,,,,,,,,,,,,,,,,,,,,,,,,,,,,,,,,,,,,,,,,,,,,,,,,,,,,,,,,,,,,,,,,,,,,,,,,,,,,,,64531,"<span lang=""EN-GB"">Suppose
     you want to a send an email when you are walking on a street with people
     you know (e.g., acquaintances, colleagues)<strong>.</strong><o:p></o:p></span>"
10/26/2018 7:20,10/26/2018 7:22,0,65.128.25.100,100,166,1,10/26/2018 7:22,R_3PhnPZEsVO3QPF1,,,,,44.93840027,-93.2213974,anonymous,EN,"1,2,3,5",5,,5,,2,,3,,1,,2,5,,5,,2,6,,2,,3,,2,,5,,4,,2,,,,,,,,,,,,,,,,,,,,,,,,,,,,,,5,,5,,2,,3,,1,,4,5,,5,,5,,6,,3,,2,,7,,5,,4,,,,,,,,,,,,,,,,,,,,,,,,,,,,,,,,,,,,,,,,,,,,,,,,,,,,,,,,,,,,,,,,,,,,,,,,,,,,,,,,,,,,,,,,,,,,,,,,,,,,,,,,,,,,,,,,,,,,,,,,,,,,,55431,"<span lang=""EN-GB"" style=""font-size:11.0pt;line-height:115%;
font-family:&quot;Arial&quot;,sans-serif;mso-fareast-font-family:Arial;mso-ansi-language:
EN-GB;mso-fareast-language:EN-US;mso-bidi-language:AR-SA"">Suppose you have
planned to meet a friend next week and you want put this on your calendar<span style=""color:#434343""> when you with </span>people you know (e.g.,
acquaintances, colleagues)<span style=""color:#434343""> at a park</span></span>"
10/26/2018 7:20,10/26/2018 7:25,0,174.24.96.20,100,307,1,10/26/2018 7:25,R_D5FzOhYpKHr73Kp,,,,,38.88600159,-104.7398987,anonymous,EN,"1,2,3,4",4,,5,,2,,3,,1,,1,3,,5,,3,3,,2,,3,,5,,3,,2,,,,,,,,,,,,,,,,,,,,,,,,,,,,,,,,,,,,,,,,,,,,,,,,,,,,,,,,,,,,,,,,,,,,,,,,,,,,,,,,,,,,,,,,,,,,,,,,,,,,,,,,,,,,,,,,,,,,,,,,,,,,,,,,,,,,,,,,,,,,,,,,,,,,,,,,,,,,,,,,,,,,,,,,,,,,,,,,,,,,,,,,99834,"<span lang=""EN-GB"">Suppose you are at work with some people you know (e.g., acquaintances, colleagues) when you realize that you have to immediately pay one of your bills online.<o:p></o:p></span>"
10/26/2018 7:30,10/26/2018 7:30,0,142.196.231.97,100,26,1,10/26/2018 7:30,R_D8ofriIRavR86S5,,,,,28.65130615,-81.20659637,anonymous,EN,"1,2",,,,,,,,,,,,,,,,,,,,,,,,,,,,,,,,,,,,,,,,,,,,,,,,,,,,,,,,,,,,,,,,,,,,,,,,,,,,,,,,,,,,,,,,,,,,,,,,,,,,,,,,,,,,,,,,,,,,,,,,,,,,,,,,,,,,,,,,,,,,,,,,,,,,,,,,,,,,,,,,,,,,,,,,,,,,,,,,,,,,,,,,,,,,,,,,,,,,,,,,,,,,,,,,,,,73864,"<span lang=""EN-GB"">Suppose
     you want to a view a text message when you are with a very close friend at
     a restaurant&nbsp;<o:p></o:p></span>"
10/26/2018 7:33,10/26/2018 7:34,0,162.213.133.122,100,39,1,10/26/2018 7:34,R_s5Lk3R76vkF0XHX,,,,,40.72619629,-73.979599,anonymous,EN,"1,2,3",3,,1,,2,,1,,3,,2,1,,2,,3,3,,1,,2,,2,,2,,1,,,,,,,,,,,,,,,,,,,,,,,,,,,,,,,,,,,,,,,,,,,,,,,,,,,,,,,,,,,,,,,,,,,,,,,,,,,,,,,,,,,,,,,,,,,,,,,,,,,,,,,,,,,,,,,,,,,,,,,,,,,,,,,,,,,,,,,,,,,,,,,,,,,,,,,,,,,,,,,,,,,,,,,,,,,,,,,,,,,,,,,,21770,"<span lang=""EN-GB"">Suppose
     you want to listen to some audio when you are alone at your home.<strong><o:p></o:p></strong></span>"
10/26/2018 7:23,10/26/2018 7:35,0,67.142.112.177,100,698,1,10/26/2018 7:35,R_XMRLQtpCEi3e6s1,,,,,37.75100708,-97.8219986,anonymous,EN,"1,2,3,4,6",2,,1,,1,,1,,1,,3,5,,3,,3,2,,2,,3,,2,,1,,1,,2,,,,,,,,,,,,,,,,,,,,,,,,,,,,,,2,,1,,1,,1,,1,,3,5,,5,,5,,2,,1,,2,,1,,1,,4,,,,,,,,,,,,,,,,,,,,,,,,,,,,,,,,,,,,,,,,,,,,,,,,,,,,,,,,,,,,,,,,,,,,,,,,,,,,,,,,,,,,,,,,,,,,,,,,,,,,,,,,,,,,,,,,,,,,,,Male,66,Retired Computer Consultant,5,1,,1,98189,"<span lang=""EN-GB"">Suppose you want to a view a text message when you are alone at a street.<o:p></o:p></span>"
10/26/2018 7:41,10/26/2018 7:41,0,97.102.18.22,100,14,1,10/26/2018 7:41,R_2diOxs5oxFv9YmD,,,,,28.68310547,-81.28140259,anonymous,EN,"1,4",,,,,,,,,,,,,,,,,,,,,,,,,,,,,,,,,,,,,,,,,,,,,,,,,,,,,,,,,,,,,,,,,,,,,,,,,,,,,,,,,,,,,,,,,,,,,,,,,,,,,,,,,,,,,,,,,,,,,,,,,,,,,,,,,,,,,,,,,,,,,,,,,,,,,,,,,,,,,,,,,,,,,,,,,,,,,,,,,,,,,,,,,,,,,,,,,,,,,,,,,,,,,,,,,,,1098,"<span lang=""EN-GB"">Suppose you have planned to meet a friend next week and you want to put this on your calendar when you are alone at a park<o:p></o:p></span>"
10/26/2018 7:46,10/26/2018 7:47,0,172.111.134.65,100,33,1,10/26/2018 7:47,R_1CIUMjJxYk0jhtS,,,,,25.77409363,-80.18170166,anonymous,EN,"1,2",,,,,,,,,,,,,,,,,,,,,,,,,,,,,,,,,,,,,,,,,,,,,,,,,,,,,,,,,,,,,,,,,,,,,,,,,,,,,,,,,,,,,,,,,,,,,,,,,,,,,,,,,,,,,,,,,,,,,,,,,,,,,,,,,,,,,,,,,,,,,,,,,,,,,,,,,,,,,,,,,,,,,,,,,,,,,,,,,,,,,,,,,,,,,,,,,,,,,,,,,,,,,,,,,,,78993,"<span id=""docs-internal-guid-5a7e3441-7fff-9d1f-10e6-454a1d940975""><span style=""font-size: 11pt; font-family: Arial; color: rgb(0, 0, 0); background-color: transparent; font-variant-numeric: normal; font-variant-east-asian: normal; vertical-align: baseline; white-space: pre-wrap;"">Suppose you want to call your mother for sharing an important update about your life &nbsp;when you are alone at home</span><br> <br><br></span>"
10/26/2018 7:47,10/26/2018 7:47,0,96.246.236.117,100,14,1,10/26/2018 7:47,R_YWfT7kSozJGffAB,,,,,40.74459839,-73.93450165,anonymous,EN,"1,2",,,,,,,,,,,,,,,,,,,,,,,,,,,,,,,,,,,,,,,,,,,,,,,,,,,,,,,,,,,,,,,,,,,,,,,,,,,,,,,,,,,,,,,,,,,,,,,,,,,,,,,,,,,,,,,,,,,,,,,,,,,,,,,,,,,,,,,,,,,,,,,,,,,,,,,,,,,,,,,,,,,,,,,,,,,,,,,,,,,,,,,,,,,,,,,,,,,,,,,,,,,,,,,,,,,1442,"<span lang=""EN-GB"">Suppose
     you want to watch some video when you are with your close friends in a
     park.<o:p></o:p></span>"
10/26/2018 7:48,10/26/2018 7:49,0,42.106.15.39,100,17,1,10/26/2018 7:49,R_3F2KaBgLWKxkOYG,,,,,23.03329468,72.61669922,anonymous,EN,1,,,,,,,,,,,,,,,,,,,,,,,,,,,,,,,,,,,,,,,,,,,,,,,,,,,,,,,,,,,,,,,,,,,,,,,,,,,,,,,,,,,,,,,,,,,,,,,,,,,,,,,,,,,,,,,,,,,,,,,,,,,,,,,,,,,,,,,,,,,,,,,,,,,,,,,,,,,,,,,,,,,,,,,,,,,,,,,,,,,,,,,,,,,,,,,,,,,,,,,,,,,,,,,,,,,3196,"<span lang=""EN-GB"">Suppose you want to take a click a photo when you with </span><span lang=""EN-GB"">some people you know (e.g.,
     acquaintances, colleagues)</span><span lang=""EN-GB""> at home<o:p></o:p></span>"
10/26/2018 7:49,10/26/2018 7:49,0,107.174.133.112,100,15,1,10/26/2018 7:49,R_3fZbbjtqTGHq1yD,,,,,32.81520081,-96.87030029,anonymous,EN,1,,,,,,,,,,,,,,,,,,,,,,,,,,,,,,,,,,,,,,,,,,,,,,,,,,,,,,,,,,,,,,,,,,,,,,,,,,,,,,,,,,,,,,,,,,,,,,,,,,,,,,,,,,,,,,,,,,,,,,,,,,,,,,,,,,,,,,,,,,,,,,,,,,,,,,,,,,,,,,,,,,,,,,,,,,,,,,,,,,,,,,,,,,,,,,,,,,,,,,,,,,,,,,,,,,,99454,"<span lang=""EN-GB"">Suppose
     you want to a view a text message when you are alone at Starbucks.<o:p></o:p></span>"
10/26/2018 7:44,10/26/2018 7:49,0,47.209.77.157,100,331,1,10/26/2018 7:49,R_2TpZ9Nscd7lkJga,,,,,30.22850037,-93.18800354,anonymous,EN,"1,2,6",2,,1,,1,,1,,1,,3,"1,2",,5,,3,2,,2,,3,,2,,"1,2",,2,,2,,,,,,,,,,,,,,,,,,,,,,,,,,,,,,"1,2,5",,1,,3,,1,,2,,1,1,,2,,5,,2,,"1,3",,2,,"1,3",,"1,2",,"1,2",,,,,,,,,,,,,,,,,,,,,,,,,,,,,,,,,,,,,,,,,,,,,,,,,,,,,,,,,,,,,,,,,,,,,,,,,,,,,,,,,,,,,,,,,,,,,,,,,,,,,,,,,,,,,,,,,,,,,,,,,,,,,40265,"<span lang=""EN-GB"">Suppose
     you want to set up a reminder when you are at a park by yourself.<o:p></o:p></span>"
10/26/2018 7:49,10/26/2018 7:49,0,42.106.15.39,100,46,1,10/26/2018 7:49,R_3Jkoa0BihUDqOC4,,,,,23.03329468,72.61669922,anonymous,EN,5,,,,,,,,,,,,,,,,,,,,,,,,,,,,,,,,,,,,,,,,,,,,,,,,,,,,,,,,,,,,,,,,,,,,,,,,,,,,,,,,,,,,,,,,,,,,,,,,,,,,,,,,,,,,,,,,,,,,,,,,,,,,,,,,,,,,,,,,,,,,,,,,,,,,,,,,,,,,,,,,,,,,,,,,,,,,,,,,,,,,,,,,,,,,,,,,,,,,,,,,,,,,,,,,,,,1992,"<span lang=""EN-GB"">Suppose
     you want to a view a text message when you are surrounded by people you
     know (e.g., acquaintances, colleagues) at a restaurant.<o:p></o:p></span>"
10/26/2018 7:45,10/26/2018 7:50,0,107.173.171.157,100,328,1,10/26/2018 7:50,R_sjpZt9Uh654t9Hr,,,,,42.88639832,-78.87809753,anonymous,EN,"1,2,3,4,5,6","1,2,3",,"1,2,3",,"1,2,3",,1,,"1,2,3",,"1,2,3","1,2,3",,"1,2,3",,"1,2,3","1,2,3",,"1,2",,"1,2,3",,"1,2",,"1,2,3",,"1,2",,1,"1,2,3",,"1,2,3",,"1,2,3",,1,,"1,2,3",,"1,2,3","1,2,3",,"1,2,3",,"1,2,3",,"1,2,3",,"1,2,3",,"1,2,3",,"1,2,3",,"1,2,3",,"1,2",,,,,,,,,,,,,,,,,,,,,,,,,,,,,,,,,,,,,,,,,,,,,,,,,,,,,,,,,,,,,,,,,,,,,,,,,,,,,,,,,,,,,,,,,,,,,,,,,,,,,,,,,,,,,,,,,,,,,,,,,,,,,,,,,,,,,,,,,,,,,,,,,,,female,25,administration,5,1,,3,84804,"<span lang=""EN-GB"">Suppose you want to take a click a photo when you are with your close friends&nbsp;</span>and family members at Starbucks"
10/26/2018 7:53,10/26/2018 7:54,0,192.234.38.215,100,57,1,10/26/2018 7:54,R_bDiy1VxNMJbzGGl,,,,,38.98980713,-76.55010223,anonymous,EN,"1,2,3","1,2",,1,,1,,1,,1,,"1,2",1,,1,,1,1,,1,,1,,1,,1,,1,,,,,,,,,,,,,,,,,,,,,,,,,,,,,,,,,,,,,,,,,,,,,,,,,,,,,,,,,,,,,,,,,,,,,,,,,,,,,,,,,,,,,,,,,,,,,,,,,,,,,,,,,,,,,,,,,,,,,,,,,,,,,,,,,,,,,,,,,,,,,,,,,,,,,,,,,,,,,,,,,,,,,,,,,,,,,,,,,,,,,,,,46961,"<span lang=""EN-GB"">Suppose you want to read a digital document when you are at Starbucks with people you know (e.g., acquaintances, colleagues).<o:p></o:p></span>"
10/26/2018 7:44,10/26/2018 7:55,0,73.55.188.135,100,664,1,10/26/2018 7:55,R_w168SERoGzdeIOl,,,,,29.74499512,-95.73259735,anonymous,EN,"2,3,4,5,6","2,4",,"1,3",,1,,1,,"2,4",,"1,3","1,2",,"1,2",,"1,3","2,4",,1,,1,,3,,"1,2,3",,1,,,,,,,,,,,,,,,,,,,,,,,,,,,,,,,,,,,,,,,,,,,,,,,,,,,,,,,,,,,,,,,,,,,,,,,,,,,,,,,,,,,,,,,,,,,,,,,,,,,,,,,,,,,,,,,,,,,,,,,,,,,,,,,,,,,,,,,,,,,,,,,,,,,,,,,,,,,,,,,,,,,,,,,,,,,,,,,,,,,,,,,,42724,"<span lang=""EN-GB"">Suppose you are at home with people you are close to (e.g., friends, family members) when you realize today is the last day to pay one of your bills online.<o:p></o:p></span>"
10/26/2018 7:52,10/26/2018 7:55,0,67.232.210.144,100,185,1,10/26/2018 7:55,R_2ql3gPhyWbEZDn2,,,,,40.60159302,-77.7358017,anonymous,EN,"2,3,4,5","1,2",,"1,2",,"1,2,3,4",,1,,1,,"2,3","1,2,3",,"1,2,3",,"2,3","2,3",,"1,2",,"2,3,4",,"2,3",,"1,2,3",,2,,,,,,,,,,,,,,,,,,,,,,,,,,,,,,,,,,,,,,,,,,,,,,,,,,,,,,,,,,,,,,,,,,,,,,,,,,,,,,,,,,,,,,,,,,,,,,,,,,,,,,,,,,,,,,,,,,,,,,,,,,,,,,,,,,,,,,,,,,,,,,,,,,,,,,,,,,,,,,,,,,,,,,,,,,,,,,,,,,,,,,,,8019,"<span lang=""EN-GB"">Suppose
     you want to find a route to home when you are at Starbucks with your close
     friends.<o:p></o:p></span>"
10/26/2018 7:55,10/26/2018 7:56,0,216.107.42.67,100,27,1,10/26/2018 7:56,R_3PBK0BolJMg1uCW,,,,,37.75100708,-97.8219986,anonymous,EN,"1,3",,,,,,,,,,,,,,,,,,,,,,,,,,,,,,,,,,,,,,,,,,,,,,,,,,,,,,,,,,,,,,,,,,,,,,,,,,,,,,,,,,,,,,,,,,,,,,,,,,,,,,,,,,,,,,,,,,,,,,,,,,,,,,,,,,,,,,,,,,,,,,,,,,,,,,,,,,,,,,,,,,,,,,,,,,,,,,,,,,,,,,,,,,,,,,,,,,,,,,,,,,,,,,,,,,,52899,"<span lang=""EN-GB"">Suppose
     you want to call your mother for sharing an important update about your
     life when you are with a very close friend at a restaurant&nbsp;<o:p></o:p></span>"
10/26/2018 7:39,10/26/2018 7:56,0,50.74.86.122,100,1021,1,10/26/2018 7:56,R_3iVCTISgbdyflOb,,,,,40.80189514,-73.95310211,anonymous,EN,"2,3,4","2,5",,5,,6,,3,,1,,4,3,,4,remembering the contact,4,6,,2,,7,,2,,1,,3,name and numbers,2,,,,,,,,,,,,,,,,,,,,,,,,,,,,,,"2,5",,5,,6,,3,,6,,4,5,,5,,5,,6,,7,,5,,7,,1,,4,,,,,,,,,,,,,,,,,,,,,,,,,,,,,,,,,,,,,,,,,,,,,,,,,,,,,,,,,,,,,,,,,,,,,,,,,,,,,,,,,,,,,,,,,,,,,,,,,,,,,,,,,,,,,,,,,,,,,,Female,34,production manager,5,5,,5,9432,"<span lang=""EN-GB"">Suppose
     you want to call your mother for sharing an important update about your
     life yourself when you are with a very close friend at a park.&nbsp;<o:p></o:p></span>"
10/26/2018 7:57,10/26/2018 7:57,0,161.195.66.146,100,5,1,10/26/2018 7:57,R_5i6fszx4fnalgCl,,,,,39.936203,-75.15630341,anonymous,EN,3,,,,,,,,,,,,,,,,,,,,,,,,,,,,,,,,,,,,,,,,,,,,,,,,,,,,,,,,,,,,,,,,,,,,,,,,,,,,,,,,,,,,,,,,,,,,,,,,,,,,,,,,,,,,,,,,,,,,,,,,,,,,,,,,,,,,,,,,,,,,,,,,,,,,,,,,,,,,,,,,,,,,,,,,,,,,,,,,,,,,,,,,,,,,,,,,,,,,,,,,,,,,,,,,,,,11290,"<span lang=""EN-GB"">Suppose you want to watch some video when you are alone in a park.<o:p></o:p></span>"
10/26/2018 7:56,10/26/2018 7:58,0,108.62.54.238,100,96,1,10/26/2018 7:58,R_2rYKMMbAJsdM1h1,,,,,40.86210632,-74.41169739,anonymous,EN,"1,2,3,4,5,6",2,,2,,1,,1,,4,,2,2,,3,,1,3,,2,,4,,2,,2,,2,,,,,,,,,,,,,,,,,,,,,,,,,,,,,,,,,,,,,,,,,,,,,,,,,,,,,,,,,,,,,,,,,,,,,,,,,,,,,,,,,,,,,,,,,,,,,,,,,,,,,,,,,,,,,,,,,,,,,,,,,,,,,,,,,,,,,,,,,,,,,,,,,,,,,,,,,,,,,,,,,,,,,,,,,,,,,,,,,,,,,,,,79274,"<span lang=""EN-GB"">Suppose you want to browse the internet when you are at home with people you know (e.g., acquaintances, colleagues).<o:p></o:p></span>"
10/26/2018 7:56,10/26/2018 7:58,0,107.185.165.139,100,126,1,10/26/2018 7:58,R_6FfUAC1I9KDThol,,,,,33.97970581,-117.7308044,anonymous,EN,"1,2,3,4,5",4,,2,,4,,1,,1,,2,2,,2,,3,2,,"1,2",,4,,2,,5,,2,,,,,,,,,,,,,,,,,,,,,,,,,,,,,,,,,,,,,,,,,,,,,,,,,,,,,,,,,,,,,,,,,,,,,,,,,,,,,,,,,,,,,,,,,,,,,,,,,,,,,,,,,,,,,,,,,,,,,,,,,,,,,,,,,,,,,,,,,,,,,,,,,,,,,,,,,,,,,,,,,,,,,,,,,,,,,,,,,,,,,,,,24462,"<span lang=""EN-GB"" style=""font-size:11.0pt;line-height:115%;
font-family:&quot;Arial&quot;,sans-serif;mso-fareast-font-family:Arial;mso-ansi-language:
EN-GB;mso-fareast-language:EN-US;mso-bidi-language:AR-SA"">Suppose you want to
take a click a photo when you are at Starbucks.</span>"
10/26/2018 7:58,10/26/2018 7:59,0,38.127.173.16,100,20,1,10/26/2018 7:59,R_28M2EpDiLMRoi9X,,,,,39.0480957,-77.47280121,anonymous,EN,1,,,,,,,,,,,,,,,,,,,,,,,,,,,,,,,,,,,,,,,,,,,,,,,,,,,,,,,,,,,,,,,,,,,,,,,,,,,,,,,,,,,,,,,,,,,,,,,,,,,,,,,,,,,,,,,,,,,,,,,,,,,,,,,,,,,,,,,,,,,,,,,,,,,,,,,,,,,,,,,,,,,,,,,,,,,,,,,,,,,,,,,,,,,,,,,,,,,,,,,,,,,,,,,,,,,99084,"<span lang=""EN-GB"">Suppose you have planned to meet a friend next week and you want to&nbsp;put this on your calendar </span><span lang=""EN-GB"">when</span><span lang=""EN-GB""> you are surrounded by people you know (e.g., acquaintances, colleagues) at your home.</span><span lang=""EN-GB""><o:p></o:p></span>"
10/26/2018 7:58,10/26/2018 7:59,0,107.185.165.139,100,38,1,10/26/2018 7:59,R_2YFhti39HkDaclS,,,,,33.97970581,-117.7308044,anonymous,EN,"1,2,3,4,5","3,4",,5,,1,,1,,1,,3,1,,3,,"1,3",2,,"1,3",,3,,2,,"1,3",,"1,2",,,,,,,,,,,,,,,,,,,,,,,,,,,,,,,,,,,,,,,,,,,,,,,,,,,,,,,,,,,,,,,,,,,,,,,,,,,,,,,,,,,,,,,,,,,,,,,,,,,,,,,,,,,,,,,,,,,,,,,,,,,,,,,,,,,,,,,,,,,,,,,,,,,,,,,,,,,,,,,,,,,,,,,,,,,,,,,,,,,,,,,,14583,"<span lang=""EN-GB"">Suppose
     you want to find a route to home when you are at Starbucks with people you
     know (e.g., acquaintances, colleagues).<o:p></o:p></span>"
10/26/2018 8:01,10/26/2018 8:02,0,99.13.218.69,100,31,1,10/26/2018 8:02,R_RPJgdUu3aCxfkSB,,,,,30.42120361,-86.89260101,anonymous,EN,"2,3",,,,,,,,,,,,,,,,,,,,,,,,,,,,,,,,,,,,,,,,,,,,,,,,,,,,,,,,,,,,,,,,,,,,,,,,,,,,,,,,,,,,,,,,,,,,,,,,,,,,,,,,,,,,,,,,,,,,,,,,,,,,,,,,,,,,,,,,,,,,,,,,,,,,,,,,,,,,,,,,,,,,,,,,,,,,,,,,,,,,,,,,,,,,,,,,,,,,,,,,,,,,,,,,,,,25192,"<span lang=""EN-GB"">Suppose
     you want to purchase something online when you are alone at a park.<o:p></o:p></span>"
10/26/2018 7:58,10/26/2018 8:02,0,24.183.89.82,100,247,1,10/26/2018 8:02,R_2bOSJdtbLwaR0vm,,,,,43.07299805,-89.45279694,anonymous,EN,"1,2,3,5",2,,1,,1,,1,,1,,"1,2",1,,5,,1,6,,2,,7,,2,,"1,2",,4,,,,,,,,,,,,,,,,,,,,,,,,,,,,,,,,,,,,,,,,,,,,,,,,,,,,,,,,,,,,,,,,,,,,,,,,,,,,,,,,,,,,,,,,,,,,,,,,,,,,,,,,,,,,,,,,,,,,,,,,,,,,,,,,,,,,,,,,,,,,,,,,,,,,,,,,,,,,,,,,,,,,,,,,,,,,,,,,,,,,,,,,32553,"<span lang=""EN-GB"">Suppose
     you want to call your mother for sharing an important update about your
     life when you are alone at Starbucks.<o:p></o:p></span>"
10/26/2018 7:59,10/26/2018 8:07,0,216.107.42.174,100,427,1,10/26/2018 8:07,R_Ov3wcNSKS2fS1MZ,,,,,37.75100708,-97.8219986,anonymous,EN,"1,2,3,4,5,6",4,,3,,2,,1,,3,,2,2,,2,,2,3,,2,,3,,3,,3,,2,,,,,,,,,,,,,,,,,,,,,,,,,,,,,,,,,,,,,,,,,,,,,,,,,,,,,,,,,,,,,,,,,,,,,,,,,,,,,,,,,,,,,,,,,,,,,,,,,,,,,,,,,,,,,,,,,,,,,,,,,,,,,,,,,,,,,,,,,,,,,,,,,,,,,,,,,,,,,,,,,,,,,,,,,,,,,,,,,,,,,,,,92896,"<span lang=""EN-GB"">Suppose you are at a coffee shop, you have just read a book you loved and now&nbsp;</span>you want to write a review for it to share with your close family and friends."
10/26/2018 8:10,10/26/2018 8:10,0,46.223.129.109,100,15,1,10/26/2018 8:10,R_RnsA5AF4K5ZtjlT,,,,,49.18910217,9.225296021,anonymous,EN,"1,2",,,,,,,,,,,,,,,,,,,,,,,,,,,,,,,,,,,,,,,,,,,,,,,,,,,,,,,,,,,,,,,,,,,,,,,,,,,,,,,,,,,,,,,,,,,,,,,,,,,,,,,,,,,,,,,,,,,,,,,,,,,,,,,,,,,,,,,,,,,,,,,,,,,,,,,,,,,,,,,,,,,,,,,,,,,,,,,,,,,,,,,,,,,,,,,,,,,,,,,,,,,,,,,,,,,99817,"<span lang=""EN-GB"" style=""font-size:11.0pt;line-height:115%;
font-family:&quot;Arial&quot;,sans-serif;mso-fareast-font-family:Arial;mso-ansi-language:
EN-GB;mso-fareast-language:EN-US;mso-bidi-language:AR-SA"">Suppose you want to a
view a text message when you are alone at home</span>"
10/26/2018 7:57,10/26/2018 8:10,0,190.38.79.30,100,784,1,10/26/2018 8:10,R_325aeygA4HKXr7H,,,,,10.03329468,-67.48329926,anonymous,EN,"1,2,3","3,4,5",,"1,2",,"2,3",,3,,1,,"1,2","1,2",,"1,3",,3,"1,3",,"1,2,3",,"2,3,4",,"1,2",,"2,3",,2,,,,,,,,,,,,,,,,,,,,,,,,,,,,,,,,,,,,,,,,,,,,,,,,,,,,,,,,,,,,,,,,,,,,,,,,,,,,,,,,,,,,,,,,,,,,,,,,,,,,,,,,,,,,,,,,,,,,,,,,,,,,,,,,,,,,,,,,,,,,,,,,,,,,,,,,,,,,,,,,,,,,,,,,,,,,,,,,,,,,,,,,9369,"<span lang=""EN-GB"">Suppose
     you are at home with some people you know (e.g., acquaintances,
     colleagues) when you realize today is the last day to pay one of your
     bills online.<o:p></o:p></span>"
10/26/2018 8:09,10/26/2018 8:16,0,174.220.26.132,100,366,1,10/26/2018 8:16,R_blqvytT29puipzj,,,,,43.1098938,-76.18699646,anonymous,EN,"1,2,3,4,5,6","2,4,5",,5,,"1,2,3,4",,3,,1,,4,5,,"2,3",,4,3,,2,,"2,3",,2,,1,,"1,2",,"1,3","2,4",,5,,"2,3",,1,,1,,4,5,,5,,5,,3,,"2,3",,1,,"2,3",,5,,4,,,,,,,,,,,,,,,,,,,,,,,,,,,,,,,4,,5,,3,,3,,6,,4,5,,5,,5,,"1,2,3",,2,,"1,2",,2,,"2,3",,"1,2",,,,,,,,,,,,,,,,,,,,,,,,,,,,,,,,,,,,,,,,,,,,,,,,,,,,,,,,,,,,,,,,,,,,,,,,,,,,,,,,,,,,,,,,,Male,60,Retired,4,1,,4,21672,"<span lang=""EN-GB"">Suppose you want to watch some video when you are alone at your home.<strong><o:p></o:p></strong></span>"
10/26/2018 8:14,10/26/2018 8:16,0,173.166.11.233,100,73,1,10/26/2018 8:16,R_2OU69Gmg7zhChZa,,,,,42.29179382,-71.07170105,anonymous,EN,"1,2,3,4,5,6",3,,2,,2,,1,,4,,2,2,,"2,3",,2,"2,3",,3,,4,,"1,2",,2,,2,,,,,,,,,,,,,,,,,,,,,,,,,,,,,,,,,,,,,,,,,,,,,,,,,,,,,,,,,,,,,,,,,,,,,,,,,,,,,,,,,,,,,,,,,,,,,,,,,,,,,,,,,,,,,,,,,,,,,,,,,,,,,,,,,,,,,,,,,,,,,,,,,,,,,,,,,,,,,,,,,,,,,,,,,,,,,,,,,,,,,,,,45953,"<span lang=""EN-GB"">Suppose you want to browse the internet when you are alone at a restaurant.<o:p></o:p></span>"
10/26/2018 8:10,10/26/2018 8:16,0,204.10.47.254,100,315,1,10/26/2018 8:16,R_UVIltoiLEph7PCF,,,,,43.64149475,-70.24089813,anonymous,EN,"1,2,5","1,2",,1,,2,,1,,1,,4,5,,5,,4,6,,2,,6,,5,,5,,4,,,,,,,,,,,,,,,,,,,,,,,,,,,,,,,,,,,,,,,,,,,,,,,,,,,,,,,,,,,,,,,,,,,,,,,,,,,,,,,,,,,,,,,,,,,,,,,,,,,,,,,,,,,,,,,,,,,,,,,,,,,,,,,,,,,,,,,,,,,,,,,,,,,,,,,,,,,,,,,,,,,,,,,,,,,,,,,,,,,,,,,,82051,"<span lang=""EN-GB"">Suppose you want to call your mother for sharing an important
     update about your life&nbsp; when you
     with people you know (e.g., acquaintances, colleagues) at a park<o:p></o:p></span>"
10/26/2018 8:19,10/26/2018 8:20,0,192.132.44.54,100,36,1,10/26/2018 8:20,R_3HBpHpR524DshGT,,,,,32.74909973,-96.45980072,anonymous,EN,"1,2,3,4,5,6",4,,3,,2,,1,,3,,2,2,,3,,3,2,,2,,3,,3,,3,,2,,,,,,,,,,,,,,,,,,,,,,,,,,,,,,,,,,,,,,,,,,,,,,,,,,,,,,,,,,,,,,,,,,,,,,,,,,,,,,,,,,,,,,,,,,,,,,,,,,,,,,,,,,,,,,,,,,,,,,,,,,,,,,,,,,,,,,,,,,,,,,,,,,,,,,,,,,,,,,,,,,,,,,,,,,,,,,,,,,,,,,,,51205,"<span lang=""EN-GB"">Suppose
     you want to watch some video when you are with people you know (e.g.,
     acquaintances, colleagues) in a park.<o:p></o:p></span>"
10/26/2018 8:21,10/26/2018 8:25,0,73.103.52.113,100,225,1,10/26/2018 8:25,R_2uBrxyvsHog84Tf,,,,,40.32279968,-86.88809967,anonymous,EN,"1,2,3,5","2,4",,1,,"2,3",,1,,1,,2,"1,2",,2,,"1,2",3,,"2,3",,7,,5,,1,,"1,2",,,,,,,,,,,,,,,,,,,,,,,,,,,,,,,,,,,,,,,,,,,,,,,,,,,,,,,,,,,,,,,,,,,,,,,,,,,,,,,,,,,,,,,,,,,,,,,,,,,,,,,,,,,,,,,,,,,,,,,,,,,,,,,,,,,,,,,,,,,,,,,,,,,,,,,,,,,,,,,,,,,,,,,,,,,,,,,,,,,,,,,,82623,"<span lang=""EN-GB"" style=""font-size:11.0pt;line-height:115%;
font-family:&quot;Arial&quot;,sans-serif;mso-fareast-font-family:Arial;mso-ansi-language:
EN-GB;mso-fareast-language:EN-US;mso-bidi-language:AR-SA"">Suppose you want to a
send an email when you are alone at home</span>"
10/26/2018 8:25,10/26/2018 8:26,0,184.61.115.48,100,68,1,10/26/2018 8:26,R_1GyrtD1nDm8mfvR,,,,,37.34280396,-77.98410034,anonymous,EN,"1,2,3,4,5",7,,2,,2,,1,,2,,1,1,,2,,1,2,,3,,"1,3",,1,,1,,2,,,,,,,,,,,,,,,,,,,,,,,,,,,,,,,,,,,,,,,,,,,,,,,,,,,,,,,,,,,,,,,,,,,,,,,,,,,,,,,,,,,,,,,,,,,,,,,,,,,,,,,,,,,,,,,,,,,,,,,,,,,,,,,,,,,,,,,,,,,,,,,,,,,,,,,,,,,,,,,,,,,,,,,,,,,,,,,,,,,,,,,,66129,"<span lang=""EN-GB"">Suppose
     you want to watch some video when
     you are at home with people you are close to (e.g., friends, family
     members)<strong><o:p></o:p></strong></span>"
10/26/2018 8:27,10/26/2018 8:28,0,216.107.42.51,100,11,1,10/26/2018 8:28,R_2ALs4PGZXykLYrq,,,,,37.75100708,-97.8219986,anonymous,EN,"1,3",,,,,,,,,,,,,,,,,,,,,,,,,,,,,,,,,,,,,,,,,,,,,,,,,,,,,,,,,,,,,,,,,,,,,,,,,,,,,,,,,,,,,,,,,,,,,,,,,,,,,,,,,,,,,,,,,,,,,,,,,,,,,,,,,,,,,,,,,,,,,,,,,,,,,,,,,,,,,,,,,,,,,,,,,,,,,,,,,,,,,,,,,,,,,,,,,,,,,,,,,,,,,,,,,,,39158,"<span lang=""EN-GB"">Suppose you want to browse through one of your social media profiles when you&nbsp;</span>are at your home."
10/26/2018 8:28,10/26/2018 8:28,0,216.107.42.51,100,35,1,10/26/2018 8:28,R_3RxDrTqXvRo1Ijz,,,,,37.75100708,-97.8219986,anonymous,EN,"1,3",,,,,,,,,,,,,,,,,,,,,,,,,,,,,,,,,,,,,,,,,,,,,,,,,,,,,,,,,,,,,,,,,,,,,,,,,,,,,,,,,,,,,,,,,,,,,,,,,,,,,,,,,,,,,,,,,,,,,,,,,,,,,,,,,,,,,,,,,,,,,,,,,,,,,,,,,,,,,,,,,,,,,,,,,,,,,,,,,,,,,,,,,,,,,,,,,,,,,,,,,,,,,,,,,,,50331,"<span lang=""EN-GB"">Suppose
     you want to purchase something online when you are with your close friends
     at Starbucks.<o:p></o:p></span>"
10/19/2018 8:17,10/19/2018 8:28,0,42.107.217.116,88,707,0,10/26/2018 8:28,R_1cSSaH9MfufH22e,,,,,,,anonymous,EN,"1,2,3","1,2",,5,,4,,3,,1,,1,3,,1,,1,2,,5,,2,,5,,5,,2,,3,,,,,,,,,,,,,,,,,,,,,,,,,,,,,,,,,,,,,,,,,,,,,,,,,,,,,,,,,,,,,,,,,,,,,,,,,,,,,,,,,,,,,,,,,,,,,,,,,,,,,,,,,,,,,,,,,,,,,,,,,,,,,,,,,,,,,,,,,,,,,,,,,,,,,,,,,,,,,,,,,,,,,,,,,,,,,,,,,,,,,,93148,"<span lang=""EN-GB"">Suppose
     you want to purchase something online when you are with people you are
     close to (e.g., friends, family members).<o:p></o:p></span>"
10/26/2018 8:29,10/26/2018 8:29,0,204.58.233.6,100,13,1,10/26/2018 8:29,R_33d68Q4MBBaOSB7,,,,,41.25900269,-95.94090271,anonymous,EN,"2,3",,,,,,,,,,,,,,,,,,,,,,,,,,,,,,,,,,,,,,,,,,,,,,,,,,,,,,,,,,,,,,,,,,,,,,,,,,,,,,,,,,,,,,,,,,,,,,,,,,,,,,,,,,,,,,,,,,,,,,,,,,,,,,,,,,,,,,,,,,,,,,,,,,,,,,,,,,,,,,,,,,,,,,,,,,,,,,,,,,,,,,,,,,,,,,,,,,,,,,,,,,,,,,,,,,,72846,"<span lang=""EN-GB"">Suppose
     you want to call your mother for sharing an important update about your
     life&nbsp; when you are alone at a park<o:p></o:p></span>"
10/26/2018 8:30,10/26/2018 8:30,0,104.200.37.120,100,8,1,10/26/2018 8:30,R_1FsuARWlRkpFY0C,,,,,35.66650391,-97.4654007,anonymous,EN,1,,,,,,,,,,,,,,,,,,,,,,,,,,,,,,,,,,,,,,,,,,,,,,,,,,,,,,,,,,,,,,,,,,,,,,,,,,,,,,,,,,,,,,,,,,,,,,,,,,,,,,,,,,,,,,,,,,,,,,,,,,,,,,,,,,,,,,,,,,,,,,,,,,,,,,,,,,,,,,,,,,,,,,,,,,,,,,,,,,,,,,,,,,,,,,,,,,,,,,,,,,,,,,,,,,,44862,"<span lang=""EN-GB"">Suppose you want to browse the internet when you are with your close friends at a park.<o:p></o:p></span>"
10/26/2018 8:30,10/26/2018 8:31,0,104.200.37.120,100,11,1,10/26/2018 8:31,R_2drReSAZvwDJSA8,,,,,35.66650391,-97.4654007,anonymous,EN,3,,,,,,,,,,,,,,,,,,,,,,,,,,,,,,,,,,,,,,,,,,,,,,,,,,,,,,,,,,,,,,,,,,,,,,,,,,,,,,,,,,,,,,,,,,,,,,,,,,,,,,,,,,,,,,,,,,,,,,,,,,,,,,,,,,,,,,,,,,,,,,,,,,,,,,,,,,,,,,,,,,,,,,,,,,,,,,,,,,,,,,,,,,,,,,,,,,,,,,,,,,,,,,,,,,,22787,"<span lang=""EN-GB"">Suppose
     you want to purchase something online when you are with people you know
     (e.g., acquaintances, colleagues) at your home.<o:p></o:p></span>"
10/26/2018 8:31,10/26/2018 8:31,0,104.200.37.120,100,9,1,10/26/2018 8:31,R_3lWGBVLgny9on2j,,,,,35.66650391,-97.4654007,anonymous,EN,2,,,,,,,,,,,,,,,,,,,,,,,,,,,,,,,,,,,,,,,,,,,,,,,,,,,,,,,,,,,,,,,,,,,,,,,,,,,,,,,,,,,,,,,,,,,,,,,,,,,,,,,,,,,,,,,,,,,,,,,,,,,,,,,,,,,,,,,,,,,,,,,,,,,,,,,,,,,,,,,,,,,,,,,,,,,,,,,,,,,,,,,,,,,,,,,,,,,,,,,,,,,,,,,,,,,69369,"<span lang=""EN-GB"">Suppose you are at sitting in a park and you want to play a digital/online game&nbsp;</span>with some close friends."
10/26/2018 8:31,10/26/2018 8:31,0,216.107.42.51,100,9,1,10/26/2018 8:31,R_3EhjyMX7iTMfQbW,,,,,37.75100708,-97.8219986,anonymous,EN,"3,4",,,,,,,,,,,,,,,,,,,,,,,,,,,,,,,,,,,,,,,,,,,,,,,,,,,,,,,,,,,,,,,,,,,,,,,,,,,,,,,,,,,,,,,,,,,,,,,,,,,,,,,,,,,,,,,,,,,,,,,,,,,,,,,,,,,,,,,,,,,,,,,,,,,,,,,,,,,,,,,,,,,,,,,,,,,,,,,,,,,,,,,,,,,,,,,,,,,,,,,,,,,,,,,,,,,41599,"<span lang=""EN-GB"">Suppose you are alone at home when you realize today is the last day to pay one of your bills online.<o:p></o:p></span>"
10/26/2018 8:31,10/26/2018 8:31,0,104.200.37.120,100,12,1,10/26/2018 8:31,R_1dGiVxwFrQAOauc,,,,,35.66650391,-97.4654007,anonymous,EN,4,,,,,,,,,,,,,,,,,,,,,,,,,,,,,,,,,,,,,,,,,,,,,,,,,,,,,,,,,,,,,,,,,,,,,,,,,,,,,,,,,,,,,,,,,,,,,,,,,,,,,,,,,,,,,,,,,,,,,,,,,,,,,,,,,,,,,,,,,,,,,,,,,,,,,,,,,,,,,,,,,,,,,,,,,,,,,,,,,,,,,,,,,,,,,,,,,,,,,,,,,,,,,,,,,,,69601,"<span lang=""EN-GB"">Suppose you want to browse the internet when you are at home with people you are close to (e.g., friends, family members)<strong><o:p></o:p></strong></span>"
10/26/2018 8:31,10/26/2018 8:31,0,104.200.37.120,100,8,1,10/26/2018 8:31,R_3EXvnUoD76jD9QU,,,,,35.66650391,-97.4654007,anonymous,EN,6,,,,,,,,,,,,,,,,,,,,,,,,,,,,,,,,,,,,,,,,,,,,,,,,,,,,,,,,,,,,,,,,,,,,,,,,,,,,,,,,,,,,,,,,,,,,,,,,,,,,,,,,,,,,,,,,,,,,,,,,,,,,,,,,,,,,,,,,,,,,,,,,,,,,,,,,,,,,,,,,,,,,,,,,,,,,,,,,,,,,,,,,,,,,,,,,,,,,,,,,,,,,,,,,,,,34888,"<span lang=""EN-GB"">Suppose you have planned to meet a friend next week and you want to put this on your calendar when you are with a very close friend at a restaurant&nbsp;<o:p></o:p></span>"
10/26/2018 8:31,10/26/2018 8:31,0,104.200.37.120,100,7,1,10/26/2018 8:31,R_9RXm1lIbw2BOJfb,,,,,35.66650391,-97.4654007,anonymous,EN,5,,,,,,,,,,,,,,,,,,,,,,,,,,,,,,,,,,,,,,,,,,,,,,,,,,,,,,,,,,,,,,,,,,,,,,,,,,,,,,,,,,,,,,,,,,,,,,,,,,,,,,,,,,,,,,,,,,,,,,,,,,,,,,,,,,,,,,,,,,,,,,,,,,,,,,,,,,,,,,,,,,,,,,,,,,,,,,,,,,,,,,,,,,,,,,,,,,,,,,,,,,,,,,,,,,,68627,"<span style=""color: rgb(0, 0, 0); font-family: Times; font-size: medium;"">Suppose you want to watch some video when you are with people you know (e.g., acquaintances, colleagues) at Starbucks</span>"
10/26/2018 8:29,10/26/2018 8:32,0,96.243.238.43,100,151,1,10/26/2018 8:32,R_3fUGqXLToWqggut,,,,,27.98100281,-81.67359924,anonymous,EN,"1,2,3,4,5,6","2,4,5",,1,,2,,1,,1,,4,"2,3",,3,,3,2,,5,,1,,1,,5,,4,,,,,,,,,,,,,,,,,,,,,,,,,,,,,,,,,,,,,,,,,,,,,,,,,,,,,,,,,,,,,,,,,,,,,,,,,,,,,,,,,,,,,,,,,,,,,,,,,,,,,,,,,,,,,,,,,,,,,,,,,,,,,,,,,,,,,,,,,,,,,,,,,,,,,,,,,,,,,,,,,,,,,,,,,,,,,,,,,,,,,,,,37083,"<span lang=""EN-GB"">Suppose
     you want to a send an email when you are surrounded by people you know
     (e.g., acquaintances, colleagues) your home.<o:p></o:p></span>"
10/26/2018 8:30,10/26/2018 8:37,0,104.143.209.100,100,381,1,10/26/2018 8:37,R_3Mm64wakFdLpGS1,,,,,40.76069641,-74.1882019,anonymous,EN,"1,2,3,4",2,,3,,2,,1,,1,,2,"1,2",,2,,"1,2","1,2",,2,,1,,1,,1,,2,,,,,,,,,,,,,,,,,,,,,,,,,,,,,,,,,,,,,,,,,,,,,,,,,,,,,,,,,,,,,,,,,,,,,,,,,,,,,,,,,,,,,,,,,,,,,,,,,,,,,,,,,,,,,,,,,,,,,,,,,,,,,,,,,,,,,,,,,,,,,,,,,,,,,,,,,,,,,,,,,,,,,,,,,,,,,,,,,,,,,,,,12521,"<span lang=""EN-GB"">Suppose
     you want to a send an email when you are walking on a street.<o:p></o:p></span>"
10/26/2018 8:32,10/26/2018 8:40,0,104.200.37.120,100,490,1,10/26/2018 8:40,R_1DD0zrGtWOZDM3v,,,,,35.66650391,-97.4654007,anonymous,EN,"1,2,3","3,4",,"1,2",,"1,3",,3,,"1,3",,"1,3","1,3",,"1,2",,"1,3","1,2",,"1,3",,"1,3,4",,"1,3",,"1,3",,"1,2",,"1,2,3","2,4,5",,"1,2",,"1,4",,1,,"1,4",,"1,3","2,3",,"1,3",,"2,3",,"1,3",,7,,"1,2",,"3,4",,"1,2",,1,,7,,5,,6,,3,,6,,2,5,,5,,5,,6,,6,,"1,2",,7,,1,,4,,"3,4",,5,,2,,1,,1,,4,"1,2,3",,3,,"1,3",,1,,6,,1,,7,,"1,2,3",,4,,,,,,,,,,,,,,,,,,,,,,,,,,,,,,,,,,,,,,,,,,,,,,,,,,,,,,,,,,,,,,,,,,,,,,,,,,,,,,,,,,,,,,,,,,,,,,,,76979,"<span lang=""EN-GB"">Suppose
     you want to watch some video when you are with your close friends in a
     park.<o:p></o:p></span>"
10/26/2018 8:40,10/26/2018 8:41,0,129.15.203.139,100,11,1,10/26/2018 8:41,R_cx7UDCHbSEF2vqp,,,,,35.22039795,-97.45770264,anonymous,EN,5,,,,,,,,,,,,,,,,,,,,,,,,,,,,,,,,,,,,,,,,,,,,,,,,,,,,,,,,,,,,,,,,,,,,,,,,,,,,,,,,,,,,,,,,,,,,,,,,,,,,,,,,,,,,,,,,,,,,,,,,,,,,,,,,,,,,,,,,,,,,,,,,,,,,,,,,,,,,,,,,,,,,,,,,,,,,,,,,,,,,,,,,,,,,,,,,,,,,,,,,,,,,,,,,,,,8330,"<span lang=""EN-GB"">Suppose
     you want to a view a text message when you with people you know (e.g.,
     acquaintances, colleagues) at a street<strong>.</strong><o:p></o:p></span>"
10/19/2018 8:24,10/19/2018 8:44,0,100.35.97.44,88,1172,0,10/26/2018 8:44,R_2TtMmVCo0xRlFxW,,,,,,,anonymous,EN,"1,2,5,6","2,5",,1,,"1,2,3,4",,1,,1,,"1,2",1,,"2,3",,"1,2","1,2,3",,"1,2",,3,,"1,2",,5,,4,,2,,,,,,,,,,,,,,,,,,,,,,,,,,,,,,,,,,,,,,,,,,,,,,,,,,,,,,,,,,,,,,,,,,,,,,,,,,,,,,,,,,,,,,,,,,,,,,,,,,,,,,,,,,,,,,,,,,,,,,,,,,,,,,,,,,,,,,,,,,,,,,,,,,,,,,,,,,,,,,,,,,,,,,,,,,,,,,,,,,,,,,78104,"<span lang=""EN-GB"">Suppose
     you want to purchase something online when you are alone at a park.<o:p></o:p></span>"
10/26/2018 8:43,10/26/2018 8:44,0,216.107.42.51,100,11,1,10/26/2018 8:44,R_26nc8Ko0kUxlA7S,,,,,37.75100708,-97.8219986,anonymous,EN,"3,4",,,,,,,,,,,,,,,,,,,,,,,,,,,,,,,,,,,,,,,,,,,,,,,,,,,,,,,,,,,,,,,,,,,,,,,,,,,,,,,,,,,,,,,,,,,,,,,,,,,,,,,,,,,,,,,,,,,,,,,,,,,,,,,,,,,,,,,,,,,,,,,,,,,,,,,,,,,,,,,,,,,,,,,,,,,,,,,,,,,,,,,,,,,,,,,,,,,,,,,,,,,,,,,,,,,52756,"<span lang=""EN-GB"">Suppose
     you want to a send a text message when you with people you know (e.g., acquaintances,
     colleagues) at a street<strong>.</strong><o:p></o:p></span>"
10/21/2018 22:04,10/26/2018 8:46,0,104.235.45.161,100,384081,1,10/26/2018 8:46,R_3phg1YayQXKARsm,,,,,41.70419312,-89.34719849,anonymous,EN,"1,2,4,5","1,2",,1,,"1,3,4",,1,,"1,4",,3,"2,3",,1,,3,"1,4",,"1,3",,"2,3",,1,,"1,2,3",,"1,2",,,,,,,,,,,,,,,,,,,,,,,,,,,,,,,,,,,,,,,,,,,,,,,,,,,,,,,,,,,,,,,,,,,,,,,,,,,,,,,,,,,,,,,,,,,,,,,,,,,,,,,,,,,,,,,,,,,,,,,,,,,,,,,,,,,,,,,,,,,,,,,,,,,,,,,,,,,,,,,,,,,,,,,,,,,,,,,,,,,,,,,,51502,"<span lang=""EN-GB"">Suppose
     you want to find a route to home when you are alone at Starbucks.<o:p></o:p></span>"
10/26/2018 8:54,10/26/2018 8:54,0,108.83.80.179,100,9,1,10/26/2018 8:54,R_12RXQuV7wrx9mlT,,,,,25.89630127,-80.3062973,anonymous,EN,1,,,,,,,,,,,,,,,,,,,,,,,,,,,,,,,,,,,,,,,,,,,,,,,,,,,,,,,,,,,,,,,,,,,,,,,,,,,,,,,,,,,,,,,,,,,,,,,,,,,,,,,,,,,,,,,,,,,,,,,,,,,,,,,,,,,,,,,,,,,,,,,,,,,,,,,,,,,,,,,,,,,,,,,,,,,,,,,,,,,,,,,,,,,,,,,,,,,,,,,,,,,,,,,,,,,33189,"<span lang=""EN-GB"" style=""font-size:11.0pt;line-height:115%;
font-family:&quot;Arial&quot;,sans-serif;mso-fareast-font-family:Arial;mso-ansi-language:
EN-GB;mso-fareast-language:EN-US;mso-bidi-language:AR-SA"">Suppose you want to
read a digital document when you are at Starbucks surrounded with your close
friends.</span>"
10/26/2018 8:57,10/26/2018 8:57,0,70.119.112.239,100,19,1,10/26/2018 8:57,R_2QRjtQZwA4cJ4vb,,,,,33.11860657,-96.6772995,anonymous,EN,"1,2",,,,,,,,,,,,,,,,,,,,,,,,,,,,,,,,,,,,,,,,,,,,,,,,,,,,,,,,,,,,,,,,,,,,,,,,,,,,,,,,,,,,,,,,,,,,,,,,,,,,,,,,,,,,,,,,,,,,,,,,,,,,,,,,,,,,,,,,,,,,,,,,,,,,,,,,,,,,,,,,,,,,,,,,,,,,,,,,,,,,,,,,,,,,,,,,,,,,,,,,,,,,,,,,,,,629,"<span lang=""EN-GB"">Suppose
     you want to watch some video when
     you are at home with people you are close to (e.g., friends, family
     members)<strong><o:p></o:p></strong></span>"
10/26/2018 8:41,10/26/2018 9:05,0,160.36.64.58,100,1457,1,10/26/2018 9:05,R_3L56HHYgu3TKKjI,,,,,35.99240112,-84.12010193,anonymous,EN,"1,2,4","1,2,5",,"1,2,3",,"1,3",,1,,1,,1,2,,3,,2,"3,4",,"2,3",,3,,2,,"1,2,3",,2,,,,,,,,,,,,,,,,,,,,,,,,,,,,,,,,,,,,,,,,,,,,,,,,,,,,,,,,,,,,,,,,,,,,,,,,,,,,,,,,,,,,,,,,,,,,,,,,,,,,,,,,,,,,,,,,,,,,,,,,,,,,,,,,,,,,,,,,,,,,,,,,,,,,,,,,,,,,,,,,,,,,,,,,,,,,,,,,,,,,,,,,46561,"<span lang=""EN-GB"">Suppose
     you have planned to meet a friend next week and you want put this on your
     calendar when you are alone at home<strong><o:p></o:p></strong></span>"
10/26/2018 8:16,10/26/2018 9:11,0,128.230.136.155,100,3332,1,10/26/2018 9:11,R_3EgaZrG5WwTmxgU,,,,,43.03770447,-76.13960266,anonymous,EN,"1,2,3,4,5,6","1,2,5",,5,,2,,1,,2,,4,5,,5,,4,"3,4",,5,,"1,2,3",,5,,5,,4,,"5,6",,,,,,,,,,,,,,,,,,,,,,,,,,,,,,,,,,,,,,,,,,,,,,,,,,,,,,,,,,,,,,,,,,,,,,,,,,,,,,,,,,,,,,,,,,,,,,,,,,,,,,,,,,,,,,,,,,,,,1,,2,,1,,1,,"3,4",,4,5,,5,,5,,4,,2,,5,,2,,5,,4,,2,,5,,2,,1,,1,,4,5,,2,,2,,3,,"1,2",,5,,"1,2",,1,,4,,Female,23,Software engineer,4,1,,4,4101,"<span lang=""EN-GB"">Suppose
     you want to set up a reminder when you are at home with people you are
     close to (e.g., friends, family members).<strong><o:p></o:p></strong></span>"
10/19/2018 9:18,10/19/2018 9:20,0,47.187.139.235,78,100,0,10/26/2018 9:20,R_2V4q74wvwo1FEBz,,,,,,,anonymous,EN,"1,2,4",,,,,,,,,,,,,,,,,,,,,,,,,,,,,,,,,,,,,,,,,,,,,,,,,,,,,,,,,,,,,,,,,,,,,,,,,,,,,,,,,,,,,,,,,,,,,,,,,,,,,,,,,,,,,,,,,,,,,,,,,,,,,,,,,,,,,,,,,,,,,,,,,,,,,,,,,,,,,,,,,,,,,,,,,,,,,,,,,,,,,,,,,,,,,,,,,,,,,,,,,,,,,,,,,,,5493,"<span lang=""EN-GB"">Suppose you want to read a digital document when you are at a park.<o:p></o:p></span>"
10/26/2018 9:17,10/26/2018 9:20,0,67.210.32.14,100,229,1,10/26/2018 9:20,R_1Clny5qnRASQI9a,,,,,41.26559448,-74.36039734,anonymous,EN,"2,3,4",2,,5,,1,,3,,1,,1,5,,5,,1,2,,2,,6,,5,,3,,2,,,,,,,,,,,,,,,,,,,,,,,,,,,,,,,,,,,,,,,,,,,,,,,,,,,,,,,,,,,,,,,,,,,,,,,,,,,,,,,,,,,,,,,,,,,,,,,,,,,,,,,,,,,,,,,,,,,,,,,,,,,,,,,,,,,,,,,,,,,,,,,,,,,,,,,,,,,,,,,,,,,,,,,,,,,,,,,,,,,,,,,,77460,"<span lang=""EN-GB"">Suppose
     you want to read a digital document) when you are at home with people you
     know (e.g., acquaintances, colleagues).<o:p></o:p></span>"
10/26/2018 9:21,10/26/2018 9:21,0,98.159.196.54,100,12,1,10/26/2018 9:21,R_3pnelksgX1VSlMh,,,,,34.61799622,-86.05619812,anonymous,EN,3,,,,,,,,,,,,,,,,,,,,,,,,,,,,,,,,,,,,,,,,,,,,,,,,,,,,,,,,,,,,,,,,,,,,,,,,,,,,,,,,,,,,,,,,,,,,,,,,,,,,,,,,,,,,,,,,,,,,,,,,,,,,,,,,,,,,,,,,,,,,,,,,,,,,,,,,,,,,,,,,,,,,,,,,,,,,,,,,,,,,,,,,,,,,,,,,,,,,,,,,,,,,,,,,,,,90259,"Suppose you are alone at home, you want to take a break from studying/working&nbsp;<p>so you decide to play a video game with some with some people you know (e.g., acquaintances, colleagues).<o:p></o:p></p>"
10/26/2018 9:19,10/26/2018 9:25,0,75.183.39.246,100,372,1,10/26/2018 9:25,R_2tx7JRAJmgGERp9,,,,,36.14280701,-80.30690002,anonymous,EN,"1,2,3","2,5",,3,,1,,1,,2,,2,2,,1,,2,3,,"1,2",,"2,3",,"1,2",,1,,2,,2,,,,,,,,,,,,,,,,,,,,,,,,,,,,,,"2,5",,2,,1,,1,,"2,4",,2,2,,5,,1,,"2,3",,3,,2,,3,,1,,2,,,,,,,,,,,,,,,,,,,,,,,,,,,,,,,,,,,,,,,,,,,,,,,,,,,,,,,,,,,,,,,,,,,,,,,,,,,,,,,,,,,,,,,,,,,,,,,,,,,,,,,,,,,,,,,,,,,,,,,,,,,,,87773,"<span lang=""EN-GB"">Suppose
     you want to listen to some audio when you are with people you know (e.g.,
     acquaintances, colleagues) in a park.<o:p></o:p></span>


<p><span lang=""EN-GB"" style=""color:red"">&nbsp;</span></p>"
10/26/2018 9:25,10/26/2018 9:26,0,67.191.37.134,100,20,1,10/26/2018 9:26,R_vPOW7eeAP6Bi0rn,,,,,25.99209595,-80.27120209,anonymous,EN,2,,,,,,,,,,,,,,,,,,,,,,,,,,,,,,,,,,,,,,,,,,,,,,,,,,,,,,,,,,,,,,,,,,,,,,,,,,,,,,,,,,,,,,,,,,,,,,,,,,,,,,,,,,,,,,,,,,,,,,,,,,,,,,,,,,,,,,,,,,,,,,,,,,,,,,,,,,,,,,,,,,,,,,,,,,,,,,,,,,,,,,,,,,,,,,,,,,,,,,,,,,,,,,,,,,,38479,"<span lang=""EN-GB"">Suppose
     you are at a park and you realize today is the last day to pay one of your
     bills online.<o:p></o:p></span>"
10/26/2018 9:26,10/26/2018 9:30,0,67.191.37.134,100,229,1,10/26/2018 9:30,R_28zAcEmcOhAs8r2,,,,,25.99209595,-80.27120209,anonymous,EN,"1,2,3,4",5,,3,,"3,4",,1,,1,,3,1,,3,,1,4,,3,,"1,2",,3,,3,,2,,,,,,,,,,,,,,,,,,,,,,,,,,,,,,,,,,,,,,,,,,,,,,,,,,,,,,,,,,,,,,,,,,,,,,,,,,,,,,,,,,,,,,,,,,,,,,,,,,,,,,,,,,,,,,,,,,,,,,,,,,,,,,,,,,,,,,,,,,,,,,,,,,,,,,,,,,,,,,,,,,,,,,,,,,,,,,,,,,,,,,,,55081,"Suppose
     you want to call your mother for sharing an important update about your
     life when you are surrounded by people you
     know (e.g., acquaintances, colleagues) at a restaurant.<o:p></o:p>"
10/26/2018 9:24,10/26/2018 9:32,0,74.105.126.26,100,481,1,10/26/2018 9:32,R_V3AYlOQy7VSakut,,,,,41.04429626,-74.09809875,anonymous,EN,"1,2,3,4","2,5",,1,,"2,3",,1,,1,,3,"1,3",,5,,3,2,,5,,3,,5,,"1,3",,1,,2,,,,,,,,,,,,,,,,,,,,,,,,,,,,,,"2,5",,1,,"1,3",,1,,1,,1,"1,3",,5,,5,,2,,3,,5,,3,,1,,"1,2",,,,,,,,,,,,,,,,,,,,,,,,,,,,,,,,,,,,,,,,,,,,,,,,,,,,,,,,,,,,,,,,,,,,,,,,,,,,,,,,,,,,,,,,,,,,,,,,,,,,,,,,,,,,,,,,,,,,,,female,49,technical consultant,5,1,,8,69438,"<span lang=""EN-GB"">Suppose you want to listen to some audio when you are alone in a park.<o:p></o:p></span>"
10/26/2018 9:30,10/26/2018 9:32,0,68.82.132.128,100,150,1,10/26/2018 9:32,R_3iqXLN5qc6Absul,,,,,40.20840454,-74.82910156,anonymous,EN,"2,3,4",7,,5,,6,,3,,1,,1,5,,5,,4,6,,5,,7,,5,,5,,4,,,,,,,,,,,,,,,,,,,,,,,,,,,,,,,,,,,,,,,,,,,,,,,,,,,,,,,,,,,,,,,,,,,,,,,,,,,,,,,,,,,,,,,,,,,,,,,,,,,,,,,,,,,,,,,,,,,,,,,,,,,,,,,,,,,,,,,,,,,,,,,,,,,,,,,,,,,,,,,,,,,,,,,,,,,,,,,,,,,,,,,,20193,"<span lang=""EN-GB"" style=""font-size:11.0pt;line-height:115%;
font-family:&quot;Arial&quot;,sans-serif;mso-fareast-font-family:Arial;mso-ansi-language:
EN-GB;mso-fareast-language:EN-US;mso-bidi-language:AR-SA"">Suppose you want to a
view a text message when you are alone at home</span>"
10/26/2018 9:28,10/26/2018 9:33,0,24.175.72.69,100,301,1,10/26/2018 9:33,R_1LA780SfdJr0O7y,,,,,25.92210388,-97.4611969,anonymous,EN,"1,2,4",2,,1,,3,,1,,4,,3,3,,5,,3,2,,2,,3,,"1,2",,1,,2,,,,,,,,,,,,,,,,,,,,,,,,,,,,,,,,,,,,,,,,,,,,,,,,,,,,,,,,,,,,,,,,,,,,,,,,,,,,,,,,,,,,,,,,,,,,,,,,,,,,,,,,,,,,,,,,,,,,,,,,,,,,,,,,,,,,,,,,,,,,,,,,,,,,,,,,,,,,,,,,,,,,,,,,,,,,,,,,,,,,,,,,83297,"<span lang=""EN-GB"">Suppose
     you want to set up a reminder about something when you are at Starbucks by
     yourself.<o:p></o:p></span>"
10/26/2018 9:35,10/26/2018 9:36,0,104.248.8.253,100,83,1,10/26/2018 9:36,R_1M3XtoW0ajvnRJ0,,,,,40.83439636,-74.13770294,anonymous,EN,"1,2,3,4","2,4",,2,,1,,1,,4,,"1,3",3,,"1,2",,3,6,,2,,"2,3",,"1,2,3",,2,,2,,,,,,,,,,,,,,,,,,,,,,,,,,,,,,,,,,,,,,,,,,,,,,,,,,,,,,,,,,,,,,,,,,,,,,,,,,,,,,,,,,,,,,,,,,,,,,,,,,,,,,,,,,,,,,,,,,,,,,,,,,,,,,,,,,,,,,,,,,,,,,,,,,,,,,,,,,,,,,,,,,,,,,,,,,,,,,,,,,,,,,,,33727,"<span lang=""EN-GB"">Suppose
     you want to watch&nbsp; some video when
     you are with people you know (e.g., acquaintances, colleagues) at
     Starbucks<o:p></o:p></span>"
10/26/2018 9:36,10/26/2018 9:39,0,98.28.167.217,100,190,1,10/26/2018 9:39,R_2TszYYLFqMtwx0x,,,,,39.24450684,-84.25879669,anonymous,EN,"1,2,4",7,,5,,3,,1,,1,,4,5,,5,,1,6,,5,,7,,2,,1,,2,,,,,,,,,,,,,,,,,,,,,,,,,,,,,,,,,,,,,,,,,,,,,,,,,,,,,,,,,,,,,,,,,,,,,,,,,,,,,,,,,,,,,,,,,,,,,,,,,,,,,,,,,,,,,,,,,,,,,,,,,,,,,,,,,,,,,,,,,,,,,,,,,,,,,,,,,,,,,,,,,,,,,,,,,,,,,,,,,,,,,,,,56560,"<span lang=""EN-GB"">Suppose you are at home with people you are close to (e.g., friends, family members) when you realize today is the last day to pay one of your bills online.<o:p></o:p></span>"
10/26/2018 9:41,10/26/2018 9:42,0,71.12.220.244,100,89,1,10/26/2018 9:42,R_SZwaTA05Vi0wlr3,,,,,35.68840027,-81.36119843,anonymous,EN,"1,2",,,,,,,,,,,,,,,,,,,,,,,,,,,,,,,,,,,,,,,,,,,,,,,,,,,,,,,,,,,,,,,,,,,,,,,,,,,,,,,,,,,,,,,,,,,,,,,,,,,,,,,,,,,,,,,,,,,,,,,,,,,,,,,,,,,,,,,,,,,,,,,,,,,,,,,,,,,,,,,,,,,,,,,,,,,,,,,,,,,,,,,,,,,,,,,,,,,,,,,,,,,,,,,,,,,83947,"<span lang=""EN-GB"">Suppose
     you are at starbucks and you realize today is the last day to pay one of
     your bills online.<o:p></o:p></span>"
10/26/2018 9:41,10/26/2018 9:44,0,107.77.193.131,100,175,1,10/26/2018 9:44,R_R9TjlM5YVeLG6Sl,,,,,42.33529663,-83.28639984,anonymous,EN,"1,2,3,6",2,,5,,"1,2",,1,,"1,3",,1,"1,3",,"1,3",,1,"2,4",,"1,2",,"1,4",,"1,2",,5,,"1,2",,2,,,,,,,,,,,,,,,,,,,,,,,,,,,,,,"1,3",,5,,2,,1,,1,,2,1,,5,,5,,3,,"1,4",,"1,2",,"1,3",,1,,"1,2",,,,,,,,,,,,,,,,,,,,,,,,,,,,,,,,,,,,,,,,,,,,,,,,,,,,,,,,,,,,,,,,,,,,,,,,,,,,,,,,,,,,,,,,,,,,,,,,,,,,,,,,,,,,,,,,,,,,,,,,,,,,,70525,"<span lang=""EN-GB"">Suppose you want to find a route to home while walking on a street.<o:p></o:p></span>"
10/26/2018 9:46,10/26/2018 9:46,0,175.158.225.197,100,10,1,10/26/2018 9:46,R_1IYlGPDL2EfDmo8,,,,,10.31109619,123.8916931,anonymous,EN,1,,,,,,,,,,,,,,,,,,,,,,,,,,,,,,,,,,,,,,,,,,,,,,,,,,,,,,,,,,,,,,,,,,,,,,,,,,,,,,,,,,,,,,,,,,,,,,,,,,,,,,,,,,,,,,,,,,,,,,,,,,,,,,,,,,,,,,,,,,,,,,,,,,,,,,,,,,,,,,,,,,,,,,,,,,,,,,,,,,,,,,,,,,,,,,,,,,,,,,,,,,,,,,,,,,,77934,"<span lang=""EN-GB"">Suppose
     you want to listen to some audio when you are alone at Starbucks.<o:p></o:p></span>"
10/26/2018 9:46,10/26/2018 9:49,0,73.110.18.62,100,136,1,10/26/2018 9:49,R_330TK61stqmljI2,,,,,41.79649353,-87.95690155,anonymous,EN,"1,2,3,4,5,6",7,,5,,6,,3,,6,,4,5,,5,,4,6,,5,,7,,5,,5,,4,,"2,6",,,,,,,,,,,,,,,,,,,,,,,,,,,,,,7,,5,,6,,3,,6,,4,5,,5,,5,,6,,7,,5,,7,,5,,4,,,,,,,,,,,,,,,,,,,,,,,,,,,,,,,,,,,,,,,,,,,,,,,,,,,,,,,,,,,,,,,,,,,,,,,,,,,,,,,,,,,,,,,,,1,,5,,6,,3,,6,,1,5,,5,,5,,6,,7,,5,,7,,5,,4,,male,34,administrator,4,3,,2,48625,"Suppose you want to find a route to a coffee shop
     when you are at home with your by your colleagues<o:p></o:p>"
10/26/2018 9:42,10/26/2018 9:53,0,204.220.24.106,100,652,1,10/26/2018 9:53,R_2AEC213i6JAN8py,,,,,44.98060608,-93.17710114,anonymous,EN,"1,2,3,4,5","2,5",,1,,"1,2",,1,,2,,1,"1,2",,2,,1,"2,3",,1,,"1,3",,1,,"2,3",,1,,2,,,,,,,,,,,,,,,,,,,,,,,,,,,,,,"2,5",,1,,"1,2",,1,,2,,3,1,,5,,2,,6,,"1,3",,1,,"1,3,4",,3,,2,,,,,,,,,,,,,,,,,,,,,,,,,,,,,,,,,,,,,,,,,,,,,,,,,,,,,,,,,,,,,,,,,,,,,,,,,,,,,,,,,,,,,,,,,,,,,,,,,,,,,,,,,,,,,,,,,,,,,,,,,,,,,92728,"<span lang=""EN-GB"">Suppose you are at a coffee shop, you have just read a book you loved and now&nbsp;</span>you want to write a review for it to share with your close family and friends."
10/26/2018 9:38,10/26/2018 9:53,0,12.200.163.98,100,916,1,10/26/2018 9:53,R_1JPybKQ9uGL0Xu8,,,,,32.45889282,-93.71430206,anonymous,EN,"1,2,3,4,5,6",4,,2,,2,,1,,1,,2,1,,2,,3,3,,2,,3,,2,,2,,1,,,,,,,,,,,,,,,,,,,,,,,,,,,,,,,,,,,,,,,,,,,,,,,,,,,,,,,,,,,,,,,,,,,,,,,,,,,,,,,,,,,,,,,,,,,,,,,,,,,,,,,,,,,,,,,,,,,,,,,,,,,,,,,,,,,,,,,,,,,,,,,,,,,,,,,,,,,,,,,,,,,,,,,,,,,,,,,,,,,,,,,,63873,"<span lang=""EN-GB"">Suppose
     you want to a view a text message when you are surrounded by people you
     know (e.g., acquaintances, colleagues) at a restaurant.<o:p></o:p></span>"
10/26/2018 9:56,10/26/2018 10:01,0,47.148.146.177,100,294,1,10/26/2018 10:01,R_3elwYxguaop2CKZ,,,,,34.05839539,-117.6665039,anonymous,EN,"1,2,5",4,,1,,"1,2,3,4",,1,,"1,2",,2,"1,2,3",,"1,2",,2,"2,3,4",,2,,"2,3",,2,,5,,4,,2,,,,,,,,,,,,,,,,,,,,,,,,,,,,,,2,,1,,"1,2,3,4",,1,,"1,2",,2,"1,2,3",,"1,2,3",,1,,"2,4",,"1,2,3",,"1,2",,"1,3",,1,,2,,,,,,,,,,,,,,,,,,,,,,,,,,,,,,,,,,,,,,,,,,,,,,,,,,,,,,,,,,,,,,,,,,,,,,,,,,,,,,,,,,,,,,,,,,,,,,,,,,,,,,,,,,,,,,,,,,,,,,,,,,,,,73227,"<span lang=""EN-GB"">Suppose
     you want to find a route to home when you are at Starbucks with your close
     friends.<o:p></o:p></span>"
10/26/2018 9:42,10/26/2018 10:15,0,98.197.167.218,100,1994,1,10/26/2018 10:15,R_1hSF4PzY34XHeYt,,,,,30.00419617,-95.17279816,anonymous,EN,"1,2,5","1,2",,5,,"1,2,3,4",,1,,"1,3",,"2,3","2,3",,1,,3,4,,2,,"2,3",,"1,2",,"1,2",,4,,,,,,,,,,,,,,,,,,,,,,,,,,,,,,,,,,,,,,,,,,,,,,,,,,,,,,,,,,,,,,,,,,,,,,,,,,,,,,,,,,,,,,,,,,,,,,,,,,,,,,,,,,,,,,,,,,,,,,,,,,,,,,,,,,,,,,,,,,,,,,,,,,,,,,,,,,,,,,,,,,,,,,,,,,,,,,,,,,,,,,,,14970,"<span lang=""EN-GB"">Suppose you want to find a route to home while walking on a street with people you know (e.g., acquaintances, colleagues).<o:p></o:p></span>"
10/26/2018 10:22,10/26/2018 10:23,0,199.169.204.179,100,46,1,10/26/2018 10:23,R_2TBHmRC5Zp5snG6,,,,,44.98350525,-93.26830292,anonymous,EN,"2,3",,,,,,,,,,,,,,,,,,,,,,,,,,,,,,,,,,,,,,,,,,,,,,,,,,,,,,,,,,,,,,,,,,,,,,,,,,,,,,,,,,,,,,,,,,,,,,,,,,,,,,,,,,,,,,,,,,,,,,,,,,,,,,,,,,,,,,,,,,,,,,,,,,,,,,,,,,,,,,,,,,,,,,,,,,,,,,,,,,,,,,,,,,,,,,,,,,,,,,,,,,,,,,,,,,,51906,"<span lang=""EN-GB"">Suppose
     you want to take a click a photo when you are alone at home.<o:p></o:p></span>"
10/26/2018 10:23,10/26/2018 10:24,0,108.62.53.44,100,73,1,10/26/2018 10:24,R_4JjSrus3fVAC0xP,,,,,40.86210632,-74.41169739,anonymous,EN,"1,2,3,5","2,4",,1,,"1,2",,1,,1,,1,"1,2",,"2,3",,"1,2","1,2,3",,"1,2",,1,,2,,1,,1,,,,,,,,,,,,,,,,,,,,,,,,,,,,,,,,,,,,,,,,,,,,,,,,,,,,,,,,,,,,,,,,,,,,,,,,,,,,,,,,,,,,,,,,,,,,,,,,,,,,,,,,,,,,,,,,,,,,,,,,,,,,,,,,,,,,,,,,,,,,,,,,,,,,,,,,,,,,,,,,,,,,,,,,,,,,,,,,,,,,,,,,82159,"<span lang=""EN-GB"" style=""font-size:11.0pt;line-height:115%;
font-family:&quot;Arial&quot;,sans-serif;mso-fareast-font-family:Arial;mso-ansi-language:
EN-GB;mso-fareast-language:EN-US;mso-bidi-language:AR-SA"">Suppose you want to a
send a text message when you are alone at Starbucks.</span>"
10/26/2018 10:29,10/26/2018 10:30,0,67.149.146.6,100,78,1,10/26/2018 10:30,R_RbqKhqO9rQTqIKJ,,,,,42.60049438,-82.99980164,anonymous,EN,"1,2,3,6","1,2",,"1,2",,"3,4",,1,,"1,3",,"1,2","1,2",,"1,3",,"1,3","1,2",,"1,2",,"1,3,4",,"1,2",,"1,2",,"1,2",,,,,,,,,,,,,,,,,,,,,,,,,,,,,,,,,,,,,,,,,,,,,,,,,,,,,,,,,,,,,,,,,,,,,,,,,,,,,,,,,,,,,,,,,,,,,,,,,,,,,,,,,,,,,,,,,,,,,,,,,,,,,,,,,,,,,,,,,,,,,,,,,,,,,,,,,,,,,,,,,,,,,,,,,,,,,,,,,,,,,,,,78830,"<span lang=""EN-GB"">Suppose
     you want to listen to some audio when you are with your friends at
     Starbucks.<o:p></o:p></span>"
10/26/2018 10:34,10/26/2018 10:35,0,205.173.36.174,100,41,1,10/26/2018 10:35,R_BEfuVS4tWjeeKeR,,,,,30.35839844,-81.69200134,anonymous,EN,"1,2",,,,,,,,,,,,,,,,,,,,,,,,,,,,,,,,,,,,,,,,,,,,,,,,,,,,,,,,,,,,,,,,,,,,,,,,,,,,,,,,,,,,,,,,,,,,,,,,,,,,,,,,,,,,,,,,,,,,,,,,,,,,,,,,,,,,,,,,,,,,,,,,,,,,,,,,,,,,,,,,,,,,,,,,,,,,,,,,,,,,,,,,,,,,,,,,,,,,,,,,,,,,,,,,,,,15282,"<span lang=""EN-GB"">Suppose you want to browse the internet when you are alone at a restaurant.<o:p></o:p></span>"
10/26/2018 10:34,10/26/2018 10:35,0,216.107.42.51,100,52,1,10/26/2018 10:35,R_3PXYJvo43GMeHPR,,,,,37.75100708,-97.8219986,anonymous,EN,"3,4",,,,,,,,,,,,,,,,,,,,,,,,,,,,,,,,,,,,,,,,,,,,,,,,,,,,,,,,,,,,,,,,,,,,,,,,,,,,,,,,,,,,,,,,,,,,,,,,,,,,,,,,,,,,,,,,,,,,,,,,,,,,,,,,,,,,,,,,,,,,,,,,,,,,,,,,,,,,,,,,,,,,,,,,,,,,,,,,,,,,,,,,,,,,,,,,,,,,,,,,,,,,,,,,,,,25308,"<span lang=""EN-GB"">Suppose
     you want to listen to some audio when you with people you know (e.g.,
     acquaintances, colleagues) at Starbucks<o:p></o:p></span>"
10/26/2018 10:37,10/26/2018 10:38,0,68.52.56.99,100,109,1,10/26/2018 10:38,R_2xKnMZID2sRJkNF,,,,,37.68479919,-85.87840271,anonymous,EN,"1,2,3,4",2,,2,,2,,3,,"1,4",,2,"2,3",,"1,3",,"2,3",6,,"1,3",,"1,2",,5,,"1,2",,2,,,,,,,,,,,,,,,,,,,,,,,,,,,,,,,,,,,,,,,,,,,,,,,,,,,,,,,,,,,,,,,,,,,,,,,,,,,,,,,,,,,,,,,,,,,,,,,,,,,,,,,,,,,,,,,,,,,,,,,,,,,,,,,,,,,,,,,,,,,,,,,,,,,,,,,,,,,,,,,,,,,,,,,,,,,,,,,,,,,,,,,,92333,"<span lang=""EN-GB"">Suppose
     you want to listen to some audio when you are alone at your home.<strong><o:p></o:p></strong></span>"
10/26/2018 10:35,10/26/2018 10:39,0,216.107.42.51,100,202,1,10/26/2018 10:39,R_Rs1oBR3yTNtY1fH,,,,,37.75100708,-97.8219986,anonymous,EN,"1,2,3,4,5,6",3,,2,,2,,1,,3,,3,1,,2,,3,3,,1,,2,,1,,"1,2",,2,,3,,,,,,,,,,,,,,,,,,,,,,,,,,,,,,,,,,,,,,,,,,,,,,,,,,,,,,,,,,,2,,2,,2,,1,,4,,1,1,,2,,2,,2,,3,,1,,3,,3,,2,,,,,,,,,,,,,,,,,,,,,,,,,,,,,,,,,,,,,,,,,,,,,,,,,,,,,,,,,,,,,,,,,,,,,,,,,,,,,,,,,,,,,,,,,MUNFACTION,33,MUNFACTION,6,3,,5,93117,"<span lang=""EN-GB"">Suppose you want to a send an email when you are walking with a very close friend on a street.&nbsp;<o:p></o:p></span>"
10/26/2018 10:32,10/26/2018 10:42,0,70.19.41.210,100,583,1,10/26/2018 10:42,R_2mBWVpFeVdUBQeR,,,,,41.3473053,-73.66100311,anonymous,EN,"1,2,3,4,5,6",1,,3,,"1,2,3,4",,1,,1,,2,3,,"1,3",,2,2,,"1,3",,"1,2",,"1,3",,"1,2,3",,4,,"2,6",,,,,,,,,,,,,,,,,,,,,,,,,,,,,,"1,2",,3,,"3,4",,1,,1,,"2,3","1,2,3",,1,,"1,2,3",,2,,2,,1,,2,,1,,4,,,,,,,,,,,,,,,,,,,,,,,,,,,,,,,,,,,,,,,,,,,,,,,,,,,,,,,,,,,,,,,,,,,,,,,,,,,,,,,,,,,,,,,,,"1,2",,3,,"3,4",,1,,1,,"2,3","1,2,3",,1,,1,,1,,"1,2",,1,,"1,2",,1,,4,,,,,,,,,43913,"<span lang=""EN-GB"">Suppose
     you want to find a route to home when you are alone at Starbucks.<o:p></o:p></span>"
10/26/2018 10:46,10/26/2018 10:47,0,23.235.110.10,100,67,1,10/26/2018 10:47,R_3EKM5sGk5PZq0eg,,,,,55.37199402,-131.683197,anonymous,EN,"1,2,3,5,6","1,2,3",,3,,"2,3",,1,,"1,2,3",,"2,3","1,2",,"1,3",,"1,2","2,3",,"2,3",,"2,3",,"1,2,3",,"1,2,3",,1,,,,,,,,,,,,,,,,,,,,,,,,,,,,,,,,,,,,,,,,,,,,,,,,,,,,,,,,,,,,,,,,,,,,,,,,,,,,,,,,,,,,,,,,,,,,,,,,,,,,,,,,,,,,,,,,,,,,,,,,,,,,,,,,,,,,,,,,,,,,,,,,,,,,,,,,,,,,,,,,,,,,,,,,,,,,,,,,,,,,,,,,22748,"<span lang=""EN-GB"">Suppose
     you want to set up a reminder when you are at home with people you are
     close to (e.g., friends, family members).<strong><o:p></o:p></strong></span>"
10/26/2018 10:44,10/26/2018 10:49,0,173.169.184.41,100,318,1,10/26/2018 10:49,R_1Kpww5sPNxsEPSq,,,,,27.98100281,-81.67359924,anonymous,EN,"1,2,3,4,5,6",2,,1,,1,,3,,1,,1,"1,2,3",,2,,3,2,,2,,1,,2,,5,,4,,,,,,,,,,,,,,,,,,,,,,,,,,,,,,,,,,,,,,,,,,,,,,,,,,,,,,,,,,,,,,,,,,,,,,,,,,,,,,,,,,,,,,,,,,,,,,,,,,,,,,,,,,,,,,,,,,,,,,,,,,,,,,,,,,,,,,,,,,,,,,,,,,,,,,,,,,,,,,,,,,,,,,,,,,,,,,,,,,,,,,,,60995,"<span lang=""EN-GB"">Suppose
     you want to a send an email when you are surrounded by people you know
     (e.g., acquaintances, colleagues) your home.<o:p></o:p></span>"
10/26/2018 10:49,10/26/2018 10:51,0,214.18.214.63,100,106,1,10/26/2018 10:51,R_3iIlmA7qvmz7kQO,,,,,38.8276062,-77.08959961,anonymous,EN,"1,2,3","2,4",,1,,"1,2,3,4",,1,,"1,3",,"1,3",2,,"1,3",,2,"1,3,4",,2,,"3,4",,"1,2",,"1,2",,1,,,,,,,,,,,,,,,,,,,,,,,,,,,,,,,,,,,,,,,,,,,,,,,,,,,,,,,,,,,,,,,,,,,,,,,,,,,,,,,,,,,,,,,,,,,,,,,,,,,,,,,,,,,,,,,,,,,,,,,,,,,,,,,,,,,,,,,,,,,,,,,,,,,,,,,,,,,,,,,,,,,,,,,,,,,,,,,,,,,,,,,,83107,"<span lang=""EN-GB"" style=""font-size:11.0pt;line-height:115%;
font-family:&quot;Arial&quot;,sans-serif;mso-fareast-font-family:Arial;mso-ansi-language:
EN-GB;mso-fareast-language:EN-US;mso-bidi-language:AR-SA"">Suppose you want to browse the internet when you are alone at your home.</span>"
10/26/2018 10:49,10/26/2018 10:55,0,75.97.62.35,100,378,1,10/26/2018 10:55,R_qUfVSb57ETkAEsV,,,,,40.81230164,-76.13960266,anonymous,EN,"2,3,4",7,,5,,6,,1,,6,,1,5,,5,,1,6,,5,,7,,5,,1,,4,,2,,,,,,,,,,,,,,,,,,,,,,,,,,,,,,7,,5,,1,,1,,1,,1,1,,5,,5,,6,,7,,5,,7,,1,,4,,,,,,,,,,,,,,,,,,,,,,,,,,,,,,,,,,,,,,,,,,,,,,,,,,,,,,,,,,,,,,,,,,,,,,,,,,,,,,,,,,,,,,,,,,,,,,,,,,,,,,,,,,,,,,,,,,,,,,female,41,photographer,2,1,,2,77259,"<span lang=""EN-GB"">Suppose
     you want to call your mother for sharing an important update about your
     life yourself when you are with a very close friend at a park.&nbsp;<o:p></o:p></span>"
10/19/2018 10:54,10/19/2018 10:57,0,68.55.107.200,78,143,0,10/26/2018 10:57,R_2fx2Wfw65JPnSsw,,,,,,,anonymous,EN,"1,2,5",,,,,,,,,,,,,,,,,,,,,,,,,,,,,,,,,,,,,,,,,,,,,,,,,,,,,,,,,,,,,,,,,,,,,,,,,,,,,,,,,,,,,,,,,,,,,,,,,,,,,,,,,,,,,,,,,,,,,,,,,,,,,,,,,,,,,,,,,,,,,,,,,,,,,,,,,,,,,,,,,,,,,,,,,,,,,,,,,,,,,,,,,,,,,,,,,,,,,,,,,,,,,,,,,,,649,"<span lang=""EN-GB"">Suppose you want to browse the internet when you are with your close friends at a park.<o:p></o:p></span>"
10/19/2018 10:58,10/19/2018 10:58,0,199.218.242.15,1,10,0,10/26/2018 10:58,R_22YzxoMB33cJClj,,,,,,,anonymous,EN,,,,,,,,,,,,,,,,,,,,,,,,,,,,,,,,,,,,,,,,,,,,,,,,,,,,,,,,,,,,,,,,,,,,,,,,,,,,,,,,,,,,,,,,,,,,,,,,,,,,,,,,,,,,,,,,,,,,,,,,,,,,,,,,,,,,,,,,,,,,,,,,,,,,,,,,,,,,,,,,,,,,,,,,,,,,,,,,,,,,,,,,,,,,,,,,,,,,,,,,,,,,,,,,,,,,43804,"<span lang=""EN-GB"" style=""font-size:11.0pt;line-height:115%;
font-family:&quot;Arial&quot;,sans-serif;mso-fareast-font-family:Arial;mso-ansi-language:
EN-GB;mso-fareast-language:EN-US;mso-bidi-language:AR-SA"">Suppose you want to
take a click a photo when you are at Starbucks.</span>"
10/26/2018 10:56,10/26/2018 11:02,0,71.78.23.147,100,332,1,10/26/2018 11:02,R_9oS86LVaxaMs5xL,,,,,32.92469788,-96.95980072,anonymous,EN,"1,2,4",2,,1,,3,,1,,1,,2,"1,2",,2,,3,3,,2,,4,,2,,"1,2",,"1,2",,,,,,,,,,,,,,,,,,,,,,,,,,,,,,,,,,,,,,,,,,,,,,,,,,,,,,,,,,,,,,,,,,,,,,,,,,,,,,,,,,,,,,,,,,,,,,,,,,,,,,,,,,,,,,,,,,,,,,,,,,,,,,,,,,,,,,,,,,,,,,,,,,,,,,,,,,,,,,,,,,,,,,,,,,,,,,,,,,,,,,,,75487,"<span lang=""EN-GB"">Suppose
     you want to a send a text message when you are surrounded by people you
     know (e.g., acquaintances, colleagues) at a restaurant.<o:p></o:p></span>"
10/26/2018 11:04,10/26/2018 11:07,0,74.97.48.154,100,229,1,10/26/2018 11:07,R_1kUC3C4Xw1qGwm9,,,,,41.83509827,-71.39710236,anonymous,EN,"1,2,3,4,5",1,,"1,3",,2,,1,,1,,3,3,,5,,3,6,,1,,6,,2,,1,,1,,,,,,,,,,,,,,,,,,,,,,,,,,,,,,,,,,,,,,,,,,,,,,,,,,,,,,,,,,,,,,,,,,,,,,,,,,,,,,,,,,,,,,,,,,,,,,,,,,,,,,,,,,,,,,,,,,,,,,,,,,,,,,,,,,,,,,,,,,,,,,,,,,,,,,,,,,,,,,,,,,,,,,,,,,,,,,,,,,,,,,,,72524,"<span lang=""EN-GB"">Suppose you want to read a digital document when you are in a park with people you know (e.g., acquaintances, colleagues).<o:p></o:p></span>"
10/26/2018 11:03,10/26/2018 11:09,0,204.14.14.97,100,399,1,10/26/2018 11:09,R_1PTxAhGoWs4xXGk,,,,,40.29220581,-76.94319916,anonymous,EN,"1,2,3,5,6","2,3,4",,3,,"1,3",,1,,"1,3",,"2,3","1,2,3",,3,,"2,3","2,3",,1,,7,,2,,"1,3",,2,,,,,,,,,,,,,,,,,,,,,,,,,,,,,,,,,,,,,,,,,,,,,,,,,,,,,,,,,,,,,,,,,,,,,,,,,,,,,,,,,,,,,,,,,,,,,,,,,,,,,,,,,,,,,,,,,,,,,,,,,,,,,,,,,,,,,,,,,,,,,,,,,,,,,,,,,,,,,,,,,,,,,,,,,,,,,,,,,,,,,,,,71036,"<span lang=""EN-GB"">Suppose you want to browse the internet when you are at home with people you know (e.g., acquaintances, colleagues).<o:p></o:p></span>"
10/26/2018 11:09,10/26/2018 11:10,0,173.169.184.41,100,15,1,10/26/2018 11:10,R_2e9aapzZ0MHfQEQ,,,,,27.98100281,-81.67359924,anonymous,EN,3,,,,,,,,,,,,,,,,,,,,,,,,,,,,,,,,,,,,,,,,,,,,,,,,,,,,,,,,,,,,,,,,,,,,,,,,,,,,,,,,,,,,,,,,,,,,,,,,,,,,,,,,,,,,,,,,,,,,,,,,,,,,,,,,,,,,,,,,,,,,,,,,,,,,,,,,,,,,,,,,,,,,,,,,,,,,,,,,,,,,,,,,,,,,,,,,,,,,,,,,,,,,,,,,,,,27065,"<span lang=""EN-GB"" style=""font-size:11.0pt;line-height:115%;
font-family:&quot;Arial&quot;,sans-serif;mso-fareast-font-family:Arial;mso-ansi-language:
EN-GB;mso-fareast-language:EN-US;mso-bidi-language:AR-SA"">Suppose you want to
take a click a photo when you are at Starbucks.</span>"
10/26/2018 11:09,10/26/2018 11:11,0,68.80.78.40,100,127,1,10/26/2018 11:11,R_tQYOjNfP71V76s9,,,,,39.95970154,-75.20240021,anonymous,EN,"1,2,3",4,,2,,1,,1,,2,,3,1,,2,,2,1,,3,,3,,2,,1,,1,,,,,,,,,,,,,,,,,,,,,,,,,,,,,,,,,,,,,,,,,,,,,,,,,,,,,,,,,,,,,,,,,,,,,,,,,,,,,,,,,,,,,,,,,,,,,,,,,,,,,,,,,,,,,,,,,,,,,,,,,,,,,,,,,,,,,,,,,,,,,,,,,,,,,,,,,,,,,,,,,,,,,,,,,,,,,,,,,,,,,,,,75494,"<span lang=""EN-GB"">Suppose
     you want to set up a reminder about something when you are with people you
     know (e.g., acquaintances, colleagues) at Starbucks.<o:p></o:p></span>"
10/19/2018 11:13,10/19/2018 11:20,0,72.225.0.80,78,422,0,10/26/2018 11:21,R_0PdnHxQQlbLQkAF,,,,,,,anonymous,EN,"1,2,3,4,5",,,,,,,,,,,,,,,,,,,,,,,,,,,,,,,,,,,,,,,,,,,,,,,,,,,,,,,,,,,,,,,,,,,,,,,,,,,,,,,,,,,,,,,,,,,,,,,,,,,,,,,,,,,,,,,,,,,,,,,,,,,,,,,,,,,,,,,,,,,,,,,,,,,,,,,,,,,,,,,,,,,,,,,,,,,,,,,,,,,,,,,,,,,,,,,,,,,,,,,,,,,,,,,,,,,36371,"<span lang=""EN-GB"">Suppose you want to browse through one of your social media profiles when you&nbsp;</span>are at your home."
10/26/2018 11:22,10/26/2018 11:22,0,72.77.93.34,100,11,1,10/26/2018 11:22,R_1d4SZs1TJfZxp2T,,,,,40.4723053,-79.91320038,anonymous,EN,"1,2",,,,,,,,,,,,,,,,,,,,,,,,,,,,,,,,,,,,,,,,,,,,,,,,,,,,,,,,,,,,,,,,,,,,,,,,,,,,,,,,,,,,,,,,,,,,,,,,,,,,,,,,,,,,,,,,,,,,,,,,,,,,,,,,,,,,,,,,,,,,,,,,,,,,,,,,,,,,,,,,,,,,,,,,,,,,,,,,,,,,,,,,,,,,,,,,,,,,,,,,,,,,,,,,,,,51398,"<span lang=""EN-GB"">Suppose you want to control some devices/appliances (e.g., smart lights) when you are at home with people you are close to (e.g., friends, family members)<strong><o:p></o:p></strong></span>"
10/19/2018 11:22,10/19/2018 11:22,0,216.160.129.53,78,33,0,10/26/2018 11:22,R_DTft669X5Nhe9VL,,,,,,,anonymous,EN,"1,2,4",,,,,,,,,,,,,,,,,,,,,,,,,,,,,,,,,,,,,,,,,,,,,,,,,,,,,,,,,,,,,,,,,,,,,,,,,,,,,,,,,,,,,,,,,,,,,,,,,,,,,,,,,,,,,,,,,,,,,,,,,,,,,,,,,,,,,,,,,,,,,,,,,,,,,,,,,,,,,,,,,,,,,,,,,,,,,,,,,,,,,,,,,,,,,,,,,,,,,,,,,,,,,,,,,,,45066,"Suppose you want to check your social media status
     when you are at Starbucks.<o:p></o:p>"
10/26/2018 11:20,10/26/2018 11:23,0,144.89.210.219,100,150,1,10/26/2018 11:23,R_pR9Y0FhDCK8dwv7,,,,,42.56199646,-89.08599854,anonymous,EN,"1,2,4",1,,2,,2,,1,,1,,4,2,,2,,2,3,,2,,2,,1,,2,,1,,,,,,,,,,,,,,,,,,,,,,,,,,,,,,,,,,,,,,,,,,,,,,,,,,,,,,,,,,,,,,,,,,,,,,,,,,,,,,,,,,,,,,,,,,,,,,,,,,,,,,,,,,,,,,,,,,,,,,,,,,,,,,,,,,,,,,,,,,,,,,,,,,,,,,,,,,,,,,,,,,,,,,,,,,,,,,,,,,,,,,,,61148,"<span lang=""EN-GB"" style=""font-size:11.0pt;line-height:115%;
font-family:&quot;Arial&quot;,sans-serif;mso-fareast-font-family:Arial;mso-ansi-language:
EN-GB;mso-fareast-language:EN-US;mso-bidi-language:AR-SA"">Suppose you want to a
send a text message when you are alone at Starbucks.</span>"
10/26/2018 11:14,10/26/2018 11:24,0,173.174.205.243,100,600,1,10/26/2018 11:24,R_3Ge2UAbh71QQd3W,,,,,29.7026062,-98.47589874,anonymous,EN,"1,2,4","2,3,5",,1,,"2,3",,1,,1,,3,5,,"2,3",,"2,3","1,2,3",,"1,2",,"3,4",,"1,2",,"1,2",,2,,,,,,,,,,,,,,,,,,,,,,,,,,,,,,,,,,,,,,,,,,,,,,,,,,,,,,,,,,,,,,,,,,,,,,,,,,,,,,,,,,,,,,,,,,,,,,,,,,,,,,,,,,,,,,,,,,,,,,,,,,,,,,,,,,,,,,,,,,,,,,,,,,,,,,,,,,,,,,,,,,,,,,,,,,,,,,,,,,,,,,,,97190,"<span lang=""EN-GB"" style=""font-size:11.0pt;line-height:115%;
font-family:&quot;Arial&quot;,sans-serif;mso-fareast-font-family:Arial;mso-ansi-language:
EN-GB;mso-fareast-language:EN-US;mso-bidi-language:AR-SA"">Suppose you have
planned to meet a friend next week and you want put this on your calendar<span style=""color:#434343""> when you with </span>people you know (e.g.,
acquaintances, colleagues)<span style=""color:#434343""> at a park</span></span>"
10/26/2018 11:25,10/26/2018 11:26,0,192.161.72.88,100,64,1,10/26/2018 11:26,R_2QYx7cl04fP39hZ,,,,,38.84320068,-78.60030365,anonymous,EN,"1,2,3,4,5,6","2,3",,"1,2",,3,,1,,"2,3",,"2,3","1,2",,"1,3",,2,"2,3",,1,,2,,"1,2",,"2,3",,1,,,,,,,,,,,,,,,,,,,,,,,,,,,,,,,,,,,,,,,,,,,,,,,,,,,,,,,,,,,,,,,,,,,,,,,,,,,,,,,,,,,,,,,,,,,,,,,,,,,,,,,,,,,,,,,,,,,,,,,,,,,,,,,,,,,,,,,,,,,,,,,,,,,,,,,,,,,,,,,,,,,,,,,,,,,,,,,,,,,,,,,,69850,"<span lang=""EN-GB"">Suppose
     you want to a view a text message when you are surrounded with people you
     are close to (e.g., friends, family members) at your home.<strong><o:p></o:p></strong></span>"
10/26/2018 11:23,10/26/2018 11:28,0,24.126.154.3,100,330,1,10/26/2018 11:28,R_0qAWbwpOBDCTd4J,,,,,34.23210144,-84.15799713,anonymous,EN,"1,2,3,4",2,,"1,3",,"1,2,3",,3,,1,,3,"1,2",,2,,1,2,,2,,3,,2,,"1,2",,2,,,,,,,,,,,,,,,,,,,,,,,,,,,,,,,,,,,,,,,,,,,,,,,,,,,,,,,,,,,,,,,,,,,,,,,,,,,,,,,,,,,,,,,,,,,,,,,,,,,,,,,,,,,,,,,,,,,,,,,,,,,,,,,,,,,,,,,,,,,,,,,,,,,,,,,,,,,,,,,,,,,,,,,,,,,,,,,,,,,,,,,,1789,"<span lang=""EN-GB"">Suppose you are alone at home, you want to take a break from studying/working&nbsp;</span>so you decide to play an online/digital game."
10/26/2018 11:33,10/26/2018 11:36,0,172.58.30.244,100,196,1,10/26/2018 11:36,R_2D8pQoaTeo54e3F,,,,,33.97309875,-118.2478943,anonymous,EN,"1,2,3,4",2,,1,,1,,1,,1,,1,2,,2,,1,2,,2,,3,,2,,2,,2,,2,,,,,,,,,,,,,,,,,,,,,,,,,,,,,,2,,1,,1,,1,,2,,1,2,,2,,2,,2,,3,,2,,3,,2,,2,,,,,,,,,,,,,,,,,,,,,,,,,,,,,,,,,,,,,,,,,,,,,,,,,,,,,,,,,,,,,,,,,,,,,,,,,,,,,,,,,,,,,,,,,,,,,,,,,,,,,,,,,,,,,,,,,,,,,,Female,29,Broker,1,2,,4,23593,"<span lang=""EN-GB"">Suppose you want to browse the internet when you alone at a park.<o:p></o:p></span>"
10/26/2018 11:34,10/26/2018 11:37,0,12.196.174.98,100,191,1,10/26/2018 11:37,R_27vwGc3qOVxB6ln,,,,,35.37330627,-119.0186996,anonymous,EN,"1,3,4,5","1,2,4",,"1,2,3",,"1,2,3",,1,,1,,"2,3","1,3",,"1,3",,"2,3","1,2,3,4",,2,,2,,"1,2",,1,,"1,2",,,,,,,,,,,,,,,,,,,,,,,,,,,,,,,,,,,,,,,,,,,,,,,,,,,,,,,,,,,,,,,,,,,,,,,,,,,,,,,,,,,,,,,,,,,,,,,,,,,,,,,,,,,,,,,,,,,,,,,,,,,,,,,,,,,,,,,,,,,,,,,,,,,,,,,,,,,,,,,,,,,,,,,,,,,,,,,,,,,,,,,,34497,"<span lang=""EN-GB"" style=""font-size:11.0pt;line-height:115%;
font-family:&quot;Arial&quot;,sans-serif;mso-fareast-font-family:Arial;mso-ansi-language:
EN-GB;mso-fareast-language:EN-US;mso-bidi-language:AR-SA"">Suppose you want to check your social media when you are alone in a park.</span>"
10/26/2018 11:36,10/26/2018 11:37,0,97.119.167.107,100,98,1,10/26/2018 11:37,R_3qrFyBL24GhQAzy,,,,,41.15229797,-96.03710175,anonymous,EN,"2,3,4","2,4",,5,,"1,2",,1,,"2,3",,3,3,,5,,1,3,,3,,2,,2,,2,,1,,,,,,,,,,,,,,,,,,,,,,,,,,,,,,,,,,,,,,,,,,,,,,,,,,,,,,,,,,,,,,,,,,,,,,,,,,,,,,,,,,,,,,,,,,,,,,,,,,,,,,,,,,,,,,,,,,,,,,,,,,,,,,,,,,,,,,,,,,,,,,,,,,,,,,,,,,,,,,,,,,,,,,,,,,,,,,,,,,,,,,,,23788,"<span lang=""EN-GB"">Suppose
     you want to watch some video when you are with people you know (e.g.,
     acquaintances, colleagues) at your home.<o:p></o:p></span>"
10/19/2018 11:37,10/19/2018 11:38,0,104.52.25.66,78,89,0,10/26/2018 11:39,R_1kNPdMIuxNjlMtv,,,,,,,anonymous,EN,"1,2,3,4,5",,,,,,,,,,,,,,,,,,,,,,,,,,,,,,,,,,,,,,,,,,,,,,,,,,,,,,,,,,,,,,,,,,,,,,,,,,,,,,,,,,,,,,,,,,,,,,,,,,,,,,,,,,,,,,,,,,,,,,,,,,,,,,,,,,,,,,,,,,,,,,,,,,,,,,,,,,,,,,,,,,,,,,,,,,,,,,,,,,,,,,,,,,,,,,,,,,,,,,,,,,,,,,,,,,,35211,"<span lang=""EN-GB"">Suppose you are alone at home when you realize today is the last day to pay one of your bills online.<o:p></o:p></span>"
10/26/2018 11:41,10/26/2018 11:42,0,149.101.1.117,100,22,1,10/26/2018 11:42,R_1gbjIFthdm6vTG5,,,,,38.89509583,-77.03639984,anonymous,EN,"2,3",,,,,,,,,,,,,,,,,,,,,,,,,,,,,,,,,,,,,,,,,,,,,,,,,,,,,,,,,,,,,,,,,,,,,,,,,,,,,,,,,,,,,,,,,,,,,,,,,,,,,,,,,,,,,,,,,,,,,,,,,,,,,,,,,,,,,,,,,,,,,,,,,,,,,,,,,,,,,,,,,,,,,,,,,,,,,,,,,,,,,,,,,,,,,,,,,,,,,,,,,,,,,,,,,,,65342,"<span lang=""EN-GB"">Suppose you want to call your mother for sharing an important
     update about your life&nbsp; when you
     with people you know (e.g., acquaintances, colleagues) at a park<o:p></o:p></span>"
10/19/2018 11:40,10/19/2018 11:44,0,100.35.97.44,78,282,0,10/26/2018 11:45,R_OGX4kF5Hy4x7dZf,,,,,,,anonymous,EN,"1,2,3,4,5,6",,,,,,,,,,,,,,,,,,,,,,,,,,,,,,,,,,,,,,,,,,,,,,,,,,,,,,,,,,,,,,,,,,,,,,,,,,,,,,,,,,,,,,,,,,,,,,,,,,,,,,,,,,,,,,,,,,,,,,,,,,,,,,,,,,,,,,,,,,,,,,,,,,,,,,,,,,,,,,,,,,,,,,,,,,,,,,,,,,,,,,,,,,,,,,,,,,,,,,,,,,,,,,,,,,,59848,"<span lang=""EN-GB"">Suppose you want to a view a text message when you are alone at a street.<o:p></o:p></span>"
10/26/2018 6:46,10/26/2018 11:54,0,23.88.172.215,100,18445,1,10/26/2018 11:54,R_C8CYJy5xTUSpQ2Z,,,,,41.82400513,-71.41280365,anonymous,EN,"1,2,3,4,5,6","3,5",,"1,3",,"1,3",,1,,"1,3,4",,2,"1,3",,"2,3",,"1,2","2,4",,"1,2",,"1,3",,"1,3",,"2,3",,1,,,,,,,,,,,,,,,,,,,,,,,,,,,,,,,,,,,,,,,,,,,,,,,,,,,,,,,,,,,,,,,,,,,,,,,,,,,,,,,,,,,,,,,,,,,,,,,,,,,,,,,,,,,,,,,,,,,,,,,,,,,,,,,,,,,,,,,,,,,,,,,,,,,,,,,,,,,,,,,,,,,,,,,,,,,,,,,,,,,,,,,,93929,"<span lang=""EN-GB"">Suppose
     you want to listen to some audio when you are with your friends at
     Starbucks.<o:p></o:p></span>"
10/26/2018 11:56,10/26/2018 12:02,0,209.107.204.72,100,389,1,10/26/2018 12:02,R_1jiHsIBFcZXZ8xq,,,,,32.79040527,-96.80439758,anonymous,EN,"1,2,5,6","1,2",,"1,2",,"1,2",,1,,3,,"2,3",3,,3,,"2,3","3,4",,"2,3",,"1,2,3",,"2,3",,"1,3",,2,,"1,2","1,2",,"1,2",,"2,3",,1,,"2,3",,"2,3","2,3",,"2,3",,"2,3",,"2,3",,"1,2,3",,"2,3",,"1,2,3",,"1,3",,2,,"1,2",,"1,2",,"1,2",,1,,3,,"2,3","2,3",,"2,3",,2,,"2,4",,"1,2,3",,"2,3",,"1,2,3",,"1,3",,2,,,,,,,,,,,,,,,,,,,,,,,,,,,,,,,,,,,,,,,,,,,,,,,,,,,,,,,,,,,,,,,,,,,,,,,,,,,,,,,,,,,,,,,,,,,,,,,,,,,,,,,,,,,,,,,,,,,,,,,,,,,,,12503,"<span lang=""EN-GB"">Suppose
     you want to purchase something online when you are with people you know
     (e.g., acquaintances, colleagues) at your home.<o:p></o:p></span>"
10/26/2018 12:06,10/26/2018 12:06,0,65.35.61.34,100,8,1,10/26/2018 12:06,R_12Dz7Cvp6hs8QOg,,,,,27.84500122,-82.3125,anonymous,EN,1,,,,,,,,,,,,,,,,,,,,,,,,,,,,,,,,,,,,,,,,,,,,,,,,,,,,,,,,,,,,,,,,,,,,,,,,,,,,,,,,,,,,,,,,,,,,,,,,,,,,,,,,,,,,,,,,,,,,,,,,,,,,,,,,,,,,,,,,,,,,,,,,,,,,,,,,,,,,,,,,,,,,,,,,,,,,,,,,,,,,,,,,,,,,,,,,,,,,,,,,,,,,,,,,,,,42379,"<span lang=""EN-GB"">Suppose
     you want to a send an email when you are walking on a street.<o:p></o:p></span>"
10/26/2018 12:08,10/26/2018 12:09,0,34.224.88.99,100,9,1,10/26/2018 12:09,R_1OOcVaLTIeV2GZ9,,,,,39.0480957,-77.47280121,anonymous,EN,2,,,,,,,,,,,,,,,,,,,,,,,,,,,,,,,,,,,,,,,,,,,,,,,,,,,,,,,,,,,,,,,,,,,,,,,,,,,,,,,,,,,,,,,,,,,,,,,,,,,,,,,,,,,,,,,,,,,,,,,,,,,,,,,,,,,,,,,,,,,,,,,,,,,,,,,,,,,,,,,,,,,,,,,,,,,,,,,,,,,,,,,,,,,,,,,,,,,,,,,,,,,,,,,,,,,38619,"<span lang=""EN-GB"">Suppose
     you want to a send an email when you are with a very close friend at a
     restaurant&nbsp;<o:p></o:p></span>"
10/26/2018 12:09,10/26/2018 12:09,0,34.224.88.99,100,8,1,10/26/2018 12:09,R_1dGlZSZcqXTS1a4,,,,,39.0480957,-77.47280121,anonymous,EN,4,,,,,,,,,,,,,,,,,,,,,,,,,,,,,,,,,,,,,,,,,,,,,,,,,,,,,,,,,,,,,,,,,,,,,,,,,,,,,,,,,,,,,,,,,,,,,,,,,,,,,,,,,,,,,,,,,,,,,,,,,,,,,,,,,,,,,,,,,,,,,,,,,,,,,,,,,,,,,,,,,,,,,,,,,,,,,,,,,,,,,,,,,,,,,,,,,,,,,,,,,,,,,,,,,,,48011,"<span lang=""EN-GB"">Suppose
     you want to a send a text message when you are alone at home<strong><o:p></o:p></strong></span>"
10/26/2018 12:09,10/26/2018 12:10,0,24.13.186.19,100,97,1,10/26/2018 12:10,R_XX3CpKxx9qMClvX,,,,,42.0144043,-88.09349823,anonymous,EN,"1,2,6","2,3,4",,1,,2,,1,,2,,1,"1,2",,2,,1,3,,3,,"1,3",,2,,"1,2",,"1,2",,,,,,,,,,,,,,,,,,,,,,,,,,,,,,,,,,,,,,,,,,,,,,,,,,,,,,,,,,,,,,,,,,,,,,,,,,,,,,,,,,,,,,,,,,,,,,,,,,,,,,,,,,,,,,,,,,,,,,,,,,,,,,,,,,,,,,,,,,,,,,,,,,,,,,,,,,,,,,,,,,,,,,,,,,,,,,,,,,,,,,,,2685,"<span lang=""EN-GB"">Suppose you want to read a digital document when you are in a park surrounded by your close friends.<o:p></o:p></span>"
10/19/2018 12:02,10/19/2018 12:15,0,165.225.38.80,78,761,0,10/26/2018 12:15,R_UmBAmdAynZZpsAh,,,,,,,anonymous,EN,"1,2,3,4,5",,,,,,,,,,,,,,,,,,,,,,,,,,,,,,,,,,,,,,,,,,,,,,,,,,,,,,,,,,,,,,,,,,,,,,,,,,,,,,,,,,,,,,,,,,,,,,,,,,,,,,,,,,,,,,,,,,,,,,,,,,,,,,,,,,,,,,,,,,,,,,,,,,,,,,,,,,,,,,,,,,,,,,,,,,,,,,,,,,,,,,,,,,,,,,,,,,,,,,,,,,,,,,,,,,,12124,"<span lang=""EN-GB"">Suppose
     you want to take a click a photo when you are with people you are close to
     (e.g., friends, family members) at home<o:p></o:p></span>"
10/26/2018 12:17,10/26/2018 12:17,0,174.79.2.3,100,9,1,10/26/2018 12:17,R_vwNZHS8AbxmzTaN,,,,,32.54600525,-83.60469818,anonymous,EN,3,,,,,,,,,,,,,,,,,,,,,,,,,,,,,,,,,,,,,,,,,,,,,,,,,,,,,,,,,,,,,,,,,,,,,,,,,,,,,,,,,,,,,,,,,,,,,,,,,,,,,,,,,,,,,,,,,,,,,,,,,,,,,,,,,,,,,,,,,,,,,,,,,,,,,,,,,,,,,,,,,,,,,,,,,,,,,,,,,,,,,,,,,,,,,,,,,,,,,,,,,,,,,,,,,,,53416,"<span lang=""EN-GB"">Suppose you want to find a route to home while walking on a street with your close friends.<o:p></o:p></span>"
10/26/2018 12:26,10/26/2018 12:26,0,208.180.65.82,100,16,1,10/26/2018 12:26,R_22Mw7Y3kbihh30T,,,,,30.65820313,-96.33509827,anonymous,EN,"2,6",,,,,,,,,,,,,,,,,,,,,,,,,,,,,,,,,,,,,,,,,,,,,,,,,,,,,,,,,,,,,,,,,,,,,,,,,,,,,,,,,,,,,,,,,,,,,,,,,,,,,,,,,,,,,,,,,,,,,,,,,,,,,,,,,,,,,,,,,,,,,,,,,,,,,,,,,,,,,,,,,,,,,,,,,,,,,,,,,,,,,,,,,,,,,,,,,,,,,,,,,,,,,,,,,,,29082,"<span lang=""EN-GB"">Suppose you want to a view a text message when you are alone at a street.<o:p></o:p></span>"
10/26/2018 12:20,10/26/2018 12:30,0,72.130.142.126,100,640,1,10/26/2018 12:30,R_aeYCwdM24gQR1br,,,,,21.39819336,-158.0124054,anonymous,EN,"1,2,4",7,,3,,1,,1,,1,,3,2,,3,,3,4,,2,,6,,2,,1,,2,,2,,,,,,,,,,,,,,,,,,,,,,,,,,,,,,2,,3,,1,,1,,1,,3,2,,3,,3,,3,,6,,2,,6,,3,,2,,,,,,,,,,,,,,,,,,,,,,,,,,,,,,,,,,,,,,,,,,,,,,,,,,,,,,,,,,,,,,,,,,,,,,,,,,,,,,,,,,,,,,,,,,,,,,,,,,,,,,,,,,,,,,,,,,,,,,female,44,disabled,5,5,,1,90116,"<span lang=""EN-GB"">Suppose you want to take a click a photo when you with </span><span lang=""EN-GB"">some people you know (e.g.,
     acquaintances, colleagues)</span><span lang=""EN-GB""> at home<o:p></o:p></span>"
10/19/2018 12:42,10/19/2018 12:42,0,164.58.69.2,1,5,0,10/26/2018 12:49,R_2tDu77ypWiiMvGH,,,,,,,anonymous,EN,,,,,,,,,,,,,,,,,,,,,,,,,,,,,,,,,,,,,,,,,,,,,,,,,,,,,,,,,,,,,,,,,,,,,,,,,,,,,,,,,,,,,,,,,,,,,,,,,,,,,,,,,,,,,,,,,,,,,,,,,,,,,,,,,,,,,,,,,,,,,,,,,,,,,,,,,,,,,,,,,,,,,,,,,,,,,,,,,,,,,,,,,,,,,,,,,,,,,,,,,,,,,,,,,,,,31275,"<span lang=""EN-GB"">Suppose you want to a send a text message when you are surrounded with people you are close to (e.g., friends, family members) at your home.<strong><o:p></o:p></strong></span>"
10/26/2018 12:53,10/26/2018 12:56,0,73.58.139.178,100,189,1,10/26/2018 12:56,R_2tgHaTaNnLvoPl3,,,,,36.10670471,-86.77429962,anonymous,EN,"1,2,3,5","1,2,4,5",,1,,"2,4",,3,,1,,3,"2,3",,5,,2,3,,"1,3",,7,,1,,3,,2,,,,,,,,,,,,,,,,,,,,,,,,,,,,,,,,,,,,,,,,,,,,,,,,,,,,,,,,,,,,,,,,,,,,,,,,,,,,,,,,,,,,,,,,,,,,,,,,,,,,,,,,,,,,,,,,,,,,,,,,,,,,,,,,,,,,,,,,,,,,,,,,,,,,,,,,,,,,,,,,,,,,,,,,,,,,,,,,,,,,,,,,46557,"<span lang=""EN-GB"">Suppose you are at Starbucks with your close friends and you realize today is the last day to pay one of your bills online.<o:p></o:p></span>"
10/26/2018 12:56,10/26/2018 13:01,0,47.38.77.219,100,298,1,10/26/2018 13:01,R_vrdaaJHsMmtourf,,,,,34.64610291,-82.46730042,anonymous,EN,"1,2,3,4,5,6",1,,5,,6,,1,,3,,2,1,,1,,2,1,,"1,2,3",,2,,5,,5,,4,,,,,,,,,,,,,,,,,,,,,,,,,,,,,,,,,,,,,,,,,,,,,,,,,,,,,,,,,,,,,,,,,,,,,,,,,,,,,,,,,,,,,,,,,,,,,,,,,,,,,,,,,,,,,,,,,,,,,,,,,,,,,,,,,,,,,,,,,,,,,,,,,,,,,,,,,,,,,,,,,,,,,,,,,,,,,,,,,,,,,,,,89599,"<span lang=""EN-GB"">Suppose you want to control some devices/appliances (e.g., smart lights) when you are alone at home.<o:p></o:p></span>"
10/26/2018 13:00,10/26/2018 13:04,0,198.1.37.177,100,210,1,10/26/2018 13:04,R_2hHyDQME1tYWdaN,,,,,47.66650391,-117.4365005,anonymous,EN,"1,2,3,4",2,,"1,2,3",,"1,2,3,4",,1,,1,,2,"1,2",,"1,2,3",,2,4,,1,,"1,2,3,4,6",,"1,2,3",,5,,2,,,,,,,,,,,,,,,,,,,,,,,,,,,,,,,,,,,,,,,,,,,,,,,,,,,,,,,,,,,,,,,,,,,,,,,,,,,,,,,,,,,,,,,,,,,,,,,,,,,,,,,,,,,,,,,,,,,,,,,,,,,,,,,,,,,,,,,,,,,,,,,,,,,,,,,,,,,,,,,,,,,,,,,,,,,,,,,,,,,,,,,,75030,"<span lang=""EN-GB"">Suppose you want to browse the internet when you are at home with people you are close to (e.g., friends, family members)<strong><o:p></o:p></strong></span>"
10/26/2018 13:08,10/26/2018 13:08,0,104.193.28.16,100,11,1,10/26/2018 13:08,R_215pwS5SMJU10fQ,,,,,38.65820313,-77.24970245,anonymous,EN,3,,,,,,,,,,,,,,,,,,,,,,,,,,,,,,,,,,,,,,,,,,,,,,,,,,,,,,,,,,,,,,,,,,,,,,,,,,,,,,,,,,,,,,,,,,,,,,,,,,,,,,,,,,,,,,,,,,,,,,,,,,,,,,,,,,,,,,,,,,,,,,,,,,,,,,,,,,,,,,,,,,,,,,,,,,,,,,,,,,,,,,,,,,,,,,,,,,,,,,,,,,,,,,,,,,,62039,"<span lang=""EN-GB"">Suppose
     you want to set up a reminder when you are alone at your home.<strong><o:p></o:p></strong></span>"
10/26/2018 13:09,10/26/2018 13:10,0,190.80.27.181,100,15,1,10/26/2018 13:10,R_wSgbA9pz6ZSKGyJ,,,,,6.800003052,-58.16670227,anonymous,EN,"1,2",,,,,,,,,,,,,,,,,,,,,,,,,,,,,,,,,,,,,,,,,,,,,,,,,,,,,,,,,,,,,,,,,,,,,,,,,,,,,,,,,,,,,,,,,,,,,,,,,,,,,,,,,,,,,,,,,,,,,,,,,,,,,,,,,,,,,,,,,,,,,,,,,,,,,,,,,,,,,,,,,,,,,,,,,,,,,,,,,,,,,,,,,,,,,,,,,,,,,,,,,,,,,,,,,,,36696,"<span lang=""EN-GB"">Suppose
     you want to a view a text message
     when you are walking with a very close friend on a street<o:p></o:p></span>"
10/26/2018 13:13,10/26/2018 13:19,0,186.185.108.154,100,404,1,10/26/2018 13:19,R_1zFxRhXJwiy8157,,,,,10.18060303,-68.00389862,anonymous,EN,"1,2,3,4",2,,5,,1,,3,,1,,3,5,,5,,3,6,,2,,7,,5,,5,,4,,,,,,,,,,,,,,,,,,,,,,,,,,,,,,,,,,,,,,,,,,,,,,,,,,,,,,,,,,,,,,,,,,,,,,,,,,,,,,,,,,,,,,,,,,,,,,,,,,,,,,,,,,,,,,,,,,,,,,,,,,,,,,,,,,,,,,,,,,,,,,,,,,,,,,,,,,,,,,,,,,,,,,,,,,,,,,,,,,,,,,,,12139,"<span lang=""EN-GB"">Suppose
     you want to a send a text message when you are with a very close friend at
     a restaurant&nbsp;<o:p></o:p></span>"
10/26/2018 13:01,10/26/2018 13:21,0,174.236.4.30,100,1204,1,10/26/2018 13:21,R_31oqaqMiWycYiQP,,,,,35.5184021,-97.57460022,anonymous,EN,"1,2,4",2,,1,,"2,3",,1,,1,,3,"1,2,3",,5,,3,3,,"1,2",,3,,"1,2",,1,,1,,2,,,,,,,,,,,,,,,,,,,,,,,,,,,,,,2,,1,,3,,1,,1,,"2,3","1,2",,2,,5,,"2,3",,3,,2,,3,,1,,4,,,,,,,,,,,,,,,,,,,,,,,,,,,,,,,,,,,,,,,,,,,,,,,,,,,,,,,,,,,,,,,,,,,,,,,,,,,,,,,,,,,,,,,,,,,,,,,,,,,,,,,,,,,,,,,,,,,,,,,,,,,,,99481,"<span lang=""EN-GB"">Suppose
     you want to purchase something online when you are alone at a park.<o:p></o:p></span>"
10/26/2018 13:10,10/26/2018 13:24,0,104.193.28.16,100,795,1,10/26/2018 13:24,R_3HFhyyukwUHVoMW,,,,,38.65820313,-77.24970245,anonymous,EN,"1,2,5","1,5",,2,,1,,1,,3,,2,"1,2,3",,3,,1,"2,3",,2,,"1,2,3",,3,,"1,2",,1,,,,,,,,,,,,,,,,,,,,,,,,,,,,,,,,,,,,,,,,,,,,,,,,,,,,,,,,,,,,,,,,,,,,,,,,,,,,,,,,,,,,,,,,,,,,,,,,,,,,,,,,,,,,,,,,,,,,,,,,,,,,,,,,,,,,,,,,,,,,,,,,,,,,,,,,,,,,,,,,,,,,,,,,,,,,,,,,,,,,,,,,39051,"<span lang=""EN-GB"">Suppose you are at sitting in a park and you want to play a digital/online game&nbsp;</span>with some close friends."
10/26/2018 13:19,10/26/2018 13:24,0,172.76.92.126,100,294,1,10/26/2018 13:24,R_2X6vShxbjKDZgaZ,,,,,43.06159973,-74.33750153,anonymous,EN,"1,2,4,5",2,,3,,1,,1,,1,,3,3,,1,,2,"1,4",,"2,3",,"2,3",,"2,3",,1,,2,,,,,,,,,,,,,,,,,,,,,,,,,,,,,,,,,,,,,,,,,,,,,,,,,,,,,,,,,,,,,,,,,,,,,,,,,,,,,,,,,,,,,,,,,,,,,,,,,,,,,,,,,,,,,,,,,,,,,,,,,,,,,,,,,,,,,,,,,,,,,,,,,,,,,,,,,,,,,,,,,,,,,,,,,,,,,,,,,,,,,,,,9321,"<span lang=""EN-GB"">Suppose
     you want to call your mother for sharing an important update about your
     life&nbsp; when you are alone at a park<o:p></o:p></span>"
10/26/2018 13:35,10/26/2018 13:36,0,73.115.48.157,100,66,1,10/26/2018 13:36,R_1dntdC5DT1LIppF,,,,,29.5223999,-95.18789673,anonymous,EN,"1,2,3,5","2,4",,"1,2,3",,"2,3,4",,1,,"2,4",,"1,2,3","1,2,3",,"1,2,3",,"1,2,3","1,2,3,4",,2,,"1,2,3,4",,"1,2,3",,"1,2,3",,"1,2",,,,,,,,,,,,,,,,,,,,,,,,,,,,,,,,,,,,,,,,,,,,,,,,,,,,,,,,,,,,,,,,,,,,,,,,,,,,,,,,,,,,,,,,,,,,,,,,,,,,,,,,,,,,,,,,,,,,,,,,,,,,,,,,,,,,,,,,,,,,,,,,,,,,,,,,,,,,,,,,,,,,,,,,,,,,,,,,,,,,,,,,74927,"<span lang=""EN-GB"">Suppose you want to set up a reminder about something when you are at Starbucks with close friends.<o:p></o:p></span>"
10/26/2018 13:36,10/26/2018 13:37,0,68.187.241.140,100,27,1,10/26/2018 13:37,R_1giquNbLDkYE4O9,,,,,38.76220703,-90.54709625,anonymous,EN,"1,2",,,,,,,,,,,,,,,,,,,,,,,,,,,,,,,,,,,,,,,,,,,,,,,,,,,,,,,,,,,,,,,,,,,,,,,,,,,,,,,,,,,,,,,,,,,,,,,,,,,,,,,,,,,,,,,,,,,,,,,,,,,,,,,,,,,,,,,,,,,,,,,,,,,,,,,,,,,,,,,,,,,,,,,,,,,,,,,,,,,,,,,,,,,,,,,,,,,,,,,,,,,,,,,,,,,64329,"<span lang=""EN-GB"">Suppose
     you want to call your mother for sharing an important update about your
     life when you are with a very close friend at a restaurant&nbsp;<o:p></o:p></span>"
10/26/2018 13:37,10/26/2018 13:39,0,68.187.241.140,100,117,1,10/26/2018 13:39,R_2chCkSnEkxTG2tk,,,,,38.76220703,-90.54709625,anonymous,EN,"2,3,4",2,,3,,4,,3,,4,,1,1,,3,,3,3,,1,,6,,2,,3,,1,,,,,,,,,,,,,,,,,,,,,,,,,,,,,,,,,,,,,,,,,,,,,,,,,,,,,,,,,,,,,,,,,,,,,,,,,,,,,,,,,,,,,,,,,,,,,,,,,,,,,,,,,,,,,,,,,,,,,,,,,,,,,,,,,,,,,,,,,,,,,,,,,,,,,,,,,,,,,,,,,,,,,,,,,,,,,,,,,,,,,,,,18272,"<span lang=""EN-GB"">Suppose
     you want to a view a text message when you are alone at Starbucks.<o:p></o:p></span>"
10/26/2018 13:34,10/26/2018 13:42,0,209.236.82.154,100,487,1,10/26/2018 13:42,R_2R7UemjLNoPbbRS,,,,,37.94410706,-104.8412018,anonymous,EN,"1,3,6",2,,3,,2,,1,,1,,2,2,,3,,2,2,,2,,3,,2,,1,,2,,1,2,,1,,1,,1,,1,,1,2,,1,,1,,1,,2,,2,,3,,1,,2,,,,,,,,,,,,,,,,,,,,,,,,,,,,,,,,,,,,,,,,,,,,,,,,,,,,,,,,,,,,,,,,,,,,,,,,,,,,,,,,,,,,,,,,,,,,,,,,,,,,,,,,,,,,,,,,,,,,,,,,,,,,,,,,,,,,,,,,,,,,,,,,,,,,,,,,,,70769,"<span lang=""EN-GB"">Suppose
     you want to watch some video when you are alone at Starbucks.<o:p></o:p></span>"
10/19/2018 13:58,10/19/2018 14:01,0,47.220.175.113,78,215,0,10/26/2018 14:01,R_2VEHvm2atAq35RW,,,,,,,anonymous,EN,"1,2,3,4",,,,,,,,,,,,,,,,,,,,,,,,,,,,,,,,,,,,,,,,,,,,,,,,,,,,,,,,,,,,,,,,,,,,,,,,,,,,,,,,,,,,,,,,,,,,,,,,,,,,,,,,,,,,,,,,,,,,,,,,,,,,,,,,,,,,,,,,,,,,,,,,,,,,,,,,,,,,,,,,,,,,,,,,,,,,,,,,,,,,,,,,,,,,,,,,,,,,,,,,,,,,,,,,,,,78655,"<span lang=""EN-GB"">Suppose
     you want&nbsp; to a send a text message
     when you are walking with a very close friend on a street<o:p></o:p></span>"
10/26/2018 9:13,10/26/2018 14:23,0,174.220.17.95,100,18590,1,10/26/2018 14:23,R_1pAoxzj6WXS3RSZ,,,,,42.81790161,-73.92060089,anonymous,EN,"1,2,3,4,5,6",4,,5,,"2,3",,3,,1,,3,"1,2,3",,5,,3,"1,2,3",,"1,2",,3,,"1,2",,"1,3",,2,,3,,,,,,,,,,,,,,,,,,,,,,,,,,,,,,,,,,,,,,,,,,,,,,,,,,,,,,,,,,,4,,5,,6,,3,,1,,4,5,,5,,5,,3,,3,,2,,3,,5,,1,,,,,,,,,,,,,,,,,,,,,,,,,,,,,,,,,,,,,,,,,,,,,,,,,,,,,,,,,,,,,,,,,,,,,,,,,,,,,,,,,,,,,,,,,Female,20,Student,3,3,,2,46661,"<span lang=""EN-GB"">Suppose
     you are at home with some people you know (e.g., acquaintances,
     colleagues) when you realize today is the last day to pay one of your
     bills online.<o:p></o:p></span>"
10/26/2018 14:24,10/26/2018 14:27,0,174.220.17.95,100,195,1,10/26/2018 14:27,R_0GPKgbBTYTxtBct,,,,,42.81790161,-73.92060089,anonymous,EN,"1,2,3,4,5,6","1,2",,5,,3,,3,,1,,1,5,,5,,1,"1,3",,"1,2",,3,,"1,2",,5,,4,,6,,,,,,,,,,,,,,,,,,,,,,,,,,,,,,,,,,,,,,,,,,,,,,,,,,,,,,,,,,,,,,,,,,,,,,,,,,,,,,,,,,,,,,,,,,,,,,,,,,,,,,,,,,,,,,,,,,,,,,,,,,,,,,,,,,,,,,,,,,,,,,,,,,"2,5",,5,,2,,1,,1,,3,5,,5,,5,,"1,3",,3,,2,,3,,5,,4,,Female,28,Teacher,3,1,,2,4945,"<span lang=""EN-GB"">Suppose you have planned to meet a friend next week and you want to put this on your calendar when you are alone at Starbucks.<o:p></o:p></span>"
10/26/2018 14:19,10/26/2018 14:30,0,98.186.186.21,100,621,1,10/26/2018 14:30,R_3CT2UJFNTaNOJES,,,,,38.82369995,-97.64209747,anonymous,EN,"2,3,4","2,4",,5,,"1,2,3",,1,,1,,3,2,,5,,3,3,,1,,"1,3",,2,,"1,2",,"1,2",,,,,,,,,,,,,,,,,,,,,,,,,,,,,,,,,,,,,,,,,,,,,,,,,,,,,,,,,,,,,,,,,,,,,,,,,,,,,,,,,,,,,,,,,,,,,,,,,,,,,,,,,,,,,,,,,,,,,,,,,,,,,,,,,,,,,,,,,,,,,,,,,,,,,,,,,,,,,,,,,,,,,,,,,,,,,,,,,,,,,,,,57588,"<span lang=""EN-GB"">Suppose you have planned to meet a friend next week and you want to put this on your calendar when you are surrounded with people you are close to (e.g., friends, family members) at your home.<strong><o:p></o:p></strong></span>"
10/26/2018 14:28,10/26/2018 14:32,0,174.220.17.95,100,204,1,10/26/2018 14:32,R_3qeOZUF9KnUFSt5,,,,,42.81790161,-73.92060089,anonymous,EN,"1,2,3,4,5,6","4,5",,3,,"2,3",,3,,1,,4,5,,2,,4,"1,3",,5,,3,,5,,5,,2,,3,,,,,,,,,,,,,,,,,,,,,,,,,,,,,,,,,,,,,,,,,,,,,,,,,,,,,,,,,,,4,,1,,"2,3",,3,,1,,4,1,,5,,5,,"1,2,3",,3,,5,,3,,3,,"1,2",,,,,,,,,,,,,,,,,,,,,,,,,,,,,,,,,,,,,,,,,,,,,,,,,,,,,,,,,,,,,,,,,,,,,,,,,,,,,,,,,,,,,,,,,Male,40,Driver,2,1,,1,84194,"<span lang=""EN-GB"">Suppose you are at work with some people you know (e.g., acquaintances, colleagues) when you realize that you have to immediately pay one of your bills online.<o:p></o:p></span>"
10/26/2018 14:29,10/26/2018 14:34,0,24.96.234.72,100,277,1,10/26/2018 14:34,R_22PS9vdnCV5kwtc,,,,,28.02839661,-82.77940369,anonymous,EN,"1,2,3,4",2,,3,,3,,1,,1,,3,3,,2,,4,6,,2,,6,,2,,1,,1,,,,,,,,,,,,,,,,,,,,,,,,,,,,,,,,,,,,,,,,,,,,,,,,,,,,,,,,,,,,,,,,,,,,,,,,,,,,,,,,,,,,,,,,,,,,,,,,,,,,,,,,,,,,,,,,,,,,,,,,,,,,,,,,,,,,,,,,,,,,,,,,,,,,,,,,,,,,,,,,,,,,,,,,,,,,,,,,,,,,,,,,33540,"<span lang=""EN-GB"">Suppose you want to call your mother for sharing an important
     update about your life when you are surrounded by people you know (e.g.,
     acquaintances, colleagues) at your home.<o:p></o:p></span>"
10/26/2018 14:47,10/26/2018 14:48,0,73.159.231.162,100,102,1,10/26/2018 14:48,R_1QTefErlVgPI4fv,,,,,41.68670654,-72.790802,anonymous,EN,"3,4",,,,,,,,,,,,,,,,,,,,,,,,,,,,,,,,,,,,,,,,,,,,,,,,,,,,,,,,,,,,,,,,,,,,,,,,,,,,,,,,,,,,,,,,,,,,,,,,,,,,,,,,,,,,,,,,,,,,,,,,,,,,,,,,,,,,,,,,,,,,,,,,,,,,,,,,,,,,,,,,,,,,,,,,,,,,,,,,,,,,,,,,,,,,,,,,,,,,,,,,,,,,,,,,,,,27022,"<span lang=""EN-GB"">Suppose you have planned to meet a friend next week and you want to put this on your calendar when you are with a very close friend at a restaurant&nbsp;<o:p></o:p></span>"
10/26/2018 14:54,10/26/2018 14:56,0,190.124.31.90,100,76,1,10/26/2018 14:56,R_vYL8Rr3c3cLxKPD,,,,,9.983306885,-72.03330231,anonymous,EN,3,,,,,,,,,,,,,,,,,,,,,,,,,,,,,,,,,,,,,,,,,,,,,,,,,,,,,,,,,,,,,,,,,,,,,,,,,,,,,,,,,,,,,,,,,,,,,,,,,,,,,,,,,,,,,,,,,,,,,,,,,,,,,,,,,,,,,,,,,,,,,,,,,,,,,,,,,,,,,,,,,,,,,,,,,,,,,,,,,,,,,,,,,,,,,,,,,,,,,,,,,,,,,,,,,,,93320,"<span lang=""EN-GB"">Suppose you are at a park with some people you know (e.g., acquaintances, colleagues) when you realize that you have to immediately pay one of your bills online.<o:p></o:p></span>"
10/26/2018 14:57,10/26/2018 15:03,0,162.197.29.75,100,323,1,10/26/2018 15:03,R_1llqPIuwgeiPKY1,,,,,30.4223938,-97.79669952,anonymous,EN,"1,2,4",7,,1,,"1,2",,1,,1,,3,5,,1,,3,2,,"1,2",,6,,"1,2",,"1,2",,"1,2",,2,,,,,,,,,,,,,,,,,,,,,,,,,,,,,,2,,1,,1,,1,,2,,"2,3","1,2",,1,,1,,6,,"1,3,4",,2,,"1,3,4",,1,,"1,2",,,,,,,,,,,,,,,,,,,,,,,,,,,,,,,,,,,,,,,,,,,,,,,,,,,,,,,,,,,,,,,,,,,,,,,,,,,,,,,,,,,,,,,,,,,,,,,,,,,,,,,,,,,,,,,,,,,,,,female,40,homemaker,5,1,,3,65919,"<span lang=""EN-GB"">Suppose
     you want to listen to some audio when you are at home with people you are
     close to (e.g., friends, family members).<strong><o:p></o:p></strong></span>"
10/26/2018 14:57,10/26/2018 15:04,0,45.52.255.86,100,448,1,10/26/2018 15:04,R_1FstIy2dDixxZ7O,,,,,42.79620361,-96.17040253,anonymous,EN,"1,2,4,6","3,4",,3,,2,,1,,"3,4",,"2,3","2,3",,"1,2",,"2,3",4,,"2,3",,"1,2",,"2,3",,"1,2",,2,,1,"1,2",,"1,2",,"2,3",,1,,"3,4",,"1,2,3","1,2",,"2,3",,"2,3",,"2,3",,"1,2",,"1,2",,"2,3",,"1,2",,"1,2",,,,,,,,,,,,,,,,,,,,,,,,,,,,,,,,,,,,,,,,,,,,,,,,,,,,,,,,,,,,,,,,,,,,,,,,,,,,,,,,,,,,,,,,,,,,,,,,,,,,,,,,,,,,,,,,,,,,,,,,,,,,,,,,,,,,,,,,,,,,,,,,,,,,,,,,,,26389,"<span lang=""EN-GB"">Suppose
     you want to read a digital document when you are at Starbucks.<o:p></o:p></span>"
10/26/2018 15:03,10/26/2018 15:08,0,24.140.18.173,100,314,1,10/26/2018 15:08,R_1cS6Q8Jys9z6Eqk,,,,,40.81159973,-81.49729919,anonymous,EN,3,,,,,,,,,,,,,,,,,,,,,,,,,,,,,,,,,,,,,,,,,,,,,,,,,,,,,,,,,,,,,,,,,,,,,,,,,,,,,,,,,,,,,,,,,,,,,,,,,,,,,,,,,,,,,,,,,,,,,,,,,,,,,,,,,,,,,,,,,,,,,,,,,,,,,,,,,,,,,,,,,,,,,,,,,,,,,,,,,,,,,,,,,,,,,,,,,,,,,,,,,,,,,,,,,,,37432,"<span id=""docs-internal-guid-5a7e3441-7fff-9d1f-10e6-454a1d940975""><span style=""font-size: 11pt; font-family: Arial; color: rgb(0, 0, 0); background-color: transparent; font-variant-numeric: normal; font-variant-east-asian: normal; vertical-align: baseline; white-space: pre-wrap;"">Suppose you want to call your mother for sharing an important update about your life &nbsp;when you are alone at home</span><br> <br><br></span>"
10/26/2018 15:12,10/26/2018 15:12,0,97.116.5.247,100,13,1,10/26/2018 15:12,R_1hROHJiDGLLFtcn,,,,,44.93840027,-93.2213974,anonymous,EN,"1,2",,,,,,,,,,,,,,,,,,,,,,,,,,,,,,,,,,,,,,,,,,,,,,,,,,,,,,,,,,,,,,,,,,,,,,,,,,,,,,,,,,,,,,,,,,,,,,,,,,,,,,,,,,,,,,,,,,,,,,,,,,,,,,,,,,,,,,,,,,,,,,,,,,,,,,,,,,,,,,,,,,,,,,,,,,,,,,,,,,,,,,,,,,,,,,,,,,,,,,,,,,,,,,,,,,,10405,"<span lang=""EN-GB"">Suppose you have planned to meet a friend next week and you want to put this on your calendar when you are with a very close friend at a park.&nbsp;<o:p></o:p></span>"
10/26/2018 14:26,10/26/2018 15:15,0,65.214.67.191,100,2917,1,10/26/2018 15:15,R_3Dhi7Kyc0sXw1bz,,,,,38.00540161,-89.90080261,anonymous,EN,2,,,,,,,,,,,,,,,,,,,,,,,,,,,,,,,,,,,,,,,,,,,,,,,,,,,,,,,,,,,,,,,,,,,,,,,,,,,,,,,,,,,,,,,,,,,,,,,,,,,,,,,,,,,,,,,,,,,,,,,,,,,,,,,,,,,,,,,,,,,,,,,,,,,,,,,,,,,,,,,,,,,,,,,,,,,,,,,,,,,,,,,,,,,,,,,,,,,,,,,,,,,,,,,,,,,88407,"Suppose you want to call your mother for sharing an important update about your life when you are surrounded with people you are close to (e.g., friends, family members)at your home."
10/26/2018 15:17,10/26/2018 15:18,0,174.225.141.128,100,69,1,10/26/2018 15:18,R_3FUuBalRvkLf0DS,,,,,40.72210693,-74.04689789,anonymous,EN,"1,2,3,4,5,6",5,,1,,1,,3,,2,,4,2,,1,,2,2,,"1,2",,3,,1,,3,,1,,,,,,,,,,,,,,,,,,,,,,,,,,,,,,,,,,,,,,,,,,,,,,,,,,,,,,,,,,,,,,,,,,,,,,,,,,,,,,,,,,,,,,,,,,,,,,,,,,,,,,,,,,,,,,,,,,,,,,,,,,,,,,,,,,,,,,,,,,,,,,,,,,,,,,,,,,,,,,,,,,,,,,,,,,,,,,,,,,,,,,,,86250,
10/26/2018 15:18,10/26/2018 15:22,0,174.225.141.128,100,239,1,10/26/2018 15:22,R_bHsZeTko1siUV1v,,,,,40.72210693,-74.04689789,anonymous,EN,"1,2,3,4,5,6",2,,1,,"2,3",,1,,1,,4,2,,2,,4,"1,2,3",,"1,2",,3,,"1,2",,1,,4,,6,,,,,,,,,,,,,,,,,,,,,,,,,,,,,,,,,,,,,,,,,,,,,,,,,,,,,,,,,,,,,,,,,,,,,,,,,,,,,,,,,,,,,,,,,,,,,,,,,,,,,,,,,,,,,,,,,,,,,,,,,,,,,,,,,,,,,,,,,,,,,,,,,,"1,2",,5,,"3,4",,1,,1,,4,5,,5,,5,,3,,"2,3",,2,,"2,3",,5,,1,,Male,45,Driver,2,1,,2,31888,"<span lang=""EN-GB"">Suppose
     you want to a send an email when you are surrounded by people you know
     (e.g., acquaintances, colleagues) at a restaurant.<o:p></o:p></span>"
10/26/2018 15:22,10/26/2018 15:24,0,71.12.181.100,100,152,1,10/26/2018 15:24,R_C9vntQW0j3Sy3aV,,,,,33.46530151,-86.80819702,anonymous,EN,"1,2,3,4,5",2,,5,,"1,2,3",,1,,1,,2,3,,5,,1,3,,1,,3,,"1,2",,5,,2,,,,,,,,,,,,,,,,,,,,,,,,,,,,,,,,,,,,,,,,,,,,,,,,,,,,,,,,,,,,,,,,,,,,,,,,,,,,,,,,,,,,,,,,,,,,,,,,,,,,,,,,,,,,,,,,,,,,,,,,,,,,,,,,,,,,,,,,,,,,,,,,,,,,,,,,,,,,,,,,,,,,,,,,,,,,,,,,,,,,,,,,89423,"<span lang=""EN-GB"">Suppose
     you want to a view a text message when you are with a very close friend at
     a restaurant&nbsp;<o:p></o:p></span>"
10/26/2018 15:22,10/26/2018 15:33,0,47.214.239.58,100,650,1,10/26/2018 15:33,R_22Y3xvZDCSBApP5,,,,,34.35569763,-92.82920074,anonymous,EN,"1,2,3,4",3,,3,,2,,1,,1,,2,1,,3,,2,3,,1,,6,,2,,2,,1,,,,,,,,,,,,,,,,,,,,,,,,,,,,,,,,,,,,,,,,,,,,,,,,,,,,,,,,,,,,,,,,,,,,,,,,,,,,,,,,,,,,,,,,,,,,,,,,,,,,,,,,,,,,,,,,,,,,,,,,,,,,,,,,,,,,,,,,,,,,,,,,,,,,,,,,,,,,,,,,,,,,,,,,,,,,,,,,,,,,,,,,69012,"<span lang=""EN-GB"">Suppose you want to browse the internet when you are with people you know (e.g., acquaintances, colleagues) at a restaurant.<o:p></o:p></span>"
10/26/2018 15:39,10/26/2018 15:39,0,68.186.43.226,100,16,1,10/26/2018 15:39,R_1Cqp0yn4lNiwRjh,,,,,37.72979736,-120.9420013,anonymous,EN,"1,2",,,,,,,,,,,,,,,,,,,,,,,,,,,,,,,,,,,,,,,,,,,,,,,,,,,,,,,,,,,,,,,,,,,,,,,,,,,,,,,,,,,,,,,,,,,,,,,,,,,,,,,,,,,,,,,,,,,,,,,,,,,,,,,,,,,,,,,,,,,,,,,,,,,,,,,,,,,,,,,,,,,,,,,,,,,,,,,,,,,,,,,,,,,,,,,,,,,,,,,,,,,,,,,,,,,25001,"<span lang=""EN-GB"">Suppose you want to watch some video when you are with your close friends at Starbucks.<o:p></o:p></span>"
10/26/2018 15:32,10/26/2018 15:40,0,174.225.13.64,100,477,1,10/26/2018 15:40,R_SJd0bqIEUkwGzYt,,,,,40.5171051,-74.39730072,anonymous,EN,"1,2,4,6",5,,1,,1,,1,,2,,2,"1,2",,1,,2,2,,2,,3,,2,,1,,1,,"2,4",,,,,,,,,,,,,,,,,,,,,,,,,,,,,,2,,1,,1,,1,,1,,1,1,,1,,3,,2,,1,,1,,1,,3,,2,,,,,,,,,,,,,,,,,,,,,,,,,,,,,,,2,,1,,2,,1,,1,,1,1,,3,,3,,2,,1,,1,,1,,3,,1,,,,,,,,,,,,,,,,,,,,,,,,,,,,,,,,,,,,,,,,,,,,,,,,,,,,,,,,,,,,,,,,,,,73071,"<span lang=""EN-GB"">Suppose you want to read a digital document when you are at a park.<o:p></o:p></span>"
10/26/2018 15:56,10/26/2018 15:59,0,74.130.56.50,100,144,1,10/26/2018 15:59,R_1AKYLhj0J8qqi8p,,,,,37.751297,-87.15540314,anonymous,EN,"1,2,4,5","2,5",,1,,"1,3",,3,,1,,1,"1,2,3",,2,,3,6,,1,,"3,4",,"1,2",,1,,"1,2",,,,,,,,,,,,,,,,,,,,,,,,,,,,,,,,,,,,,,,,,,,,,,,,,,,,,,,,,,,,,,,,,,,,,,,,,,,,,,,,,,,,,,,,,,,,,,,,,,,,,,,,,,,,,,,,,,,,,,,,,,,,,,,,,,,,,,,,,,,,,,,,,,,,,,,,,,,,,,,,,,,,,,,,,,,,,,,,,,,,,,,,89391,"<span lang=""EN-GB"">Suppose you are at a park with some people you know (e.g., acquaintances, colleagues) when you realize that you have to immediately pay one of your bills online.<o:p></o:p></span>"
10/26/2018 15:57,10/26/2018 16:00,0,174.64.160.193,100,140,1,10/26/2018 16:00,R_UEz7ryWqEYSf7Vf,,,,,30.00100708,-91.81999969,anonymous,EN,"1,2,3,4,5,6",1,,3,,4,,1,,"3,4",,2,1,,"2,3",,3,1,,2,,2,,"2,3",,"1,2",,1,,,,,,,,,,,,,,,,,,,,,,,,,,,,,,,,,,,,,,,,,,,,,,,,,,,,,,,,,,,,,,,,,,,,,,,,,,,,,,,,,,,,,,,,,,,,,,,,,,,,,,,,,,,,,,,,,,,,,,,,,,,,,,,,,,,,,,,,,,,,,,,,,,,,,,,,,,,,,,,,,,,,,,,,,,,,,,,,,,,,,,,,42081,"<span lang=""EN-GB"">Suppose you have planned to meet a friend next week and you want to put this on your calendar when you are alone at Starbucks.<o:p></o:p></span>"
10/19/2018 16:10,10/19/2018 16:17,0,71.171.99.75,88,405,0,10/26/2018 16:24,R_2Yuq3lgzg2df1Rj,,,,,,,anonymous,EN,"1,2,3,4","1,2,5",,3,,"1,3,4",,1,,3,,2,"1,2",,3,,2,6,,"2,3",,3,,2,,"1,2,3",,1,,2,,,,,,,,,,,,,,,,,,,,,,,,,,,,,,,,,,,,,,,,,,,,,,,,,,,,,,,,,,,,,,,,,,,,,,,,,,,,,,,,,,,,,,,,,,,,,,,,,,,,,,,,,,,,,,,,,,,,,,,,,,,,,,,,,,,,,,,,,,,,,,,,,,,,,,,,,,,,,,,,,,,,,,,,,,,,,,,,,,,,,,95788,"<span lang=""EN-GB"">Suppose you want to find a route to home while walking on a street with your close friends.<o:p></o:p></span>"
10/26/2018 16:17,10/26/2018 16:27,0,107.181.1.67,100,601,1,10/26/2018 16:27,R_sosCJzjzWoMvVip,,,,,32.4203949,-85.07959747,anonymous,EN,"1,2,4,5","2,4,5",,5,,"1,2,3",,1,,1,,4,"1,2,3",,5,,4,6,,1,,3,,"1,2",,"1,2,3",,1,,,,,,,,,,,,,,,,,,,,,,,,,,,,,,,,,,,,,,,,,,,,,,,,,,,,,,,,,,,,,,,,,,,,,,,,,,,,,,,,,,,,,,,,,,,,,,,,,,,,,,,,,,,,,,,,,,,,,,,,,,,,,,,,,,,,,,,,,,,,,,,,,,,,,,,,,,,,,,,,,,,,,,,,,,,,,,,,,,,,,,,,62376,"<span lang=""EN-GB"">Suppose you are at Starbucks with your close friends and you realize today is the last day to pay one of your bills online.<o:p></o:p></span>"
10/26/2018 16:39,10/26/2018 16:40,0,172.115.175.154,100,78,1,10/26/2018 16:40,R_3rNf70CmjR7Zx0v,,,,,33.92300415,-117.7980042,anonymous,EN,"1,2",,,,,,,,,,,,,,,,,,,,,,,,,,,,,,,,,,,,,,,,,,,,,,,,,,,,,,,,,,,,,,,,,,,,,,,,,,,,,,,,,,,,,,,,,,,,,,,,,,,,,,,,,,,,,,,,,,,,,,,,,,,,,,,,,,,,,,,,,,,,,,,,,,,,,,,,,,,,,,,,,,,,,,,,,,,,,,,,,,,,,,,,,,,,,,,,,,,,,,,,,,,,,,,,,,,23039,"<span lang=""EN-GB"">Suppose
     you want to purchase something online when you are alone at a park.<o:p></o:p></span>"
10/26/2018 16:47,10/26/2018 16:48,0,75.139.128.215,100,15,1,10/26/2018 16:48,R_DuYMBaoswVGG4O5,,,,,34.11239624,-83.99649811,anonymous,EN,"2,4",,,,,,,,,,,,,,,,,,,,,,,,,,,,,,,,,,,,,,,,,,,,,,,,,,,,,,,,,,,,,,,,,,,,,,,,,,,,,,,,,,,,,,,,,,,,,,,,,,,,,,,,,,,,,,,,,,,,,,,,,,,,,,,,,,,,,,,,,,,,,,,,,,,,,,,,,,,,,,,,,,,,,,,,,,,,,,,,,,,,,,,,,,,,,,,,,,,,,,,,,,,,,,,,,,,68316,"<span lang=""EN-GB"">Suppose you want to browse the internet when you are with people you know (e.g., acquaintances, colleagues) at a restaurant.<o:p></o:p></span>"
10/26/2018 17:14,10/26/2018 17:17,0,173.49.245.26,100,188,1,10/26/2018 17:17,R_RxL9JPbbX27d5Gp,,,,,39.15640259,-75.49549866,anonymous,EN,"1,2,3,5",4,,5,,1,,3,,1,,3,5,,5,,3,6,,1,,7,,3,,5,,4,,,,,,,,,,,,,,,,,,,,,,,,,,,,,,,,,,,,,,,,,,,,,,,,,,,,,,,,,,,,,,,,,,,,,,,,,,,,,,,,,,,,,,,,,,,,,,,,,,,,,,,,,,,,,,,,,,,,,,,,,,,,,,,,,,,,,,,,,,,,,,,,,,,,,,,,,,,,,,,,,,,,,,,,,,,,,,,,,,,,,,,,79859,"<span lang=""EN-GB"" style=""font-size:11.0pt;line-height:115%;
font-family:&quot;Arial&quot;,sans-serif;mso-fareast-font-family:Arial;mso-ansi-language:
EN-GB;mso-fareast-language:EN-US;mso-bidi-language:AR-SA"">Suppose you have
planned to meet a friend next week and you want put this on your calendar<span style=""color:#434343""> when you with </span>people you know (e.g.,
acquaintances, colleagues)<span style=""color:#434343""> at a park</span></span>"
10/26/2018 17:25,10/26/2018 17:26,0,73.89.223.87,100,56,1,10/26/2018 17:26,R_2aRG8EcljlTbOC3,,,,,41.55029297,-72.99629974,anonymous,EN,2,,,,,,,,,,,,,,,,,,,,,,,,,,,,,,,,,,,,,,,,,,,,,,,,,,,,,,,,,,,,,,,,,,,,,,,,,,,,,,,,,,,,,,,,,,,,,,,,,,,,,,,,,,,,,,,,,,,,,,,,,,,,,,,,,,,,,,,,,,,,,,,,,,,,,,,,,,,,,,,,,,,,,,,,,,,,,,,,,,,,,,,,,,,,,,,,,,,,,,,,,,,,,,,,,,,76856,"<span lang=""EN-GB"">Suppose
     you want to listen to some audio when you are with people you know (e.g.,
     acquaintances, colleagues) in a park.<o:p></o:p></span>


<p><span lang=""EN-GB"" style=""color:red"">&nbsp;</span></p>"
10/26/2018 17:27,10/26/2018 17:32,0,73.89.223.87,100,325,1,10/26/2018 17:32,R_1IyjaLfVkP3feay,,,,,41.55029297,-72.99629974,anonymous,EN,"1,2,3,4,5,6","1,2,3,4",,"1,2,3",,"1,2,3,4",,1,,"1,2,3,4",,"1,2,3","1,2,3",,"1,2,3",,"1,2,3","1,2,3",,"1,2,3",,"1,2,3",,"1,2,3",,"1,2,3",,"1,2",,"1,2,3,4,5,6","1,2,3",,"1,2,3",,"1,2,3",,1,,"1,2,4",,"1,2,3","1,2,3",,"1,2,3",,"1,2,3",,"1,2,3",,"1,2,3,6",,"1,2,3",,"1,2,3",,"1,2,3",,"1,2",,"1,2,3",,"1,2",,"1,2",,1,,"1,2",,"1,2","1,2",,"1,2",,"1,2",,"1,2",,"1,2,3",,"1,2",,"1,2,3",,"1,2,3",,"1,2",,"1,2,3",,"1,2,3",,"1,2,3",,1,,"1,2,3",,"1,2,3","1,2,3",,"1,2,3",,"1,2,3",,"1,2,3",,7,,"1,3",,"1,2,3",,"1,2,3",,1,,"1,3",,"1,2,3",,"1,2",,1,,"1,2,4",,"1,2,3","1,2",,"1,2",,"1,2",,"1,2",,"1,3",,"1,2,3",,"1,3",,"1,2",,"1,2",,"1,2,3",,"1,2,3",,"1,2",,1,,"1,2",,"1,2,3","1,2",,"1,2",,"1,2,3",,"1,2,3",,"1,2,3",,"1,2,3",,"1,2,3",,"1,2,3",,"1,2",,"1,2,3",,"1,3",,"1,2,3",,1,,"1,2,3",,"1,2,3","1,2,3",,"1,2,3",,"1,2,3",,"1,2,3",,"1,2,3",,"1,2",,"1,2,3",,"1,2,3",,1,,,,,,,,,37607,"<span lang=""EN-GB"">Suppose you want to watch some video when you are with your close friends at Starbucks.<o:p></o:p></span>"
10/26/2018 17:47,10/26/2018 17:47,0,172.9.200.229,100,16,1,10/26/2018 17:47,R_3kiduvi1LHRx112,,,,,37.21170044,-93.2990036,anonymous,EN,"2,3",,,,,,,,,,,,,,,,,,,,,,,,,,,,,,,,,,,,,,,,,,,,,,,,,,,,,,,,,,,,,,,,,,,,,,,,,,,,,,,,,,,,,,,,,,,,,,,,,,,,,,,,,,,,,,,,,,,,,,,,,,,,,,,,,,,,,,,,,,,,,,,,,,,,,,,,,,,,,,,,,,,,,,,,,,,,,,,,,,,,,,,,,,,,,,,,,,,,,,,,,,,,,,,,,,,33570,"<span lang=""EN-GB"">Suppose you want to control some devices/appliances (e.g., smart lights) when you are at home with people you are close to (e.g., friends, family members)<strong><o:p></o:p></strong></span>"
10/26/2018 18:00,10/26/2018 18:13,0,68.253.157.91,100,788,1,10/26/2018 18:13,R_1PUmLDIe3kwECSY,,,,,38.21740723,-85.74040222,anonymous,EN,"1,2,3,4","1,2,3,4,5",,"1,2,3",,"1,2,3,4",,1,,"1,3",,3,"1,2,3",,"1,2,3",,3,"1,2,3,4",,"1,2,3",,"1,2,3,4,6",,2,,"1,2,3",,"1,2",,,,,,,,,,,,,,,,,,,,,,,,,,,,,,,,,,,,,,,,,,,,,,,,,,,,,,,,,,,,,,,,,,,,,,,,,,,,,,,,,,,,,,,,,,,,,,,,,,,,,,,,,,,,,,,,,,,,,,,,,,,,,,,,,,,,,,,,,,,,,,,,,,,,,,,,,,,,,,,,,,,,,,,,,,,,,,,,,,,,,,,,67441,"<span lang=""EN-GB"">Suppose you want to read a digital document when you are at Starbucks with people you know (e.g., acquaintances, colleagues).<o:p></o:p></span>"
10/19/2018 18:17,10/19/2018 18:18,0,107.181.164.86,78,57,0,10/26/2018 18:38,R_1OIekaTtCBtUW1F,,,,,,,anonymous,EN,"1,2,3",,,,,,,,,,,,,,,,,,,,,,,,,,,,,,,,,,,,,,,,,,,,,,,,,,,,,,,,,,,,,,,,,,,,,,,,,,,,,,,,,,,,,,,,,,,,,,,,,,,,,,,,,,,,,,,,,,,,,,,,,,,,,,,,,,,,,,,,,,,,,,,,,,,,,,,,,,,,,,,,,,,,,,,,,,,,,,,,,,,,,,,,,,,,,,,,,,,,,,,,,,,,,,,,,,,27462,"<span lang=""EN-GB"">Suppose
     you want to read a digital document) when you are at home with people you
     know (e.g., acquaintances, colleagues).<o:p></o:p></span>"
10/26/2018 18:43,10/26/2018 18:43,0,99.173.177.43,100,14,1,10/26/2018 18:43,R_3FQBmaBAU3Uq8R5,,,,,36.52200317,-87.34899902,anonymous,EN,1,,,,,,,,,,,,,,,,,,,,,,,,,,,,,,,,,,,,,,,,,,,,,,,,,,,,,,,,,,,,,,,,,,,,,,,,,,,,,,,,,,,,,,,,,,,,,,,,,,,,,,,,,,,,,,,,,,,,,,,,,,,,,,,,,,,,,,,,,,,,,,,,,,,,,,,,,,,,,,,,,,,,,,,,,,,,,,,,,,,,,,,,,,,,,,,,,,,,,,,,,,,,,,,,,,,2239,"<span lang=""EN-GB"">Suppose
     you want to a send an email when you are walking on a street.<o:p></o:p></span>"
10/26/2018 18:47,10/26/2018 18:50,0,96.255.140.181,100,152,1,10/26/2018 18:50,R_3NVTHTLBdPvBQZi,,,,,38.77070618,-77.44940186,anonymous,EN,"1,2,3,4",5,,5,,2,,1,,1,,4,3,,"1,2",,4,3,,2,,3,,"1,2",,5,,"1,2",,,,,,,,,,,,,,,,,,,,,,,,,,,,,,,,,,,,,,,,,,,,,,,,,,,,,,,,,,,,,,,,,,,,,,,,,,,,,,,,,,,,,,,,,,,,,,,,,,,,,,,,,,,,,,,,,,,,,,,,,,,,,,,,,,,,,,,,,,,,,,,,,,,,,,,,,,,,,,,,,,,,,,,,,,,,,,,,,,,,,,,,69361,"<span lang=""EN-GB"">Suppose you have planned to meet a friend next week and you want to put this on your calendar when you are with a very close friend at a restaurant&nbsp;<o:p></o:p></span>"
10/19/2018 16:49,10/19/2018 16:49,0,68.98.143.23,78,50,0,10/26/2018 18:53,R_XzieMEqkn1s0U8N,,,,,,,anonymous,EN,"1,2,3,4",,,,,,,,,,,,,,,,,,,,,,,,,,,,,,,,,,,,,,,,,,,,,,,,,,,,,,,,,,,,,,,,,,,,,,,,,,,,,,,,,,,,,,,,,,,,,,,,,,,,,,,,,,,,,,,,,,,,,,,,,,,,,,,,,,,,,,,,,,,,,,,,,,,,,,,,,,,,,,,,,,,,,,,,,,,,,,,,,,,,,,,,,,,,,,,,,,,,,,,,,,,,,,,,,,,67988,"<span lang=""EN-GB"" style=""font-size:11.0pt;line-height:115%;
font-family:&quot;Arial&quot;,sans-serif;mso-fareast-font-family:Arial;mso-ansi-language:
EN-GB;mso-fareast-language:EN-US;mso-bidi-language:AR-SA"">Suppose you want to browse the internet when you are alone at your home.</span>"
10/26/2018 18:53,10/26/2018 18:59,0,24.3.143.88,100,321,1,10/26/2018 18:59,R_31bb0q9QfzNfFwF,,,,,40.43080139,-79.92050171,anonymous,EN,"1,2,4,5,6","2,5",,1,,"1,3",,1,,1,,2,"1,2,3",,2,,2,"2,3",,"1,2",,"1,3",,"1,2",,5,,2,,2,,,,,,,,,,,,,,,,,,,,,,,,,,,,,,"2,5",,1,,"1,3",,1,,3,,1,1,,5,,5,,3,,"1,4",,2,,"1,4",,1,,2,,,,,,,,,,,,,,,,,,,,,,,,,,,,,,,,,,,,,,,,,,,,,,,,,,,,,,,,,,,,,,,,,,,,,,,,,,,,,,,,,,,,,,,,,,,,,,,,,,,,,,,,,,,,,,,,,,,,,,Female,25,Scientist,5,1,,7,84294,"<span lang=""EN-GB"">Suppose
     you want to purchase something online when you are with your close friends
     at Starbucks.<o:p></o:p></span>"
10/26/2018 18:48,10/26/2018 19:01,0,174.55.220.121,100,771,1,10/26/2018 19:01,R_123JAvKnzmb2wVE,,,,,39.90260315,-76.60810089,anonymous,EN,"1,2,3","2,4,5",,"2,3",,2,,1,,3,,1,3,,2,,3,1,,1,,3,,"1,2",,2,,2,,,,,,,,,,,,,,,,,,,,,,,,,,,,,,,,,,,,,,,,,,,,,,,,,,,,,,,,,,,,,,,,,,,,,,,,,,,,,,,,,,,,,,,,,,,,,,,,,,,,,,,,,,,,,,,,,,,,,,,,,,,,,,,,,,,,,,,,,,,,,,,,,,,,,,,,,,,,,,,,,,,,,,,,,,,,,,,,,,,,,,,,34605,"<span lang=""EN-GB"">Suppose you are at sitting in a park and you want to play a digital/online game&nbsp;</span>with some close friends."
10/26/2018 19:16,10/26/2018 19:18,0,24.3.88.250,100,106,1,10/26/2018 19:18,R_w14AjNMUaAvrDrz,,,,,40.40289307,-80.09149933,anonymous,EN,"1,2",,,,,,,,,,,,,,,,,,,,,,,,,,,,,,,,,,,,,,,,,,,,,,,,,,,,,,,,,,,,,,,,,,,,,,,,,,,,,,,,,,,,,,,,,,,,,,,,,,,,,,,,,,,,,,,,,,,,,,,,,,,,,,,,,,,,,,,,,,,,,,,,,,,,,,,,,,,,,,,,,,,,,,,,,,,,,,,,,,,,,,,,,,,,,,,,,,,,,,,,,,,,,,,,,,,6331,"<span lang=""EN-GB"" style=""font-size:11.0pt;line-height:115%;
font-family:&quot;Arial&quot;,sans-serif;mso-fareast-font-family:Arial;mso-ansi-language:
EN-GB;mso-fareast-language:EN-US;mso-bidi-language:AR-SA"">Suppose you want to a
send an email when you are alone at home</span>"
10/26/2018 19:18,10/26/2018 19:19,0,24.3.88.250,100,28,1,10/26/2018 19:19,R_3lFTOiCoXy0d1Yr,,,,,40.40289307,-80.09149933,anonymous,EN,"1,2",,,,,,,,,,,,,,,,,,,,,,,,,,,,,,,,,,,,,,,,,,,,,,,,,,,,,,,,,,,,,,,,,,,,,,,,,,,,,,,,,,,,,,,,,,,,,,,,,,,,,,,,,,,,,,,,,,,,,,,,,,,,,,,,,,,,,,,,,,,,,,,,,,,,,,,,,,,,,,,,,,,,,,,,,,,,,,,,,,,,,,,,,,,,,,,,,,,,,,,,,,,,,,,,,,,383,"<span lang=""EN-GB"">Suppose you are at work with some people you know (e.g., acquaintances, colleagues) when you realize that you have to immediately pay one of your bills online.<o:p></o:p></span>"
10/26/2018 19:20,10/26/2018 19:25,0,166.182.241.9,100,280,1,10/26/2018 19:25,R_1E1lH5a7xd7ZdX4,,,,,35.61920166,-77.39749908,anonymous,EN,"1,2,3,4,5","1,2,4",,5,,"1,2",,1,,2,,"2,3","1,2",,"2,3",,3,"1,4",,"1,3",,6,,"1,2,3",,5,,4,,,,,,,,,,,,,,,,,,,,,,,,,,,,,,,,,,,,,,,,,,,,,,,,,,,,,,,,,,,,,,,,,,,,,,,,,,,,,,,,,,,,,,,,,,,,,,,,,,,,,,,,,,,,,,,,,,,,,,,,,,,,,,,,,,,,,,,,,,,,,,,,,,,,,,,,,,,,,,,,,,,,,,,,,,,,,,,,,,,,,,,,58712,"<span lang=""EN-GB"">Suppose
     you want to set up a reminder when you are at home with people you are
     close to (e.g., friends, family members).<strong><o:p></o:p></strong></span>"
10/26/2018 19:28,10/26/2018 19:37,0,162.207.249.207,100,575,1,10/26/2018 19:37,R_sMAN5OWyUOrd6Kt,,,,,32.88279724,-97.20980072,anonymous,EN,"1,2,3,4","4,5",,3,,"1,2,3",,1,,"1,3",,"2,3","1,2,3",,"2,3",,"2,3","1,2,3",,"1,2",,"3,4",,2,,"1,2,3",,"1,2",,,,,,,,,,,,,,,,,,,,,,,,,,,,,,,,,,,,,,,,,,,,,,,,,,,,,,,,,,,,,,,,,,,,,,,,,,,,,,,,,,,,,,,,,,,,,,,,,,,,,,,,,,,,,,,,,,,,,,,,,,,,,,,,,,,,,,,,,,,,,,,,,,,,,,,,,,,,,,,,,,,,,,,,,,,,,,,,,,,,,,,,22413,"<span lang=""EN-GB"">Suppose you want to call your mother for sharing an important
     update about your life when you are surrounded by people you know (e.g.,
     acquaintances, colleagues) at your home.<o:p></o:p></span>"
10/26/2018 19:45,10/26/2018 19:45,0,108.250.111.64,100,17,1,10/26/2018 19:45,R_2490jJW9r1wEcBk,,,,,32.59140015,-96.77279663,anonymous,EN,1,,,,,,,,,,,,,,,,,,,,,,,,,,,,,,,,,,,,,,,,,,,,,,,,,,,,,,,,,,,,,,,,,,,,,,,,,,,,,,,,,,,,,,,,,,,,,,,,,,,,,,,,,,,,,,,,,,,,,,,,,,,,,,,,,,,,,,,,,,,,,,,,,,,,,,,,,,,,,,,,,,,,,,,,,,,,,,,,,,,,,,,,,,,,,,,,,,,,,,,,,,,,,,,,,,,2840,"<span lang=""EN-GB"">Suppose you want to watch some video when you are alone at your home.<strong><o:p></o:p></strong></span>"
10/26/2018 21:11,10/26/2018 21:16,0,98.196.233.206,100,331,1,10/26/2018 21:16,R_tSsEDdXdFd7F5oR,,,,,29.54049683,-95.32080078,anonymous,EN,"1,2,3,5,6","1,5",,1,,"1,3",,1,,"1,3",,"2,3",1,,"1,2",,3,"2,4",,"1,2,3",,"1,2",,"1,2,3",,1,,2,,,,,,,,,,,,,,,,,,,,,,,,,,,,,,,,,,,,,,,,,,,,,,,,,,,,,,,,,,,,,,,,,,,,,,,,,,,,,,,,,,,,,,,,,,,,,,,,,,,,,,,,,,,,,,,,,,,,,,,,,,,,,,,,,,,,,,,,,,,,,,,,,,,,,,,,,,,,,,,,,,,,,,,,,,,,,,,,,,,,,,,,27528,"<span lang=""EN-GB"" style=""font-size:11.0pt;line-height:115%;
font-family:&quot;Arial&quot;,sans-serif;mso-fareast-font-family:Arial;mso-ansi-language:
EN-GB;mso-fareast-language:EN-US;mso-bidi-language:AR-SA"">Suppose you want to
read a digital document when you are at Starbucks surrounded with your close
friends.</span>"
10/26/2018 21:48,10/26/2018 21:48,0,67.44.208.1,100,35,1,10/26/2018 21:48,R_3nJDQJa9vSJp8Vw,,,,,37.75100708,-97.8219986,anonymous,EN,"1,2",,,,,,,,,,,,,,,,,,,,,,,,,,,,,,,,,,,,,,,,,,,,,,,,,,,,,,,,,,,,,,,,,,,,,,,,,,,,,,,,,,,,,,,,,,,,,,,,,,,,,,,,,,,,,,,,,,,,,,,,,,,,,,,,,,,,,,,,,,,,,,,,,,,,,,,,,,,,,,,,,,,,,,,,,,,,,,,,,,,,,,,,,,,,,,,,,,,,,,,,,,,,,,,,,,,4539,"<span lang=""EN-GB"">Suppose you want to a view a text message when you are alone at a street.<o:p></o:p></span>"
10/19/2018 21:52,10/19/2018 21:54,0,23.110.214.122,78,136,0,10/26/2018 21:55,R_yJt9ILswMF99e01,,,,,,,anonymous,EN,"1,2,3,4",,,,,,,,,,,,,,,,,,,,,,,,,,,,,,,,,,,,,,,,,,,,,,,,,,,,,,,,,,,,,,,,,,,,,,,,,,,,,,,,,,,,,,,,,,,,,,,,,,,,,,,,,,,,,,,,,,,,,,,,,,,,,,,,,,,,,,,,,,,,,,,,,,,,,,,,,,,,,,,,,,,,,,,,,,,,,,,,,,,,,,,,,,,,,,,,,,,,,,,,,,,,,,,,,,,29811,"<span lang=""EN-GB"">Suppose
     you want to set up a reminder about something when you are with people you
     know (e.g., acquaintances, colleagues) at Starbucks.<o:p></o:p></span>"
10/26/2018 21:56,10/26/2018 21:57,0,96.126.97.200,100,15,1,10/26/2018 21:57,R_2RVe7Jm6z2uKrfA,,,,,37.5605011,-121.9999008,anonymous,EN,6,,,,,,,,,,,,,,,,,,,,,,,,,,,,,,,,,,,,,,,,,,,,,,,,,,,,,,,,,,,,,,,,,,,,,,,,,,,,,,,,,,,,,,,,,,,,,,,,,,,,,,,,,,,,,,,,,,,,,,,,,,,,,,,,,,,,,,,,,,,,,,,,,,,,,,,,,,,,,,,,,,,,,,,,,,,,,,,,,,,,,,,,,,,,,,,,,,,,,,,,,,,,,,,,,,,6365,"<span lang=""EN-GB"">Suppose you are at home with people you are close to (e.g., friends, family members) when you realize today is the last day to pay one of your bills online.<o:p></o:p></span>"
10/26/2018 21:57,10/26/2018 21:57,0,96.126.97.200,100,8,1,10/26/2018 21:57,R_9NYpjvIiR73y1AB,,,,,37.5605011,-121.9999008,anonymous,EN,4,,,,,,,,,,,,,,,,,,,,,,,,,,,,,,,,,,,,,,,,,,,,,,,,,,,,,,,,,,,,,,,,,,,,,,,,,,,,,,,,,,,,,,,,,,,,,,,,,,,,,,,,,,,,,,,,,,,,,,,,,,,,,,,,,,,,,,,,,,,,,,,,,,,,,,,,,,,,,,,,,,,,,,,,,,,,,,,,,,,,,,,,,,,,,,,,,,,,,,,,,,,,,,,,,,,81565,"<span id=""docs-internal-guid-5a7e3441-7fff-9d1f-10e6-454a1d940975""><span style=""font-size: 11pt; font-family: Arial; color: rgb(0, 0, 0); background-color: transparent; font-variant-numeric: normal; font-variant-east-asian: normal; vertical-align: baseline; white-space: pre-wrap;"">Suppose you want to call your mother for sharing an important update about your life &nbsp;when you are alone at home</span><br> <br><br></span>"
10/26/2018 21:56,10/26/2018 21:57,0,107.128.42.105,100,33,1,10/26/2018 21:57,R_BYrOKfP1Dcvz6nv,,,,,34.14680481,-118.1390991,anonymous,EN,"1,2",,,,,,,,,,,,,,,,,,,,,,,,,,,,,,,,,,,,,,,,,,,,,,,,,,,,,,,,,,,,,,,,,,,,,,,,,,,,,,,,,,,,,,,,,,,,,,,,,,,,,,,,,,,,,,,,,,,,,,,,,,,,,,,,,,,,,,,,,,,,,,,,,,,,,,,,,,,,,,,,,,,,,,,,,,,,,,,,,,,,,,,,,,,,,,,,,,,,,,,,,,,,,,,,,,,87889,"<span lang=""EN-GB"">Suppose you want to browse the internet when you are alone at a restaurant.<o:p></o:p></span>"
10/26/2018 21:57,10/26/2018 21:57,0,96.126.97.200,100,9,1,10/26/2018 21:57,R_1jV6HcPBJZBitvY,,,,,37.5605011,-121.9999008,anonymous,EN,2,,,,,,,,,,,,,,,,,,,,,,,,,,,,,,,,,,,,,,,,,,,,,,,,,,,,,,,,,,,,,,,,,,,,,,,,,,,,,,,,,,,,,,,,,,,,,,,,,,,,,,,,,,,,,,,,,,,,,,,,,,,,,,,,,,,,,,,,,,,,,,,,,,,,,,,,,,,,,,,,,,,,,,,,,,,,,,,,,,,,,,,,,,,,,,,,,,,,,,,,,,,,,,,,,,,41029,"<span lang=""EN-GB"">Suppose
     you want to purchase something online when you are alone at Starbucks.<o:p></o:p></span>"
10/26/2018 21:57,10/26/2018 21:57,0,96.126.97.200,100,9,1,10/26/2018 21:57,R_1C8SRNehrUV6let,,,,,37.5605011,-121.9999008,anonymous,EN,5,,,,,,,,,,,,,,,,,,,,,,,,,,,,,,,,,,,,,,,,,,,,,,,,,,,,,,,,,,,,,,,,,,,,,,,,,,,,,,,,,,,,,,,,,,,,,,,,,,,,,,,,,,,,,,,,,,,,,,,,,,,,,,,,,,,,,,,,,,,,,,,,,,,,,,,,,,,,,,,,,,,,,,,,,,,,,,,,,,,,,,,,,,,,,,,,,,,,,,,,,,,,,,,,,,,41826,
10/26/2018 21:57,10/26/2018 21:57,0,96.126.97.200,100,6,1,10/26/2018 21:57,R_rdWGR5AV9lkhR73,,,,,37.5605011,-121.9999008,anonymous,EN,3,,,,,,,,,,,,,,,,,,,,,,,,,,,,,,,,,,,,,,,,,,,,,,,,,,,,,,,,,,,,,,,,,,,,,,,,,,,,,,,,,,,,,,,,,,,,,,,,,,,,,,,,,,,,,,,,,,,,,,,,,,,,,,,,,,,,,,,,,,,,,,,,,,,,,,,,,,,,,,,,,,,,,,,,,,,,,,,,,,,,,,,,,,,,,,,,,,,,,,,,,,,,,,,,,,,17391,"Suppose you want to check your social media status
     when you are at Starbucks.<o:p></o:p>"
10/26/2018 21:57,10/26/2018 21:57,0,96.126.97.200,100,7,1,10/26/2018 21:57,R_8iRbscJ1zsc90BP,,,,,37.5605011,-121.9999008,anonymous,EN,1,,,,,,,,,,,,,,,,,,,,,,,,,,,,,,,,,,,,,,,,,,,,,,,,,,,,,,,,,,,,,,,,,,,,,,,,,,,,,,,,,,,,,,,,,,,,,,,,,,,,,,,,,,,,,,,,,,,,,,,,,,,,,,,,,,,,,,,,,,,,,,,,,,,,,,,,,,,,,,,,,,,,,,,,,,,,,,,,,,,,,,,,,,,,,,,,,,,,,,,,,,,,,,,,,,,32704,"<span lang=""EN-GB"">Suppose you are alone at home, you want to take a break from studying/working&nbsp;</span>so you decide to play an online/digital game with some close friends ."
10/26/2018 21:59,10/26/2018 22:00,0,64.62.232.90,100,63,1,10/26/2018 22:01,R_3MmoZBDSRpRcobN,,,,,37.75100708,-97.8219986,anonymous,EN,3,,,,,,,,,,,,,,,,,,,,,,,,,,,,,,,,,,,,,,,,,,,,,,,,,,,,,,,,,,,,,,,,,,,,,,,,,,,,,,,,,,,,,,,,,,,,,,,,,,,,,,,,,,,,,,,,,,,,,,,,,,,,,,,,,,,,,,,,,,,,,,,,,,,,,,,,,,,,,,,,,,,,,,,,,,,,,,,,,,,,,,,,,,,,,,,,,,,,,,,,,,,,,,,,,,,46823,"<span lang=""EN-GB"">Suppose you have planned to meet a friend next week and you want to put this on your calendar when you are alone at a park<o:p></o:p></span>"
10/26/2018 22:01,10/26/2018 22:01,0,66.78.41.242,100,41,1,10/26/2018 22:01,R_21oiKI0VQGQYpxo,,,,,43.63220215,-116.2052002,anonymous,EN,4,,,,,,,,,,,,,,,,,,,,,,,,,,,,,,,,,,,,,,,,,,,,,,,,,,,,,,,,,,,,,,,,,,,,,,,,,,,,,,,,,,,,,,,,,,,,,,,,,,,,,,,,,,,,,,,,,,,,,,,,,,,,,,,,,,,,,,,,,,,,,,,,,,,,,,,,,,,,,,,,,,,,,,,,,,,,,,,,,,,,,,,,,,,,,,,,,,,,,,,,,,,,,,,,,,,44354,"<span lang=""EN-GB"">Suppose
     you want to listen to some audio when you are with your friends at
     Starbucks.<o:p></o:p></span>"
10/26/2018 22:01,10/26/2018 22:02,0,64.62.232.90,100,54,1,10/26/2018 22:02,R_2upP0Njdp4XYjdb,,,,,37.75100708,-97.8219986,anonymous,EN,3,,,,,,,,,,,,,,,,,,,,,,,,,,,,,,,,,,,,,,,,,,,,,,,,,,,,,,,,,,,,,,,,,,,,,,,,,,,,,,,,,,,,,,,,,,,,,,,,,,,,,,,,,,,,,,,,,,,,,,,,,,,,,,,,,,,,,,,,,,,,,,,,,,,,,,,,,,,,,,,,,,,,,,,,,,,,,,,,,,,,,,,,,,,,,,,,,,,,,,,,,,,,,,,,,,,88241,"<span lang=""EN-GB"">Suppose you want to a send a text message when you are alone at a street.<o:p></o:p></span>"
10/26/2018 22:00,10/26/2018 22:02,0,173.25.1.94,100,121,1,10/26/2018 22:02,R_1BQPomUqGLgmqEy,,,,,37.16679382,-93.3085022,anonymous,EN,"1,2,3,5,6",2,,1,,"1,2,3",,3,,1,,1,"1,2",,"1,2",,1,"1,2",,"1,2",,"1,3",,1,,"1,2",,2,,,,,,,,,,,,,,,,,,,,,,,,,,,,,,,,,,,,,,,,,,,,,,,,,,,,,,,,,,,,,,,,,,,,,,,,,,,,,,,,,,,,,,,,,,,,,,,,,,,,,,,,,,,,,,,,,,,,,,,,,,,,,,,,,,,,,,,,,,,,,,,,,,,,,,,,,,,,,,,,,,,,,,,,,,,,,,,,,,,,,,,,69662,"<span lang=""EN-GB"">Suppose you want to read a digital document when you are in a park surrounded by your close friends.<o:p></o:p></span>"
10/26/2018 21:55,10/26/2018 22:03,0,68.133.1.221,100,477,1,10/26/2018 22:03,R_3Hq9P4DvZrS69er,,,,,43.04289246,-78.69879913,anonymous,EN,"1,2,3,4","2,5",,1,,"1,2,3",,1,,3,,4,"1,2",,5,,4,4,,5,,"3,6",,5,,1,,4,,2,,,,,,,,,,,,,,,,,,,,,,,,,,,,,,"2,5",,"1,2",,1,,1,,"2,3",,1,"1,2",,5,,5,,6,,3,,2,,3,,1,,4,,,,,,,,,,,,,,,,,,,,,,,,,,,,,,,,,,,,,,,,,,,,,,,,,,,,,,,,,,,,,,,,,,,,,,,,,,,,,,,,,,,,,,,,,,,,,,,,,,,,,,,,,,,,,,,,,,,,,,woman,43,college lecturer,5,1,,4,60076,"<span lang=""EN-GB"" style=""font-size:11.0pt;line-height:115%;
font-family:&quot;Arial&quot;,sans-serif;mso-fareast-font-family:Arial;mso-ansi-language:
EN-GB;mso-fareast-language:EN-US;mso-bidi-language:AR-SA"">Suppose you want to a
send an email when you are at Starbucks.</span>"
10/26/2018 21:51,10/26/2018 22:08,0,100.35.97.44,100,1036,1,10/26/2018 22:08,R_DFWpICwxgavCUPD,,,,,40.74450684,-74.15080261,anonymous,EN,"1,2,3,4,5,6","1,2,5",,5,,1,,1,,2,,4,5,,2,,4,3,,"1,2,3",,2,,"1,2,3",,5,,4,,"2,5",,,,,,,,,,,,,,,,,,,,,,,,,,,,,,"1,2,5",,5,,"1,3",,3,,1,,4,5,,2,,2,,3,,"1,2,3",,2,,"1,2,3",,1,,1,,,,,,,,,,,,,,,,,,,,,,,,,,,,,,,,,,,,,,,,,,,,,,,,,,,,,,,,,,,,1,,5,,4,,3,,"2,3,4",,2,5,,5,,5,,4,,2,,3,,2,,5,,4,,,,,,,,,,,,,,,,,,,,,,,,,,,,,,,Male,23,Driver,3,3,,2,68882,"Suppose you want to call your mother for sharing an important update about your life when you are surrounded with people you are close to (e.g., friends, family members)at your home."
10/26/2018 22:05,10/26/2018 22:10,0,66.35.115.116,100,295,1,10/26/2018 22:10,R_1gko36y48sG9eDk,,,,,45.46609497,-98.48560333,anonymous,EN,"2,3,5",2,,1,,1,,3,,1,,2,"1,2",,3,,2,2,,1,,7,,1,,1,,2,,2,,,,,,,,,,,,,,,,,,,,,,,,,,,,,,2,,1,,3,,1,,1,,2,"1,3",,5,,5,,2,,7,,1,,7,,1,,2,,,,,,,,,,,,,,,,,,,,,,,,,,,,,,,,,,,,,,,,,,,,,,,,,,,,,,,,,,,,,,,,,,,,,,,,,,,,,,,,,,,,,,,,,,,,,,,,,,,,,,,,,,,,,,,,,,,,,,female,41,Medical Lab Tech,5,1,,6,18940,"<span lang=""EN-GB"">Suppose you want to read a digital document when you are at a park.<o:p></o:p></span>"
10/19/2018 22:02,10/19/2018 22:12,0,71.68.241.148,78,616,0,10/26/2018 22:12,R_29uks7TTnpyI1cB,,,,,,,anonymous,EN,"1,2,4",,,,,,,,,,,,,,,,,,,,,,,,,,,,,,,,,,,,,,,,,,,,,,,,,,,,,,,,,,,,,,,,,,,,,,,,,,,,,,,,,,,,,,,,,,,,,,,,,,,,,,,,,,,,,,,,,,,,,,,,,,,,,,,,,,,,,,,,,,,,,,,,,,,,,,,,,,,,,,,,,,,,,,,,,,,,,,,,,,,,,,,,,,,,,,,,,,,,,,,,,,,,,,,,,,,26779,"<span lang=""EN-GB"">Suppose
     you want to listen to some audio when you are alone at Starbucks.<o:p></o:p></span>"
10/26/2018 21:59,10/26/2018 22:13,0,120.29.100.74,100,841,1,10/26/2018 22:13,R_xfOjO01NHbrcHmN,,,,,15.1499939,120.583313,anonymous,EN,"1,2,3,4,6","1,2,4,5",,5,,"1,2,3,4",,1,,1,,"2,3","2,3",,"1,2,3",,"2,3","2,3,4",,"1,2,3",,"1,2,3,4",,"1,2,3",,1,,"1,2",,"2,4,6",,,,,,,,,,,,,,,,,,,,,,,,,,,,,,"1,2,5",,"1,2,3",,"1,2,3,4",,1,,"1,3",,"2,3","2,3",,"1,2,3",,"1,2,3",,"2,3,4",,"1,2,3,4",,"1,2,3",,"1,2,3,4",,1,,"1,2",,,,,,,,,,,,,,,,,,,,,,,,,,,,,,,"1,2",,3,,"1,2,3,4",,1,,3,,2,"1,2,3",,1,,"1,3",,6,,"2,4",,"2,3",,"1,2,4",,1,,2,,,,,,,,,,,,,,,,,,,,,,,,,,,,,,,"1,2,4,5",,"2,3",,"1,2,3,4",,1,,"2,3",,"2,3","1,2,3",,"1,2,3",,"1,3",,"1,2,3,4",,"1,2,3,4",,"2,3",,"1,2,3,4",,1,,2,,,,,,,,,81755,"<span lang=""EN-GB"" style=""font-size:11.0pt;line-height:115%;
font-family:&quot;Arial&quot;,sans-serif;mso-fareast-font-family:Arial;mso-ansi-language:
EN-GB;mso-fareast-language:EN-US;mso-bidi-language:AR-SA"">Suppose you want to
find a route to a coffee shop when you are alone at home.</span>"
10/19/2018 21:51,10/19/2018 22:14,0,50.24.252.180,88,1342,0,10/26/2018 22:15,R_V3jybrSZ2JABXgt,,,,,,,anonymous,EN,"1,2,3,4,5,6","1,2,3,4,5",,"1,2,3",,"1,2,3,4",,1,,"1,2",,"2,3","1,2,3",,"1,2,3",,"1,2,3","1,2,3",,"1,2",,"1,2,3",,"1,2",,"1,2,3",,"1,2",,"2,5,6",,,,,,,,,,,,,,,,,,,,,,,,,,,,,,,,,,,,,,,,,,,,,,,,,,,,,,,,,,,,,,,,,,,,,,,,,,,,,,,,,,,,,,,,,,,,,,,,,,,,,,,,,,,,,,,,,,,,,,,,,,,,,,,,,,,,,,,,,,,,,,,,,,,,,,,,,,,,,,,,,,,,,,,,,,,,,,,,,,,,,,45847,"<span lang=""EN-GB"">Suppose
     you want to call your mother for sharing an important update about your
     life when you are with a very close friend at a restaurant&nbsp;<o:p></o:p></span>"
10/26/2018 22:15,10/26/2018 22:18,0,69.62.206.232,100,189,1,10/26/2018 22:18,R_1mvWPt8bIZ82HEY,,,,,38.42430115,-121.4369965,anonymous,EN,"1,2,3,5",2,,3,,2,,1,,3,,2,3,,1,,2,4,,2,,1,,3,,1,,1,,,,,,,,,,,,,,,,,,,,,,,,,,,,,,,,,,,,,,,,,,,,,,,,,,,,,,,,,,,,,,,,,,,,,,,,,,,,,,,,,,,,,,,,,,,,,,,,,,,,,,,,,,,,,,,,,,,,,,,,,,,,,,,,,,,,,,,,,,,,,,,,,,,,,,,,,,,,,,,,,,,,,,,,,,,,,,,,,,,,,,,,18642,"Suppose
     you want to call your mother for sharing an important update about your
     life when you are surrounded by people you
     know (e.g., acquaintances, colleagues) at a restaurant.<o:p></o:p>"
10/26/2018 22:08,10/26/2018 22:19,0,76.108.54.191,100,625,1,10/26/2018 22:19,R_2vkNuTaa2y8vjl0,,,,,26.53540039,-80.11239624,anonymous,EN,"1,2,3,4","2,5",,1,,"1,2",,1,,4,,"2,3","1,2",,2,,"2,3",2,,2,,3,,"1,2",,"1,2",,"1,2",,,,,,,,,,,,,,,,,,,,,,,,,,,,,,,,,,,,,,,,,,,,,,,,,,,,,,,,,,,,,,,,,,,,,,,,,,,,,,,,,,,,,,,,,,,,,,,,,,,,,,,,,,,,,,,,,,,,,,,,,,,,,,,,,,,,,,,,,,,,,,,,,,,,,,,,,,,,,,,,,,,,,,,,,,,,,,,,,,,,,,,,27021,"<span lang=""EN-GB"">Suppose you want to browse internet when you are with your close friends at a restaurant.<o:p></o:p></span>"
10/26/2018 22:20,10/26/2018 22:20,0,67.250.163.131,100,12,1,10/26/2018 22:20,R_2qgyNnk0qZyKHN8,,,,,40.76269531,-73.91490173,anonymous,EN,"1,2",,,,,,,,,,,,,,,,,,,,,,,,,,,,,,,,,,,,,,,,,,,,,,,,,,,,,,,,,,,,,,,,,,,,,,,,,,,,,,,,,,,,,,,,,,,,,,,,,,,,,,,,,,,,,,,,,,,,,,,,,,,,,,,,,,,,,,,,,,,,,,,,,,,,,,,,,,,,,,,,,,,,,,,,,,,,,,,,,,,,,,,,,,,,,,,,,,,,,,,,,,,,,,,,,,,72726,"<span lang=""EN-GB"">Suppose
     you want to set up a reminder about something when you are with people you
     know (e.g., acquaintances, colleagues) at Starbucks.<o:p></o:p></span>"
10/26/2018 22:12,10/26/2018 22:21,0,107.204.79.128,100,493,1,10/26/2018 22:21,R_2y1nOSNefmssVJC,,,,,32.76069641,-117.0720978,anonymous,EN,"1,2,3,4,6",1,,1,,3,,1,,1,,1,5,,1,,1,6,,2,,1,,5,,5,,4,,,,,,,,,,,,,,,,,,,,,,,,,,,,,,,,,,,,,,,,,,,,,,,,,,,,,,,,,,,,,,,,,,,,,,,,,,,,,,,,,,,,,,,,,,,,,,,,,,,,,,,,,,,,,,,,,,,,,,,,,,,,,,,,,,,,,,,,,,,,,,,,,,,,,,,,,,,,,,,,,,,,,,,,,,,,,,,,,,,,,,,,82925,"<span lang=""EN-GB"">Suppose
     you want to call your mother for sharing an important update about your
     life when you are with a very close friend at a restaurant&nbsp;<o:p></o:p></span>"
10/26/2018 22:24,10/26/2018 22:26,0,23.244.246.127,100,163,1,10/26/2018 22:26,R_1q4gjyLzl6uhbFj,,,,,32.75889587,-97.32800293,anonymous,EN,"2,5,6",2,,3,,3,,1,,3,,2,2,,2,,2,2,,2,,2,,2,,3,,2,,"2,5,6",,,,,,,,,,,,,,,,,,,,,,,,,,,,,,2,,2,,2,,1,,3,,2,"2,3",,2,,2,,2,,"2,3",,2,,"2,3",,2,,2,,,,,,,,,,,,,,,,,,,,,,,,,,,,,,,,,,,,,,,,,,,,,,,,,,,,,,,,,,,,2,,2,,3,,1,,3,,2,2,,2,,2,,2,,2,,2,,2,,2,,2,,"2,3",,3,,3,,1,,3,,2,2,,2,,"2,3",,"2,3",,"2,3",,"1,2",,"2,3",,3,,2,,,,,,,,,41899,"<span lang=""EN-GB"">Suppose you want to call your mother for sharing an important
     update about your life&nbsp; when you
     with people you know (e.g., acquaintances, colleagues) at a park<o:p></o:p></span>"
10/26/2018 22:28,10/26/2018 22:29,0,117.206.138.175,100,14,1,10/26/2018 22:29,R_1eyEHBq0UrO7Wpo,,,,,9.449996948,77.92001343,anonymous,EN,3,,,,,,,,,,,,,,,,,,,,,,,,,,,,,,,,,,,,,,,,,,,,,,,,,,,,,,,,,,,,,,,,,,,,,,,,,,,,,,,,,,,,,,,,,,,,,,,,,,,,,,,,,,,,,,,,,,,,,,,,,,,,,,,,,,,,,,,,,,,,,,,,,,,,,,,,,,,,,,,,,,,,,,,,,,,,,,,,,,,,,,,,,,,,,,,,,,,,,,,,,,,,,,,,,,,31270,"<span lang=""EN-GB"">Suppose you want to browse the internet when you alone at a park.<o:p></o:p></span>"
10/26/2018 22:23,10/26/2018 22:29,0,66.66.196.84,100,342,1,10/26/2018 22:29,R_1nVk1zDgcZJhCuP,,,,,43.08340454,-77.63439941,anonymous,EN,"1,2,4","2,5",,1,,"1,2",,1,,2,,4,"1,2",,"1,2",,3,6,,2,,"1,3",,2,,"1,2",,2,,,,,,,,,,,,,,,,,,,,,,,,,,,,,,,,,,,,,,,,,,,,,,,,,,,,,,,,,,,,,,,,,,,,,,,,,,,,,,,,,,,,,,,,,,,,,,,,,,,,,,,,,,,,,,,,,,,,,,,,,,,,,,,,,,,,,,,,,,,,,,,,,,,,,,,,,,,,,,,,,,,,,,,,,,,,,,,,,,,,,,,,29984,"<span lang=""EN-GB"">Suppose you are on a short vacation and you want to take a picture in front&nbsp;</span>of an iconic monument when you are surrounded by many people."
10/26/2018 22:29,10/26/2018 22:29,0,117.206.138.175,100,17,1,10/26/2018 22:29,R_3jcvNqGEgcm2PgG,,,,,9.449996948,77.92001343,anonymous,EN,3,,,,,,,,,,,,,,,,,,,,,,,,,,,,,,,,,,,,,,,,,,,,,,,,,,,,,,,,,,,,,,,,,,,,,,,,,,,,,,,,,,,,,,,,,,,,,,,,,,,,,,,,,,,,,,,,,,,,,,,,,,,,,,,,,,,,,,,,,,,,,,,,,,,,,,,,,,,,,,,,,,,,,,,,,,,,,,,,,,,,,,,,,,,,,,,,,,,,,,,,,,,,,,,,,,,51454,"<span lang=""EN-GB"">Suppose you want to a send an email when you are walking with a very close friend on a street.&nbsp;<o:p></o:p></span>"
10/26/2018 22:27,10/26/2018 22:30,0,23.244.246.127,100,202,1,10/26/2018 22:30,R_3M4k95rfFD23tX0,,,,,32.75889587,-97.32800293,anonymous,EN,"2,5,6",2,,2,,2,,3,,3,,2,2,,"1,2",,2,2,,1,,2,,1,,1,,2,,5,,,,,,,,,,,,,,,,,,,,,,,,,,,,,,,,,,,,,,,,,,,,,,,,,,,,,,,,,,,,,,,,,,,,,,,,,,,,,,,,,,,,,,,,,,,,,,,,,,,,,,,,,,,,,,,,,,,,,1,,2,,2,,1,,4,,1,2,,2,,2,,1,,2,,2,,2,,3,,2,,,,,,,,,,,,,,,,,,,,,,,,,,,,,,,MALE,49,SOFTWARE ENGINEER,5,1,,3,9706,"<span lang=""EN-GB"">Suppose you want to find a route to home while walking on a street with people you know (e.g., acquaintances, colleagues).<o:p></o:p></span>"
10/26/2018 22:27,10/26/2018 22:31,0,67.169.109.205,100,217,1,10/26/2018 22:31,R_1rcZPNPYbILfdes,,,,,38.0684967,-122.1613998,anonymous,EN,"1,2,4,5,6","1,2",,"1,2",,"2,4",,1,,1,,2,"1,2,3",,"1,2,3",,3,6,,"1,3",,"1,2",,"2,3",,1,,"1,2",,,,,,,,,,,,,,,,,,,,,,,,,,,,,,,,,,,,,,,,,,,,,,,,,,,,,,,,,,,,,,,,,,,,,,,,,,,,,,,,,,,,,,,,,,,,,,,,,,,,,,,,,,,,,,,,,,,,,,,,,,,,,,,,,,,,,,,,,,,,,,,,,,,,,,,,,,,,,,,,,,,,,,,,,,,,,,,,,,,,,,,,51337,"<span lang=""EN-GB"" style=""font-size:11.0pt;line-height:115%;
font-family:&quot;Arial&quot;,sans-serif;mso-fareast-font-family:Arial;mso-ansi-language:
EN-GB;mso-fareast-language:EN-US;mso-bidi-language:AR-SA"">Suppose you want to a
send a text message when you are alone at Starbucks.</span>"
10/26/2018 22:29,10/26/2018 22:33,0,216.49.121.116,100,253,1,10/26/2018 22:33,R_qW5xiYoqWWKUhMt,,,,,38.29789734,-86.95330048,anonymous,EN,"1,2,4",7,,1,,1,,3,,1,,4,5,,5,,4,6,,5,,7,,5,,5,,4,,"1,2,4",7,,5,,1,,3,,6,,4,5,,5,,5,,6,,7,,5,,7,,5,,4,,7,,5,,6,,3,,6,,4,5,,5,,5,,6,,7,,5,,7,,5,,4,,,,,,,,,,,,,,,,,,,,,,,,,,,,,,,7,,5,,6,,3,,6,,4,5,,5,,5,,6,,7,,5,,7,,5,,4,,,,,,,,,,,,,,,,,,,,,,,,,,,,,,,,,,,,,,,,,,,,,,,,,,,,,,,,,,,,Female,31,Front Desk,4,1,,1,6194,"<span lang=""EN-GB"">Suppose
     you want to a view a text message when you are alone at Starbucks.<o:p></o:p></span>"
10/26/2018 22:36,10/26/2018 22:36,0,104.227.86.92,100,13,1,10/26/2018 22:36,R_eLFiNHJ7VbWIClj,,,,,34.1072998,-118.2266006,anonymous,EN,4,,,,,,,,,,,,,,,,,,,,,,,,,,,,,,,,,,,,,,,,,,,,,,,,,,,,,,,,,,,,,,,,,,,,,,,,,,,,,,,,,,,,,,,,,,,,,,,,,,,,,,,,,,,,,,,,,,,,,,,,,,,,,,,,,,,,,,,,,,,,,,,,,,,,,,,,,,,,,,,,,,,,,,,,,,,,,,,,,,,,,,,,,,,,,,,,,,,,,,,,,,,,,,,,,,,33053,"Suppose you want to purchase something online when
     you are with people you know (e.g., acquaintances,
     colleagues) at a park.<o:p></o:p>"
10/26/2018 22:37,10/26/2018 22:37,0,104.227.86.92,100,8,1,10/26/2018 22:37,R_1o54Bd4fquIsSML,,,,,34.1072998,-118.2266006,anonymous,EN,2,,,,,,,,,,,,,,,,,,,,,,,,,,,,,,,,,,,,,,,,,,,,,,,,,,,,,,,,,,,,,,,,,,,,,,,,,,,,,,,,,,,,,,,,,,,,,,,,,,,,,,,,,,,,,,,,,,,,,,,,,,,,,,,,,,,,,,,,,,,,,,,,,,,,,,,,,,,,,,,,,,,,,,,,,,,,,,,,,,,,,,,,,,,,,,,,,,,,,,,,,,,,,,,,,,,89850,"<span lang=""EN-GB"">Suppose
     you want to find a route to home when you are alone at Starbucks.<o:p></o:p></span>"
10/26/2018 22:36,10/26/2018 22:39,0,104.200.37.140,100,209,1,10/26/2018 22:39,R_2376hdNqzxeeVuA,,,,,35.66650391,-97.4654007,anonymous,EN,"1,2,3,4,5,6","1,2,3,4,5",,"1,2,3",,"1,2,3,4",,1,,"1,2,3,4",,"1,2,3","1,2,3",,"1,2,3",,"1,2,3","1,2,3,4",,"1,2,3",,"1,2,3,4",,"1,2,3",,"1,2,3",,"1,2",,1,"1,2,3,4,5",,"1,2,3",,"1,2,3,4",,1,,"1,2,3,4",,"1,2,3","1,2,3",,"1,2,3",,"1,2,3",,"1,2,3,4",,"1,2,3,4",,"1,2,3",,"1,2,3,4",,"1,2,3",,"1,2",,,,,,,,,,,,,,,,,,,,,,,,,,,,,,,,,,,,,,,,,,,,,,,,,,,,,,,,,,,,,,,,,,,,,,,,,,,,,,,,,,,,,,,,,,,,,,,,,,,,,,,,,,,,,,,,,,,,,,,,,,,,,,,,,,,,,,,,,,,,,,,,,,,Male,65,software Engineer,5,1,,3,68352,"<span lang=""EN-GB"">Suppose
     you want to a view a text message when you with people you know (e.g.,
     acquaintances, colleagues) at a street<strong>.</strong><o:p></o:p></span>"
10/26/2018 22:31,10/26/2018 22:42,0,174.227.133.15,100,657,1,10/26/2018 22:42,R_3iCl51ASZ5jegXE,,,,,28.52890015,-81.47869873,anonymous,EN,"1,2,3,4","1,2,3,4",,1,,"1,3",,1,,"3,4",,2,"1,2",,"1,2,3",,"2,3","2,3,4",,"1,2",,"1,2,3",,"1,2,3",,"1,3",,1,,,,,,,,,,,,,,,,,,,,,,,,,,,,,,,,,,,,,,,,,,,,,,,,,,,,,,,,,,,,,,,,,,,,,,,,,,,,,,,,,,,,,,,,,,,,,,,,,,,,,,,,,,,,,,,,,,,,,,,,,,,,,,,,,,,,,,,,,,,,,,,,,,,,,,,,,,,,,,,,,,,,,,,,,,,,,,,,,,,,,,,,21142,"<span lang=""EN-GB"">Suppose you are on a short vacation alone and you want to take a picture in front&nbsp;</span>of an iconic monument."
10/26/2018 22:54,10/26/2018 22:54,0,208.38.240.182,100,9,1,10/26/2018 22:54,R_1pxGLhzhqeSWynn,,,,,40.40010071,-86.86019897,anonymous,EN,"1,2",,,,,,,,,,,,,,,,,,,,,,,,,,,,,,,,,,,,,,,,,,,,,,,,,,,,,,,,,,,,,,,,,,,,,,,,,,,,,,,,,,,,,,,,,,,,,,,,,,,,,,,,,,,,,,,,,,,,,,,,,,,,,,,,,,,,,,,,,,,,,,,,,,,,,,,,,,,,,,,,,,,,,,,,,,,,,,,,,,,,,,,,,,,,,,,,,,,,,,,,,,,,,,,,,,,97693,"<span lang=""EN-GB"">Suppose
     you want to purchase something (e.g., book, household items) online when
     you are with your close friends at a park.<o:p></o:p></span>"
10/26/2018 23:37,10/26/2018 23:46,0,184.101.147.26,100,520,1,10/26/2018 23:46,R_bJDRnDEBuBAlktj,,,,,33.55909729,-112.1332016,anonymous,EN,"1,2,3,4,5,6","1,2,3,4,5",,1,,1,,1,,1,,"1,2,3",2,,"1,3",,2,2,,"1,2",,"1,4",,2,,"1,2",,2,,,,,,,,,,,,,,,,,,,,,,,,,,,,,,,,,,,,,,,,,,,,,,,,,,,,,,,,,,,,,,,,,,,,,,,,,,,,,,,,,,,,,,,,,,,,,,,,,,,,,,,,,,,,,,,,,,,,,,,,,,,,,,,,,,,,,,,,,,,,,,,,,,,,,,,,,,,,,,,,,,,,,,,,,,,,,,,,,,,,,,,,48509,"<span lang=""EN-GB"">Suppose you want to find a route to home while walking on a street with your close friends.<o:p></o:p></span>"
10/27/2018 0:17,10/27/2018 0:17,0,108.91.68.163,100,29,1,10/27/2018 0:17,R_3HnxgNLA5BciJ3d,,,,,37.34759521,-121.887001,anonymous,EN,"1,2",,,,,,,,,,,,,,,,,,,,,,,,,,,,,,,,,,,,,,,,,,,,,,,,,,,,,,,,,,,,,,,,,,,,,,,,,,,,,,,,,,,,,,,,,,,,,,,,,,,,,,,,,,,,,,,,,,,,,,,,,,,,,,,,,,,,,,,,,,,,,,,,,,,,,,,,,,,,,,,,,,,,,,,,,,,,,,,,,,,,,,,,,,,,,,,,,,,,,,,,,,,,,,,,,,,49054,"<span lang=""EN-GB"">Suppose you want to a send an email when you are surrounded with people you are close to (e.g., friends, family members) at your home.<strong><o:p></o:p></strong></span>"
10/27/2018 0:44,10/27/2018 0:50,0,24.121.147.25,100,322,1,10/27/2018 0:50,R_3hlk6rPRf58XH4K,,,,,35.18589783,-111.6620026,anonymous,EN,"1,2,4",2,,5,,"1,3",,3,,2,,2,5,,5,,3,6,,2,,7,,2,,1,,4,,,,,,,,,,,,,,,,,,,,,,,,,,,,,,,,,,,,,,,,,,,,,,,,,,,,,,,,,,,,,,,,,,,,,,,,,,,,,,,,,,,,,,,,,,,,,,,,,,,,,,,,,,,,,,,,,,,,,,,,,,,,,,,,,,,,,,,,,,,,,,,,,,,,,,,,,,,,,,,,,,,,,,,,,,,,,,,,,,,,,,,,34269,"<span lang=""EN-GB"">Suppose you want to read a digital document when you are in a park with people you know (e.g., acquaintances, colleagues).<o:p></o:p></span>"
10/27/2018 1:47,10/27/2018 1:55,0,192.80.139.37,100,450,1,10/27/2018 1:55,R_3mkjDnsk13Kjt3v,,,,,34.0007019,-81.03479767,anonymous,EN,"1,2,3,4","2,3,4,5",,"1,2,3",,"1,2,3,4",,1,,"2,3",,"1,2","1,2,3",,"2,3",,"1,2,3","2,3",,"1,2",,"2,3,4",,"1,2",,"2,3",,"1,2",,,,,,,,,,,,,,,,,,,,,,,,,,,,,,,,,,,,,,,,,,,,,,,,,,,,,,,,,,,,,,,,,,,,,,,,,,,,,,,,,,,,,,,,,,,,,,,,,,,,,,,,,,,,,,,,,,,,,,,,,,,,,,,,,,,,,,,,,,,,,,,,,,,,,,,,,,,,,,,,,,,,,,,,,,,,,,,,,,,,,,,,11982,"<span lang=""EN-GB"">Suppose you have planned to meet a friend next week and you want to&nbsp;put this on your calendar </span><span lang=""EN-GB"">when</span><span lang=""EN-GB""> you are surrounded by people you know (e.g., acquaintances, colleagues) at your home.</span><span lang=""EN-GB""><o:p></o:p></span>"
10/27/2018 1:55,10/27/2018 1:56,0,23.88.172.215,100,71,1,10/27/2018 1:56,R_3FJ4a0ifFNOIlrK,,,,,41.82400513,-71.41280365,anonymous,EN,"1,3,4,5,6",1,,1,,4,,1,,3,,1,3,,3,,3,1,,1,,2,,2,,3,,1,,,,,,,,,,,,,,,,,,,,,,,,,,,,,,,,,,,,,,,,,,,,,,,,,,,,,,,,,,,,,,,,,,,,,,,,,,,,,,,,,,,,,,,,,,,,,,,,,,,,,,,,,,,,,,,,,,,,,,,,,,,,,,,,,,,,,,,,,,,,,,,,,,,,,,,,,,,,,,,,,,,,,,,,,,,,,,,,,,,,,,,,54251,"<span lang=""EN-GB"">Suppose you want to watch some video when you are alone in a park.<o:p></o:p></span>"
10/20/2018 10:46,10/27/2018 1:56,0,198.56.160.82,100,573038,1,10/27/2018 1:56,R_r2PnpPII7SfvNaV,,,,,45.78329468,-108.5007019,anonymous,EN,"1,2,3,4,5,6",3,,"2,3",,3,,1,,3,,2,"2,3",,2,,"2,3",1,,2,,"2,3",,2,,2,,"1,2",,"1,2,3,4,5,6","2,3",,"2,3",,"3,4",,1,,"3,4",,"2,3","2,3",,"1,2",,"2,3",,"1,3",,"2,3",,"1,2",,"1,2,3",,"1,2",,"1,2",,"3,4",,"2,3",,"2,3",,1,,"3,4",,"1,2","2,3",,"2,3",,"2,3",,"1,3",,"2,3",,"1,2",,"2,4",,"1,2",,"1,2",,"1,3",,"2,3",,"1,2",,3,,"1,2,3",,4,"1,2",,"1,2",,"1,2",,"1,3",,"2,3",,"1,2",,"1,3",,"1,2",,"1,2",,"3,4,5",,"2,3",,"2,3",,1,,"3,4",,"1,3","1,2",,"2,3",,"2,3",,"2,3",,"2,3,4",,"1,2,3",,"3,4",,"2,3",,"1,2",,"2,4",,"1,3",,"2,4",,1,,"2,3,4",,"1,2",2,,"2,3",,"2,3",,"2,3",,"2,3",,"1,2",,"1,2",,"1,3",,"1,2",,"2,4",,"2,3",,"1,2,3",,1,,"3,4",,"1,3","2,3",,"2,3",,"2,3",,"2,4",,"2,3",,"1,2",,"2,3",,"2,3",,"1,2",,,,,,,,,79923,"<span lang=""EN-GB"">Suppose you want to browse the internet when you are at home with people you are close to (e.g., friends, family members)<strong><o:p></o:p></strong></span>"
10/27/2018 1:55,10/27/2018 1:58,0,192.80.139.37,100,197,1,10/27/2018 1:58,R_3gNvWl47U9zByoV,,,,,34.0007019,-81.03479767,anonymous,EN,"1,2,3,4",3,,2,,3,,1,,3,,2,2,,2,,2,3,,2,,2,,2,,2,,1,,3,,,,,,,,,,,,,,,,,,,,,,,,,,,,,,,,,,,,,,,,,,,,,,,,,,,,,,,,,,,3,,3,,2,,1,,4,,2,2,,2,,1,,3,,1,,1,,3,,2,,1,,,,,,,,,,,,,,,,,,,,,,,,,,,,,,,,,,,,,,,,,,,,,,,,,,,,,,,,,,,,,,,,,,,,,,,,,,,,,,,,,,,,,,,,,,,,,,,,44932,"<span lang=""EN-GB"">Suppose
     you want to read a digital document when you are at Starbucks.<o:p></o:p></span>"
10/27/2018 2:16,10/27/2018 2:19,0,223.228.142.37,100,202,1,10/27/2018 2:19,R_1lu6WYqWCg1SuaA,,,,,13.08329773,80.28329468,anonymous,EN,"1,2,3,4,6",1,,3,,4,,1,,"3,4",,1,3,,2,,4,1,,1,,"2,3,4",,"1,2",,"1,2",,2,,,,,,,,,,,,,,,,,,,,,,,,,,,,,,,,,,,,,,,,,,,,,,,,,,,,,,,,,,,,,,,,,,,,,,,,,,,,,,,,,,,,,,,,,,,,,,,,,,,,,,,,,,,,,,,,,,,,,,,,,,,,,,,,,,,,,,,,,,,,,,,,,,,,,,,,,,,,,,,,,,,,,,,,,,,,,,,,,,,,,,,,17284,"<span lang=""EN-GB"">Suppose
     you want to a send a text message when you are surrounded by people you
     know (e.g., acquaintances, colleagues) at your home.<o:p></o:p></span>"
10/27/2018 2:42,10/27/2018 2:57,0,24.20.55.124,100,915,1,10/27/2018 2:57,R_TooNOGUTXINSzMl,,,,,45.48399353,-122.5973053,anonymous,EN,"1,2,3","2,3,4,5,6",eye tracking,1,,"1,3",,"1,2",Not stopping function of other tasks & apps,3,,"2,3","1,2,3,4",To know owns the app I'm being pressured to download,"1,2",,"2,3","1,2,3",,"1,2",,"1,3,4",,"1,2",,"2,3",,1,,2,,,,,,,,,,,,,,,,,,,,,,,,,,,,,,"2,5",,1,,"1,3",,1,,3,,1,"1,2,3",,"1,2",,5,,"1,2,3",,"1,3",,2,,"1,3",,"1,2",,4,,,,,,,,,,,,,,,,,,,,,,,,,,,,,,,,,,,,,,,,,,,,,,,,,,,,,,,,,,,,,,,,,,,,,,,,,,,,,,,,,,,,,,,,,,,,,,,,,,,,,,,,,,,,,,,,,,,,,,,,,,,,,45212,"<span lang=""EN-GB"">Suppose
     you want to watch some video when you are alone at Starbucks.<o:p></o:p></span>"
10/27/2018 3:29,10/27/2018 3:36,0,149.101.1.115,100,386,1,10/27/2018 3:36,R_3Ecn59l9xovNCJW,,,,,38.89509583,-77.03639984,anonymous,EN,"2,5,6","2,3,4,5",,1,,"1,2,3",,1,,1,,3,1,,2,,2,"2,3",,"1,2",,"1,4",,"1,2",,3,,2,,,,,,,,,,,,,,,,,,,,,,,,,,,,,,,,,,,,,,,,,,,,,,,,,,,,,,,,,,,,,,,,,,,,,,,,,,,,,,,,,,,,,,,,,,,,,,,,,,,,,,,,,,,,,,,,,,,,,,,,,,,,,,,,,,,,,,,,,,,,,,,,,,,,,,,,,,,,,,,,,,,,,,,,,,,,,,,,,,,,,,,,50912,"<span lang=""EN-GB"">Suppose you want to a send a text message when you are surrounded with people you are close to (e.g., friends, family members) at your home.<strong><o:p></o:p></strong></span>"
10/27/2018 4:03,10/27/2018 4:04,0,74.50.118.217,100,21,1,10/27/2018 4:04,R_1ohevgcfHNmEe4d,,,,,28.00909424,-82.50340271,anonymous,EN,1,,,,,,,,,,,,,,,,,,,,,,,,,,,,,,,,,,,,,,,,,,,,,,,,,,,,,,,,,,,,,,,,,,,,,,,,,,,,,,,,,,,,,,,,,,,,,,,,,,,,,,,,,,,,,,,,,,,,,,,,,,,,,,,,,,,,,,,,,,,,,,,,,,,,,,,,,,,,,,,,,,,,,,,,,,,,,,,,,,,,,,,,,,,,,,,,,,,,,,,,,,,,,,,,,,,62375,"<span lang=""EN-GB"">Suppose
     you want to read a digital document) when you are at home with people you
     know (e.g., acquaintances, colleagues).<o:p></o:p></span>"
10/27/2018 4:10,10/27/2018 4:10,0,172.245.158.139,100,17,1,10/27/2018 4:10,R_ysvmTe69OpEQLAJ,,,,,42.88639832,-78.87809753,anonymous,EN,"1,2",,,,,,,,,,,,,,,,,,,,,,,,,,,,,,,,,,,,,,,,,,,,,,,,,,,,,,,,,,,,,,,,,,,,,,,,,,,,,,,,,,,,,,,,,,,,,,,,,,,,,,,,,,,,,,,,,,,,,,,,,,,,,,,,,,,,,,,,,,,,,,,,,,,,,,,,,,,,,,,,,,,,,,,,,,,,,,,,,,,,,,,,,,,,,,,,,,,,,,,,,,,,,,,,,,,70168,"Suppose you are alone at home, you want to take a break from studying/working&nbsp;<p>so you decide to play a video game with some with some people you know (e.g., acquaintances, colleagues).<o:p></o:p></p>"
10/27/2018 4:10,10/27/2018 4:27,0,172.245.158.139,100,994,1,10/27/2018 4:27,R_2tnUMRn61Jl4uCG,,,,,42.88639832,-78.87809753,anonymous,EN,"1,2,3,4,6","1,2",,1,,"2,3",,1,,1,,1,"1,2",,1,,1,"2,4",,"1,2",,"2,3",,"1,2",,1,,2,,"1,2,4","1,5",,"2,3",,"2,3,4",,3,,"3,4",,"2,3","2,3",,"1,2,3",,"2,3",,"1,2,3,4",,"1,2,4",,5,,"2,4",,"2,3",,4,,2,,1,,"1,2",,1,,1,,"1,3","1,2",,"1,2",,"1,2",,"2,4",,"2,3",,"1,2",,"2,3",,1,,2,,,,,,,,,,,,,,,,,,,,,,,,,,,,,,,"1,2,5",,"1,3",,"2,3",,3,,"3,4",,"2,3","1,2,3",,"2,3",,"2,3",,"2,3,4",,"1,2,3",,"2,3",,"1,2,3,4",,"1,2",,2,,,,,,,,,,,,,,,,,,,,,,,,,,,,,,,,,,,,,,,,,,,,,,,,,,,,,,,,,,,,,,,,,,,16652,"<span lang=""EN-GB"">Suppose
     you are at a park and you realize today is the last day to pay one of your
     bills online.<o:p></o:p></span>"
10/27/2018 4:55,10/27/2018 4:55,0,104.200.37.120,100,17,1,10/27/2018 4:55,R_1hT5FUV0d5wVSuK,,,,,35.66650391,-97.4654007,anonymous,EN,4,,,,,,,,,,,,,,,,,,,,,,,,,,,,,,,,,,,,,,,,,,,,,,,,,,,,,,,,,,,,,,,,,,,,,,,,,,,,,,,,,,,,,,,,,,,,,,,,,,,,,,,,,,,,,,,,,,,,,,,,,,,,,,,,,,,,,,,,,,,,,,,,,,,,,,,,,,,,,,,,,,,,,,,,,,,,,,,,,,,,,,,,,,,,,,,,,,,,,,,,,,,,,,,,,,,47792,"<span lang=""EN-GB"">Suppose you want to browse the internet when you are at home with people you know (e.g., acquaintances, colleagues).<o:p></o:p></span>"
10/27/2018 5:00,10/27/2018 5:01,0,97.88.229.41,100,42,1,10/27/2018 5:01,R_3KN3YeOoc18IjS1,,,,,44.04960632,-92.48960114,anonymous,EN,3,,,,,,,,,,,,,,,,,,,,,,,,,,,,,,,,,,,,,,,,,,,,,,,,,,,,,,,,,,,,,,,,,,,,,,,,,,,,,,,,,,,,,,,,,,,,,,,,,,,,,,,,,,,,,,,,,,,,,,,,,,,,,,,,,,,,,,,,,,,,,,,,,,,,,,,,,,,,,,,,,,,,,,,,,,,,,,,,,,,,,,,,,,,,,,,,,,,,,,,,,,,,,,,,,,,49678,"<span lang=""EN-GB"">Suppose
     you want to a send a text message when you with people you know (e.g., acquaintances,
     colleagues) at a street<strong>.</strong><o:p></o:p></span>"
10/27/2018 5:06,10/27/2018 5:24,0,76.112.239.203,100,1120,1,10/27/2018 5:24,R_2CwVxq9DGINE7Mm,,,,,42.33580017,-83.38459778,anonymous,EN,"1,2,3,4,5",2,,3,,"1,2,3",,3,,3,,3,"1,2,3",,"1,2,3",,3,"1,2",,1,,"1,3",,1,,"1,2,3",,4,,"2,4,5",,,,,,,,,,,,,,,,,,,,,,,,,,,,,,"1,2,5",,3,,"1,2,3,4",,1,,2,,"1,2","1,2,3",,"1,2",,2,,"1,2",,"1,3,4",,1,,"1,3,4",,"1,2,3",,"1,2",,,,,,,,,,,,,,,,,,,,,,,,,,,,,,,"2,5",,"1,2,3",,"1,2,3",,1,,1,,3,"1,2,3",,2,,5,,"1,2,3",,"3,4",,1,,"1,3,4",,"1,2",,2,,1,,"1,2",,1,,3,,6,,4,"2,3",,5,,5,,6,,2,,5,,2,,5,,4,,,,,,,,,,,,,,,,,,,,,,,,,,,,,,,,,,,,,,49461,"<span lang=""EN-GB"">Suppose you want to set up a reminder when you are at a park with close friends.<o:p></o:p></span>"
10/27/2018 5:24,10/27/2018 5:24,0,69.23.68.84,100,12,1,10/27/2018 5:24,R_2e8y2Y9pFW92N17,,,,,44.438797,-88.08059692,anonymous,EN,"1,2",,,,,,,,,,,,,,,,,,,,,,,,,,,,,,,,,,,,,,,,,,,,,,,,,,,,,,,,,,,,,,,,,,,,,,,,,,,,,,,,,,,,,,,,,,,,,,,,,,,,,,,,,,,,,,,,,,,,,,,,,,,,,,,,,,,,,,,,,,,,,,,,,,,,,,,,,,,,,,,,,,,,,,,,,,,,,,,,,,,,,,,,,,,,,,,,,,,,,,,,,,,,,,,,,,,48922,"<span lang=""EN-GB"">Suppose
     you want to a send a text message when you are alone at home<strong><o:p></o:p></strong></span>"
10/27/2018 5:33,10/27/2018 5:34,0,74.98.198.145,100,64,1,10/27/2018 5:34,R_1onAmlJuQlcFQkd,,,,,40.42900085,-79.76229858,anonymous,EN,"1,2,3,4,5,6",1,,2,,1,,1,,1,,2,1,,1,,1,2,,1,,2,,2,,1,,2,,,,,,,,,,,,,,,,,,,,,,,,,,,,,,,,,,,,,,,,,,,,,,,,,,,,,,,,,,,,,,,,,,,,,,,,,,,,,,,,,,,,,,,,,,,,,,,,,,,,,,,,,,,,,,,,,,,,,,,,,,,,,,,,,,,,,,,,,,,,,,,,,,,,,,,,,,,,,,,,,,,,,,,,,,,,,,,,,,,,,,,,14544,"<span lang=""EN-GB"">Suppose you want to listen to some audio when you are alone in a park.<o:p></o:p></span>"
10/27/2018 5:35,10/27/2018 5:35,0,98.230.44.126,100,23,1,10/27/2018 5:35,R_33C0F0YnPY9Qzpi,,,,,30.48739624,-84.31890106,anonymous,EN,"1,2",,,,,,,,,,,,,,,,,,,,,,,,,,,,,,,,,,,,,,,,,,,,,,,,,,,,,,,,,,,,,,,,,,,,,,,,,,,,,,,,,,,,,,,,,,,,,,,,,,,,,,,,,,,,,,,,,,,,,,,,,,,,,,,,,,,,,,,,,,,,,,,,,,,,,,,,,,,,,,,,,,,,,,,,,,,,,,,,,,,,,,,,,,,,,,,,,,,,,,,,,,,,,,,,,,,90204,"<span lang=""EN-GB"">Suppose you are at a coffee shop, you have just read a book you loved and now&nbsp;</span>you want to write a review for it to share with your close family and friends."
10/27/2018 5:30,10/27/2018 5:45,0,47.192.90.150,100,927,1,10/27/2018 5:45,R_d13DBFfq6NK5lVD,,,,,27.78979492,-82.72429657,anonymous,EN,"1,2,3,4,6",1,,"1,2",,2,,1,,1,,3,"1,2,3",,3,,3,6,,1,,"2,4,6",,1,,"2,3",,4,,"2,6",,,,,,,,,,,,,,,,,,,,,,,,,,,,,,"1,2",,1,,2,,1,,1,,3,1,,3,,3,,4,,6,,1,,6,,3,,4,,,,,,,,,,,,,,,,,,,,,,,,,,,,,,,,,,,,,,,,,,,,,,,,,,,,,,,,,,,,,,,,,,,,,,,,,,,,,,,,,,,,,,,,,2,,3,,3,,1,,1,,3,3,,3,,3,,2,,6,,1,,6,,2,,4,,male,34,IT Security Analyst,6,4,,6,75468,"<span lang=""EN-GB"">Suppose
     you want to set up a reminder when you are with people you know (e.g.,
     acquaintances, colleagues) at your home.<o:p></o:p></span>"
10/27/2018 5:53,10/27/2018 5:58,0,172.126.0.46,100,318,1,10/27/2018 5:58,R_3QGDXkd7IhcbjBw,,,,,34.0756073,-89.88770294,anonymous,EN,"1,2,3,4,6","2,3,5",,"1,2,3",,"1,2,3,4",,3,,1,,2,"1,2,3",,2,,"1,2",3,,"1,2",,"1,3,4",,"1,2",,"1,2,3",,4,,,,,,,,,,,,,,,,,,,,,,,,,,,,,,,,,,,,,,,,,,,,,,,,,,,,,,,,,,,,,,,,,,,,,,,,,,,,,,,,,,,,,,,,,,,,,,,,,,,,,,,,,,,,,,,,,,,,,,,,,,,,,,,,,,,,,,,,,,,,,,,,,,,,,,,,,,,,,,,,,,,,,,,,,,,,,,,,,,,,,,,,35465,"<span lang=""EN-GB"" style=""font-size:11.0pt;line-height:115%;
font-family:&quot;Arial&quot;,sans-serif;mso-fareast-font-family:Arial;mso-ansi-language:
EN-GB;mso-fareast-language:EN-US;mso-bidi-language:AR-SA"">Suppose you want to check your social media when you are alone in a park.</span>"
10/27/2018 6:01,10/27/2018 6:01,0,24.145.87.106,100,37,1,10/27/2018 6:01,R_C9AIwOxCF2a3iaB,,,,,33.52600098,-81.79560089,anonymous,EN,"1,2,3,4,5,6","3,5",,3,,"2,3",,1,,"3,4",,3,"1,2",,2,,2,2,,1,,2,,"2,3",,2,,1,,,,,,,,,,,,,,,,,,,,,,,,,,,,,,,,,,,,,,,,,,,,,,,,,,,,,,,,,,,,,,,,,,,,,,,,,,,,,,,,,,,,,,,,,,,,,,,,,,,,,,,,,,,,,,,,,,,,,,,,,,,,,,,,,,,,,,,,,,,,,,,,,,,,,,,,,,,,,,,,,,,,,,,,,,,,,,,,,,,,,,,,16425,"<span lang=""EN-GB"" style=""font-size:11.0pt;line-height:115%;
font-family:&quot;Arial&quot;,sans-serif;mso-fareast-font-family:Arial;mso-ansi-language:
EN-GB;mso-fareast-language:EN-US;mso-bidi-language:AR-SA"">Suppose you want to
take a click a photo when you are at Starbucks.</span>"
10/27/2018 6:03,10/27/2018 6:07,0,68.44.4.49,100,227,1,10/27/2018 6:07,R_88oWyuaZSqhjakF,,,,,40.13090515,-85.6536026,anonymous,EN,"2,3,4",2,,3,,2,,1,,1,,3,3,,3,,2,2,,2,,6,,2,,5,,2,,,,,,,,,,,,,,,,,,,,,,,,,,,,,,,,,,,,,,,,,,,,,,,,,,,,,,,,,,,,,,,,,,,,,,,,,,,,,,,,,,,,,,,,,,,,,,,,,,,,,,,,,,,,,,,,,,,,,,,,,,,,,,,,,,,,,,,,,,,,,,,,,,,,,,,,,,,,,,,,,,,,,,,,,,,,,,,,,,,,,,,,11972,"<span lang=""EN-GB"">Suppose
     you are at starbucks and you realize today is the last day to pay one of
     your bills online.<o:p></o:p></span>"
10/27/2018 6:11,10/27/2018 6:11,0,50.80.221.27,100,11,1,10/27/2018 6:11,R_3rM5jcpgnqMNI9r,,,,,41.49060059,-90.4980011,anonymous,EN,1,,,,,,,,,,,,,,,,,,,,,,,,,,,,,,,,,,,,,,,,,,,,,,,,,,,,,,,,,,,,,,,,,,,,,,,,,,,,,,,,,,,,,,,,,,,,,,,,,,,,,,,,,,,,,,,,,,,,,,,,,,,,,,,,,,,,,,,,,,,,,,,,,,,,,,,,,,,,,,,,,,,,,,,,,,,,,,,,,,,,,,,,,,,,,,,,,,,,,,,,,,,,,,,,,,,35241,"<span lang=""EN-GB"">Suppose
     you want to listen to some audio when you are at home with people you are
     close to (e.g., friends, family members).<strong><o:p></o:p></strong></span>"
10/27/2018 6:23,10/27/2018 6:23,0,104.129.196.213,100,5,1,10/27/2018 6:23,R_x9FhTTFCNCI5PLr,,,,,38.65820313,-77.24970245,anonymous,EN,3,,,,,,,,,,,,,,,,,,,,,,,,,,,,,,,,,,,,,,,,,,,,,,,,,,,,,,,,,,,,,,,,,,,,,,,,,,,,,,,,,,,,,,,,,,,,,,,,,,,,,,,,,,,,,,,,,,,,,,,,,,,,,,,,,,,,,,,,,,,,,,,,,,,,,,,,,,,,,,,,,,,,,,,,,,,,,,,,,,,,,,,,,,,,,,,,,,,,,,,,,,,,,,,,,,,17530,"<span lang=""EN-GB"">Suppose
     you want&nbsp; to a send a text message
     when you are walking with a very close friend on a street<o:p></o:p></span>"
10/27/2018 6:25,10/27/2018 6:25,0,74.250.163.75,100,21,1,10/27/2018 6:25,R_21p9uKUJ8PUJ5fj,,,,,35.36129761,-82.42639923,anonymous,EN,3,,,,,,,,,,,,,,,,,,,,,,,,,,,,,,,,,,,,,,,,,,,,,,,,,,,,,,,,,,,,,,,,,,,,,,,,,,,,,,,,,,,,,,,,,,,,,,,,,,,,,,,,,,,,,,,,,,,,,,,,,,,,,,,,,,,,,,,,,,,,,,,,,,,,,,,,,,,,,,,,,,,,,,,,,,,,,,,,,,,,,,,,,,,,,,,,,,,,,,,,,,,,,,,,,,,34021,"<span lang=""EN-GB"">Suppose
     you want to listen to some audio when you with people you know (e.g.,
     acquaintances, colleagues) at Starbucks<o:p></o:p></span>"
10/27/2018 6:26,10/27/2018 6:26,0,74.250.163.75,100,12,1,10/27/2018 6:26,R_3aDEOttpIbIL0gp,,,,,35.36129761,-82.42639923,anonymous,EN,1,,,,,,,,,,,,,,,,,,,,,,,,,,,,,,,,,,,,,,,,,,,,,,,,,,,,,,,,,,,,,,,,,,,,,,,,,,,,,,,,,,,,,,,,,,,,,,,,,,,,,,,,,,,,,,,,,,,,,,,,,,,,,,,,,,,,,,,,,,,,,,,,,,,,,,,,,,,,,,,,,,,,,,,,,,,,,,,,,,,,,,,,,,,,,,,,,,,,,,,,,,,,,,,,,,,1601,"<span lang=""EN-GB"">Suppose
     you want to listen to some audio when you are with people you know (e.g.,
     acquaintances, colleagues) at your home.<o:p></o:p></span>"
10/27/2018 6:26,10/27/2018 6:26,0,74.250.163.75,100,16,1,10/27/2018 6:26,R_A7Ikonrhn05fEYx,,,,,35.36129761,-82.42639923,anonymous,EN,5,,,,,,,,,,,,,,,,,,,,,,,,,,,,,,,,,,,,,,,,,,,,,,,,,,,,,,,,,,,,,,,,,,,,,,,,,,,,,,,,,,,,,,,,,,,,,,,,,,,,,,,,,,,,,,,,,,,,,,,,,,,,,,,,,,,,,,,,,,,,,,,,,,,,,,,,,,,,,,,,,,,,,,,,,,,,,,,,,,,,,,,,,,,,,,,,,,,,,,,,,,,,,,,,,,,15376,"<span lang=""EN-GB"">Suppose
     you want to purchase something online when you are with people you know
     (e.g., acquaintances, colleagues) at your home.<o:p></o:p></span>"
10/27/2018 6:26,10/27/2018 6:27,0,74.250.163.75,100,21,1,10/27/2018 6:27,R_3MhtnnWmaNOTBDi,,,,,35.36129761,-82.42639923,anonymous,EN,4,,,,,,,,,,,,,,,,,,,,,,,,,,,,,,,,,,,,,,,,,,,,,,,,,,,,,,,,,,,,,,,,,,,,,,,,,,,,,,,,,,,,,,,,,,,,,,,,,,,,,,,,,,,,,,,,,,,,,,,,,,,,,,,,,,,,,,,,,,,,,,,,,,,,,,,,,,,,,,,,,,,,,,,,,,,,,,,,,,,,,,,,,,,,,,,,,,,,,,,,,,,,,,,,,,,48872,"<span lang=""EN-GB"">Suppose
     you want to a view a text message when you are surrounded with people you
     are close to (e.g., friends, family members) at your home.<strong><o:p></o:p></strong></span>"
10/27/2018 6:27,10/27/2018 6:27,0,74.250.163.75,100,15,1,10/27/2018 6:27,R_10r21eZlKndJF7Q,,,,,35.36129761,-82.42639923,anonymous,EN,6,,,,,,,,,,,,,,,,,,,,,,,,,,,,,,,,,,,,,,,,,,,,,,,,,,,,,,,,,,,,,,,,,,,,,,,,,,,,,,,,,,,,,,,,,,,,,,,,,,,,,,,,,,,,,,,,,,,,,,,,,,,,,,,,,,,,,,,,,,,,,,,,,,,,,,,,,,,,,,,,,,,,,,,,,,,,,,,,,,,,,,,,,,,,,,,,,,,,,,,,,,,,,,,,,,,85910,"<span lang=""EN-GB"">Suppose
     you want to set up a reminder about something when you are at Starbucks by
     yourself.<o:p></o:p></span>"
10/27/2018 6:13,10/27/2018 6:35,0,75.89.177.85,100,1280,1,10/27/2018 6:35,R_1kTySsADlPgA7jb,,,,,38.33259583,-82.94850159,anonymous,EN,"1,2,4",2,,1,,"1,2,3",,1,,"1,3",,"2,3","2,3",,"2,3",,"2,3","1,2",,"1,2",,"1,3",,"1,2",,"1,2",,"1,2",,1,"2,4",,3,,"1,2",,1,,"1,2",,"2,3","1,2",,"2,3",,"2,3",,"2,3",,"3,4",,"1,2",,"1,2",,"1,2",,"1,2",,,,,,,,,,,,,,,,,,,,,,,,,,,,,,,,,,,,,,,,,,,,,,,,,,,,,,,,,,,,,,,,,,,,,,,,,,,,,,,,,,,,,,,,,,,,,,,,,,,,,,,,,,,,,,,,,,,,,,,,,,,,,,,,,,,,,,,,,,,,,,,,,,,,,,,,,,99227,"<span lang=""EN-GB"">Suppose
     you want to watch some video when you are with people you know (e.g.,
     acquaintances, colleagues) at your home.<o:p></o:p></span>"
10/27/2018 6:31,10/27/2018 6:36,0,209.179.56.9,100,297,1,10/27/2018 6:36,R_1LRU2EQ0kKXMb3v,,,,,35.72990417,-78.77349854,anonymous,EN,"2,3,4","1,2,4",,"1,2",,"1,4",,1,,1,,"1,2,3","1,2,3",,"1,2",,"2,3",2,,1,,"2,3",,"1,3",,"2,3",,"1,2",,,,,,,,,,,,,,,,,,,,,,,,,,,,,,,,,,,,,,,,,,,,,,,,,,,,,,,,,,,,,,,,,,,,,,,,,,,,,,,,,,,,,,,,,,,,,,,,,,,,,,,,,,,,,,,,,,,,,,,,,,,,,,,,,,,,,,,,,,,,,,,,,,,,,,,,,,,,,,,,,,,,,,,,,,,,,,,,,,,,,,,,26956,"<span lang=""EN-GB"">Suppose
     you want to purchase something online when you are with people you are
     close to (e.g., friends, family members).<o:p></o:p></span>"
10/27/2018 6:36,10/27/2018 6:37,0,104.168.102.131,100,20,1,10/27/2018 6:37,R_3C7yAQMU1Xqb0dj,,,,,42.88639832,-78.87809753,anonymous,EN,6,,,,,,,,,,,,,,,,,,,,,,,,,,,,,,,,,,,,,,,,,,,,,,,,,,,,,,,,,,,,,,,,,,,,,,,,,,,,,,,,,,,,,,,,,,,,,,,,,,,,,,,,,,,,,,,,,,,,,,,,,,,,,,,,,,,,,,,,,,,,,,,,,,,,,,,,,,,,,,,,,,,,,,,,,,,,,,,,,,,,,,,,,,,,,,,,,,,,,,,,,,,,,,,,,,,75400,"<span lang=""EN-GB"">Suppose you have planned to meet a friend next week and you want to put this on your calendar when you are surrounded by people you know (e.g., acquaintances, colleagues) at a restaurant.<o:p></o:p></span>"
10/27/2018 6:37,10/27/2018 6:37,0,104.168.102.131,100,14,1,10/27/2018 6:37,R_2WCN0Cg97XQ48E0,,,,,42.88639832,-78.87809753,anonymous,EN,3,,,,,,,,,,,,,,,,,,,,,,,,,,,,,,,,,,,,,,,,,,,,,,,,,,,,,,,,,,,,,,,,,,,,,,,,,,,,,,,,,,,,,,,,,,,,,,,,,,,,,,,,,,,,,,,,,,,,,,,,,,,,,,,,,,,,,,,,,,,,,,,,,,,,,,,,,,,,,,,,,,,,,,,,,,,,,,,,,,,,,,,,,,,,,,,,,,,,,,,,,,,,,,,,,,,80580,"<span lang=""EN-GB"">Suppose you want to browse through one of your social media profiles when you&nbsp;</span>are at your home."
10/27/2018 6:37,10/27/2018 6:38,0,104.168.102.131,100,22,1,10/27/2018 6:38,R_Dk4PpIQoZfRazHb,,,,,42.88639832,-78.87809753,anonymous,EN,"4,5",,,,,,,,,,,,,,,,,,,,,,,,,,,,,,,,,,,,,,,,,,,,,,,,,,,,,,,,,,,,,,,,,,,,,,,,,,,,,,,,,,,,,,,,,,,,,,,,,,,,,,,,,,,,,,,,,,,,,,,,,,,,,,,,,,,,,,,,,,,,,,,,,,,,,,,,,,,,,,,,,,,,,,,,,,,,,,,,,,,,,,,,,,,,,,,,,,,,,,,,,,,,,,,,,,,75658,"<span lang=""EN-GB"">Suppose
     you want to purchase something online when you are alone at your home.<o:p></o:p></span>"
10/27/2018 6:37,10/27/2018 6:38,0,104.168.102.131,100,36,1,10/27/2018 6:38,R_24c6bh1nq2MoPBe,,,,,42.88639832,-78.87809753,anonymous,EN,"1,4",,,,,,,,,,,,,,,,,,,,,,,,,,,,,,,,,,,,,,,,,,,,,,,,,,,,,,,,,,,,,,,,,,,,,,,,,,,,,,,,,,,,,,,,,,,,,,,,,,,,,,,,,,,,,,,,,,,,,,,,,,,,,,,,,,,,,,,,,,,,,,,,,,,,,,,,,,,,,,,,,,,,,,,,,,,,,,,,,,,,,,,,,,,,,,,,,,,,,,,,,,,,,,,,,,,36249,"<span lang=""EN-GB"">Suppose
     you want to a send a text message when you are alone at home<strong><o:p></o:p></strong></span>"
10/27/2018 6:37,10/27/2018 6:38,0,104.168.102.131,100,43,1,10/27/2018 6:38,R_1GBRCFMUKAKHuqN,,,,,42.88639832,-78.87809753,anonymous,EN,2,,,,,,,,,,,,,,,,,,,,,,,,,,,,,,,,,,,,,,,,,,,,,,,,,,,,,,,,,,,,,,,,,,,,,,,,,,,,,,,,,,,,,,,,,,,,,,,,,,,,,,,,,,,,,,,,,,,,,,,,,,,,,,,,,,,,,,,,,,,,,,,,,,,,,,,,,,,,,,,,,,,,,,,,,,,,,,,,,,,,,,,,,,,,,,,,,,,,,,,,,,,,,,,,,,,1453,"<span lang=""EN-GB"">Suppose
     you want to purchase something online when you are alone at your home.<o:p></o:p></span>"
10/27/2018 6:44,10/27/2018 6:51,0,50.111.3.251,100,462,1,10/27/2018 6:51,R_1lfKXX5BZIralyj,,,,,35.18099976,-83.3884964,anonymous,EN,"1,2,4",2,,3,,2,,1,,2,,3,1,,3,,2,3,,2,,3,,1,,1,,2,,,,,,,,,,,,,,,,,,,,,,,,,,,,,,,,,,,,,,,,,,,,,,,,,,,,,,,,,,,,,,,,,,,,,,,,,,,,,,,,,,,,,,,,,,,,,,,,,,,,,,,,,,,,,,,,,,,,,,,,,,,,,,,,,,,,,,,,,,,,,,,,,,,,,,,,,,,,,,,,,,,,,,,,,,,,,,,,,,,,,,,,5888,"<span lang=""EN-GB"">Suppose
     you want to call your mother for sharing an important update about your
     life&nbsp; when you are alone at a park<o:p></o:p></span>"
10/25/2018 8:49,10/27/2018 6:59,0,172.82.162.82,100,166156,1,10/27/2018 6:59,R_3D6nJ0EOhHWGN7O,,,,,34.0493927,-118.2640991,anonymous,EN,"2,5,6","2,3,4",,3,,"1,3",,1,,"2,3,4",,"1,2","1,2,3",,"1,3",,"1,2",1,,1,,1,,2,,2,,"1,2",,,,,,,,,,,,,,,,,,,,,,,,,,,,,,,,,,,,,,,,,,,,,,,,,,,,,,,,,,,,,,,,,,,,,,,,,,,,,,,,,,,,,,,,,,,,,,,,,,,,,,,,,,,,,,,,,,,,,,,,,,,,,,,,,,,,,,,,,,,,,,,,,,,,,,,,,,,,,,,,,,,,,,,,,,,,,,,,,,,,,,,,66392,"<span lang=""EN-GB"">Suppose
     you want to listen to some audio when you with people you know (e.g.,
     acquaintances, colleagues) at Starbucks<o:p></o:p></span>"
10/27/2018 7:07,10/27/2018 7:14,0,41.225.16.26,100,398,1,10/27/2018 7:14,R_p49LyWuKRGBojiF,,,,,34,9,anonymous,EN,"1,2,4,5",2,,1,,1,,1,,1,,1,2,,2,,1,1,,1,,"1,3",,1,,2,,2,,2,,,,,,,,,,,,,,,,,,,,,,,,,,,,,,2,,1,,1,,1,,1,,1,2,,2,,2,,1,,1,,"1,2",,"1,4",,2,,2,,,,,,,,,,,,,,,,,,,,,,,,,,,,,,,,,,,,,,,,,,,,,,,,,,,,,,,,,,,,,,,,,,,,,,,,,,,,,,,,,,,,,,,,,,,,,,,,,,,,,,,,,,,,,,,,,,,,,,,,,,,,,66767,"<span lang=""EN-GB"">Suppose
     you want to a view a text message
     when you are walking with a very close friend on a street<o:p></o:p></span>"
10/27/2018 7:16,10/27/2018 7:26,0,24.237.158.5,100,621,1,10/27/2018 7:26,R_2ctSbCLx3OdVI7Y,,,,,61.21809387,-149.9002991,anonymous,EN,"1,2,4",2,,1,,"1,2",,1,,1,,1,"1,2,3",,1,,1,2,,2,,1,,"1,2",,"1,2",,2,,,,,,,,,,,,,,,,,,,,,,,,,,,,,,,,,,,,,,,,,,,,,,,,,,,,,,,,,,,,,,,,,,,,,,,,,,,,,,,,,,,,,,,,,,,,,,,,,,,,,,,,,,,,,,,,,,,,,,,,,,,,,,,,,,,,,,,,,,,,,,,,,,,,,,,,,,,,,,,,,,,,,,,,,,,,,,,,,,,,,,,,92250,"Suppose you want to purchase something (e.g., book,
     household items) online when you are with people
     you know (e.g., acquaintances, colleagues) at
     Starbucks.<o:p></o:p>"
10/27/2018 7:31,10/27/2018 7:34,0,50.227.47.114,100,151,1,10/27/2018 7:34,R_2U3f3TnCgfEfvaz,,,,,40.44059753,-79.99590302,anonymous,EN,"1,2,3,4","1,2,3,5",,1,,"2,3",,1,,1,,"1,2","2,3",,2,,1,"2,3",,"1,2",,3,,1,,4,the strength of the wifi signal,2,,,,,,,,,,,,,,,,,,,,,,,,,,,,,,,,,,,,,,,,,,,,,,,,,,,,,,,,,,,,,,,,,,,,,,,,,,,,,,,,,,,,,,,,,,,,,,,,,,,,,,,,,,,,,,,,,,,,,,,,,,,,,,,,,,,,,,,,,,,,,,,,,,,,,,,,,,,,,,,,,,,,,,,,,,,,,,,,,,,,,,,,71925,"<span lang=""EN-GB"">Suppose
     you are at a park with your close friends and you realize today is the
     last day to pay one of your bills online.<o:p></o:p></span>"
10/20/2018 7:33,10/20/2018 7:35,0,107.77.223.23,87,119,0,10/27/2018 7:35,R_DOboowToPzHguGJ,,,,,,,anonymous,EN,"1,2,3,4,5,6",1,,1,,1,,1,,1,,1,1,,1,,1,1,,"1,2",,1,,2,,1,,1,,,,,,,,,,,,,,,,,,,,,,,,,,,,,,,,,,,,,,,,,,,,,,,,,,,,,,,,,,,,,,,,,,,,,,,,,,,,,,,,,,,,,,,,,,,,,,,,,,,,,,,,,,,,,,,,,,,,,,,,,,,,,,,,,,,,,,,,,,,,,,,,,,,,,,,,,,,,,,,,,,,,,,,,,,,,,,,,,,,,,,,,60935,"<span lang=""EN-GB"">Suppose
     you want to set up a reminder when you are at home with people you are
     close to (e.g., friends, family members).<strong><o:p></o:p></strong></span>"
10/27/2018 7:34,10/27/2018 7:36,0,50.227.47.114,100,118,1,10/27/2018 7:36,R_3szATBg6lvFgAIv,,,,,40.44059753,-79.99590302,anonymous,EN,"1,2,3,4","2,5",,1,,"1,2,3",,3,,1,,1,3,,5,,4,6,,5,,7,,5,,"1,2",,2,,,,,,,,,,,,,,,,,,,,,,,,,,,,,,,,,,,,,,,,,,,,,,,,,,,,,,,,,,,,,,,,,,,,,,,,,,,,,,,,,,,,,,,,,,,,,,,,,,,,,,,,,,,,,,,,,,,,,,,,,,,,,,,,,,,,,,,,,,,,,,,,,,,,,,,,,,,,,,,,,,,,,,,,,,,,,,,,,,,,,,,,24658,"<span lang=""EN-GB"">Suppose
     you want to a view a text message when you are surrounded by people you
     know (e.g., acquaintances, colleagues) at your home.<o:p></o:p></span>"
10/27/2018 7:48,10/27/2018 7:54,0,73.38.16.11,100,342,1,10/27/2018 7:54,R_3iyCdPMXlCv8yGh,,,,,41.56619263,-72.34410095,anonymous,EN,"1,2,3,4,6",5,,5,,"1,2",,1,,1,,1,1,,5,,1,6,,5,,6,,5,,5,,4,,2,,,,,,,,,,,,,,,,,,,,,,,,,,,,,,5,,5,,6,,1,,1,,1,1,,5,,5,,6,,6,,1,,6,,5,,2,,,,,,,,,,,,,,,,,,,,,,,,,,,,,,,,,,,,,,,,,,,,,,,,,,,,,,,,,,,,,,,,,,,,,,,,,,,,,,,,,,,,,,,,,,,,,,,,,,,,,,,,,,,,,,,,,,,,,,male,31,financial,6,1,,4,21918,"<span lang=""EN-GB"">Suppose you want to browse the internet when you are with your close friends at a park.<o:p></o:p></span>"
10/27/2018 7:56,10/27/2018 7:56,0,136.62.151.50,100,30,1,10/27/2018 7:56,R_26f4HJr7TM7wBuL,,,,,30.23150635,-97.72229767,anonymous,EN,"2,4",,,,,,,,,,,,,,,,,,,,,,,,,,,,,,,,,,,,,,,,,,,,,,,,,,,,,,,,,,,,,,,,,,,,,,,,,,,,,,,,,,,,,,,,,,,,,,,,,,,,,,,,,,,,,,,,,,,,,,,,,,,,,,,,,,,,,,,,,,,,,,,,,,,,,,,,,,,,,,,,,,,,,,,,,,,,,,,,,,,,,,,,,,,,,,,,,,,,,,,,,,,,,,,,,,,14833,"<span lang=""EN-GB"">Suppose
     you want to set up a reminder when you are alone at your home.<strong><o:p></o:p></strong></span>"
10/27/2018 8:07,10/27/2018 8:07,0,24.236.68.163,100,20,1,10/27/2018 8:07,R_2BkYWRYhSOrwohr,,,,,35.93310547,-84.07610321,anonymous,EN,3,,,,,,,,,,,,,,,,,,,,,,,,,,,,,,,,,,,,,,,,,,,,,,,,,,,,,,,,,,,,,,,,,,,,,,,,,,,,,,,,,,,,,,,,,,,,,,,,,,,,,,,,,,,,,,,,,,,,,,,,,,,,,,,,,,,,,,,,,,,,,,,,,,,,,,,,,,,,,,,,,,,,,,,,,,,,,,,,,,,,,,,,,,,,,,,,,,,,,,,,,,,,,,,,,,,84499,"<span lang=""EN-GB"">Suppose
     you want to set up a reminder about something when you are at Starbucks by
     yourself.<o:p></o:p></span>"
10/27/2018 8:29,10/27/2018 8:34,0,71.222.161.42,100,289,1,10/27/2018 8:34,R_26nkbswRjNZPc65,,,,,41.35299683,-86.30149841,anonymous,EN,"2,3",,,,,,,,,,,,,,,,,,,,,,,,,,,,,,,,,,,,,,,,,,,,,,,,,,,,,,,,,,,,,,,,,,,,,,,,,,,,,,,,,,,,,,,,,,,,,,,,,,,,,,,,,,,,,,,,,,,,,,,,,,,,,,,,,,,,,,,,,,,,,,,,,,,,,,,,,,,,,,,,,,,,,,,,,,,,,,,,,,,,,,,,,,,,,,,,,,,,,,,,,,,,,,,,,,,71914,"<span lang=""EN-GB"">Suppose
     you are at starbucks and you realize today is the last day to pay one of
     your bills online.<o:p></o:p></span>"
10/27/2018 8:39,10/27/2018 8:39,0,71.71.72.76,100,6,1,10/27/2018 8:39,R_294aHOXPMBX0ucp,,,,,36.11650085,-80.08309937,anonymous,EN,2,,,,,,,,,,,,,,,,,,,,,,,,,,,,,,,,,,,,,,,,,,,,,,,,,,,,,,,,,,,,,,,,,,,,,,,,,,,,,,,,,,,,,,,,,,,,,,,,,,,,,,,,,,,,,,,,,,,,,,,,,,,,,,,,,,,,,,,,,,,,,,,,,,,,,,,,,,,,,,,,,,,,,,,,,,,,,,,,,,,,,,,,,,,,,,,,,,,,,,,,,,,,,,,,,,,33356,"<span lang=""EN-GB"">Suppose you want to read a digital document when you are in a park with people you know (e.g., acquaintances, colleagues).<o:p></o:p></span>"
10/18/2018 18:59,10/20/2018 8:54,0,96.19.230.179,78,136471,0,10/27/2018 8:54,R_3EYbn0C0ocDIi0g,,,,,,,anonymous,EN,"1,2,3,6",,,,,,,,,,,,,,,,,,,,,,,,,,,,,,,,,,,,,,,,,,,,,,,,,,,,,,,,,,,,,,,,,,,,,,,,,,,,,,,,,,,,,,,,,,,,,,,,,,,,,,,,,,,,,,,,,,,,,,,,,,,,,,,,,,,,,,,,,,,,,,,,,,,,,,,,,,,,,,,,,,,,,,,,,,,,,,,,,,,,,,,,,,,,,,,,,,,,,,,,,,,,,,,,,,,93850,"<span lang=""EN-GB"">Suppose
     you want to a view a text message when you are with a very close friend at
     a restaurant&nbsp;<o:p></o:p></span>"
10/27/2018 8:42,10/27/2018 9:03,0,24.56.92.42,100,1234,1,10/27/2018 9:03,R_2qlqCc5kK2zdWpZ,,,,,41.36759949,-81.86180115,anonymous,EN,"1,2,3,4",2,,1,,2,,1,,3,,3,"1,2,3",,2,,3,2,,2,,6,,2,,1,,4,,"2,4",,,,,,,,,,,,,,,,,,,,,,,,,,,,,,2,,1,,"1,2,3,4",,1,,1,,2,"1,2,3",,2,,"1,2,3",,2,,"1,3",,2,,"1,3",,"1,2",,4,,,,,,,,,,,,,,,,,,,,,,,,,,,,,,,"2,5",,1,,"1,2,3,4",,1,,1,,2,"1,2,3",,"1,2,3",,"1,2",,2,,"1,3",,2,,"1,3",,"1,2",,4,,,,,,,,,,,,,,,,,,,,,,,,,,,,,,,,,,,,,,,,,,,,,,,,,,,,,,,,,,,,,,,,,,,35026,"<span lang=""EN-GB"">Suppose
     you want to listen to some audio when you are with your friends at
     Starbucks.<o:p></o:p></span>"
10/20/2018 9:06,10/20/2018 9:10,0,104.15.79.76,78,257,0,10/27/2018 9:10,R_1lczyiH6PSBbUsv,,,,,,,anonymous,EN,"1,2,4,6",,,,,,,,,,,,,,,,,,,,,,,,,,,,,,,,,,,,,,,,,,,,,,,,,,,,,,,,,,,,,,,,,,,,,,,,,,,,,,,,,,,,,,,,,,,,,,,,,,,,,,,,,,,,,,,,,,,,,,,,,,,,,,,,,,,,,,,,,,,,,,,,,,,,,,,,,,,,,,,,,,,,,,,,,,,,,,,,,,,,,,,,,,,,,,,,,,,,,,,,,,,,,,,,,,,51839,"<span lang=""EN-GB"">Suppose you are alone at home, you want to take a break from studying/working&nbsp;</span>so you decide to play an online/digital game with some close friends ."
10/27/2018 9:10,10/27/2018 9:14,0,162.252.126.31,100,250,1,10/27/2018 9:14,R_ZfPzNlircaKOrCN,,,,,26.09680176,-80.18099976,anonymous,EN,"1,2,3,4,5,6",2,,"1,2",,1,,1,,1,,1,1,,"2,3",,1,1,,2,,2,,2,,1,,1,,"1,4,5","3,4",,1,,"1,2",,1,,2,,1,1,,"1,2",,1,,2,,2,,1,,2,,1,,1,,,,,,,,,,,,,,,,,,,,,,,,,,,,,,,,,,,,,,,,,,,,,,,,,,,,,,,,,,,,3,,1,,2,,1,,1,,"2,3",1,,1,,2,,"1,2",,2,,1,,"2,3",,1,,1,,2,,"1,2",,1,,1,,2,,1,1,,1,,1,,2,,2,,"1,2",,2,,1,,1,,,,,,,,,,,,,,,,,,,,,,,,,,,,,,,,,,,,,,3163,"<span lang=""EN-GB"">Suppose you want to a send an email when you are walking with a very close friend on a street.&nbsp;<o:p></o:p></span>"
10/27/2018 9:14,10/27/2018 9:15,0,162.252.126.31,100,75,1,10/27/2018 9:15,R_3G3qqytu7pAaUis,,,,,26.09680176,-80.18099976,anonymous,EN,"1,2,3,4,5,6","1,2,3,4",,1,,1,,1,,1,,"1,2,3","1,2",,"1,2",,1,1,,1,,"1,2,3",,1,,1,,1,,,,,,,,,,,,,,,,,,,,,,,,,,,,,,,,,,,,,,,,,,,,,,,,,,,,,,,,,,,,,,,,,,,,,,,,,,,,,,,,,,,,,,,,,,,,,,,,,,,,,,,,,,,,,,,,,,,,,,,,,,,,,,,,,,,,,,,,,,,,,,,,,,,,,,,,,,,,,,,,,,,,,,,,,,,,,,,,,,,,,,,,39509,"<span lang=""EN-GB"">Suppose you are at a park with some people you know (e.g., acquaintances, colleagues) when you realize that you have to immediately pay one of your bills online.<o:p></o:p></span>"
10/20/2018 8:58,10/20/2018 9:15,0,96.241.108.98,78,1060,0,10/27/2018 9:16,R_1QYQmBCGX3eplrb,,,,,,,anonymous,EN,"1,2,3,4,6",,,,,,,,,,,,,,,,,,,,,,,,,,,,,,,,,,,,,,,,,,,,,,,,,,,,,,,,,,,,,,,,,,,,,,,,,,,,,,,,,,,,,,,,,,,,,,,,,,,,,,,,,,,,,,,,,,,,,,,,,,,,,,,,,,,,,,,,,,,,,,,,,,,,,,,,,,,,,,,,,,,,,,,,,,,,,,,,,,,,,,,,,,,,,,,,,,,,,,,,,,,,,,,,,,,23020,
10/27/2018 9:15,10/27/2018 9:17,0,162.252.126.31,100,92,1,10/27/2018 9:17,R_3PmAkicoZ2FMPOh,,,,,26.09680176,-80.18099976,anonymous,EN,"1,2,3,4,5,6",1,,1,,1,,1,,1,,1,1,,1,,1,1,,1,,1,,1,,1,,1,,2,,,,,,,,,,,,,,,,,,,,,,,,,,,,,,1,,1,,1,,1,,1,,1,1,,1,,1,,1,,1,,1,,1,,1,,1,,,,,,,,,,,,,,,,,,,,,,,,,,,,,,,,,,,,,,,,,,,,,,,,,,,,,,,,,,,,,,,,,,,,,,,,,,,,,,,,,,,,,,,,,,,,,,,,,,,,,,,,,,,,,,,,,,,,,,male,27,warehouse,2,3,,1,41470,"<span lang=""EN-GB"">Suppose you have planned to meet a friend next week and you want to put this on your calendar when you are alone at a park<o:p></o:p></span>"
10/20/2018 9:16,10/20/2018 9:17,0,75.12.93.25,78,91,0,10/27/2018 9:17,R_qC0pHjYFSvT8hAl,,,,,,,anonymous,EN,"1,2,4,6",,,,,,,,,,,,,,,,,,,,,,,,,,,,,,,,,,,,,,,,,,,,,,,,,,,,,,,,,,,,,,,,,,,,,,,,,,,,,,,,,,,,,,,,,,,,,,,,,,,,,,,,,,,,,,,,,,,,,,,,,,,,,,,,,,,,,,,,,,,,,,,,,,,,,,,,,,,,,,,,,,,,,,,,,,,,,,,,,,,,,,,,,,,,,,,,,,,,,,,,,,,,,,,,,,,39089,"<span lang=""EN-GB"">Suppose you are on a short vacation alone and you want to take a picture in front&nbsp;</span>of an iconic monument."
10/20/2018 9:11,10/20/2018 9:18,0,73.91.232.38,1,445,0,10/27/2018 9:19,R_AbbQnswJVS6dVHr,,,,,,,anonymous,EN,,,,,,,,,,,,,,,,,,,,,,,,,,,,,,,,,,,,,,,,,,,,,,,,,,,,,,,,,,,,,,,,,,,,,,,,,,,,,,,,,,,,,,,,,,,,,,,,,,,,,,,,,,,,,,,,,,,,,,,,,,,,,,,,,,,,,,,,,,,,,,,,,,,,,,,,,,,,,,,,,,,,,,,,,,,,,,,,,,,,,,,,,,,,,,,,,,,,,,,,,,,,,,,,,,,,80692,"<span lang=""EN-GB"">Suppose you want to browse the internet when you are at home with people you know (e.g., acquaintances, colleagues).<o:p></o:p></span>"
10/27/2018 9:42,10/27/2018 9:42,0,172.58.99.114,100,16,1,10/27/2018 9:42,R_238Y2aXSG9zconx,,,,,29.79910278,-95.41179657,anonymous,EN,"2,3",,,,,,,,,,,,,,,,,,,,,,,,,,,,,,,,,,,,,,,,,,,,,,,,,,,,,,,,,,,,,,,,,,,,,,,,,,,,,,,,,,,,,,,,,,,,,,,,,,,,,,,,,,,,,,,,,,,,,,,,,,,,,,,,,,,,,,,,,,,,,,,,,,,,,,,,,,,,,,,,,,,,,,,,,,,,,,,,,,,,,,,,,,,,,,,,,,,,,,,,,,,,,,,,,,,99986,"<span lang=""EN-GB"">Suppose you are at a park, you have just read a book you loved and now you&nbsp;</span>want to write a review for it to share with people you are close to (e.g., friends, family members)"
10/20/2018 10:26,10/20/2018 10:26,0,24.46.16.221,78,19,0,10/27/2018 10:27,R_8vx4AO2iuuN9HG1,,,,,,,anonymous,EN,"1,2,4,5",,,,,,,,,,,,,,,,,,,,,,,,,,,,,,,,,,,,,,,,,,,,,,,,,,,,,,,,,,,,,,,,,,,,,,,,,,,,,,,,,,,,,,,,,,,,,,,,,,,,,,,,,,,,,,,,,,,,,,,,,,,,,,,,,,,,,,,,,,,,,,,,,,,,,,,,,,,,,,,,,,,,,,,,,,,,,,,,,,,,,,,,,,,,,,,,,,,,,,,,,,,,,,,,,,,99775,"<span lang=""EN-GB"">Suppose
     you want to a send an email when you are surrounded by people you know
     (e.g., acquaintances, colleagues) your home.<o:p></o:p></span>"
10/20/2018 10:34,10/20/2018 10:34,0,172.222.208.179,1,7,0,10/27/2018 10:34,R_12aIJjTKfwImxEL,,,,,,,anonymous,EN,,,,,,,,,,,,,,,,,,,,,,,,,,,,,,,,,,,,,,,,,,,,,,,,,,,,,,,,,,,,,,,,,,,,,,,,,,,,,,,,,,,,,,,,,,,,,,,,,,,,,,,,,,,,,,,,,,,,,,,,,,,,,,,,,,,,,,,,,,,,,,,,,,,,,,,,,,,,,,,,,,,,,,,,,,,,,,,,,,,,,,,,,,,,,,,,,,,,,,,,,,,,,,,,,,,,14989,"<span lang=""EN-GB"">Suppose you want to find a route to home while walking on a street with people you know (e.g., acquaintances, colleagues).<o:p></o:p></span>"
10/20/2018 10:51,10/20/2018 10:56,0,107.4.135.16,88,280,0,10/27/2018 10:56,R_1nUePNv4da0PRUs,,,,,,,anonymous,EN,"1,2,3,4,5,6","1,2,4,5",,"1,2",,"1,2",,1,,2,,1,1,,"1,3",,1,"2,3",,"1,2,3",,"2,3",,"2,3",,"1,2",,"1,2",,"1,2,3,4,5,6",,,,,,,,,,,,,,,,,,,,,,,,,,,,,,,,,,,,,,,,,,,,,,,,,,,,,,,,,,,,,,,,,,,,,,,,,,,,,,,,,,,,,,,,,,,,,,,,,,,,,,,,,,,,,,,,,,,,,"1,2,4,5",,"1,2",,"2,3,4",,1,,1,,1,1,,"1,3",,"1,3",,"1,3",,3,,2,,"2,3",,"1,2",,"1,2",,,,,,,,,,,,,,,,,,,,,,,,,,,,,,,,,,,,,,52119,"<span lang=""EN-GB"">Suppose
     you want to take a click a photo when you are alone at home.<o:p></o:p></span>"
10/27/2018 10:57,10/27/2018 10:58,0,179.52.52.104,100,102,1,10/27/2018 10:58,R_1mVJ8aRvN6bsiXz,,,,,18.46670532,-69.90000153,anonymous,EN,"1,6",,,,,,,,,,,,,,,,,,,,,,,,,,,,,,,,,,,,,,,,,,,,,,,,,,,,,,,,,,,,,,,,,,,,,,,,,,,,,,,,,,,,,,,,,,,,,,,,,,,,,,,,,,,,,,,,,,,,,,,,,,,,,,,,,,,,,,,,,,,,,,,,,,,,,,,,,,,,,,,,,,,,,,,,,,,,,,,,,,,,,,,,,,,,,,,,,,,,,,,,,,,,,,,,,,,81463,"<span lang=""EN-GB"">Suppose
     you want to listen to some audio when you are with your close friends in a
     park.<o:p></o:p></span>"
10/27/2018 10:58,10/27/2018 11:13,0,179.52.52.104,100,884,1,10/27/2018 11:13,R_DB6dV73hoEifgZP,,,,,18.46670532,-69.90000153,anonymous,EN,"1,2,3,5,6","1,2,4",,"2,3",,"2,3",,1,,"2,3",,2,"1,2",,"1,3",,"2,3","2,3",,3,,"2,4",,"2,3",,"2,3",,2,,,,,,,,,,,,,,,,,,,,,,,,,,,,,,,,,,,,,,,,,,,,,,,,,,,,,,,,,,,,,,,,,,,,,,,,,,,,,,,,,,,,,,,,,,,,,,,,,,,,,,,,,,,,,,,,,,,,,,,,,,,,,,,,,,,,,,,,,,,,,,,,,,,,,,,,,,,,,,,,,,,,,,,,,,,,,,,,,,,,,,,,79895,"<span lang=""EN-GB"">Suppose you want to listen to some audio when you are alone in a park.<o:p></o:p></span>"
10/27/2018 11:16,10/27/2018 11:18,0,107.178.131.110,100,106,1,10/27/2018 11:18,R_ZeguNm2A647AxHz,,,,,37.75100708,-97.8219986,anonymous,EN,"3,6",,,,,,,,,,,,,,,,,,,,,,,,,,,,,,,,,,,,,,,,,,,,,,,,,,,,,,,,,,,,,,,,,,,,,,,,,,,,,,,,,,,,,,,,,,,,,,,,,,,,,,,,,,,,,,,,,,,,,,,,,,,,,,,,,,,,,,,,,,,,,,,,,,,,,,,,,,,,,,,,,,,,,,,,,,,,,,,,,,,,,,,,,,,,,,,,,,,,,,,,,,,,,,,,,,,55895,"<span lang=""EN-GB"">Suppose you want to browse internet when you are with your close friends at a restaurant.<o:p></o:p></span>"
10/27/2018 11:18,10/27/2018 11:19,0,107.178.131.110,100,25,1,10/27/2018 11:19,R_2R1HDhN8Zikv0b7,,,,,37.75100708,-97.8219986,anonymous,EN,2,,,,,,,,,,,,,,,,,,,,,,,,,,,,,,,,,,,,,,,,,,,,,,,,,,,,,,,,,,,,,,,,,,,,,,,,,,,,,,,,,,,,,,,,,,,,,,,,,,,,,,,,,,,,,,,,,,,,,,,,,,,,,,,,,,,,,,,,,,,,,,,,,,,,,,,,,,,,,,,,,,,,,,,,,,,,,,,,,,,,,,,,,,,,,,,,,,,,,,,,,,,,,,,,,,,50209,"<span lang=""EN-GB"">Suppose you want to browse the internet when you alone at a park.<o:p></o:p></span>"
10/27/2018 11:19,10/27/2018 11:19,0,107.178.131.110,100,10,1,10/27/2018 11:19,R_12Aa6bOVB5rmeu2,,,,,37.75100708,-97.8219986,anonymous,EN,3,,,,,,,,,,,,,,,,,,,,,,,,,,,,,,,,,,,,,,,,,,,,,,,,,,,,,,,,,,,,,,,,,,,,,,,,,,,,,,,,,,,,,,,,,,,,,,,,,,,,,,,,,,,,,,,,,,,,,,,,,,,,,,,,,,,,,,,,,,,,,,,,,,,,,,,,,,,,,,,,,,,,,,,,,,,,,,,,,,,,,,,,,,,,,,,,,,,,,,,,,,,,,,,,,,,92243,"<span lang=""EN-GB"">Suppose
     you want to a view a text message when you are surrounded with people you
     are close to (e.g., friends, family members) at your home.<strong><o:p></o:p></strong></span>"
10/27/2018 11:20,10/27/2018 11:20,0,107.178.131.110,100,18,1,10/27/2018 11:20,R_blmKCxAsYecAU2B,,,,,37.75100708,-97.8219986,anonymous,EN,6,,,,,,,,,,,,,,,,,,,,,,,,,,,,,,,,,,,,,,,,,,,,,,,,,,,,,,,,,,,,,,,,,,,,,,,,,,,,,,,,,,,,,,,,,,,,,,,,,,,,,,,,,,,,,,,,,,,,,,,,,,,,,,,,,,,,,,,,,,,,,,,,,,,,,,,,,,,,,,,,,,,,,,,,,,,,,,,,,,,,,,,,,,,,,,,,,,,,,,,,,,,,,,,,,,,20955,"<span lang=""EN-GB"">Suppose
     you want to a send a text message when you with people you know (e.g., acquaintances,
     colleagues) at a street<strong>.</strong><o:p></o:p></span>"
10/23/2018 17:48,10/27/2018 11:31,0,173.91.26.104,100,322943,1,10/27/2018 11:31,R_3FWfhn0Hm64cDxT,,,,,41.50100708,-81.4693985,anonymous,EN,"1,2,3,4,6","1,2,5",,"1,2",,"1,2,3",,1,,1,,"2,3","1,2,3",,"1,2,3",,"2,3","1,2,3,4",,"1,2",,"1,2,3,4",,"1,2",,"1,3",,"1,2",,"1,2,4,6","1,2",,1,,"1,2",,1,,1,,3,"1,2,3",,1,,"1,2,3",,3,,3,,"1,2",,7,,"1,3",,1,,2,,1,,1,,3,,1,,4,1,,5,,5,,1,,7,,5,,1,,1,,"1,2",,,,,,,,,,,,,,,,,,,,,,,,,,,,,,,2,,1,,1,,3,,1,,4,5,,5,,5,,6,,7,,5,,7,,1,,1,,,,,,,,,,,,,,,,,,,,,,,,,,,,,,,2,,5,,1,,3,,1,,4,5,,5,,5,,6,,1,,5,,1,,1,,4,,,,,,,,,72636,"<span lang=""EN-GB"">Suppose you are at sitting at Starbucks and you want to play a digital/online&nbsp;</span>game with some close friends."
10/27/2018 12:15,10/27/2018 12:17,0,71.214.35.200,100,75,1,10/27/2018 12:17,R_3DihNshLZMWGTIz,,,,,29.12809753,-82.29750061,anonymous,EN,"1,2,3,4,5","1,2,4,5",,"1,3",,"1,2,4",,1,,"1,3",,2,"1,2",,"1,2",,2,"1,2,4",,"1,2",,"2,3",,"1,2,3",,"2,3",,"1,2",,,,,,,,,,,,,,,,,,,,,,,,,,,,,,,,,,,,,,,,,,,,,,,,,,,,,,,,,,,,,,,,,,,,,,,,,,,,,,,,,,,,,,,,,,,,,,,,,,,,,,,,,,,,,,,,,,,,,,,,,,,,,,,,,,,,,,,,,,,,,,,,,,,,,,,,,,,,,,,,,,,,,,,,,,,,,,,,,,,,,,,,46328,"<span lang=""EN-GB"">Suppose
     you want to read a digital document) when you are at home with people you
     know (e.g., acquaintances, colleagues).<o:p></o:p></span>"
10/27/2018 12:22,10/27/2018 12:22,0,162.223.82.214,100,24,1,10/27/2018 12:22,R_333C4Pv057FMRgD,,,,,40.21710205,-74.74289703,anonymous,EN,2,,,,,,,,,,,,,,,,,,,,,,,,,,,,,,,,,,,,,,,,,,,,,,,,,,,,,,,,,,,,,,,,,,,,,,,,,,,,,,,,,,,,,,,,,,,,,,,,,,,,,,,,,,,,,,,,,,,,,,,,,,,,,,,,,,,,,,,,,,,,,,,,,,,,,,,,,,,,,,,,,,,,,,,,,,,,,,,,,,,,,,,,,,,,,,,,,,,,,,,,,,,,,,,,,,,27291,"<span lang=""EN-GB"">Suppose
     you want to a send an email when you are surrounded by people you know
     (e.g., acquaintances, colleagues) at a restaurant.<o:p></o:p></span>"
10/27/2018 12:55,10/27/2018 12:56,0,196.17.64.26,100,10,1,10/27/2018 12:56,R_1q56cw6D6zvOrzQ,,,,,34.05439758,-118.2440033,anonymous,EN,5,,,,,,,,,,,,,,,,,,,,,,,,,,,,,,,,,,,,,,,,,,,,,,,,,,,,,,,,,,,,,,,,,,,,,,,,,,,,,,,,,,,,,,,,,,,,,,,,,,,,,,,,,,,,,,,,,,,,,,,,,,,,,,,,,,,,,,,,,,,,,,,,,,,,,,,,,,,,,,,,,,,,,,,,,,,,,,,,,,,,,,,,,,,,,,,,,,,,,,,,,,,,,,,,,,,43008,"<span lang=""EN-GB"">Suppose
     you want to a view a text message when you are with a very close friend at
     a restaurant&nbsp;<o:p></o:p></span>"
10/27/2018 12:55,10/27/2018 12:56,0,107.178.131.110,100,33,1,10/27/2018 12:56,R_1kMK9OEDFhos52g,,,,,37.75100708,-97.8219986,anonymous,EN,4,,,,,,,,,,,,,,,,,,,,,,,,,,,,,,,,,,,,,,,,,,,,,,,,,,,,,,,,,,,,,,,,,,,,,,,,,,,,,,,,,,,,,,,,,,,,,,,,,,,,,,,,,,,,,,,,,,,,,,,,,,,,,,,,,,,,,,,,,,,,,,,,,,,,,,,,,,,,,,,,,,,,,,,,,,,,,,,,,,,,,,,,,,,,,,,,,,,,,,,,,,,,,,,,,,,19360,"<span lang=""EN-GB"">Suppose you want to browse through one of your social media profiles when you&nbsp;</span>are at your home."
10/27/2018 12:56,10/27/2018 12:58,0,162.248.134.248,100,73,1,10/27/2018 12:58,R_WB9QpRC6qXSYJkR,,,,,37.75100708,-97.8219986,anonymous,EN,"3,4,6",7,,"1,2,3",,6,,3,,6,,4,5,,"1,2,3",,"1,2,3",6,,5,,"1,2,3,4",,5,,"1,2,3",,4,,,,,,,,,,,,,,,,,,,,,,,,,,,,,,,,,,,,,,,,,,,,,,,,,,,,,,,,,,,,,,,,,,,,,,,,,,,,,,,,,,,,,,,,,,,,,,,,,,,,,,,,,,,,,,,,,,,,,,,,,,,,,,,,,,,,,,,,,,,,,,,,,,,,,,,,,,,,,,,,,,,,,,,,,,,,,,,,,,,,,,,,5253,"<span lang=""EN-GB"">Suppose
     you want to find a route to home when you are alone at Starbucks.<o:p></o:p></span>"
10/27/2018 12:58,10/27/2018 12:58,0,162.248.134.248,100,18,1,10/27/2018 12:58,R_aWqnpT83TwU2cHn,,,,,37.75100708,-97.8219986,anonymous,EN,"1,3",,,,,,,,,,,,,,,,,,,,,,,,,,,,,,,,,,,,,,,,,,,,,,,,,,,,,,,,,,,,,,,,,,,,,,,,,,,,,,,,,,,,,,,,,,,,,,,,,,,,,,,,,,,,,,,,,,,,,,,,,,,,,,,,,,,,,,,,,,,,,,,,,,,,,,,,,,,,,,,,,,,,,,,,,,,,,,,,,,,,,,,,,,,,,,,,,,,,,,,,,,,,,,,,,,,84610,"Suppose you want to purchase something online when
     you are with people you know (e.g., acquaintances,
     colleagues) at a park.<o:p></o:p>"
10/27/2018 12:58,10/27/2018 12:59,0,103.114.36.217,100,7,1,10/27/2018 12:59,R_2q2zhgRJdOLcjMm,,,,,23.72900391,90.41119385,anonymous,EN,1,,,,,,,,,,,,,,,,,,,,,,,,,,,,,,,,,,,,,,,,,,,,,,,,,,,,,,,,,,,,,,,,,,,,,,,,,,,,,,,,,,,,,,,,,,,,,,,,,,,,,,,,,,,,,,,,,,,,,,,,,,,,,,,,,,,,,,,,,,,,,,,,,,,,,,,,,,,,,,,,,,,,,,,,,,,,,,,,,,,,,,,,,,,,,,,,,,,,,,,,,,,,,,,,,,,59791,"<span lang=""EN-GB"">Suppose you are alone at home, you want to take a break from studying/working&nbsp;</span>so you decide to play an online/digital game with some close friends ."
10/27/2018 12:59,10/27/2018 12:59,0,162.248.134.240,100,14,1,10/27/2018 12:59,R_2dzNlBeZ1sHPWve,,,,,37.75100708,-97.8219986,anonymous,EN,3,,,,,,,,,,,,,,,,,,,,,,,,,,,,,,,,,,,,,,,,,,,,,,,,,,,,,,,,,,,,,,,,,,,,,,,,,,,,,,,,,,,,,,,,,,,,,,,,,,,,,,,,,,,,,,,,,,,,,,,,,,,,,,,,,,,,,,,,,,,,,,,,,,,,,,,,,,,,,,,,,,,,,,,,,,,,,,,,,,,,,,,,,,,,,,,,,,,,,,,,,,,,,,,,,,,27664,"<span lang=""EN-GB"" style=""font-size:11.0pt;line-height:115%;
font-family:&quot;Arial&quot;,sans-serif;mso-fareast-font-family:Arial;mso-ansi-language:
EN-GB;mso-fareast-language:EN-US;mso-bidi-language:AR-SA"">Suppose you want to a
send a text message when you are alone at Starbucks.</span>"
10/27/2018 12:58,10/27/2018 12:59,0,23.88.172.215,100,79,1,10/27/2018 12:59,R_aVJOJJiloAN5usV,,,,,41.82400513,-71.41280365,anonymous,EN,"1,2,3,4",3,,3,,4,,3,,6,,3,2,,2,,4,4,,2,,1,,1,,1,,1,,,,,,,,,,,,,,,,,,,,,,,,,,,,,,,,,,,,,,,,,,,,,,,,,,,,,,,,,,,,,,,,,,,,,,,,,,,,,,,,,,,,,,,,,,,,,,,,,,,,,,,,,,,,,,,,,,,,,,,,,,,,,,,,,,,,,,,,,,,,,,,,,,,,,,,,,,,,,,,,,,,,,,,,,,,,,,,,,,,,,,,,89855,"<span lang=""EN-GB"">Suppose you want to a send an email when you are surrounded with people you are close to (e.g., friends, family members) at your home.<strong><o:p></o:p></strong></span>"
10/27/2018 12:59,10/27/2018 13:01,0,103.114.36.217,100,144,1,10/27/2018 13:01,R_2D5IImqR2tpa4cm,,,,,23.72900391,90.41119385,anonymous,EN,"2,3,4,5,6","1,2,3,5",,"2,3",,"3,4",,1,,"2,4",,"2,3",3,,"2,3",,"2,3","2,3",,"1,2",,7,,"1,2",,"2,3",,"1,2",,"5,6",,,,,,,,,,,,,,,,,,,,,,,,,,,,,,,,,,,,,,,,,,,,,,,,,,,,,,,,,,,,,,,,,,,,,,,,,,,,,,,,,,,,,,,,,,,,,,,,,,,,,,,,,,,,,,,,,,,,,"2,3,5",,"2,3",,"2,3",,1,,"3,4",,"2,3","1,2,3",,"2,3",,"2,3",,"1,2,4",,"2,4",,"1,2",,"3,4",,"2,3",,"1,2",,"2,3",,"2,3",,"1,2,4",,1,,"2,3",,"1,2,3","1,2,3",,"1,2",,"1,2,3",,"1,2,4",,"3,4",,"1,2",,"4,6",,"1,2",,"1,2",,,,,,,,,42003,"<span lang=""EN-GB"">Suppose
     you want to set up a reminder about something when you are with people you
     know (e.g., acquaintances, colleagues) at Starbucks.<o:p></o:p></span>"
10/27/2018 13:02,10/27/2018 13:02,0,23.243.154.139,100,30,1,10/27/2018 13:02,R_eFd48KoYQGUm5A5,,,,,33.89250183,-118.2960968,anonymous,EN,3,,,,,,,,,,,,,,,,,,,,,,,,,,,,,,,,,,,,,,,,,,,,,,,,,,,,,,,,,,,,,,,,,,,,,,,,,,,,,,,,,,,,,,,,,,,,,,,,,,,,,,,,,,,,,,,,,,,,,,,,,,,,,,,,,,,,,,,,,,,,,,,,,,,,,,,,,,,,,,,,,,,,,,,,,,,,,,,,,,,,,,,,,,,,,,,,,,,,,,,,,,,,,,,,,,,70736,"Suppose you want to find a route to a coffee shop
     when you are at home with your by your colleagues<o:p></o:p>"
10/27/2018 13:00,10/27/2018 13:02,0,107.178.131.110,100,131,1,10/27/2018 13:02,R_2pRZN72jAeC8FTH,,,,,37.75100708,-97.8219986,anonymous,EN,"1,2,3,4,5,6",1,,3,,1,,1,,4,,2,2,,2,,2,"2,3",,1,,1,,2,,2,,2,,,,,,,,,,,,,,,,,,,,,,,,,,,,,,,,,,,,,,,,,,,,,,,,,,,,,,,,,,,,,,,,,,,,,,,,,,,,,,,,,,,,,,,,,,,,,,,,,,,,,,,,,,,,,,,,,,,,,,,,,,,,,,,,,,,,,,,,,,,,,,,,,,,,,,,,,,,,,,,,,,,,,,,,,,,,,,,,,,,,,,,,17086,"<span lang=""EN-GB"">Suppose you want to find a route to home while walking on a street.<o:p></o:p></span>"
10/27/2018 12:58,10/27/2018 13:04,0,162.248.134.248,100,341,1,10/27/2018 13:04,R_2zDc5cVUopdZYWs,,,,,37.75100708,-97.8219986,anonymous,EN,"1,2,3,4,5,6","1,2,3,4,5",,"1,2,3",,"1,2,3,4",,1,,"1,2,3,4",,"1,2,3","1,2,3",,"1,2,3",,"1,2,3","1,2,3,4",,"1,2,3",,"1,2,3,4",,"1,2,3",,"1,2,3",,"1,2",,"1,3","1,2,3,4,5",,"1,2,3",,"1,2,3,4",,1,,"1,2,3,4",,"1,2,3","1,2,3",,"1,2,3",,"1,2,3",,"1,2,3,4",,"1,2,3,4",,"1,2,3",,"1,2,3,4",,"1,2,3",,"1,2",,,,,,,,,,,,,,,,,,,,,,,,,,,,,,,"1,2,3,4,5",,"1,2,3",,"1,2,3,4",,1,,"1,2,3,4",,"1,2,3","1,2,3",,"1,2,3",,"1,2,3",,"1,2,3,4",,"1,2,3,4,6",,"1,2,3",,"1,2,3,4,6",,"1,2,3",,"1,2",,,,,,,,,,,,,,,,,,,,,,,,,,,,,,,,,,,,,,,,,,,,,,,,,,,,,,,,,,,,,,,,,,,,,,,,,,,,,,,,,,,,,,,,,male,40,manager,5,1,,3,99936,"<span lang=""EN-GB"">Suppose you want to watch some video when you are alone in a park.<o:p></o:p></span>"
10/27/2018 12:56,10/27/2018 13:05,0,196.17.64.26,100,546,1,10/27/2018 13:05,R_268QiDACximNPw0,,,,,34.05439758,-118.2440033,anonymous,EN,"1,2,3,4,5,6",1,,1,,1,,1,,1,,1,1,,1,,1,1,,1,,1,,1,,1,,1,,"1,2,3,4,5,6","1,2,3",,"1,2,3",,"1,2,3",,1,,"2,3,4",,"1,2,3","1,2,3",,"1,2,3",,"1,3",,"1,2,3,4",,"2,3,4",,"1,2,3",,"2,3",,"1,2,3",,"1,2",,"2,4,5",,2,,2,,1,,2,,2,2,,"1,2,3",,"1,2,3",,"1,2,4",,2,,"1,2,3",,2,,2,,"1,2",,"1,2,3,4",,"1,2,3",,"1,2,3",,1,,"1,2,3,4",,"1,2,3","1,2,3",,"2,3",,"1,2,3",,"1,2,3,4",,"1,2,3",,"1,2,3",,"2,3,4",,"1,2,3",,"1,2",,"1,3,4,5",,5,,"1,2,4",,1,,"1,3,4",,3,"1,2,3",,"1,3",,"1,3",,"1,3,4",,"2,3,4,6",,"1,3",,"1,3,4",,5,,"1,2",,"2,3,4,5",,"1,2,3",,"1,2,3",,1,,"1,2,3,4",,"1,2","1,2",,"1,2,3",,"1,2,3",,"1,2,3,4",,"1,2,3",,"1,2,3",,"1,2,3,4",,"1,2,3",,"1,2",,"2,3,5",,5,,"2,3,4",,1,,3,,4,"2,3",,"1,3",,"1,2,3",,"2,3,4",,"2,4,6",,"2,3",,"2,3,4",,"1,3",,"1,2",,,,,,,,,60532,"<span lang=""EN-GB"">Suppose
     you want to a send a text message when you are surrounded by people you
     know (e.g., acquaintances, colleagues) at a restaurant.<o:p></o:p></span>"
10/25/2018 15:45,10/27/2018 13:09,0,100.35.97.44,100,163405,1,10/27/2018 13:09,R_1dyn2hHuP3RUXnE,,,,,40.74450684,-74.15080261,anonymous,EN,"1,2,3,4,5,6",2,,1,,2,,1,,2,,2,5,,3,,2,"2,3",,2,,2,,2,,1,,1,,"2,6",,,,,,,,,,,,,,,,,,,,,,,,,,,,,,"2,3",,1,,"1,2",,1,,1,,4,5,,5,,5,,"1,3",,3,,"1,2",,3,,5,,1,,,,,,,,,,,,,,,,,,,,,,,,,,,,,,,,,,,,,,,,,,,,,,,,,,,,,,,,,,,,,,,,,,,,,,,,,,,,,,,,,,,,,,,,,2,,5,,3,,1,,1,,4,5,,5,,5,,2,,"1,2",,1,,"1,2",,1,,1,,male,45,counselor,3,1,,2,1047,"<span lang=""EN-GB"">Suppose
     you want to listen to some audio when you with people you know (e.g.,
     acquaintances, colleagues) at Starbucks<o:p></o:p></span>"
10/27/2018 13:01,10/27/2018 13:11,0,184.62.203.146,100,597,1,10/27/2018 13:11,R_3eadW0aXQW70Fef,,,,,37.75100708,-97.8219986,anonymous,EN,"1,3,4",4,,5,,6,,3,,1,,4,4,I would never develop a trust for this task on a wifi setting,3,,3,6,,5,,3,,5,,5,,4,,,,,,,,,,,,,,,,,,,,,,,,,,,,,,,,,,,,,,,,,,,,,,,,,,,,,,,,,,,,,,,,,,,,,,,,,,,,,,,,,,,,,,,,,,,,,,,,,,,,,,,,,,,,,,,,,,,,,,,,,,,,,,,,,,,,,,,,,,,,,,,,,,,,,,,,,,,,,,,,,,,,,,,,,,,,,,,,,,,,,,,,39125,"<span lang=""EN-GB"">Suppose
     you want to purchase something online when you are with your close friends
     at Starbucks.<o:p></o:p></span>"
10/27/2018 13:03,10/27/2018 13:12,0,107.178.131.110,100,488,1,10/27/2018 13:12,R_1j7HdbAaoQTJh2Z,,,,,37.75100708,-97.8219986,anonymous,EN,"1,2,3,4,5,6","1,2,3",,"1,2,3",,"1,2,3",,3,,"2,3,4",,"1,2,3","1,2,3",,"1,2,3",,"1,2,3","1,2,3",,"1,2,3",,"1,2,3",,"1,2,3",,"1,2,3",,2,,"1,2,3,4,5,6","1,2,3",,"1,2,3",,"1,2,3",,3,,"1,2,3,4",,"1,2,3","1,2,3",,"1,2,3",,"1,2,3",,"1,2,3",,"1,2,3",,"1,2,3",,"1,2,3",,"1,2,3",,"1,2",,"1,2,3,4",,"1,2,3",,"1,2,3",,1,,"1,2,3,4",,"1,2,3","1,2,3",,"1,2,3",,"1,2,3",,"1,2,3,4",,"2,3,4",,"1,2,3",,"1,2,3,4",,"1,2,3",,"1,2",,"1,2,3,4",,"1,2,3",,"1,2,3,4",,1,,"1,2,3,4",,"1,2,3","1,2,3",,"1,2,3",,"1,2,3",,"1,2,3,4",,"1,2,3",,"1,2,3",,"1,2,3,4",,"1,2,3",,"1,2",,"1,2,3,4",,"1,2,3",,"2,3,4",,1,,"1,2,3,4",,"1,2,3","1,2,3",,"1,2,3",,"1,2,3",,"1,2,3,4",,"1,2,3,4",,"1,2,3",,"1,2,3,4",,"1,2,3",,"1,2",,"1,2,3",,"1,2,3",,"1,2,3",,1,,"1,2,3",,"1,2,3","1,2,3",,"1,2,3",,"1,2,3",,"1,2,3,4",,"1,2,3",,"1,2,3",,"1,2,3",,"1,2,3",,"1,2",,"1,2,3",,"1,2,3",,"1,2,3",,1,,"1,2,3",,"1,2,3","1,2,3",,"1,2,3",,"1,2,3",,"1,2,3,4",,"1,2,3,4",,"1,2,3",,"1,2,3,4",,"1,2,3",,4,,,,,,,,,36264,"<span lang=""EN-GB"">Suppose you have planned to meet a friend next week and you want to put this on your calendar when you are surrounded by people you know (e.g., acquaintances, colleagues) at a restaurant.<o:p></o:p></span>"
10/27/2018 13:13,10/27/2018 13:14,0,47.34.155.174,100,62,1,10/27/2018 13:14,R_OJ4MmlbDqrgoadP,,,,,34.48019409,-117.4082031,anonymous,EN,"2,3",,,,,,,,,,,,,,,,,,,,,,,,,,,,,,,,,,,,,,,,,,,,,,,,,,,,,,,,,,,,,,,,,,,,,,,,,,,,,,,,,,,,,,,,,,,,,,,,,,,,,,,,,,,,,,,,,,,,,,,,,,,,,,,,,,,,,,,,,,,,,,,,,,,,,,,,,,,,,,,,,,,,,,,,,,,,,,,,,,,,,,,,,,,,,,,,,,,,,,,,,,,,,,,,,,,36544,"<span lang=""EN-GB"">Suppose
     you want to watch&nbsp; some video when
     you are with people you know (e.g., acquaintances, colleagues) at
     Starbucks<o:p></o:p></span>"
10/27/2018 13:14,10/27/2018 13:15,0,47.34.155.174,100,7,1,10/27/2018 13:15,R_3NXr3GJjBs1ez54,,,,,34.48019409,-117.4082031,anonymous,EN,"3,4",,,,,,,,,,,,,,,,,,,,,,,,,,,,,,,,,,,,,,,,,,,,,,,,,,,,,,,,,,,,,,,,,,,,,,,,,,,,,,,,,,,,,,,,,,,,,,,,,,,,,,,,,,,,,,,,,,,,,,,,,,,,,,,,,,,,,,,,,,,,,,,,,,,,,,,,,,,,,,,,,,,,,,,,,,,,,,,,,,,,,,,,,,,,,,,,,,,,,,,,,,,,,,,,,,,95729,"<span lang=""EN-GB"">Suppose
     you want to purchase something online when you are with people you know
     (e.g., acquaintances, colleagues) at your home.<o:p></o:p></span>"
10/27/2018 13:08,10/27/2018 13:17,0,71.47.66.203,100,542,1,10/27/2018 13:17,R_RsitpNMyycq8rvj,,,,,28.48710632,-81.40820313,anonymous,EN,"1,2,3",4,,2,,3,,1,,2,,2,3,,"1,3",,4,3,,1,,"1,3",,3,,1,,2,,,,,,,,,,,,,,,,,,,,,,,,,,,,,,,,,,,,,,,,,,,,,,,,,,,,,,,,,,,,,,,,,,,,,,,,,,,,,,,,,,,,,,,,,,,,,,,,,,,,,,,,,,,,,,,,,,,,,,,,,,,,,,,,,,,,,,,,,,,,,,,,,,,,,,,,,,,,,,,,,,,,,,,,,,,,,,,,,,,,,,,,97958,"<span lang=""EN-GB"">Suppose you want to browse the internet when you are at home with people you are close to (e.g., friends, family members)<strong><o:p></o:p></strong></span>"
10/27/2018 13:17,10/27/2018 13:18,0,100.15.60.219,100,71,1,10/27/2018 13:18,R_294vtHyTiF0sIGc,,,,,38.75959778,-77.14849854,anonymous,EN,"1,2,3,5",5,,1,,2,,1,,2,,3,"1,2",,3,,2,1,,3,,7,,1,,1,,"1,2",,,,,,,,,,,,,,,,,,,,,,,,,,,,,,,,,,,,,,,,,,,,,,,,,,,,,,,,,,,,,,,,,,,,,,,,,,,,,,,,,,,,,,,,,,,,,,,,,,,,,,,,,,,,,,,,,,,,,,,,,,,,,,,,,,,,,,,,,,,,,,,,,,,,,,,,,,,,,,,,,,,,,,,,,,,,,,,,,,,,,,,,80001,"<span lang=""EN-GB"">Suppose
     you want to call your mother for sharing an important update about your
     life when you are alone at Starbucks.<o:p></o:p></span>"
10/27/2018 13:18,10/27/2018 13:21,0,173.175.170.107,100,148,1,10/27/2018 13:21,R_2aRewvw0mRrSqQ8,,,,,31.77630615,-106.4932022,anonymous,EN,"2,3,4","1,2",,5,,2,,3,,1,,2,1,,3,,3,4,,3,,1,,2,,1,,2,,,,,,,,,,,,,,,,,,,,,,,,,,,,,,,,,,,,,,,,,,,,,,,,,,,,,,,,,,,,,,,,,,,,,,,,,,,,,,,,,,,,,,,,,,,,,,,,,,,,,,,,,,,,,,,,,,,,,,,,,,,,,,,,,,,,,,,,,,,,,,,,,,,,,,,,,,,,,,,,,,,,,,,,,,,,,,,,,,,,,,,,13722,"<span lang=""EN-GB"" style=""font-size:11.0pt;line-height:115%;
font-family:&quot;Arial&quot;,sans-serif;mso-fareast-font-family:Arial;mso-ansi-language:
EN-GB;mso-fareast-language:EN-US;mso-bidi-language:AR-SA"">Suppose you want to check your social media when you are alone in a park.</span>"
10/27/2018 13:20,10/27/2018 13:21,0,66.160.199.60,100,68,1,10/27/2018 13:21,R_1eXDk07FJm1ldtl,,,,,37.75100708,-97.8219986,anonymous,EN,4,,,,,,,,,,,,,,,,,,,,,,,,,,,,,,,,,,,,,,,,,,,,,,,,,,,,,,,,,,,,,,,,,,,,,,,,,,,,,,,,,,,,,,,,,,,,,,,,,,,,,,,,,,,,,,,,,,,,,,,,,,,,,,,,,,,,,,,,,,,,,,,,,,,,,,,,,,,,,,,,,,,,,,,,,,,,,,,,,,,,,,,,,,,,,,,,,,,,,,,,,,,,,,,,,,,74550,"<span lang=""EN-GB"">Suppose
     you have planned to meet a friend next week and you want put this on your
     calendar when you are alone at home<strong><o:p></o:p></strong></span>"
10/20/2018 13:16,10/20/2018 13:21,0,24.220.217.99,78,297,0,10/27/2018 13:22,R_Ut1JiKOi02jpA6R,,,,,,,anonymous,EN,"1,2,3,4",,,,,,,,,,,,,,,,,,,,,,,,,,,,,,,,,,,,,,,,,,,,,,,,,,,,,,,,,,,,,,,,,,,,,,,,,,,,,,,,,,,,,,,,,,,,,,,,,,,,,,,,,,,,,,,,,,,,,,,,,,,,,,,,,,,,,,,,,,,,,,,,,,,,,,,,,,,,,,,,,,,,,,,,,,,,,,,,,,,,,,,,,,,,,,,,,,,,,,,,,,,,,,,,,,,20207,"<span lang=""EN-GB"">Suppose
     you want to listen to some audio when you are with people you know (e.g.,
     acquaintances, colleagues) in a park.<o:p></o:p></span>


<p><span lang=""EN-GB"" style=""color:red"">&nbsp;</span></p>"
10/27/2018 13:23,10/27/2018 13:24,0,71.52.8.69,100,23,1,10/27/2018 13:24,R_3fT3mNHcrIVem13,,,,,28.77400208,-81.64389801,anonymous,EN,"1,4",,,,,,,,,,,,,,,,,,,,,,,,,,,,,,,,,,,,,,,,,,,,,,,,,,,,,,,,,,,,,,,,,,,,,,,,,,,,,,,,,,,,,,,,,,,,,,,,,,,,,,,,,,,,,,,,,,,,,,,,,,,,,,,,,,,,,,,,,,,,,,,,,,,,,,,,,,,,,,,,,,,,,,,,,,,,,,,,,,,,,,,,,,,,,,,,,,,,,,,,,,,,,,,,,,,3183,"<span lang=""EN-GB"">Suppose
     you want to a view a text message when you are surrounded by people you
     know (e.g., acquaintances, colleagues) at a restaurant.<o:p></o:p></span>"
10/27/2018 13:22,10/27/2018 13:24,0,73.103.52.113,100,138,1,10/27/2018 13:24,R_3mf0E9uHqbArNUW,,,,,40.32279968,-86.88809967,anonymous,EN,"1,2,3,5","2,4,5",,"1,3",,"1,2,3",,1,,1,,1,"1,2",,"2,3",,"1,2","2,3",,"2,3",,"1,3,4",,"2,3",,"1,2,3",,1,,,,,,,,,,,,,,,,,,,,,,,,,,,,,,,,,,,,,,,,,,,,,,,,,,,,,,,,,,,,,,,,,,,,,,,,,,,,,,,,,,,,,,,,,,,,,,,,,,,,,,,,,,,,,,,,,,,,,,,,,,,,,,,,,,,,,,,,,,,,,,,,,,,,,,,,,,,,,,,,,,,,,,,,,,,,,,,,,,,,,,,,25262,"<span lang=""EN-GB"">Suppose
     you want to watch some video when you are alone at Starbucks.<o:p></o:p></span>"
10/27/2018 13:25,10/27/2018 13:25,0,108.56.231.228,100,11,1,10/27/2018 13:25,R_w5a528ITAqW366d,,,,,38.45860291,-77.43060303,anonymous,EN,3,,,,,,,,,,,,,,,,,,,,,,,,,,,,,,,,,,,,,,,,,,,,,,,,,,,,,,,,,,,,,,,,,,,,,,,,,,,,,,,,,,,,,,,,,,,,,,,,,,,,,,,,,,,,,,,,,,,,,,,,,,,,,,,,,,,,,,,,,,,,,,,,,,,,,,,,,,,,,,,,,,,,,,,,,,,,,,,,,,,,,,,,,,,,,,,,,,,,,,,,,,,,,,,,,,,95193,"<span lang=""EN-GB"">Suppose you are at sitting at Starbucks and you want to play a digital/online&nbsp;</span>game with some close friends."
10/20/2018 13:27,10/20/2018 13:31,0,73.88.71.9,88,243,0,10/27/2018 13:32,R_ZJH84qZV4pXe5vH,,,,,,,anonymous,EN,"1,2,5","1,2",,1,,2,,1,,1,,"2,3",5,,1,,"2,3","2,4",,"1,2,3",,7,,"2,3",,1,,4,,2,,,,,,,,,,,,,,,,,,,,,,,,,,,,,,,,,,,,,,,,,,,,,,,,,,,,,,,,,,,,,,,,,,,,,,,,,,,,,,,,,,,,,,,,,,,,,,,,,,,,,,,,,,,,,,,,,,,,,,,,,,,,,,,,,,,,,,,,,,,,,,,,,,,,,,,,,,,,,,,,,,,,,,,,,,,,,,,,,,,,,,92872,"<span lang=""EN-GB"">Suppose
     you want to listen to some audio when you with people you know (e.g.,
     acquaintances, colleagues) at Starbucks<o:p></o:p></span>"
10/27/2018 13:30,10/27/2018 13:33,0,72.184.73.213,100,192,1,10/27/2018 13:33,R_2DRLlLpXUcDCbTX,,,,,27.98730469,-81.76249695,anonymous,EN,"1,3,4","1,2,3",,"1,2,3",,"1,2,3,4",,1,,"1,2,3",,"1,2,3","1,2,3",,"1,2,3",,"1,2,3","1,2,3,4",,"1,2,3",,"1,2,3,4",,"1,2,3",,"1,2,3",,"1,2",,"1,3,4","1,2,3,4",,"1,2,3",,"1,2,3,4",,1,,"1,2,3,4",,4,"2,3",,"1,2,3",,"1,2,3",,"1,2,3,4",,"1,2,3,4",,"1,2,3",,"1,2,3,4",,"1,2,3",,2,,,,,,,,,,,,,,,,,,,,,,,,,,,,,,,"1,2,3,4,5",,"1,2,3",,"1,2,3",,1,,"1,2,3,4",,"1,2,3","1,2,3",,"1,2,3",,"1,2,3",,"1,3,4",,"1,2,3,4",,"1,2,3",,"1,2,3,4",,"1,2,3",,"1,2",,"1,2,3,4,5",,"1,2,3",,"1,2,3",,1,,"1,2,3",,"1,2,3","1,2,3",,"1,2,3",,"1,2,3",,"1,2,3,4",,"1,2,3,4",,"1,2,3",,"1,2,3,4",,"1,2,3",,"1,2",,,,,,,,,,,,,,,,,,,,,,,,,,,,,,,,,,,,,,,,,,,,,,,,,,,,,,,,,,,,male,32,Writer,6,1,,4,31778,"<span lang=""EN-GB"">Suppose you want to a send a text message when you are alone at a street.<o:p></o:p></span>"
10/27/2018 13:33,10/27/2018 13:36,0,174.208.29.101,100,134,1,10/27/2018 13:36,R_u4DbjVvqdDUhVFT,,,,,40.76080322,-111.891098,anonymous,EN,"1,2",,,,,,,,,,,,,,,,,,,,,,,,,,,,,,,,,,,,,,,,,,,,,,,,,,,,,,,,,,,,,,,,,,,,,,,,,,,,,,,,,,,,,,,,,,,,,,,,,,,,,,,,,,,,,,,,,,,,,,,,,,,,,,,,,,,,,,,,,,,,,,,,,,,,,,,,,,,,,,,,,,,,,,,,,,,,,,,,,,,,,,,,,,,,,,,,,,,,,,,,,,,,,,,,,,,53727,"<span lang=""EN-GB"">Suppose
     you want to a view a text message when you are alone at Starbucks.<o:p></o:p></span>"
10/27/2018 13:32,10/27/2018 13:36,0,24.104.251.238,100,222,1,10/27/2018 13:36,R_31FrBqGkYSdrODQ,,,,,40.84959412,-73.93560028,anonymous,EN,"1,2,3",2,,5,,1,,1,,2,,4,"1,2,3",,5,,3,2,,1,,3,,1,,1,,"1,2",,,,,,,,,,,,,,,,,,,,,,,,,,,,,,,,,,,,,,,,,,,,,,,,,,,,,,,,,,,,,,,,,,,,,,,,,,,,,,,,,,,,,,,,,,,,,,,,,,,,,,,,,,,,,,,,,,,,,,,,,,,,,,,,,,,,,,,,,,,,,,,,,,,,,,,,,,,,,,,,,,,,,,,,,,,,,,,,,,,,,,,,91735,"<span lang=""EN-GB"">Suppose
     you want to purchase something (e.g., book, household items) online when
     you are with your close friends at a park.<o:p></o:p></span>"
10/27/2018 13:36,10/27/2018 13:36,0,37.110.210.90,100,26,1,10/27/2018 13:36,R_25WIBhNNKyxXzI7,,,,,41.31669617,69.25,anonymous,EN,2,,,,,,,,,,,,,,,,,,,,,,,,,,,,,,,,,,,,,,,,,,,,,,,,,,,,,,,,,,,,,,,,,,,,,,,,,,,,,,,,,,,,,,,,,,,,,,,,,,,,,,,,,,,,,,,,,,,,,,,,,,,,,,,,,,,,,,,,,,,,,,,,,,,,,,,,,,,,,,,,,,,,,,,,,,,,,,,,,,,,,,,,,,,,,,,,,,,,,,,,,,,,,,,,,,,29171,"<span lang=""EN-GB"">Suppose it is a regular working day, you want to track the total amount of calories&nbsp;</span>you consume and burn off during the day.&nbsp;"
10/27/2018 13:39,10/27/2018 13:39,0,24.113.217.174,100,13,1,10/27/2018 13:39,R_2QQKbMYHhJumrVJ,,,,,47.47070313,-122.651001,anonymous,EN,1,,,,,,,,,,,,,,,,,,,,,,,,,,,,,,,,,,,,,,,,,,,,,,,,,,,,,,,,,,,,,,,,,,,,,,,,,,,,,,,,,,,,,,,,,,,,,,,,,,,,,,,,,,,,,,,,,,,,,,,,,,,,,,,,,,,,,,,,,,,,,,,,,,,,,,,,,,,,,,,,,,,,,,,,,,,,,,,,,,,,,,,,,,,,,,,,,,,,,,,,,,,,,,,,,,,15445,"<span lang=""EN-GB"" style=""font-size:11.0pt;line-height:115%;
font-family:&quot;Arial&quot;,sans-serif;mso-fareast-font-family:Arial;mso-ansi-language:
EN-GB;mso-fareast-language:EN-US;mso-bidi-language:AR-SA"">Suppose you want to a
send an email when you are at Starbucks.</span>"
10/27/2018 13:40,10/27/2018 13:40,0,66.168.68.137,100,13,1,10/27/2018 13:40,R_3mh1IkIIn5IvzsM,,,,,43.77420044,-88.43520355,anonymous,EN,"2,3",,,,,,,,,,,,,,,,,,,,,,,,,,,,,,,,,,,,,,,,,,,,,,,,,,,,,,,,,,,,,,,,,,,,,,,,,,,,,,,,,,,,,,,,,,,,,,,,,,,,,,,,,,,,,,,,,,,,,,,,,,,,,,,,,,,,,,,,,,,,,,,,,,,,,,,,,,,,,,,,,,,,,,,,,,,,,,,,,,,,,,,,,,,,,,,,,,,,,,,,,,,,,,,,,,,33587,"<span lang=""EN-GB"">Suppose you want to browse the internet when you are at home with people you know (e.g., acquaintances, colleagues).<o:p></o:p></span>"
10/20/2018 13:41,10/20/2018 13:42,0,73.20.67.33,78,59,0,10/27/2018 13:42,R_3sdgWtigKSCu3tX,,,,,,,anonymous,EN,"1,3,4",,,,,,,,,,,,,,,,,,,,,,,,,,,,,,,,,,,,,,,,,,,,,,,,,,,,,,,,,,,,,,,,,,,,,,,,,,,,,,,,,,,,,,,,,,,,,,,,,,,,,,,,,,,,,,,,,,,,,,,,,,,,,,,,,,,,,,,,,,,,,,,,,,,,,,,,,,,,,,,,,,,,,,,,,,,,,,,,,,,,,,,,,,,,,,,,,,,,,,,,,,,,,,,,,,,63528,"<span lang=""EN-GB"">Suppose you want to find a route to home while walking on a street.<o:p></o:p></span>"
10/27/2018 13:43,10/27/2018 13:43,0,99.203.155.194,100,23,1,10/27/2018 13:43,R_3Krrk0sdUDmQn5M,,,,,29.66859436,-95.33820343,anonymous,EN,"2,4",,,,,,,,,,,,,,,,,,,,,,,,,,,,,,,,,,,,,,,,,,,,,,,,,,,,,,,,,,,,,,,,,,,,,,,,,,,,,,,,,,,,,,,,,,,,,,,,,,,,,,,,,,,,,,,,,,,,,,,,,,,,,,,,,,,,,,,,,,,,,,,,,,,,,,,,,,,,,,,,,,,,,,,,,,,,,,,,,,,,,,,,,,,,,,,,,,,,,,,,,,,,,,,,,,,89623,"<span lang=""EN-GB"">Suppose you are at Starbucks with your close friends and you realize today is the last day to pay one of your bills online.<o:p></o:p></span>"
10/27/2018 13:32,10/27/2018 13:45,0,73.125.128.101,100,768,1,10/27/2018 13:45,R_3k51D0yBafS3l1w,,,,,25.65739441,-80.36270142,anonymous,EN,"1,2,3,4,5,6","2,4",,"1,2",,"1,3",,1,,4,,3,"2,3",,"1,2",,2,"1,3",,"2,3",,"1,2,3",,"1,2",,"1,2",,"1,2",,,,,,,,,,,,,,,,,,,,,,,,,,,,,,,,,,,,,,,,,,,,,,,,,,,,,,,,,,,,,,,,,,,,,,,,,,,,,,,,,,,,,,,,,,,,,,,,,,,,,,,,,,,,,,,,,,,,,,,,,,,,,,,,,,,,,,,,,,,,,,,,,,,,,,,,,,,,,,,,,,,,,,,,,,,,,,,,,,,,,,,,60345,"<span lang=""EN-GB"">Suppose you have planned to meet a friend next week and you want to&nbsp;put this on your calendar </span><span lang=""EN-GB"">when</span><span lang=""EN-GB""> you are surrounded by people you know (e.g., acquaintances, colleagues) at your home.</span><span lang=""EN-GB""><o:p></o:p></span>"
10/27/2018 13:09,10/27/2018 13:48,0,100.35.97.44,100,2367,1,10/27/2018 13:48,R_VRnLyCFpALauasx,,,,,40.74450684,-74.15080261,anonymous,EN,"1,2,3,4,5,6","2,3",,3,,"2,3,4",,1,,1,,2,5,,2,,2,"3,4",,5,,7,,5,,5,,"1,2",,2,,,,,,,,,,,,,,,,,,,,,,,,,,,,,,1,,5,,"1,2",,1,,1,,2,5,,5,,5,,"1,2,3",,3,,2,,3,,5,,"1,2",,,,,,,,,,,,,,,,,,,,,,,,,,,,,,,,,,,,,,,,,,,,,,,,,,,,,,,,,,,,,,,,,,,,,,,,,,,,,,,,,,,,,,,,,,,,,,,,,,,,,,,,,,,,,,,,,,,,,,male ,50,retired military,3,1,,3,61056,"<span lang=""EN-GB"">Suppose you want to read a digital document when you are at Starbucks with people you know (e.g., acquaintances, colleagues).<o:p></o:p></span>"
10/27/2018 13:43,10/27/2018 13:52,0,173.21.112.34,100,556,1,10/27/2018 13:52,R_3IXLDAjbNP9Sw7r,,,,,30.75439453,-88.26670074,anonymous,EN,"1,2,3,4,5","1,2,5",,"1,2",,"1,2",,1,,"3,4",,3,"1,3",,"2,3",,"2,3","2,3",,"1,2",,"2,3",,"1,2",,"2,3",,2,,,,,,,,,,,,,,,,,,,,,,,,,,,,,,,,,,,,,,,,,,,,,,,,,,,,,,,,,,,,,,,,,,,,,,,,,,,,,,,,,,,,,,,,,,,,,,,,,,,,,,,,,,,,,,,,,,,,,,,,,,,,,,,,,,,,,,,,,,,,,,,,,,,,,,,,,,,,,,,,,,,,,,,,,,,,,,,,,,,,,,,,50140,"<span lang=""EN-GB"">Suppose you are alone and relaxing at home, you have just read a new book that&nbsp;</span>you loved and now you want a write a review for your close family and friends."
10/27/2018 13:49,10/27/2018 13:53,0,73.204.124.125,100,245,1,10/27/2018 13:53,R_10VHXuu2M6uf88E,,,,,27.59989929,-80.4382019,anonymous,EN,"2,3,4","2,4,5",,1,,3,,1,,"3,4",,1,"1,2,3",,2,,1,"1,2,3",,"1,2",,3,,2,,"1,2",,"1,2",,,,,,,,,,,,,,,,,,,,,,,,,,,,,,,,,,,,,,,,,,,,,,,,,,,,,,,,,,,,,,,,,,,,,,,,,,,,,,,,,,,,,,,,,,,,,,,,,,,,,,,,,,,,,,,,,,,,,,,,,,,,,,,,,,,,,,,,,,,,,,,,,,,,,,,,,,,,,,,,,,,,,,,,,,,,,,,,,,,,,,,,77630,"<span lang=""EN-GB"">Suppose you want to browse the internet when you are alone at a restaurant.<o:p></o:p></span>"
10/27/2018 13:50,10/27/2018 13:55,0,76.97.137.20,100,252,1,10/27/2018 13:55,R_3pu60RDMi6uo9vo,,,,,33.87690735,-83.89679718,anonymous,EN,"1,2,3,4","1,2",,"1,2",,"1,2",,1,,1,,1,5,,1,,1,"1,3",,"1,2",,"3,4",,2,,1,,2,,,,,,,,,,,,,,,,,,,,,,,,,,,,,,,,,,,,,,,,,,,,,,,,,,,,,,,,,,,,,,,,,,,,,,,,,,,,,,,,,,,,,,,,,,,,,,,,,,,,,,,,,,,,,,,,,,,,,,,,,,,,,,,,,,,,,,,,,,,,,,,,,,,,,,,,,,,,,,,,,,,,,,,,,,,,,,,,,,,,,,,,82465,"<span lang=""EN-GB"">Suppose you have planned to meet a friend next week and you want to put this on your calendar when you are with a very close friend at a restaurant&nbsp;<o:p></o:p></span>"
10/27/2018 13:44,10/27/2018 13:55,0,204.14.77.93,100,692,1,10/27/2018 13:55,R_3oQNb7QWyyARlHW,,,,,40.73129272,-73.98919678,anonymous,EN,"1,2,3,4","2,3,4,5",,1,,"1,2,3",,1,,1,,2,"1,2,3",,2,,2,"1,2,3",,"2,3",,"1,3",,"2,3",,"2,3",,"1,2",,"2,4",,,,,,,,,,,,,,,,,,,,,,,,,,,,,,"2,3",,1,,1,,1,,2,,4,1,,5,,5,,3,,"1,3",,2,,"1,3",,1,,4,,,,,,,,,,,,,,,,,,,,,,,,,,,,,,,"2,3",,1,,1,,1,,2,,2,1,,5,,5,,2,,3,,2,,3,,1,,4,,,,,,,,,,,,,,,,,,,,,,,,,,,,,,,,,,,,,,,,,,,,,,,,,,,,,,,,,,,,Male,47,Education Assistant,3,1,,7,94371,"<span lang=""EN-GB"">Suppose you are on a short vacation and you want to take a picture in front&nbsp;</span>of an iconic monument when you are surrounded by many people."
10/27/2018 13:48,10/27/2018 13:58,0,100.35.97.44,100,563,1,10/27/2018 13:58,R_3qk9keJBcgcEcoy,,,,,40.74450684,-74.15080261,anonymous,EN,"1,2,3,4,5,6","1,2",,5,,4,,1,,"2,3",,2,5,,5,,2,4,,"1,2,3",,2,,"1,2,3",,5,,4,,"2,5",,,,,,,,,,,,,,,,,,,,,,,,,,,,,,"1,2",,1,,"3,4",,3,,1,,2,5,,5,,5,,"3,4",,"1,2,3",,"2,3",,"1,2,3",,5,,1,,,,,,,,,,,,,,,,,,,,,,,,,,,,,,,,,,,,,,,,,,,,,,,,,,,,,,,,,,,,1,,5,,"2,4",,1,,"2,3",,"1,2",5,,5,,5,,4,,"2,4",,"2,3",,"2,4",,5,,4,,,,,,,,,,,,,,,,,,,,,,,,,,,,,,,female,34,realtor,4,3,,5,53640,"<span id=""docs-internal-guid-5a7e3441-7fff-9d1f-10e6-454a1d940975""><span style=""font-size: 11pt; font-family: Arial; color: rgb(0, 0, 0); background-color: transparent; font-variant-numeric: normal; font-variant-east-asian: normal; vertical-align: baseline; white-space: pre-wrap;"">Suppose you want to call your mother for sharing an important update about your life &nbsp;when you are alone at home</span><br> <br><br></span>"
10/27/2018 14:00,10/27/2018 14:03,0,73.216.222.54,100,171,1,10/27/2018 14:03,R_3fiwHK2q38lHHLa,,,,,37.46380615,-77.39800262,anonymous,EN,"1,2,3,5","1,2",,1,,"1,2",,1,,1,,1,1,,2,,2,1,,1,,1,,1,,"1,2",,1,,,,,,,,,,,,,,,,,,,,,,,,,,,,,,,,,,,,,,,,,,,,,,,,,,,,,,,,,,,,,,,,,,,,,,,,,,,,,,,,,,,,,,,,,,,,,,,,,,,,,,,,,,,,,,,,,,,,,,,,,,,,,,,,,,,,,,,,,,,,,,,,,,,,,,,,,,,,,,,,,,,,,,,,,,,,,,,,,,,,,,,,25417,"<span lang=""EN-GB"">Suppose
     you want to watch some video when you are with people you know (e.g.,
     acquaintances, colleagues) at your home.<o:p></o:p></span>"
10/27/2018 14:03,10/27/2018 14:03,0,162.199.90.12,100,17,1,10/27/2018 14:03,R_2xQ0f3dhzblgVqx,,,,,37.25680542,-121.8896027,anonymous,EN,2,,,,,,,,,,,,,,,,,,,,,,,,,,,,,,,,,,,,,,,,,,,,,,,,,,,,,,,,,,,,,,,,,,,,,,,,,,,,,,,,,,,,,,,,,,,,,,,,,,,,,,,,,,,,,,,,,,,,,,,,,,,,,,,,,,,,,,,,,,,,,,,,,,,,,,,,,,,,,,,,,,,,,,,,,,,,,,,,,,,,,,,,,,,,,,,,,,,,,,,,,,,,,,,,,,,78592,"<span lang=""EN-GB"">Suppose
     you want to call your mother for sharing an important update about your
     life yourself when you are with a very close friend at a park.&nbsp;<o:p></o:p></span>"
10/27/2018 14:03,10/27/2018 14:05,0,73.216.222.54,100,91,1,10/27/2018 14:05,R_12JZ9UKzy29yZtG,,,,,37.46380615,-77.39800262,anonymous,EN,"1,2,3,5,6","1,2",,1,,2,,1,,1,,4,1,,1,,1,2,,2,,1,,1,,1,,1,,,,,,,,,,,,,,,,,,,,,,,,,,,,,,,,,,,,,,,,,,,,,,,,,,,,,,,,,,,,,,,,,,,,,,,,,,,,,,,,,,,,,,,,,,,,,,,,,,,,,,,,,,,,,,,,,,,,,,,,,,,,,,,,,,,,,,,,,,,,,,,,,,,,,,,,,,,,,,,,,,,,,,,,,,,,,,,,,,,,,,,,80410,"<span style=""color: rgb(0, 0, 0); font-family: Times; font-size: medium;"">Suppose you want to watch some video when you are with people you know (e.g., acquaintances, colleagues) at Starbucks</span>"
10/27/2018 14:04,10/27/2018 14:06,0,70.63.112.211,100,103,1,10/27/2018 14:06,R_3kIncv57X0auH0a,,,,,34.00039673,-81.03340149,anonymous,EN,"1,2,4,6","2,4",,3,,"2,4",,1,,3,,1,"1,3",,"2,3",,"1,2",3,,"1,2",,3,,"1,2",,2,,2,,,,,,,,,,,,,,,,,,,,,,,,,,,,,,,,,,,,,,,,,,,,,,,,,,,,,,,,,,,,,,,,,,,,,,,,,,,,,,,,,,,,,,,,,,,,,,,,,,,,,,,,,,,,,,,,,,,,,,,,,,,,,,,,,,,,,,,,,,,,,,,,,,,,,,,,,,,,,,,,,,,,,,,,,,,,,,,,,,,,,,,,42157,"<span lang=""EN-GB"">Suppose you are alone at home when you realize today is the last day to pay one of your bills online.<o:p></o:p></span>"
10/27/2018 14:08,10/27/2018 14:12,0,73.82.249.197,100,268,1,10/27/2018 14:12,R_3HoHVlOTgglrMzh,,,,,34.49650574,-84.93450165,anonymous,EN,"1,2,3,4,5,6","1,2",,"1,2",,2,,1,,1,,4,"1,3",,"1,2,3",,2,"2,3,4",,"2,3",,"1,3,4",,"2,3",,1,,2,,,,,,,,,,,,,,,,,,,,,,,,,,,,,,,,,,,,,,,,,,,,,,,,,,,,,,,,,,,,,,,,,,,,,,,,,,,,,,,,,,,,,,,,,,,,,,,,,,,,,,,,,,,,,,,,,,,,,,,,,,,,,,,,,,,,,,,,,,,,,,,,,,,,,,,,,,,,,,,,,,,,,,,,,,,,,,,,,,,,,,,,48225,"<span lang=""EN-GB"">Suppose
     you want to set up a reminder when you are with people you know (e.g.,
     acquaintances, colleagues) at your home.<o:p></o:p></span>"
10/27/2018 14:11,10/27/2018 14:14,0,174.202.10.59,100,154,1,10/27/2018 14:14,R_74i5f4IygPsjiSZ,,,,,40.67840576,-73.9210968,anonymous,EN,"1,2,3,4","2,3,4,5",,3,,"1,2,3",,1,,1,,2,"1,2,3",,"1,2,3",,2,"1,3",,"1,2",,"3,4",,1,,"1,2",,"1,2",,,,,,,,,,,,,,,,,,,,,,,,,,,,,,,,,,,,,,,,,,,,,,,,,,,,,,,,,,,,,,,,,,,,,,,,,,,,,,,,,,,,,,,,,,,,,,,,,,,,,,,,,,,,,,,,,,,,,,,,,,,,,,,,,,,,,,,,,,,,,,,,,,,,,,,,,,,,,,,,,,,,,,,,,,,,,,,,,,,,,,,,61346,"<span lang=""EN-GB"" style=""font-size:11.0pt;line-height:115%;
font-family:&quot;Arial&quot;,sans-serif;mso-fareast-font-family:Arial;mso-ansi-language:
EN-GB;mso-fareast-language:EN-US;mso-bidi-language:AR-SA"">Suppose you want to
read a digital document when you are at Starbucks surrounded with your close
friends.</span>"
10/25/2018 19:13,10/27/2018 14:18,0,216.162.154.100,100,155146,1,10/27/2018 14:18,R_1rHuT0U9egtwo6j,,,,,30.44779968,-84.32109833,anonymous,EN,"1,2,3","1,2",,"1,2",,2,,1,,"1,3,4",,"1,3","1,3",,"1,3",,"1,3","1,3,4",,"1,3",,2,,"1,3",,"1,3",,1,,"1,2,3","1,4",,"1,3",,"1,3",,3,,"1,3",,"1,3","1,3",,"1,2",,"1,3",,"1,3",,"1,3",,"1,2",,"1,3",,"1,3",,"1,2",,"2,4",,"1,3",,"2,3",,1,,"1,3",,2,"1,3",,"1,3",,"1,2",,"2,3",,"1,3",,"1,3",,"1,3",,"1,3",,"1,2",,"2,4",,"2,3",,"1,3",,1,,"1,4",,"1,3","1,2",,"2,3",,"1,2",,"1,3",,"1,3",,1,,"2,3",,"1,3",,2,,,,,,,,,,,,,,,,,,,,,,,,,,,,,,,,,,,,,,,,,,,,,,,,,,,,,,,,,,,,,,,,,,,,,,,,,,,,,,,,,,,,,,,,,,,,,,,,58445,"<span lang=""EN-GB"" style=""font-size:11.0pt;line-height:115%;
font-family:&quot;Arial&quot;,sans-serif;mso-fareast-font-family:Arial;mso-ansi-language:
EN-GB;mso-fareast-language:EN-US;mso-bidi-language:AR-SA"">Suppose you want to browse the internet when you are alone at your home.</span>"
10/27/2018 14:18,10/27/2018 14:20,0,71.224.217.211,100,148,1,10/27/2018 14:20,R_3rJ4WTERdgXsQ6R,,,,,40.18089294,-75.21559906,anonymous,EN,"1,2,3,4",2,,1,,"1,2",,1,,3,,1,2,,2,,1,"1,2",,2,,3,,2,,"1,3",,2,,2,,,,,,,,,,,,,,,,,,,,,,,,,,,,,,2,,1,,1,,1,,"2,3",,2,1,,2,,3,,2,,2,,2,,2,,2,,1,,,,,,,,,,,,,,,,,,,,,,,,,,,,,,,,,,,,,,,,,,,,,,,,,,,,,,,,,,,,,,,,,,,,,,,,,,,,,,,,,,,,,,,,,,,,,,,,,,,,,,,,,,,,,,,,,,,,,,,,,,,,,76226,"<span lang=""EN-GB"">Suppose
     you want to read a digital document when you are at Starbucks.<o:p></o:p></span>"
10/27/2018 14:22,10/27/2018 14:24,0,210.185.160.247,100,113,1,10/27/2018 14:24,R_2YLejDCGYVMWdIK,,,,,14.64660645,121.0509033,anonymous,EN,"1,2,4",3,,2,,2,,1,,3,,2,1,,2,,1,1,,2,,4,,3,,2,,1,,,,,,,,,,,,,,,,,,,,,,,,,,,,,,,,,,,,,,,,,,,,,,,,,,,,,,,,,,,,,,,,,,,,,,,,,,,,,,,,,,,,,,,,,,,,,,,,,,,,,,,,,,,,,,,,,,,,,,,,,,,,,,,,,,,,,,,,,,,,,,,,,,,,,,,,,,,,,,,,,,,,,,,,,,,,,,,,,,,,,,,,86164,"<span lang=""EN-GB"">Suppose you want to a send a text message when you are surrounded with people you are close to (e.g., friends, family members) at your home.<strong><o:p></o:p></strong></span>"
10/27/2018 14:27,10/27/2018 14:28,0,97.70.167.36,100,15,1,10/27/2018 14:28,R_3mauLToE5V5slD6,,,,,42.46040344,-83.45770264,anonymous,EN,4,,,,,,,,,,,,,,,,,,,,,,,,,,,,,,,,,,,,,,,,,,,,,,,,,,,,,,,,,,,,,,,,,,,,,,,,,,,,,,,,,,,,,,,,,,,,,,,,,,,,,,,,,,,,,,,,,,,,,,,,,,,,,,,,,,,,,,,,,,,,,,,,,,,,,,,,,,,,,,,,,,,,,,,,,,,,,,,,,,,,,,,,,,,,,,,,,,,,,,,,,,,,,,,,,,,38356,"<span lang=""EN-GB"">Suppose
     you want to a send a text message when you are with a very close friend at
     a restaurant&nbsp;<o:p></o:p></span>"
10/27/2018 14:17,10/27/2018 14:34,0,107.142.196.62,100,1040,1,10/27/2018 14:34,R_1riEWeazGdVUwDx,,,,,37.51609802,-82.51730347,anonymous,EN,"1,2,3,4","1,2,3,4,5",,3,,"1,2,3,4",,3,,1,,3,"1,2,3",,5,,3,"1,2",,2,,6,,2,,5,,1,,"1,2,3,4",4,,3,,"1,2",,3,,1,,3,"1,2",,5,,5,,"1,2",,3,,2,,3,,1,,4,,"1,2,3",,5,,"1,2,3",,1,,1,,3,"1,2",,5,,5,,"2,3",,"1,2,3",,2,,"2,3",,1,,4,,4,,3,,"2,3",,3,,1,,3,"1,2",,5,,5,,2,,3,,2,,3,,5,,1,,"2,5",,5,,"3,4",,1,,1,,3,"1,2",,5,,5,,"1,2",,"2,3",,2,,"2,3",,1,,4,,,,,,,,,,,,,,,,,,,,,,,,,,,,,,,,,,,,,,,,,,,,,,,,,,,,,,,,,,,,,,,,,,,88208,"<span lang=""EN-GB"">Suppose you have planned to meet a friend next week and you want to put this on your calendar when you are surrounded with people you are close to (e.g., friends, family members) at your home.<strong><o:p></o:p></strong></span>"
10/20/2018 14:27,10/20/2018 14:34,0,71.162.176.106,88,408,0,10/27/2018 14:34,R_1K71k1ARClW9swp,,,,,,,anonymous,EN,"1,2,4,6","2,3,4",,"1,2",,1,,1,,"2,3,4",,"2,3","1,2",,"1,2",,"2,3","2,3",,"1,2",,"1,3,4",,2,,"1,3",,2,,2,,,,,,,,,,,,,,,,,,,,,,,,,,,,,,,,,,,,,,,,,,,,,,,,,,,,,,,,,,,,,,,,,,,,,,,,,,,,,,,,,,,,,,,,,,,,,,,,,,,,,,,,,,,,,,,,,,,,,,,,,,,,,,,,,,,,,,,,,,,,,,,,,,,,,,,,,,,,,,,,,,,,,,,,,,,,,,,,,,,,,,45394,"<span lang=""EN-GB"" style=""font-size:11.0pt;line-height:115%;
font-family:&quot;Arial&quot;,sans-serif;mso-fareast-font-family:Arial;mso-ansi-language:
EN-GB;mso-fareast-language:EN-US;mso-bidi-language:AR-SA"">Suppose you want to a
view a text message when you are alone at home</span>"
10/27/2018 14:35,10/27/2018 14:36,0,24.127.203.108,100,42,1,10/27/2018 14:36,R_3qg4Xwf1RyKlvCK,,,,,42.73910522,-84.57039642,anonymous,EN,2,,,,,,,,,,,,,,,,,,,,,,,,,,,,,,,,,,,,,,,,,,,,,,,,,,,,,,,,,,,,,,,,,,,,,,,,,,,,,,,,,,,,,,,,,,,,,,,,,,,,,,,,,,,,,,,,,,,,,,,,,,,,,,,,,,,,,,,,,,,,,,,,,,,,,,,,,,,,,,,,,,,,,,,,,,,,,,,,,,,,,,,,,,,,,,,,,,,,,,,,,,,,,,,,,,,16787,"<span lang=""EN-GB"">Suppose
     you want to listen to some audio when you are alone at Starbucks.<o:p></o:p></span>"
10/27/2018 14:46,10/27/2018 14:46,0,75.164.79.220,100,20,1,10/27/2018 14:46,R_12JV7xEanaOflmo,,,,,45.45799255,-122.7073975,anonymous,EN,"1,2",,,,,,,,,,,,,,,,,,,,,,,,,,,,,,,,,,,,,,,,,,,,,,,,,,,,,,,,,,,,,,,,,,,,,,,,,,,,,,,,,,,,,,,,,,,,,,,,,,,,,,,,,,,,,,,,,,,,,,,,,,,,,,,,,,,,,,,,,,,,,,,,,,,,,,,,,,,,,,,,,,,,,,,,,,,,,,,,,,,,,,,,,,,,,,,,,,,,,,,,,,,,,,,,,,,39800,"<span lang=""EN-GB"">Suppose you want to control some devices/appliances (e.g., smart lights) when you are at home with people you are close to (e.g., friends, family members)<strong><o:p></o:p></strong></span>"
10/27/2018 14:44,10/27/2018 14:48,0,65.191.251.81,100,244,1,10/27/2018 14:48,R_1hMbJsvXqylr5PW,,,,,35.18840027,-79.47319794,anonymous,EN,"1,2,3,4","2,5",,1,,"1,2,3",,1,,1,,"2,3","1,2,3",,"2,3",,3,"1,2,3",,"1,2",,6,,"1,2",,"1,2,3",,2,,,,,,,,,,,,,,,,,,,,,,,,,,,,,,,,,,,,,,,,,,,,,,,,,,,,,,,,,,,,,,,,,,,,,,,,,,,,,,,,,,,,,,,,,,,,,,,,,,,,,,,,,,,,,,,,,,,,,,,,,,,,,,,,,,,,,,,,,,,,,,,,,,,,,,,,,,,,,,,,,,,,,,,,,,,,,,,,,,,,,,,,61107,"Suppose you are alone at home, you want to take a break from studying/working&nbsp;<p>so you decide to play a video game with some with some people you know (e.g., acquaintances, colleagues).<o:p></o:p></p>"
10/27/2018 14:48,10/27/2018 14:50,0,68.63.232.45,100,130,1,10/27/2018 14:50,R_rcpfstcYCLBsgRX,,,,,33.27220154,-87.53600311,anonymous,EN,2,,,,,,,,,,,,,,,,,,,,,,,,,,,,,,,,,,,,,,,,,,,,,,,,,,,,,,,,,,,,,,,,,,,,,,,,,,,,,,,,,,,,,,,,,,,,,,,,,,,,,,,,,,,,,,,,,,,,,,,,,,,,,,,,,,,,,,,,,,,,,,,,,,,,,,,,,,,,,,,,,,,,,,,,,,,,,,,,,,,,,,,,,,,,,,,,,,,,,,,,,,,,,,,,,,,15092,"<span lang=""EN-GB"">Suppose you want to a view a text message when you are alone at a street.<o:p></o:p></span>"
10/27/2018 14:52,10/27/2018 14:52,0,47.134.148.164,100,15,1,10/27/2018 14:52,R_22Rgv8Ulm7OmrVu,,,,,35.90299988,-82.28759766,anonymous,EN,"2,6",,,,,,,,,,,,,,,,,,,,,,,,,,,,,,,,,,,,,,,,,,,,,,,,,,,,,,,,,,,,,,,,,,,,,,,,,,,,,,,,,,,,,,,,,,,,,,,,,,,,,,,,,,,,,,,,,,,,,,,,,,,,,,,,,,,,,,,,,,,,,,,,,,,,,,,,,,,,,,,,,,,,,,,,,,,,,,,,,,,,,,,,,,,,,,,,,,,,,,,,,,,,,,,,,,,29380,"<span lang=""EN-GB"">Suppose you want to set up a reminder about something when you are at Starbucks with close friends.<o:p></o:p></span>"
10/27/2018 14:50,10/27/2018 14:53,0,107.77.216.210,100,163,1,10/27/2018 14:53,R_2qkfBpx6loKDYLG,,,,,25.99209595,-80.27120209,anonymous,EN,"1,2,4",2,,1,,"1,2,3,4",,1,,"1,3",,1,5,,5,,4,6,,"1,2,3",,"3,4",,"1,2,3",,"1,2,3",,2,,,,,,,,,,,,,,,,,,,,,,,,,,,,,,,,,,,,,,,,,,,,,,,,,,,,,,,,,,,,,,,,,,,,,,,,,,,,,,,,,,,,,,,,,,,,,,,,,,,,,,,,,,,,,,,,,,,,,,,,,,,,,,,,,,,,,,,,,,,,,,,,,,,,,,,,,,,,,,,,,,,,,,,,,,,,,,,,,,,,,,,,1531,"<span lang=""EN-GB"">Suppose
     you want to listen to some audio when you are with people you know (e.g.,
     acquaintances, colleagues) in a park.<o:p></o:p></span>


<p><span lang=""EN-GB"" style=""color:red"">&nbsp;</span></p>"
10/27/2018 14:47,10/27/2018 14:53,0,71.8.0.133,100,307,1,10/27/2018 14:53,R_3iru8ZvvPlLnMZe,,,,,32.38340759,-86.24340057,anonymous,EN,"1,2,3,4",7,,"1,2",,"1,2",,3,,1,,3,"1,2",,5,,3,"1,2",,2,,6,,1,,"1,3",,4,,,,,,,,,,,,,,,,,,,,,,,,,,,,,,,,,,,,,,,,,,,,,,,,,,,,,,,,,,,,,,,,,,,,,,,,,,,,,,,,,,,,,,,,,,,,,,,,,,,,,,,,,,,,,,,,,,,,,,,,,,,,,,,,,,,,,,,,,,,,,,,,,,,,,,,,,,,,,,,,,,,,,,,,,,,,,,,,,,,,,,,,34535,"<span lang=""EN-GB"" style=""font-size:11.0pt;line-height:115%;
font-family:&quot;Arial&quot;,sans-serif;mso-fareast-font-family:Arial;mso-ansi-language:
EN-GB;mso-fareast-language:EN-US;mso-bidi-language:AR-SA"">Suppose you have
planned to meet a friend next week and you want put this on your calendar<span style=""color:#434343""> when you with </span>people you know (e.g.,
acquaintances, colleagues)<span style=""color:#434343""> at a park</span></span>"
10/27/2018 15:00,10/27/2018 15:00,0,50.5.57.98,100,16,1,10/27/2018 15:00,R_2dACJHxR0xrCqdM,,,,,39.21000671,-84.39499664,anonymous,EN,"1,2",,,,,,,,,,,,,,,,,,,,,,,,,,,,,,,,,,,,,,,,,,,,,,,,,,,,,,,,,,,,,,,,,,,,,,,,,,,,,,,,,,,,,,,,,,,,,,,,,,,,,,,,,,,,,,,,,,,,,,,,,,,,,,,,,,,,,,,,,,,,,,,,,,,,,,,,,,,,,,,,,,,,,,,,,,,,,,,,,,,,,,,,,,,,,,,,,,,,,,,,,,,,,,,,,,,25451,"<span lang=""EN-GB"" style=""font-size:11.0pt;line-height:115%;
font-family:&quot;Arial&quot;,sans-serif;mso-fareast-font-family:Arial;mso-ansi-language:
EN-GB;mso-fareast-language:EN-US;mso-bidi-language:AR-SA"">Suppose you want to
read a digital document when you are at Starbucks surrounded with your close
friends.</span>"
10/27/2018 15:03,10/27/2018 15:10,0,72.130.18.195,100,369,1,10/27/2018 15:10,R_9pKJtAXeYLn9aZH,,,,,20.84689331,-156.3327026,anonymous,EN,"1,2,3,4,5","1,2,4",,"1,2",,"1,3,4",,3,,1,,"2,3","1,2,3",,"2,3",,"2,3","3,4",,"1,2",,"2,3,4",,"1,2",,"1,3",,2,,"2,4",,,,,,,,,,,,,,,,,,,,,,,,,,,,,,"1,2,4",,"1,2",,"2,3",,1,,1,,"2,3","1,3",,"2,3",,"1,3",,"3,4",,"2,3,4",,"1,2",,"2,3,4",,"1,3",,2,,,,,,,,,,,,,,,,,,,,,,,,,,,,,,,"1,2,3",,"2,3",,"2,3",,1,,1,,"2,3","1,3",,"2,3",,3,,"2,3",,"2,3",,2,,"2,3,4",,"1,3",,2,,,,,,,,,,,,,,,,,,,,,,,,,,,,,,,,,,,,,,,,,,,,,,,,,,,,,,,,,,,,,,,,,,,31602,"<span lang=""EN-GB"">Suppose you are at a park, you have just read a book you loved and now you&nbsp;</span>want to write a review for it to share with people you are close to (e.g., friends, family members)"
10/20/2018 15:12,10/20/2018 15:19,0,73.85.200.236,78,431,0,10/27/2018 15:20,R_yDWNyo6FQaPH4Gd,,,,,,,anonymous,EN,"1,2,3,4,6",,,,,,,,,,,,,,,,,,,,,,,,,,,,,,,,,,,,,,,,,,,,,,,,,,,,,,,,,,,,,,,,,,,,,,,,,,,,,,,,,,,,,,,,,,,,,,,,,,,,,,,,,,,,,,,,,,,,,,,,,,,,,,,,,,,,,,,,,,,,,,,,,,,,,,,,,,,,,,,,,,,,,,,,,,,,,,,,,,,,,,,,,,,,,,,,,,,,,,,,,,,,,,,,,,,80422,"<span lang=""EN-GB"">Suppose you want to call your mother for sharing an important
     update about your life&nbsp; when you
     with people you know (e.g., acquaintances, colleagues) at a park<o:p></o:p></span>"
10/27/2018 15:22,10/27/2018 15:22,0,107.77.203.216,100,11,1,10/27/2018 15:22,R_1M4yeSrwXEXLRwH,,,,,38.92019653,-77.03749847,anonymous,EN,"1,2",,,,,,,,,,,,,,,,,,,,,,,,,,,,,,,,,,,,,,,,,,,,,,,,,,,,,,,,,,,,,,,,,,,,,,,,,,,,,,,,,,,,,,,,,,,,,,,,,,,,,,,,,,,,,,,,,,,,,,,,,,,,,,,,,,,,,,,,,,,,,,,,,,,,,,,,,,,,,,,,,,,,,,,,,,,,,,,,,,,,,,,,,,,,,,,,,,,,,,,,,,,,,,,,,,,597,"<span lang=""EN-GB"">Suppose
     you want to purchase something (e.g., book, household items) online when
     you are with your close friends at a park.<o:p></o:p></span>"
10/27/2018 15:22,10/27/2018 15:23,0,107.77.203.216,100,12,1,10/27/2018 15:23,R_uwubLSR4RV9I2xb,,,,,38.92019653,-77.03749847,anonymous,EN,2,,,,,,,,,,,,,,,,,,,,,,,,,,,,,,,,,,,,,,,,,,,,,,,,,,,,,,,,,,,,,,,,,,,,,,,,,,,,,,,,,,,,,,,,,,,,,,,,,,,,,,,,,,,,,,,,,,,,,,,,,,,,,,,,,,,,,,,,,,,,,,,,,,,,,,,,,,,,,,,,,,,,,,,,,,,,,,,,,,,,,,,,,,,,,,,,,,,,,,,,,,,,,,,,,,,16790,"<span lang=""EN-GB"">Suppose
     you want to a send a text message when you with people you know (e.g., acquaintances,
     colleagues) at a street<strong>.</strong><o:p></o:p></span>"
10/27/2018 15:31,10/27/2018 15:33,0,196.16.110.119,100,103,1,10/27/2018 15:33,R_cLSLuxIEV3QroIh,,,,,34.05439758,-118.2440033,anonymous,EN,"1,2,3","1,2",,"2,3",,"2,3,4",,1,,"2,4",,"1,2","2,3",,"2,3",,"2,3","2,3",,"1,2",,"2,3",,"2,3",,"1,3",,1,,,,,,,,,,,,,,,,,,,,,,,,,,,,,,,,,,,,,,,,,,,,,,,,,,,,,,,,,,,,,,,,,,,,,,,,,,,,,,,,,,,,,,,,,,,,,,,,,,,,,,,,,,,,,,,,,,,,,,,,,,,,,,,,,,,,,,,,,,,,,,,,,,,,,,,,,,,,,,,,,,,,,,,,,,,,,,,,,,,,,,,,32782,"<span lang=""EN-GB"">Suppose
     you want to listen to some audio when you are with your friends at
     Starbucks.<o:p></o:p></span>"
10/27/2018 15:39,10/27/2018 15:39,0,172.104.213.245,100,7,1,10/27/2018 15:39,R_2dHpRtP2VX5eTUM,,,,,39.47450256,-74.45749664,anonymous,EN,4,,,,,,,,,,,,,,,,,,,,,,,,,,,,,,,,,,,,,,,,,,,,,,,,,,,,,,,,,,,,,,,,,,,,,,,,,,,,,,,,,,,,,,,,,,,,,,,,,,,,,,,,,,,,,,,,,,,,,,,,,,,,,,,,,,,,,,,,,,,,,,,,,,,,,,,,,,,,,,,,,,,,,,,,,,,,,,,,,,,,,,,,,,,,,,,,,,,,,,,,,,,,,,,,,,,42464,"<span lang=""EN-GB"">Suppose
     you want to find a route to home when you are alone at Starbucks.<o:p></o:p></span>"
10/20/2018 15:50,10/20/2018 15:51,0,107.77.249.4,88,80,0,10/27/2018 15:52,R_3es2tIvDxqX1M6F,,,,,,,anonymous,EN,"1,2,6",2,,1,,"1,2,3",,3,,1,,4,"1,2,3",,3,,4,1,,"1,2",,7,,"1,2",,5,,2,,2,,,,,,,,,,,,,,,,,,,,,,,,,,,,,,,,,,,,,,,,,,,,,,,,,,,,,,,,,,,,,,,,,,,,,,,,,,,,,,,,,,,,,,,,,,,,,,,,,,,,,,,,,,,,,,,,,,,,,,,,,,,,,,,,,,,,,,,,,,,,,,,,,,,,,,,,,,,,,,,,,,,,,,,,,,,,,,,,,,,,,,65713,"<span lang=""EN-GB"">Suppose
     you want to a view a text message when you are with a very close friend at
     a restaurant&nbsp;<o:p></o:p></span>"
10/27/2018 15:53,10/27/2018 16:00,0,71.90.13.88,100,384,1,10/27/2018 16:00,R_3KMVtXC5DhFCTQu,,,,,42.42170715,-88.99430084,anonymous,EN,"1,2,3,4,6","2,3",,1,,2,,3,,1,,2,2,,3,,4,3,,2,,3,,2,,"1,2",,2,,,,,,,,,,,,,,,,,,,,,,,,,,,,,,,,,,,,,,,,,,,,,,,,,,,,,,,,,,,,,,,,,,,,,,,,,,,,,,,,,,,,,,,,,,,,,,,,,,,,,,,,,,,,,,,,,,,,,,,,,,,,,,,,,,,,,,,,,,,,,,,,,,,,,,,,,,,,,,,,,,,,,,,,,,,,,,,,,,,,,,,,50905,"<span lang=""EN-GB"">Suppose you are at sitting at Starbucks and you want to play a digital/online&nbsp;</span>game with some close friends."
10/27/2018 16:02,10/27/2018 16:06,0,99.69.9.45,100,279,1,10/27/2018 16:07,R_3KITZyuA44JFhSB,,,,,36.35510254,-119.3009949,anonymous,EN,"1,2,4",2,,2,,3,,1,,3,,2,2,,2,,1,1,,1,,2,,2,,3,,1,,,,,,,,,,,,,,,,,,,,,,,,,,,,,,,,,,,,,,,,,,,,,,,,,,,,,,,,,,,,,,,,,,,,,,,,,,,,,,,,,,,,,,,,,,,,,,,,,,,,,,,,,,,,,,,,,,,,,,,,,,,,,,,,,,,,,,,,,,,,,,,,,,,,,,,,,,,,,,,,,,,,,,,,,,,,,,,,,,,,,,,,71606,"<span lang=""EN-GB"">Suppose you want to a send a text message when you are alone at a street.<o:p></o:p></span>"
10/27/2018 16:11,10/27/2018 16:12,0,108.207.127.204,100,60,1,10/27/2018 16:12,R_cMan1Fy8GYIcAyR,,,,,36.75810242,-119.8112946,anonymous,EN,"1,2,3,5,6","1,2,3,4",,"1,2,3",,"1,2,4",,1,,1,,2,"1,2,3",,"1,2,3",,2,2,,"1,2",,"1,2,3",,"1,2,3",,"1,2",,"1,2",,,,,,,,,,,,,,,,,,,,,,,,,,,,,,,,,,,,,,,,,,,,,,,,,,,,,,,,,,,,,,,,,,,,,,,,,,,,,,,,,,,,,,,,,,,,,,,,,,,,,,,,,,,,,,,,,,,,,,,,,,,,,,,,,,,,,,,,,,,,,,,,,,,,,,,,,,,,,,,,,,,,,,,,,,,,,,,,,,,,,,,,27214,"<span lang=""EN-GB"">Suppose you want to read a digital document when you are in a park with people you know (e.g., acquaintances, colleagues).<o:p></o:p></span>"
10/27/2018 16:12,10/27/2018 16:12,0,108.207.127.204,100,5,1,10/27/2018 16:12,R_1kRhEuoVWcuYA1T,,,,,36.75810242,-119.8112946,anonymous,EN,"2,6",,,,,,,,,,,,,,,,,,,,,,,,,,,,,,,,,,,,,,,,,,,,,,,,,,,,,,,,,,,,,,,,,,,,,,,,,,,,,,,,,,,,,,,,,,,,,,,,,,,,,,,,,,,,,,,,,,,,,,,,,,,,,,,,,,,,,,,,,,,,,,,,,,,,,,,,,,,,,,,,,,,,,,,,,,,,,,,,,,,,,,,,,,,,,,,,,,,,,,,,,,,,,,,,,,,93753,"<span lang=""EN-GB"">Suppose you have planned to meet a friend next week and you want to&nbsp;put this on your calendar </span><span lang=""EN-GB"">when</span><span lang=""EN-GB""> you are surrounded by people you know (e.g., acquaintances, colleagues) at your home.</span><span lang=""EN-GB""><o:p></o:p></span>"
10/27/2018 16:12,10/27/2018 16:14,0,108.207.127.204,100,159,1,10/27/2018 16:15,R_3ikeMpwHsDhyIUO,,,,,36.75810242,-119.8112946,anonymous,EN,"1,2,5,6","1,2,3,5",,1,,"1,2",,1,,"1,2,3",,1,"2,3",,3,,1,1,,1,,7,,1,,"1,3",,"1,2",,"1,2,5,6","1,2,4",,3,,"2,3",,1,,3,,2,2,,"1,2",,2,,2,,3,,2,,3,,3,,2,,"1,2,5",,3,,3,,1,,1,,2,3,,1,,2,,"1,2",,3,,1,,2,,3,,2,,,,,,,,,,,,,,,,,,,,,,,,,,,,,,,,,,,,,,,,,,,,,,,,,,,,,,,,,,,,2,,2,,3,,1,,2,,2,2,,2,,2,,2,,3,,1,,3,,2,,2,,3,,3,,3,,1,,3,,2,3,,1,,2,,1,,3,,2,,3,,"1,2",,2,,,,,,,,,7697,"Suppose you want to purchase something (e.g., book,
     household items) online when you are with people
     you know (e.g., acquaintances, colleagues) at
     Starbucks.<o:p></o:p>"
10/27/2018 16:15,10/27/2018 16:23,0,73.92.238.143,100,476,1,10/27/2018 16:23,R_2a7qbVDclRiySwp,,,,,36.71029663,-121.6437988,anonymous,EN,"2,3,4,5","1,2,4",,1,,1,,1,,1,,3,"1,2,3",,"2,3",,3,1,,2,,2,,"2,3",,"1,3",,1,,,,,,,,,,,,,,,,,,,,,,,,,,,,,,,,,,,,,,,,,,,,,,,,,,,,,,,,,,,,,,,,,,,,,,,,,,,,,,,,,,,,,,,,,,,,,,,,,,,,,,,,,,,,,,,,,,,,,,,,,,,,,,,,,,,,,,,,,,,,,,,,,,,,,,,,,,,,,,,,,,,,,,,,,,,,,,,,,,,,,,,,10334,"<span style=""color: rgb(0, 0, 0); font-family: Times; font-size: medium;"">Suppose you want to watch some video when you are with people you know (e.g., acquaintances, colleagues) at Starbucks</span>"
10/27/2018 16:38,10/27/2018 16:39,0,13.13.123.100,100,55,1,10/27/2018 16:39,R_2pLAGAdhIapNoj9,,,,,43.17399597,-77.56369781,anonymous,EN,"1,2,3,4,5,6","1,2",,"1,2",,"1,2",,1,,2,,2,1,,"1,2",,"1,2,3",3,,3,,"1,2,3",,"1,2,3",,1,,1,,,,,,,,,,,,,,,,,,,,,,,,,,,,,,,,,,,,,,,,,,,,,,,,,,,,,,,,,,,,,,,,,,,,,,,,,,,,,,,,,,,,,,,,,,,,,,,,,,,,,,,,,,,,,,,,,,,,,,,,,,,,,,,,,,,,,,,,,,,,,,,,,,,,,,,,,,,,,,,,,,,,,,,,,,,,,,,,,,,,,,,,43944,"<span lang=""EN-GB"">Suppose you want to listen to some audio when you are alone in a park.<o:p></o:p></span>"
10/27/2018 16:31,10/27/2018 16:43,0,107.2.68.78,100,710,1,10/27/2018 16:43,R_sMPmXjc5j3DgUff,,,,,44.99949646,-93.09690094,anonymous,EN,"1,2,4","2,4,5",,1,,"1,3",,1,,1,,"2,3","1,2,3",,5,,"2,3",6,,5,,3,,5,,5,,"1,2",,"1,2",4,,1,,3,,1,,2,,"2,3","1,2,3",,5,,5,,6,,"3,6",,5,,"3,6",,"1,2",,4,,"2,5",,1,,6,,1,,2,,2,"1,2,3",,5,,5,,6,,"1,6",,5,,6,,1,,4,,,,,,,,,,,,,,,,,,,,,,,,,,,,,,,,,,,,,,,,,,,,,,,,,,,,,,,,,,,,,,,,,,,,,,,,,,,,,,,,,,,,,,,,,,,,,,,,,,,,,,,,,,,,,,,,,,,,,,,,,,,,,24673,"<span lang=""EN-GB"">Suppose
     you want to watch some video when you are alone at Starbucks.<o:p></o:p></span>"
10/20/2018 16:44,10/20/2018 16:49,0,23.121.76.86,88,295,0,10/27/2018 16:49,R_2uy1KMphytssBI1,,,,,,,anonymous,EN,"1,2,3,5","1,2,3,4",,1,,1,,1,,1,,3,2,,"1,2,3",,3,2,,2,,3,,2,,2,,"1,2",,2,,,,,,,,,,,,,,,,,,,,,,,,,,,,,,,,,,,,,,,,,,,,,,,,,,,,,,,,,,,,,,,,,,,,,,,,,,,,,,,,,,,,,,,,,,,,,,,,,,,,,,,,,,,,,,,,,,,,,,,,,,,,,,,,,,,,,,,,,,,,,,,,,,,,,,,,,,,,,,,,,,,,,,,,,,,,,,,,,,,,,,72050,"<span lang=""EN-GB"">Suppose
     you want to set up a reminder when you are alone at your home.<strong><o:p></o:p></strong></span>"
10/20/2018 16:52,10/20/2018 16:57,0,172.58.184.95,88,273,0,10/27/2018 16:57,R_1DMYF6OZmy3iS2j,,,,,,,anonymous,EN,"1,2,3,4,5,6",7,,3,,6,,3,,1,,"2,3",5,,5,,"2,3",6,,"2,3",,7,,"2,3",,1,,3,"I don't want to connect anything, I just want to playthe music, which is an out of the box feature for everything. ","1,2,4,5",,,,,,,,,,,,,,,,,,,,,,,,,,,,,,,,,,,,,,,,,,,,,,,,,,,,,,,,,,,,,,,,,,,,,,,,,,,,,,,,,,,,,,,,,,,,,,,,,,,,,,,,,,,,,,,,,,,,,,,,,,,,,,,,,,,,,,,,,,,,,,,,,,,,,,,,,,,,,,,,,,,,,,,,,,,,,,,,,,,,,,78672,"<span lang=""EN-GB"">Suppose
     you want to listen to some audio when you with people you know (e.g.,
     acquaintances, colleagues) at Starbucks<o:p></o:p></span>"
10/27/2018 17:08,10/27/2018 17:11,0,73.188.165.196,100,204,1,10/27/2018 17:11,R_27HEjOCNm5ljasX,,,,,40.26350403,-75.61720276,anonymous,EN,"1,2,6","1,2,3,5",,"1,2",,2,,1,,1,,2,2,,"1,3",,"2,3","2,3,4",,"1,2",,"1,2,3,4",,2,,"1,3",,1,,,,,,,,,,,,,,,,,,,,,,,,,,,,,,,,,,,,,,,,,,,,,,,,,,,,,,,,,,,,,,,,,,,,,,,,,,,,,,,,,,,,,,,,,,,,,,,,,,,,,,,,,,,,,,,,,,,,,,,,,,,,,,,,,,,,,,,,,,,,,,,,,,,,,,,,,,,,,,,,,,,,,,,,,,,,,,,,,,,,,,,,55778,"<span lang=""EN-GB"">Suppose you want to read a digital document when you are at a park.<o:p></o:p></span>"
10/20/2018 17:15,10/20/2018 17:24,0,72.65.110.147,88,552,0,10/27/2018 17:25,R_3D7I32vUVHItgdt,,,,,,,anonymous,EN,"1,2,3,4","2,4,5",,5,,"2,3",,3,,1,,"2,3","1,2,3",,2,,"2,3","1,2,3",,2,,"3,6",,2,,2,,4,,"1,2,3,4",,,,,,,,,,,,,,,,,,,,,,,,,,,,,,,,,,,,,,,,,,,,,,,,,,,,,,,,,,,4,,5,,"2,3",,3,,1,,"2,3","1,2,3",,3,,3,,"1,2,3",,3,,2,,3,,2,,1,,,,,,,,,,,,,,,,,,,,,,,,,,,,,,,,,,,,,,,,,,,,,,,,,,,,,,,,,,,,,,,,,,,,,,,,,,,,,,,,,,,,,,,,,,,,,,,,3711,"<span lang=""EN-GB"">Suppose you are alone at home when you realize today is the last day to pay one of your bills online.<o:p></o:p></span>"
10/27/2018 17:15,10/27/2018 17:26,0,68.253.157.91,100,625,1,10/27/2018 17:26,R_2CPKilz3sysAwS9,,,,,38.21740723,-85.74040222,anonymous,EN,"1,2,3,4","1,2,3,4,5",,"1,2,3",,"1,2,3,4",,1,,1,,"2,3","1,2,3",,"1,2,3",,4,"1,2,3,4",,"1,2,3",,"2,3,4,6",,"1,2,3",,"1,2,3",,"1,2",,,,,,,,,,,,,,,,,,,,,,,,,,,,,,,,,,,,,,,,,,,,,,,,,,,,,,,,,,,,,,,,,,,,,,,,,,,,,,,,,,,,,,,,,,,,,,,,,,,,,,,,,,,,,,,,,,,,,,,,,,,,,,,,,,,,,,,,,,,,,,,,,,,,,,,,,,,,,,,,,,,,,,,,,,,,,,,,,,,,,,,,27432,"<span lang=""EN-GB"">Suppose you want to read a digital document when you are at Starbucks with people you know (e.g., acquaintances, colleagues).<o:p></o:p></span>"
10/27/2018 17:26,10/27/2018 17:34,0,73.19.181.22,100,463,1,10/27/2018 17:34,R_1I5AGTjpACZCrPd,,,,,30.69749451,-88.10289764,anonymous,EN,"1,2,3","2,5",,3,,4,,1,,1,,3,"1,2",,3,,3,2,,2,,3,,5,,"1,2",,2,,,,,,,,,,,,,,,,,,,,,,,,,,,,,,,,,,,,,,,,,,,,,,,,,,,,,,,,,,,,,,,,,,,,,,,,,,,,,,,,,,,,,,,,,,,,,,,,,,,,,,,,,,,,,,,,,,,,,,,,,,,,,,,,,,,,,,,,,,,,,,,,,,,,,,,,,,,,,,,,,,,,,,,,,,,,,,,,,,,,,,,,13407,"<span lang=""EN-GB"">Suppose you want to call your mother for sharing an important
     update about your life&nbsp; when you
     with people you know (e.g., acquaintances, colleagues) at a park<o:p></o:p></span>"
10/27/2018 18:00,10/27/2018 18:01,0,67.174.66.252,100,86,1,10/27/2018 18:01,R_w7XRUz1LVHHB59T,,,,,37.38250732,-79.2181015,anonymous,EN,1,,,,,,,,,,,,,,,,,,,,,,,,,,,,,,,,,,,,,,,,,,,,,,,,,,,,,,,,,,,,,,,,,,,,,,,,,,,,,,,,,,,,,,,,,,,,,,,,,,,,,,,,,,,,,,,,,,,,,,,,,,,,,,,,,,,,,,,,,,,,,,,,,,,,,,,,,,,,,,,,,,,,,,,,,,,,,,,,,,,,,,,,,,,,,,,,,,,,,,,,,,,,,,,,,,,92374,"<span lang=""EN-GB"">Suppose
     you want to listen to some audio when you are at home with people you are
     close to (e.g., friends, family members).<strong><o:p></o:p></strong></span>"
10/27/2018 18:30,10/27/2018 18:31,0,75.143.141.3,100,25,1,10/27/2018 18:31,R_3sdot4Gcq6RAmKW,,,,,45.70449829,-89.38659668,anonymous,EN,"1,2",,,,,,,,,,,,,,,,,,,,,,,,,,,,,,,,,,,,,,,,,,,,,,,,,,,,,,,,,,,,,,,,,,,,,,,,,,,,,,,,,,,,,,,,,,,,,,,,,,,,,,,,,,,,,,,,,,,,,,,,,,,,,,,,,,,,,,,,,,,,,,,,,,,,,,,,,,,,,,,,,,,,,,,,,,,,,,,,,,,,,,,,,,,,,,,,,,,,,,,,,,,,,,,,,,,96822,"<span lang=""EN-GB"">Suppose
     you are at starbucks and you realize today is the last day to pay one of
     your bills online.<o:p></o:p></span>"
10/27/2018 18:49,10/27/2018 18:56,0,76.117.182.123,100,403,1,10/27/2018 18:56,R_2wLm7QLGvW2lozT,,,,,40.78590393,-74.25679779,anonymous,EN,"1,2,3,4","1,2",,"1,2",,"1,2,3,4",,1,,1,,2,"1,2,3",,"1,2,3",,"2,3","2,4",,"1,2,3",,6,,"1,2,3",,"1,2,3",,"1,2",,,,,,,,,,,,,,,,,,,,,,,,,,,,,,,,,,,,,,,,,,,,,,,,,,,,,,,,,,,,,,,,,,,,,,,,,,,,,,,,,,,,,,,,,,,,,,,,,,,,,,,,,,,,,,,,,,,,,,,,,,,,,,,,,,,,,,,,,,,,,,,,,,,,,,,,,,,,,,,,,,,,,,,,,,,,,,,,,,,,,,,,9414,"<span lang=""EN-GB"">Suppose
     you want to purchase something online when you are alone at your home.<o:p></o:p></span>"
10/27/2018 18:38,10/27/2018 19:00,0,69.47.88.205,100,1335,1,10/27/2018 19:00,R_3ewfM9TouYmlMtw,,,,,41.69960022,-87.66280365,anonymous,EN,"1,2,3",2,,1,,"1,2,3",,1,,1,,3,"1,2,3",,"1,2,3",,3,"1,2,3",,"1,2",,3,,"1,2",,"1,2,3",,4,,2,,,,,,,,,,,,,,,,,,,,,,,,,,,,,,2,,1,,"1,2,3",,1,,1,,3,"1,2,3",,"1,2,3",,"1,2,3",,"1,2,3",,3,,"1,2",,3,,"1,2,3",,4,,,,,,,,,,,,,,,,,,,,,,,,,,,,,,,,,,,,,,,,,,,,,,,,,,,,,,,,,,,,,,,,,,,,,,,,,,,,,,,,,,,,,,,,,,,,,,,,,,,,,,,,,,,,,,,,,,,,,,female,67,retired,7,1,,2,55192,"<span lang=""EN-GB"">Suppose
     you want to a send a text message when you are with a very close friend at
     a restaurant&nbsp;<o:p></o:p></span>"
10/27/2018 19:01,10/27/2018 19:02,0,216.107.59.219,100,22,1,10/27/2018 19:02,R_Ox51BQNAlyeVFzH,,,,,37.75100708,-97.8219986,anonymous,EN,1,,,,,,,,,,,,,,,,,,,,,,,,,,,,,,,,,,,,,,,,,,,,,,,,,,,,,,,,,,,,,,,,,,,,,,,,,,,,,,,,,,,,,,,,,,,,,,,,,,,,,,,,,,,,,,,,,,,,,,,,,,,,,,,,,,,,,,,,,,,,,,,,,,,,,,,,,,,,,,,,,,,,,,,,,,,,,,,,,,,,,,,,,,,,,,,,,,,,,,,,,,,,,,,,,,,93668,"<span lang=""EN-GB"">Suppose
     you are at a park and you realize today is the last day to pay one of your
     bills online.<o:p></o:p></span>"
10/27/2018 18:55,10/27/2018 19:04,0,70.127.62.224,100,553,1,10/27/2018 19:04,R_2CweJmqB94eLjYG,,,,,28.14790344,-82.03720093,anonymous,EN,"1,2,3,4","2,5",,1,,"1,2,3",,3,,1,,"2,3","2,3",,"2,3",,"2,3","1,2,3",,2,,3,,2,,3,,2,,2,,,,,,,,,,,,,,,,,,,,,,,,,,,,,,"1,2,3",,1,,"1,2,3",,1,,1,,"1,2",2,,"2,3",,3,,1,,"3,4",,2,,3,,1,,2,,,,,,,,,,,,,,,,,,,,,,,,,,,,,,,,,,,,,,,,,,,,,,,,,,,,,,,,,,,,,,,,,,,,,,,,,,,,,,,,,,,,,,,,,,,,,,,,,,,,,,,,,,,,,,,,,,,,,,,,,,,,,96281,"Suppose you want to check your social media status
     when you are at Starbucks.<o:p></o:p>"
10/27/2018 19:00,10/27/2018 19:06,0,75.188.141.50,100,311,1,10/27/2018 19:06,R_2f37QsXcmeVAdBr,,,,,39.94239807,-83.28530121,anonymous,EN,"2,3,4","1,2",,"1,2",,"1,2",,3,,1,,4,"1,2",,"2,3",,4,"1,2,3,4",,"1,2,3",,"1,3",,"1,2,3",,"1,2,3",,2,,"2,3,4",,,,,,,,,,,,,,,,,,,,,,,,,,,,,,"1,2",,"1,2",,2,,1,,1,,4,5,,2,,5,,"1,4",,"1,2,3,4",,5,,"1,3",,"1,2,3",,2,,4,,5,,6,,3,,1,,4,5,,5,,5,,6,,7,,1,,7,,5,,"1,2",,"1,2",,5,,6,,1,,1,,4,5,,5,,5,,6,,"3,4",,1,,"1,3,4",,"1,2,3",,2,,,,,,,,,,,,,,,,,,,,,,,,,,,,,,,,,,,,,,,,,,,,,,,,,,,,,,,,,,,,,,,,,,,29016,"<span lang=""EN-GB"">Suppose you want to a send an email when you are surrounded with people you are close to (e.g., friends, family members) at your home.<strong><o:p></o:p></strong></span>"
10/27/2018 19:08,10/27/2018 19:08,0,73.160.155.33,100,14,1,10/27/2018 19:08,R_2fKdehP15GO0l25,,,,,39.75390625,-74.9960022,anonymous,EN,2,,,,,,,,,,,,,,,,,,,,,,,,,,,,,,,,,,,,,,,,,,,,,,,,,,,,,,,,,,,,,,,,,,,,,,,,,,,,,,,,,,,,,,,,,,,,,,,,,,,,,,,,,,,,,,,,,,,,,,,,,,,,,,,,,,,,,,,,,,,,,,,,,,,,,,,,,,,,,,,,,,,,,,,,,,,,,,,,,,,,,,,,,,,,,,,,,,,,,,,,,,,,,,,,,,,11392,"<span lang=""EN-GB"">Suppose
     you want to a send an email when you are surrounded by people you know
     (e.g., acquaintances, colleagues) at a restaurant.<o:p></o:p></span>"
10/27/2018 19:26,10/27/2018 19:28,0,70.127.140.125,100,135,1,10/27/2018 19:28,R_12cieSAEZ2FRKD0,,,,,27.90040588,-82.71520233,anonymous,EN,"1,2,3,4,6",4,,2,,4,,1,,1,,"1,3",2,,2,,2,1,,3,,3,,1,,3,,2,,,,,,,,,,,,,,,,,,,,,,,,,,,,,,,,,,,,,,,,,,,,,,,,,,,,,,,,,,,,,,,,,,,,,,,,,,,,,,,,,,,,,,,,,,,,,,,,,,,,,,,,,,,,,,,,,,,,,,,,,,,,,,,,,,,,,,,,,,,,,,,,,,,,,,,,,,,,,,,,,,,,,,,,,,,,,,,,,,,,,,,,83103,"<span lang=""EN-GB"">Suppose
     you want to a view a text message when you are alone at Starbucks.<o:p></o:p></span>"
10/27/2018 19:47,10/27/2018 19:51,0,184.155.52.193,100,247,1,10/27/2018 19:51,R_1mwqyqnnrSTlBtn,,,,,32.82949829,-109.6266022,anonymous,EN,"1,3,4,6",2,,"1,3",,1,,1,,1,,1,1,,2,,1,"1,2,3",,2,,"2,3",,1,,"2,3",,2,,,,,,,,,,,,,,,,,,,,,,,,,,,,,,,,,,,,,,,,,,,,,,,,,,,,,,,,,,,,,,,,,,,,,,,,,,,,,,,,,,,,,,,,,,,,,,,,,,,,,,,,,,,,,,,,,,,,,,,,,,,,,,,,,,,,,,,,,,,,,,,,,,,,,,,,,,,,,,,,,,,,,,,,,,,,,,,,,,,,,,,,81009,"<span lang=""EN-GB"">Suppose you are alone at home when you realize today is the last day to pay one of your bills online.<o:p></o:p></span>"
10/27/2018 19:48,10/27/2018 19:52,0,184.155.52.193,100,278,1,10/27/2018 19:52,R_1llZo9O48lfP1gz,,,,,32.82949829,-109.6266022,anonymous,EN,"1,2,3,4,5,6","1,2",,"1,2",,1,,1,,1,,1,1,,"1,2",,1,"1,2",,"1,2",,2,,"1,2,3",,"1,2",,1,,,,,,,,,,,,,,,,,,,,,,,,,,,,,,,,,,,,,,,,,,,,,,,,,,,,,,,,,,,,,,,,,,,,,,,,,,,,,,,,,,,,,,,,,,,,,,,,,,,,,,,,,,,,,,,,,,,,,,,,,,,,,,,,,,,,,,,,,,,,,,,,,,,,,,,,,,,,,,,,,,,,,,,,,,,,,,,,,,,,,,,,56074,"<span lang=""EN-GB"">Suppose
     you are at a park with your close friends and you realize today is the
     last day to pay one of your bills online.<o:p></o:p></span>"
10/27/2018 19:48,10/27/2018 19:54,0,184.155.52.193,100,389,1,10/27/2018 19:54,R_2SluN9qvpGMGI7B,,,,,32.82949829,-109.6266022,anonymous,EN,"1,2,3,4,6","1,2,3",,1,,1,,1,,1,,"1,2",1,,1,,"1,2","1,2",,"1,2",,"1,2",,"1,2",,1,,"1,2",,"2,6",,,,,,,,,,,,,,,,,,,,,,,,,,,,,,"1,2,3",,"1,2",,1,,1,,1,,1,"1,2",,"1,2",,1,,1,,2,,1,,2,,2,,2,,,,,,,,,,,,,,,,,,,,,,,,,,,,,,,,,,,,,,,,,,,,,,,,,,,,,,,,,,,,,,,,,,,,,,,,,,,,,,,,,,,,,,,,,"1,2",,2,,1,,1,,1,,1,"1,2",,1,,"1,2",,"1,2",,"2,3",,1,,"2,3",,"2,3",,2,,,,,,,,,27490,"<span lang=""EN-GB"">Suppose you want to set up a reminder when you are at a park with close friends.<o:p></o:p></span>"
10/27/2018 19:54,10/27/2018 19:54,0,75.111.239.251,100,27,1,10/27/2018 19:54,R_6LsJnUTlHu2PcK5,,,,,33.51589966,-101.9344025,anonymous,EN,"1,2",,,,,,,,,,,,,,,,,,,,,,,,,,,,,,,,,,,,,,,,,,,,,,,,,,,,,,,,,,,,,,,,,,,,,,,,,,,,,,,,,,,,,,,,,,,,,,,,,,,,,,,,,,,,,,,,,,,,,,,,,,,,,,,,,,,,,,,,,,,,,,,,,,,,,,,,,,,,,,,,,,,,,,,,,,,,,,,,,,,,,,,,,,,,,,,,,,,,,,,,,,,,,,,,,,,96133,"<span lang=""EN-GB"">Suppose you have planned to meet a friend next week and you want to put this on your calendar when you are alone at a park<o:p></o:p></span>"
10/27/2018 19:49,10/27/2018 20:01,0,74.103.169.71,100,714,1,10/27/2018 20:01,R_2cdRTm9bSIVsKPy,,,,,39.80439758,-75.46489716,anonymous,EN,"1,2,4,5","1,2,4",,"1,2",,"1,2,3",,1,,"1,2,3",,"1,2","1,2,3",,"1,2",,"1,2","1,2,4",,"1,2,3",,"2,3",,"1,2,3",,"1,2,3",,"1,2",,1,"1,2,4",,"1,2",,"1,2,3",,1,,"1,2,3",,"1,2","1,2",,"1,2",,"1,2",,"1,2,3",,"2,3",,"1,2",,"2,3",,"1,2",,"1,2",,,,,,,,,,,,,,,,,,,,,,,,,,,,,,,,,,,,,,,,,,,,,,,,,,,,,,,,,,,,,,,,,,,,,,,,,,,,,,,,,,,,,,,,,,,,,,,,,,,,,,,,,,,,,,,,,,,,,,,,,,,,,,,,,,,,,,,,,,,,,,,,,,,Female,59,Retail,3,3,,2,69043,
10/27/2018 20:01,10/27/2018 20:01,0,49.148.120.166,100,30,1,10/27/2018 20:01,R_3pfFY0r19zMyGLP,,,,,10.31030273,123.9494019,anonymous,EN,"1,2",,,,,,,,,,,,,,,,,,,,,,,,,,,,,,,,,,,,,,,,,,,,,,,,,,,,,,,,,,,,,,,,,,,,,,,,,,,,,,,,,,,,,,,,,,,,,,,,,,,,,,,,,,,,,,,,,,,,,,,,,,,,,,,,,,,,,,,,,,,,,,,,,,,,,,,,,,,,,,,,,,,,,,,,,,,,,,,,,,,,,,,,,,,,,,,,,,,,,,,,,,,,,,,,,,,38852,"<span lang=""EN-GB"">Suppose
     you want to a view a text message when you are surrounded by people you
     know (e.g., acquaintances, colleagues) at your home.<o:p></o:p></span>"
10/27/2018 20:04,10/27/2018 20:08,0,67.81.125.226,100,260,1,10/27/2018 20:08,R_2PhWwWpa7Af340b,,,,,40.873703,-73.87120056,anonymous,EN,"2,4,5,6","3,4",,1,,2,,1,,3,,2,1,,"2,3",,"2,3",3,,1,,3,,2,,"2,3",,2,,,,,,,,,,,,,,,,,,,,,,,,,,,,,,,,,,,,,,,,,,,,,,,,,,,,,,,,,,,,,,,,,,,,,,,,,,,,,,,,,,,,,,,,,,,,,,,,,,,,,,,,,,,,,,,,,,,,,,,,,,,,,,,,,,,,,,,,,,,,,,,,,,,,,,,,,,,,,,,,,,,,,,,,,,,,,,,,,,,,,,,,47156,"<span lang=""EN-GB"">Suppose
     you want to take a click a photo when you are alone at home.<o:p></o:p></span>"
10/20/2018 20:12,10/20/2018 20:12,0,68.230.7.236,78,11,0,10/27/2018 20:12,R_3dVOCqCM58CmdP7,,,,,,,anonymous,EN,"1,2,3,4,5,6",,,,,,,,,,,,,,,,,,,,,,,,,,,,,,,,,,,,,,,,,,,,,,,,,,,,,,,,,,,,,,,,,,,,,,,,,,,,,,,,,,,,,,,,,,,,,,,,,,,,,,,,,,,,,,,,,,,,,,,,,,,,,,,,,,,,,,,,,,,,,,,,,,,,,,,,,,,,,,,,,,,,,,,,,,,,,,,,,,,,,,,,,,,,,,,,,,,,,,,,,,,,,,,,,,,21871,"<span lang=""EN-GB"">Suppose you want to browse internet when you are with your close friends at a restaurant.<o:p></o:p></span>"
10/20/2018 20:20,10/20/2018 20:22,0,24.160.120.245,78,104,0,10/27/2018 20:22,R_3qe2NNJjLxqFlzm,,,,,,,anonymous,EN,"1,2,5",,,,,,,,,,,,,,,,,,,,,,,,,,,,,,,,,,,,,,,,,,,,,,,,,,,,,,,,,,,,,,,,,,,,,,,,,,,,,,,,,,,,,,,,,,,,,,,,,,,,,,,,,,,,,,,,,,,,,,,,,,,,,,,,,,,,,,,,,,,,,,,,,,,,,,,,,,,,,,,,,,,,,,,,,,,,,,,,,,,,,,,,,,,,,,,,,,,,,,,,,,,,,,,,,,,2691,"<span lang=""EN-GB"">Suppose you have planned to meet a friend next week and you want to put this on your calendar when you are surrounded with people you are close to (e.g., friends, family members) at your home.<strong><o:p></o:p></strong></span>"
10/27/2018 20:25,10/27/2018 20:25,0,71.82.146.151,100,12,1,10/27/2018 20:25,R_1DG6vs1l50NTaEW,,,,,44.78399658,-91.48770142,anonymous,EN,"1,2",,,,,,,,,,,,,,,,,,,,,,,,,,,,,,,,,,,,,,,,,,,,,,,,,,,,,,,,,,,,,,,,,,,,,,,,,,,,,,,,,,,,,,,,,,,,,,,,,,,,,,,,,,,,,,,,,,,,,,,,,,,,,,,,,,,,,,,,,,,,,,,,,,,,,,,,,,,,,,,,,,,,,,,,,,,,,,,,,,,,,,,,,,,,,,,,,,,,,,,,,,,,,,,,,,,19235,"<span lang=""EN-GB"">Suppose you are at a park with some people you know (e.g., acquaintances, colleagues) when you realize that you have to immediately pay one of your bills online.<o:p></o:p></span>"
10/27/2018 20:19,10/27/2018 20:28,0,104.53.207.65,100,543,1,10/27/2018 20:28,R_2tqYZfqzLWDnw6b,,,,,29.72290039,-98.07420349,anonymous,EN,"1,2,3,4,5",2,,1,,"1,3",,3,,"1,4",,1,"1,2",,2,,2,"1,4",,2,,7,,2,,5,,2,,,,,,,,,,,,,,,,,,,,,,,,,,,,,,,,,,,,,,,,,,,,,,,,,,,,,,,,,,,,,,,,,,,,,,,,,,,,,,,,,,,,,,,,,,,,,,,,,,,,,,,,,,,,,,,,,,,,,,,,,,,,,,,,,,,,,,,,,,,,,,,,,,,,,,,,,,,,,,,,,,,,,,,,,,,,,,,,,,,,,,,,54736,"<span lang=""EN-GB"">Suppose you want to a send an email when you are walking with a very close friend on a street.&nbsp;<o:p></o:p></span>"
10/27/2018 21:20,10/27/2018 21:20,0,96.255.140.181,100,18,1,10/27/2018 21:20,R_1F8moSN14F5f0iP,,,,,38.77070618,-77.44940186,anonymous,EN,"2,4",,,,,,,,,,,,,,,,,,,,,,,,,,,,,,,,,,,,,,,,,,,,,,,,,,,,,,,,,,,,,,,,,,,,,,,,,,,,,,,,,,,,,,,,,,,,,,,,,,,,,,,,,,,,,,,,,,,,,,,,,,,,,,,,,,,,,,,,,,,,,,,,,,,,,,,,,,,,,,,,,,,,,,,,,,,,,,,,,,,,,,,,,,,,,,,,,,,,,,,,,,,,,,,,,,,85563,"<span lang=""EN-GB"">Suppose
     you want to call your mother for sharing an important update about your
     life when you are with a very close friend at a restaurant&nbsp;<o:p></o:p></span>"
10/26/2018 5:08,10/27/2018 21:26,0,136.63.174.132,100,145135,1,10/27/2018 21:26,R_1ItO3QtJXv3Pyzw,,,,,38.88189697,-94.52050018,anonymous,EN,"1,2,3",2,,1,,2,,1,,1,,3,2,,2,,"1,3",1,,2,,4,,2,,5,,2,,,,,,,,,,,,,,,,,,,,,,,,,,,,,,,,,,,,,,,,,,,,,,,,,,,,,,,,,,,,,,,,,,,,,,,,,,,,,,,,,,,,,,,,,,,,,,,,,,,,,,,,,,,,,,,,,,,,,,,,,,,,,,,,,,,,,,,,,,,,,,,,,,,,,,,,,,,,,,,,,,,,,,,,,,,,,,,,,,,,,,,,10906,"<span lang=""EN-GB"">Suppose
     you want to a send a text message when you are alone at home<strong><o:p></o:p></strong></span>"
10/27/2018 21:34,10/27/2018 21:36,0,69.121.4.59,100,111,1,10/27/2018 21:36,R_2xPgJG7xtZ0CALf,,,,,40.59039307,-74.62670135,anonymous,EN,"1,2,6","1,2,3,4",,"1,2,3",,"1,2",,1,,"1,2",,"2,3","1,2",,"1,2",,2,"1,2",,"1,2",,"1,3,4",,"1,2",,"1,2,3",,"1,2",,,,,,,,,,,,,,,,,,,,,,,,,,,,,,,,,,,,,,,,,,,,,,,,,,,,,,,,,,,,,,,,,,,,,,,,,,,,,,,,,,,,,,,,,,,,,,,,,,,,,,,,,,,,,,,,,,,,,,,,,,,,,,,,,,,,,,,,,,,,,,,,,,,,,,,,,,,,,,,,,,,,,,,,,,,,,,,,,,,,,,,,29916,"<span lang=""EN-GB"">Suppose
     you want to listen to some audio when you are with people you know (e.g.,
     acquaintances, colleagues) at your home.<o:p></o:p></span>"
10/27/2018 22:02,10/27/2018 22:02,0,107.191.1.27,100,33,1,10/27/2018 22:02,R_3Gezx049KrXpxOY,,,,,40.70289612,-111.5481033,anonymous,EN,"2,4",,,,,,,,,,,,,,,,,,,,,,,,,,,,,,,,,,,,,,,,,,,,,,,,,,,,,,,,,,,,,,,,,,,,,,,,,,,,,,,,,,,,,,,,,,,,,,,,,,,,,,,,,,,,,,,,,,,,,,,,,,,,,,,,,,,,,,,,,,,,,,,,,,,,,,,,,,,,,,,,,,,,,,,,,,,,,,,,,,,,,,,,,,,,,,,,,,,,,,,,,,,,,,,,,,,45918,"<span lang=""EN-GB"">Suppose
     you want to a view a text message when you are surrounded by people you
     know (e.g., acquaintances, colleagues) at a restaurant.<o:p></o:p></span>"
10/27/2018 22:15,10/27/2018 22:15,0,75.139.128.215,100,14,1,10/27/2018 22:15,R_1dcAxlfogMpBVra,,,,,34.11239624,-83.99649811,anonymous,EN,"2,4",,,,,,,,,,,,,,,,,,,,,,,,,,,,,,,,,,,,,,,,,,,,,,,,,,,,,,,,,,,,,,,,,,,,,,,,,,,,,,,,,,,,,,,,,,,,,,,,,,,,,,,,,,,,,,,,,,,,,,,,,,,,,,,,,,,,,,,,,,,,,,,,,,,,,,,,,,,,,,,,,,,,,,,,,,,,,,,,,,,,,,,,,,,,,,,,,,,,,,,,,,,,,,,,,,,93090,"<span lang=""EN-GB"">Suppose
     you want to listen to some audio when you are with your close friends in a
     park.<o:p></o:p></span>"
10/27/2018 22:27,10/27/2018 22:34,0,98.117.80.101,100,430,1,10/27/2018 22:34,R_21sxHCROSt5rTWI,,,,,37.62469482,-77.43509674,anonymous,EN,"1,2,4",2,,3,,6,,1,,1,,1,"1,2",,5,,4,6,,5,,7,,5,,1,,4,,,,,,,,,,,,,,,,,,,,,,,,,,,,,,,,,,,,,,,,,,,,,,,,,,,,,,,,,,,,,,,,,,,,,,,,,,,,,,,,,,,,,,,,,,,,,,,,,,,,,,,,,,,,,,,,,,,,,,,,,,,,,,,,,,,,,,,,,,,,,,,,,,,,,,,,,,,,,,,,,,,,,,,,,,,,,,,,,,,,,,,,32395,"<span lang=""EN-GB"">Suppose
     you want to listen to some audio when you are alone at Starbucks.<o:p></o:p></span>"
10/27/2018 22:31,10/27/2018 22:35,0,73.162.232.9,100,241,1,10/27/2018 22:35,R_28zHfiqy3f3egbk,,,,,37.34829712,-121.9844055,anonymous,EN,"1,2,3,4,5,6",5,,"1,2",,1,,3,,1,,"2,3","1,2",,1,,"2,3","2,3,4",,"1,2",,4,,"2,3",,"1,2,3",,2,,,,,,,,,,,,,,,,,,,,,,,,,,,,,,,,,,,,,,,,,,,,,,,,,,,,,,,,,,,,,,,,,,,,,,,,,,,,,,,,,,,,,,,,,,,,,,,,,,,,,,,,,,,,,,,,,,,,,,,,,,,,,,,,,,,,,,,,,,,,,,,,,,,,,,,,,,,,,,,,,,,,,,,,,,,,,,,,,,,,,,,,13769,"<span lang=""EN-GB"">Suppose
     you want to watch some video when you are with your close friends in a
     park.<o:p></o:p></span>"
10/27/2018 22:38,10/27/2018 22:39,0,174.255.193.181,100,71,1,10/27/2018 22:39,R_1FrIWyj1Gpiam9d,,,,,37.75100708,-97.8219986,anonymous,EN,2,,,,,,,,,,,,,,,,,,,,,,,,,,,,,,,,,,,,,,,,,,,,,,,,,,,,,,,,,,,,,,,,,,,,,,,,,,,,,,,,,,,,,,,,,,,,,,,,,,,,,,,,,,,,,,,,,,,,,,,,,,,,,,,,,,,,,,,,,,,,,,,,,,,,,,,,,,,,,,,,,,,,,,,,,,,,,,,,,,,,,,,,,,,,,,,,,,,,,,,,,,,,,,,,,,,8899,"<span lang=""EN-GB"">Suppose
     you want to purchase something online when you are alone at a park.<o:p></o:p></span>"
10/27/2018 23:21,10/27/2018 23:21,0,97.118.67.197,100,19,1,10/27/2018 23:21,R_3NKAAcNDY4VxZls,,,,,39.73919678,-104.9847031,anonymous,EN,"1,2",,,,,,,,,,,,,,,,,,,,,,,,,,,,,,,,,,,,,,,,,,,,,,,,,,,,,,,,,,,,,,,,,,,,,,,,,,,,,,,,,,,,,,,,,,,,,,,,,,,,,,,,,,,,,,,,,,,,,,,,,,,,,,,,,,,,,,,,,,,,,,,,,,,,,,,,,,,,,,,,,,,,,,,,,,,,,,,,,,,,,,,,,,,,,,,,,,,,,,,,,,,,,,,,,,,79513,"<span lang=""EN-GB"">Suppose you are alone at home, you want to take a break from studying/working&nbsp;</span>so you decide to play an online/digital game."
10/27/2018 23:21,10/27/2018 23:26,0,97.118.67.197,100,261,1,10/27/2018 23:26,R_3elRsbBQJFqr6iW,,,,,39.73919678,-104.9847031,anonymous,EN,"1,2,4,6",2,,1,,2,,1,,1,,4,3,,1,,2,2,,2,,3,,2,,1,,2,,,,,,,,,,,,,,,,,,,,,,,,,,,,,,,,,,,,,,,,,,,,,,,,,,,,,,,,,,,,,,,,,,,,,,,,,,,,,,,,,,,,,,,,,,,,,,,,,,,,,,,,,,,,,,,,,,,,,,,,,,,,,,,,,,,,,,,,,,,,,,,,,,,,,,,,,,,,,,,,,,,,,,,,,,,,,,,,,,,,,,,,14846,"<span lang=""EN-GB"">Suppose you want to call your mother for sharing an important
     update about your life when you are surrounded by people you know (e.g.,
     acquaintances, colleagues) at your home.<o:p></o:p></span>"
10/27/2018 23:23,10/27/2018 23:28,0,157.46.85.10,100,338,1,10/27/2018 23:28,R_cSyXwujAZvem13j,,,,,11.6499939,78.16668701,anonymous,EN,4,,,,,,,,,,,,,,,,,,,,,,,,,,,,,,,,,,,,,,,,,,,,,,,,,,,,,,,,,,,,,,,,,,,,,,,,,,,,,,,,,,,,,,,,,,,,,,,,,,,,,,,,,,,,,,,,,,,,,,,,,,,,,,,,,,,,,,,,,,,,,,,,,,,,,,,,,,,,,,,,,,,,,,,,,,,,,,,,,,,,,,,,,,,,,,,,,,,,,,,,,,,,,,,,,,,57094,"<span lang=""EN-GB"">Suppose
     you want to listen to some audio when you are with people you know (e.g.,
     acquaintances, colleagues) in a park.<o:p></o:p></span>


<p><span lang=""EN-GB"" style=""color:red"">&nbsp;</span></p>"
10/27/2018 23:39,10/27/2018 23:40,0,67.169.109.205,100,109,1,10/27/2018 23:40,R_33v8mdjJoHOsTiv,,,,,38.0684967,-122.1613998,anonymous,EN,"1,2,4,6","2,4",,"1,2",,"1,3",,1,,"3,4",,2,"2,3",,"1,2",,"2,3","2,4",,"2,3",,"1,2,3",,"2,3",,"1,3",,"1,2",,,,,,,,,,,,,,,,,,,,,,,,,,,,,,,,,,,,,,,,,,,,,,,,,,,,,,,,,,,,,,,,,,,,,,,,,,,,,,,,,,,,,,,,,,,,,,,,,,,,,,,,,,,,,,,,,,,,,,,,,,,,,,,,,,,,,,,,,,,,,,,,,,,,,,,,,,,,,,,,,,,,,,,,,,,,,,,,,,,,,,,,28920,"<span lang=""EN-GB"">Suppose
     you want to call your mother for sharing an important update about your
     life when you are alone at Starbucks.<o:p></o:p></span>"
10/28/2018 0:11,10/28/2018 0:11,0,45.24.80.136,100,9,1,10/28/2018 0:11,R_3lxHHIAECvWJVGW,,,,,41.72569275,-87.55599976,anonymous,EN,"1,2",,,,,,,,,,,,,,,,,,,,,,,,,,,,,,,,,,,,,,,,,,,,,,,,,,,,,,,,,,,,,,,,,,,,,,,,,,,,,,,,,,,,,,,,,,,,,,,,,,,,,,,,,,,,,,,,,,,,,,,,,,,,,,,,,,,,,,,,,,,,,,,,,,,,,,,,,,,,,,,,,,,,,,,,,,,,,,,,,,,,,,,,,,,,,,,,,,,,,,,,,,,,,,,,,,,16944,"<span lang=""EN-GB"">Suppose
     you want to call your mother for sharing an important update about your
     life yourself when you are with a very close friend at a park.&nbsp;<o:p></o:p></span>"
10/28/2018 0:33,10/28/2018 0:36,0,73.8.251.200,100,170,1,10/28/2018 0:36,R_2aJ5lnLKNNgoCEn,,,,,42.36680603,-88.08879852,anonymous,EN,"2,3,4","1,2,3",,"1,3",,"1,2",,1,,"1,4",,2,"1,2,3",,1,,"2,3","1,2",,2,,"2,3",,"1,3",,"1,2",,2,,,,,,,,,,,,,,,,,,,,,,,,,,,,,,,,,,,,,,,,,,,,,,,,,,,,,,,,,,,,,,,,,,,,,,,,,,,,,,,,,,,,,,,,,,,,,,,,,,,,,,,,,,,,,,,,,,,,,,,,,,,,,,,,,,,,,,,,,,,,,,,,,,,,,,,,,,,,,,,,,,,,,,,,,,,,,,,,,,,,,,,,36833,"<span lang=""EN-GB"">Suppose you want to set up a reminder about something when you are at Starbucks with close friends.<o:p></o:p></span>"
10/28/2018 1:55,10/28/2018 1:57,0,162.231.52.170,100,117,1,10/28/2018 1:57,R_2OUzPfsJJ9nCwH6,,,,,33.70089722,-117.7564011,anonymous,EN,"1,2,3,4,5,6",2,,2,,1,,1,,1,,1,2,,1,,1,1,,1,,2,,1,,2,,2,,"1,2,6","1,4",,"1,2,3",,3,,1,,1,,3,3,,2,,2,,"2,4",,2,,1,,"2,3",,2,,2,,"2,3",,"1,2",,"1,2,3",,1,,"1,2",,"2,3","1,2",,"1,2",,2,,"2,3",,"2,3",,2,,3,,2,,"1,2",,,,,,,,,,,,,,,,,,,,,,,,,,,,,,,,,,,,,,,,,,,,,,,,,,,,,,,,,,,,,,,,,,,,,,,,,,,,,,,,,,,,,,,,,2,,"1,2",,"1,3",,1,,3,,2,3,,"2,3",,1,,1,,"1,2",,1,,"1,2",,"1,2",,2,,,,,,,,,15021,"<span lang=""EN-GB"">Suppose
     you want to a view a text message
     when you are walking with a very close friend on a street<o:p></o:p></span>"
10/28/2018 1:57,10/28/2018 1:58,0,162.231.52.170,100,37,1,10/28/2018 1:58,R_2ZIT3iMp3mEBhRn,,,,,33.70089722,-117.7564011,anonymous,EN,"1,2,3,6",3,,2,,4,,1,,2,,2,1,,1,,3,"1,2",,1,,"1,2",,"1,2",,1,,1,,,,,,,,,,,,,,,,,,,,,,,,,,,,,,,,,,,,,,,,,,,,,,,,,,,,,,,,,,,,,,,,,,,,,,,,,,,,,,,,,,,,,,,,,,,,,,,,,,,,,,,,,,,,,,,,,,,,,,,,,,,,,,,,,,,,,,,,,,,,,,,,,,,,,,,,,,,,,,,,,,,,,,,,,,,,,,,,,,,,,,,,87677,"Suppose
     you want to call your mother for sharing an important update about your
     life when you are surrounded by people you
     know (e.g., acquaintances, colleagues) at a restaurant.<o:p></o:p>"
10/28/2018 2:07,10/28/2018 2:24,0,75.67.110.187,100,1006,1,10/28/2018 2:24,R_1gnkua9jVj2L8LA,,,,,42.93589783,-70.82430267,anonymous,EN,"1,2,4","2,4,5",,5,,"1,2,3",,1,,"2,3",,"2,3","1,2,3",,3,,"2,3","2,3",,"1,2,3",,"3,6",,"1,2,3",,"1,2,3",,2,,"1,2,4",7,,5,,1,,1,,1,,3,"1,2,3",,5,,5,,2,,6,,2,,6,,"1,2,3",,4,,"2,4",,5,,1,,1,,1,,3,"1,2,3",,5,,5,,6,,3,,"1,2",,6,,"1,2,3",,4,,,,,,,,,,,,,,,,,,,,,,,,,,,,,,,7,,5,,1,,1,,1,,"2,3","1,2,3",,5,,5,,6,,6,,2,,6,,"1,2,3",,4,,,,,,,,,,,,,,,,,,,,,,,,,,,,,,,,,,,,,,,,,,,,,,,,,,,,,,,,,,,,,,,,,,,80634,"<span lang=""EN-GB"" style=""font-size:11.0pt;line-height:115%;
font-family:&quot;Arial&quot;,sans-serif;mso-fareast-font-family:Arial;mso-ansi-language:
EN-GB;mso-fareast-language:EN-US;mso-bidi-language:AR-SA"">Suppose you have
planned to meet a friend next week and you want put this on your calendar<span style=""color:#434343""> when you with </span>people you know (e.g.,
acquaintances, colleagues)<span style=""color:#434343""> at a park</span></span>"
10/28/2018 2:45,10/28/2018 2:52,0,68.11.66.182,100,452,1,10/28/2018 2:52,R_XF0bt8QTdDmipCp,,,,,30.00559998,-90.06439972,anonymous,EN,"1,2,3,4","2,4",,3,,"1,2,3,4",,1,,1,,1,"1,2",,"1,2,3",,"1,2","1,2,4",,"1,2,3",,6,,"1,2,3",,"1,2,3",,"1,2",,,,,,,,,,,,,,,,,,,,,,,,,,,,,,,,,,,,,,,,,,,,,,,,,,,,,,,,,,,,,,,,,,,,,,,,,,,,,,,,,,,,,,,,,,,,,,,,,,,,,,,,,,,,,,,,,,,,,,,,,,,,,,,,,,,,,,,,,,,,,,,,,,,,,,,,,,,,,,,,,,,,,,,,,,,,,,,,,,,,,,,,5577,"<span lang=""EN-GB"">Suppose you want to take a click a photo when you are with your close friends&nbsp;</span>and family members at Starbucks"
10/28/2018 3:09,10/28/2018 3:13,0,172.88.17.192,100,270,1,10/28/2018 3:13,R_cwGoCOBfWiG9oJ3,,,,,34.20069885,-118.5391006,anonymous,EN,"1,2,3,4,5,6",1,,3,,2,,1,,3,,1,2,,3,,3,"2,4",,1,,"1,2",,1,,3,,1,,,,,,,,,,,,,,,,,,,,,,,,,,,,,,,,,,,,,,,,,,,,,,,,,,,,,,,,,,,,,,,,,,,,,,,,,,,,,,,,,,,,,,,,,,,,,,,,,,,,,,,,,,,,,,,,,,,,,,,,,,,,,,,,,,,,,,,,,,,,,,,,,,,,,,,,,,,,,,,,,,,,,,,,,,,,,,,,,,,,,,,,38050,"Suppose you want to call your mother for sharing an important update about your life when you are surrounded with people you are close to (e.g., friends, family members)at your home."
10/28/2018 3:28,10/28/2018 3:30,0,96.242.237.153,100,122,1,10/28/2018 3:30,R_8ccltGnQNgq8Vod,,,,,40.65299988,-74.26100159,anonymous,EN,"1,2,3,4,5,6","2,3,4,5",,"2,3",,1,,1,,1,,"1,2","1,2",,2,,"1,2","1,2,3,4",,"1,2",,"1,3",,1,,"2,3",,"1,2",,,,,,,,,,,,,,,,,,,,,,,,,,,,,,,,,,,,,,,,,,,,,,,,,,,,,,,,,,,,,,,,,,,,,,,,,,,,,,,,,,,,,,,,,,,,,,,,,,,,,,,,,,,,,,,,,,,,,,,,,,,,,,,,,,,,,,,,,,,,,,,,,,,,,,,,,,,,,,,,,,,,,,,,,,,,,,,,,,,,,,,,85323,"<span lang=""EN-GB"">Suppose
     you want to a send an email when you are surrounded by people you know
     (e.g., acquaintances, colleagues) your home.<o:p></o:p></span>"
10/28/2018 3:57,10/28/2018 3:58,0,73.236.201.218,100,71,1,10/28/2018 3:58,R_1r6udzctjkcTrKk,,,,,40.48370361,-79.73809814,anonymous,EN,"1,2,4",3,,2,,1,,1,,1,,2,1,,1,,1,2,,2,,1,,1,,2,,2,,,,,,,,,,,,,,,,,,,,,,,,,,,,,,,,,,,,,,,,,,,,,,,,,,,,,,,,,,,,,,,,,,,,,,,,,,,,,,,,,,,,,,,,,,,,,,,,,,,,,,,,,,,,,,,,,,,,,,,,,,,,,,,,,,,,,,,,,,,,,,,,,,,,,,,,,,,,,,,,,,,,,,,,,,,,,,,,,,,,,,,,82116,"<span lang=""EN-GB"">Suppose you want to browse the internet when you are alone at a restaurant.<o:p></o:p></span>"
10/28/2018 4:30,10/28/2018 4:35,0,167.102.191.18,100,303,1,10/28/2018 4:35,R_2tD07nk7J9TjxkJ,,,,,39.26730347,-76.7983017,anonymous,EN,"2,3,4","2,3,4,5",,1,,1,,3,,1,,1,5,,5,,1,2,,1,,"1,3",,5,,"1,2",,4,,,,,,,,,,,,,,,,,,,,,,,,,,,,,,,,,,,,,,,,,,,,,,,,,,,,,,,,,,,,,,,,,,,,,,,,,,,,,,,,,,,,,,,,,,,,,,,,,,,,,,,,,,,,,,,,,,,,,,,,,,,,,,,,,,,,,,,,,,,,,,,,,,,,,,,,,,,,,,,,,,,,,,,,,,,,,,,,,,,,,,,,79271,"Suppose you are alone at home, you want to take a break from studying/working&nbsp;<p>so you decide to play a video game with some with some people you know (e.g., acquaintances, colleagues).<o:p></o:p></p>"
10/28/2018 4:35,10/28/2018 4:59,0,75.65.5.150,100,1457,1,10/28/2018 4:59,R_2wBlrMxFnTJxghV,,,,,32.37390137,-90.12930298,anonymous,EN,"2,3,4","1,2,3,4",,"1,3",,"1,2,3,4",,1,,"1,2,3",,"1,2,3","1,2,3,4",being able to easily use text or touchdcreen task choices or apps easily,"1,2,3",,"1,2,3","2,3,4",,"1,2,3",,"2,3",,"1,2,3",,"1,2,3",,"1,2,3","software application (apps on your tablet, laptop and desktop as well). For downloading and connecting.","3,4",,,,,,,,,,,,,,,,,,,,,,,,,,,,,,,,,,,,,,,,,,,,,,,,,,,,,,,,,,,"1,2,4,5",,"1,2,3,4",performing same input actions from time to time on tablet or smartphone as well,"1,2,3,4",,"1,2",I can move around performing tasks via tablet or smartphone as well,"1,2,3",,"2,3","1,2,3,4",Enables me to control personal details or who access my personal info. or how executed via tablet or smartphone as well,"1,2,3",,"1,2,3",,"2,3,5",Interactive help/search menu that answers my questions & icons on tablet & smartphone as well.,"2,3,4,5",A chance to provide feedback via tablet or smartphone as well via text notifications/responses,"1,2,3,4","The design of icons, buttons and other tools is such that I can easily understand via tablet or smartphone as well.","2,3,5",A chance to provide feedback via tablet or smartphone as well via text notifications/responses,"1,2,3",,"1,2,3",software keyboard and apps on tablet as well,"1,2,3,4,5",,"1,3",,"1,2,3,4",,1,,"1,2,3",,2,"1,2,3",,"1,3",,"1,2,3",,"2,3,4",,"2,3,4",,"1,2,3",,"2,3,4",,"1,2,3",,"1,2",,,,,,,,,,,,,,,,,,,,,,,,,,,,,,,,,,,,,,,,,,,,,,,,,,,,,,,,,,,,,,,,,,,67563,"<span lang=""EN-GB"">Suppose you want to control some devices/appliances (e.g., smart lights) when you are alone at home.<o:p></o:p></span>"
10/28/2018 5:07,10/28/2018 5:08,0,47.186.101.198,100,96,1,10/28/2018 5:08,R_vieRcIQoLXVuMzD,,,,,33.00410461,-96.53939819,anonymous,EN,"1,2,3,4",2,,2,,2,,1,,4,,1,2,,3,,3,4,,3,,2,,3,,2,,1,,,,,,,,,,,,,,,,,,,,,,,,,,,,,,,,,,,,,,,,,,,,,,,,,,,,,,,,,,,,,,,,,,,,,,,,,,,,,,,,,,,,,,,,,,,,,,,,,,,,,,,,,,,,,,,,,,,,,,,,,,,,,,,,,,,,,,,,,,,,,,,,,,,,,,,,,,,,,,,,,,,,,,,,,,,,,,,,,,,,,,,,38344,"<span lang=""EN-GB"">Suppose
     you want to purchase something online when you are alone at Starbucks.<o:p></o:p></span>"
10/28/2018 5:43,10/28/2018 5:44,0,76.205.177.13,100,15,1,10/28/2018 5:44,R_2YVTLZzI7ujn09p,,,,,38.94400024,-94.2881012,anonymous,EN,"1,2",,,,,,,,,,,,,,,,,,,,,,,,,,,,,,,,,,,,,,,,,,,,,,,,,,,,,,,,,,,,,,,,,,,,,,,,,,,,,,,,,,,,,,,,,,,,,,,,,,,,,,,,,,,,,,,,,,,,,,,,,,,,,,,,,,,,,,,,,,,,,,,,,,,,,,,,,,,,,,,,,,,,,,,,,,,,,,,,,,,,,,,,,,,,,,,,,,,,,,,,,,,,,,,,,,,25423,"<span lang=""EN-GB"" style=""font-size:11.0pt;line-height:115%;
font-family:&quot;Arial&quot;,sans-serif;mso-fareast-font-family:Arial;mso-ansi-language:
EN-GB;mso-fareast-language:EN-US;mso-bidi-language:AR-SA"">Suppose you want to a
send an email when you are alone at home</span>"
10/28/2018 5:46,10/28/2018 5:47,0,50.108.221.30,100,32,1,10/28/2018 5:47,R_10xtTixfRT2DzEe,,,,,42.54139709,-75.52739716,anonymous,EN,3,,,,,,,,,,,,,,,,,,,,,,,,,,,,,,,,,,,,,,,,,,,,,,,,,,,,,,,,,,,,,,,,,,,,,,,,,,,,,,,,,,,,,,,,,,,,,,,,,,,,,,,,,,,,,,,,,,,,,,,,,,,,,,,,,,,,,,,,,,,,,,,,,,,,,,,,,,,,,,,,,,,,,,,,,,,,,,,,,,,,,,,,,,,,,,,,,,,,,,,,,,,,,,,,,,,66778,"<span lang=""EN-GB"">Suppose
     you want to purchase something online when you are with your close friends
     at Starbucks.<o:p></o:p></span>"
10/28/2018 5:52,10/28/2018 5:58,0,108.39.111.213,100,311,1,10/28/2018 5:58,R_1N8ir8GtsHmA0XK,,,,,36.79780579,-76.17590332,anonymous,EN,"1,2,3",2,,3,,1,,3,,1,,1,3,,5,,4,4,,2,,3,,2,,2,,4,,,,,,,,,,,,,,,,,,,,,,,,,,,,,,,,,,,,,,,,,,,,,,,,,,,,,,,,,,,,,,,,,,,,,,,,,,,,,,,,,,,,,,,,,,,,,,,,,,,,,,,,,,,,,,,,,,,,,,,,,,,,,,,,,,,,,,,,,,,,,,,,,,,,,,,,,,,,,,,,,,,,,,,,,,,,,,,,,,,,,,,,13931,"<span lang=""EN-GB"">Suppose
     you are at home with some people you know (e.g., acquaintances,
     colleagues) when you realize today is the last day to pay one of your
     bills online.<o:p></o:p></span>"
10/28/2018 5:54,10/28/2018 6:00,0,159.118.108.230,100,356,1,10/28/2018 6:00,R_2tLhZRPZFmdGZp3,,,,,30.35980225,-89.16459656,anonymous,EN,"1,2,3,4,5","1,2",,"1,2",,"1,2,3,4",,1,,1,,1,"1,2",,"1,2",,1,3,,"1,2",,"1,2,3",,"1,2",,"1,2,3",,2,,2,,,,,,,,,,,,,,,,,,,,,,,,,,,,,,"1,2,3",,1,,1,,1,,1,,"1,2","1,2",,1,,"1,2",,"1,2,3,4",,"3,4",,"1,2",,3,,"1,2",,"1,2",,,,,,,,,,,,,,,,,,,,,,,,,,,,,,,,,,,,,,,,,,,,,,,,,,,,,,,,,,,,,,,,,,,,,,,,,,,,,,,,,,,,,,,,,,,,,,,,,,,,,,,,,,,,,,,,,,,,,,,,,,,,,62427,"<span lang=""EN-GB"">Suppose you are on a short vacation alone and you want to take a picture in front&nbsp;</span>of an iconic monument."
10/28/2018 5:55,10/28/2018 6:01,0,47.205.82.181,100,354,1,10/28/2018 6:01,R_3J9RmWZz2htYbHv,,,,,27.99510193,-82.40460205,anonymous,EN,"1,2,3,4,5,6","2,3,5",,"1,3",,"1,2,3,4",,1,,1,,4,"1,2,3",,"1,2,3",,"1,2,3","1,2,3",,"1,2",,"1,3,4",,"1,2,4",Incase no screen the device could be hooked to another device either by cord or wirelessly ,"1,2,3",,2,,,,,,,,,,,,,,,,,,,,,,,,,,,,,,,,,,,,,,,,,,,,,,,,,,,,,,,,,,,,,,,,,,,,,,,,,,,,,,,,,,,,,,,,,,,,,,,,,,,,,,,,,,,,,,,,,,,,,,,,,,,,,,,,,,,,,,,,,,,,,,,,,,,,,,,,,,,,,,,,,,,,,,,,,,,,,,,,,,,,,,,,98564,"<span lang=""EN-GB"">Suppose
     you want to read a digital document when you are at Starbucks.<o:p></o:p></span>"
10/28/2018 6:07,10/28/2018 6:10,0,69.14.250.152,100,212,1,10/28/2018 6:10,R_6SGDULBw39et0QN,,,,,42.55969238,-83.11380005,anonymous,EN,"1,2,4,6",1,,2,,2,,1,,1,,2,3,,1,,2,2,,2,,3,,2,,1,,2,,2,,,,,,,,,,,,,,,,,,,,,,,,,,,,,,1,,2,,3,,1,,1,,2,3,,3,,3,,2,,3,,2,,2,,2,,2,,,,,,,,,,,,,,,,,,,,,,,,,,,,,,,,,,,,,,,,,,,,,,,,,,,,,,,,,,,,,,,,,,,,,,,,,,,,,,,,,,,,,,,,,,,,,,,,,,,,,,,,,,,,,,,,,,,,,,,,,,,,,23884,"<span lang=""EN-GB"">Suppose you want to browse the internet when you are with people you know (e.g., acquaintances, colleagues) at a restaurant.<o:p></o:p></span>"
10/28/2018 6:02,10/28/2018 6:12,0,47.205.82.181,100,652,1,10/28/2018 6:12,R_28G8Nz5oxOVvxAc,,,,,27.99510193,-82.40460205,anonymous,EN,"1,2,3,4,5",3,,1,,1,,1,,1,,2,"1,2",,2,,2,2,,2,,3,,2,,1,,2,,"1,2,4",4,,1,,1,,1,,1,,2,3,,3,,3,,3,,4,,2,,4,,1,,1,,2,,1,,3,,1,,1,,2,3,,3,,3,,3,,3,,2,,3,,1,,2,,,,,,,,,,,,,,,,,,,,,,,,,,,,,,,3,,3,,3,,1,,1,,2,3,,3,,3,,3,,3,,2,,3,,1,,2,,,,,,,,,,,,,,,,,,,,,,,,,,,,,,,,,,,,,,,,,,,,,,,,,,,,,,,,,,,,female,25,Mturk,3,1,,3,52439,"<span lang=""EN-GB"">Suppose you are at sitting in a park and you want to play a digital/online game&nbsp;</span>with some close friends."
10/28/2018 6:15,10/28/2018 6:16,0,134.0.212.74,100,64,1,10/28/2018 6:16,R_3fltdwKMFKjq7WP,,,,,23.61329651,58.5933075,anonymous,EN,"1,2,3,4","1,2",,2,,2,,1,,1,,2,1,,3,,"1,2",2,,1,,2,,2,,"1,3",,2,,,,,,,,,,,,,,,,,,,,,,,,,,,,,,,,,,,,,,,,,,,,,,,,,,,,,,,,,,,,,,,,,,,,,,,,,,,,,,,,,,,,,,,,,,,,,,,,,,,,,,,,,,,,,,,,,,,,,,,,,,,,,,,,,,,,,,,,,,,,,,,,,,,,,,,,,,,,,,,,,,,,,,,,,,,,,,,,,,,,,,,,1675,"<span lang=""EN-GB"">Suppose
     you want to a send an email when you are walking on a street.<o:p></o:p></span>"
10/28/2018 6:16,10/28/2018 6:19,0,100.16.5.231,100,178,1,10/28/2018 6:19,R_RQdA29R09Ffk9Z7,,,,,39.53939819,-76.35639954,anonymous,EN,"1,2,4",2,,2,,3,,1,,1,,3,2,,2,,2,3,,2,,3,,2,,2,,2,,,,,,,,,,,,,,,,,,,,,,,,,,,,,,,,,,,,,,,,,,,,,,,,,,,,,,,,,,,,,,,,,,,,,,,,,,,,,,,,,,,,,,,,,,,,,,,,,,,,,,,,,,,,,,,,,,,,,,,,,,,,,,,,,,,,,,,,,,,,,,,,,,,,,,,,,,,,,,,,,,,,,,,,,,,,,,,,,,,,,,,,74303,"<span lang=""EN-GB"">Suppose
     you want to a view a text message when you are surrounded with people you
     are close to (e.g., friends, family members) at your home.<strong><o:p></o:p></strong></span>"
10/28/2018 6:23,10/28/2018 6:24,0,172.56.20.138,100,22,1,10/28/2018 6:24,R_4SpaWVjmRYtIX17,,,,,33.52070618,-86.80249786,anonymous,EN,2,,,,,,,,,,,,,,,,,,,,,,,,,,,,,,,,,,,,,,,,,,,,,,,,,,,,,,,,,,,,,,,,,,,,,,,,,,,,,,,,,,,,,,,,,,,,,,,,,,,,,,,,,,,,,,,,,,,,,,,,,,,,,,,,,,,,,,,,,,,,,,,,,,,,,,,,,,,,,,,,,,,,,,,,,,,,,,,,,,,,,,,,,,,,,,,,,,,,,,,,,,,,,,,,,,,40717,"<span lang=""EN-GB"">Suppose
     you want to watch some video when you are with people you know (e.g.,
     acquaintances, colleagues) at your home.<o:p></o:p></span>"
10/28/2018 5:59,10/28/2018 6:38,0,73.171.136.153,100,2350,1,10/28/2018 6:38,R_1ghFQ8qc8KWqWnZ,,,,,30.34150696,-81.7358017,anonymous,EN,"1,2,4,6",1,,"1,2",,"2,3,4",,1,,"2,3",,"1,2,3","1,2",,"1,2,3",,4,"2,3,4",,"2,3",,"2,3,4",,"1,2",,"1,2",,"1,2,3",TV,,,,,,,,,,,,,,,,,,,,,,,,,,,,,,,,,,,,,,,,,,,,,,,,,,,,,,,,,,,,,,,,,,,,,,,,,,,,,,,,,,,,,,,,,,,,,,,,,,,,,,,,,,,,,,,,,,,,,,,,,,,,,,,,,,,,,,,,,,,,,,,,,,,,,,,,,,,,,,,,,,,,,,,,,,,,,,,,,,,,,,,67793,"<span lang=""EN-GB"">Suppose you want to watch some video when you are alone at your home.<strong><o:p></o:p></strong></span>"
10/28/2018 6:51,10/28/2018 6:51,0,69.245.88.46,100,38,1,10/28/2018 6:51,R_3ptHoLagHZdAATK,,,,,31.89619446,-81.29399872,anonymous,EN,1,,,,,,,,,,,,,,,,,,,,,,,,,,,,,,,,,,,,,,,,,,,,,,,,,,,,,,,,,,,,,,,,,,,,,,,,,,,,,,,,,,,,,,,,,,,,,,,,,,,,,,,,,,,,,,,,,,,,,,,,,,,,,,,,,,,,,,,,,,,,,,,,,,,,,,,,,,,,,,,,,,,,,,,,,,,,,,,,,,,,,,,,,,,,,,,,,,,,,,,,,,,,,,,,,,,46431,"<span lang=""EN-GB"">Suppose
     you want to purchase something online when you are with people you know
     (e.g., acquaintances, colleagues) at your home.<o:p></o:p></span>"
10/28/2018 6:47,10/28/2018 6:57,0,72.224.170.226,100,595,1,10/28/2018 6:57,R_27jyhnvgJxwaSdX,,,,,46.6842041,-68.01180267,anonymous,EN,"1,2,6",4,,1,,"1,2,3",,1,,1,,1,3,,2,,1,2,,1,,3,,1,,1,,1,,1,4,,1,,2,,1,,2,,2,3,,3,,3,,1,,3,,2,,2,,1,,2,,,,,,,,,,,,,,,,,,,,,,,,,,,,,,,,,,,,,,,,,,,,,,,,,,,,,,,,,,,,,,,,,,,,,,,,,,,,,,,,,,,,,,,,,,,,,,,,,,,,,,,,,,,,,,,,,,,,,,,,,,,,,,,,,,,,,,,,,,,,,,,,,,,,,,,,,,37358,"<span lang=""EN-GB"">Suppose you want to watch some video when you are alone in a park.<o:p></o:p></span>"
10/28/2018 6:59,10/28/2018 7:03,0,73.104.50.193,100,198,1,10/28/2018 7:03,R_2s1Gl6JheKsIXfK,,,,,31.98899841,-81.09790039,anonymous,EN,"1,2,3,4,5,6",1,,3,,2,,1,,2,,2,"2,3",,3,,2,2,,2,,6,,2,,1,,2,,2,,,,,,,,,,,,,,,,,,,,,,,,,,,,,,"1,2",,3,,3,,1,,2,,1,2,,2,,2,,3,,"1,2",,2,,"1,2",,2,,2,,,,,,,,,,,,,,,,,,,,,,,,,,,,,,,,,,,,,,,,,,,,,,,,,,,,,,,,,,,,,,,,,,,,,,,,,,,,,,,,,,,,,,,,,,,,,,,,,,,,,,,,,,,,,,,,,,,,,,female,28,case manager,3,1,,2,57600,"<span lang=""EN-GB"">Suppose you have planned to meet a friend next week and you want to put this on your calendar when you are alone at Starbucks.<o:p></o:p></span>"
10/28/2018 7:13,10/28/2018 7:20,0,67.162.172.207,100,434,1,10/28/2018 7:20,R_1MLDUEpNXamzE1S,,,,,28.80799866,-81.88580322,anonymous,EN,"2,3,6","1,2",,5,,2,,3,,2,,4,3,,5,,4,6,,1,,3,,"1,2",,1,,"1,2",,,,,,,,,,,,,,,,,,,,,,,,,,,,,,,,,,,,,,,,,,,,,,,,,,,,,,,,,,,,,,,,,,,,,,,,,,,,,,,,,,,,,,,,,,,,,,,,,,,,,,,,,,,,,,,,,,,,,,,,,,,,,,,,,,,,,,,,,,,,,,,,,,,,,,,,,,,,,,,,,,,,,,,,,,,,,,,,,,,,,,,,60068,"<span lang=""EN-GB"">Suppose
     you want to purchase something online when you are with people you are
     close to (e.g., friends, family members).<o:p></o:p></span>"
10/28/2018 7:13,10/28/2018 7:21,0,73.236.233.43,100,481,1,10/28/2018 7:21,R_23TsaGfcqgL44b8,,,,,40.56159973,-79.71289825,anonymous,EN,"1,2,3,4,5,6",2,,1,,2,,1,,1,,2,2,,3,,2,3,,2,,4,,2,,1,,1,,2,,,,,,,,,,,,,,,,,,,,,,,,,,,,,,2,,1,,2,,1,,1,,2,2,,3,,3,,3,,"3,4",,2,,"3,4",,1,,"1,2",,,,,,,,,,,,,,,,,,,,,,,,,,,,,,,,,,,,,,,,,,,,,,,,,,,,,,,,,,,,,,,,,,,,,,,,,,,,,,,,,,,,,,,,,,,,,,,,,,,,,,,,,,,,,,,,,,,,,,Male,44,Supervisor ,5,1,,6,56462,"<span lang=""EN-GB"">Suppose you want to browse the internet when you are with your close friends at a park.<o:p></o:p></span>"
10/28/2018 7:30,10/28/2018 7:33,0,99.203.92.158,100,218,1,10/28/2018 7:33,R_82CClhQrbk5pZtv,,,,,39.10679626,-94.53939819,anonymous,EN,"1,2,3,4",2,,1,,3,,1,,1,,3,"1,3",,2,,2,6,,2,,3,,5,,5,,2,,,,,,,,,,,,,,,,,,,,,,,,,,,,,,,,,,,,,,,,,,,,,,,,,,,,,,,,,,,,,,,,,,,,,,,,,,,,,,,,,,,,,,,,,,,,,,,,,,,,,,,,,,,,,,,,,,,,,,,,,,,,,,,,,,,,,,,,,,,,,,,,,,,,,,,,,,,,,,,,,,,,,,,,,,,,,,,,,,,,,,,,8515,"<span lang=""EN-GB"">Suppose you are at work with some people you know (e.g., acquaintances, colleagues) when you realize that you have to immediately pay one of your bills online.<o:p></o:p></span>"
10/21/2018 7:40,10/21/2018 7:43,0,108.176.236.31,78,173,0,10/28/2018 7:43,R_3gSgCWzgynLp1Q0,,,,,,,anonymous,EN,"1,2,3,4",,,,,,,,,,,,,,,,,,,,,,,,,,,,,,,,,,,,,,,,,,,,,,,,,,,,,,,,,,,,,,,,,,,,,,,,,,,,,,,,,,,,,,,,,,,,,,,,,,,,,,,,,,,,,,,,,,,,,,,,,,,,,,,,,,,,,,,,,,,,,,,,,,,,,,,,,,,,,,,,,,,,,,,,,,,,,,,,,,,,,,,,,,,,,,,,,,,,,,,,,,,,,,,,,,,26441,"<span lang=""EN-GB"">Suppose
     you want to watch some video when you are with your close friends in a
     park.<o:p></o:p></span>"
10/21/2018 7:47,10/21/2018 7:49,0,108.219.51.173,78,132,0,10/28/2018 7:49,R_2rr1lolsWMtBKPO,,,,,,,anonymous,EN,"1,2,3",,,,,,,,,,,,,,,,,,,,,,,,,,,,,,,,,,,,,,,,,,,,,,,,,,,,,,,,,,,,,,,,,,,,,,,,,,,,,,,,,,,,,,,,,,,,,,,,,,,,,,,,,,,,,,,,,,,,,,,,,,,,,,,,,,,,,,,,,,,,,,,,,,,,,,,,,,,,,,,,,,,,,,,,,,,,,,,,,,,,,,,,,,,,,,,,,,,,,,,,,,,,,,,,,,,10084,"<span lang=""EN-GB"">Suppose you are at sitting at Starbucks and you want to play a digital/online&nbsp;</span>game with some close friends."
10/21/2018 7:57,10/21/2018 8:02,0,97.73.244.173,88,296,0,10/28/2018 8:02,R_XZpcsN5pljvfFbX,,,,,,,anonymous,EN,"1,2,3,4,5","1,2,5",,"1,2",,"2,3,4",,1,,1,,3,5,,1,,3,"2,4",,"2,3",,2,,"2,3",,"1,2,3",,2,,"2,4",,,,,,,,,,,,,,,,,,,,,,,,,,,,,,,,,,,,,,,,,,,,,,,,,,,,,,,,,,,,,,,,,,,,,,,,,,,,,,,,,,,,,,,,,,,,,,,,,,,,,,,,,,,,,,,,,,,,,,,,,,,,,,,,,,,,,,,,,,,,,,,,,,,,,,,,,,,,,,,,,,,,,,,,,,,,,,,,,,,,,,22544,"<span lang=""EN-GB"">Suppose
     you want to watch&nbsp; some video when
     you are with people you know (e.g., acquaintances, colleagues) at
     Starbucks<o:p></o:p></span>"
10/28/2018 8:14,10/28/2018 8:19,0,208.66.15.250,100,311,1,10/28/2018 8:19,R_D8KAeFE0u0pjbEd,,,,,36.16610718,-116.0037994,anonymous,EN,"1,2,3",2,,5,,"1,2,3",,1,,1,,1,"1,2,3",,"2,3",,1,2,,2,,3,,2,,1,,"1,2",,2,,,,,,,,,,,,,,,,,,,,,,,,,,,,,,3,,5,,"1,4",,1,,1,,1,"1,2,3",,5,,5,,2,,7,,2,,3,,1,,4,,,,,,,,,,,,,,,,,,,,,,,,,,,,,,,,,,,,,,,,,,,,,,,,,,,,,,,,,,,,,,,,,,,,,,,,,,,,,,,,,,,,,,,,,,,,,,,,,,,,,,,,,,,,,,,,,,,,,,,,,,,,,19837,"<span lang=""EN-GB"">Suppose
     you want to find a route to home when you are at Starbucks with people you
     know (e.g., acquaintances, colleagues).<o:p></o:p></span>"
10/21/2018 8:03,10/21/2018 8:24,0,42.107.216.68,78,1278,0,10/28/2018 8:24,R_1q8QtFxpmqv01tC,,,,,,,anonymous,EN,"1,2,3",,,,,,,,,,,,,,,,,,,,,,,,,,,,,,,,,,,,,,,,,,,,,,,,,,,,,,,,,,,,,,,,,,,,,,,,,,,,,,,,,,,,,,,,,,,,,,,,,,,,,,,,,,,,,,,,,,,,,,,,,,,,,,,,,,,,,,,,,,,,,,,,,,,,,,,,,,,,,,,,,,,,,,,,,,,,,,,,,,,,,,,,,,,,,,,,,,,,,,,,,,,,,,,,,,,94031,"<span lang=""EN-GB"">Suppose
     you want to set up a reminder about something when you are at Starbucks by
     yourself.<o:p></o:p></span>"
10/21/2018 8:25,10/21/2018 8:26,0,52.95.75.10,78,31,0,10/28/2018 8:26,R_3nI28hQpArMOF1r,,,,,,,anonymous,EN,"1,2,4,5,6",,,,,,,,,,,,,,,,,,,,,,,,,,,,,,,,,,,,,,,,,,,,,,,,,,,,,,,,,,,,,,,,,,,,,,,,,,,,,,,,,,,,,,,,,,,,,,,,,,,,,,,,,,,,,,,,,,,,,,,,,,,,,,,,,,,,,,,,,,,,,,,,,,,,,,,,,,,,,,,,,,,,,,,,,,,,,,,,,,,,,,,,,,,,,,,,,,,,,,,,,,,,,,,,,,,57784,"<span lang=""EN-GB"">Suppose
     you want to purchase something (e.g., book, household items) online when
     you are with your close friends at a park.<o:p></o:p></span>"
10/21/2018 8:33,10/21/2018 8:33,0,76.243.113.111,1,9,0,10/28/2018 8:34,R_D7DGqW6EjMjnOmd,,,,,,,anonymous,EN,,,,,,,,,,,,,,,,,,,,,,,,,,,,,,,,,,,,,,,,,,,,,,,,,,,,,,,,,,,,,,,,,,,,,,,,,,,,,,,,,,,,,,,,,,,,,,,,,,,,,,,,,,,,,,,,,,,,,,,,,,,,,,,,,,,,,,,,,,,,,,,,,,,,,,,,,,,,,,,,,,,,,,,,,,,,,,,,,,,,,,,,,,,,,,,,,,,,,,,,,,,,,,,,,,,,34052,"<span lang=""EN-GB"">Suppose you want to browse the internet when you are with people you know (e.g., acquaintances, colleagues) at a restaurant.<o:p></o:p></span>"
10/28/2018 9:00,10/28/2018 9:00,0,104.227.86.4,100,24,1,10/28/2018 9:00,R_2PdoKSfLIikO0hZ,,,,,34.1072998,-118.2266006,anonymous,EN,1,,,,,,,,,,,,,,,,,,,,,,,,,,,,,,,,,,,,,,,,,,,,,,,,,,,,,,,,,,,,,,,,,,,,,,,,,,,,,,,,,,,,,,,,,,,,,,,,,,,,,,,,,,,,,,,,,,,,,,,,,,,,,,,,,,,,,,,,,,,,,,,,,,,,,,,,,,,,,,,,,,,,,,,,,,,,,,,,,,,,,,,,,,,,,,,,,,,,,,,,,,,,,,,,,,,72233,"<span lang=""EN-GB"" style=""font-size:11.0pt;line-height:115%;
font-family:&quot;Arial&quot;,sans-serif;mso-fareast-font-family:Arial;mso-ansi-language:
EN-GB;mso-fareast-language:EN-US;mso-bidi-language:AR-SA"">Suppose you want to a
view a text message when you are alone at home</span>"
10/28/2018 9:00,10/28/2018 9:00,0,107.174.250.179,100,15,1,10/28/2018 9:00,R_1Gy4g1R9UaqrZU1,,,,,42.88639832,-78.87809753,anonymous,EN,1,,,,,,,,,,,,,,,,,,,,,,,,,,,,,,,,,,,,,,,,,,,,,,,,,,,,,,,,,,,,,,,,,,,,,,,,,,,,,,,,,,,,,,,,,,,,,,,,,,,,,,,,,,,,,,,,,,,,,,,,,,,,,,,,,,,,,,,,,,,,,,,,,,,,,,,,,,,,,,,,,,,,,,,,,,,,,,,,,,,,,,,,,,,,,,,,,,,,,,,,,,,,,,,,,,,49338,"<span lang=""EN-GB"">Suppose you have planned to meet a friend next week and you want to put this on your calendar when you are with a very close friend at a park.&nbsp;<o:p></o:p></span>"
10/28/2018 9:00,10/28/2018 9:01,0,162.248.134.240,100,22,1,10/28/2018 9:01,R_3g0gIxzDEZDD01m,,,,,37.75100708,-97.8219986,anonymous,EN,1,,,,,,,,,,,,,,,,,,,,,,,,,,,,,,,,,,,,,,,,,,,,,,,,,,,,,,,,,,,,,,,,,,,,,,,,,,,,,,,,,,,,,,,,,,,,,,,,,,,,,,,,,,,,,,,,,,,,,,,,,,,,,,,,,,,,,,,,,,,,,,,,,,,,,,,,,,,,,,,,,,,,,,,,,,,,,,,,,,,,,,,,,,,,,,,,,,,,,,,,,,,,,,,,,,,17057,"<span lang=""EN-GB"" style=""font-size:11.0pt;line-height:115%;
font-family:&quot;Arial&quot;,sans-serif;mso-fareast-font-family:Arial;mso-ansi-language:
EN-GB;mso-fareast-language:EN-US;mso-bidi-language:AR-SA"">Suppose you want to browse the internet when you are alone at your home.</span>"
10/28/2018 9:00,10/28/2018 9:01,0,174.234.4.40,100,45,1,10/28/2018 9:01,R_1kMvjyLJgwU2Dso,,,,,39.24580383,-96.63359833,anonymous,EN,"2,3",,,,,,,,,,,,,,,,,,,,,,,,,,,,,,,,,,,,,,,,,,,,,,,,,,,,,,,,,,,,,,,,,,,,,,,,,,,,,,,,,,,,,,,,,,,,,,,,,,,,,,,,,,,,,,,,,,,,,,,,,,,,,,,,,,,,,,,,,,,,,,,,,,,,,,,,,,,,,,,,,,,,,,,,,,,,,,,,,,,,,,,,,,,,,,,,,,,,,,,,,,,,,,,,,,,51295,"<span lang=""EN-GB"">Suppose you want to find a route to a coffee shop when you are
     at home </span><span lang=""EN-GB"">with
     people you are close to (e.g., friends, family members)</span><strong><span lang=""EN-GB""><o:p></o:p></span></strong>"
10/28/2018 9:01,10/28/2018 9:01,0,162.248.134.240,100,25,1,10/28/2018 9:01,R_1E6zJqhFR9QaZ95,,,,,37.75100708,-97.8219986,anonymous,EN,4,,,,,,,,,,,,,,,,,,,,,,,,,,,,,,,,,,,,,,,,,,,,,,,,,,,,,,,,,,,,,,,,,,,,,,,,,,,,,,,,,,,,,,,,,,,,,,,,,,,,,,,,,,,,,,,,,,,,,,,,,,,,,,,,,,,,,,,,,,,,,,,,,,,,,,,,,,,,,,,,,,,,,,,,,,,,,,,,,,,,,,,,,,,,,,,,,,,,,,,,,,,,,,,,,,,14349,"<span lang=""EN-GB"">Suppose you want to read a digital document when you are in a park surrounded by your close friends.<o:p></o:p></span>"
10/28/2018 9:01,10/28/2018 9:01,0,107.174.250.179,100,30,1,10/28/2018 9:01,R_1DtFkAso7H4LUsF,,,,,42.88639832,-78.87809753,anonymous,EN,"2,3",,,,,,,,,,,,,,,,,,,,,,,,,,,,,,,,,,,,,,,,,,,,,,,,,,,,,,,,,,,,,,,,,,,,,,,,,,,,,,,,,,,,,,,,,,,,,,,,,,,,,,,,,,,,,,,,,,,,,,,,,,,,,,,,,,,,,,,,,,,,,,,,,,,,,,,,,,,,,,,,,,,,,,,,,,,,,,,,,,,,,,,,,,,,,,,,,,,,,,,,,,,,,,,,,,,59556,"<span lang=""EN-GB"">Suppose you want to browse internet when you are with your close friends at a restaurant.<o:p></o:p></span>"
10/28/2018 9:01,10/28/2018 9:01,0,162.248.134.240,100,30,1,10/28/2018 9:01,R_RVKbzBIYBWPTta9,,,,,37.75100708,-97.8219986,anonymous,EN,6,,,,,,,,,,,,,,,,,,,,,,,,,,,,,,,,,,,,,,,,,,,,,,,,,,,,,,,,,,,,,,,,,,,,,,,,,,,,,,,,,,,,,,,,,,,,,,,,,,,,,,,,,,,,,,,,,,,,,,,,,,,,,,,,,,,,,,,,,,,,,,,,,,,,,,,,,,,,,,,,,,,,,,,,,,,,,,,,,,,,,,,,,,,,,,,,,,,,,,,,,,,,,,,,,,,95877,"<span lang=""EN-GB"">Suppose
     you want to set up a reminder about something when you are with people you
     know (e.g., acquaintances, colleagues) at Starbucks.<o:p></o:p></span>"
10/28/2018 9:01,10/28/2018 9:02,0,162.248.134.240,100,40,1,10/28/2018 9:02,R_1KvaJJolVydydz3,,,,,37.75100708,-97.8219986,anonymous,EN,6,,,,,,,,,,,,,,,,,,,,,,,,,,,,,,,,,,,,,,,,,,,,,,,,,,,,,,,,,,,,,,,,,,,,,,,,,,,,,,,,,,,,,,,,,,,,,,,,,,,,,,,,,,,,,,,,,,,,,,,,,,,,,,,,,,,,,,,,,,,,,,,,,,,,,,,,,,,,,,,,,,,,,,,,,,,,,,,,,,,,,,,,,,,,,,,,,,,,,,,,,,,,,,,,,,,53624,"<span lang=""EN-GB"">Suppose you are at Starbucks with your close friends and you realize today is the last day to pay one of your bills online.<o:p></o:p></span>"
10/28/2018 9:00,10/28/2018 9:02,0,45.72.6.182,100,111,1,10/28/2018 9:02,R_25zoT6ukIjeDgFw,,,,,42.38290405,-71.10279846,anonymous,EN,6,,,,,,,,,,,,,,,,,,,,,,,,,,,,,,,,,,,,,,,,,,,,,,,,,,,,,,,,,,,,,,,,,,,,,,,,,,,,,,,,,,,,,,,,,,,,,,,,,,,,,,,,,,,,,,,,,,,,,,,,,,,,,,,,,,,,,,,,,,,,,,,,,,,,,,,,,,,,,,,,,,,,,,,,,,,,,,,,,,,,,,,,,,,,,,,,,,,,,,,,,,,,,,,,,,,85912,"<span lang=""EN-GB"">Suppose you want to browse the internet when you are at home with people you know (e.g., acquaintances, colleagues).<o:p></o:p></span>"
10/28/2018 9:03,10/28/2018 9:05,0,107.174.250.179,100,111,1,10/28/2018 9:05,R_2w1DDZ8NTlJvuVq,,,,,42.88639832,-78.87809753,anonymous,EN,"2,4,5,6",2,,2,,3,,1,,3,,3,3,,3,,2,2,,2,,2,,2,,1,,2,,,,,,,,,,,,,,,,,,,,,,,,,,,,,,,,,,,,,,,,,,,,,,,,,,,,,,,,,,,,,,,,,,,,,,,,,,,,,,,,,,,,,,,,,,,,,,,,,,,,,,,,,,,,,,,,,,,,,,,,,,,,,,,,,,,,,,,,,,,,,,,,,,,,,,,,,,,,,,,,,,,,,,,,,,,,,,,,,,,,,,,,32994,"<span lang=""EN-GB"">Suppose
     you are at starbucks and you realize today is the last day to pay one of
     your bills online.<o:p></o:p></span>"
10/28/2018 9:06,10/28/2018 9:08,0,173.56.223.91,100,129,1,10/28/2018 9:08,R_rlrHS6GZaagKpQl,,,,,41.01179504,-73.86650085,anonymous,EN,"1,2,3,4,5,6",2,,5,,1,,3,,1,,1,5,,2,,4,6,,2,,6,,5,,1,,4,,,,,,,,,,,,,,,,,,,,,,,,,,,,,,,,,,,,,,,,,,,,,,,,,,,,,,,,,,,,,,,,,,,,,,,,,,,,,,,,,,,,,,,,,,,,,,,,,,,,,,,,,,,,,,,,,,,,,,,,,,,,,,,,,,,,,,,,,,,,,,,,,,,,,,,,,,,,,,,,,,,,,,,,,,,,,,,,,,,,,,,,9486,"<span lang=""EN-GB"">Suppose
     you want to watch some video when you are alone at Starbucks.<o:p></o:p></span>"
10/28/2018 9:00,10/28/2018 9:09,0,174.71.41.86,100,515,1,10/28/2018 9:09,R_2zFIUobifvCYAkN,,,,,41.28790283,-96.14949799,anonymous,EN,"1,2,3,4,5,6",2,,5,,2,,3,,4,,2,3,,3,,2,"3,4",,2,,3,,2,,5,,4,,6,,,,,,,,,,,,,,,,,,,,,,,,,,,,,,,,,,,,,,,,,,,,,,,,,,,,,,,,,,,,,,,,,,,,,,,,,,,,,,,,,,,,,,,,,,,,,,,,,,,,,,,,,,,,,,,,,,,,,,,,,,,,,,,,,,,,,,,,,,,,,,,,,,2,,5,,1,,1,,6,,2,3,,5,,5,,3,,1,,2,,1,,5,,2,,Male,38,Support specialist ,5,1,,5,88147,"<span lang=""EN-GB"">Suppose
     you want to a view a text message when you are with a very close friend at
     a restaurant&nbsp;<o:p></o:p></span>"
10/28/2018 9:02,10/28/2018 9:09,0,74.219.17.194,100,428,1,10/28/2018 9:09,R_79xPkzPjXlSfMFH,,,,,35.92030334,-79.03720093,anonymous,EN,"1,2,3,4",2,,1,,2,,1,,1,,2,"1,2",,2,,2,1,,"1,2",,3,,1,,2,,4,,,,,,,,,,,,,,,,,,,,,,,,,,,,,,,,,,,,,,,,,,,,,,,,,,,,,,,,,,,,,,,,,,,,,,,,,,,,,,,,,,,,,,,,,,,,,,,,,,,,,,,,,,,,,,,,,,,,,,,,,,,,,,,,,,,,,,,,,,,,,,,,,,,,,,,,,,,,,,,,,,,,,,,,,,,,,,,,,,,,,,,,57291,"<span lang=""EN-GB"">Suppose
     you want to purchase something online when you are alone at your home.<o:p></o:p></span>"
10/28/2018 9:09,10/28/2018 9:10,0,107.77.210.31,100,19,1,10/28/2018 9:10,R_Op4JsYvZ5d2ZgQN,,,,,41.84829712,-87.65170288,anonymous,EN,4,,,,,,,,,,,,,,,,,,,,,,,,,,,,,,,,,,,,,,,,,,,,,,,,,,,,,,,,,,,,,,,,,,,,,,,,,,,,,,,,,,,,,,,,,,,,,,,,,,,,,,,,,,,,,,,,,,,,,,,,,,,,,,,,,,,,,,,,,,,,,,,,,,,,,,,,,,,,,,,,,,,,,,,,,,,,,,,,,,,,,,,,,,,,,,,,,,,,,,,,,,,,,,,,,,,72925,"<span lang=""EN-GB"">Suppose you want to a send a text message when you are surrounded with people you are close to (e.g., friends, family members) at your home.<strong><o:p></o:p></strong></span>"
10/28/2018 9:10,10/28/2018 9:10,0,74.219.17.194,100,15,1,10/28/2018 9:10,R_3IaShADUAC4CikC,,,,,35.92030334,-79.03720093,anonymous,EN,6,,,,,,,,,,,,,,,,,,,,,,,,,,,,,,,,,,,,,,,,,,,,,,,,,,,,,,,,,,,,,,,,,,,,,,,,,,,,,,,,,,,,,,,,,,,,,,,,,,,,,,,,,,,,,,,,,,,,,,,,,,,,,,,,,,,,,,,,,,,,,,,,,,,,,,,,,,,,,,,,,,,,,,,,,,,,,,,,,,,,,,,,,,,,,,,,,,,,,,,,,,,,,,,,,,,81991,"<span lang=""EN-GB"">Suppose you want to browse the internet when you are with your close friends at a park.<o:p></o:p></span>"
10/28/2018 9:13,10/28/2018 9:13,0,24.18.153.117,100,9,1,10/28/2018 9:13,R_2Qyseq2WOomKkBO,,,,,47.31039429,-122.3611984,anonymous,EN,"2,3",,,,,,,,,,,,,,,,,,,,,,,,,,,,,,,,,,,,,,,,,,,,,,,,,,,,,,,,,,,,,,,,,,,,,,,,,,,,,,,,,,,,,,,,,,,,,,,,,,,,,,,,,,,,,,,,,,,,,,,,,,,,,,,,,,,,,,,,,,,,,,,,,,,,,,,,,,,,,,,,,,,,,,,,,,,,,,,,,,,,,,,,,,,,,,,,,,,,,,,,,,,,,,,,,,,89445,"<span lang=""EN-GB"">Suppose
     you want to find a route to home when you are at Starbucks with your close
     friends.<o:p></o:p></span>"
10/28/2018 9:01,10/28/2018 9:14,0,162.248.134.240,100,773,1,10/28/2018 9:14,R_2PgIMeAPENn7x3H,,,,,37.75100708,-97.8219986,anonymous,EN,"1,2,3,4,5,6",4,,3,,2,,1,,3,,2,2,,2,,2,3,,2,,2,,2,,2,,2,,"1,2,3,4,5,6",7,,5,,6,,3,,6,,4,5,,5,,5,,6,,7,,5,,7,,5,,4,,"1,2,3,4,5,6",good,"1,2,3,4",good,"1,2,3,4,5",good,"1,2",good,"1,2,3,4,5",good,"1,2,3","1,2,3,4",good,"1,2,3,4",good,"1,2,3,4",good,"1,2,3,4,5",good,"1,2,3,4,5",good,"1,2,3,4",good,"1,2,3,4,5",good,"1,2,3,4",good,"1,2,3",good,"1,2,3,4,5,6",good,"1,2,3,4",good,"1,2,3,4,5",good,"1,2",good,"1,2,3,4,5",good,"1,2,3","1,2,3,4",good,"1,2,3,4",good,"1,2,3,4",good,"1,2,3,4,5",good,"1,2,3,4,5",good,"1,2,3,4",good,"1,2,3,4,5",good,"1,2,3,4",good,"1,2,3",good,"1,2,3,4,5,6",good,"1,2,3,4",good,"1,2,3,4,5",good,"1,2",good,"1,2,3,4,5",good,"1,2,3","1,2,3,4",good,"1,2,3,4",good,"1,2,3,4",good,"1,2,3,4,5",good,"1,2,3,4,5",good,"1,2,3,4",good,"1,2,3,4,5",good,"1,2,3,4",good,"1,2,3",good,"1,2,3,4,5,6",good,"1,2,3,4",good,"1,2,3,4,5",good,"1,2",good,"1,2,3,4,5",good,"1,2,3","1,2,3,4",good,"1,2,3,4",good,"1,2,3,4",good,"1,2,3,4,5",good,"1,2,3,4,5",good,"1,2,3,4",good,"1,2,3,4,5",good,"1,2,3,4",good,"1,2,3",good,7,,5,,6,,3,,6,,4,5,,"1,2,3",,5,,6,,7,,5,,7,,5,,4,,,,,,,,,17500,"<span lang=""EN-GB"">Suppose you want to watch some video when you are alone in a park.<o:p></o:p></span>"
10/28/2018 9:13,10/28/2018 9:18,0,71.79.155.51,100,299,1,10/28/2018 9:18,R_2Eow6qAakM3JdEj,,,,,41.03840637,-81.73739624,anonymous,EN,"1,2,4,5",2,,3,,3,,1,,4,,3,2,,3,,2,2,,2,,2,,3,,2,,2,,,,,,,,,,,,,,,,,,,,,,,,,,,,,,,,,,,,,,,,,,,,,,,,,,,,,,,,,,,,,,,,,,,,,,,,,,,,,,,,,,,,,,,,,,,,,,,,,,,,,,,,,,,,,,,,,,,,,,,,,,,,,,,,,,,,,,,,,,,,,,,,,,,,,,,,,,,,,,,,,,,,,,,,,,,,,,,,,,,,,,,,52309,"<span lang=""EN-GB"">Suppose
     you want to listen to some audio when you are at home with people you are
     close to (e.g., friends, family members).<strong><o:p></o:p></strong></span>"
10/28/2018 9:16,10/28/2018 9:20,0,129.21.11.241,100,293,1,10/28/2018 9:21,R_2X5oXTLJGsrCK47,,,,,43.08340454,-77.63439941,anonymous,EN,"1,2,3","2,5",,3,,2,,1,,1,,2,1,,5,,1,6,,1,,2,,1,,1,,4,,,,,,,,,,,,,,,,,,,,,,,,,,,,,,,,,,,,,,,,,,,,,,,,,,,,,,,,,,,,,,,,,,,,,,,,,,,,,,,,,,,,,,,,,,,,,,,,,,,,,,,,,,,,,,,,,,,,,,,,,,,,,,,,,,,,,,,,,,,,,,,,,,,,,,,,,,,,,,,,,,,,,,,,,,,,,,,,,,,,,,,,69973,"<span lang=""EN-GB"">Suppose you want to a send an email when you are walking with a very close friend on a street.&nbsp;<o:p></o:p></span>"
10/28/2018 9:14,10/28/2018 9:22,0,76.178.179.180,100,508,1,10/28/2018 9:22,R_DcMvNZ5LpsFBQZz,,,,,46.73519897,-117.1728973,anonymous,EN,"1,2,4","1,2,4,5",,5,,"1,2,3,4",,1,,1,,"2,3","1,2,3",,"1,2,3",,"2,3","2,3,4",,"1,2,3",,"1,2,3,4,6",,"1,2,3",,"1,2,3",,"1,2",,2,,,,,,,,,,,,,,,,,,,,,,,,,,,,,,"2,4",,5,,"1,2,3",,1,,1,,"2,3","1,2,3",,2,,2,,"1,2,3",,1,,"1,2",,"1,4",,"1,2,3",,"1,2",,,,,,,,,,,,,,,,,,,,,,,,,,,,,,,,,,,,,,,,,,,,,,,,,,,,,,,,,,,,,,,,,,,,,,,,,,,,,,,,,,,,,,,,,,,,,,,,,,,,,,,,,,,,,,,,,,,,,,,,,,,,,15440,"<span lang=""EN-GB"">Suppose
     you want to a send an email when you are surrounded by people you know
     (e.g., acquaintances, colleagues) at a restaurant.<o:p></o:p></span>"
10/28/2018 9:12,10/28/2018 9:22,0,216.82.131.158,100,616,1,10/28/2018 9:22,R_1Sx5uVKEECd5bhL,,,,,29.35090637,-98.11299896,anonymous,EN,"1,2,4",2,,1,,1,,1,,1,,3,3,,3,,3,2,,2,,3,,2,,3,,2,,4,,,,,,,,,,,,,,,,,,,,,,,,,,,,,,,,,,,,,,,,,,,,,,,,,,,,,,,,,,,,,,,,,,,,,,,,,,,,,,,,,,,,,,,,2,,1,,1,,1,,1,,3,3,,2,,3,,2,,3,,2,,3,,3,,2,,,,,,,,,,,,,,,,,,,,,,,,,,,,,,,,,,,,,,,,,,,,,,,,,,,,,,,,,,,,,,,,,,,87192,"<span lang=""EN-GB"">Suppose you want to read a digital document when you are at a park.<o:p></o:p></span>"
10/28/2018 9:23,10/28/2018 9:24,0,76.177.91.35,100,62,1,10/28/2018 9:24,R_r0e98RiXmP80yE9,,,,,38.05479431,-83.938797,anonymous,EN,"1,2,4,6",4,,1,,1,,1,,3,,1,2,,2,,1,3,,1,,2,,2,,1,,2,,,,,,,,,,,,,,,,,,,,,,,,,,,,,,,,,,,,,,,,,,,,,,,,,,,,,,,,,,,,,,,,,,,,,,,,,,,,,,,,,,,,,,,,,,,,,,,,,,,,,,,,,,,,,,,,,,,,,,,,,,,,,,,,,,,,,,,,,,,,,,,,,,,,,,,,,,,,,,,,,,,,,,,,,,,,,,,,,,,,,,,,62463,"<span lang=""EN-GB"">Suppose
     you want to a send an email when you are with a very close friend at a
     restaurant&nbsp;<o:p></o:p></span>"
10/28/2018 9:23,10/28/2018 9:26,0,67.82.203.171,100,180,1,10/28/2018 9:26,R_UfJcxQeM1f2Fi7L,,,,,40.75909424,-73.32569885,anonymous,EN,"1,2,6",2,,5,,1,,3,,1,,4,5,,5,,1,6,,5,,7,,2,,5,,4,,,,,,,,,,,,,,,,,,,,,,,,,,,,,,,,,,,,,,,,,,,,,,,,,,,,,,,,,,,,,,,,,,,,,,,,,,,,,,,,,,,,,,,,,,,,,,,,,,,,,,,,,,,,,,,,,,,,,,,,,,,,,,,,,,,,,,,,,,,,,,,,,,,,,,,,,,,,,,,,,,,,,,,,,,,,,,,,,,,,,,,,19356,"<span lang=""EN-GB"">Suppose
     you want to a view a text message when you are surrounded by people you
     know (e.g., acquaintances, colleagues) at a restaurant.<o:p></o:p></span>"
10/21/2018 9:25,10/21/2018 9:29,0,70.125.136.73,88,262,0,10/28/2018 9:29,R_1g5ZonlI2j4hqMW,,,,,,,anonymous,EN,"1,2,4",2,,1,,1,,1,,1,,2,3,,3,,2,1,,1,,4,,1,,1,,2,,2,,,,,,,,,,,,,,,,,,,,,,,,,,,,,,,,,,,,,,,,,,,,,,,,,,,,,,,,,,,,,,,,,,,,,,,,,,,,,,,,,,,,,,,,,,,,,,,,,,,,,,,,,,,,,,,,,,,,,,,,,,,,,,,,,,,,,,,,,,,,,,,,,,,,,,,,,,,,,,,,,,,,,,,,,,,,,,,,,,,,,,9714,"<span lang=""EN-GB"">Suppose
     you want to purchase something online when you are with people you know
     (e.g., acquaintances, colleagues) at your home.<o:p></o:p></span>"
10/28/2018 9:21,10/28/2018 9:30,0,73.86.160.141,100,568,1,10/28/2018 9:30,R_3oBAK2nIAvgH7Gq,,,,,39.28759766,-76.55680084,anonymous,EN,"1,2,3,4","4,5",,"1,2",,"1,2,3,4",,1,,"1,2,3",,1,3,,"2,3",,"1,2","2,3,4",,"1,2",,"1,2,3",,"1,2",,3,,"1,2",,,,,,,,,,,,,,,,,,,,,,,,,,,,,,,,,,,,,,,,,,,,,,,,,,,,,,,,,,,,,,,,,,,,,,,,,,,,,,,,,,,,,,,,,,,,,,,,,,,,,,,,,,,,,,,,,,,,,,,,,,,,,,,,,,,,,,,,,,,,,,,,,,,,,,,,,,,,,,,,,,,,,,,,,,,,,,,,,,,,,,,,85644,"<span lang=""EN-GB"" style=""font-size:11.0pt;line-height:115%;
font-family:&quot;Arial&quot;,sans-serif;mso-fareast-font-family:Arial;mso-ansi-language:
EN-GB;mso-fareast-language:EN-US;mso-bidi-language:AR-SA"">Suppose you want to a
send an email when you are alone at home</span>"
10/28/2018 9:27,10/28/2018 9:31,0,107.3.33.249,100,263,1,10/28/2018 9:31,R_1LpQnRYZSJOrsgq,,,,,41.46000671,-72.82219696,anonymous,EN,"1,2,6",2,,1,,1,,1,,1,,1,1,,2,,1,3,,1,,1,,1,,2,,2,,2,,,,,,,,,,,,,,,,,,,,,,,,,,,,,,2,,1,,1,,1,,1,,1,1,,1,,1,,2,,1,,2,,1,,2,,2,,,,,,,,,,,,,,,,,,,,,,,,,,,,,,,,,,,,,,,,,,,,,,,,,,,,,,,,,,,,,,,,,,,,,,,,,,,,,,,,,,,,,,,,,,,,,,,,,,,,,,,,,,,,,,,,,,,,,,Male,19,Student,3,1,,3,71641,"<span lang=""EN-GB"">Suppose you have planned to meet a friend next week and you want to&nbsp;put this on your calendar </span><span lang=""EN-GB"">when</span><span lang=""EN-GB""> you are surrounded by people you know (e.g., acquaintances, colleagues) at your home.</span><span lang=""EN-GB""><o:p></o:p></span>"
10/28/2018 9:30,10/28/2018 9:34,0,71.34.156.128,100,196,1,10/28/2018 9:34,R_12nIX8xOdUOffbH,,,,,38.87600708,-104.8170013,anonymous,EN,"2,4,5","2,3",,"1,2,3",,2,,1,,2,,3,3,,"1,3",,"1,3",1,,1,,"1,2,3",,2,,1,,2,,,,,,,,,,,,,,,,,,,,,,,,,,,,,,,,,,,,,,,,,,,,,,,,,,,,,,,,,,,,,,,,,,,,,,,,,,,,,,,,,,,,,,,,,,,,,,,,,,,,,,,,,,,,,,,,,,,,,,,,,,,,,,,,,,,,,,,,,,,,,,,,,,,,,,,,,,,,,,,,,,,,,,,,,,,,,,,,,,,,,,,,67375,"<span lang=""EN-GB"">Suppose
     you want to listen to some audio when you with people you know (e.g.,
     acquaintances, colleagues) at Starbucks<o:p></o:p></span>"
10/28/2018 9:33,10/28/2018 9:41,0,108.4.214.123,100,473,1,10/28/2018 9:41,R_1diPZsVprCjgnm8,,,,,39.98449707,-75.22820282,anonymous,EN,"1,2,4,6",1,,5,,2,,1,,6,,4,5,,5,,4,6,,5,,7,,5,,5,,2,,"1,2,4,6",1,,5,,1,,1,,6,,4,5,,5,,5,,6,,7,,5,,7,,5,,4,,"1,2",,5,,6,,3,,6,,4,5,,5,,5,,4,,7,,1,,7,,5,,4,,,,,,,,,,,,,,,,,,,,,,,,,,,,,,,1,,5,,6,,3,,6,,4,5,,5,,1,,6,,7,,5,,7,,5,,4,,,,,,,,,,,,,,,,,,,,,,,,,,,,,,,2,,5,,6,,3,,6,,4,5,,5,,5,,6,,"2,3,4",,5,,7,,5,,4,,,,,,,,,455,"<span lang=""EN-GB"" style=""font-size:11.0pt;line-height:115%;
font-family:&quot;Arial&quot;,sans-serif;mso-fareast-font-family:Arial;mso-ansi-language:
EN-GB;mso-fareast-language:EN-US;mso-bidi-language:AR-SA"">Suppose you want to
find a route to a coffee shop when you are alone at home.</span>"
10/28/2018 9:31,10/28/2018 9:43,0,204.195.173.73,100,715,1,10/28/2018 9:43,R_1JXjDO9TsunKMsA,,,,,40.3072052,-78.94300079,anonymous,EN,"2,3,4","2,3",,"1,2",,"1,2",,1,,1,,1,"1,2",,2,,1,"1,4",,1,,"2,3,4",,"2,3",,"1,3",,1,,,,,,,,,,,,,,,,,,,,,,,,,,,,,,,,,,,,,,,,,,,,,,,,,,,,,,,,,,,,,,,,,,,,,,,,,,,,,,,,,,,,,,,,,,,,,,,,,,,,,,,,,,,,,,,,,,,,,,,,,,,,,,,,,,,,,,,,,,,,,,,,,,,,,,,,,,,,,,,,,,,,,,,,,,,,,,,,,,,,,,,,71735,"<span lang=""EN-GB"">Suppose
     you want to take a click a photo when you are with people you are close to
     (e.g., friends, family members) at home<o:p></o:p></span>"
10/28/2018 9:45,10/28/2018 9:52,0,99.147.240.47,100,429,1,10/28/2018 9:52,R_1dfS4C7FTfcaEfg,,,,,30.42869568,-90.1772995,anonymous,EN,"1,2,4,5",2,,1,,1,,1,,1,,1,3,,3,,1,3,,2,,6,,2,,1,,1,,2,,,,,,,,,,,,,,,,,,,,,,,,,,,,,,2,,1,,1,,1,,1,,1,5,,5,,5,,6,,7,,1,,7,,1,,1,,,,,,,,,,,,,,,,,,,,,,,,,,,,,,,,,,,,,,,,,,,,,,,,,,,,,,,,,,,,,,,,,,,,,,,,,,,,,,,,,,,,,,,,,,,,,,,,,,,,,,,,,,,,,,,,,,,,,,female,36,payroll specialist,5,1,,8,6525,"<span lang=""EN-GB"">Suppose
     you want to listen to some audio when you are alone at Starbucks.<o:p></o:p></span>"
10/28/2018 10:00,10/28/2018 10:09,0,184.91.194.17,100,504,1,10/28/2018 10:09,R_25ueutKvahbBfIF,,,,,29.02470398,-80.95839691,anonymous,EN,"1,2,5,6",4,,1,,1,,1,,1,,3,3,,1,,3,2,,2,,3,,2,,2,,2,,2,,,,,,,,,,,,,,,,,,,,,,,,,,,,,,4,,3,,3,,1,,1,,3,3,,2,,3,,2,,3,,2,,3,,2,,2,,,,,,,,,,,,,,,,,,,,,,,,,,,,,,,,,,,,,,,,,,,,,,,,,,,,,,,,,,,,,,,,,,,,,,,,,,,,,,,,,,,,,,,,,,,,,,,,,,,,,,,,,,,,,,,,,,,,,,,,,,,,,84286,"<span lang=""EN-GB"">Suppose
     you want to a send a text message when you are with a very close friend at
     a restaurant&nbsp;<o:p></o:p></span>"
10/28/2018 10:11,10/28/2018 10:12,0,71.178.218.112,100,23,1,10/28/2018 10:12,R_2Ble1xf2vM4Tz2B,,,,,38.98849487,-76.79100037,anonymous,EN,2,,,,,,,,,,,,,,,,,,,,,,,,,,,,,,,,,,,,,,,,,,,,,,,,,,,,,,,,,,,,,,,,,,,,,,,,,,,,,,,,,,,,,,,,,,,,,,,,,,,,,,,,,,,,,,,,,,,,,,,,,,,,,,,,,,,,,,,,,,,,,,,,,,,,,,,,,,,,,,,,,,,,,,,,,,,,,,,,,,,,,,,,,,,,,,,,,,,,,,,,,,,,,,,,,,,12788,"<span lang=""EN-GB"">Suppose you want to take a click a photo when you with </span><span lang=""EN-GB"">some people you know (e.g.,
     acquaintances, colleagues)</span><span lang=""EN-GB""> at home<o:p></o:p></span>"
10/28/2018 10:11,10/28/2018 10:13,0,69.141.115.9,100,125,1,10/28/2018 10:13,R_3PjIWeZkxsiseC9,,,,,40.71800232,-74.07540131,anonymous,EN,"1,2,4",2,,1,,2,,1,,2,,2,2,,3,,2,1,,3,,1,,"1,2",,"1,3",,"1,2",,,,,,,,,,,,,,,,,,,,,,,,,,,,,,,,,,,,,,,,,,,,,,,,,,,,,,,,,,,,,,,,,,,,,,,,,,,,,,,,,,,,,,,,,,,,,,,,,,,,,,,,,,,,,,,,,,,,,,,,,,,,,,,,,,,,,,,,,,,,,,,,,,,,,,,,,,,,,,,,,,,,,,,,,,,,,,,,,,,,,,,,35854,"<span lang=""EN-GB"">Suppose you have planned to meet a friend next week and you want to put this on your calendar when you are alone at Starbucks.<o:p></o:p></span>"
10/28/2018 10:14,10/28/2018 10:16,0,50.80.221.27,100,159,1,10/28/2018 10:16,R_1FFbbADDTXojrbr,,,,,41.49060059,-90.4980011,anonymous,EN,"1,2,4,5","2,3,4",,1,,"1,2,3",,1,,1,,1,"1,2,3",,"1,2",,"2,3","1,2,3",,"1,2",,"1,2,3,4",,"1,2",,"1,2,3",,"1,2",,,,,,,,,,,,,,,,,,,,,,,,,,,,,,,,,,,,,,,,,,,,,,,,,,,,,,,,,,,,,,,,,,,,,,,,,,,,,,,,,,,,,,,,,,,,,,,,,,,,,,,,,,,,,,,,,,,,,,,,,,,,,,,,,,,,,,,,,,,,,,,,,,,,,,,,,,,,,,,,,,,,,,,,,,,,,,,,,,,,,,,,78079,"<span lang=""EN-GB"">Suppose
     you want to purchase something (e.g., book, household items) online when
     you are with your close friends at a park.<o:p></o:p></span>"
10/28/2018 10:22,10/28/2018 10:23,0,103.114.36.199,100,56,1,10/28/2018 10:23,R_pPFFOWqcfSiolUt,,,,,23.72900391,90.41119385,anonymous,EN,"1,2,3,5,6",3,,1,,2,,1,,1,,2,"1,2",,2,,2,2,,1,,3,,2,,1,,2,,,,,,,,,,,,,,,,,,,,,,,,,,,,,,,,,,,,,,,,,,,,,,,,,,,,,,,,,,,,,,,,,,,,,,,,,,,,,,,,,,,,,,,,,,,,,,,,,,,,,,,,,,,,,,,,,,,,,,,,,,,,,,,,,,,,,,,,,,,,,,,,,,,,,,,,,,,,,,,,,,,,,,,,,,,,,,,,,,,,,,,,46870,"Suppose
     you want to call your mother for sharing an important update about your
     life when you are surrounded by people you
     know (e.g., acquaintances, colleagues) at a restaurant.<o:p></o:p>"
10/28/2018 10:23,10/28/2018 10:27,0,216.130.159.41,100,246,1,10/28/2018 10:27,R_ptHjJhQxVv8EIr7,,,,,33.47189331,-84.59140015,anonymous,EN,"1,2,3,4,5","1,2",,1,,"2,3",,1,,3,,2,"1,3",,"2,3",,2,"2,4",,1,,6,,2,,1,,2,,,,,,,,,,,,,,,,,,,,,,,,,,,,,,,,,,,,,,,,,,,,,,,,,,,,,,,,,,,,,,,,,,,,,,,,,,,,,,,,,,,,,,,,,,,,,,,,,,,,,,,,,,,,,,,,,,,,,,,,,,,,,,,,,,,,,,,,,,,,,,,,,,,,,,,,,,,,,,,,,,,,,,,,,,,,,,,,,,,,,,,,76064,"<span lang=""EN-GB"">Suppose you want to set up a reminder about something when you are at Starbucks with close friends.<o:p></o:p></span>"
10/28/2018 10:38,10/28/2018 10:38,0,173.90.75.108,100,19,1,10/28/2018 10:38,R_1OOczn0XlAWmTWP,,,,,40.79890442,-81.37840271,anonymous,EN,"2,3",,,,,,,,,,,,,,,,,,,,,,,,,,,,,,,,,,,,,,,,,,,,,,,,,,,,,,,,,,,,,,,,,,,,,,,,,,,,,,,,,,,,,,,,,,,,,,,,,,,,,,,,,,,,,,,,,,,,,,,,,,,,,,,,,,,,,,,,,,,,,,,,,,,,,,,,,,,,,,,,,,,,,,,,,,,,,,,,,,,,,,,,,,,,,,,,,,,,,,,,,,,,,,,,,,,67861,"<span lang=""EN-GB"">Suppose you are at home with people you are close to (e.g., friends, family members) when you realize today is the last day to pay one of your bills online.<o:p></o:p></span>"
10/28/2018 10:39,10/28/2018 10:39,0,63.155.89.69,100,10,1,10/28/2018 10:39,R_2TBQdXizI4vlIrZ,,,,,44.10049438,-123.1334,anonymous,EN,1,,,,,,,,,,,,,,,,,,,,,,,,,,,,,,,,,,,,,,,,,,,,,,,,,,,,,,,,,,,,,,,,,,,,,,,,,,,,,,,,,,,,,,,,,,,,,,,,,,,,,,,,,,,,,,,,,,,,,,,,,,,,,,,,,,,,,,,,,,,,,,,,,,,,,,,,,,,,,,,,,,,,,,,,,,,,,,,,,,,,,,,,,,,,,,,,,,,,,,,,,,,,,,,,,,,42486,"<span lang=""EN-GB"">Suppose
     you want to purchase something online when you are alone at Starbucks.<o:p></o:p></span>"
10/28/2018 10:39,10/28/2018 10:40,0,63.155.89.69,100,44,1,10/28/2018 10:40,R_12xqFyu3vT199F9,,,,,44.10049438,-123.1334,anonymous,EN,"2,5,6",5,,2,,"1,2,3,4",,1,,"1,2,3",,2,2,,2,,3,"1,2",,"1,2",,"1,3",,1,,"1,2",,1,,,,,,,,,,,,,,,,,,,,,,,,,,,,,,,,,,,,,,,,,,,,,,,,,,,,,,,,,,,,,,,,,,,,,,,,,,,,,,,,,,,,,,,,,,,,,,,,,,,,,,,,,,,,,,,,,,,,,,,,,,,,,,,,,,,,,,,,,,,,,,,,,,,,,,,,,,,,,,,,,,,,,,,,,,,,,,,,,,,,,,,,88221,"Suppose you want to find a route to a coffee shop
     when you are at home with your by your colleagues<o:p></o:p>"
10/28/2018 10:40,10/28/2018 10:40,0,63.155.89.69,100,45,1,10/28/2018 10:40,R_24CMmcirUVaB2mM,,,,,44.10049438,-123.1334,anonymous,EN,"2,5,6",3,,2,,3,,1,,2,,3,1,,3,,2,1,,1,,3,,1,,3,,2,,,,,,,,,,,,,,,,,,,,,,,,,,,,,,,,,,,,,,,,,,,,,,,,,,,,,,,,,,,,,,,,,,,,,,,,,,,,,,,,,,,,,,,,,,,,,,,,,,,,,,,,,,,,,,,,,,,,,,,,,,,,,,,,,,,,,,,,,,,,,,,,,,,,,,,,,,,,,,,,,,,,,,,,,,,,,,,,,,,,,,,,67454,"<span lang=""EN-GB"">Suppose you want to take a click a photo when you are with your close friends&nbsp;</span>and family members at Starbucks"
10/28/2018 10:38,10/28/2018 10:42,0,107.77.218.99,100,236,1,10/28/2018 10:42,R_1fjTrexHiz2KLNv,,,,,29.74090576,-95.39230347,anonymous,EN,2,,,,,,,,,,,,,,,,,,,,,,,,,,,,,,,,,,,,,,,,,,,,,,,,,,,,,,,,,,,,,,,,,,,,,,,,,,,,,,,,,,,,,,,,,,,,,,,,,,,,,,,,,,,,,,,,,,,,,,,,,,,,,,,,,,,,,,,,,,,,,,,,,,,,,,,,,,,,,,,,,,,,,,,,,,,,,,,,,,,,,,,,,,,,,,,,,,,,,,,,,,,,,,,,,,,1219,"<span lang=""EN-GB"">Suppose
     you want to call your mother for sharing an important update about your
     life when you are alone at Starbucks.<o:p></o:p></span>"
10/28/2018 10:44,10/28/2018 10:49,0,108.14.97.30,100,325,1,10/28/2018 10:49,R_3j73QmaL3fWUxHl,,,,,40.66369629,-73.63800049,anonymous,EN,"1,2,4,6",2,,3,,"1,2",,1,,1,,3,"1,2",,"2,3",,"2,3","1,3",,2,,6,,"1,2",,"1,2",,2,,,,,,,,,,,,,,,,,,,,,,,,,,,,,,,,,,,,,,,,,,,,,,,,,,,,,,,,,,,,,,,,,,,,,,,,,,,,,,,,,,,,,,,,,,,,,,,,,,,,,,,,,,,,,,,,,,,,,,,,,,,,,,,,,,,,,,,,,,,,,,,,,,,,,,,,,,,,,,,,,,,,,,,,,,,,,,,,,,,,,,,,72970,"<span lang=""EN-GB"">Suppose
     you want to find a route to home when you are at Starbucks with people you
     know (e.g., acquaintances, colleagues).<o:p></o:p></span>"
10/28/2018 10:41,10/28/2018 10:50,0,70.177.82.246,100,496,1,10/28/2018 10:50,R_SDilLjx1gGYe6E9,,,,,36.04670715,-95.88410187,anonymous,EN,"1,2,3,4","1,2,5",,"1,2",,"1,2,3,4",,"1,2","Enough privacy, so that people around me don't know everything that I am doing","1,3,4",,4,"1,2,3,4",I should be able to control what information is selected and sent and what should/is not,"1,2,3",,"2,3","1,2,3,4,5",Assure me after every click/touch,"1,2,3",,"1,3,4,6",,"1,2,3",,"1,2,3",,2,,,,,,,,,,,,,,,,,,,,,,,,,,,,,,,,,,,,,,,,,,,,,,,,,,,,,,,,,,,,,,,,,,,,,,,,,,,,,,,,,,,,,,,,,,,,,,,,,,,,,,,,,,,,,,,,,,,,,,,,,,,,,,,,,,,,,,,,,,,,,,,,,,,,,,,,,,,,,,,,,,,,,,,,,,,,,,,,,,,,,,,,77175,"<span lang=""EN-GB"">Suppose you want to a send a text message when you are alone at a street.<o:p></o:p></span>"
10/28/2018 10:49,10/28/2018 10:53,0,129.71.255.19,100,197,1,10/28/2018 10:53,R_2uEBAdx0VPsuXc9,,,,,38.32739258,-81.66899872,anonymous,EN,"1,2,3,4",5,,5,,"1,2,3",,1,,1,,2,"1,2",,5,,4,6,,2,,"1,3",,5,,5,,2,,,,,,,,,,,,,,,,,,,,,,,,,,,,,,,,,,,,,,,,,,,,,,,,,,,,,,,,,,,,,,,,,,,,,,,,,,,,,,,,,,,,,,,,,,,,,,,,,,,,,,,,,,,,,,,,,,,,,,,,,,,,,,,,,,,,,,,,,,,,,,,,,,,,,,,,,,,,,,,,,,,,,,,,,,,,,,,,,,,,,,,,14056,"<span lang=""EN-GB"">Suppose
     you want to a send a text message when you with people you know (e.g., acquaintances,
     colleagues) at a street<strong>.</strong><o:p></o:p></span>"
10/28/2018 10:53,10/28/2018 10:53,0,157.51.173.158,100,34,1,10/28/2018 10:53,R_2QVrltiU3Q6j44a,,,,,13.08329773,80.28329468,anonymous,EN,2,,,,,,,,,,,,,,,,,,,,,,,,,,,,,,,,,,,,,,,,,,,,,,,,,,,,,,,,,,,,,,,,,,,,,,,,,,,,,,,,,,,,,,,,,,,,,,,,,,,,,,,,,,,,,,,,,,,,,,,,,,,,,,,,,,,,,,,,,,,,,,,,,,,,,,,,,,,,,,,,,,,,,,,,,,,,,,,,,,,,,,,,,,,,,,,,,,,,,,,,,,,,,,,,,,,75559,"<span lang=""EN-GB"">Suppose
     you want to a send a text message when you are surrounded by people you
     know (e.g., acquaintances, colleagues) at a restaurant.<o:p></o:p></span>"
10/28/2018 10:54,10/28/2018 10:54,0,157.51.173.158,100,9,1,10/28/2018 10:54,R_WBhI4lRAIJzIEY9,,,,,13.08329773,80.28329468,anonymous,EN,1,,,,,,,,,,,,,,,,,,,,,,,,,,,,,,,,,,,,,,,,,,,,,,,,,,,,,,,,,,,,,,,,,,,,,,,,,,,,,,,,,,,,,,,,,,,,,,,,,,,,,,,,,,,,,,,,,,,,,,,,,,,,,,,,,,,,,,,,,,,,,,,,,,,,,,,,,,,,,,,,,,,,,,,,,,,,,,,,,,,,,,,,,,,,,,,,,,,,,,,,,,,,,,,,,,,16796,"<span lang=""EN-GB"">Suppose
     you want to watch some video when you are with your close friends in a
     park.<o:p></o:p></span>"
10/28/2018 10:44,10/28/2018 10:55,0,64.98.120.62,100,674,1,10/28/2018 10:55,R_OPVrtieXfsBSkrD,,,,,35.626297,-78.84580231,anonymous,EN,"1,2,3,4",2,,1,,"1,2,3",,1,,1,,1,"1,2",,"2,3",,2,"1,2,3",,"1,2",,"3,4",,"1,2",,"1,2",,2,,,,,,,,,,,,,,,,,,,,,,,,,,,,,,,,,,,,,,,,,,,,,,,,,,,,,,,,,,,,,,,,,,,,,,,,,,,,,,,,,,,,,,,,,,,,,,,,,,,,,,,,,,,,,,,,,,,,,,,,,,,,,,,,,,,,,,,,,,,,,,,,,,,,,,,,,,,,,,,,,,,,,,,,,,,,,,,,,,,,,,,,10843,"<span lang=""EN-GB"">Suppose
     you want to purchase something online when you are with your close friends
     at Starbucks.<o:p></o:p></span>"
10/28/2018 10:49,10/28/2018 10:56,0,97.113.128.128,100,467,1,10/28/2018 10:56,R_O3yi4XXJsbXrVap,,,,,47.54119873,-122.2750015,anonymous,EN,"1,2,4",1,,5,,"1,2,3",,1,,1,,1,1,,5,,1,3,,2,,6,,2,,5,,4,,2,,,,,,,,,,,,,,,,,,,,,,,,,,,,,,2,,5,,1,,1,,1,,1,1,,2,,2,,3,,6,,2,,6,,5,,4,,,,,,,,,,,,,,,,,,,,,,,,,,,,,,,,,,,,,,,,,,,,,,,,,,,,,,,,,,,,,,,,,,,,,,,,,,,,,,,,,,,,,,,,,,,,,,,,,,,,,,,,,,,,,,,,,,,,,,male,40,Luthier,5,1,,4,38330,"<span lang=""EN-GB"">Suppose you want to call your mother for sharing an important
     update about your life when you are surrounded by people you know (e.g.,
     acquaintances, colleagues) at your home.<o:p></o:p></span>"
10/28/2018 10:57,10/28/2018 10:57,0,107.178.40.87,100,14,1,10/28/2018 10:57,R_2a9xNPjCivDOrHe,,,,,37.75100708,-97.8219986,anonymous,EN,4,,,,,,,,,,,,,,,,,,,,,,,,,,,,,,,,,,,,,,,,,,,,,,,,,,,,,,,,,,,,,,,,,,,,,,,,,,,,,,,,,,,,,,,,,,,,,,,,,,,,,,,,,,,,,,,,,,,,,,,,,,,,,,,,,,,,,,,,,,,,,,,,,,,,,,,,,,,,,,,,,,,,,,,,,,,,,,,,,,,,,,,,,,,,,,,,,,,,,,,,,,,,,,,,,,,60110,"<span lang=""EN-GB"">Suppose
     you want to a send a text message when you are alone at home<strong><o:p></o:p></strong></span>"
10/28/2018 10:59,10/28/2018 10:59,0,73.144.26.202,100,21,1,10/28/2018 10:59,R_1CEcBjpDMdwcEYE,,,,,42.42120361,-83.10089874,anonymous,EN,"2,3",,,,,,,,,,,,,,,,,,,,,,,,,,,,,,,,,,,,,,,,,,,,,,,,,,,,,,,,,,,,,,,,,,,,,,,,,,,,,,,,,,,,,,,,,,,,,,,,,,,,,,,,,,,,,,,,,,,,,,,,,,,,,,,,,,,,,,,,,,,,,,,,,,,,,,,,,,,,,,,,,,,,,,,,,,,,,,,,,,,,,,,,,,,,,,,,,,,,,,,,,,,,,,,,,,,62091,"<span lang=""EN-GB"">Suppose you want to a view a text message when you are alone at a street.<o:p></o:p></span>"
10/28/2018 10:56,10/28/2018 11:00,0,76.103.55.77,100,188,1,10/28/2018 11:00,R_3lYvcljVzG62J4T,,,,,37.93240356,-121.6893997,anonymous,EN,"1,2,4,5","1,2,3,4,5",,"1,2,3",,"1,2,3,4",,1,,1,,3,"1,2,3",,"1,2,3",,"1,2","2,4",,"1,2,3",,"1,2,3,4",,"1,3",,"1,2,3",,"1,2",,,,,,,,,,,,,,,,,,,,,,,,,,,,,,,,,,,,,,,,,,,,,,,,,,,,,,,,,,,,,,,,,,,,,,,,,,,,,,,,,,,,,,,,,,,,,,,,,,,,,,,,,,,,,,,,,,,,,,,,,,,,,,,,,,,,,,,,,,,,,,,,,,,,,,,,,,,,,,,,,,,,,,,,,,,,,,,,,,,,,,,,50023,"<span lang=""EN-GB"">Suppose you have planned to meet a friend next week and you want to put this on your calendar when you are with a very close friend at a park.&nbsp;<o:p></o:p></span>"
10/28/2018 10:54,10/28/2018 11:00,0,24.88.248.252,100,314,1,10/28/2018 11:00,R_6WsyG2mTUUE46yJ,,,,,35.65769958,-78.38369751,anonymous,EN,"1,2,3,4,5,6","2,4",,5,,"3,4",,1,,1,,2,"1,2,3",,2,,1,3,,2,,3,,2,,"1,2",,"1,2",,,,,,,,,,,,,,,,,,,,,,,,,,,,,,,,,,,,,,,,,,,,,,,,,,,,,,,,,,,,,,,,,,,,,,,,,,,,,,,,,,,,,,,,,,,,,,,,,,,,,,,,,,,,,,,,,,,,,,,,,,,,,,,,,,,,,,,,,,,,,,,,,,,,,,,,,,,,,,,,,,,,,,,,,,,,,,,,,,,,,,,,33868,"<span lang=""EN-GB"">Suppose
     you want to a send an email when you are surrounded by people you know
     (e.g., acquaintances, colleagues) your home.<o:p></o:p></span>"
10/28/2018 10:55,10/28/2018 11:02,0,73.242.114.75,100,425,1,10/28/2018 11:02,R_2wv0YfVMy16h8Qy,,,,,44.87350464,-93.33460236,anonymous,EN,"1,2,3,4,6","2,4",,3,,"2,4",,1,,1,,2,"1,2",,2,,"1,2",2,,"2,3",,1,,1,,"1,2",,1,,,,,,,,,,,,,,,,,,,,,,,,,,,,,,,,,,,,,,,,,,,,,,,,,,,,,,,,,,,,,,,,,,,,,,,,,,,,,,,,,,,,,,,,,,,,,,,,,,,,,,,,,,,,,,,,,,,,,,,,,,,,,,,,,,,,,,,,,,,,,,,,,,,,,,,,,,,,,,,,,,,,,,,,,,,,,,,,,,,,,,,,92890,"<span lang=""EN-GB"">Suppose you are at work with some people you know (e.g., acquaintances, colleagues) when you realize that you have to immediately pay one of your bills online.<o:p></o:p></span>"
10/28/2018 11:08,10/28/2018 11:08,0,71.14.59.99,100,36,1,10/28/2018 11:08,R_cO0KAwGBWT7uxGh,,,,,33.17170715,-86.27130127,anonymous,EN,2,,,,,,,,,,,,,,,,,,,,,,,,,,,,,,,,,,,,,,,,,,,,,,,,,,,,,,,,,,,,,,,,,,,,,,,,,,,,,,,,,,,,,,,,,,,,,,,,,,,,,,,,,,,,,,,,,,,,,,,,,,,,,,,,,,,,,,,,,,,,,,,,,,,,,,,,,,,,,,,,,,,,,,,,,,,,,,,,,,,,,,,,,,,,,,,,,,,,,,,,,,,,,,,,,,,87499,"<span lang=""EN-GB"">Suppose you want to find a route to a coffee shop when you are
     at home </span><span lang=""EN-GB"">with
     people you are close to (e.g., friends, family members)</span><strong><span lang=""EN-GB""><o:p></o:p></span></strong>"
10/28/2018 11:04,10/28/2018 11:09,0,162.231.168.185,100,308,1,10/28/2018 11:09,R_2UWoe1fFb8LSGiq,,,,,37.04379272,-100.9285965,anonymous,EN,"1,2,3,4","1,2,3,4,5",,"1,2",,"1,2,3,4",,1,,"1,4",,"1,2,3","1,2",,"1,2",,"1,2,3","1,2,3,4",,"1,2,3",,"1,2,3,4",,"2,3",,"1,2,3",,"1,2",,,,,,,,,,,,,,,,,,,,,,,,,,,,,,,,,,,,,,,,,,,,,,,,,,,,,,,,,,,,,,,,,,,,,,,,,,,,,,,,,,,,,,,,,,,,,,,,,,,,,,,,,,,,,,,,,,,,,,,,,,,,,,,,,,,,,,,,,,,,,,,,,,,,,,,,,,,,,,,,,,,,,,,,,,,,,,,,,,,,,,,,10920,"<span lang=""EN-GB"">Suppose you have planned to meet a friend next week and you want to put this on your calendar when you are surrounded with people you are close to (e.g., friends, family members) at your home.<strong><o:p></o:p></strong></span>"
10/28/2018 11:06,10/28/2018 11:11,0,173.18.212.143,100,285,1,10/28/2018 11:11,R_1f19uwajMH8a5Z9,,,,,41.6013031,-90.32630157,anonymous,EN,"1,2,3,4","3,4",,3,,"1,2",,1,,1,,1,3,,3,,1,"1,2,3",,2,,"3,4",,2,,"1,3",,"1,2",,2,,,,,,,,,,,,,,,,,,,,,,,,,,,,,,"2,3",,3,,1,,1,,1,,1,5,,"2,3",,5,,3,,3,,5,,"3,4",,"1,2",,"1,2",,,,,,,,,,,,,,,,,,,,,,,,,,,,,,,,,,,,,,,,,,,,,,,,,,,,,,,,,,,,,,,,,,,,,,,,,,,,,,,,,,,,,,,,,,,,,,,,,,,,,,,,,,,,,,,,,,,,,,,,,,,,,98980,"<span lang=""EN-GB"">Suppose you want to browse the internet when you are with people you know (e.g., acquaintances, colleagues) at a restaurant.<o:p></o:p></span>"
10/28/2018 11:12,10/28/2018 11:18,0,76.25.5.148,100,359,1,10/28/2018 11:18,R_3MKmMSDnLJwzl6c,,,,,39.48950195,-104.8447037,anonymous,EN,"1,2,3,4",2,,5,,2,,1,,1,,1,"1,2",,2,,1,2,,2,,6,,2,,1,,2,,2,,,,,,,,,,,,,,,,,,,,,,,,,,,,,,2,,5,,"1,2",,1,,1,,1,"1,2,3",,2,,5,,6,,6,,2,,6,,1,,2,,,,,,,,,,,,,,,,,,,,,,,,,,,,,,,,,,,,,,,,,,,,,,,,,,,,,,,,,,,,,,,,,,,,,,,,,,,,,,,,,,,,,,,,,,,,,,,,,,,,,,,,,,,,,,,,,,,,,,,,,,,,,77146,"<span lang=""EN-GB"">Suppose
     you want to watch some video when you are with people you know (e.g.,
     acquaintances, colleagues) in a park.<o:p></o:p></span>"
10/28/2018 11:21,10/28/2018 11:21,0,71.80.199.24,100,13,1,10/28/2018 11:21,R_21cUwWhBH5rPnMs,,,,,46.99960327,-120.5162964,anonymous,EN,1,,,,,,,,,,,,,,,,,,,,,,,,,,,,,,,,,,,,,,,,,,,,,,,,,,,,,,,,,,,,,,,,,,,,,,,,,,,,,,,,,,,,,,,,,,,,,,,,,,,,,,,,,,,,,,,,,,,,,,,,,,,,,,,,,,,,,,,,,,,,,,,,,,,,,,,,,,,,,,,,,,,,,,,,,,,,,,,,,,,,,,,,,,,,,,,,,,,,,,,,,,,,,,,,,,,90929,"<span lang=""EN-GB"">Suppose you are at your gym and you want to track the amount of calories&nbsp;</span>you have burnt your workout.&nbsp;"
10/28/2018 11:21,10/28/2018 11:23,0,138.219.174.219,100,78,1,10/28/2018 11:23,R_21mqQpCpClERnTY,,,,,15,-86.5,anonymous,EN,"1,2,3,4","1,2,3,4,5",,"1,2,3",,1,,1,,"1,2,4",,"1,2,3","1,2,3",,"1,3",,"1,2,3",3,,1,,"1,2,3,4",,"2,3",,"1,2",,"1,2",,,,,,,,,,,,,,,,,,,,,,,,,,,,,,,,,,,,,,,,,,,,,,,,,,,,,,,,,,,,,,,,,,,,,,,,,,,,,,,,,,,,,,,,,,,,,,,,,,,,,,,,,,,,,,,,,,,,,,,,,,,,,,,,,,,,,,,,,,,,,,,,,,,,,,,,,,,,,,,,,,,,,,,,,,,,,,,,,,,,,,,,48347,"<span lang=""EN-GB"">Suppose it is a regular working day, you want to track the total amount of calories&nbsp;</span>you consume and burn off during the day.&nbsp;"
10/21/2018 11:19,10/21/2018 11:36,0,100.35.97.44,78,1042,0,10/28/2018 11:36,R_28S2462MDkHPx0S,,,,,,,anonymous,EN,"1,2,4,5,6",,,,,,,,,,,,,,,,,,,,,,,,,,,,,,,,,,,,,,,,,,,,,,,,,,,,,,,,,,,,,,,,,,,,,,,,,,,,,,,,,,,,,,,,,,,,,,,,,,,,,,,,,,,,,,,,,,,,,,,,,,,,,,,,,,,,,,,,,,,,,,,,,,,,,,,,,,,,,,,,,,,,,,,,,,,,,,,,,,,,,,,,,,,,,,,,,,,,,,,,,,,,,,,,,,,39981,
10/21/2018 11:33,10/21/2018 11:41,0,98.229.41.28,88,453,0,10/28/2018 11:41,R_2fBzqTwtAo0tQFT,,,,,,,anonymous,EN,"1,2,3,4","1,2,4",,3,,2,,3,,1,,3,3,,1,,3,1,,"2,3",,6,,"2,3",,5,,"1,2",,2,,,,,,,,,,,,,,,,,,,,,,,,,,,,,,,,,,,,,,,,,,,,,,,,,,,,,,,,,,,,,,,,,,,,,,,,,,,,,,,,,,,,,,,,,,,,,,,,,,,,,,,,,,,,,,,,,,,,,,,,,,,,,,,,,,,,,,,,,,,,,,,,,,,,,,,,,,,,,,,,,,,,,,,,,,,,,,,,,,,,,,95273,"<span lang=""EN-GB"">Suppose you want to take a click a photo when you are with your close friends&nbsp;</span>and family members at Starbucks"
10/28/2018 11:34,10/28/2018 11:41,0,67.190.243.22,100,418,1,10/28/2018 11:41,R_3DtrWYaRQJIYUBg,,,,,30.31719971,-81.72200012,anonymous,EN,"1,2,5,6","1,2",,1,,"1,2,3,4",,1,,"2,3",,"1,2","1,3",,"1,2,3",,"1,2","1,2,3,4",,"1,2",,"2,4",,"1,2",,"1,2",,2,,5,,,,,,,,,,,,,,,,,,,,,,,,,,,,,,,,,,,,,,,,,,,,,,,,,,,,,,,,,,,,,,,,,,,,,,,,,,,,,,,,,,,,,,,,,,,,,,,,,,,,,,,,,,,,,,,,,,,,,1,,5,,1,,1,,"1,2",,1,1,,1,,2,,6,,2,,"1,2",,1,,5,,2,,,,,,,,,,,,,,,,,,,,,,,,,,,,,,,,,,,,,,78609,"<span lang=""EN-GB"">Suppose you want to control some devices/appliances (e.g., smart lights) when you are at home with people you are close to (e.g., friends, family members)<strong><o:p></o:p></strong></span>"
10/28/2018 11:41,10/28/2018 11:42,0,18.40.3.195,100,82,1,10/28/2018 11:42,R_PNYMho4Ja4uroyZ,,,,,42.36470032,-71.10420227,anonymous,EN,"1,2,4",1,,1,,1,,1,,3,,1,"1,2,3",,2,,1,4,,"1,2",,"2,4",,1,,2,,2,,,,,,,,,,,,,,,,,,,,,,,,,,,,,,,,,,,,,,,,,,,,,,,,,,,,,,,,,,,,,,,,,,,,,,,,,,,,,,,,,,,,,,,,,,,,,,,,,,,,,,,,,,,,,,,,,,,,,,,,,,,,,,,,,,,,,,,,,,,,,,,,,,,,,,,,,,,,,,,,,,,,,,,,,,,,,,,,,,,,,,,,48780,"<span lang=""EN-GB"">Suppose
     you want to call your mother for sharing an important update about your
     life yourself when you are with a very close friend at a park.&nbsp;<o:p></o:p></span>"
10/28/2018 11:47,10/28/2018 11:47,0,174.79.2.3,100,7,1,10/28/2018 11:47,R_6kQuJ1mRe8piiBz,,,,,32.54600525,-83.60469818,anonymous,EN,"2,3",,,,,,,,,,,,,,,,,,,,,,,,,,,,,,,,,,,,,,,,,,,,,,,,,,,,,,,,,,,,,,,,,,,,,,,,,,,,,,,,,,,,,,,,,,,,,,,,,,,,,,,,,,,,,,,,,,,,,,,,,,,,,,,,,,,,,,,,,,,,,,,,,,,,,,,,,,,,,,,,,,,,,,,,,,,,,,,,,,,,,,,,,,,,,,,,,,,,,,,,,,,,,,,,,,,26432,"<span lang=""EN-GB"">Suppose you want to watch some video when you are alone at your home.<strong><o:p></o:p></strong></span>"
10/28/2018 11:48,10/28/2018 11:54,0,108.251.214.130,100,359,1,10/28/2018 11:54,R_2l9JXMEd0gQAu9r,,,,,35.51359558,-97.5318985,anonymous,EN,"1,2,4",2,,5,,3,,3,,1,,1,5,,2,,1,1,,2,,6,,2,,1,,4,,2,,,,,,,,,,,,,,,,,,,,,,,,,,,,,,"1,2",,5,,1,,3,,1,,1,5,,2,,5,,1,,6,,"1,2",,6,,5,,4,,,,,,,,,,,,,,,,,,,,,,,,,,,,,,,,,,,,,,,,,,,,,,,,,,,,,,,,,,,,,,,,,,,,,,,,,,,,,,,,,,,,,,,,,,,,,,,,,,,,,,,,,,,,,,,,,,,,,,,,,,,,,70100,"Suppose you want to purchase something online when
     you are with people you know (e.g., acquaintances,
     colleagues) at a park.<o:p></o:p>"
10/28/2018 12:02,10/28/2018 12:02,0,67.184.140.122,100,41,1,10/28/2018 12:02,R_3qImtUZIpp4F7t1,,,,,41.75230408,-88.24530029,anonymous,EN,"1,2",,,,,,,,,,,,,,,,,,,,,,,,,,,,,,,,,,,,,,,,,,,,,,,,,,,,,,,,,,,,,,,,,,,,,,,,,,,,,,,,,,,,,,,,,,,,,,,,,,,,,,,,,,,,,,,,,,,,,,,,,,,,,,,,,,,,,,,,,,,,,,,,,,,,,,,,,,,,,,,,,,,,,,,,,,,,,,,,,,,,,,,,,,,,,,,,,,,,,,,,,,,,,,,,,,,16449,"<span lang=""EN-GB"">Suppose
     you are at a park and you realize today is the last day to pay one of your
     bills online.<o:p></o:p></span>"
10/28/2018 11:57,10/28/2018 12:08,0,96.36.64.62,100,638,1,10/28/2018 12:08,R_1DSyfbLlQXdJmAL,,,,,34.93519592,-81.9654007,anonymous,EN,"1,3,4","2,4",,1,,"1,2,3",,3,,1,,"2,3","1,2,3",,2,,"2,3","2,3",,2,,3,,2,,"1,2",,"1,2",,1,4,,1,,"1,2,3",,3,,1,,"1,2","1,2,3",,3,,2,,2,,3,,2,,3,,"1,2",,"1,2",,,,,,,,,,,,,,,,,,,,,,,,,,,,,,,,,,,,,,,,,,,,,,,,,,,,,,,,,,,,,,,,,,,,,,,,,,,,,,,,,,,,,,,,,,,,,,,,,,,,,,,,,,,,,,,,,,,,,,,,,,,,,,,,,,,,,,,,,,,,,,,,,,,,,,,,,,81074,"<span lang=""EN-GB"">Suppose you want to browse the internet when you are alone at a restaurant.<o:p></o:p></span>"
10/28/2018 12:06,10/28/2018 12:11,0,47.199.68.211,100,302,1,10/28/2018 12:11,R_2veP87nf61HnWYJ,,,,,27.32620239,-82.47239685,anonymous,EN,"2,3,4,5",1,,5,,2,,1,,1,,2,"1,2,3",,1,,2,6,,3,,7,,3,,5,,2,,5,,,,,,,,,,,,,,,,,,,,,,,,,,,,,,,,,,,,,,,,,,,,,,,,,,,,,,,,,,,,,,,,,,,,,,,,,,,,,,,,,,,,,,,,,,,,,,,,,,,,,,,,,,,,,,,,,,,,,1,,5,,1,,3,,1,,4,5,,1,,2,,6,,2,,5,,7,,5,,4,,,,,,,,,,,,,,,,,,,,,,,,,,,,,,,,,,,,,,60951,"<span lang=""EN-GB"">Suppose
     you want to listen to some audio when you are with people you know (e.g.,
     acquaintances, colleagues) at your home.<o:p></o:p></span>"
10/28/2018 12:14,10/28/2018 12:14,0,72.176.120.33,100,32,1,10/28/2018 12:14,R_PRGOknMeHI9cQSd,,,,,27.73109436,-97.38770294,anonymous,EN,"2,3",,,,,,,,,,,,,,,,,,,,,,,,,,,,,,,,,,,,,,,,,,,,,,,,,,,,,,,,,,,,,,,,,,,,,,,,,,,,,,,,,,,,,,,,,,,,,,,,,,,,,,,,,,,,,,,,,,,,,,,,,,,,,,,,,,,,,,,,,,,,,,,,,,,,,,,,,,,,,,,,,,,,,,,,,,,,,,,,,,,,,,,,,,,,,,,,,,,,,,,,,,,,,,,,,,,41504,"<span lang=""EN-GB"">Suppose
     you want to a send an email when you are walking on a street with people
     you know (e.g., acquaintances, colleagues)<strong>.</strong><o:p></o:p></span>"
10/28/2018 12:16,10/28/2018 12:16,0,210.185.160.247,100,19,1,10/28/2018 12:16,R_2E0hVM8AiKkJl5p,,,,,14.64660645,121.0509033,anonymous,EN,"1,2",,,,,,,,,,,,,,,,,,,,,,,,,,,,,,,,,,,,,,,,,,,,,,,,,,,,,,,,,,,,,,,,,,,,,,,,,,,,,,,,,,,,,,,,,,,,,,,,,,,,,,,,,,,,,,,,,,,,,,,,,,,,,,,,,,,,,,,,,,,,,,,,,,,,,,,,,,,,,,,,,,,,,,,,,,,,,,,,,,,,,,,,,,,,,,,,,,,,,,,,,,,,,,,,,,,128,"<span lang=""EN-GB"">Suppose you are alone at home when you realize today is the last day to pay one of your bills online.<o:p></o:p></span>"
10/28/2018 12:19,10/28/2018 12:19,0,24.3.192.89,100,30,1,10/28/2018 12:19,R_2TNzxXearrgN6dR,,,,,40.34779358,-79.86419678,anonymous,EN,"1,2",,,,,,,,,,,,,,,,,,,,,,,,,,,,,,,,,,,,,,,,,,,,,,,,,,,,,,,,,,,,,,,,,,,,,,,,,,,,,,,,,,,,,,,,,,,,,,,,,,,,,,,,,,,,,,,,,,,,,,,,,,,,,,,,,,,,,,,,,,,,,,,,,,,,,,,,,,,,,,,,,,,,,,,,,,,,,,,,,,,,,,,,,,,,,,,,,,,,,,,,,,,,,,,,,,,10175,"<span lang=""EN-GB"">Suppose
     you want to a send an email when you are walking on a street.<o:p></o:p></span>"
10/21/2018 12:16,10/21/2018 12:20,0,68.39.124.75,78,253,0,10/28/2018 12:20,R_3CUh86zpSyItG2Z,,,,,,,anonymous,EN,"2,3,4",,,,,,,,,,,,,,,,,,,,,,,,,,,,,,,,,,,,,,,,,,,,,,,,,,,,,,,,,,,,,,,,,,,,,,,,,,,,,,,,,,,,,,,,,,,,,,,,,,,,,,,,,,,,,,,,,,,,,,,,,,,,,,,,,,,,,,,,,,,,,,,,,,,,,,,,,,,,,,,,,,,,,,,,,,,,,,,,,,,,,,,,,,,,,,,,,,,,,,,,,,,,,,,,,,,73972,"<span lang=""EN-GB"">Suppose you want to control some devices/appliances (e.g., smart lights) when you are alone at home.<o:p></o:p></span>"
10/28/2018 12:27,10/28/2018 12:31,0,24.63.221.67,100,227,1,10/28/2018 12:31,R_3JmYqXis8ED4ClA,,,,,41.91040039,-70.64199829,anonymous,EN,"1,2,4,5,6","1,2",,"1,2",,3,,1,,1,,"2,3",3,,"2,3",,"2,3","2,4",,2,,"1,2,4",,"1,3",,"2,3",,2,,,,,,,,,,,,,,,,,,,,,,,,,,,,,,,,,,,,,,,,,,,,,,,,,,,,,,,,,,,,,,,,,,,,,,,,,,,,,,,,,,,,,,,,,,,,,,,,,,,,,,,,,,,,,,,,,,,,,,,,,,,,,,,,,,,,,,,,,,,,,,,,,,,,,,,,,,,,,,,,,,,,,,,,,,,,,,,,,,,,,,,,46301,"<span lang=""EN-GB"">Suppose
     you want to a send a text message when you are surrounded by people you
     know (e.g., acquaintances, colleagues) at your home.<o:p></o:p></span>"
10/28/2018 12:27,10/28/2018 12:35,0,98.111.189.75,100,459,1,10/28/2018 12:35,R_273uX6i6Thq9JRR,,,,,40.01609802,-75.71829987,anonymous,EN,"1,2,3","2,4,5",,"1,3",,"1,2,3",,1,,"1,3",,3,1,,2,,3,2,,"1,2",,3,,"1,2",,"1,3",,2,,2,,,,,,,,,,,,,,,,,,,,,,,,,,,,,,"2,5",,"1,3",,"1,2,3",,1,,1,,3,"1,2",,2,,2,,2,,3,,"1,2",,3,,"1,3",,2,,,,,,,,,,,,,,,,,,,,,,,,,,,,,,,,,,,,,,,,,,,,,,,,,,,,,,,,,,,,,,,,,,,,,,,,,,,,,,,,,,,,,,,,,,,,,,,,,,,,,,,,,,,,,,,,,,,,,,Female,33,Health Assistant,5,1,,7,95416,"<span lang=""EN-GB"">Suppose
     you are at a park with your close friends and you realize today is the
     last day to pay one of your bills online.<o:p></o:p></span>"
10/28/2018 12:26,10/28/2018 12:36,0,76.170.75.8,100,625,1,10/28/2018 12:36,R_1E6f9dlKtbbFYgH,,,,,34.44659424,-118.5373993,anonymous,EN,"1,2,4","1,2",,"1,2",,"1,2,3,4",,1,,1,,1,"1,2,3",,2,,1,1,,"1,2,3",,"2,3,4,6",,"1,2,3",,"1,2,3",,2,,2,,,,,,,,,,,,,,,,,,,,,,,,,,,,,,"1,2",,1,,"1,2",,1,,2,,1,"1,2,3",,2,,2,,6,,7,,"1,2",,7,,"1,2",,2,,,,,,,,,,,,,,,,,,,,,,,,,,,,,,,,,,,,,,,,,,,,,,,,,,,,,,,,,,,,,,,,,,,,,,,,,,,,,,,,,,,,,,,,,,,,,,,,,,,,,,,,,,,,,,,,,,,,,,female,37,Freelance gymnastics/tumbling coach,5,1,,2,55953,"<span lang=""EN-GB"">Suppose
     you want to listen to some audio when you are with your close friends in a
     park.<o:p></o:p></span>"
10/28/2018 12:37,10/28/2018 12:37,0,99.161.86.116,100,19,1,10/28/2018 12:37,R_1rNTmO7kiBOUAlQ,,,,,38.54760742,-90.32409668,anonymous,EN,"2,3",,,,,,,,,,,,,,,,,,,,,,,,,,,,,,,,,,,,,,,,,,,,,,,,,,,,,,,,,,,,,,,,,,,,,,,,,,,,,,,,,,,,,,,,,,,,,,,,,,,,,,,,,,,,,,,,,,,,,,,,,,,,,,,,,,,,,,,,,,,,,,,,,,,,,,,,,,,,,,,,,,,,,,,,,,,,,,,,,,,,,,,,,,,,,,,,,,,,,,,,,,,,,,,,,,,96771,"Suppose you want to purchase something (e.g., book,
     household items) online when you are with people
     you know (e.g., acquaintances, colleagues) at
     Starbucks.<o:p></o:p>"
10/21/2018 12:30,10/21/2018 12:39,0,66.108.215.98,88,501,0,10/28/2018 12:39,R_2aaCk24oSNybMtY,,,,,,,anonymous,EN,"1,2,3,4,5","1,4,5",,3,,"1,2,3,4",,1,,1,,"2,3","1,3",,"1,2,3",,"2,3","1,2,3,4",,"2,3",,"2,3",,"2,3",,5,,"1,2",,"1,2,5",,,,,,,,,,,,,,,,,,,,,,,,,,,,,,,,,,,,,,,,,,,,,,,,,,,,,,,,,,,,,,,,,,,,,,,,,,,,,,,,,,,,,,,,,,,,,,,,,,,,,,,,,,,,,,,,,,,,,1,,3,,"1,2,4",,1,,1,,2,"1,2,3",,"1,2,3",,1,,4,,2,,1,,2,,5,,"1,2",,,,,,,,,,,,,,,,,,,,,,,,,,,,,,,,,,,,,,64622,"<span lang=""EN-GB"">Suppose
     you want to a send a text message when you are alone at home<strong><o:p></o:p></strong></span>"
10/28/2018 12:38,10/28/2018 12:47,0,75.175.75.147,100,511,1,10/28/2018 12:47,R_QmqrbINWtSJKBZD,,,,,30.52220154,-87.74569702,anonymous,EN,"1,2,4,6","2,3,5",,1,,"1,2,3",,1,,3,,1,"1,2,3",,2,,1,"1,2,3",,"1,2",,"1,2,6",,"1,2",,"2,3",,2,,"1,2,4","2,4,5",,1,,"1,2,3",,1,,"2,3",,1,"1,2,3",,2,,2,,"1,2,3",,6,,"1,2",,6,,"2,3",,2,,"2,3,5",,1,,"1,2,3",,1,,"2,3",,1,"1,2,3",,2,,2,,"1,2,3",,"1,3",,"1,2,3",,"1,3",,"2,3",,2,,,,,,,,,,,,,,,,,,,,,,,,,,,,,,,"2,3,5",,1,,"1,2,3",,1,,"2,3",,1,"1,2,3",,2,,2,,"1,2,3",,"1,3",,"1,2",,"1,3",,"2,3",,2,,,,,,,,,,,,,,,,,,,,,,,,,,,,,,,,,,,,,,,,,,,,,,,,,,,,,,,,,,,,Female,45,Librarian,6,1,,4,14811,"<span lang=""EN-GB"">Suppose you want to control some devices/appliances (e.g., smart lights) when you are alone at home.<o:p></o:p></span>"
10/28/2018 13:08,10/28/2018 13:11,0,96.18.164.212,100,193,1,10/28/2018 13:11,R_3D10wGLMBzgvWQl,,,,,33.63969421,-104.3748016,anonymous,EN,"1,2,3,4,5",1,,3,,3,,1,,1,,1,3,,1,,3,3,,2,,4,,3,,5,,2,,,,,,,,,,,,,,,,,,,,,,,,,,,,,,,,,,,,,,,,,,,,,,,,,,,,,,,,,,,,,,,,,,,,,,,,,,,,,,,,,,,,,,,,,,,,,,,,,,,,,,,,,,,,,,,,,,,,,,,,,,,,,,,,,,,,,,,,,,,,,,,,,,,,,,,,,,,,,,,,,,,,,,,,,,,,,,,,,,,,,,,,76744,"<span lang=""EN-GB"">Suppose
     you want to set up a reminder when you are with people you know (e.g.,
     acquaintances, colleagues) at your home.<o:p></o:p></span>"
10/28/2018 13:12,10/28/2018 13:13,0,172.114.54.32,100,7,1,10/28/2018 13:13,R_1PSKv7dQcLg033Y,,,,,33.90989685,-118.2357025,anonymous,EN,3,,,,,,,,,,,,,,,,,,,,,,,,,,,,,,,,,,,,,,,,,,,,,,,,,,,,,,,,,,,,,,,,,,,,,,,,,,,,,,,,,,,,,,,,,,,,,,,,,,,,,,,,,,,,,,,,,,,,,,,,,,,,,,,,,,,,,,,,,,,,,,,,,,,,,,,,,,,,,,,,,,,,,,,,,,,,,,,,,,,,,,,,,,,,,,,,,,,,,,,,,,,,,,,,,,,55321,"<span lang=""EN-GB"">Suppose
     you want to watch some video when
     you are at home with people you are close to (e.g., friends, family
     members)<strong><o:p></o:p></strong></span>"
10/21/2018 13:19,10/21/2018 13:24,0,73.207.30.60,78,252,0,10/28/2018 13:24,R_3EAO8X90N2bfim4,,,,,,,anonymous,EN,"2,3,4",,,,,,,,,,,,,,,,,,,,,,,,,,,,,,,,,,,,,,,,,,,,,,,,,,,,,,,,,,,,,,,,,,,,,,,,,,,,,,,,,,,,,,,,,,,,,,,,,,,,,,,,,,,,,,,,,,,,,,,,,,,,,,,,,,,,,,,,,,,,,,,,,,,,,,,,,,,,,,,,,,,,,,,,,,,,,,,,,,,,,,,,,,,,,,,,,,,,,,,,,,,,,,,,,,,26720,"<span lang=""EN-GB"">Suppose
     you want to purchase something (e.g., book, household items) online when
     you are with your close friends at a park.<o:p></o:p></span>"
10/28/2018 13:34,10/28/2018 13:38,0,69.207.3.12,100,288,1,10/28/2018 13:38,R_2bHOLrxD7MVsiFX,,,,,42.90170288,-78.6631012,anonymous,EN,"1,2,3,4",2,,5,,"1,3",,1,,2,,4,5,,5,,4,3,,2,,7,,2,,1,,4,,2,,,,,,,,,,,,,,,,,,,,,,,,,,,,,,2,,5,,2,,1,,2,,4,5,,5,,5,,3,,3,,2,,7,,1,,4,,,,,,,,,,,,,,,,,,,,,,,,,,,,,,,,,,,,,,,,,,,,,,,,,,,,,,,,,,,,,,,,,,,,,,,,,,,,,,,,,,,,,,,,,,,,,,,,,,,,,,,,,,,,,,,,,,,,,,,,,,,,,21733,"Suppose you want to check your social media status
     when you are at Starbucks.<o:p></o:p>"
10/21/2018 13:39,10/21/2018 13:39,0,68.47.141.246,1,9,0,10/28/2018 13:40,R_2sUduWMA3GL5QG7,,,,,,,anonymous,EN,,,,,,,,,,,,,,,,,,,,,,,,,,,,,,,,,,,,,,,,,,,,,,,,,,,,,,,,,,,,,,,,,,,,,,,,,,,,,,,,,,,,,,,,,,,,,,,,,,,,,,,,,,,,,,,,,,,,,,,,,,,,,,,,,,,,,,,,,,,,,,,,,,,,,,,,,,,,,,,,,,,,,,,,,,,,,,,,,,,,,,,,,,,,,,,,,,,,,,,,,,,,,,,,,,,,31328,"<span lang=""EN-GB"">Suppose
     you are at home with some people you know (e.g., acquaintances,
     colleagues) when you realize today is the last day to pay one of your
     bills online.<o:p></o:p></span>"
10/28/2018 13:45,10/28/2018 13:51,0,184.101.146.118,100,354,1,10/28/2018 13:51,R_2ctnccId4DEeKgk,,,,,33.37939453,-112.0282974,anonymous,EN,"1,2,3",4,,3,,"1,2,3",,3,,1,,1,"1,2",,3,,2,"1,2",,"2,3",,6,,1,,2,,1,,,,,,,,,,,,,,,,,,,,,,,,,,,,,,,,,,,,,,,,,,,,,,,,,,,,,,,,,,,,,,,,,,,,,,,,,,,,,,,,,,,,,,,,,,,,,,,,,,,,,,,,,,,,,,,,,,,,,,,,,,,,,,,,,,,,,,,,,,,,,,,,,,,,,,,,,,,,,,,,,,,,,,,,,,,,,,,,,,,,,,,,84445,"<span lang=""EN-GB"">Suppose
     you want to read a digital document when you are alone at home.<strong><o:p></o:p></strong></span>"
10/23/2018 22:46,10/28/2018 13:58,0,71.223.42.161,100,400280,1,10/28/2018 13:58,R_2ds5Tr5VHqozEvc,,,,,33.38510132,-111.8723984,anonymous,EN,"1,3,4,5",2,,1,,3,,1,,1,,2,2,,5,,"1,3",2,,"2,3",,3,,"2,3",,5,,2,,,,,,,,,,,,,,,,,,,,,,,,,,,,,,,,,,,,,,,,,,,,,,,,,,,,,,,,,,,,,,,,,,,,,,,,,,,,,,,,,,,,,,,,,,,,,,,,,,,,,,,,,,,,,,,,,,,,,,,,,,,,,,,,,,,,,,,,,,,,,,,,,,,,,,,,,,,,,,,,,,,,,,,,,,,,,,,,,,,,,,,,63526,"<span lang=""EN-GB"">Suppose you have planned to meet a friend next week and you want to put this on your calendar when you are surrounded with people you are close to (e.g., friends, family members) at your home.<strong><o:p></o:p></strong></span>"
10/21/2018 13:58,10/21/2018 13:58,0,196.16.108.64,1,10,0,10/28/2018 13:58,R_3n8zWBlZqJVLf1U,,,,,,,anonymous,EN,,,,,,,,,,,,,,,,,,,,,,,,,,,,,,,,,,,,,,,,,,,,,,,,,,,,,,,,,,,,,,,,,,,,,,,,,,,,,,,,,,,,,,,,,,,,,,,,,,,,,,,,,,,,,,,,,,,,,,,,,,,,,,,,,,,,,,,,,,,,,,,,,,,,,,,,,,,,,,,,,,,,,,,,,,,,,,,,,,,,,,,,,,,,,,,,,,,,,,,,,,,,,,,,,,,,7859,"<span lang=""EN-GB"">Suppose
     you want to purchase something online when you are alone at Starbucks.<o:p></o:p></span>"
10/21/2018 14:01,10/21/2018 14:13,0,130.70.12.4,88,709,0,10/28/2018 14:13,R_qELwH4HKotb2iJP,,,,,,,anonymous,EN,"1,2,4","2,3,5",,1,,"1,2,3",,1,,4,,3,"1,3",,2,,3,"1,2,3",,2,,3,,2,,1,,"1,2",,2,,,,,,,,,,,,,,,,,,,,,,,,,,,,,,,,,,,,,,,,,,,,,,,,,,,,,,,,,,,,,,,,,,,,,,,,,,,,,,,,,,,,,,,,,,,,,,,,,,,,,,,,,,,,,,,,,,,,,,,,,,,,,,,,,,,,,,,,,,,,,,,,,,,,,,,,,,,,,,,,,,,,,,,,,,,,,,,,,,,,,,85631,"<span lang=""EN-GB"">Suppose you want to browse the internet when you are alone at a restaurant.<o:p></o:p></span>"
10/28/2018 14:14,10/28/2018 14:15,0,174.221.139.114,100,51,1,10/28/2018 14:15,R_20U3PWEXQdcaCCv,,,,,41.88290405,-87.7582016,anonymous,EN,1,,,,,,,,,,,,,,,,,,,,,,,,,,,,,,,,,,,,,,,,,,,,,,,,,,,,,,,,,,,,,,,,,,,,,,,,,,,,,,,,,,,,,,,,,,,,,,,,,,,,,,,,,,,,,,,,,,,,,,,,,,,,,,,,,,,,,,,,,,,,,,,,,,,,,,,,,,,,,,,,,,,,,,,,,,,,,,,,,,,,,,,,,,,,,,,,,,,,,,,,,,,,,,,,,,,89442,"<span lang=""EN-GB"" style=""font-size:11.0pt;line-height:115%;
font-family:&quot;Arial&quot;,sans-serif;mso-fareast-font-family:Arial;mso-ansi-language:
EN-GB;mso-fareast-language:EN-US;mso-bidi-language:AR-SA"">Suppose you want to check your social media when you are alone in a park.</span>"
10/28/2018 14:17,10/28/2018 14:18,0,184.58.228.143,100,11,1,10/28/2018 14:18,R_1o77SAQFbWs2QMj,,,,,42.97509766,-87.8946991,anonymous,EN,"2,3",,,,,,,,,,,,,,,,,,,,,,,,,,,,,,,,,,,,,,,,,,,,,,,,,,,,,,,,,,,,,,,,,,,,,,,,,,,,,,,,,,,,,,,,,,,,,,,,,,,,,,,,,,,,,,,,,,,,,,,,,,,,,,,,,,,,,,,,,,,,,,,,,,,,,,,,,,,,,,,,,,,,,,,,,,,,,,,,,,,,,,,,,,,,,,,,,,,,,,,,,,,,,,,,,,,61270,"<span lang=""EN-GB"">Suppose you want to browse through one of your social media profiles when you&nbsp;</span>are at your home."
10/21/2018 14:17,10/21/2018 14:18,0,108.213.140.246,1,55,0,10/28/2018 14:18,R_2E9QuWQ3NoVz66c,,,,,,,anonymous,EN,"1,2,3",,,,,,,,,,,,,,,,,,,,,,,,,,,,,,,,,,,,,,,,,,,,,,,,,,,,,,,,,,,,,,,,,,,,,,,,,,,,,,,,,,,,,,,,,,,,,,,,,,,,,,,,,,,,,,,,,,,,,,,,,,,,,,,,,,,,,,,,,,,,,,,,,,,,,,,,,,,,,,,,,,,,,,,,,,,,,,,,,,,,,,,,,,,,,,,,,,,,,,,,,,,,,,,,,,,53408,"<span lang=""EN-GB"">Suppose
     you want to read a digital document when you are at home with people you
     are close to (e.g., friends, family members).<strong><o:p></o:p></strong></span>"
10/20/2018 10:25,10/21/2018 14:22,0,41.80.91.114,78,100577,0,10/28/2018 14:22,R_1f0IFsekwDsU0MN,,,,,,,anonymous,EN,"1,3,4",,,,,,,,,,,,,,,,,,,,,,,,,,,,,,,,,,,,,,,,,,,,,,,,,,,,,,,,,,,,,,,,,,,,,,,,,,,,,,,,,,,,,,,,,,,,,,,,,,,,,,,,,,,,,,,,,,,,,,,,,,,,,,,,,,,,,,,,,,,,,,,,,,,,,,,,,,,,,,,,,,,,,,,,,,,,,,,,,,,,,,,,,,,,,,,,,,,,,,,,,,,,,,,,,,,43685,"<span lang=""EN-GB"">Suppose
     you want to listen to some audio when you are with your friends at
     Starbucks.<o:p></o:p></span>"
10/28/2018 14:25,10/28/2018 14:25,0,50.110.126.76,100,45,1,10/28/2018 14:25,R_29lYHA3uqAM6I1X,,,,,37.26980591,-81.22229767,anonymous,EN,"1,2",,,,,,,,,,,,,,,,,,,,,,,,,,,,,,,,,,,,,,,,,,,,,,,,,,,,,,,,,,,,,,,,,,,,,,,,,,,,,,,,,,,,,,,,,,,,,,,,,,,,,,,,,,,,,,,,,,,,,,,,,,,,,,,,,,,,,,,,,,,,,,,,,,,,,,,,,,,,,,,,,,,,,,,,,,,,,,,,,,,,,,,,,,,,,,,,,,,,,,,,,,,,,,,,,,,70768,"<span lang=""EN-GB"">Suppose you are at a park, you have just read a book you loved and now you&nbsp;</span>want to write a review for it to share with people you are close to (e.g., friends, family members)"
10/28/2018 14:33,10/28/2018 14:33,0,172.56.37.211,100,37,1,10/28/2018 14:33,R_ClGoKnxDTk4lhnP,,,,,40.72360229,-74.20149994,anonymous,EN,"2,3,5,6","2,3",,"1,2",,"1,2",,1,,"1,3",,"1,2","1,2",,"1,2",,"2,3","1,2",,"1,2",,"1,2,6",,"1,2",,"1,2",,"1,2",,,,,,,,,,,,,,,,,,,,,,,,,,,,,,,,,,,,,,,,,,,,,,,,,,,,,,,,,,,,,,,,,,,,,,,,,,,,,,,,,,,,,,,,,,,,,,,,,,,,,,,,,,,,,,,,,,,,,,,,,,,,,,,,,,,,,,,,,,,,,,,,,,,,,,,,,,,,,,,,,,,,,,,,,,,,,,,,,,,,,,,,37037,"<span lang=""EN-GB"">Suppose you are at a coffee shop, you have just read a book you loved and now&nbsp;</span>you want to write a review for it to share with your close family and friends."
10/28/2018 14:38,10/28/2018 14:39,0,68.55.75.147,100,75,1,10/28/2018 14:39,R_27Wju6IcquFEbXw,,,,,42.65930176,-83.12249756,anonymous,EN,"1,2",,,,,,,,,,,,,,,,,,,,,,,,,,,,,,,,,,,,,,,,,,,,,,,,,,,,,,,,,,,,,,,,,,,,,,,,,,,,,,,,,,,,,,,,,,,,,,,,,,,,,,,,,,,,,,,,,,,,,,,,,,,,,,,,,,,,,,,,,,,,,,,,,,,,,,,,,,,,,,,,,,,,,,,,,,,,,,,,,,,,,,,,,,,,,,,,,,,,,,,,,,,,,,,,,,,39892,"<span lang=""EN-GB"">Suppose
     you want to call your mother for sharing an important update about your
     life when you are with a very close friend at a restaurant&nbsp;<o:p></o:p></span>"
10/28/2018 14:39,10/28/2018 14:40,0,142.255.64.21,100,68,1,10/28/2018 14:40,R_eP403tl3zuvN5Tj,,,,,40.66690063,-73.98280334,anonymous,EN,"1,2,4,5,6","1,2",,"1,2,3",,"1,2,3",,1,,"1,3",,"1,2",1,,"2,3",,1,"1,3",,"1,2",,7,,"1,2",,"1,3",,"1,2",,,,,,,,,,,,,,,,,,,,,,,,,,,,,,,,,,,,,,,,,,,,,,,,,,,,,,,,,,,,,,,,,,,,,,,,,,,,,,,,,,,,,,,,,,,,,,,,,,,,,,,,,,,,,,,,,,,,,,,,,,,,,,,,,,,,,,,,,,,,,,,,,,,,,,,,,,,,,,,,,,,,,,,,,,,,,,,,,,,,,,,,20224,
10/21/2018 14:40,10/21/2018 14:40,0,38.140.158.26,1,2,0,10/28/2018 14:40,R_1K3Ax0Nl8VnkhOm,,,,,,,anonymous,EN,,,,,,,,,,,,,,,,,,,,,,,,,,,,,,,,,,,,,,,,,,,,,,,,,,,,,,,,,,,,,,,,,,,,,,,,,,,,,,,,,,,,,,,,,,,,,,,,,,,,,,,,,,,,,,,,,,,,,,,,,,,,,,,,,,,,,,,,,,,,,,,,,,,,,,,,,,,,,,,,,,,,,,,,,,,,,,,,,,,,,,,,,,,,,,,,,,,,,,,,,,,,,,,,,,,,30986,"<span lang=""EN-GB"">Suppose you are at sitting at Starbucks and you want to play a digital/online&nbsp;</span>game with some close friends."
10/21/2018 14:51,10/21/2018 14:52,0,174.60.201.41,78,81,0,10/28/2018 14:52,R_10ufiQK0ef9HwOG,,,,,,,anonymous,EN,"1,2,4",,,,,,,,,,,,,,,,,,,,,,,,,,,,,,,,,,,,,,,,,,,,,,,,,,,,,,,,,,,,,,,,,,,,,,,,,,,,,,,,,,,,,,,,,,,,,,,,,,,,,,,,,,,,,,,,,,,,,,,,,,,,,,,,,,,,,,,,,,,,,,,,,,,,,,,,,,,,,,,,,,,,,,,,,,,,,,,,,,,,,,,,,,,,,,,,,,,,,,,,,,,,,,,,,,,51557,"<span lang=""EN-GB"">Suppose you are on a short vacation alone and you want to take a picture in front&nbsp;</span>of an iconic monument."
10/28/2018 14:53,10/28/2018 15:00,0,172.56.36.201,100,445,1,10/28/2018 15:00,R_1q3crEGZVAtfgHG,,,,,40.71069336,-74.21309662,anonymous,EN,"1,2,4",2,,1,,"2,3",,1,,1,,3,3,,"1,2",,3,"1,2",,2,,3,,2,,5,,4,,"2,4",,,,,,,,,,,,,,,,,,,,,,,,,,,,,,"2,3",,"1,3",,1,,1,,"2,3",,"2,3",2,,3,,3,,"1,2",,"3,4",,2,,3,,5,,2,,,,,,,,,,,,,,,,,,,,,,,,,,,,,,,"3,5",,3,,"2,3",,1,,4,,3,3,,3,,3,,3,,"3,4",,2,,3,,3,,2,,,,,,,,,,,,,,,,,,,,,,,,,,,,,,,,,,,,,,,,,,,,,,,,,,,,,,,,,,,,,,,,,,,8268,"<span lang=""EN-GB"">Suppose you have planned to meet a friend next week and you want to put this on your calendar when you are alone at a park<o:p></o:p></span>"
10/21/2018 14:59,10/21/2018 15:01,0,69.132.159.26,78,66,0,10/28/2018 15:01,R_yxtycd4pejSRm2R,,,,,,,anonymous,EN,"1,2,4",,,,,,,,,,,,,,,,,,,,,,,,,,,,,,,,,,,,,,,,,,,,,,,,,,,,,,,,,,,,,,,,,,,,,,,,,,,,,,,,,,,,,,,,,,,,,,,,,,,,,,,,,,,,,,,,,,,,,,,,,,,,,,,,,,,,,,,,,,,,,,,,,,,,,,,,,,,,,,,,,,,,,,,,,,,,,,,,,,,,,,,,,,,,,,,,,,,,,,,,,,,,,,,,,,,3993,"<span lang=""EN-GB"">Suppose
     you want to purchase something online when you are with people you are
     close to (e.g., friends, family members).<o:p></o:p></span>"
10/21/2018 15:08,10/21/2018 15:09,0,108.237.87.38,78,37,0,10/28/2018 15:09,R_2uOIwEZrPAyKUKp,,,,,,,anonymous,EN,"1,2,3,5",,,,,,,,,,,,,,,,,,,,,,,,,,,,,,,,,,,,,,,,,,,,,,,,,,,,,,,,,,,,,,,,,,,,,,,,,,,,,,,,,,,,,,,,,,,,,,,,,,,,,,,,,,,,,,,,,,,,,,,,,,,,,,,,,,,,,,,,,,,,,,,,,,,,,,,,,,,,,,,,,,,,,,,,,,,,,,,,,,,,,,,,,,,,,,,,,,,,,,,,,,,,,,,,,,,4243,"<span lang=""EN-GB"">Suppose
     you want to purchase something online when you are alone at Starbucks.<o:p></o:p></span>"
10/21/2018 15:19,10/21/2018 15:21,0,99.203.3.140,1,108,0,10/28/2018 15:22,R_2at3eA7AisICY8K,,,,,,,anonymous,EN,,,,,,,,,,,,,,,,,,,,,,,,,,,,,,,,,,,,,,,,,,,,,,,,,,,,,,,,,,,,,,,,,,,,,,,,,,,,,,,,,,,,,,,,,,,,,,,,,,,,,,,,,,,,,,,,,,,,,,,,,,,,,,,,,,,,,,,,,,,,,,,,,,,,,,,,,,,,,,,,,,,,,,,,,,,,,,,,,,,,,,,,,,,,,,,,,,,,,,,,,,,,,,,,,,,,49166,"<span lang=""EN-GB"">Suppose
     you want to a send an email when you are walking on a street with people
     you know (e.g., acquaintances, colleagues)<strong>.</strong><o:p></o:p></span>"
10/21/2018 15:23,10/21/2018 15:23,0,107.77.197.155,78,26,0,10/28/2018 15:24,R_23X2A6pNMXCQ8Hj,,,,,,,anonymous,EN,"2,3,4,5,6",,,,,,,,,,,,,,,,,,,,,,,,,,,,,,,,,,,,,,,,,,,,,,,,,,,,,,,,,,,,,,,,,,,,,,,,,,,,,,,,,,,,,,,,,,,,,,,,,,,,,,,,,,,,,,,,,,,,,,,,,,,,,,,,,,,,,,,,,,,,,,,,,,,,,,,,,,,,,,,,,,,,,,,,,,,,,,,,,,,,,,,,,,,,,,,,,,,,,,,,,,,,,,,,,,,55602,"<span lang=""EN-GB"">Suppose
     you want to watch some video when you are with your close friends in a
     park.<o:p></o:p></span>"
10/28/2018 15:37,10/28/2018 15:38,0,71.223.31.96,100,15,1,10/28/2018 15:38,R_2qkGV28arMen1Hm,,,,,33.39169312,-111.9248962,anonymous,EN,"1,2",,,,,,,,,,,,,,,,,,,,,,,,,,,,,,,,,,,,,,,,,,,,,,,,,,,,,,,,,,,,,,,,,,,,,,,,,,,,,,,,,,,,,,,,,,,,,,,,,,,,,,,,,,,,,,,,,,,,,,,,,,,,,,,,,,,,,,,,,,,,,,,,,,,,,,,,,,,,,,,,,,,,,,,,,,,,,,,,,,,,,,,,,,,,,,,,,,,,,,,,,,,,,,,,,,,44006,"<span id=""docs-internal-guid-5a7e3441-7fff-9d1f-10e6-454a1d940975""><span style=""font-size: 11pt; font-family: Arial; color: rgb(0, 0, 0); background-color: transparent; font-variant-numeric: normal; font-variant-east-asian: normal; vertical-align: baseline; white-space: pre-wrap;"">Suppose you want to call your mother for sharing an important update about your life &nbsp;when you are alone at home</span><br> <br><br></span>"
10/28/2018 15:43,10/28/2018 15:52,0,68.253.157.91,100,544,1,10/28/2018 15:52,R_BFJV0KUjGuTAcaR,,,,,38.21740723,-85.74040222,anonymous,EN,"1,2,4","1,2,3,4,5",,3,,"1,2,3,4",,1,,1,,3,"1,2",,"1,2",,3,"1,2,3,4",,2,,6,,"2,3",,"1,2,3",,"1,2",,,,,,,,,,,,,,,,,,,,,,,,,,,,,,,,,,,,,,,,,,,,,,,,,,,,,,,,,,,,,,,,,,,,,,,,,,,,,,,,,,,,,,,,,,,,,,,,,,,,,,,,,,,,,,,,,,,,,,,,,,,,,,,,,,,,,,,,,,,,,,,,,,,,,,,,,,,,,,,,,,,,,,,,,,,,,,,,,,,,,,,,17565,"<span lang=""EN-GB"">Suppose
     you want to read a digital document when you are at home with people you
     are close to (e.g., friends, family members).<strong><o:p></o:p></strong></span>"
10/28/2018 16:04,10/28/2018 16:06,0,100.0.198.176,100,117,1,10/28/2018 16:06,R_3oWSTgekEbaLJlk,,,,,42.42909241,-71.0605011,anonymous,EN,"1,2,3","2,3",,1,,"1,2",,1,,1,,3,1,,3,,2,4,,1,,2,,"1,2",,2,,1,,,,,,,,,,,,,,,,,,,,,,,,,,,,,,,,,,,,,,,,,,,,,,,,,,,,,,,,,,,,,,,,,,,,,,,,,,,,,,,,,,,,,,,,,,,,,,,,,,,,,,,,,,,,,,,,,,,,,,,,,,,,,,,,,,,,,,,,,,,,,,,,,,,,,,,,,,,,,,,,,,,,,,,,,,,,,,,,,,,,,,,,68533,"<span lang=""EN-GB"">Suppose
     you want to listen to some audio when you are alone at your home.<strong><o:p></o:p></strong></span>"
10/28/2018 16:12,10/28/2018 16:16,0,24.0.74.85,100,239,1,10/28/2018 16:16,R_279h3sGbBjnJM7D,,,,,39.97709656,-74.15650177,anonymous,EN,"1,2,4,5,6",3,,1,,"1,2",,1,,3,,2,1,,1,,3,"3,4",,3,,2,,2,,3,,2,,,,,,,,,,,,,,,,,,,,,,,,,,,,,,,,,,,,,,,,,,,,,,,,,,,,,,,,,,,,,,,,,,,,,,,,,,,,,,,,,,,,,,,,,,,,,,,,,,,,,,,,,,,,,,,,,,,,,,,,,,,,,,,,,,,,,,,,,,,,,,,,,,,,,,,,,,,,,,,,,,,,,,,,,,,,,,,,,,,,,,,,3487,"Suppose you want to call your mother for sharing an important update about your life when you are surrounded with people you are close to (e.g., friends, family members)at your home."
10/28/2018 16:22,10/28/2018 16:23,0,174.67.23.135,100,19,1,10/28/2018 16:23,R_sGPzzNBYVyCLWr7,,,,,35.37919617,-97.53620148,anonymous,EN,6,,,,,,,,,,,,,,,,,,,,,,,,,,,,,,,,,,,,,,,,,,,,,,,,,,,,,,,,,,,,,,,,,,,,,,,,,,,,,,,,,,,,,,,,,,,,,,,,,,,,,,,,,,,,,,,,,,,,,,,,,,,,,,,,,,,,,,,,,,,,,,,,,,,,,,,,,,,,,,,,,,,,,,,,,,,,,,,,,,,,,,,,,,,,,,,,,,,,,,,,,,,,,,,,,,,82137,"<span lang=""EN-GB"" style=""font-size:11.0pt;line-height:115%;
font-family:&quot;Arial&quot;,sans-serif;mso-fareast-font-family:Arial;mso-ansi-language:
EN-GB;mso-fareast-language:EN-US;mso-bidi-language:AR-SA"">Suppose you want to
read a digital document when you are at Starbucks surrounded with your close
friends.</span>"
10/28/2018 16:27,10/28/2018 16:29,0,24.229.219.100,100,67,1,10/28/2018 16:29,R_1FKi3frC2YNUPHo,,,,,41.73730469,-77.30799866,anonymous,EN,1,,,,,,,,,,,,,,,,,,,,,,,,,,,,,,,,,,,,,,,,,,,,,,,,,,,,,,,,,,,,,,,,,,,,,,,,,,,,,,,,,,,,,,,,,,,,,,,,,,,,,,,,,,,,,,,,,,,,,,,,,,,,,,,,,,,,,,,,,,,,,,,,,,,,,,,,,,,,,,,,,,,,,,,,,,,,,,,,,,,,,,,,,,,,,,,,,,,,,,,,,,,,,,,,,,,5951,"<span lang=""EN-GB"">Suppose you want to browse the internet when you are at home with people you are close to (e.g., friends, family members)<strong><o:p></o:p></strong></span>"
10/18/2018 11:05,10/21/2018 16:31,0,99.61.181.109,1,278754,0,10/28/2018 16:31,R_1I3Ox82kiZgTuyt,,,,,,,anonymous,EN,,,,,,,,,,,,,,,,,,,,,,,,,,,,,,,,,,,,,,,,,,,,,,,,,,,,,,,,,,,,,,,,,,,,,,,,,,,,,,,,,,,,,,,,,,,,,,,,,,,,,,,,,,,,,,,,,,,,,,,,,,,,,,,,,,,,,,,,,,,,,,,,,,,,,,,,,,,,,,,,,,,,,,,,,,,,,,,,,,,,,,,,,,,,,,,,,,,,,,,,,,,,,,,,,,,,7478,"<span lang=""EN-GB"">Suppose
     you want to a send a text message when you are surrounded by people you
     know (e.g., acquaintances, colleagues) at a restaurant.<o:p></o:p></span>"
10/21/2018 16:31,10/21/2018 16:32,0,73.47.58.182,78,57,0,10/28/2018 16:33,R_2BtVjK4PMhWY27L,,,,,,,anonymous,EN,"1,2,4",,,,,,,,,,,,,,,,,,,,,,,,,,,,,,,,,,,,,,,,,,,,,,,,,,,,,,,,,,,,,,,,,,,,,,,,,,,,,,,,,,,,,,,,,,,,,,,,,,,,,,,,,,,,,,,,,,,,,,,,,,,,,,,,,,,,,,,,,,,,,,,,,,,,,,,,,,,,,,,,,,,,,,,,,,,,,,,,,,,,,,,,,,,,,,,,,,,,,,,,,,,,,,,,,,,84031,"<span lang=""EN-GB"">Suppose you have planned to meet a friend next week and you want to&nbsp;put this on your calendar </span><span lang=""EN-GB"">when</span><span lang=""EN-GB""> you are surrounded by people you know (e.g., acquaintances, colleagues) at your home.</span><span lang=""EN-GB""><o:p></o:p></span>"
10/21/2018 16:32,10/21/2018 16:33,0,69.250.13.78,78,61,0,10/28/2018 16:34,R_2aXNlSjj2j1nrjI,,,,,,,anonymous,EN,"1,2,4",,,,,,,,,,,,,,,,,,,,,,,,,,,,,,,,,,,,,,,,,,,,,,,,,,,,,,,,,,,,,,,,,,,,,,,,,,,,,,,,,,,,,,,,,,,,,,,,,,,,,,,,,,,,,,,,,,,,,,,,,,,,,,,,,,,,,,,,,,,,,,,,,,,,,,,,,,,,,,,,,,,,,,,,,,,,,,,,,,,,,,,,,,,,,,,,,,,,,,,,,,,,,,,,,,,50170,"<span lang=""EN-GB"">Suppose
     you want to a send an email when you are surrounded by people you know
     (e.g., acquaintances, colleagues) your home.<o:p></o:p></span>"
10/21/2018 16:31,10/21/2018 16:36,0,73.233.23.84,88,272,0,10/28/2018 16:36,R_2uDQKsK96irAYiQ,,,,,,,anonymous,EN,"1,2,3,4","2,3,4,5",,"1,2",,"1,2,3",,1,,1,,1,"1,2,3",,2,,1,6,,"1,2",,"3,6",,"1,2",,1,,4,,2,,,,,,,,,,,,,,,,,,,,,,,,,,,,,,,,,,,,,,,,,,,,,,,,,,,,,,,,,,,,,,,,,,,,,,,,,,,,,,,,,,,,,,,,,,,,,,,,,,,,,,,,,,,,,,,,,,,,,,,,,,,,,,,,,,,,,,,,,,,,,,,,,,,,,,,,,,,,,,,,,,,,,,,,,,,,,,,,,,,,,,22991,"<span lang=""EN-GB"">Suppose you want to watch some video when you are with your close friends at Starbucks.<o:p></o:p></span>"
10/21/2018 16:41,10/21/2018 16:42,0,75.172.43.76,1,14,0,10/28/2018 16:42,R_2y1L9YuXL7sJ9Oh,,,,,,,anonymous,EN,,,,,,,,,,,,,,,,,,,,,,,,,,,,,,,,,,,,,,,,,,,,,,,,,,,,,,,,,,,,,,,,,,,,,,,,,,,,,,,,,,,,,,,,,,,,,,,,,,,,,,,,,,,,,,,,,,,,,,,,,,,,,,,,,,,,,,,,,,,,,,,,,,,,,,,,,,,,,,,,,,,,,,,,,,,,,,,,,,,,,,,,,,,,,,,,,,,,,,,,,,,,,,,,,,,,25357,"<span lang=""EN-GB"" style=""font-size:11.0pt;line-height:115%;
font-family:&quot;Arial&quot;,sans-serif;mso-fareast-font-family:Arial;mso-ansi-language:
EN-GB;mso-fareast-language:EN-US;mso-bidi-language:AR-SA"">Suppose you want to a
send a text message when you are alone at Starbucks.</span>"
10/28/2018 16:41,10/28/2018 16:46,0,174.197.25.2,100,314,1,10/28/2018 16:46,R_3IcnBW9c4qi8m4h,,,,,42.21960449,-88.24259949,anonymous,EN,"1,2,3,4","3,4",,3,,2,,1,,4,,3,2,,3,,3,4,,2,,3,,2,,3,,2,,2,,,,,,,,,,,,,,,,,,,,,,,,,,,,,,3,,3,,3,,1,,3,,3,2,,2,,2,,3,,3,,2,,2,,2,,2,,,,,,,,,,,,,,,,,,,,,,,,,,,,,,,,,,,,,,,,,,,,,,,,,,,,,,,,,,,,,,,,,,,,,,,,,,,,,,,,,,,,,,,,,,,,,,,,,,,,,,,,,,,,,,,,,,,,,,,,,,,,,55395,"<span lang=""EN-GB"">Suppose
     you want to a view a text message when you are surrounded with people you
     are close to (e.g., friends, family members) at your home.<strong><o:p></o:p></strong></span>"
10/28/2018 16:46,10/28/2018 16:55,0,174.237.128.211,100,582,1,10/28/2018 16:55,R_2ayN66culKGHY4M,,,,,36.17500305,-115.1371994,anonymous,EN,"1,2,4,6","1,2",,5,,"3,4",,1,,1,,3,3,,3,,3,2,,2,,4,,2,,1,,"1,2",,"1,2,4",2,,1,,"2,3",,3,,2,,2,"1,2",,3,,2,,2,,3,,1,,2,,"1,3",,"1,2",,2,,1,,2,,1,,2,,2,3,,2,,1,,2,,3,,1,,2,,1,,2,,,,,,,,,,,,,,,,,,,,,,,,,,,,,,,"1,2",,1,,2,,1,,2,,2,3,,2,,2,,2,,2,,1,,"2,3",,2,,2,,,,,,,,,,,,,,,,,,,,,,,,,,,,,,,,,,,,,,,,,,,,,,,,,,,,,,,,,,,,,,,,,,,9273,"<span lang=""EN-GB"">Suppose you want to listen to some audio when you are alone in a park.<o:p></o:p></span>"
10/21/2018 16:30,10/21/2018 17:00,0,184.89.106.1,1,1750,0,10/28/2018 17:00,R_2qDcNm47pmdiCxH,,,,,,,anonymous,EN,"1,2,3,4",,,,,,,,,,,,,,,,,,,,,,,,,,,,,,,,,,,,,,,,,,,,,,,,,,,,,,,,,,,,,,,,,,,,,,,,,,,,,,,,,,,,,,,,,,,,,,,,,,,,,,,,,,,,,,,,,,,,,,,,,,,,,,,,,,,,,,,,,,,,,,,,,,,,,,,,,,,,,,,,,,,,,,,,,,,,,,,,,,,,,,,,,,,,,,,,,,,,,,,,,,,,,,,,,,,14843,"<span lang=""EN-GB"">Suppose
     you want to a send a text message when you are alone at home<strong><o:p></o:p></strong></span>"
10/28/2018 17:01,10/28/2018 17:04,0,68.42.123.9,100,177,1,10/28/2018 17:04,R_24eXVaDIpjQye9f,,,,,43.07200623,-83.8423996,anonymous,EN,"1,2,3,4","1,2,3,4",,"1,2",,3,,1,,"1,2",,"2,3","1,2",,"1,2,3",,"2,3","1,2,3,4",,"1,2,3",,"1,2,3",,"1,2,3",,3,,"1,2",,2,,,,,,,,,,,,,,,,,,,,,,,,,,,,,,"2,3",,2,,"1,2",,1,,2,,2,2,,"1,2",,1,,"2,3",,"2,3,4",,2,,"1,2",,3,,1,,,,,,,,,,,,,,,,,,,,,,,,,,,,,,,,,,,,,,,,,,,,,,,,,,,,,,,,,,,,,,,,,,,,,,,,,,,,,,,,,,,,,,,,,,,,,,,,,,,,,,,,,,,,,,,,,,,,,,,,,,,,,19466,"<span lang=""EN-GB"">Suppose
     you want to take a click a photo when you are alone at home.<o:p></o:p></span>"
10/21/2018 17:03,10/21/2018 17:03,0,76.184.57.2,78,35,0,10/28/2018 17:04,R_3PXjAjBAEEfQz7N,,,,,,,anonymous,EN,"1,2,3,4",,,,,,,,,,,,,,,,,,,,,,,,,,,,,,,,,,,,,,,,,,,,,,,,,,,,,,,,,,,,,,,,,,,,,,,,,,,,,,,,,,,,,,,,,,,,,,,,,,,,,,,,,,,,,,,,,,,,,,,,,,,,,,,,,,,,,,,,,,,,,,,,,,,,,,,,,,,,,,,,,,,,,,,,,,,,,,,,,,,,,,,,,,,,,,,,,,,,,,,,,,,,,,,,,,,33223,"<span lang=""EN-GB"">Suppose
     you want to set up a reminder about something when you are with people you
     know (e.g., acquaintances, colleagues) at Starbucks.<o:p></o:p></span>"
10/28/2018 17:06,10/28/2018 17:12,0,104.136.35.179,100,343,1,10/28/2018 17:12,R_1P5WgKBcoMLf2dh,,,,,28.75770569,-81.35079956,anonymous,EN,"2,3,4",2,,3,,"2,3",,1,,1,,3,"1,2",,2,,"2,3","1,3",,2,,"2,3",,2,,"1,3",,"1,2",,,,,,,,,,,,,,,,,,,,,,,,,,,,,,,,,,,,,,,,,,,,,,,,,,,,,,,,,,,,,,,,,,,,,,,,,,,,,,,,,,,,,,,,,,,,,,,,,,,,,,,,,,,,,,,,,,,,,,,,,,,,,,,,,,,,,,,,,,,,,,,,,,,,,,,,,,,,,,,,,,,,,,,,,,,,,,,,,,,,,,,,46097,"<span lang=""EN-GB"">Suppose
     you want to read a digital document) when you are at home with people you
     know (e.g., acquaintances, colleagues).<o:p></o:p></span>"
10/28/2018 17:14,10/28/2018 17:16,0,172.56.26.38,100,102,1,10/28/2018 17:16,R_3k7gXIwz6b82wMQ,,,,,25.77409363,-80.18170166,anonymous,EN,"1,2,3,4",2,,2,,2,,1,,2,,2,3,,1,,2,"2,3",,2,,3,,"1,2",,2,,2,,,,,,,,,,,,,,,,,,,,,,,,,,,,,,,,,,,,,,,,,,,,,,,,,,,,,,,,,,,,,,,,,,,,,,,,,,,,,,,,,,,,,,,,,,,,,,,,,,,,,,,,,,,,,,,,,,,,,,,,,,,,,,,,,,,,,,,,,,,,,,,,,,,,,,,,,,,,,,,,,,,,,,,,,,,,,,,,,,,,,,,,69081,"<span lang=""EN-GB"">Suppose
     you want to purchase something online when you are with people you know
     (e.g., acquaintances, colleagues) at your home.<o:p></o:p></span>"
10/28/2018 17:14,10/28/2018 17:22,0,98.14.200.116,100,486,1,10/28/2018 17:22,R_3FWLkiB7smctmh4,,,,,40.76669312,-73.82409668,anonymous,EN,"1,2,4","2,5",,5,,2,,1,,1,,3,1,,3,,3,1,,1,,6,,2,,"1,2,3",,4,,,,,,,,,,,,,,,,,,,,,,,,,,,,,,,,,,,,,,,,,,,,,,,,,,,,,,,,,,,,,,,,,,,,,,,,,,,,,,,,,,,,,,,,,,,,,,,,,,,,,,,,,,,,,,,,,,,,,,,,,,,,,,,,,,,,,,,,,,,,,,,,,,,,,,,,,,,,,,,,,,,,,,,,,,,,,,,,,,,,,,,,47803,"<span lang=""EN-GB"">Suppose you want to browse the internet when you are alone at a restaurant.<o:p></o:p></span>"
10/21/2018 17:22,10/21/2018 17:26,0,66.128.161.89,78,255,0,10/28/2018 17:26,R_3JKjl1tCkGlfbmz,,,,,,,anonymous,EN,"1,2,3,4",,,,,,,,,,,,,,,,,,,,,,,,,,,,,,,,,,,,,,,,,,,,,,,,,,,,,,,,,,,,,,,,,,,,,,,,,,,,,,,,,,,,,,,,,,,,,,,,,,,,,,,,,,,,,,,,,,,,,,,,,,,,,,,,,,,,,,,,,,,,,,,,,,,,,,,,,,,,,,,,,,,,,,,,,,,,,,,,,,,,,,,,,,,,,,,,,,,,,,,,,,,,,,,,,,,3277,"<span lang=""EN-GB"">Suppose you want to read a digital document when you are in a park with people you know (e.g., acquaintances, colleagues).<o:p></o:p></span>"
10/28/2018 17:29,10/28/2018 17:33,0,160.2.55.108,100,214,1,10/28/2018 17:33,R_2PhEXpc8c8F7tFC,,,,,42.88760376,-112.4381027,anonymous,EN,"1,2,3,4,5","1,2,3",,1,,2,,3,,1,,"2,3","1,2",,1,,"1,2",1,,"1,2",,"2,3,6",,"2,3",,1,,2,,,,,,,,,,,,,,,,,,,,,,,,,,,,,,,,,,,,,,,,,,,,,,,,,,,,,,,,,,,,,,,,,,,,,,,,,,,,,,,,,,,,,,,,,,,,,,,,,,,,,,,,,,,,,,,,,,,,,,,,,,,,,,,,,,,,,,,,,,,,,,,,,,,,,,,,,,,,,,,,,,,,,,,,,,,,,,,,,,,,,,,,70671,"<span lang=""EN-GB"">Suppose
     you want to call your mother for sharing an important update about your
     life when you are with a very close friend at a restaurant&nbsp;<o:p></o:p></span>"
10/21/2018 17:38,10/21/2018 17:38,0,68.202.175.23,78,26,0,10/28/2018 17:38,R_1gSWBPuTS4tskBy,,,,,,,anonymous,EN,"1,2,3,4,5,6",,,,,,,,,,,,,,,,,,,,,,,,,,,,,,,,,,,,,,,,,,,,,,,,,,,,,,,,,,,,,,,,,,,,,,,,,,,,,,,,,,,,,,,,,,,,,,,,,,,,,,,,,,,,,,,,,,,,,,,,,,,,,,,,,,,,,,,,,,,,,,,,,,,,,,,,,,,,,,,,,,,,,,,,,,,,,,,,,,,,,,,,,,,,,,,,,,,,,,,,,,,,,,,,,,,23408,"<span lang=""EN-GB"">Suppose you want to a send an email when you are walking with a very close friend on a street.&nbsp;<o:p></o:p></span>"
10/21/2018 17:35,10/21/2018 17:39,0,151.213.204.109,78,260,0,10/28/2018 17:39,R_BuiU4Y3nakUkW4x,,,,,,,anonymous,EN,"1,2,3,4",,,,,,,,,,,,,,,,,,,,,,,,,,,,,,,,,,,,,,,,,,,,,,,,,,,,,,,,,,,,,,,,,,,,,,,,,,,,,,,,,,,,,,,,,,,,,,,,,,,,,,,,,,,,,,,,,,,,,,,,,,,,,,,,,,,,,,,,,,,,,,,,,,,,,,,,,,,,,,,,,,,,,,,,,,,,,,,,,,,,,,,,,,,,,,,,,,,,,,,,,,,,,,,,,,,92146,"<span lang=""EN-GB"">Suppose you want to call your mother for sharing an important
     update about your life&nbsp; when you
     with people you know (e.g., acquaintances, colleagues) at a park<o:p></o:p></span>"
10/28/2018 17:36,10/28/2018 17:40,0,66.191.215.80,100,203,1,10/28/2018 17:40,R_3rUOf9n58qMH401,,,,,34.75120544,-82.25499725,anonymous,EN,"1,2,3,4","2,4",,1,,2,,1,,1,,3,"1,2,3",,2,,2,2,,2,,"2,3",,2,,"1,2",,"1,2",,,,,,,,,,,,,,,,,,,,,,,,,,,,,,,,,,,,,,,,,,,,,,,,,,,,,,,,,,,,,,,,,,,,,,,,,,,,,,,,,,,,,,,,,,,,,,,,,,,,,,,,,,,,,,,,,,,,,,,,,,,,,,,,,,,,,,,,,,,,,,,,,,,,,,,,,,,,,,,,,,,,,,,,,,,,,,,,,,,,,,,,23670,"<span lang=""EN-GB"">Suppose you want to watch some video when you are alone at your home.<strong><o:p></o:p></strong></span>"
10/21/2018 17:39,10/21/2018 17:40,0,162.34.240.123,78,35,0,10/28/2018 17:41,R_D2DpvTRqtNAANqh,,,,,,,anonymous,EN,"1,2,3,4",,,,,,,,,,,,,,,,,,,,,,,,,,,,,,,,,,,,,,,,,,,,,,,,,,,,,,,,,,,,,,,,,,,,,,,,,,,,,,,,,,,,,,,,,,,,,,,,,,,,,,,,,,,,,,,,,,,,,,,,,,,,,,,,,,,,,,,,,,,,,,,,,,,,,,,,,,,,,,,,,,,,,,,,,,,,,,,,,,,,,,,,,,,,,,,,,,,,,,,,,,,,,,,,,,,31891,"<span lang=""EN-GB"">Suppose you want to a view a text message when you are alone at a street.<o:p></o:p></span>"
10/28/2018 17:41,10/28/2018 17:41,0,71.161.71.235,100,19,1,10/28/2018 17:41,R_2aRhsIhytRXUZ4X,,,,,42.24090576,-79.49629974,anonymous,EN,1,,,,,,,,,,,,,,,,,,,,,,,,,,,,,,,,,,,,,,,,,,,,,,,,,,,,,,,,,,,,,,,,,,,,,,,,,,,,,,,,,,,,,,,,,,,,,,,,,,,,,,,,,,,,,,,,,,,,,,,,,,,,,,,,,,,,,,,,,,,,,,,,,,,,,,,,,,,,,,,,,,,,,,,,,,,,,,,,,,,,,,,,,,,,,,,,,,,,,,,,,,,,,,,,,,,74145,"<span lang=""EN-GB"">Suppose you have planned to meet a friend next week and you want to&nbsp;put this on your calendar </span><span lang=""EN-GB"">when</span><span lang=""EN-GB""> you are surrounded by people you know (e.g., acquaintances, colleagues) at your home.</span><span lang=""EN-GB""><o:p></o:p></span>"
10/21/2018 17:46,10/21/2018 17:47,0,159.118.108.230,78,48,0,10/28/2018 17:47,R_3qV6DDkfnWF74vf,,,,,,,anonymous,EN,"1,2,3,4,5",,,,,,,,,,,,,,,,,,,,,,,,,,,,,,,,,,,,,,,,,,,,,,,,,,,,,,,,,,,,,,,,,,,,,,,,,,,,,,,,,,,,,,,,,,,,,,,,,,,,,,,,,,,,,,,,,,,,,,,,,,,,,,,,,,,,,,,,,,,,,,,,,,,,,,,,,,,,,,,,,,,,,,,,,,,,,,,,,,,,,,,,,,,,,,,,,,,,,,,,,,,,,,,,,,,74193,"<span lang=""EN-GB"">Suppose
     you want to a view a text message when you are surrounded by people you
     know (e.g., acquaintances, colleagues) at a restaurant.<o:p></o:p></span>"
10/21/2018 17:47,10/21/2018 17:48,0,107.2.68.78,78,35,0,10/28/2018 17:48,R_2zbxBQ572wLoixU,,,,,,,anonymous,EN,"1,2,4",,,,,,,,,,,,,,,,,,,,,,,,,,,,,,,,,,,,,,,,,,,,,,,,,,,,,,,,,,,,,,,,,,,,,,,,,,,,,,,,,,,,,,,,,,,,,,,,,,,,,,,,,,,,,,,,,,,,,,,,,,,,,,,,,,,,,,,,,,,,,,,,,,,,,,,,,,,,,,,,,,,,,,,,,,,,,,,,,,,,,,,,,,,,,,,,,,,,,,,,,,,,,,,,,,,78999,"Suppose you want to purchase something (e.g., book,
     household items) online when you are with people
     you know (e.g., acquaintances, colleagues) at
     Starbucks.<o:p></o:p>"
10/21/2018 17:47,10/21/2018 17:47,0,71.112.139.49,1,5,0,10/28/2018 17:48,R_1jwxcEOSyobcDi8,,,,,,,anonymous,EN,,,,,,,,,,,,,,,,,,,,,,,,,,,,,,,,,,,,,,,,,,,,,,,,,,,,,,,,,,,,,,,,,,,,,,,,,,,,,,,,,,,,,,,,,,,,,,,,,,,,,,,,,,,,,,,,,,,,,,,,,,,,,,,,,,,,,,,,,,,,,,,,,,,,,,,,,,,,,,,,,,,,,,,,,,,,,,,,,,,,,,,,,,,,,,,,,,,,,,,,,,,,,,,,,,,,5371,"<span lang=""EN-GB"">Suppose
     you want to a send an email when you are walking on a street.<o:p></o:p></span>"
10/28/2018 17:44,10/28/2018 17:49,0,72.198.220.216,100,274,1,10/28/2018 17:49,R_3QWA9za3WVGz4Jn,,,,,41.29190063,-95.99990082,anonymous,EN,"1,2,3","1,2,4,5",,1,,"1,2,3,4",,1,,3,,3,"1,2",,2,,"1,2,3","2,4",,2,,"1,2",,2,,"1,2,3",,2,,,,,,,,,,,,,,,,,,,,,,,,,,,,,,,,,,,,,,,,,,,,,,,,,,,,,,,,,,,,,,,,,,,,,,,,,,,,,,,,,,,,,,,,,,,,,,,,,,,,,,,,,,,,,,,,,,,,,,,,,,,,,,,,,,,,,,,,,,,,,,,,,,,,,,,,,,,,,,,,,,,,,,,,,,,,,,,,,,,,,,,,68418,"<span lang=""EN-GB"">Suppose you want to browse the internet when you are with people you know (e.g., acquaintances, colleagues) at a park.<o:p></o:p></span>"
10/21/2018 17:49,10/21/2018 17:50,0,99.157.55.118,1,35,0,10/28/2018 17:50,R_3DkCy9IU4MGYnby,,,,,,,anonymous,EN,,,,,,,,,,,,,,,,,,,,,,,,,,,,,,,,,,,,,,,,,,,,,,,,,,,,,,,,,,,,,,,,,,,,,,,,,,,,,,,,,,,,,,,,,,,,,,,,,,,,,,,,,,,,,,,,,,,,,,,,,,,,,,,,,,,,,,,,,,,,,,,,,,,,,,,,,,,,,,,,,,,,,,,,,,,,,,,,,,,,,,,,,,,,,,,,,,,,,,,,,,,,,,,,,,,,28151,"<span lang=""EN-GB"">Suppose
     you want to a view a text message when you are with a very close friend at
     a restaurant&nbsp;<o:p></o:p></span>"
10/28/2018 17:52,10/28/2018 17:52,0,97.120.169.185,100,18,1,10/28/2018 17:52,R_1CIOVYEqVKvvAhB,,,,,45.5269928,-122.6853943,anonymous,EN,"3,4",,,,,,,,,,,,,,,,,,,,,,,,,,,,,,,,,,,,,,,,,,,,,,,,,,,,,,,,,,,,,,,,,,,,,,,,,,,,,,,,,,,,,,,,,,,,,,,,,,,,,,,,,,,,,,,,,,,,,,,,,,,,,,,,,,,,,,,,,,,,,,,,,,,,,,,,,,,,,,,,,,,,,,,,,,,,,,,,,,,,,,,,,,,,,,,,,,,,,,,,,,,,,,,,,,,51312,"<span lang=""EN-GB"">Suppose
     you want to purchase something online when you are with your close friends
     at Starbucks.<o:p></o:p></span>"
10/21/2018 18:04,10/21/2018 18:04,0,107.5.88.103,78,43,0,10/28/2018 18:05,R_24ADl9Fqn9Ion8d,,,,,,,anonymous,EN,"1,2,4",,,,,,,,,,,,,,,,,,,,,,,,,,,,,,,,,,,,,,,,,,,,,,,,,,,,,,,,,,,,,,,,,,,,,,,,,,,,,,,,,,,,,,,,,,,,,,,,,,,,,,,,,,,,,,,,,,,,,,,,,,,,,,,,,,,,,,,,,,,,,,,,,,,,,,,,,,,,,,,,,,,,,,,,,,,,,,,,,,,,,,,,,,,,,,,,,,,,,,,,,,,,,,,,,,,26344,"<span lang=""EN-GB"">Suppose
     you want to call your mother for sharing an important update about your
     life yourself when you are with a very close friend at a park.&nbsp;<o:p></o:p></span>"
10/28/2018 18:01,10/28/2018 18:05,0,74.105.142.115,100,234,1,10/28/2018 18:05,R_2A0TpZiXQVDAY6D,,,,,41.04429626,-74.09809875,anonymous,EN,"1,2,3,4,6","1,2,3,5",,"1,2",,"1,2,3,4",,1,,"1,3,4",,3,"1,2",,"2,3",,"2,3","2,3,4",,"1,2,3",,"1,2,3,4",,"1,2,3",,"1,3",,"1,2",,,,,,,,,,,,,,,,,,,,,,,,,,,,,,,,,,,,,,,,,,,,,,,,,,,,,,,,,,,,,,,,,,,,,,,,,,,,,,,,,,,,,,,,,,,,,,,,,,,,,,,,,,,,,,,,,,,,,,,,,,,,,,,,,,,,,,,,,,,,,,,,,,,,,,,,,,,,,,,,,,,,,,,,,,,,,,,,,,,,,,,,86441,"Suppose you want to call your mother for sharing an important update about your life when you are surrounded with people you are close to (e.g., friends, family members)at your home."
10/21/2018 18:06,10/21/2018 18:09,0,70.185.213.175,78,163,0,10/28/2018 18:09,R_3EVV7WnsDm8pnWa,,,,,,,anonymous,EN,"1,2,3",,,,,,,,,,,,,,,,,,,,,,,,,,,,,,,,,,,,,,,,,,,,,,,,,,,,,,,,,,,,,,,,,,,,,,,,,,,,,,,,,,,,,,,,,,,,,,,,,,,,,,,,,,,,,,,,,,,,,,,,,,,,,,,,,,,,,,,,,,,,,,,,,,,,,,,,,,,,,,,,,,,,,,,,,,,,,,,,,,,,,,,,,,,,,,,,,,,,,,,,,,,,,,,,,,,98537,"<span lang=""EN-GB"">Suppose you are at Starbucks with your close friends and you realize today is the last day to pay one of your bills online.<o:p></o:p></span>"
10/28/2018 18:08,10/28/2018 18:11,0,104.236.195.72,100,147,1,10/28/2018 18:11,R_1esGl8uIqOJoEG6,,,,,40.83439636,-74.13770294,anonymous,EN,3,,,,,,,,,,,,,,,,,,,,,,,,,,,,,,,,,,,,,,,,,,,,,,,,,,,,,,,,,,,,,,,,,,,,,,,,,,,,,,,,,,,,,,,,,,,,,,,,,,,,,,,,,,,,,,,,,,,,,,,,,,,,,,,,,,,,,,,,,,,,,,,,,,,,,,,,,,,,,,,,,,,,,,,,,,,,,,,,,,,,,,,,,,,,,,,,,,,,,,,,,,,,,,,,,,,60605,"<span lang=""EN-GB"">Suppose
     you want to listen to some audio when you are with people you know (e.g.,
     acquaintances, colleagues) at your home.<o:p></o:p></span>"
10/28/2018 18:11,10/28/2018 18:11,0,104.236.195.72,100,8,1,10/28/2018 18:11,R_3kbQIiG4dmr2dEu,,,,,40.83439636,-74.13770294,anonymous,EN,2,,,,,,,,,,,,,,,,,,,,,,,,,,,,,,,,,,,,,,,,,,,,,,,,,,,,,,,,,,,,,,,,,,,,,,,,,,,,,,,,,,,,,,,,,,,,,,,,,,,,,,,,,,,,,,,,,,,,,,,,,,,,,,,,,,,,,,,,,,,,,,,,,,,,,,,,,,,,,,,,,,,,,,,,,,,,,,,,,,,,,,,,,,,,,,,,,,,,,,,,,,,,,,,,,,,94656,"<span lang=""EN-GB"">Suppose
     you want to purchase something online when you are alone at your home.<o:p></o:p></span>"
10/28/2018 18:07,10/28/2018 18:14,0,45.24.171.50,100,431,1,10/28/2018 18:14,R_2OPSqolluruz6Ne,,,,,30.54049683,-88.6875,anonymous,EN,"1,2,4,5",5,,5,,1,,3,,1,,2,1,,2,,2,3,,2,,6,,2,,5,,4,,2,,,,,,,,,,,,,,,,,,,,,,,,,,,,,,5,,5,,3,,3,,2,,4,5,,5,,2,,3,,7,,2,,3,,5,,4,,,,,,,,,,,,,,,,,,,,,,,,,,,,,,,,,,,,,,,,,,,,,,,,,,,,,,,,,,,,,,,,,,,,,,,,,,,,,,,,,,,,,,,,,,,,,,,,,,,,,,,,,,,,,,,,,,,,,,,,,,,,,68658,"<span lang=""EN-GB"">Suppose
     you want to purchase something (e.g., book, household items) online when
     you are with your close friends at a park.<o:p></o:p></span>"
10/28/2018 18:21,10/28/2018 18:22,0,199.102.182.161,100,23,1,10/28/2018 18:22,R_vZ91zSzyhm9f333,,,,,36.38900757,-85.32050323,anonymous,EN,"2,3",,,,,,,,,,,,,,,,,,,,,,,,,,,,,,,,,,,,,,,,,,,,,,,,,,,,,,,,,,,,,,,,,,,,,,,,,,,,,,,,,,,,,,,,,,,,,,,,,,,,,,,,,,,,,,,,,,,,,,,,,,,,,,,,,,,,,,,,,,,,,,,,,,,,,,,,,,,,,,,,,,,,,,,,,,,,,,,,,,,,,,,,,,,,,,,,,,,,,,,,,,,,,,,,,,,18003,"<span lang=""EN-GB"">Suppose you are alone and relaxing at home, you have just read a new book that&nbsp;</span>you loved and now you want a write a review for your close family and friends."
10/28/2018 18:25,10/28/2018 18:26,0,184.89.121.38,100,20,1,10/28/2018 18:26,R_1hT2P7rHkQjz3JF,,,,,28.01679993,-80.67389679,anonymous,EN,2,,,,,,,,,,,,,,,,,,,,,,,,,,,,,,,,,,,,,,,,,,,,,,,,,,,,,,,,,,,,,,,,,,,,,,,,,,,,,,,,,,,,,,,,,,,,,,,,,,,,,,,,,,,,,,,,,,,,,,,,,,,,,,,,,,,,,,,,,,,,,,,,,,,,,,,,,,,,,,,,,,,,,,,,,,,,,,,,,,,,,,,,,,,,,,,,,,,,,,,,,,,,,,,,,,,85057,"<span lang=""EN-GB"">Suppose
     you want to listen to some audio when you are with your close friends in a
     park.<o:p></o:p></span>"
10/21/2018 18:33,10/21/2018 18:34,0,66.67.114.17,78,27,0,10/28/2018 18:34,R_qVAL1voBF1PRZy9,,,,,,,anonymous,EN,"1,2,3,4",,,,,,,,,,,,,,,,,,,,,,,,,,,,,,,,,,,,,,,,,,,,,,,,,,,,,,,,,,,,,,,,,,,,,,,,,,,,,,,,,,,,,,,,,,,,,,,,,,,,,,,,,,,,,,,,,,,,,,,,,,,,,,,,,,,,,,,,,,,,,,,,,,,,,,,,,,,,,,,,,,,,,,,,,,,,,,,,,,,,,,,,,,,,,,,,,,,,,,,,,,,,,,,,,,,44118,"<span lang=""EN-GB"">Suppose you want to a send an email when you are walking with a very close friend on a street.&nbsp;<o:p></o:p></span>"
10/21/2018 18:33,10/21/2018 18:38,0,76.17.102.238,78,255,0,10/28/2018 18:38,R_2dzIyI5SI0mVgjb,,,,,,,anonymous,EN,"1,2,4",,,,,,,,,,,,,,,,,,,,,,,,,,,,,,,,,,,,,,,,,,,,,,,,,,,,,,,,,,,,,,,,,,,,,,,,,,,,,,,,,,,,,,,,,,,,,,,,,,,,,,,,,,,,,,,,,,,,,,,,,,,,,,,,,,,,,,,,,,,,,,,,,,,,,,,,,,,,,,,,,,,,,,,,,,,,,,,,,,,,,,,,,,,,,,,,,,,,,,,,,,,,,,,,,,,12290,"<span lang=""EN-GB"">Suppose
     you want to listen to some audio when you are alone at your home.<strong><o:p></o:p></strong></span>"
10/28/2018 18:36,10/28/2018 18:38,0,162.250.82.237,100,87,1,10/28/2018 18:38,R_3hfp5kc8k1MaQAr,,,,,32.49780273,-85.02339935,anonymous,EN,"1,2,3,4,6","2,3,4",,"1,3",,1,,3,,1,,"1,2,3","1,3",,"1,2,3",,3,"1,4",,"1,3",,3,,"1,2",,1,,"1,2",,,,,,,,,,,,,,,,,,,,,,,,,,,,,,,,,,,,,,,,,,,,,,,,,,,,,,,,,,,,,,,,,,,,,,,,,,,,,,,,,,,,,,,,,,,,,,,,,,,,,,,,,,,,,,,,,,,,,,,,,,,,,,,,,,,,,,,,,,,,,,,,,,,,,,,,,,,,,,,,,,,,,,,,,,,,,,,,,,,,,,,,91724,"<span lang=""EN-GB"">Suppose
     you want to watch some video when you are with your close friends in a
     park.<o:p></o:p></span>"
10/21/2018 18:39,10/21/2018 18:40,0,70.162.116.161,78,81,0,10/28/2018 18:40,R_DNxrPZ2YJ0xP8eB,,,,,,,anonymous,EN,"1,2,4,6",,,,,,,,,,,,,,,,,,,,,,,,,,,,,,,,,,,,,,,,,,,,,,,,,,,,,,,,,,,,,,,,,,,,,,,,,,,,,,,,,,,,,,,,,,,,,,,,,,,,,,,,,,,,,,,,,,,,,,,,,,,,,,,,,,,,,,,,,,,,,,,,,,,,,,,,,,,,,,,,,,,,,,,,,,,,,,,,,,,,,,,,,,,,,,,,,,,,,,,,,,,,,,,,,,,64363,"<span lang=""EN-GB"">Suppose
     you want to a send a text message when you are surrounded by people you
     know (e.g., acquaintances, colleagues) at your home.<o:p></o:p></span>"
10/21/2018 18:39,10/21/2018 18:41,0,192.198.58.148,88,146,0,10/28/2018 18:42,R_1n9iOaVeH1NltkV,,,,,,,anonymous,EN,"2,3,4",2,,1,,2,,3,,1,,1,5,,5,,1,6,,2,,1,,2,,1,,4,,4,,,,,,,,,,,,,,,,,,,,,,,,,,,,,,,,,,,,,,,,,,,,,,,,,,,,,,,,,,,,,,,,,,,,,,,,,,,,,,,,,,,,,,,,,,,,,,,,,,,,,,,,,,,,,,,,,,,,,,,,,,,,,,,,,,,,,,,,,,,,,,,,,,,,,,,,,,,,,,,,,,,,,,,,,,,,,,,,,,,,,,28108,"<span lang=""EN-GB"">Suppose
     you want to watch some video when you are with people you know (e.g.,
     acquaintances, colleagues) at your home.<o:p></o:p></span>"
10/28/2018 18:25,10/28/2018 18:43,0,72.205.3.195,100,1051,1,10/28/2018 18:43,R_3sdiuVcMQh4YQaO,,,,,38.3795929,-77.53489685,anonymous,EN,"1,2,3,4,6","2,5",,5,,1,,1,,1,,3,3,,"2,3",,3,6,,2,,6,,2,,"1,2",,"1,2",,2,,,,,,,,,,,,,,,,,,,,,,,,,,,,,,2,,3,,1,,1,,1,,3,2,,2,,2,,2,,3,,2,,3,,2,,1,,,,,,,,,,,,,,,,,,,,,,,,,,,,,,,,,,,,,,,,,,,,,,,,,,,,,,,,,,,,,,,,,,,,,,,,,,,,,,,,,,,,,,,,,,,,,,,,,,,,,,,,,,,,,,,,,,,,,,female,43,team manager,3,3,,8,1947,"<span lang=""EN-GB"">Suppose you want to read a digital document when you are in a park surrounded by your close friends.<o:p></o:p></span>"
10/28/2018 18:40,10/28/2018 18:43,0,97.100.151.117,100,197,1,10/28/2018 18:43,R_pbD2BUTv3yhKlCV,,,,,28.39320374,-81.36219788,anonymous,EN,"1,2,3,4,5,6",2,,3,,3,,1,,1,,3,3,,1,,1,6,,2,,4,,2,,1,,2,,,,,,,,,,,,,,,,,,,,,,,,,,,,,,,,,,,,,,,,,,,,,,,,,,,,,,,,,,,,,,,,,,,,,,,,,,,,,,,,,,,,,,,,,,,,,,,,,,,,,,,,,,,,,,,,,,,,,,,,,,,,,,,,,,,,,,,,,,,,,,,,,,,,,,,,,,,,,,,,,,,,,,,,,,,,,,,,,,,,,,,,93434,"Suppose you want to find a route to a coffee shop
     when you are at home with your by your colleagues<o:p></o:p>"
10/28/2018 18:40,10/28/2018 18:48,0,73.108.1.253,100,488,1,10/28/2018 18:48,R_1gMbThjBXBDs0CO,,,,,36.31069946,-82.3809967,anonymous,EN,"1,2,3,4,5,6","1,2,4,5",,"1,2",,1,,1,,1,,"2,3","1,2,3",,"1,2,3",,"2,3","1,2,3,4",,"1,2,3",,"1,3,4",,"1,2,3",,"1,2,3",,"1,2",,2,,,,,,,,,,,,,,,,,,,,,,,,,,,,,,"1,2,4,5",,1,,"1,2,3,4",,1,,1,,"2,3","1,2,3",,"1,2,3",,"1,2,3",,2,,"1,3,4",,"1,2",,"1,2,3,4",,"1,2,3",,"1,2",,,,,,,,,,,,,,,,,,,,,,,,,,,,,,,,,,,,,,,,,,,,,,,,,,,,,,,,,,,,,,,,,,,,,,,,,,,,,,,,,,,,,,,,,,,,,,,,,,,,,,,,,,,,,,,,,,,,,,,,,,,,,80149,"<span lang=""EN-GB"">Suppose
     you want to a send an email when you are walking on a street with people
     you know (e.g., acquaintances, colleagues)<strong>.</strong><o:p></o:p></span>"
10/28/2018 18:51,10/28/2018 18:54,0,73.25.252.123,100,202,1,10/28/2018 18:54,R_12x0cc1xVysYDyA,,,,,45.40209961,-122.6143951,anonymous,EN,"1,2,3,4,5",3,,3,,2,,3,,1,,2,2,,1,,1,3,,3,,2,,1,,1,,2,,,,,,,,,,,,,,,,,,,,,,,,,,,,,,,,,,,,,,,,,,,,,,,,,,,,,,,,,,,,,,,,,,,,,,,,,,,,,,,,,,,,,,,,,,,,,,,,,,,,,,,,,,,,,,,,,,,,,,,,,,,,,,,,,,,,,,,,,,,,,,,,,,,,,,,,,,,,,,,,,,,,,,,,,,,,,,,,,,,,,,,,5754,"<span lang=""EN-GB"">Suppose
     you want to a view a text message when you with people you know (e.g.,
     acquaintances, colleagues) at a street<strong>.</strong><o:p></o:p></span>"
10/28/2018 18:54,10/28/2018 18:55,0,65.27.224.44,100,26,1,10/28/2018 18:55,R_3MDQOgDa1lkDVPr,,,,,41.07040405,-80.69309998,anonymous,EN,2,,,,,,,,,,,,,,,,,,,,,,,,,,,,,,,,,,,,,,,,,,,,,,,,,,,,,,,,,,,,,,,,,,,,,,,,,,,,,,,,,,,,,,,,,,,,,,,,,,,,,,,,,,,,,,,,,,,,,,,,,,,,,,,,,,,,,,,,,,,,,,,,,,,,,,,,,,,,,,,,,,,,,,,,,,,,,,,,,,,,,,,,,,,,,,,,,,,,,,,,,,,,,,,,,,,46007,"<span lang=""EN-GB"">Suppose you want to a send a text message when you are surrounded with people you are close to (e.g., friends, family members) at your home.<strong><o:p></o:p></strong></span>"
10/28/2018 18:59,10/28/2018 19:00,0,24.127.203.108,100,45,1,10/28/2018 19:00,R_9SGCoLuSUlyMbOp,,,,,42.73339844,-84.55709839,anonymous,EN,"1,2",,,,,,,,,,,,,,,,,,,,,,,,,,,,,,,,,,,,,,,,,,,,,,,,,,,,,,,,,,,,,,,,,,,,,,,,,,,,,,,,,,,,,,,,,,,,,,,,,,,,,,,,,,,,,,,,,,,,,,,,,,,,,,,,,,,,,,,,,,,,,,,,,,,,,,,,,,,,,,,,,,,,,,,,,,,,,,,,,,,,,,,,,,,,,,,,,,,,,,,,,,,,,,,,,,,45675,"<span lang=""EN-GB"">Suppose you want to call your mother for sharing an important
     update about your life when you are surrounded by people you know (e.g.,
     acquaintances, colleagues) at your home.<o:p></o:p></span>"
10/28/2018 19:04,10/28/2018 19:08,0,174.108.108.202,100,241,1,10/28/2018 19:08,R_zZjfJTupdB9wdDb,,,,,35.41409302,-80.61620331,anonymous,EN,"1,2,4,5","1,2,3",,1,,"1,3",,3,,6,,1,1,,2,,"1,2",6,,5,,3,,5,,"1,3",,2,,,,,,,,,,,,,,,,,,,,,,,,,,,,,,,,,,,,,,,,,,,,,,,,,,,,,,,,,,,,,,,,,,,,,,,,,,,,,,,,,,,,,,,,,,,,,,,,,,,,,,,,,,,,,,,,,,,,,,,,,,,,,,,,,,,,,,,,,,,,,,,,,,,,,,,,,,,,,,,,,,,,,,,,,,,,,,,,,,,,,,,,63830,"<span lang=""EN-GB"">Suppose
     you want to read a digital document when you are at Starbucks.<o:p></o:p></span>"
10/28/2018 19:12,10/28/2018 19:15,0,108.24.43.40,100,177,1,10/28/2018 19:15,R_1poEoeFfaobxtDN,,,,,40.21710205,-74.74289703,anonymous,EN,"1,2,3,4","2,3,4",,1,,"1,2,3",,1,,1,,"1,2,3","1,2,3",,"1,2",,"1,2","1,2,3",,"1,2,3",,"2,3,4",,"1,2",,"1,2,3",,"1,2",,,,,,,,,,,,,,,,,,,,,,,,,,,,,,,,,,,,,,,,,,,,,,,,,,,,,,,,,,,,,,,,,,,,,,,,,,,,,,,,,,,,,,,,,,,,,,,,,,,,,,,,,,,,,,,,,,,,,,,,,,,,,,,,,,,,,,,,,,,,,,,,,,,,,,,,,,,,,,,,,,,,,,,,,,,,,,,,,,,,,,,,73009,"<span lang=""EN-GB"" style=""font-size:11.0pt;line-height:115%;
font-family:&quot;Arial&quot;,sans-serif;mso-fareast-font-family:Arial;mso-ansi-language:
EN-GB;mso-fareast-language:EN-US;mso-bidi-language:AR-SA"">Suppose you want to
read a digital document when you are at Starbucks surrounded with your close
friends.</span>"
10/28/2018 18:57,10/28/2018 19:23,0,100.35.97.44,100,1575,1,10/28/2018 19:23,R_UN0cEcA5EV87kid,,,,,40.74450684,-74.15080261,anonymous,EN,"1,2,3,4,5,6","2,5",,3,,3,,3,,1,,4,5,,2,,4,"1,3",,2,,3,,2,,5,,4,,4,,,,,,,,,,,,,,,,,,,,,,,,,,,,,,,,,,,,,,,,,,,,,,,,,,,,,,,,,,,,,,,,,,,,,,,,,,,,,,,,,,,,,,,,"2,4,5",,5,,"2,3",,3,,1,,3,5,,"2,3",,"2,3",,3,,3,,"1,2",,3,,5,,"1,2",,,,,,,,,,,,,,,,,,,,,,,,,,,,,,,,,,,,,,,,,,,,,,,,,,,,,,,,,,,,female,56,home maker,2,2,,2,64721,"<span lang=""EN-GB"">Suppose you want to browse the internet when you alone at a park.<o:p></o:p></span>"
10/28/2018 19:17,10/28/2018 19:26,0,24.209.250.13,100,587,1,10/28/2018 19:26,R_2dJUUJEeyhPC1eg,,,,,41.480896,-81.62449646,anonymous,EN,"1,2,3,4,5,6",1,,3,,"2,3",,1,,"1,3",,1,"1,2",,3,,"1,3","1,2,4",,"1,2",,"1,3",,1,,"1,3",,2,,,,,,,,,,,,,,,,,,,,,,,,,,,,,,,,,,,,,,,,,,,,,,,,,,,,,,,,,,,,,,,,,,,,,,,,,,,,,,,,,,,,,,,,,,,,,,,,,,,,,,,,,,,,,,,,,,,,,,,,,,,,,,,,,,,,,,,,,,,,,,,,,,,,,,,,,,,,,,,,,,,,,,,,,,,,,,,,,,,,,,,,54864,"<span lang=""EN-GB"">Suppose
     you want to watch some video when you are with people you know (e.g.,
     acquaintances, colleagues) at your home.<o:p></o:p></span>"
10/28/2018 19:35,10/28/2018 19:35,0,107.242.117.9,100,39,1,10/28/2018 19:35,R_XoawCl4bJonaT2F,,,,,37.75100708,-97.8219986,anonymous,EN,"5,6",,,,,,,,,,,,,,,,,,,,,,,,,,,,,,,,,,,,,,,,,,,,,,,,,,,,,,,,,,,,,,,,,,,,,,,,,,,,,,,,,,,,,,,,,,,,,,,,,,,,,,,,,,,,,,,,,,,,,,,,,,,,,,,,,,,,,,,,,,,,,,,,,,,,,,,,,,,,,,,,,,,,,,,,,,,,,,,,,,,,,,,,,,,,,,,,,,,,,,,,,,,,,,,,,,,34974,"<span lang=""EN-GB"" style=""font-size:11.0pt;line-height:115%;
font-family:&quot;Arial&quot;,sans-serif;mso-fareast-font-family:Arial;mso-ansi-language:
EN-GB;mso-fareast-language:EN-US;mso-bidi-language:AR-SA"">Suppose you want to a
send an email when you are alone at home</span>"
10/21/2018 19:31,10/21/2018 19:32,0,100.35.97.44,78,54,0,10/28/2018 19:38,R_3e20ohr0Id5llFy,,,,,,,anonymous,EN,"1,2,3,4,5,6",,,,,,,,,,,,,,,,,,,,,,,,,,,,,,,,,,,,,,,,,,,,,,,,,,,,,,,,,,,,,,,,,,,,,,,,,,,,,,,,,,,,,,,,,,,,,,,,,,,,,,,,,,,,,,,,,,,,,,,,,,,,,,,,,,,,,,,,,,,,,,,,,,,,,,,,,,,,,,,,,,,,,,,,,,,,,,,,,,,,,,,,,,,,,,,,,,,,,,,,,,,,,,,,,,,36529,
10/28/2018 19:23,10/28/2018 19:45,0,100.35.97.44,100,1311,1,10/28/2018 19:45,R_UaJx8IvEvrLTXsl,,,,,40.74450684,-74.15080261,anonymous,EN,"1,2,3,4,5,6","2,3",,1,,"1,2,3",,1,,3,,4,5,,5,,4,3,,2,,3,,2,,"1,2,3",,"1,2",,6,,,,,,,,,,,,,,,,,,,,,,,,,,,,,,,,,,,,,,,,,,,,,,,,,,,,,,,,,,,,,,,,,,,,,,,,,,,,,,,,,,,,,,,,,,,,,,,,,,,,,,,,,,,,,,,,,,,,,,,,,,,,,,,,,,,,,,,,,,,,,,,,,,"1,2",,5,,"2,3",,1,,1,,2,5,,5,,5,,3,,2,,2,,2,,1,,1,,female,34,homemaker,2,2,,2,16795,"<span lang=""EN-GB"">Suppose you want to find a route to home while walking on a street with people you know (e.g., acquaintances, colleagues).<o:p></o:p></span>"
10/28/2018 19:54,10/28/2018 19:54,0,98.230.44.126,100,26,1,10/28/2018 19:54,R_2CEwDsqSzj4e6zC,,,,,30.48739624,-84.31890106,anonymous,EN,"1,2",,,,,,,,,,,,,,,,,,,,,,,,,,,,,,,,,,,,,,,,,,,,,,,,,,,,,,,,,,,,,,,,,,,,,,,,,,,,,,,,,,,,,,,,,,,,,,,,,,,,,,,,,,,,,,,,,,,,,,,,,,,,,,,,,,,,,,,,,,,,,,,,,,,,,,,,,,,,,,,,,,,,,,,,,,,,,,,,,,,,,,,,,,,,,,,,,,,,,,,,,,,,,,,,,,,2447,"<span lang=""EN-GB"">Suppose you are at a coffee shop, you have just read a book you loved and now&nbsp;</span>you want to write a review for it to share with your close family and friends."
10/28/2018 20:02,10/28/2018 20:02,0,98.5.252.172,100,20,1,10/28/2018 20:02,R_1PYrr7GqzNdRVpd,,,,,42.9335022,-78.81150055,anonymous,EN,2,,,,,,,,,,,,,,,,,,,,,,,,,,,,,,,,,,,,,,,,,,,,,,,,,,,,,,,,,,,,,,,,,,,,,,,,,,,,,,,,,,,,,,,,,,,,,,,,,,,,,,,,,,,,,,,,,,,,,,,,,,,,,,,,,,,,,,,,,,,,,,,,,,,,,,,,,,,,,,,,,,,,,,,,,,,,,,,,,,,,,,,,,,,,,,,,,,,,,,,,,,,,,,,,,,,36916,"<span lang=""EN-GB"">Suppose
     you want to watch some video when
     you are at home with people you are close to (e.g., friends, family
     members)<strong><o:p></o:p></strong></span>"
10/21/2018 19:19,10/21/2018 19:23,0,70.161.95.15,78,232,0,10/28/2018 20:03,R_upIq3j2ihX4S1ZD,,,,,,,anonymous,EN,"1,2,3,4",,,,,,,,,,,,,,,,,,,,,,,,,,,,,,,,,,,,,,,,,,,,,,,,,,,,,,,,,,,,,,,,,,,,,,,,,,,,,,,,,,,,,,,,,,,,,,,,,,,,,,,,,,,,,,,,,,,,,,,,,,,,,,,,,,,,,,,,,,,,,,,,,,,,,,,,,,,,,,,,,,,,,,,,,,,,,,,,,,,,,,,,,,,,,,,,,,,,,,,,,,,,,,,,,,,89806,"<span lang=""EN-GB"">Suppose
     you want to find a route to home when you are at Starbucks with your close
     friends.<o:p></o:p></span>"
10/21/2018 20:10,10/21/2018 20:12,0,99.65.244.227,78,89,0,10/28/2018 20:12,R_Wvpdkp6EUuDsy09,,,,,,,anonymous,EN,"1,2,6",,,,,,,,,,,,,,,,,,,,,,,,,,,,,,,,,,,,,,,,,,,,,,,,,,,,,,,,,,,,,,,,,,,,,,,,,,,,,,,,,,,,,,,,,,,,,,,,,,,,,,,,,,,,,,,,,,,,,,,,,,,,,,,,,,,,,,,,,,,,,,,,,,,,,,,,,,,,,,,,,,,,,,,,,,,,,,,,,,,,,,,,,,,,,,,,,,,,,,,,,,,,,,,,,,,52966,"<span lang=""EN-GB"">Suppose
     you want to listen to some audio when you are alone at Starbucks.<o:p></o:p></span>"
10/28/2018 20:07,10/28/2018 20:13,0,52.90.166.101,100,405,1,10/28/2018 20:13,R_3qWiO1BEVOhZvzS,,,,,39.0480957,-77.47280121,anonymous,EN,"1,2,4",2,,1,,"1,2",,1,,1,,4,"1,2,3",,"1,3",,2,"1,2,3",,2,,3,,2,,1,,1,,,,,,,,,,,,,,,,,,,,,,,,,,,,,,,,,,,,,,,,,,,,,,,,,,,,,,,,,,,,,,,,,,,,,,,,,,,,,,,,,,,,,,,,,,,,,,,,,,,,,,,,,,,,,,,,,,,,,,,,,,,,,,,,,,,,,,,,,,,,,,,,,,,,,,,,,,,,,,,,,,,,,,,,,,,,,,,,,,,,,,,,89579,"<span lang=""EN-GB"">Suppose you have planned to meet a friend next week and you want to put this on your calendar when you are surrounded by people you know (e.g., acquaintances, colleagues) at a restaurant.<o:p></o:p></span>"
10/28/2018 20:09,10/28/2018 20:15,0,142.255.81.192,100,331,1,10/28/2018 20:15,R_3HowRq4uyyXq4vl,,,,,40.66690063,-73.98280334,anonymous,EN,"1,2,3,4,6","1,2,3,4",,"1,2,3",,"1,2,3",,1,,"1,2,3,4",,"1,2","1,2,3",,"2,3",,"1,2","1,2,3",,"1,2,3",,"1,2,3,4",,"1,2,3",,"1,2",,2,,"1,4","1,2,3",,"1,2",,"1,2",,1,,"2,3",,"1,2","1,2",,"1,2",,"1,2",,"1,2",,"1,2,4",,1,,"1,2,4",,"1,2",,2,,,,,,,,,,,,,,,,,,,,,,,,,,,,,,,,,,,,,,,,,,,,,,,,,,,,,,,,,,,,"1,2,3",,"1,3",,"1,3",,1,,"1,2",,"1,2",2,,"1,2",,"1,2",,"1,2",,"2,3",,1,,"1,2",,1,,2,,,,,,,,,,,,,,,,,,,,,,,,,,,,,,,,,,,,,,,,,,,,,,,,,,,,,,,,,,,,,,,,,,,50878,"<span lang=""EN-GB"">Suppose you want to watch some video when you are with your close friends at Starbucks.<o:p></o:p></span>"
10/28/2018 20:17,10/28/2018 20:17,0,162.231.124.10,100,22,1,10/28/2018 20:17,R_1mhdVhvOXW5SVgl,,,,,33.93429565,-84.60759735,anonymous,EN,"2,4",,,,,,,,,,,,,,,,,,,,,,,,,,,,,,,,,,,,,,,,,,,,,,,,,,,,,,,,,,,,,,,,,,,,,,,,,,,,,,,,,,,,,,,,,,,,,,,,,,,,,,,,,,,,,,,,,,,,,,,,,,,,,,,,,,,,,,,,,,,,,,,,,,,,,,,,,,,,,,,,,,,,,,,,,,,,,,,,,,,,,,,,,,,,,,,,,,,,,,,,,,,,,,,,,,,2680,"<span lang=""EN-GB"">Suppose you want to set up a reminder when you are at a park with close friends.<o:p></o:p></span>"
10/21/2018 20:16,10/21/2018 20:18,0,204.19.244.2,78,155,0,10/28/2018 20:18,R_3PdXiFSQhN3m3Bl,,,,,,,anonymous,EN,"2,3,6",,,,,,,,,,,,,,,,,,,,,,,,,,,,,,,,,,,,,,,,,,,,,,,,,,,,,,,,,,,,,,,,,,,,,,,,,,,,,,,,,,,,,,,,,,,,,,,,,,,,,,,,,,,,,,,,,,,,,,,,,,,,,,,,,,,,,,,,,,,,,,,,,,,,,,,,,,,,,,,,,,,,,,,,,,,,,,,,,,,,,,,,,,,,,,,,,,,,,,,,,,,,,,,,,,,54703,"<span lang=""EN-GB"">Suppose
     you want to watch&nbsp; some video when
     you are with people you know (e.g., acquaintances, colleagues) at
     Starbucks<o:p></o:p></span>"
10/28/2018 19:46,10/28/2018 20:20,0,100.35.97.44,100,2053,1,10/28/2018 20:20,R_OBdW84ToucafpAt,,,,,40.74450684,-74.15080261,anonymous,EN,"1,2,3,4,5,6",2,,3,,2,,1,,1,,4,5,,5,,4,3,,"1,2",,"2,3",,"1,2",,5,,"1,2",,1,"2,5",,1,,3,,3,,1,,4,5,,5,,5,,3,,3,,"1,2",,3,,5,,"1,2",,,,,,,,,,,,,,,,,,,,,,,,,,,,,,,,,,,,,,,,,,,,,,,,,,,,,,,,,,,,,,,,,,,,,,,,,,,,,,,,,,,,,,,,,,,,,,,,,,,,,,,,,,,,,,,,,,,,,,,,,,,,,,,,,,,,,,,,,,,,,,,,,,,male,35,constructor worker,2,2,,2,79298,"<span style=""color: rgb(0, 0, 0); font-family: Times; font-size: medium;"">Suppose you want to watch some video when you are with people you know (e.g., acquaintances, colleagues) at Starbucks</span>"
10/28/2018 20:25,10/28/2018 20:27,0,71.161.71.235,100,111,1,10/28/2018 20:27,R_29unbjmNYJz3z2G,,,,,42.24090576,-79.49629974,anonymous,EN,"1,2,3,4","1,2,5",,"2,3",,"2,3",,1,,"2,3",,2,"1,2",,"1,2",,2,4,,"1,2",,"2,3,4",,"2,3",,"2,3",,"1,2",,,,,,,,,,,,,,,,,,,,,,,,,,,,,,,,,,,,,,,,,,,,,,,,,,,,,,,,,,,,,,,,,,,,,,,,,,,,,,,,,,,,,,,,,,,,,,,,,,,,,,,,,,,,,,,,,,,,,,,,,,,,,,,,,,,,,,,,,,,,,,,,,,,,,,,,,,,,,,,,,,,,,,,,,,,,,,,,,,,,,,,,31259,"<span lang=""EN-GB"">Suppose
     you want to call your mother for sharing an important update about your
     life yourself when you are with a very close friend at a park.&nbsp;<o:p></o:p></span>"
10/28/2018 20:27,10/28/2018 20:27,0,138.128.60.97,100,33,1,10/28/2018 20:28,R_8ulSFIdFMKhQx2N,,,,,42.88639832,-78.87809753,anonymous,EN,1,,,,,,,,,,,,,,,,,,,,,,,,,,,,,,,,,,,,,,,,,,,,,,,,,,,,,,,,,,,,,,,,,,,,,,,,,,,,,,,,,,,,,,,,,,,,,,,,,,,,,,,,,,,,,,,,,,,,,,,,,,,,,,,,,,,,,,,,,,,,,,,,,,,,,,,,,,,,,,,,,,,,,,,,,,,,,,,,,,,,,,,,,,,,,,,,,,,,,,,,,,,,,,,,,,,92054,"<span lang=""EN-GB"">Suppose
     you want to set up a reminder when you are at home with people you are
     close to (e.g., friends, family members).<strong><o:p></o:p></strong></span>"
10/28/2018 20:28,10/28/2018 20:28,0,162.199.90.12,100,14,1,10/28/2018 20:28,R_eeYaSRtISwn1KA9,,,,,37.25680542,-121.8896027,anonymous,EN,"1,2",,,,,,,,,,,,,,,,,,,,,,,,,,,,,,,,,,,,,,,,,,,,,,,,,,,,,,,,,,,,,,,,,,,,,,,,,,,,,,,,,,,,,,,,,,,,,,,,,,,,,,,,,,,,,,,,,,,,,,,,,,,,,,,,,,,,,,,,,,,,,,,,,,,,,,,,,,,,,,,,,,,,,,,,,,,,,,,,,,,,,,,,,,,,,,,,,,,,,,,,,,,,,,,,,,,57598,"<span lang=""EN-GB"" style=""font-size:11.0pt;line-height:115%;
font-family:&quot;Arial&quot;,sans-serif;mso-fareast-font-family:Arial;mso-ansi-language:
EN-GB;mso-fareast-language:EN-US;mso-bidi-language:AR-SA"">Suppose you want to
find a route to a coffee shop when you are alone at home.</span>"
10/28/2018 20:28,10/28/2018 20:28,0,138.128.60.97,100,16,1,10/28/2018 20:28,R_2OJEhmzWE6VPEta,,,,,42.88639832,-78.87809753,anonymous,EN,3,,,,,,,,,,,,,,,,,,,,,,,,,,,,,,,,,,,,,,,,,,,,,,,,,,,,,,,,,,,,,,,,,,,,,,,,,,,,,,,,,,,,,,,,,,,,,,,,,,,,,,,,,,,,,,,,,,,,,,,,,,,,,,,,,,,,,,,,,,,,,,,,,,,,,,,,,,,,,,,,,,,,,,,,,,,,,,,,,,,,,,,,,,,,,,,,,,,,,,,,,,,,,,,,,,,2170,"<span lang=""EN-GB"">Suppose you have planned to meet a friend next week and you want to put this on your calendar when you are with a very close friend at a park.&nbsp;<o:p></o:p></span>"
10/28/2018 20:31,10/28/2018 20:32,0,52.144.44.48,100,35,1,10/28/2018 20:32,R_3ff0pq6UsIT9PQL,,,,,40.75169373,-73.97070313,anonymous,EN,2,,,,,,,,,,,,,,,,,,,,,,,,,,,,,,,,,,,,,,,,,,,,,,,,,,,,,,,,,,,,,,,,,,,,,,,,,,,,,,,,,,,,,,,,,,,,,,,,,,,,,,,,,,,,,,,,,,,,,,,,,,,,,,,,,,,,,,,,,,,,,,,,,,,,,,,,,,,,,,,,,,,,,,,,,,,,,,,,,,,,,,,,,,,,,,,,,,,,,,,,,,,,,,,,,,,26305,"<span lang=""EN-GB"">Suppose
     you want to listen to some audio when you with people you know (e.g.,
     acquaintances, colleagues) at Starbucks<o:p></o:p></span>"
10/28/2018 20:32,10/28/2018 20:32,0,52.144.44.48,100,7,1,10/28/2018 20:32,R_1kSvNhUUJ1mqfJ6,,,,,40.75169373,-73.97070313,anonymous,EN,6,,,,,,,,,,,,,,,,,,,,,,,,,,,,,,,,,,,,,,,,,,,,,,,,,,,,,,,,,,,,,,,,,,,,,,,,,,,,,,,,,,,,,,,,,,,,,,,,,,,,,,,,,,,,,,,,,,,,,,,,,,,,,,,,,,,,,,,,,,,,,,,,,,,,,,,,,,,,,,,,,,,,,,,,,,,,,,,,,,,,,,,,,,,,,,,,,,,,,,,,,,,,,,,,,,,87716,"<span lang=""EN-GB"">Suppose
     you want to watch some video when you are with people you know (e.g.,
     acquaintances, colleagues) in a park.<o:p></o:p></span>"
10/28/2018 20:22,10/28/2018 20:32,0,174.50.136.109,100,587,1,10/28/2018 20:32,R_1lg8tkBqNMiw3U5,,,,,38.66259766,-121.4833984,anonymous,EN,"1,2,4","2,3,4,5",,3,,2,,1,,1,,1,2,,5,,1,2,,2,,3,,2,,"1,2,3",,2,,"2,4",,,,,,,,,,,,,,,,,,,,,,,,,,,,,,"1,2,3,4",,"1,3",,2,,1,,1,,2,2,,2,,2,,1,,"1,2,3",,2,,"1,2,3",,"1,2,3",,2,,,,,,,,,,,,,,,,,,,,,,,,,,,,,,,"2,3",,5,,2,,1,,1,,1,2,,3,,2,,1,,"1,2,3",,2,,"2,3",,"1,2",,2,,,,,,,,,,,,,,,,,,,,,,,,,,,,,,,,,,,,,,,,,,,,,,,,,,,,,,,,,,,,,,,,,,,82927,"<span lang=""EN-GB"">Suppose you want to a send a text message when you are alone at a street.<o:p></o:p></span>"
10/28/2018 20:32,10/28/2018 20:32,0,52.144.44.48,100,7,1,10/28/2018 20:32,R_29hURJ1Xp9PnHl6,,,,,40.75169373,-73.97070313,anonymous,EN,4,,,,,,,,,,,,,,,,,,,,,,,,,,,,,,,,,,,,,,,,,,,,,,,,,,,,,,,,,,,,,,,,,,,,,,,,,,,,,,,,,,,,,,,,,,,,,,,,,,,,,,,,,,,,,,,,,,,,,,,,,,,,,,,,,,,,,,,,,,,,,,,,,,,,,,,,,,,,,,,,,,,,,,,,,,,,,,,,,,,,,,,,,,,,,,,,,,,,,,,,,,,,,,,,,,,11552,"<span lang=""EN-GB"">Suppose
     you want to set up a reminder about something when you are with people you
     know (e.g., acquaintances, colleagues) at Starbucks.<o:p></o:p></span>"
10/28/2018 20:32,10/28/2018 20:32,0,52.144.44.48,100,17,1,10/28/2018 20:32,R_Td2yOdhHt1vKUql,,,,,40.75169373,-73.97070313,anonymous,EN,3,,,,,,,,,,,,,,,,,,,,,,,,,,,,,,,,,,,,,,,,,,,,,,,,,,,,,,,,,,,,,,,,,,,,,,,,,,,,,,,,,,,,,,,,,,,,,,,,,,,,,,,,,,,,,,,,,,,,,,,,,,,,,,,,,,,,,,,,,,,,,,,,,,,,,,,,,,,,,,,,,,,,,,,,,,,,,,,,,,,,,,,,,,,,,,,,,,,,,,,,,,,,,,,,,,,97979,"<span lang=""EN-GB"">Suppose you want to browse the internet when you are with your close friends at a park.<o:p></o:p></span>"
10/28/2018 20:31,10/28/2018 20:32,0,70.189.227.80,100,70,1,10/28/2018 20:32,R_3lSquGjnbPN5tuu,,,,,36.03840637,-115.085701,anonymous,EN,"1,2",,,,,,,,,,,,,,,,,,,,,,,,,,,,,,,,,,,,,,,,,,,,,,,,,,,,,,,,,,,,,,,,,,,,,,,,,,,,,,,,,,,,,,,,,,,,,,,,,,,,,,,,,,,,,,,,,,,,,,,,,,,,,,,,,,,,,,,,,,,,,,,,,,,,,,,,,,,,,,,,,,,,,,,,,,,,,,,,,,,,,,,,,,,,,,,,,,,,,,,,,,,,,,,,,,,51257,"<span lang=""EN-GB"">Suppose you are at sitting in a park and you want to play a digital/online game.<o:p></o:p></span>"
10/28/2018 20:32,10/28/2018 20:33,0,52.144.44.48,100,6,1,10/28/2018 20:33,R_BteU668EAwsNeNj,,,,,40.75169373,-73.97070313,anonymous,EN,6,,,,,,,,,,,,,,,,,,,,,,,,,,,,,,,,,,,,,,,,,,,,,,,,,,,,,,,,,,,,,,,,,,,,,,,,,,,,,,,,,,,,,,,,,,,,,,,,,,,,,,,,,,,,,,,,,,,,,,,,,,,,,,,,,,,,,,,,,,,,,,,,,,,,,,,,,,,,,,,,,,,,,,,,,,,,,,,,,,,,,,,,,,,,,,,,,,,,,,,,,,,,,,,,,,,2627,"<span lang=""EN-GB"">Suppose
     you are at home with some people you know (e.g., acquaintances,
     colleagues) when you realize today is the last day to pay one of your
     bills online.<o:p></o:p></span>"
10/28/2018 20:33,10/28/2018 20:33,0,52.144.44.48,100,10,1,10/28/2018 20:33,R_3y0QvwPkMm9GONX,,,,,40.75169373,-73.97070313,anonymous,EN,5,,,,,,,,,,,,,,,,,,,,,,,,,,,,,,,,,,,,,,,,,,,,,,,,,,,,,,,,,,,,,,,,,,,,,,,,,,,,,,,,,,,,,,,,,,,,,,,,,,,,,,,,,,,,,,,,,,,,,,,,,,,,,,,,,,,,,,,,,,,,,,,,,,,,,,,,,,,,,,,,,,,,,,,,,,,,,,,,,,,,,,,,,,,,,,,,,,,,,,,,,,,,,,,,,,,91504,"<span lang=""EN-GB"">Suppose you are at home with people you are close to (e.g., friends, family members) when you realize today is the last day to pay one of your bills online.<o:p></o:p></span>"
10/28/2018 20:31,10/28/2018 20:35,0,69.243.16.146,100,239,1,10/28/2018 20:35,R_3QVQoaj1xiGxRqZ,,,,,38.74920654,-77.4878006,anonymous,EN,"1,2,3,4,5,6","2,4,5",,"1,3",,"2,3,4",,1,,1,,3,"1,2",,"2,3",,"2,3","1,2,3,4",,"2,3",,"1,3,4",,"2,3",,1,,"1,2",,,,,,,,,,,,,,,,,,,,,,,,,,,,,,,,,,,,,,,,,,,,,,,,,,,,,,,,,,,,,,,,,,,,,,,,,,,,,,,,,,,,,,,,,,,,,,,,,,,,,,,,,,,,,,,,,,,,,,,,,,,,,,,,,,,,,,,,,,,,,,,,,,,,,,,,,,,,,,,,,,,,,,,,,,,,,,,,,,,,,,,,3857,"<span lang=""EN-GB"">Suppose you are at a park with some people you know (e.g., acquaintances, colleagues) when you realize that you have to immediately pay one of your bills online.<o:p></o:p></span>"
10/28/2018 20:33,10/28/2018 20:35,0,52.144.44.48,100,153,1,10/28/2018 20:35,R_1Fh97pJQY8GvR1d,,,,,40.75169373,-73.97070313,anonymous,EN,"1,2,3,4,5,6","2,3,4",,"1,3",,"1,2,3",,3,,"1,2,3,4",,"1,2","1,2",,"1,2,3",,"2,3","1,2,3",,"1,2",,7,,"1,2",,"2,3",,2,,,,,,,,,,,,,,,,,,,,,,,,,,,,,,,,,,,,,,,,,,,,,,,,,,,,,,,,,,,,,,,,,,,,,,,,,,,,,,,,,,,,,,,,,,,,,,,,,,,,,,,,,,,,,,,,,,,,,,,,,,,,,,,,,,,,,,,,,,,,,,,,,,,,,,,,,,,,,,,,,,,,,,,,,,,,,,,,,,,,,,,,60943,"<span lang=""EN-GB"">Suppose
     you want to a send a text message when you are alone at home<strong><o:p></o:p></strong></span>"
10/28/2018 20:28,10/28/2018 20:36,0,65.191.30.209,100,433,1,10/28/2018 20:36,R_AajC0gqZWsuiHbX,,,,,35.05830383,-79.00800323,anonymous,EN,"1,2,3,4,5,6","1,2,3,4,5",,"1,2,3",,"1,2,3,4",,1,,"2,3,4",,"1,2","1,2,3",,"1,2,3",,"1,2,3","1,2,3,4",,"1,2,3",,"2,3,4",,"1,2",,"1,2,3",,"1,2",,,,,,,,,,,,,,,,,,,,,,,,,,,,,,,,,,,,,,,,,,,,,,,,,,,,,,,,,,,,,,,,,,,,,,,,,,,,,,,,,,,,,,,,,,,,,,,,,,,,,,,,,,,,,,,,,,,,,,,,,,,,,,,,,,,,,,,,,,,,,,,,,,,,,,,,,,,,,,,,,,,,,,,,,,,,,,,,,,,,,,,,95702,"<span lang=""EN-GB"">Suppose
     you want to set up a reminder when you are at a park by yourself.<o:p></o:p></span>"
10/28/2018 20:33,10/28/2018 20:37,0,107.140.191.176,100,206,1,10/28/2018 20:37,R_2QDmjZwRCND0ClA,,,,,30.4420929,-97.62989807,anonymous,EN,"2,3,4,5","3,4",,2,,"3,4",,3,,2,,2,"2,3",,"1,2",,3,4,,3,,"1,2",,3,,3,,1,,,,,,,,,,,,,,,,,,,,,,,,,,,,,,,,,,,,,,,,,,,,,,,,,,,,,,,,,,,,,,,,,,,,,,,,,,,,,,,,,,,,,,,,,,,,,,,,,,,,,,,,,,,,,,,,,,,,,,,,,,,,,,,,,,,,,,,,,,,,,,,,,,,,,,,,,,,,,,,,,,,,,,,,,,,,,,,,,,,,,,,,79934,"<span lang=""EN-GB"">Suppose
     you want to set up a reminder when you are with people you know (e.g.,
     acquaintances, colleagues) at your home.<o:p></o:p></span>"
10/28/2018 20:37,10/28/2018 20:38,0,23.123.137.206,100,65,1,10/28/2018 20:38,R_bKNjzFJtsiUKCad,,,,,37.67869568,-122.4779968,anonymous,EN,"1,2,4,5",2,,2,,3,,1,,"2,3",,"1,2",3,,3,,4,2,,"1,2",,2,,2,,3,,1,,,,,,,,,,,,,,,,,,,,,,,,,,,,,,,,,,,,,,,,,,,,,,,,,,,,,,,,,,,,,,,,,,,,,,,,,,,,,,,,,,,,,,,,,,,,,,,,,,,,,,,,,,,,,,,,,,,,,,,,,,,,,,,,,,,,,,,,,,,,,,,,,,,,,,,,,,,,,,,,,,,,,,,,,,,,,,,,,,,,,,,,35525,"<span lang=""EN-GB"">Suppose you want to listen to some audio when you are alone in a park.<o:p></o:p></span>"
10/28/2018 20:31,10/28/2018 20:39,0,99.59.222.93,100,450,1,10/28/2018 20:39,R_6JQN6DZz7SH63OV,,,,,30.19270325,-81.60500336,anonymous,EN,"1,2,4",1,,5,,2,,3,,6,,2,5,,1,,2,4,,2,,2,,2,,3,,4,,2,,,,,,,,,,,,,,,,,,,,,,,,,,,,,,1,,5,,"1,2",,1,,6,,2,3,,2,,1,,2,,2,,2,,2,,1,,4,,,,,,,,,,,,,,,,,,,,,,,,,,,,,,,,,,,,,,,,,,,,,,,,,,,,,,,,,,,,,,,,,,,,,,,,,,,,,,,,,,,,,,,,,,,,,,,,,,,,,,,,,,,,,,,,,,,,,,,,,,,,,27515,"<span lang=""EN-GB"">Suppose
     you want to set up a reminder when you with people you know (e.g.,
     acquaintances, colleagues) at a park.<o:p></o:p></span>"
10/28/2018 20:39,10/28/2018 20:39,0,73.152.145.196,100,10,1,10/28/2018 20:39,R_2fxuof4WoowRqbj,,,,,37.12219238,-79.29109955,anonymous,EN,3,,,,,,,,,,,,,,,,,,,,,,,,,,,,,,,,,,,,,,,,,,,,,,,,,,,,,,,,,,,,,,,,,,,,,,,,,,,,,,,,,,,,,,,,,,,,,,,,,,,,,,,,,,,,,,,,,,,,,,,,,,,,,,,,,,,,,,,,,,,,,,,,,,,,,,,,,,,,,,,,,,,,,,,,,,,,,,,,,,,,,,,,,,,,,,,,,,,,,,,,,,,,,,,,,,,71512,"<span lang=""EN-GB"">Suppose you are alone at home, you want to take a break from studying/working&nbsp;</span>so you decide to play an online/digital game."
10/28/2018 20:39,10/28/2018 20:40,0,173.175.162.26,100,47,1,10/28/2018 20:40,R_1gM7Yyqjs52veN4,,,,,31.77630615,-106.4932022,anonymous,EN,1,,,,,,,,,,,,,,,,,,,,,,,,,,,,,,,,,,,,,,,,,,,,,,,,,,,,,,,,,,,,,,,,,,,,,,,,,,,,,,,,,,,,,,,,,,,,,,,,,,,,,,,,,,,,,,,,,,,,,,,,,,,,,,,,,,,,,,,,,,,,,,,,,,,,,,,,,,,,,,,,,,,,,,,,,,,,,,,,,,,,,,,,,,,,,,,,,,,,,,,,,,,,,,,,,,,86162,"<span lang=""EN-GB"">Suppose you want to browse the internet when you are at home with people you know (e.g., acquaintances, colleagues).<o:p></o:p></span>"
10/28/2018 20:33,10/28/2018 20:42,0,136.53.18.235,100,508,1,10/28/2018 20:42,R_D7xELlxeLRL4PQd,,,,,34.62049866,-86.5510025,anonymous,EN,"1,2,3,4,5","2,3,4,5",,1,,"1,2,3",,1,,1,,2,"1,2",,"2,3",,"2,3","1,2",,"1,2",,"3,4",,"1,2",,1,,1,,,,,,,,,,,,,,,,,,,,,,,,,,,,,,,,,,,,,,,,,,,,,,,,,,,,,,,,,,,,,,,,,,,,,,,,,,,,,,,,,,,,,,,,,,,,,,,,,,,,,,,,,,,,,,,,,,,,,,,,,,,,,,,,,,,,,,,,,,,,,,,,,,,,,,,,,,,,,,,,,,,,,,,,,,,,,,,,,,,,,,,,34344,"<span lang=""EN-GB"">Suppose you are at sitting at Starbucks and you want to play a digital/online&nbsp;</span>game."
10/28/2018 20:35,10/28/2018 20:43,0,172.58.4.73,100,516,1,10/28/2018 20:43,R_25vixl4mbhbsY10,,,,,33.66749573,-84.38960266,anonymous,EN,"1,2,3,4",5,,5,,1,,3,,1,,2,2,,1,,2,1,,2,,"1,6",,1,,1,,1,,,,,,,,,,,,,,,,,,,,,,,,,,,,,,,,,,,,,,,,,,,,,,,,,,,,,,,,,,,,,,,,,,,,,,,,,,,,,,,,,,,,,,,,,,,,,,,,,,,,,,,,,,,,,,,,,,,,,,,,,,,,,,,,,,,,,,,,,,,,,,,,,,,,,,,,,,,,,,,,,,,,,,,,,,,,,,,,,,,,,,,,86279,
10/21/2018 20:44,10/21/2018 20:48,0,73.14.200.31,88,224,0,10/28/2018 20:48,R_1pS9s4KYZG8JQfk,,,,,,,anonymous,EN,"1,2,3,4",7,,1,,2,,3,,1,,3,"1,2",,"2,3",,3,6,,"1,2",,"1,2,3,4",,"1,2",,"1,2",,"1,2",,2,,,,,,,,,,,,,,,,,,,,,,,,,,,,,,,,,,,,,,,,,,,,,,,,,,,,,,,,,,,,,,,,,,,,,,,,,,,,,,,,,,,,,,,,,,,,,,,,,,,,,,,,,,,,,,,,,,,,,,,,,,,,,,,,,,,,,,,,,,,,,,,,,,,,,,,,,,,,,,,,,,,,,,,,,,,,,,,,,,,,,,19005,"<span lang=""EN-GB"">Suppose you want to set up a reminder when you are at a park with close friends.<o:p></o:p></span>"
10/28/2018 20:45,10/28/2018 20:48,0,64.239.192.71,100,183,1,10/28/2018 20:48,R_3O6qybQiejHbfG0,,,,,32.6322937,-93.28859711,anonymous,EN,"1,2,4,5",7,,"1,2,3",,1,,3,,3,,4,3,,"1,2",,4,6,,"2,3",,7,,3,,5,,4,,,,,,,,,,,,,,,,,,,,,,,,,,,,,,,,,,,,,,,,,,,,,,,,,,,,,,,,,,,,,,,,,,,,,,,,,,,,,,,,,,,,,,,,,,,,,,,,,,,,,,,,,,,,,,,,,,,,,,,,,,,,,,,,,,,,,,,,,,,,,,,,,,,,,,,,,,,,,,,,,,,,,,,,,,,,,,,,,,,,,,,,29351,"Suppose you want to purchase something (e.g., book,
     household items) online when you are with people
     you know (e.g., acquaintances, colleagues) at
     Starbucks.<o:p></o:p>"
10/28/2018 20:47,10/28/2018 20:52,0,76.186.128.145,100,280,1,10/28/2018 20:52,R_3CEfjbtRV0FOu6Y,,,,,33.19760132,-96.61530304,anonymous,EN,"1,2,3,4,5,6","1,2",,1,,"1,2,3,4",,1,,1,,"1,2","1,2",,"1,2",,"1,2,3","1,2,3,4",,"1,2,3",,"1,2,3",,"1,2",,"1,2,3",,2,,,,,,,,,,,,,,,,,,,,,,,,,,,,,,,,,,,,,,,,,,,,,,,,,,,,,,,,,,,,,,,,,,,,,,,,,,,,,,,,,,,,,,,,,,,,,,,,,,,,,,,,,,,,,,,,,,,,,,,,,,,,,,,,,,,,,,,,,,,,,,,,,,,,,,,,,,,,,,,,,,,,,,,,,,,,,,,,,,,,,,,,26149,"<span lang=""EN-GB"">Suppose you want to find a route to home while walking on a street with your close friends.<o:p></o:p></span>"
10/28/2018 20:40,10/28/2018 20:54,0,58.71.87.210,100,809,1,10/28/2018 20:54,R_1Nld9xlVr9mm7Jv,,,,,14.53840637,121.0606079,anonymous,EN,"1,2,3,5,6","1,2",,2,,"1,2,3,4",,1,,"1,2,3,4",,2,"1,2,3",,"1,2",,"1,2","1,2,3,4",,"1,2",,"1,2,3",,2,,"1,2,3",,1,,,,,,,,,,,,,,,,,,,,,,,,,,,,,,,,,,,,,,,,,,,,,,,,,,,,,,,,,,,,,,,,,,,,,,,,,,,,,,,,,,,,,,,,,,,,,,,,,,,,,,,,,,,,,,,,,,,,,,,,,,,,,,,,,,,,,,,,,,,,,,,,,,,,,,,,,,,,,,,,,,,,,,,,,,,,,,,,,,,,,,,,11545,"<span lang=""EN-GB"">Suppose
     you want to a view a text message when you are surrounded by people you
     know (e.g., acquaintances, colleagues) at your home.<o:p></o:p></span>"
10/28/2018 20:56,10/28/2018 20:57,0,73.60.33.137,100,14,1,10/28/2018 20:57,R_eP9km9auK0hDLKF,,,,,41.66059875,-70.35320282,anonymous,EN,"1,2",,,,,,,,,,,,,,,,,,,,,,,,,,,,,,,,,,,,,,,,,,,,,,,,,,,,,,,,,,,,,,,,,,,,,,,,,,,,,,,,,,,,,,,,,,,,,,,,,,,,,,,,,,,,,,,,,,,,,,,,,,,,,,,,,,,,,,,,,,,,,,,,,,,,,,,,,,,,,,,,,,,,,,,,,,,,,,,,,,,,,,,,,,,,,,,,,,,,,,,,,,,,,,,,,,,63712,"<span lang=""EN-GB"">Suppose you want to a send an email when you are walking with a very close friend on a street.&nbsp;<o:p></o:p></span>"
10/28/2018 21:00,10/28/2018 21:12,0,75.187.87.55,100,715,1,10/28/2018 21:12,R_3lDpyTZJWk6hzCP,,,,,40.1065979,-83.76709747,anonymous,EN,"1,2,3,4,6",4,,3,,1,,1,,1,,1,2,,2,,1,3,,1,,"1,4",,1,,"1,3",,"1,2",,"2,6",,,,,,,,,,,,,,,,,,,,,,,,,,,,,,"1,2,3,5",,"1,2",,1,,1,,"1,4",,1,2,,1,,1,,1,,"1,3",,1,,"1,3",,1,,"1,2",,,,,,,,,,,,,,,,,,,,,,,,,,,,,,,,,,,,,,,,,,,,,,,,,,,,,,,,,,,,,,,,,,,,,,,,,,,,,,,,,,,,,,,,,"1,2,3,5",,2,,1,,1,,1,,1,"1,2",,"1,3",,"1,3",,1,,"1,3",,1,,"1,3",,1,,"1,2",,male,26,manufacturing,2,1,,3,75237,"<span lang=""EN-GB"">Suppose
     you want to a view a text message
     when you are walking with a very close friend on a street<o:p></o:p></span>"
10/28/2018 21:05,10/28/2018 21:14,0,110.44.120.10,100,537,1,10/28/2018 21:14,R_2xLyu4de84Z9tcp,,,,,27.71670532,85.31671143,anonymous,EN,"1,2,6","1,3,4",,3,,"1,2,3",,1,,"2,4",,2,"1,2",,"2,3",,"2,3","2,4",,2,,"2,4",,"1,2",,"1,3",,2,,,,,,,,,,,,,,,,,,,,,,,,,,,,,,,,,,,,,,,,,,,,,,,,,,,,,,,,,,,,,,,,,,,,,,,,,,,,,,,,,,,,,,,,,,,,,,,,,,,,,,,,,,,,,,,,,,,,,,,,,,,,,,,,,,,,,,,,,,,,,,,,,,,,,,,,,,,,,,,,,,,,,,,,,,,,,,,,,,,,,,,,83189,"<span lang=""EN-GB"">Suppose you are at a park, you have just read a book you loved and now you&nbsp;</span>want to write a review for it to share with people you are close to (e.g., friends, family members)"
10/28/2018 20:46,10/28/2018 21:16,0,174.44.141.49,100,1796,1,10/28/2018 21:16,R_3GvznaB2mVgP4DP,,,,,40.73699951,-74.1964035,anonymous,EN,"1,2,3,4,5,6","2,4",,1,,6,,3,,6,,4,1,,5,,4,6,,5,,"1,4",,5,,"1,2,3",,4,,"1,2,4","2,5",,1,,"1,2,3,4",,1,,2,,2,5,,5,,5,,6,,"1,3",,5,,7,,5,,"1,2",,2,,1,,"1,3",,1,,2,,4,"1,2,3",,1,,"1,2,3",,"1,2,3",,"1,3",,5,,"1,3",,"1,2,3",,"1,2",,,,,,,,,,,,,,,,,,,,,,,,,,,,,,,2,,5,,6,,1,,6,,4,5,,5,,5,,6,,7,,5,,7,,5,,4,,,,,,,,,,,,,,,,,,,,,,,,,,,,,,,,,,,,,,,,,,,,,,,,,,,,,,,,,,,,,,,,,,,81764,"<span lang=""EN-GB"">Suppose you want to browse the internet when you are at home with people you are close to (e.g., friends, family members)<strong><o:p></o:p></strong></span>"
10/28/2018 21:24,10/28/2018 21:25,0,67.240.205.191,100,37,1,10/28/2018 21:25,R_2Yn9jsh4KXhC0eW,,,,,43.21369934,-77.93920135,anonymous,EN,"1,2,3,4,5",3,,2,,"1,4",,1,,"3,4",,2,"1,2",,"2,3",,1,3,,2,,"2,3",,1,,3,,2,,,,,,,,,,,,,,,,,,,,,,,,,,,,,,,,,,,,,,,,,,,,,,,,,,,,,,,,,,,,,,,,,,,,,,,,,,,,,,,,,,,,,,,,,,,,,,,,,,,,,,,,,,,,,,,,,,,,,,,,,,,,,,,,,,,,,,,,,,,,,,,,,,,,,,,,,,,,,,,,,,,,,,,,,,,,,,,,,,,,,,,,37150,"<span lang=""EN-GB"">Suppose you want to set up a reminder about something when you are at Starbucks with close friends.<o:p></o:p></span>"
10/28/2018 21:24,10/28/2018 21:25,0,122.3.232.202,100,52,1,10/28/2018 21:25,R_3GiEBTsCFbWjnOB,,,,,13.69610596,123.0592041,anonymous,EN,"2,6",,,,,,,,,,,,,,,,,,,,,,,,,,,,,,,,,,,,,,,,,,,,,,,,,,,,,,,,,,,,,,,,,,,,,,,,,,,,,,,,,,,,,,,,,,,,,,,,,,,,,,,,,,,,,,,,,,,,,,,,,,,,,,,,,,,,,,,,,,,,,,,,,,,,,,,,,,,,,,,,,,,,,,,,,,,,,,,,,,,,,,,,,,,,,,,,,,,,,,,,,,,,,,,,,,,55190,"<span lang=""EN-GB"">Suppose you are on a short vacation alone and you want to take a picture in front&nbsp;</span>of an iconic monument."
10/28/2018 21:29,10/28/2018 21:29,0,173.25.201.169,100,15,1,10/28/2018 21:29,R_2dWkPIRPf8xnYcK,,,,,41.77409363,-88.43969727,anonymous,EN,"3,4",,,,,,,,,,,,,,,,,,,,,,,,,,,,,,,,,,,,,,,,,,,,,,,,,,,,,,,,,,,,,,,,,,,,,,,,,,,,,,,,,,,,,,,,,,,,,,,,,,,,,,,,,,,,,,,,,,,,,,,,,,,,,,,,,,,,,,,,,,,,,,,,,,,,,,,,,,,,,,,,,,,,,,,,,,,,,,,,,,,,,,,,,,,,,,,,,,,,,,,,,,,,,,,,,,,70507,"<span lang=""EN-GB"" style=""font-size:11.0pt;line-height:115%;
font-family:&quot;Arial&quot;,sans-serif;mso-fareast-font-family:Arial;mso-ansi-language:
EN-GB;mso-fareast-language:EN-US;mso-bidi-language:AR-SA"">Suppose you want to a
send a text message when you are alone at Starbucks.</span>"
10/28/2018 21:52,10/28/2018 21:54,0,64.62.232.59,100,60,1,10/28/2018 21:54,R_1divWdZt6BU3fxN,,,,,37.75100708,-97.8219986,anonymous,EN,6,,,,,,,,,,,,,,,,,,,,,,,,,,,,,,,,,,,,,,,,,,,,,,,,,,,,,,,,,,,,,,,,,,,,,,,,,,,,,,,,,,,,,,,,,,,,,,,,,,,,,,,,,,,,,,,,,,,,,,,,,,,,,,,,,,,,,,,,,,,,,,,,,,,,,,,,,,,,,,,,,,,,,,,,,,,,,,,,,,,,,,,,,,,,,,,,,,,,,,,,,,,,,,,,,,,77897,"<span lang=""EN-GB"">Suppose
     you have planned to meet a friend next week and you want put this on your
     calendar when you are alone at home<strong><o:p></o:p></strong></span>"
10/28/2018 21:25,10/28/2018 21:59,0,122.3.232.202,100,2033,1,10/28/2018 21:59,R_2PBEVD9OOrhc4b3,,,,,13.69610596,123.0592041,anonymous,EN,"1,2,6","1,2,4,5",,"1,2",,2,,3,,1,,3,"1,2,3",,"1,2",,3,3,,"2,3",,"1,2,3",,"2,3",,"1,3",,"1,2",,"1,2",2,,1,,2,,1,,"2,3",,2,2,,2,,"1,2",,"2,3",,"2,3",,2,,"2,3",,"2,3",,2,,"2,4",,3,,"2,3",,1,,1,,"1,2","1,2,3",,"1,2",,2,,"1,3",,"1,2",,"2,3",,"1,2",,"1,2",,2,,,,,,,,,,,,,,,,,,,,,,,,,,,,,,,,,,,,,,,,,,,,,,,,,,,,,,,,,,,,,,,,,,,,,,,,,,,,,,,,,,,,,,,,,,,,,,,,,,,,,,,,,,,,,,,,,,,,,,,,,,,,,73795,"<span lang=""EN-GB"">Suppose you want to find a route to a coffee shop when you are
     at home </span><span lang=""EN-GB"">with
     people you are close to (e.g., friends, family members)</span><strong><span lang=""EN-GB""><o:p></o:p></span></strong>"
10/28/2018 22:09,10/28/2018 22:17,0,67.83.76.156,100,508,1,10/28/2018 22:17,R_3IS7PZDxdo1U0i9,,,,,40.82220459,-73.92169952,anonymous,EN,"1,2,3,4,5,6","1,2,3",,"2,3",,"1,2,3",,3,,"3,4",,3,3,,2,,4,"2,3",,1,,"1,4",,1,,2,,"1,2",,,,,,,,,,,,,,,,,,,,,,,,,,,,,,,,,,,,,,,,,,,,,,,,,,,,,,,,,,,,,,,,,,,,,,,,,,,,,,,,,,,,,,,,,,,,,,,,,,,,,,,,,,,,,,,,,,,,,,,,,,,,,,,,,,,,,,,,,,,,,,,,,,,,,,,,,,,,,,,,,,,,,,,,,,,,,,,,,,,,,,,,45513,"<span lang=""EN-GB"" style=""font-size:11.0pt;line-height:115%;
font-family:&quot;Arial&quot;,sans-serif;mso-fareast-font-family:Arial;mso-ansi-language:
EN-GB;mso-fareast-language:EN-US;mso-bidi-language:AR-SA"">Suppose you want to a
send a text message when you are alone at Starbucks.</span>"
10/28/2018 22:22,10/28/2018 22:27,0,174.48.22.60,100,296,1,10/28/2018 22:27,R_1mwS2SQvenOe40F,,,,,26.66439819,-80.17410278,anonymous,EN,"1,2,4,5","2,5",,2,,"1,2,3",,1,,1,,1,1,,2,,"1,2",2,,2,,"3,4",,"1,2",,"1,2,3",,"1,2",,,,,,,,,,,,,,,,,,,,,,,,,,,,,,,,,,,,,,,,,,,,,,,,,,,,,,,,,,,,,,,,,,,,,,,,,,,,,,,,,,,,,,,,,,,,,,,,,,,,,,,,,,,,,,,,,,,,,,,,,,,,,,,,,,,,,,,,,,,,,,,,,,,,,,,,,,,,,,,,,,,,,,,,,,,,,,,,,,,,,,,,44674,"<span lang=""EN-GB"" style=""font-size:11.0pt;line-height:115%;
font-family:&quot;Arial&quot;,sans-serif;mso-fareast-font-family:Arial;mso-ansi-language:
EN-GB;mso-fareast-language:EN-US;mso-bidi-language:AR-SA"">Suppose you want to
take a click a photo when you are at Starbucks.</span>"
10/28/2018 22:43,10/28/2018 22:43,0,73.8.251.200,100,24,1,10/28/2018 22:43,R_aa6WJ56PapWYTRf,,,,,42.36680603,-88.08879852,anonymous,EN,2,,,,,,,,,,,,,,,,,,,,,,,,,,,,,,,,,,,,,,,,,,,,,,,,,,,,,,,,,,,,,,,,,,,,,,,,,,,,,,,,,,,,,,,,,,,,,,,,,,,,,,,,,,,,,,,,,,,,,,,,,,,,,,,,,,,,,,,,,,,,,,,,,,,,,,,,,,,,,,,,,,,,,,,,,,,,,,,,,,,,,,,,,,,,,,,,,,,,,,,,,,,,,,,,,,,1690,"<span lang=""EN-GB"">Suppose
     you want to listen to some audio when you are with people you know (e.g.,
     acquaintances, colleagues) in a park.<o:p></o:p></span>


<p><span lang=""EN-GB"" style=""color:red"">&nbsp;</span></p>"
10/28/2018 22:44,10/28/2018 22:47,0,104.200.37.140,100,183,1,10/28/2018 22:47,R_3g7P0XKJj1nc2f6,,,,,35.66650391,-97.4654007,anonymous,EN,"1,2,3,4,6","1,2,3,4,5",,"1,2,3",,"1,2,3,4",,1,,"1,2,3,4",,"1,2,3","1,2,3",,"1,2,3",,"1,2,3","1,2,3,4",,"1,2,3",,"1,2,3,4",,"1,2,3",,"1,2,3",,"1,2",,1,"1,2,3,4,5",,"1,2,3",,"1,2,3,4",,1,,"1,2,3,4",,"1,2,3","1,2,3",,"1,2,3",,"1,2,3",,"1,2,3,4",,"1,2,3,4",,"1,2,3",,"1,2,3,4",,"1,2,3",,"1,2",,,,,,,,,,,,,,,,,,,,,,,,,,,,,,,,,,,,,,,,,,,,,,,,,,,,,,,,,,,,,,,,,,,,,,,,,,,,,,,,,,,,,,,,,,,,,,,,,,,,,,,,,,,,,,,,,,,,,,,,,,,,,,,,,,,,,,,,,,,,,,,,,,,Male,65,Software Engineer,5,1,,3,43067,"<span lang=""EN-GB"">Suppose you have planned to meet a friend next week and you want to put this on your calendar when you are alone at a park<o:p></o:p></span>"
10/28/2018 23:02,10/28/2018 23:05,0,138.219.174.219,100,141,1,10/28/2018 23:05,R_1rubNQauGvUE7IQ,,,,,15,-86.5,anonymous,EN,"1,2,3,4","1,2,4",,"1,2",,2,,3,,3,,2,1,,1,,"1,2,3",2,,1,,"1,2,3",,2,,3,,2,,,,,,,,,,,,,,,,,,,,,,,,,,,,,,,,,,,,,,,,,,,,,,,,,,,,,,,,,,,,,,,,,,,,,,,,,,,,,,,,,,,,,,,,,,,,,,,,,,,,,,,,,,,,,,,,,,,,,,,,,,,,,,,,,,,,,,,,,,,,,,,,,,,,,,,,,,,,,,,,,,,,,,,,,,,,,,,,,,,,,,,,30387,"<span lang=""EN-GB"">Suppose you are on a short vacation and you want to take a picture in front&nbsp;</span>of an iconic monument when you are surrounded by many people."
10/28/2018 22:58,10/28/2018 23:06,0,174.222.155.75,100,500,1,10/28/2018 23:06,R_1d9T8IT0DHQUbZL,,,,,38.55389404,-121.3693008,anonymous,EN,"1,2,3",7,,3,,"1,2,3",,1,,2,,2,"1,2",,5,,2,6,,2,,"1,4,6",,2,,5,,2,,2,,,,,,,,,,,,,,,,,,,,,,,,,,,,,,"1,2,5",,1,,"1,2",,1,,2,,4,1,,5,,5,,6,,1,,1,,"1,3",,1,,2,,,,,,,,,,,,,,,,,,,,,,,,,,,,,,,,,,,,,,,,,,,,,,,,,,,,,,,,,,,,,,,,,,,,,,,,,,,,,,,,,,,,,,,,,,,,,,,,,,,,,,,,,,,,,,,,,,,,,,,,,,,,,48399,"<span lang=""EN-GB"">Suppose
     you want to a view a text message when you are with a very close friend at
     a restaurant&nbsp;<o:p></o:p></span>"
10/28/2018 23:09,10/28/2018 23:09,0,97.86.24.210,100,36,1,10/28/2018 23:09,R_2yg9SshFxlVejzs,,,,,38.20030212,-92.66840363,anonymous,EN,"1,2",,,,,,,,,,,,,,,,,,,,,,,,,,,,,,,,,,,,,,,,,,,,,,,,,,,,,,,,,,,,,,,,,,,,,,,,,,,,,,,,,,,,,,,,,,,,,,,,,,,,,,,,,,,,,,,,,,,,,,,,,,,,,,,,,,,,,,,,,,,,,,,,,,,,,,,,,,,,,,,,,,,,,,,,,,,,,,,,,,,,,,,,,,,,,,,,,,,,,,,,,,,,,,,,,,,88720,"Suppose you want to check your social media status
     when you are at Starbucks.<o:p></o:p>"
10/28/2018 23:11,10/28/2018 23:15,0,113.173.131.199,100,232,1,10/28/2018 23:15,R_2VDzRuMDuuPr4NN,,,,,10.81419373,106.6437988,anonymous,EN,"1,2,4","1,2,3,4,5",,4,dual screen or multiple tabs available,1,,3,,1,,"2,3","1,2,3",,5,,"2,3",2,,"1,2",,3,,5,,"1,2,3",,"1,2",,,,,,,,,,,,,,,,,,,,,,,,,,,,,,,,,,,,,,,,,,,,,,,,,,,,,,,,,,,,,,,,,,,,,,,,,,,,,,,,,,,,,,,,,,,,,,,,,,,,,,,,,,,,,,,,,,,,,,,,,,,,,,,,,,,,,,,,,,,,,,,,,,,,,,,,,,,,,,,,,,,,,,,,,,,,,,,,,,,,,,,,79821,"<span lang=""EN-GB"">Suppose you are at work with some people you know (e.g., acquaintances, colleagues) when you realize that you have to immediately pay one of your bills online.<o:p></o:p></span>"
10/28/2018 23:17,10/28/2018 23:23,0,140.82.133.9,100,340,1,10/28/2018 23:23,R_2wHyjdWv6Qxbwk6,,,,,35.48519897,-94.77899933,anonymous,EN,"1,2,4,6",2,,1,,2,,3,,1,,1,3,,3,,1,1,,1,,3,,1,,1,,2,,2,,,,,,,,,,,,,,,,,,,,,,,,,,,,,,5,,1,,2,,1,,1,,1,3,,2,,1,,1,,1,,2,,1,,1,,2,,,,,,,,,,,,,,,,,,,,,,,,,,,,,,,,,,,,,,,,,,,,,,,,,,,,,,,,,,,,,,,,,,,,,,,,,,,,,,,,,,,,,,,,,,,,,,,,,,,,,,,,,,,,,,,,,,,,,,,,,,,,,65292,"<span lang=""EN-GB"">Suppose you are at Starbucks with your close friends and you realize today is the last day to pay one of your bills online.<o:p></o:p></span>"
10/28/2018 23:21,10/28/2018 23:23,0,184.16.173.201,100,137,1,10/28/2018 23:23,R_1QYl4ZXSIEBBpbH,,,,,41.1053009,-85.06240082,anonymous,EN,"1,2,3,4",3,,2,,4,,1,,4,,2,1,,1,,4,3,,3,,1,,2,,2,,1,,,,,,,,,,,,,,,,,,,,,,,,,,,,,,,,,,,,,,,,,,,,,,,,,,,,,,,,,,,,,,,,,,,,,,,,,,,,,,,,,,,,,,,,,,,,,,,,,,,,,,,,,,,,,,,,,,,,,,,,,,,,,,,,,,,,,,,,,,,,,,,,,,,,,,,,,,,,,,,,,,,,,,,,,,,,,,,,,,,,,,,,33943,"<span lang=""EN-GB"" style=""font-size:11.0pt;line-height:115%;
font-family:&quot;Arial&quot;,sans-serif;mso-fareast-font-family:Arial;mso-ansi-language:
EN-GB;mso-fareast-language:EN-US;mso-bidi-language:AR-SA"">Suppose you want to browse the internet when you are alone at your home.</span>"
10/28/2018 23:25,10/28/2018 23:25,0,192.3.231.162,100,16,1,10/28/2018 23:25,R_3kjGxaBUglZkcev,,,,,42.88639832,-78.87809753,anonymous,EN,1,,,,,,,,,,,,,,,,,,,,,,,,,,,,,,,,,,,,,,,,,,,,,,,,,,,,,,,,,,,,,,,,,,,,,,,,,,,,,,,,,,,,,,,,,,,,,,,,,,,,,,,,,,,,,,,,,,,,,,,,,,,,,,,,,,,,,,,,,,,,,,,,,,,,,,,,,,,,,,,,,,,,,,,,,,,,,,,,,,,,,,,,,,,,,,,,,,,,,,,,,,,,,,,,,,,72270,"<span lang=""EN-GB"">Suppose
     you want to a send a text message when you with people you know (e.g., acquaintances,
     colleagues) at a street<strong>.</strong><o:p></o:p></span>"
10/28/2018 23:31,10/28/2018 23:34,0,67.174.144.138,100,196,1,10/28/2018 23:34,R_t07NhW8SttXhn9f,,,,,38.71589661,-121.3647995,anonymous,EN,"1,2,4","2,5",,1,,"1,3",,1,,1,,"2,3","1,2",,5,,4,"2,3",,2,,6,,2,,"1,2",,2,,,,,,,,,,,,,,,,,,,,,,,,,,,,,,,,,,,,,,,,,,,,,,,,,,,,,,,,,,,,,,,,,,,,,,,,,,,,,,,,,,,,,,,,,,,,,,,,,,,,,,,,,,,,,,,,,,,,,,,,,,,,,,,,,,,,,,,,,,,,,,,,,,,,,,,,,,,,,,,,,,,,,,,,,,,,,,,,,,,,,,,,62891,"<span lang=""EN-GB"">Suppose you want to watch some video when you are alone in a park.<o:p></o:p></span>"
10/28/2018 23:36,10/28/2018 23:44,0,112.208.72.142,100,469,1,10/28/2018 23:44,R_3PFXRLJUjkUHdVr,,,,,14.40310669,121.0314026,anonymous,EN,"1,2,3,4",2,,5,,"1,2,3",,1,,"1,3,4",,3,"1,2,3",,"2,3",,3,6,,"1,2",,7,,"1,2",,5,,4,,2,,,,,,,,,,,,,,,,,,,,,,,,,,,,,,2,,5,,"1,2,3",,1,,2,,3,5,,2,,2,,6,,3,,"1,2",,3,,5,,4,,,,,,,,,,,,,,,,,,,,,,,,,,,,,,,,,,,,,,,,,,,,,,,,,,,,,,,,,,,,,,,,,,,,,,,,,,,,,,,,,,,,,,,,,,,,,,,,,,,,,,,,,,,,,,,,,,,,,,male,31,Lab technician,5,5,,12,84789,"<span lang=""EN-GB"">Suppose
     you want to a view a text message when you are alone at Starbucks.<o:p></o:p></span>"
10/29/2018 0:00,10/29/2018 0:00,0,172.56.23.103,100,15,1,10/29/2018 0:00,R_3GdKVVUbFtB4rne,,,,,42.32510376,-71.09529877,anonymous,EN,2,,,,,,,,,,,,,,,,,,,,,,,,,,,,,,,,,,,,,,,,,,,,,,,,,,,,,,,,,,,,,,,,,,,,,,,,,,,,,,,,,,,,,,,,,,,,,,,,,,,,,,,,,,,,,,,,,,,,,,,,,,,,,,,,,,,,,,,,,,,,,,,,,,,,,,,,,,,,,,,,,,,,,,,,,,,,,,,,,,,,,,,,,,,,,,,,,,,,,,,,,,,,,,,,,,,10228,"<span lang=""EN-GB"">Suppose
     you want to a send a text message when you are with a very close friend at
     a restaurant&nbsp;<o:p></o:p></span>"
10/29/2018 0:21,10/29/2018 0:26,0,68.132.119.166,100,343,1,10/29/2018 0:26,R_aVmdTlB5Bj5xk1H,,,,,40.75909424,-73.32569885,anonymous,EN,"1,2,4","2,5",,"1,2",,"1,2,3",,1,,1,,"2,3","2,3",,"2,3",,"2,3","3,4",,"1,2",,"1,3,4",,"1,2",,1,,1,,1,7,,1,,"1,2",,1,,1,,2,"1,3",,5,,5,,6,,7,,1,,7,,5,,4,,,,,,,,,,,,,,,,,,,,,,,,,,,,,,,,,,,,,,,,,,,,,,,,,,,,,,,,,,,,,,,,,,,,,,,,,,,,,,,,,,,,,,,,,,,,,,,,,,,,,,,,,,,,,,,,,,,,,,,,,,,,,,,,,,,,,,,,,,,,,,,,,,,Male,42,Editor/Writer,5,1,,3,49217,"<span lang=""EN-GB"">Suppose you want to a send an email when you are surrounded with people you are close to (e.g., friends, family members) at your home.<strong><o:p></o:p></strong></span>"
10/22/2018 0:25,10/22/2018 0:27,0,196.17.64.26,78,102,0,10/29/2018 0:27,R_3KrcmVv70vT7l5H,,,,,,,anonymous,EN,"1,3,4,5,6",,,,,,,,,,,,,,,,,,,,,,,,,,,,,,,,,,,,,,,,,,,,,,,,,,,,,,,,,,,,,,,,,,,,,,,,,,,,,,,,,,,,,,,,,,,,,,,,,,,,,,,,,,,,,,,,,,,,,,,,,,,,,,,,,,,,,,,,,,,,,,,,,,,,,,,,,,,,,,,,,,,,,,,,,,,,,,,,,,,,,,,,,,,,,,,,,,,,,,,,,,,,,,,,,,,19795,"<span lang=""EN-GB"">Suppose
     you want to listen to some audio when you are alone at your home.<strong><o:p></o:p></strong></span>"
10/29/2018 0:35,10/29/2018 0:36,0,162.156.34.216,100,93,1,10/29/2018 0:36,R_1HqpW7QvhpWW8Ij,,,,,49.14100647,-122.8569031,anonymous,EN,"1,2,3,4","3,4",,2,,"2,3",,1,,"1,3",,"2,3","1,2,3",,"1,2",,2,"2,4",,"2,3",,7,,2,,3,,2,,,,,,,,,,,,,,,,,,,,,,,,,,,,,,,,,,,,,,,,,,,,,,,,,,,,,,,,,,,,,,,,,,,,,,,,,,,,,,,,,,,,,,,,,,,,,,,,,,,,,,,,,,,,,,,,,,,,,,,,,,,,,,,,,,,,,,,,,,,,,,,,,,,,,,,,,,,,,,,,,,,,,,,,,,,,,,,,,,,,,,,,3481,"<span lang=""EN-GB"">Suppose
     you want to take a click a photo when you are alone at home.<o:p></o:p></span>"
10/29/2018 0:31,10/29/2018 0:38,0,108.206.47.9,100,431,1,10/29/2018 0:38,R_2S7zyJEnGgqaPy4,,,,,26.1486969,-80.20749664,anonymous,EN,"1,2,3,4","2,4,5",,3,,"1,3",,3,,1,,3,5,,5,,"2,3","1,2,3",,"1,2,3",,6,,"1,2,3",,"1,2,3",,"1,2",,,,,,,,,,,,,,,,,,,,,,,,,,,,,,,,,,,,,,,,,,,,,,,,,,,,,,,,,,,,,,,,,,,,,,,,,,,,,,,,,,,,,,,,,,,,,,,,,,,,,,,,,,,,,,,,,,,,,,,,,,,,,,,,,,,,,,,,,,,,,,,,,,,,,,,,,,,,,,,,,,,,,,,,,,,,,,,,,,,,,,,,18997,"<span lang=""EN-GB"">Suppose
     you want to watch&nbsp; some video when
     you are with people you know (e.g., acquaintances, colleagues) at
     Starbucks<o:p></o:p></span>"
10/29/2018 0:40,10/29/2018 0:45,0,162.231.52.170,100,292,1,10/29/2018 0:45,R_2B8L0evEMOjDlNU,,,,,33.70739746,-117.7053986,anonymous,EN,"1,2,3,4,5,6",2,,2,,2,,1,,2,,2,2,,2,,2,2,,2,,2,,2,,2,,2,,"1,2,3,4,5,6",5,,3,,4,,3,,4,,3,3,,3,,3,,4,,4,,3,,4,,3,,1,,2,,2,,2,,1,,2,,2,2,,2,,2,,2,,2,,2,,2,,2,,2,,2,,1,,6,,3,,4,,3,5,,5,,5,,6,,7,,5,,7,,5,,1,,2,,3,,3,,1,,2,,1,3,,3,,2,,1,,3,,2,,3,,"1,2",,1,,1,,2,,2,,3,,2,,2,2,,2,,1,,2,,2,,3,,2,,2,,2,,1,,1,,1,,1,,1,,1,1,,1,,1,,1,,1,,1,,1,,1,,1,,,,,,,,,53322,"<span lang=""EN-GB"">Suppose
     you want to a send an email when you are walking on a street with people
     you know (e.g., acquaintances, colleagues)<strong>.</strong><o:p></o:p></span>"
10/29/2018 0:38,10/29/2018 0:50,0,108.206.47.9,100,700,1,10/29/2018 0:50,R_1NFmgTggK1FAhsB,,,,,26.1486969,-80.20749664,anonymous,EN,"1,2,3,4","4,5",,3,,"1,2,3",,3,,1,,"2,3",1,,3,,"2,3",3,,"1,2,3",,3,,"1,2,3",,"1,3",,"1,2",,1,4,,3,,"1,2,3",,1,,1,,"2,3",1,,5,,5,,"2,3",,3,,"1,2",,3,,"1,2,3",,"1,2",,,,,,,,,,,,,,,,,,,,,,,,,,,,,,,,,,,,,,,,,,,,,,,,,,,,,,,,,,,,,,,,,,,,,,,,,,,,,,,,,,,,,,,,,,,,,,,,,,,,,,,,,,,,,,,,,,,,,,,,,,,,,,,,,,,,,,,,,,,,,,,,,,,Male,54,IT Administrator,6,1,,3,11433,"Suppose you want to check your social media status
     when you are at Starbucks.<o:p></o:p>"
10/29/2018 1:07,10/29/2018 1:08,0,24.171.64.80,100,58,1,10/29/2018 1:08,R_2ZNTk42VTfYtDL5,,,,,38.62640381,-88.94809723,anonymous,EN,"1,2",,,,,,,,,,,,,,,,,,,,,,,,,,,,,,,,,,,,,,,,,,,,,,,,,,,,,,,,,,,,,,,,,,,,,,,,,,,,,,,,,,,,,,,,,,,,,,,,,,,,,,,,,,,,,,,,,,,,,,,,,,,,,,,,,,,,,,,,,,,,,,,,,,,,,,,,,,,,,,,,,,,,,,,,,,,,,,,,,,,,,,,,,,,,,,,,,,,,,,,,,,,,,,,,,,,99226,"<span lang=""EN-GB"">Suppose
     you want to a send a text message when you are surrounded by people you
     know (e.g., acquaintances, colleagues) at your home.<o:p></o:p></span>"
10/29/2018 1:00,10/29/2018 1:20,0,47.150.228.78,100,1175,1,10/29/2018 1:20,R_2tGnTBdqmI92ATa,,,,,33.9282074,-116.8899002,anonymous,EN,"2,3,4","1,2,5",,1,,"1,2,3",,1,,1,,"2,3","1,2,3",,"1,3",,"2,3","1,2,4",,"2,3",,"1,3,4",,"2,3",,"1,2",,4,,2,,,,,,,,,,,,,,,,,,,,,,,,,,,,,,"1,2,5",,1,,"1,2,3",,1,,1,,"2,3","1,2,3",,"1,3",,"1,3",,"1,2,4",,"1,3,4",,"1,2",,"1,3,4",,"1,2",,4,,,,,,,,,,,,,,,,,,,,,,,,,,,,,,,,,,,,,,,,,,,,,,,,,,,,,,,,,,,,,,,,,,,,,,,,,,,,,,,,,,,,,,,,,,,,,,,,,,,,,,,,,,,,,,,,,,,,,,female,24,unemployed,2,5,,1,33090,"<span lang=""EN-GB"">Suppose
     you want to set up a reminder about something when you are at Starbucks by
     yourself.<o:p></o:p></span>"
10/26/2018 22:46,10/29/2018 1:28,0,50.3.247.133,100,182523,1,10/29/2018 1:28,R_2tsCHm8GTsCNuto,,,,,32.81520081,-96.87030029,anonymous,EN,"1,2,5,6",3,,3,,2,,1,,3,,3,2,,2,,1,1,,3,,1,,1,,3,,1,,,,,,,,,,,,,,,,,,,,,,,,,,,,,,,,,,,,,,,,,,,,,,,,,,,,,,,,,,,,,,,,,,,,,,,,,,,,,,,,,,,,,,,,,,,,,,,,,,,,,,,,,,,,,,,,,,,,,,,,,,,,,,,,,,,,,,,,,,,,,,,,,,,,,,,,,,,,,,,,,,,,,,,,,,,,,,,,,,,,,,,,60059,"<span lang=""EN-GB"">Suppose
     you want to read a digital document when you are at home with people you
     are close to (e.g., friends, family members).<strong><o:p></o:p></strong></span>"
10/29/2018 1:50,10/29/2018 1:50,0,50.3.247.133,100,27,1,10/29/2018 1:50,R_12gPsQibZuBXdVQ,,,,,32.81520081,-96.87030029,anonymous,EN,1,,,,,,,,,,,,,,,,,,,,,,,,,,,,,,,,,,,,,,,,,,,,,,,,,,,,,,,,,,,,,,,,,,,,,,,,,,,,,,,,,,,,,,,,,,,,,,,,,,,,,,,,,,,,,,,,,,,,,,,,,,,,,,,,,,,,,,,,,,,,,,,,,,,,,,,,,,,,,,,,,,,,,,,,,,,,,,,,,,,,,,,,,,,,,,,,,,,,,,,,,,,,,,,,,,,61814,"<span lang=""EN-GB"">Suppose you have planned to meet a friend next week and you want to put this on your calendar when you are alone at Starbucks.<o:p></o:p></span>"
10/29/2018 2:08,10/29/2018 2:13,0,75.36.200.31,100,305,1,10/29/2018 2:13,R_31WOCLLeuumgqMU,,,,,35.89289856,-83.93869781,anonymous,EN,"1,2,3","2,4",,"1,3",,"2,3",,1,,1,,"2,3","1,2,3",,"2,3",,3,"1,2",,1,,"3,4",,"1,2",,"1,2",,1,,,,,,,,,,,,,,,,,,,,,,,,,,,,,,,,,,,,,,,,,,,,,,,,,,,,,,,,,,,,,,,,,,,,,,,,,,,,,,,,,,,,,,,,,,,,,,,,,,,,,,,,,,,,,,,,,,,,,,,,,,,,,,,,,,,,,,,,,,,,,,,,,,,,,,,,,,,,,,,,,,,,,,,,,,,,,,,,,,,,,,,,5658,"<span lang=""EN-GB"">Suppose
     you want to watch some video when you are with your close friends in a
     park.<o:p></o:p></span>"
10/29/2018 2:20,10/29/2018 2:35,0,107.172.140.116,100,887,1,10/29/2018 2:35,R_3m3Q1wRtHsEIaLQ,,,,,42.88639832,-78.87809753,anonymous,EN,"1,2,3,4,5,6",1,,2,,1,,1,,1,,1,2,,2,,3,1,,2,,2,,2,,1,,2,,,,,,,,,,,,,,,,,,,,,,,,,,,,,,,,,,,,,,,,,,,,,,,,,,,,,,,,,,,,,,,,,,,,,,,,,,,,,,,,,,,,,,,,,,,,,,,,,,,,,,,,,,,,,,,,,,,,,,,,,,,,,,,,,,,,,,,,,,,,,,,,,,,,,,,,,,,,,,,,,,,,,,,,,,,,,,,,,,,,,,,,90579,"<span lang=""EN-GB"">Suppose
     you want to a send a text message when you are alone at home<strong><o:p></o:p></strong></span>"
10/29/2018 2:35,10/29/2018 2:35,0,107.172.140.116,100,19,1,10/29/2018 2:35,R_u2nWJYU1TOIkOqJ,,,,,42.88639832,-78.87809753,anonymous,EN,3,,,,,,,,,,,,,,,,,,,,,,,,,,,,,,,,,,,,,,,,,,,,,,,,,,,,,,,,,,,,,,,,,,,,,,,,,,,,,,,,,,,,,,,,,,,,,,,,,,,,,,,,,,,,,,,,,,,,,,,,,,,,,,,,,,,,,,,,,,,,,,,,,,,,,,,,,,,,,,,,,,,,,,,,,,,,,,,,,,,,,,,,,,,,,,,,,,,,,,,,,,,,,,,,,,,12552,"<span lang=""EN-GB"">Suppose
     you want to call your mother for sharing an important update about your
     life when you are with a very close friend at a restaurant&nbsp;<o:p></o:p></span>"
10/29/2018 2:36,10/29/2018 2:41,0,216.106.39.5,100,303,1,10/29/2018 2:41,R_1EXPwzsrLNoTmxC,,,,,38.54620361,-92.15249634,anonymous,EN,"2,3,4","1,2",,"1,2",,"2,3,4",,1,,3,,"2,3","1,2,3",,1,,2,"2,4",,"1,2,3",,"1,2",,3,,"1,2",,2,,,,,,,,,,,,,,,,,,,,,,,,,,,,,,,,,,,,,,,,,,,,,,,,,,,,,,,,,,,,,,,,,,,,,,,,,,,,,,,,,,,,,,,,,,,,,,,,,,,,,,,,,,,,,,,,,,,,,,,,,,,,,,,,,,,,,,,,,,,,,,,,,,,,,,,,,,,,,,,,,,,,,,,,,,,,,,,,,,,,,,,,31888,"<span lang=""EN-GB"">Suppose
     you want to set up a reminder about something when you are with people you
     know (e.g., acquaintances, colleagues) at Starbucks.<o:p></o:p></span>"
10/29/2018 2:36,10/29/2018 2:46,0,107.172.140.116,100,602,1,10/29/2018 2:46,R_3OitM59oMn4wCS6,,,,,42.88639832,-78.87809753,anonymous,EN,"1,2,3,4,5,6",1,,1,,1,,1,,1,,1,1,,1,,1,2,,2,,1,,2,,2,,2,,2,,,,,,,,,,,,,,,,,,,,,,,,,,,,,,1,,2,,1,,3,,1,,1,1,,1,,1,,1,,1,,2,,1,,2,,2,,,,,,,,,,,,,,,,,,,,,,,,,,,,,,,,,,,,,,,,,,,,,,,,,,,,,,,,,,,,,,,,,,,,,,,,,,,,,,,,,,,,,,,,,,,,,,,,,,,,,,,,,,,,,,,,,,,,,,female,28,manager,5,1,,3,6703,"<span lang=""EN-GB"">Suppose you want to take a click a photo when you with </span><span lang=""EN-GB"">some people you know (e.g.,
     acquaintances, colleagues)</span><span lang=""EN-GB""> at home<o:p></o:p></span>"
10/26/2018 2:11,10/29/2018 2:56,0,75.131.9.235,100,261898,1,10/29/2018 2:56,R_32Yh0WD4mpDumbU,,,,,33.56329346,-84.21649933,anonymous,EN,"1,2,4","1,2,4,5",,3,,"1,3",,1,,1,,3,"1,2,3",,"2,3",,3,3,,"2,3",,"2,3",,2,,"1,2,3",,"1,2",,,,,,,,,,,,,,,,,,,,,,,,,,,,,,,,,,,,,,,,,,,,,,,,,,,,,,,,,,,,,,,,,,,,,,,,,,,,,,,,,,,,,,,,,,,,,,,,,,,,,,,,,,,,,,,,,,,,,,,,,,,,,,,,,,,,,,,,,,,,,,,,,,,,,,,,,,,,,,,,,,,,,,,,,,,,,,,,,,,,,,,,69058,"<span lang=""EN-GB"">Suppose you are alone at home when you realize today is the last day to pay one of your bills online.<o:p></o:p></span>"
10/29/2018 3:08,10/29/2018 3:08,0,107.174.133.112,100,13,1,10/29/2018 3:08,R_3MrNIR7UjvJzvPv,,,,,32.81520081,-96.87030029,anonymous,EN,3,,,,,,,,,,,,,,,,,,,,,,,,,,,,,,,,,,,,,,,,,,,,,,,,,,,,,,,,,,,,,,,,,,,,,,,,,,,,,,,,,,,,,,,,,,,,,,,,,,,,,,,,,,,,,,,,,,,,,,,,,,,,,,,,,,,,,,,,,,,,,,,,,,,,,,,,,,,,,,,,,,,,,,,,,,,,,,,,,,,,,,,,,,,,,,,,,,,,,,,,,,,,,,,,,,,78801,"<span lang=""EN-GB"">Suppose
     you want to listen to some audio when you are with your friends at
     Starbucks.<o:p></o:p></span>"
10/29/2018 3:09,10/29/2018 3:09,0,107.174.133.112,100,17,1,10/29/2018 3:09,R_sLKynlobR0CObzH,,,,,32.81520081,-96.87030029,anonymous,EN,2,,,,,,,,,,,,,,,,,,,,,,,,,,,,,,,,,,,,,,,,,,,,,,,,,,,,,,,,,,,,,,,,,,,,,,,,,,,,,,,,,,,,,,,,,,,,,,,,,,,,,,,,,,,,,,,,,,,,,,,,,,,,,,,,,,,,,,,,,,,,,,,,,,,,,,,,,,,,,,,,,,,,,,,,,,,,,,,,,,,,,,,,,,,,,,,,,,,,,,,,,,,,,,,,,,,28873,"<span lang=""EN-GB"" style=""font-size:11.0pt;line-height:115%;
font-family:&quot;Arial&quot;,sans-serif;mso-fareast-font-family:Arial;mso-ansi-language:
EN-GB;mso-fareast-language:EN-US;mso-bidi-language:AR-SA"">Suppose you want to a
send a text message when you are alone at Starbucks.</span>"
10/29/2018 3:09,10/29/2018 3:09,0,107.174.133.112,100,12,1,10/29/2018 3:09,R_3oBd038DXg2drKC,,,,,32.81520081,-96.87030029,anonymous,EN,5,,,,,,,,,,,,,,,,,,,,,,,,,,,,,,,,,,,,,,,,,,,,,,,,,,,,,,,,,,,,,,,,,,,,,,,,,,,,,,,,,,,,,,,,,,,,,,,,,,,,,,,,,,,,,,,,,,,,,,,,,,,,,,,,,,,,,,,,,,,,,,,,,,,,,,,,,,,,,,,,,,,,,,,,,,,,,,,,,,,,,,,,,,,,,,,,,,,,,,,,,,,,,,,,,,,15137,"<span lang=""EN-GB"">Suppose you have planned to meet a friend next week and you want to&nbsp;put this on your calendar </span><span lang=""EN-GB"">when</span><span lang=""EN-GB""> you are surrounded by people you know (e.g., acquaintances, colleagues) at your home.</span><span lang=""EN-GB""><o:p></o:p></span>"
10/29/2018 3:09,10/29/2018 3:09,0,107.174.133.112,100,11,1,10/29/2018 3:09,R_2bPetB2NCF8CkhF,,,,,32.81520081,-96.87030029,anonymous,EN,6,,,,,,,,,,,,,,,,,,,,,,,,,,,,,,,,,,,,,,,,,,,,,,,,,,,,,,,,,,,,,,,,,,,,,,,,,,,,,,,,,,,,,,,,,,,,,,,,,,,,,,,,,,,,,,,,,,,,,,,,,,,,,,,,,,,,,,,,,,,,,,,,,,,,,,,,,,,,,,,,,,,,,,,,,,,,,,,,,,,,,,,,,,,,,,,,,,,,,,,,,,,,,,,,,,,39347,"<span lang=""EN-GB"">Suppose you are at a park, you have just read a book you loved and now you&nbsp;</span>want to write a review for it to share with people you are close to (e.g., friends, family members)"
10/29/2018 3:10,10/29/2018 3:10,0,107.174.133.112,100,8,1,10/29/2018 3:10,R_1fee2XWUOL54rtP,,,,,32.81520081,-96.87030029,anonymous,EN,1,,,,,,,,,,,,,,,,,,,,,,,,,,,,,,,,,,,,,,,,,,,,,,,,,,,,,,,,,,,,,,,,,,,,,,,,,,,,,,,,,,,,,,,,,,,,,,,,,,,,,,,,,,,,,,,,,,,,,,,,,,,,,,,,,,,,,,,,,,,,,,,,,,,,,,,,,,,,,,,,,,,,,,,,,,,,,,,,,,,,,,,,,,,,,,,,,,,,,,,,,,,,,,,,,,,67034,"<span lang=""EN-GB"">Suppose you are at work with some people you know (e.g., acquaintances, colleagues) when you realize that you have to immediately pay one of your bills online.<o:p></o:p></span>"
10/29/2018 3:10,10/29/2018 3:10,0,107.174.133.112,100,9,1,10/29/2018 3:10,R_2EcVeL8B5xi08L1,,,,,32.81520081,-96.87030029,anonymous,EN,4,,,,,,,,,,,,,,,,,,,,,,,,,,,,,,,,,,,,,,,,,,,,,,,,,,,,,,,,,,,,,,,,,,,,,,,,,,,,,,,,,,,,,,,,,,,,,,,,,,,,,,,,,,,,,,,,,,,,,,,,,,,,,,,,,,,,,,,,,,,,,,,,,,,,,,,,,,,,,,,,,,,,,,,,,,,,,,,,,,,,,,,,,,,,,,,,,,,,,,,,,,,,,,,,,,,45170,"<span lang=""EN-GB"">Suppose you are at Starbucks with your close friends and you realize today is the last day to pay one of your bills online.<o:p></o:p></span>"
10/29/2018 4:15,10/29/2018 4:15,0,74.50.118.217,100,10,1,10/29/2018 4:15,R_24deRVG6ML6bp61,,,,,28.00909424,-82.50340271,anonymous,EN,1,,,,,,,,,,,,,,,,,,,,,,,,,,,,,,,,,,,,,,,,,,,,,,,,,,,,,,,,,,,,,,,,,,,,,,,,,,,,,,,,,,,,,,,,,,,,,,,,,,,,,,,,,,,,,,,,,,,,,,,,,,,,,,,,,,,,,,,,,,,,,,,,,,,,,,,,,,,,,,,,,,,,,,,,,,,,,,,,,,,,,,,,,,,,,,,,,,,,,,,,,,,,,,,,,,,35487,"<span lang=""EN-GB"" style=""font-size:11.0pt;line-height:115%;
font-family:&quot;Arial&quot;,sans-serif;mso-fareast-font-family:Arial;mso-ansi-language:
EN-GB;mso-fareast-language:EN-US;mso-bidi-language:AR-SA"">Suppose you want to check your social media when you are alone in a park.</span>"
10/29/2018 4:15,10/29/2018 4:15,0,74.50.118.217,100,11,1,10/29/2018 4:15,R_2bN3Pfd4G6OznxO,,,,,28.00909424,-82.50340271,anonymous,EN,2,,,,,,,,,,,,,,,,,,,,,,,,,,,,,,,,,,,,,,,,,,,,,,,,,,,,,,,,,,,,,,,,,,,,,,,,,,,,,,,,,,,,,,,,,,,,,,,,,,,,,,,,,,,,,,,,,,,,,,,,,,,,,,,,,,,,,,,,,,,,,,,,,,,,,,,,,,,,,,,,,,,,,,,,,,,,,,,,,,,,,,,,,,,,,,,,,,,,,,,,,,,,,,,,,,,16027,"<span id=""docs-internal-guid-5a7e3441-7fff-9d1f-10e6-454a1d940975""><span style=""font-size: 11pt; font-family: Arial; color: rgb(0, 0, 0); background-color: transparent; font-variant-numeric: normal; font-variant-east-asian: normal; vertical-align: baseline; white-space: pre-wrap;"">Suppose you want to call your mother for sharing an important update about your life &nbsp;when you are alone at home</span><br> <br><br></span>"
10/29/2018 4:15,10/29/2018 4:16,0,74.50.118.217,100,22,1,10/29/2018 4:16,R_3PAEBqbMkMkit2v,,,,,28.00909424,-82.50340271,anonymous,EN,4,,,,,,,,,,,,,,,,,,,,,,,,,,,,,,,,,,,,,,,,,,,,,,,,,,,,,,,,,,,,,,,,,,,,,,,,,,,,,,,,,,,,,,,,,,,,,,,,,,,,,,,,,,,,,,,,,,,,,,,,,,,,,,,,,,,,,,,,,,,,,,,,,,,,,,,,,,,,,,,,,,,,,,,,,,,,,,,,,,,,,,,,,,,,,,,,,,,,,,,,,,,,,,,,,,,17812,"<span lang=""EN-GB"">Suppose
     you are at starbucks and you realize today is the last day to pay one of
     your bills online.<o:p></o:p></span>"
10/29/2018 4:16,10/29/2018 4:16,0,74.50.118.217,100,5,1,10/29/2018 4:16,R_1FCyrbfR2m5bb1K,,,,,28.00909424,-82.50340271,anonymous,EN,2,,,,,,,,,,,,,,,,,,,,,,,,,,,,,,,,,,,,,,,,,,,,,,,,,,,,,,,,,,,,,,,,,,,,,,,,,,,,,,,,,,,,,,,,,,,,,,,,,,,,,,,,,,,,,,,,,,,,,,,,,,,,,,,,,,,,,,,,,,,,,,,,,,,,,,,,,,,,,,,,,,,,,,,,,,,,,,,,,,,,,,,,,,,,,,,,,,,,,,,,,,,,,,,,,,,93480,"<span lang=""EN-GB"">Suppose
     you want to listen to some audio when you are alone at Starbucks.<o:p></o:p></span>"
10/29/2018 4:16,10/29/2018 4:16,0,74.50.118.217,100,8,1,10/29/2018 4:16,R_1mV2YnJosRcTwvb,,,,,28.00909424,-82.50340271,anonymous,EN,6,,,,,,,,,,,,,,,,,,,,,,,,,,,,,,,,,,,,,,,,,,,,,,,,,,,,,,,,,,,,,,,,,,,,,,,,,,,,,,,,,,,,,,,,,,,,,,,,,,,,,,,,,,,,,,,,,,,,,,,,,,,,,,,,,,,,,,,,,,,,,,,,,,,,,,,,,,,,,,,,,,,,,,,,,,,,,,,,,,,,,,,,,,,,,,,,,,,,,,,,,,,,,,,,,,,44033,"<span lang=""EN-GB"">Suppose
     you want to listen to some audio when you are at home with people you are
     close to (e.g., friends, family members).<strong><o:p></o:p></strong></span>"
10/29/2018 4:16,10/29/2018 4:16,0,74.50.118.217,100,6,1,10/29/2018 4:16,R_2TmypXrMAcDg0tM,,,,,28.00909424,-82.50340271,anonymous,EN,5,,,,,,,,,,,,,,,,,,,,,,,,,,,,,,,,,,,,,,,,,,,,,,,,,,,,,,,,,,,,,,,,,,,,,,,,,,,,,,,,,,,,,,,,,,,,,,,,,,,,,,,,,,,,,,,,,,,,,,,,,,,,,,,,,,,,,,,,,,,,,,,,,,,,,,,,,,,,,,,,,,,,,,,,,,,,,,,,,,,,,,,,,,,,,,,,,,,,,,,,,,,,,,,,,,,41364,"<span lang=""EN-GB"">Suppose you want to browse the internet when you are with your close friends at a park.<o:p></o:p></span>"
10/29/2018 4:16,10/29/2018 4:16,0,74.50.118.217,100,11,1,10/29/2018 4:16,R_1MSzv5955WMLbDO,,,,,28.00909424,-82.50340271,anonymous,EN,3,,,,,,,,,,,,,,,,,,,,,,,,,,,,,,,,,,,,,,,,,,,,,,,,,,,,,,,,,,,,,,,,,,,,,,,,,,,,,,,,,,,,,,,,,,,,,,,,,,,,,,,,,,,,,,,,,,,,,,,,,,,,,,,,,,,,,,,,,,,,,,,,,,,,,,,,,,,,,,,,,,,,,,,,,,,,,,,,,,,,,,,,,,,,,,,,,,,,,,,,,,,,,,,,,,,62927,"<span lang=""EN-GB"">Suppose
     you want to a view a text message when you are surrounded with people you
     are close to (e.g., friends, family members) at your home.<strong><o:p></o:p></strong></span>"
10/29/2018 4:33,10/29/2018 4:42,0,172.98.84.149,100,519,1,10/29/2018 4:42,R_2YP6muDsydpNpjI,,,,,33.7480011,-84.38580322,anonymous,EN,"1,2,3,4","1,2,4,5",,"1,2,3",,"1,2,4",,1,,"2,3",,2,"1,2,3",,"1,3",,"2,3","1,2,4",,"2,3",,"1,2",,"2,3",,"1,3",,"1,2",,,,,,,,,,,,,,,,,,,,,,,,,,,,,,,,,,,,,,,,,,,,,,,,,,,,,,,,,,,,,,,,,,,,,,,,,,,,,,,,,,,,,,,,,,,,,,,,,,,,,,,,,,,,,,,,,,,,,,,,,,,,,,,,,,,,,,,,,,,,,,,,,,,,,,,,,,,,,,,,,,,,,,,,,,,,,,,,,,,,,,,,72017,"<span lang=""EN-GB"">Suppose
     you want to listen to some audio when you are alone at your home.<strong><o:p></o:p></strong></span>"
10/29/2018 4:51,10/29/2018 4:58,0,184.56.179.206,100,404,1,10/29/2018 4:58,R_wSqBTLsO7VrYf73,,,,,41.47349548,-81.7397995,anonymous,EN,"1,2,3,4","2,5",,1,,1,,1,,1,,"1,2,3","1,2,3",,"1,2,3",,"1,2,3","1,2,3",,1,,"1,3",,1,,"1,3",,"1,2",,"2,4",,,,,,,,,,,,,,,,,,,,,,,,,,,,,,"2,4",,1,,1,,1,,1,,1,"1,2,3",,"1,2,3",,"1,2",,"1,2,3",,"1,2,3",,"1,2",,"1,2",,"1,2,3",,2,,,,,,,,,,,,,,,,,,,,,,,,,,,,,,,"2,4",,1,,1,,1,,1,,3,"1,2,3",,"2,3",,"1,2,3",,"1,2",,"2,3",,1,,"2,3",,"1,3",,2,,,,,,,,,,,,,,,,,,,,,,,,,,,,,,,,,,,,,,,,,,,,,,,,,,,,,,,,,,,,,,,,,,,50476,"<span lang=""EN-GB"">Suppose
     you want to set up a reminder when you are alone at your home.<strong><o:p></o:p></strong></span>"
10/29/2018 5:37,10/29/2018 5:41,0,71.77.253.184,100,258,1,10/29/2018 5:41,R_vuWlertyavRtBAd,,,,,34.73750305,-77.46279907,anonymous,EN,"1,2,6",2,,1,,"1,4",,1,,1,,2,2,,"2,3",,2,1,,"1,2",,6,,"1,2",,"1,3",,2,,"1,2","2,4",,1,,"1,2,3",,1,,1,,3,"1,2,3",,3,,3,,6,,6,,"1,2",,6,,"1,3",,2,,"2,4",,1,,1,,1,,1,,2,2,,3,,5,,6,,"1,2,3",,"1,2",,"3,6",,1,,2,,,,,,,,,,,,,,,,,,,,,,,,,,,,,,,,,,,,,,,,,,,,,,,,,,,,,,,,,,,,,,,,,,,,,,,,,,,,,,,,,,,,,,,,,,,,,,,,,,,,,,,,,,,,,,,,,,,,,,,,,,,,,14037,"<span lang=""EN-GB"">Suppose
     you want to read a digital document when you are at home with people you
     are close to (e.g., friends, family members).<strong><o:p></o:p></strong></span>"
10/29/2018 6:10,10/29/2018 6:11,0,71.213.41.168,100,17,1,10/29/2018 6:11,R_3iIprhb5VDWWoyg,,,,,40.24769592,-83.36219788,anonymous,EN,1,,,,,,,,,,,,,,,,,,,,,,,,,,,,,,,,,,,,,,,,,,,,,,,,,,,,,,,,,,,,,,,,,,,,,,,,,,,,,,,,,,,,,,,,,,,,,,,,,,,,,,,,,,,,,,,,,,,,,,,,,,,,,,,,,,,,,,,,,,,,,,,,,,,,,,,,,,,,,,,,,,,,,,,,,,,,,,,,,,,,,,,,,,,,,,,,,,,,,,,,,,,,,,,,,,,82196,"<span lang=""EN-GB"">Suppose you are at your gym and you want to track the amount of calories&nbsp;</span>you have burnt your workout.&nbsp;"
10/22/2018 6:18,10/22/2018 6:22,0,73.247.42.77,88,261,0,10/29/2018 6:23,R_2ttGdN1tTo17FJK,,,,,,,anonymous,EN,"1,2,3,4,5",2,,1,,"1,2,3",,3,,1,,4,5,,5,,4,1,,"1,2",,6,,"1,2",,5,,2,,"1,2,4",,,,,,,,,,,,,,,,,,,,,,,,,,,,,,,,,,,,,,,,,,,,,,,,,,,,,,,,,,,,,,,,,,,,,,,,,,,,,,,,,,,,,,,,,,,,,,,,,,,,,,,,,,,,,,,,,,,,,,,,,,,,,,,,,,,,,,,,,,,,,,,,,,,,,,,,,,,,,,,,,,,,,,,,,,,,,,,,,,,,,,86713,"<span lang=""EN-GB"">Suppose
     you want to read a digital document when you are alone at home.<strong><o:p></o:p></strong></span>"
10/22/2018 6:23,10/22/2018 6:24,0,205.142.197.121,78,39,0,10/29/2018 6:24,R_2rOebgvtgTR2pPg,,,,,,,anonymous,EN,"1,2,4",,,,,,,,,,,,,,,,,,,,,,,,,,,,,,,,,,,,,,,,,,,,,,,,,,,,,,,,,,,,,,,,,,,,,,,,,,,,,,,,,,,,,,,,,,,,,,,,,,,,,,,,,,,,,,,,,,,,,,,,,,,,,,,,,,,,,,,,,,,,,,,,,,,,,,,,,,,,,,,,,,,,,,,,,,,,,,,,,,,,,,,,,,,,,,,,,,,,,,,,,,,,,,,,,,,22822,"<span lang=""EN-GB"">Suppose
     you have planned to meet a friend next week and you want put this on your
     calendar when you are alone at home<strong><o:p></o:p></strong></span>"
10/29/2018 6:24,10/29/2018 6:25,0,69.120.18.231,100,62,1,10/29/2018 6:25,R_31hE965ZPKlztBh,,,,,41.06019592,-73.54450226,anonymous,EN,"1,2",,,,,,,,,,,,,,,,,,,,,,,,,,,,,,,,,,,,,,,,,,,,,,,,,,,,,,,,,,,,,,,,,,,,,,,,,,,,,,,,,,,,,,,,,,,,,,,,,,,,,,,,,,,,,,,,,,,,,,,,,,,,,,,,,,,,,,,,,,,,,,,,,,,,,,,,,,,,,,,,,,,,,,,,,,,,,,,,,,,,,,,,,,,,,,,,,,,,,,,,,,,,,,,,,,,20812,"<span lang=""EN-GB"">Suppose
     you want to watch some video when you are alone at Starbucks.<o:p></o:p></span>"
10/22/2018 6:24,10/22/2018 6:29,0,64.135.208.49,88,324,0,10/29/2018 6:30,R_2uslSDRnwkF3zn0,,,,,,,anonymous,EN,"1,2,3,4","2,3,4,5",,1,,"1,2",,3,,1,,3,"1,2,3",,"1,3",,3,"1,2,4",,"1,2",,"1,3",,"1,2",,"1,2,3",,"1,2",,"2,4",,,,,,,,,,,,,,,,,,,,,,,,,,,,,,,,,,,,,,,,,,,,,,,,,,,,,,,,,,,,,,,,,,,,,,,,,,,,,,,,,,,,,,,,,,,,,,,,,,,,,,,,,,,,,,,,,,,,,,,,,,,,,,,,,,,,,,,,,,,,,,,,,,,,,,,,,,,,,,,,,,,,,,,,,,,,,,,,,,,,,,20207,"<span lang=""EN-GB"">Suppose you are at sitting at Starbucks and you want to play a digital/online&nbsp;</span>game."
10/29/2018 6:41,10/29/2018 6:45,0,73.204.124.125,100,206,1,10/29/2018 6:45,R_u4e20pLZRY4qwhj,,,,,27.59989929,-80.4382019,anonymous,EN,"2,3,4",2,,1,,2,,3,,3,,1,3,,2,,1,2,,"1,2",,4,,2,,"1,2",,1,,,,,,,,,,,,,,,,,,,,,,,,,,,,,,,,,,,,,,,,,,,,,,,,,,,,,,,,,,,,,,,,,,,,,,,,,,,,,,,,,,,,,,,,,,,,,,,,,,,,,,,,,,,,,,,,,,,,,,,,,,,,,,,,,,,,,,,,,,,,,,,,,,,,,,,,,,,,,,,,,,,,,,,,,,,,,,,,,,,,,,,,7249,"<span lang=""EN-GB"">Suppose you are alone and relaxing at home, you have just read a new book that&nbsp;</span>you loved and now you want a write a review for your close family and friends."
10/22/2018 6:42,10/22/2018 6:50,0,216.107.42.174,88,453,0,10/29/2018 6:51,R_udX1QuiCaYKSZC9,,,,,,,anonymous,EN,"1,2,3,4,5,6",2,,3,,2,,1,,2,,2,1,,2,,2,3,,2,,2,,2,,1,,2,,"1,2,3,4,5,6",3,,2,,2,,1,,2,,2,2,,2,,2,,1,,1,,2,,3,,2,,1,,,,,,,,,,,,,,,,,,,,,,,,,,,,,,,,,,,,,,,,,,,,,,,,,,,,,,,,,,,,2,,1,,2,,1,,3,,1,3,,3,,1,,4,,3,,2,,3,,2,,1,,2,,2,,2,,1,,2,,2,2,,2,,1,,2,,"1,2",,2,,4,,2,,2,,,,,,,,,,,,,,,,,,,,,,,,,,,,,,,,,,,,,,67134,"<span lang=""EN-GB"">Suppose you are on a short vacation alone and you want to take a picture in front&nbsp;</span>of an iconic monument."
10/19/2018 7:28,10/22/2018 7:01,0,65.31.213.39,78,257605,0,10/29/2018 7:02,R_2VQILP1XdqTOX2g,,,,,,,anonymous,EN,"1,3,5",,,,,,,,,,,,,,,,,,,,,,,,,,,,,,,,,,,,,,,,,,,,,,,,,,,,,,,,,,,,,,,,,,,,,,,,,,,,,,,,,,,,,,,,,,,,,,,,,,,,,,,,,,,,,,,,,,,,,,,,,,,,,,,,,,,,,,,,,,,,,,,,,,,,,,,,,,,,,,,,,,,,,,,,,,,,,,,,,,,,,,,,,,,,,,,,,,,,,,,,,,,,,,,,,,,66934,"<span lang=""EN-GB"">Suppose you are on a short vacation and you want to take a picture in front&nbsp;</span>of an iconic monument when you are surrounded by many people."
10/22/2018 7:07,10/22/2018 7:07,0,184.105.35.33,1,11,0,10/29/2018 7:07,R_2aauxiWGbV79xQl,,,,,,,anonymous,EN,,,,,,,,,,,,,,,,,,,,,,,,,,,,,,,,,,,,,,,,,,,,,,,,,,,,,,,,,,,,,,,,,,,,,,,,,,,,,,,,,,,,,,,,,,,,,,,,,,,,,,,,,,,,,,,,,,,,,,,,,,,,,,,,,,,,,,,,,,,,,,,,,,,,,,,,,,,,,,,,,,,,,,,,,,,,,,,,,,,,,,,,,,,,,,,,,,,,,,,,,,,,,,,,,,,,39010,"<span lang=""EN-GB"">Suppose you have planned to meet a friend next week and you want to put this on your calendar when you are surrounded by people you know (e.g., acquaintances, colleagues) at a restaurant.<o:p></o:p></span>"
10/29/2018 7:09,10/29/2018 7:18,0,100.35.97.44,100,523,1,10/29/2018 7:18,R_z2SKXQPpbc75DEd,,,,,40.74450684,-74.15080261,anonymous,EN,"1,2,3,4,5,6","1,2,5",,5,,2,,1,,1,,4,5,,5,,4,3,,"1,2",,2,,"1,2",,1,,4,,"2,6",,,,,,,,,,,,,,,,,,,,,,,,,,,,,,"1,2,5",,1,,"2,3",,1,,1,,4,5,,2,,2,,3,,3,,2,,3,,5,,4,,,,,,,,,,,,,,,,,,,,,,,,,,,,,,,,,,,,,,,,,,,,,,,,,,,,,,,,,,,,,,,,,,,,,,,,,,,,,,,,,,,,,,,,,2,,5,,"1,2,3",,1,,1,,4,5,,5,,5,,3,,"2,3",,2,,"2,3",,1,,4,,female,34,journalist,4,1,,3,91985,"<span lang=""EN-GB"">Suppose you want to a send a text message when you are alone at a street.<o:p></o:p></span>"
10/29/2018 7:22,10/29/2018 7:22,0,104.129.196.70,100,11,1,10/29/2018 7:22,R_3oGbX20DMS9YKpd,,,,,41.84829712,-87.65170288,anonymous,EN,5,,,,,,,,,,,,,,,,,,,,,,,,,,,,,,,,,,,,,,,,,,,,,,,,,,,,,,,,,,,,,,,,,,,,,,,,,,,,,,,,,,,,,,,,,,,,,,,,,,,,,,,,,,,,,,,,,,,,,,,,,,,,,,,,,,,,,,,,,,,,,,,,,,,,,,,,,,,,,,,,,,,,,,,,,,,,,,,,,,,,,,,,,,,,,,,,,,,,,,,,,,,,,,,,,,,64545,"<span lang=""EN-GB"">Suppose
     you want to set up a reminder when you are at home with people you are
     close to (e.g., friends, family members).<strong><o:p></o:p></strong></span>"
10/29/2018 7:24,10/29/2018 7:25,0,73.47.58.182,100,9,1,10/29/2018 7:25,R_cAczrL0jzJge1BT,,,,,42.33470154,-71.03749847,anonymous,EN,1,,,,,,,,,,,,,,,,,,,,,,,,,,,,,,,,,,,,,,,,,,,,,,,,,,,,,,,,,,,,,,,,,,,,,,,,,,,,,,,,,,,,,,,,,,,,,,,,,,,,,,,,,,,,,,,,,,,,,,,,,,,,,,,,,,,,,,,,,,,,,,,,,,,,,,,,,,,,,,,,,,,,,,,,,,,,,,,,,,,,,,,,,,,,,,,,,,,,,,,,,,,,,,,,,,,12413,"<span lang=""EN-GB"">Suppose you want to browse the internet when you are with people you know (e.g., acquaintances, colleagues) at a park.<o:p></o:p></span>"
10/29/2018 7:24,10/29/2018 7:25,0,154.77.79.250,100,92,1,10/29/2018 7:25,R_325tNlNiYmCHY7E,,,,,1,38,anonymous,EN,"1,2,6","3,4,5",,5,,"1,2,3",,3,,"2,3",,4,"1,2,3",,"1,2",,2,"2,3",,"1,2",,"1,2,3,4",,"2,3",,2,,"1,2",,,,,,,,,,,,,,,,,,,,,,,,,,,,,,,,,,,,,,,,,,,,,,,,,,,,,,,,,,,,,,,,,,,,,,,,,,,,,,,,,,,,,,,,,,,,,,,,,,,,,,,,,,,,,,,,,,,,,,,,,,,,,,,,,,,,,,,,,,,,,,,,,,,,,,,,,,,,,,,,,,,,,,,,,,,,,,,,,,,,,,,,96908,"<span lang=""EN-GB"">Suppose
     you want to a send an email when you are surrounded by people you know
     (e.g., acquaintances, colleagues) at a restaurant.<o:p></o:p></span>"
10/29/2018 7:21,10/29/2018 7:26,0,64.39.84.19,100,292,1,10/29/2018 7:26,R_1Imiqz3VGxMOUBl,,,,,44.77720642,-69.69760132,anonymous,EN,"2,3,4","2,4",,1,,"1,2,3",,3,,1,,2,"1,2",,2,,2,"1,2",,"1,2",,3,,"1,2",,"1,3",,1,,3,,,,,,,,,,,,,,,,,,,,,,,,,,,,,,,,,,,,,,,,,,,,,,,,,,,,,,,,,,,4,,1,,1,,3,,2,,2,3,,2,,2,,6,,3,,1,,3,,3,,1,,,,,,,,,,,,,,,,,,,,,,,,,,,,,,,,,,,,,,,,,,,,,,,,,,,,,,,,,,,,,,,,,,,,,,,,,,,,,,,,,,,,,,,,,Female,49,Accountant,4,1,,6,41666,"<span lang=""EN-GB"" style=""font-size:11.0pt;line-height:115%;
font-family:&quot;Arial&quot;,sans-serif;mso-fareast-font-family:Arial;mso-ansi-language:
EN-GB;mso-fareast-language:EN-US;mso-bidi-language:AR-SA"">Suppose you want to a
send an email when you are alone at home</span>"
10/22/2018 7:23,10/22/2018 7:30,0,71.57.220.166,88,409,0,10/29/2018 7:30,R_12Gv5umTIizthiI,,,,,,,anonymous,EN,"1,2,4,5",2,,1,,1,,1,,1,,2,3,,1,,2,3,,3,,"3,4",,3,,"1,2",,2,,2,,,,,,,,,,,,,,,,,,,,,,,,,,,,,,,,,,,,,,,,,,,,,,,,,,,,,,,,,,,,,,,,,,,,,,,,,,,,,,,,,,,,,,,,,,,,,,,,,,,,,,,,,,,,,,,,,,,,,,,,,,,,,,,,,,,,,,,,,,,,,,,,,,,,,,,,,,,,,,,,,,,,,,,,,,,,,,,,,,,,,,70829,"<span lang=""EN-GB"">Suppose
     you want to a send a text message when you are surrounded by people you
     know (e.g., acquaintances, colleagues) at a restaurant.<o:p></o:p></span>"
10/29/2018 7:20,10/29/2018 7:30,0,198.179.137.227,100,630,1,10/29/2018 7:30,R_cG8YAMj0STyUTXX,,,,,44.97999573,-93.26380157,anonymous,EN,"1,2,3,4","1,4",,"1,2,3",,"1,2,3,4",,1,,1,,"2,3",1,,"1,2,3",,"1,2,3","1,2,3",,"1,2,3",,"2,3,4",,"1,2,3",,"1,2,3",,"1,2",,,,,,,,,,,,,,,,,,,,,,,,,,,,,,,,,,,,,,,,,,,,,,,,,,,,,,,,,,,,,,,,,,,,,,,,,,,,,,,,,,,,,,,,,,,,,,,,,,,,,,,,,,,,,,,,,,,,,,,,,,,,,,,,,,,,,,,,,,,,,,,,,,,,,,,,,,,,,,,,,,,,,,,,,,,,,,,,,,,,,,,,40564,"<span lang=""EN-GB"">Suppose
     you want to set up a reminder when you with people you know (e.g.,
     acquaintances, colleagues) at a park.<o:p></o:p></span>"
10/29/2018 7:28,10/29/2018 7:31,0,155.218.181.194,100,191,1,10/29/2018 7:31,R_3OpRzz7Ou5UouF3,,,,,42.72979736,-73.71230316,anonymous,EN,"1,2,3",4,,2,,3,,1,,2,,2,1,,2,,3,3,,3,,3,,2,,3,,2,,,,,,,,,,,,,,,,,,,,,,,,,,,,,,,,,,,,,,,,,,,,,,,,,,,,,,,,,,,,,,,,,,,,,,,,,,,,,,,,,,,,,,,,,,,,,,,,,,,,,,,,,,,,,,,,,,,,,,,,,,,,,,,,,,,,,,,,,,,,,,,,,,,,,,,,,,,,,,,,,,,,,,,,,,,,,,,,,,,,,,,,95642,"<span lang=""EN-GB"">Suppose
     you want to listen to some audio when you are with people you know (e.g.,
     acquaintances, colleagues) in a park.<o:p></o:p></span>


<p><span lang=""EN-GB"" style=""color:red"">&nbsp;</span></p>"
10/29/2018 7:35,10/29/2018 7:35,0,216.107.42.160,100,15,1,10/29/2018 7:35,R_10UarCUZicsyZ9i,,,,,37.75100708,-97.8219986,anonymous,EN,1,,,,,,,,,,,,,,,,,,,,,,,,,,,,,,,,,,,,,,,,,,,,,,,,,,,,,,,,,,,,,,,,,,,,,,,,,,,,,,,,,,,,,,,,,,,,,,,,,,,,,,,,,,,,,,,,,,,,,,,,,,,,,,,,,,,,,,,,,,,,,,,,,,,,,,,,,,,,,,,,,,,,,,,,,,,,,,,,,,,,,,,,,,,,,,,,,,,,,,,,,,,,,,,,,,,58131,"<span lang=""EN-GB"">Suppose you want to listen to some audio when you are alone in a park.<o:p></o:p></span>"
10/29/2018 7:26,10/29/2018 7:35,0,24.229.183.111,100,537,1,10/29/2018 7:35,R_20TJeehURc5cz9Q,,,,,40.69979858,-75.48739624,anonymous,EN,"1,2,3,4",4,,1,,2,,1,,1,,2,2,,2,,2,3,,1,,6,,1,,1,,1,,3,,,,,,,,,,,,,,,,,,,,,,,,,,,,,,,,,,,,,,,,,,,,,,,,,,,,,,,,,,,4,,1,,"1,2",,3,,2,,2,2,,5,,5,,2,,4,,1,,3,,5,,1,,,,,,,,,,,,,,,,,,,,,,,,,,,,,,,,,,,,,,,,,,,,,,,,,,,,,,,,,,,,,,,,,,,,,,,,,,,,,,,,,,,,,,,,,,,,,,,,38307,"<span lang=""EN-GB"">Suppose you want to control some devices/appliances (e.g., smart lights) when you are at home with people you are close to (e.g., friends, family members)<strong><o:p></o:p></strong></span>"
10/29/2018 7:34,10/29/2018 7:37,0,75.177.98.242,100,150,1,10/29/2018 7:37,R_RWAvTReZdWNIzUl,,,,,36.5007019,-80.61190033,anonymous,EN,"1,2,4",2,,5,,1,,3,,1,,4,5,,5,,1,6,,2,,3,,1,,5,,4,,,,,,,,,,,,,,,,,,,,,,,,,,,,,,,,,,,,,,,,,,,,,,,,,,,,,,,,,,,,,,,,,,,,,,,,,,,,,,,,,,,,,,,,,,,,,,,,,,,,,,,,,,,,,,,,,,,,,,,,,,,,,,,,,,,,,,,,,,,,,,,,,,,,,,,,,,,,,,,,,,,,,,,,,,,,,,,,,,,,,,,,12608,"<span lang=""EN-GB"">Suppose you want to call your mother for sharing an important
     update about your life when you are surrounded by people you know (e.g.,
     acquaintances, colleagues) at your home.<o:p></o:p></span>"
10/29/2018 7:38,10/29/2018 7:39,0,70.140.24.236,100,18,1,10/29/2018 7:39,R_1gNthSaCoW5Aaop,,,,,29.894104,-95.64810181,anonymous,EN,"1,2",,,,,,,,,,,,,,,,,,,,,,,,,,,,,,,,,,,,,,,,,,,,,,,,,,,,,,,,,,,,,,,,,,,,,,,,,,,,,,,,,,,,,,,,,,,,,,,,,,,,,,,,,,,,,,,,,,,,,,,,,,,,,,,,,,,,,,,,,,,,,,,,,,,,,,,,,,,,,,,,,,,,,,,,,,,,,,,,,,,,,,,,,,,,,,,,,,,,,,,,,,,,,,,,,,,8297,"<span lang=""EN-GB"">Suppose
     you want to take a click a photo when you are with people you are close to
     (e.g., friends, family members) at home<o:p></o:p></span>"
10/29/2018 7:38,10/29/2018 7:40,0,67.11.50.189,100,146,1,10/29/2018 7:40,R_2WwmBlqQkmMbXk2,,,,,29.89309692,-98.68569946,anonymous,EN,"1,2,3",4,,5,,1,,3,,1,,1,5,,5,,4,6,,5,,3,,5,,1,,4,,,,,,,,,,,,,,,,,,,,,,,,,,,,,,,,,,,,,,,,,,,,,,,,,,,,,,,,,,,,,,,,,,,,,,,,,,,,,,,,,,,,,,,,,,,,,,,,,,,,,,,,,,,,,,,,,,,,,,,,,,,,,,,,,,,,,,,,,,,,,,,,,,,,,,,,,,,,,,,,,,,,,,,,,,,,,,,,,,,,,,,,44113,"<span lang=""EN-GB"">Suppose you want to browse internet when you are with your close friends at a restaurant.<o:p></o:p></span>"
10/29/2018 7:38,10/29/2018 7:41,0,73.187.58.220,100,187,1,10/29/2018 7:41,R_2A1pC9WGFiSYUJT,,,,,39.81950378,-77.90730286,anonymous,EN,"1,2,3,4,5",5,,1,,1,,1,,1,,3,2,,2,,1,2,,1,,"2,3",,2,,"1,2",,2,,,,,,,,,,,,,,,,,,,,,,,,,,,,,,,,,,,,,,,,,,,,,,,,,,,,,,,,,,,,,,,,,,,,,,,,,,,,,,,,,,,,,,,,,,,,,,,,,,,,,,,,,,,,,,,,,,,,,,,,,,,,,,,,,,,,,,,,,,,,,,,,,,,,,,,,,,,,,,,,,,,,,,,,,,,,,,,,,,,,,,,,94192,"<span lang=""EN-GB"">Suppose you want to find a route to home while walking on a street.<o:p></o:p></span>"
10/29/2018 7:40,10/29/2018 7:41,0,107.173.171.201,100,44,1,10/29/2018 7:41,R_2fk3ZelxEap3n4u,,,,,42.88639832,-78.87809753,anonymous,EN,1,,,,,,,,,,,,,,,,,,,,,,,,,,,,,,,,,,,,,,,,,,,,,,,,,,,,,,,,,,,,,,,,,,,,,,,,,,,,,,,,,,,,,,,,,,,,,,,,,,,,,,,,,,,,,,,,,,,,,,,,,,,,,,,,,,,,,,,,,,,,,,,,,,,,,,,,,,,,,,,,,,,,,,,,,,,,,,,,,,,,,,,,,,,,,,,,,,,,,,,,,,,,,,,,,,,13344,"<span lang=""EN-GB"">Suppose you want to a send a text message when you are surrounded with people you are close to (e.g., friends, family members) at your home.<strong><o:p></o:p></strong></span>"
10/29/2018 7:43,10/29/2018 7:44,0,73.91.95.169,100,27,1,10/29/2018 7:44,R_20Y8wyb4Uj37zwK,,,,,27.4125061,-82.65899658,anonymous,EN,1,,,,,,,,,,,,,,,,,,,,,,,,,,,,,,,,,,,,,,,,,,,,,,,,,,,,,,,,,,,,,,,,,,,,,,,,,,,,,,,,,,,,,,,,,,,,,,,,,,,,,,,,,,,,,,,,,,,,,,,,,,,,,,,,,,,,,,,,,,,,,,,,,,,,,,,,,,,,,,,,,,,,,,,,,,,,,,,,,,,,,,,,,,,,,,,,,,,,,,,,,,,,,,,,,,,54407,"<span lang=""EN-GB"">Suppose you want to find a route to home while walking on a street with people you know (e.g., acquaintances, colleagues).<o:p></o:p></span>"
10/29/2018 7:44,10/29/2018 7:45,0,216.107.34.254,100,23,1,10/29/2018 7:45,R_1hXPghypKsNPDcO,,,,,37.75100708,-97.8219986,anonymous,EN,1,,,,,,,,,,,,,,,,,,,,,,,,,,,,,,,,,,,,,,,,,,,,,,,,,,,,,,,,,,,,,,,,,,,,,,,,,,,,,,,,,,,,,,,,,,,,,,,,,,,,,,,,,,,,,,,,,,,,,,,,,,,,,,,,,,,,,,,,,,,,,,,,,,,,,,,,,,,,,,,,,,,,,,,,,,,,,,,,,,,,,,,,,,,,,,,,,,,,,,,,,,,,,,,,,,,25152,"<span lang=""EN-GB"">Suppose you are at sitting in a park and you want to play a digital/online game&nbsp;</span>with some close friends."
10/29/2018 7:45,10/29/2018 7:45,0,216.107.34.254,100,10,1,10/29/2018 7:45,R_3NvM39mxB8CzsZ5,,,,,37.75100708,-97.8219986,anonymous,EN,"2,6",,,,,,,,,,,,,,,,,,,,,,,,,,,,,,,,,,,,,,,,,,,,,,,,,,,,,,,,,,,,,,,,,,,,,,,,,,,,,,,,,,,,,,,,,,,,,,,,,,,,,,,,,,,,,,,,,,,,,,,,,,,,,,,,,,,,,,,,,,,,,,,,,,,,,,,,,,,,,,,,,,,,,,,,,,,,,,,,,,,,,,,,,,,,,,,,,,,,,,,,,,,,,,,,,,,46164,"<span lang=""EN-GB"">Suppose
     you want to set up a reminder when you are at a park by yourself.<o:p></o:p></span>"
10/29/2018 7:45,10/29/2018 7:45,0,157.51.161.212,100,49,1,10/29/2018 7:45,R_3MbPvLhJBX3yVMe,,,,,13.08329773,80.28329468,anonymous,EN,6,,,,,,,,,,,,,,,,,,,,,,,,,,,,,,,,,,,,,,,,,,,,,,,,,,,,,,,,,,,,,,,,,,,,,,,,,,,,,,,,,,,,,,,,,,,,,,,,,,,,,,,,,,,,,,,,,,,,,,,,,,,,,,,,,,,,,,,,,,,,,,,,,,,,,,,,,,,,,,,,,,,,,,,,,,,,,,,,,,,,,,,,,,,,,,,,,,,,,,,,,,,,,,,,,,,32323,"<span lang=""EN-GB"">Suppose
     you want to purchase something (e.g., book, household items) online when
     you are with your close friends at a park.<o:p></o:p></span>"
10/29/2018 7:44,10/29/2018 7:46,0,108.52.4.230,100,108,1,10/29/2018 7:46,R_82nvNi15aZCwBgJ,,,,,40.11090088,-74.93779755,anonymous,EN,"1,2,4",1,,1,,2,,1,,2,,2,1,,1,,2,4,,2,,2,,3,,1,,2,,,,,,,,,,,,,,,,,,,,,,,,,,,,,,,,,,,,,,,,,,,,,,,,,,,,,,,,,,,,,,,,,,,,,,,,,,,,,,,,,,,,,,,,,,,,,,,,,,,,,,,,,,,,,,,,,,,,,,,,,,,,,,,,,,,,,,,,,,,,,,,,,,,,,,,,,,,,,,,,,,,,,,,,,,,,,,,,,,,,,,,,45470,"<span lang=""EN-GB"">Suppose you are on a short vacation alone and you want to take a picture in front&nbsp;</span>of an iconic monument."
10/29/2018 7:47,10/29/2018 7:50,0,184.184.191.189,100,191,1,10/29/2018 7:50,R_Om72rlmNhwAqgsF,,,,,30.39039612,-91.00209808,anonymous,EN,1,,,,,,,,,,,,,,,,,,,,,,,,,,,,,,,,,,,,,,,,,,,,,,,,,,,,,,,,,,,,,,,,,,,,,,,,,,,,,,,,,,,,,,,,,,,,,,,,,,,,,,,,,,,,,,,,,,,,,,,,,,,,,,,,,,,,,,,,,,,,,,,,,,,,,,,,,,,,,,,,,,,,,,,,,,,,,,,,,,,,,,,,,,,,,,,,,,,,,,,,,,,,,,,,,,,48379,"<span lang=""EN-GB"">Suppose you are alone at home, you want to take a break from studying/working&nbsp;</span>so you decide to play an online/digital game with some close friends ."
10/29/2018 7:47,10/29/2018 7:50,0,104.63.94.49,100,189,1,10/29/2018 7:50,R_2urr4lOAmMMCx5w,,,,,42.68710327,-83.91400146,anonymous,EN,"1,2,3,4","1,2,4,5",,"1,2",,"1,2,3,4",,3,,1,,2,3,,1,,2,"1,2,3,4",,1,,"1,2,3",,"1,2",,5,,"1,2",,,,,,,,,,,,,,,,,,,,,,,,,,,,,,,,,,,,,,,,,,,,,,,,,,,,,,,,,,,,,,,,,,,,,,,,,,,,,,,,,,,,,,,,,,,,,,,,,,,,,,,,,,,,,,,,,,,,,,,,,,,,,,,,,,,,,,,,,,,,,,,,,,,,,,,,,,,,,,,,,,,,,,,,,,,,,,,,,,,,,,,,64991,"<span lang=""EN-GB"">Suppose you want to find a route to home while walking on a street with your close friends.<o:p></o:p></span>"
10/29/2018 7:31,10/29/2018 7:53,0,100.35.97.44,100,1315,1,10/29/2018 7:53,R_3e1UlFGZO7qLliO,,,,,40.74450684,-74.15080261,anonymous,EN,"1,2,3,4,5,6",2,,1,,"2,3",,1,,1,,1,5,,5,,1,3,,2,,7,,2,,5,,4,,6,,,,,,,,,,,,,,,,,,,,,,,,,,,,,,,,,,,,,,,,,,,,,,,,,,,,,,,,,,,,,,,,,,,,,,,,,,,,,,,,,,,,,,,,,,,,,,,,,,,,,,,,,,,,,,,,,,,,,,,,,,,,,,,,,,,,,,,,,,,,,,,,,,2,,5,,3,,1,,1,,4,5,,5,,5,,3,,3,,1,,3,,1,,4,,female,20,sudent,3,3,,3,32156,"<span lang=""EN-GB"">Suppose
     you want to a send a text message when you with people you know (e.g., acquaintances,
     colleagues) at a street<strong>.</strong><o:p></o:p></span>"
10/22/2018 7:53,10/22/2018 7:53,0,75.184.112.42,1,3,0,10/29/2018 7:54,R_2fPL28l7jsCpdfP,,,,,,,anonymous,EN,,,,,,,,,,,,,,,,,,,,,,,,,,,,,,,,,,,,,,,,,,,,,,,,,,,,,,,,,,,,,,,,,,,,,,,,,,,,,,,,,,,,,,,,,,,,,,,,,,,,,,,,,,,,,,,,,,,,,,,,,,,,,,,,,,,,,,,,,,,,,,,,,,,,,,,,,,,,,,,,,,,,,,,,,,,,,,,,,,,,,,,,,,,,,,,,,,,,,,,,,,,,,,,,,,,,27631,"<span lang=""EN-GB"">Suppose
     you want to a view a text message when you are surrounded by people you
     know (e.g., acquaintances, colleagues) at a restaurant.<o:p></o:p></span>"
10/29/2018 7:53,10/29/2018 7:56,0,107.77.195.31,100,191,1,10/29/2018 7:56,R_1gqDzdocdNSYYQj,,,,,42.33529663,-83.28639984,anonymous,EN,"2,4,6",2,,3,,2,,1,,1,,2,2,,2,,2,2,,2,,3,,1,,2,,2,,,,,,,,,,,,,,,,,,,,,,,,,,,,,,,,,,,,,,,,,,,,,,,,,,,,,,,,,,,,,,,,,,,,,,,,,,,,,,,,,,,,,,,,,,,,,,,,,,,,,,,,,,,,,,,,,,,,,,,,,,,,,,,,,,,,,,,,,,,,,,,,,,,,,,,,,,,,,,,,,,,,,,,,,,,,,,,,,,,,,,,,92953,"<span lang=""EN-GB"">Suppose
     you are at a park with your close friends and you realize today is the
     last day to pay one of your bills online.<o:p></o:p></span>"
10/29/2018 7:53,10/29/2018 8:02,0,100.35.97.44,100,517,1,10/29/2018 8:02,R_1odJXhivoTLvrat,,,,,40.74450684,-74.15080261,anonymous,EN,"1,2,3,4,5,6",2,,5,,"2,3",,3,,1,,3,5,,2,,4,3,,2,,3,,2,,5,,4,,,,,,,,,,,,,,,,,,,,,,,,,,,,,,,,,,,,,,,,,,,,,,,,,,,,,,,,,,,,,,,,,,,,,,,,,,,,,,,,,,,,,,,,,,,,,,,,,,,,,,,,,,,,,,,,,,,,,,,,,,,,,,,,,,,,,,,,,,,,,,,,,,,,,,,,,,,,,,,,,,,,,,,,,,,,,,,,,,,,,,,,64085,"<span lang=""EN-GB"">Suppose you want to browse the internet when you are with people you know (e.g., acquaintances, colleagues) at a restaurant.<o:p></o:p></span>"
10/29/2018 7:59,10/29/2018 8:03,0,216.107.34.254,100,209,1,10/29/2018 8:03,R_2wgZlcgrqUWjXIi,,,,,37.75100708,-97.8219986,anonymous,EN,"1,2,3,4,5,6",1,,1,,1,,1,,3,,"2,3",2,,1,,2,1,,1,,"2,3",,"1,2",,1,,1,,,,,,,,,,,,,,,,,,,,,,,,,,,,,,,,,,,,,,,,,,,,,,,,,,,,,,,,,,,,,,,,,,,,,,,,,,,,,,,,,,,,,,,,,,,,,,,,,,,,,,,,,,,,,,,,,,,,,,,,,,,,,,,,,,,,,,,,,,,,,,,,,,,,,,,,,,,,,,,,,,,,,,,,,,,,,,,,,,,,,,,,46377,"<span lang=""EN-GB"">Suppose you want to read a digital document when you are at a park.<o:p></o:p></span>"
10/29/2018 8:02,10/29/2018 8:07,0,100.35.97.44,100,264,1,10/29/2018 8:07,R_UbYIIqI8pvrt4xH,,,,,40.74450684,-74.15080261,anonymous,EN,"1,2,3,4,5,6","2,4",,3,,"2,3",,3,,1,,3,3,,2,,3,"2,3",,2,,3,,2,,5,,"1,2",,3,,,,,,,,,,,,,,,,,,,,,,,,,,,,,,,,,,,,,,,,,,,,,,,,,,,,,,,,,,,4,,1,,"2,3",,3,,1,,4,3,,5,,5,,3,,3,,2,,3,,"1,3",,1,,,,,,,,,,,,,,,,,,,,,,,,,,,,,,,,,,,,,,,,,,,,,,,,,,,,,,,,,,,,,,,,,,,,,,,,,,,,,,,,,,,,,,,,,male,34,engineer,5,6,,5,6281,"<span lang=""EN-GB"">Suppose
     you are at home with some people you know (e.g., acquaintances,
     colleagues) when you realize today is the last day to pay one of your
     bills online.<o:p></o:p></span>"
10/29/2018 7:36,10/29/2018 8:07,0,66.192.25.226,100,1810,1,10/29/2018 8:07,R_5ojPQrsK6mSBxwB,,,,,35.20539856,-89.8035965,anonymous,EN,"1,2,3,4,5,6",2,,"2,3",,"2,3",,3,,"3,4",,2,2,,"1,2",,2,"3,4",,"1,2",,2,,5,,"1,2",,"1,2",,,,,,,,,,,,,,,,,,,,,,,,,,,,,,,,,,,,,,,,,,,,,,,,,,,,,,,,,,,,,,,,,,,,,,,,,,,,,,,,,,,,,,,,,,,,,,,,,,,,,,,,,,,,,,,,,,,,,,,,,,,,,,,,,,,,,,,,,,,,,,,,,,,,,,,,,,,,,,,,,,,,,,,,,,,,,,,,,,,,,,,,88372,"<span lang=""EN-GB"">Suppose you want to take a click a photo when you are with your close friends&nbsp;</span>and family members at Starbucks"
10/29/2018 8:07,10/29/2018 8:07,0,66.192.25.226,100,45,1,10/29/2018 8:07,R_3OAoj1ERf60e74Z,,,,,35.20539856,-89.8035965,anonymous,EN,"1,2,3,4,5,6","3,4",,3,,"1,2",,1,,"3,4",,"1,2","1,2",,2,,2,2,,1,,"2,3",,2,,2,,"1,2",,,,,,,,,,,,,,,,,,,,,,,,,,,,,,,,,,,,,,,,,,,,,,,,,,,,,,,,,,,,,,,,,,,,,,,,,,,,,,,,,,,,,,,,,,,,,,,,,,,,,,,,,,,,,,,,,,,,,,,,,,,,,,,,,,,,,,,,,,,,,,,,,,,,,,,,,,,,,,,,,,,,,,,,,,,,,,,,,,,,,,,,85207,"<span lang=""EN-GB"">Suppose
     you have planned to meet a friend next week and you want put this on your
     calendar when you are alone at home<strong><o:p></o:p></strong></span>"
10/29/2018 8:05,10/29/2018 8:13,0,66.38.28.100,100,444,1,10/29/2018 8:13,R_1I3G6Edve3cI9Gk,,,,,36.69140625,-86.85849762,anonymous,EN,"1,2,3,4",4,,5,,3,,3,,"2,3",,"2,3",2,,2,,"2,3",2,,1,,3,,1,,1,,1,,2,,,,,,,,,,,,,,,,,,,,,,,,,,,,,,5,,3,,"1,2",,1,,3,,3,3,,2,,2,,6,,7,,2,,3,,5,,4,,,,,,,,,,,,,,,,,,,,,,,,,,,,,,,,,,,,,,,,,,,,,,,,,,,,,,,,,,,,,,,,,,,,,,,,,,,,,,,,,,,,,,,,,,,,,,,,,,,,,,,,,,,,,,,,,,,,,,,,,,,,,14153,"<span lang=""EN-GB"">Suppose
     you want to find a route to home when you are at Starbucks with people you
     know (e.g., acquaintances, colleagues).<o:p></o:p></span>"
10/29/2018 8:13,10/29/2018 8:13,0,107.77.173.7,100,14,1,10/29/2018 8:13,R_1QrLFcjNWYAC3o9,,,,,37.75100708,-97.8219986,anonymous,EN,"1,2",,,,,,,,,,,,,,,,,,,,,,,,,,,,,,,,,,,,,,,,,,,,,,,,,,,,,,,,,,,,,,,,,,,,,,,,,,,,,,,,,,,,,,,,,,,,,,,,,,,,,,,,,,,,,,,,,,,,,,,,,,,,,,,,,,,,,,,,,,,,,,,,,,,,,,,,,,,,,,,,,,,,,,,,,,,,,,,,,,,,,,,,,,,,,,,,,,,,,,,,,,,,,,,,,,,93430,"<span lang=""EN-GB"" style=""font-size:11.0pt;line-height:115%;
font-family:&quot;Arial&quot;,sans-serif;mso-fareast-font-family:Arial;mso-ansi-language:
EN-GB;mso-fareast-language:EN-US;mso-bidi-language:AR-SA"">Suppose you want to a
send a text message when you are alone at Starbucks.</span>"
10/29/2018 8:07,10/29/2018 8:13,0,100.35.97.44,100,381,1,10/29/2018 8:13,R_PLnSHfSjVNJslqN,,,,,40.74450684,-74.15080261,anonymous,EN,"1,2,3,4,5,6",2,,5,,6,,1,,1,,1,5,,5,,1,"1,2,3",,2,,"2,3",,2,,1,,"1,2",,2,,,,,,,,,,,,,,,,,,,,,,,,,,,,,,"2,5",,5,,3,,1,,1,,1,5,,5,,5,,3,,"2,3",,2,,"2,3",,1,,"1,2",,,,,,,,,,,,,,,,,,,,,,,,,,,,,,,,,,,,,,,,,,,,,,,,,,,,,,,,,,,,,,,,,,,,,,,,,,,,,,,,,,,,,,,,,,,,,,,,,,,,,,,,,,,,,,,,,,,,,,female,45,home maker,3,2,,4,33558,"<span lang=""EN-GB"">Suppose you are at sitting at Starbucks and you want to play a digital/online&nbsp;</span>game."
10/29/2018 8:13,10/29/2018 8:16,0,107.77.173.7,100,186,1,10/29/2018 8:16,R_1C8bnPX6LywqS8K,,,,,37.75100708,-97.8219986,anonymous,EN,"1,2,3,4,5,6",1,,1,,2,,1,,1,,1,1,,1,,1,1,,1,,2,,1,,1,,1,,"1,2,4",1,,1,,1,,1,,1,,1,1,,1,,1,,1,,1,,1,,1,,1,,1,,2,,1,,1,,1,,1,,4,2,,1,,1,,2,,7,,1,,2,,5,,1,,,,,,,,,,,,,,,,,,,,,,,,,,,,,,,1,,1,,1,,1,,1,,1,1,,1,,1,,1,,1,,1,,1,,1,,1,,,,,,,,,,,,,,,,,,,,,,,,,,,,,,,,,,,,,,,,,,,,,,,,,,,,,,,,,,,,,,,,,,,74926,"<span lang=""EN-GB"">Suppose
     you want to purchase something online when you are alone at Starbucks.<o:p></o:p></span>"
10/29/2018 8:17,10/29/2018 8:17,0,164.58.69.2,100,8,1,10/29/2018 8:17,R_2ahpent9CFgYaSE,,,,,35.33399963,-97.47679901,anonymous,EN,"2,3",,,,,,,,,,,,,,,,,,,,,,,,,,,,,,,,,,,,,,,,,,,,,,,,,,,,,,,,,,,,,,,,,,,,,,,,,,,,,,,,,,,,,,,,,,,,,,,,,,,,,,,,,,,,,,,,,,,,,,,,,,,,,,,,,,,,,,,,,,,,,,,,,,,,,,,,,,,,,,,,,,,,,,,,,,,,,,,,,,,,,,,,,,,,,,,,,,,,,,,,,,,,,,,,,,,37345,"Suppose you are alone at home, you want to take a break from studying/working&nbsp;<p>so you decide to play a video game with some with some people you know (e.g., acquaintances, colleagues).<o:p></o:p></p>"
10/29/2018 8:19,10/29/2018 8:20,0,67.254.136.52,100,47,1,10/29/2018 8:20,R_21n5WCtpd2JHWUt,,,,,40.7651062,-73.9858017,anonymous,EN,"1,2,3,5",4,,2,,6,,1,,4,,2,5,,3,,3,3,,2,,4,,2,,5,,2,,,,,,,,,,,,,,,,,,,,,,,,,,,,,,,,,,,,,,,,,,,,,,,,,,,,,,,,,,,,,,,,,,,,,,,,,,,,,,,,,,,,,,,,,,,,,,,,,,,,,,,,,,,,,,,,,,,,,,,,,,,,,,,,,,,,,,,,,,,,,,,,,,,,,,,,,,,,,,,,,,,,,,,,,,,,,,,,,,,,,,,,44465,"<span lang=""EN-GB"">Suppose
     you want to purchase something online when you are alone at your home.<o:p></o:p></span>"
10/29/2018 8:19,10/29/2018 8:21,0,199.116.174.105,100,90,1,10/29/2018 8:21,R_3hovGqGHf83FNxn,,,,,39.01800537,-77.53900146,anonymous,EN,"1,2,3,4,5,6",2,,5,,6,,1,,6,,4,5,,5,,1,6,,5,,3,,1,,1,,1,,,,,,,,,,,,,,,,,,,,,,,,,,,,,,,,,,,,,,,,,,,,,,,,,,,,,,,,,,,,,,,,,,,,,,,,,,,,,,,,,,,,,,,,,,,,,,,,,,,,,,,,,,,,,,,,,,,,,,,,,,,,,,,,,,,,,,,,,,,,,,,,,,,,,,,,,,,,,,,,,,,,,,,,,,,,,,,,,,,,,,,,90748,"<span lang=""EN-GB"" style=""font-size:11.0pt;line-height:115%;
font-family:&quot;Arial&quot;,sans-serif;mso-fareast-font-family:Arial;mso-ansi-language:
EN-GB;mso-fareast-language:EN-US;mso-bidi-language:AR-SA"">Suppose you want to
read a digital document when you are at Starbucks surrounded with your close
friends.</span>"
10/29/2018 8:22,10/29/2018 8:22,0,173.80.64.253,100,25,1,10/29/2018 8:22,R_3NPnJodPrYYfIaZ,,,,,35.99040222,-77.84680176,anonymous,EN,"2,3",,,,,,,,,,,,,,,,,,,,,,,,,,,,,,,,,,,,,,,,,,,,,,,,,,,,,,,,,,,,,,,,,,,,,,,,,,,,,,,,,,,,,,,,,,,,,,,,,,,,,,,,,,,,,,,,,,,,,,,,,,,,,,,,,,,,,,,,,,,,,,,,,,,,,,,,,,,,,,,,,,,,,,,,,,,,,,,,,,,,,,,,,,,,,,,,,,,,,,,,,,,,,,,,,,,91261,"<span lang=""EN-GB"">Suppose you want to a view a text message when you are alone at a street.<o:p></o:p></span>"
10/29/2018 8:14,10/29/2018 8:26,0,100.35.97.44,100,722,1,10/29/2018 8:26,R_2ctulNtWd7frXWl,,,,,40.74450684,-74.15080261,anonymous,EN,"1,2,3,4,5,6",2,,1,,"1,2,3",,3,,1,,3,5,,"2,3",,3,"1,3",,"1,2",,"2,3",,"1,2",,5,,"1,2",,3,,,,,,,,,,,,,,,,,,,,,,,,,,,,,,,,,,,,,,,,,,,,,,,,,,,,,,,,,,,4,,5,,3,,3,,1,,3,5,,2,,2,,3,,"2,3",,"1,2",,"2,3",,1,,"1,2",,,,,,,,,,,,,,,,,,,,,,,,,,,,,,,,,,,,,,,,,,,,,,,,,,,,,,,,,,,,,,,,,,,,,,,,,,,,,,,,,,,,,,,,,female,40,home maker,3,3,,3,60306,"<span lang=""EN-GB"">Suppose
     you want to watch some video when
     you are at home with people you are close to (e.g., friends, family
     members)<strong><o:p></o:p></strong></span>"
10/29/2018 8:29,10/29/2018 8:33,0,173.90.80.200,100,191,1,10/29/2018 8:33,R_3NWLdVOq4IElvoa,,,,,41.40570068,-80.37390137,anonymous,EN,"1,2,4","2,3,5",,"1,3",,"1,2,3",,1,,1,,3,"1,2",,"1,2",,3,3,,2,,"1,3",,"1,2",,5,,2,,,,,,,,,,,,,,,,,,,,,,,,,,,,,,,,,,,,,,,,,,,,,,,,,,,,,,,,,,,,,,,,,,,,,,,,,,,,,,,,,,,,,,,,,,,,,,,,,,,,,,,,,,,,,,,,,,,,,,,,,,,,,,,,,,,,,,,,,,,,,,,,,,,,,,,,,,,,,,,,,,,,,,,,,,,,,,,,,,,,,,,,60091,"<span lang=""EN-GB"" style=""font-size:11.0pt;line-height:115%;
font-family:&quot;Arial&quot;,sans-serif;mso-fareast-font-family:Arial;mso-ansi-language:
EN-GB;mso-fareast-language:EN-US;mso-bidi-language:AR-SA"">Suppose you have
planned to meet a friend next week and you want put this on your calendar<span style=""color:#434343""> when you with </span>people you know (e.g.,
acquaintances, colleagues)<span style=""color:#434343""> at a park</span></span>"
10/29/2018 8:26,10/29/2018 8:33,0,100.35.97.44,100,455,1,10/29/2018 8:33,R_ywrIkogiA8hNeHT,,,,,40.74450684,-74.15080261,anonymous,EN,"1,2,3,4,5,6",2,,5,,"2,3",,1,,1,,1,5,,2,,1,6,,2,,"2,3",,2,,5,,1,,2,,,,,,,,,,,,,,,,,,,,,,,,,,,,,,"1,2",,1,,"1,2,3",,1,,1,,1,5,,"2,3",,"2,3",,3,,"2,3",,2,,"2,3",,1,,"1,2",,,,,,,,,,,,,,,,,,,,,,,,,,,,,,,,,,,,,,,,,,,,,,,,,,,,,,,,,,,,,,,,,,,,,,,,,,,,,,,,,,,,,,,,,,,,,,,,,,,,,,,,,,,,,,,,,,,,,,male,45,teacher,4,1,,3,40550,"Suppose you want to call your mother for sharing an important update about your life when you are surrounded with people you are close to (e.g., friends, family members)at your home."
10/29/2018 8:33,10/29/2018 8:36,0,66.152.99.210,100,215,1,10/29/2018 8:37,R_2zBbjM4QgkiWQsS,,,,,42.71299744,-73.77390289,anonymous,EN,"1,2,3,4",2,,3,,"1,2,3",,1,,1,,2,"1,2,3",,5,,2,3,,2,,"2,3",,2,,"1,2,3",,2,,2,,,,,,,,,,,,,,,,,,,,,,,,,,,,,,2,,3,,2,,1,,1,,2,"1,2,3",,5,,5,,3,,"2,3",,2,,"2,3",,"1,2,3",,2,,,,,,,,,,,,,,,,,,,,,,,,,,,,,,,,,,,,,,,,,,,,,,,,,,,,,,,,,,,,,,,,,,,,,,,,,,,,,,,,,,,,,,,,,,,,,,,,,,,,,,,,,,,,,,,,,,,,,,female,26,Administrative Assistant,5,1,,2,38044,"<span lang=""EN-GB"">Suppose
     you want to find a route to home when you are alone at Starbucks.<o:p></o:p></span>"
10/29/2018 8:36,10/29/2018 8:37,0,196.17.64.26,100,35,1,10/29/2018 8:37,R_2wpn0TUnCKidzSD,,,,,34.05439758,-118.2440033,anonymous,EN,3,,,,,,,,,,,,,,,,,,,,,,,,,,,,,,,,,,,,,,,,,,,,,,,,,,,,,,,,,,,,,,,,,,,,,,,,,,,,,,,,,,,,,,,,,,,,,,,,,,,,,,,,,,,,,,,,,,,,,,,,,,,,,,,,,,,,,,,,,,,,,,,,,,,,,,,,,,,,,,,,,,,,,,,,,,,,,,,,,,,,,,,,,,,,,,,,,,,,,,,,,,,,,,,,,,,47822,"<span lang=""EN-GB"">Suppose you are on a short vacation and you want to take a picture in front&nbsp;</span>of an iconic monument when you are surrounded by many people."
10/29/2018 8:34,10/29/2018 8:38,0,198.203.255.47,100,228,1,10/29/2018 8:38,R_PwFZXlaTmsTr5lv,,,,,41.84829712,-87.65170288,anonymous,EN,"1,2,4,5",2,,1,,"1,2,3",,3,,3,,"2,3","1,2",,2,,"2,3",2,,1,,6,,1,,2,,2,,2,,,,,,,,,,,,,,,,,,,,,,,,,,,,,,2,,1,,2,,3,,3,,"2,3","1,2",,"2,3",,2,,"2,3",,6,,"1,2",,7,,3,,2,,,,,,,,,,,,,,,,,,,,,,,,,,,,,,,,,,,,,,,,,,,,,,,,,,,,,,,,,,,,,,,,,,,,,,,,,,,,,,,,,,,,,,,,,,,,,,,,,,,,,,,,,,,,,,,,,,,,,,,,,,,,,58144,"<span lang=""EN-GB"">Suppose you want to set up a reminder when you are at a park with close friends.<o:p></o:p></span>"
10/29/2018 8:33,10/29/2018 8:39,0,100.35.97.44,100,333,1,10/29/2018 8:39,R_2q3fBfrszDZFx0K,,,,,40.74450684,-74.15080261,anonymous,EN,"1,2,3,4,5,6","2,5",,5,,"2,3",,1,,1,,1,5,,5,,1,3,,"1,2",,"2,3",,"1,2",,"1,2",,"1,2",,4,,,,,,,,,,,,,,,,,,,,,,,,,,,,,,,,,,,,,,,,,,,,,,,,,,,,,,,,,,,,,,,,,,,,,,,,,,,,,,,,,,,,,,,,"2,5",,1,,3,,3,,1,,"1,2",5,,2,,2,,"1,3",,"2,3",,2,,"2,3",,5,,1,,,,,,,,,,,,,,,,,,,,,,,,,,,,,,,,,,,,,,,,,,,,,,,,,,,,,,,,,,,,female,25,barista,3,3,,3,90395,"<span lang=""EN-GB"">Suppose
     you want to watch some video when you are with people you know (e.g.,
     acquaintances, colleagues) in a park.<o:p></o:p></span>"
10/22/2018 8:09,10/22/2018 8:33,0,73.139.19.187,1,1414,0,10/29/2018 8:39,R_3O9fzGP0y0Fg3oO,,,,,,,anonymous,EN,,,,,,,,,,,,,,,,,,,,,,,,,,,,,,,,,,,,,,,,,,,,,,,,,,,,,,,,,,,,,,,,,,,,,,,,,,,,,,,,,,,,,,,,,,,,,,,,,,,,,,,,,,,,,,,,,,,,,,,,,,,,,,,,,,,,,,,,,,,,,,,,,,,,,,,,,,,,,,,,,,,,,,,,,,,,,,,,,,,,,,,,,,,,,,,,,,,,,,,,,,,,,,,,,,,,69282,"<span lang=""EN-GB"">Suppose
     you want to watch some video when you are with your close friends in a
     park.<o:p></o:p></span>"
10/29/2018 8:38,10/29/2018 8:39,0,168.250.62.33,100,89,1,10/29/2018 8:39,R_12sANC9LZKrHvZB,,,,,41.02520752,-80.66870117,anonymous,EN,"1,2,3,4",1,,"1,2",,"2,3",,1,,"2,3",,1,1,,2,,1,"2,4",,"1,2",,"1,3",,"2,3",,"1,2",,2,,,,,,,,,,,,,,,,,,,,,,,,,,,,,,,,,,,,,,,,,,,,,,,,,,,,,,,,,,,,,,,,,,,,,,,,,,,,,,,,,,,,,,,,,,,,,,,,,,,,,,,,,,,,,,,,,,,,,,,,,,,,,,,,,,,,,,,,,,,,,,,,,,,,,,,,,,,,,,,,,,,,,,,,,,,,,,,,,,,,,,,,77754,"<span lang=""EN-GB"">Suppose
     you want to call your mother for sharing an important update about your
     life when you are alone at Starbucks.<o:p></o:p></span>"
10/29/2018 8:41,10/29/2018 8:43,0,205.173.105.220,100,127,1,10/29/2018 8:43,R_2S8hPJcDLAtweA5,,,,,33.88789368,-84.29049683,anonymous,EN,"1,2,3,4","2,4",,1,,3,,1,,"2,3",,2,"2,3",,2,,1,3,,"1,3",,"2,3",,1,,3,,2,,,,,,,,,,,,,,,,,,,,,,,,,,,,,,,,,,,,,,,,,,,,,,,,,,,,,,,,,,,,,,,,,,,,,,,,,,,,,,,,,,,,,,,,,,,,,,,,,,,,,,,,,,,,,,,,,,,,,,,,,,,,,,,,,,,,,,,,,,,,,,,,,,,,,,,,,,,,,,,,,,,,,,,,,,,,,,,,,,,,,,,,15134,"Suppose you want to find a route to a coffee shop
     when you are at home with your by your colleagues<o:p></o:p>"
10/29/2018 8:42,10/29/2018 8:43,0,12.43.88.120,100,84,1,10/29/2018 8:43,R_2vkUyxj3HNRpsc1,,,,,39.8394928,-88.94650269,anonymous,EN,"1,2,3,4,5,6","1,2",,2,,4,,1,,"3,4",,"2,3","2,3",,2,,2,"1,3",,2,,1,,"1,3",,2,,1,,,,,,,,,,,,,,,,,,,,,,,,,,,,,,,,,,,,,,,,,,,,,,,,,,,,,,,,,,,,,,,,,,,,,,,,,,,,,,,,,,,,,,,,,,,,,,,,,,,,,,,,,,,,,,,,,,,,,,,,,,,,,,,,,,,,,,,,,,,,,,,,,,,,,,,,,,,,,,,,,,,,,,,,,,,,,,,,,,,,,,,,31505,"<span lang=""EN-GB"">Suppose
     you want to set up a reminder when you are with people you know (e.g.,
     acquaintances, colleagues) at your home.<o:p></o:p></span>"
10/29/2018 8:44,10/29/2018 8:44,0,107.14.54.0,100,7,1,10/29/2018 8:44,R_2dmZU89tux0QMO6,,,,,40.70120239,-73.94360352,anonymous,EN,4,,,,,,,,,,,,,,,,,,,,,,,,,,,,,,,,,,,,,,,,,,,,,,,,,,,,,,,,,,,,,,,,,,,,,,,,,,,,,,,,,,,,,,,,,,,,,,,,,,,,,,,,,,,,,,,,,,,,,,,,,,,,,,,,,,,,,,,,,,,,,,,,,,,,,,,,,,,,,,,,,,,,,,,,,,,,,,,,,,,,,,,,,,,,,,,,,,,,,,,,,,,,,,,,,,,47054,"<span lang=""EN-GB"">Suppose you want to browse the internet when you are at home with people you are close to (e.g., friends, family members)<strong><o:p></o:p></strong></span>"
10/29/2018 8:46,10/29/2018 8:47,0,99.13.251.138,100,54,1,10/29/2018 8:47,R_1BP0RROroarawTI,,,,,29.02470398,-80.95839691,anonymous,EN,"1,2",,,,,,,,,,,,,,,,,,,,,,,,,,,,,,,,,,,,,,,,,,,,,,,,,,,,,,,,,,,,,,,,,,,,,,,,,,,,,,,,,,,,,,,,,,,,,,,,,,,,,,,,,,,,,,,,,,,,,,,,,,,,,,,,,,,,,,,,,,,,,,,,,,,,,,,,,,,,,,,,,,,,,,,,,,,,,,,,,,,,,,,,,,,,,,,,,,,,,,,,,,,,,,,,,,,21110,"<span lang=""EN-GB"">Suppose you are at a coffee shop, you have just read a book you loved and now&nbsp;</span>you want to write a review for it to share with your close family and friends."
10/29/2018 8:47,10/29/2018 8:47,0,142.196.238.141,100,23,1,10/29/2018 8:47,R_11hZ9zGu6nN3uRI,,,,,28.65130615,-81.20659637,anonymous,EN,"1,2",,,,,,,,,,,,,,,,,,,,,,,,,,,,,,,,,,,,,,,,,,,,,,,,,,,,,,,,,,,,,,,,,,,,,,,,,,,,,,,,,,,,,,,,,,,,,,,,,,,,,,,,,,,,,,,,,,,,,,,,,,,,,,,,,,,,,,,,,,,,,,,,,,,,,,,,,,,,,,,,,,,,,,,,,,,,,,,,,,,,,,,,,,,,,,,,,,,,,,,,,,,,,,,,,,,50282,"<span lang=""EN-GB"">Suppose
     you want to read a digital document when you are alone at home.<strong><o:p></o:p></strong></span>"
10/29/2018 8:47,10/29/2018 8:49,0,131.156.181.98,100,132,1,10/29/2018 8:49,R_3GlxhAsKCzruqZs,,,,,42.03840637,-88.26059723,anonymous,EN,"1,2,4,5,6","1,2,4,5",,"1,2",,"1,2,3,4",,1,,"1,2,4",,"1,2,3","1,2",,"1,3",,"1,3","1,2,3,4",,"1,2",,"1,2,3,4",,"1,2",,"1,3",,2,,,,,,,,,,,,,,,,,,,,,,,,,,,,,,,,,,,,,,,,,,,,,,,,,,,,,,,,,,,,,,,,,,,,,,,,,,,,,,,,,,,,,,,,,,,,,,,,,,,,,,,,,,,,,,,,,,,,,,,,,,,,,,,,,,,,,,,,,,,,,,,,,,,,,,,,,,,,,,,,,,,,,,,,,,,,,,,,,,,,,,,,88856,"<span lang=""EN-GB"">Suppose
     you want to purchase something online when you are with people you know
     (e.g., acquaintances, colleagues) at your home.<o:p></o:p></span>"
10/29/2018 8:41,10/29/2018 8:50,0,73.108.1.253,100,555,1,10/29/2018 8:50,R_3HS4Ogt2OuXV0LV,,,,,36.31069946,-82.3809967,anonymous,EN,"1,2,3,4,5","1,2,4,5",,1,,"1,2,3,4",,1,,1,,"2,3","1,2,3",,"1,2,3",,"2,3","1,2,4",,"1,2",,"1,2,3,4",,"1,2",,"1,2,3",,"1,2",,2,,,,,,,,,,,,,,,,,,,,,,,,,,,,,,"1,2,5",,"1,2",,"1,2,3,4",,1,,1,,"2,3","1,2,3",,"1,2,3",,"1,2,3",,"1,2,3",,"1,2,3,4",,"1,2,3",,"1,2,3,4",,"1,2,3",,"1,2",,,,,,,,,,,,,,,,,,,,,,,,,,,,,,,,,,,,,,,,,,,,,,,,,,,,,,,,,,,,,,,,,,,,,,,,,,,,,,,,,,,,,,,,,,,,,,,,,,,,,,,,,,,,,,,,,,,,,,female,49,Barista,3,1,,7,51477,"<span lang=""EN-GB"">Suppose
     you want to a view a text message when you are alone at Starbucks.<o:p></o:p></span>"
10/22/2018 8:45,10/22/2018 8:52,0,174.229.35.176,88,437,0,10/29/2018 8:52,R_3ha8clSx0dQkzAJ,,,,,,,anonymous,EN,"1,2,4,5",2,,5,,"1,3,4",,1,,2,,3,2,,"1,3",,3,2,,2,,1,,2,,"1,2",,1,,"1,2",2,,1,,"1,2",,1,,1,,2,"1,2",,1,,1,,2,,"1,3",,2,,"1,3",,"1,2",,2,,,,,,,,,,,,,,,,,,,,,,,,,,,,,,,,,,,,,,,,,,,,,,,,,,,,,,,,,,,,,,,,,,,,,,,,,,,,,,,,,,,,,,,,,,,,,,,,,,,,,,,,,,,,,,,,,,,,,,,,,,,,,,,,,,,,,,,,,,,,,,,,,,,,,,,,,,49827,"<span lang=""EN-GB"">Suppose
     you want to watch&nbsp; some video when
     you are with people you know (e.g., acquaintances, colleagues) at
     Starbucks<o:p></o:p></span>"
10/29/2018 8:40,10/29/2018 8:54,0,100.35.97.44,100,838,1,10/29/2018 8:54,R_3iFmF3BJNIHlN1P,,,,,40.74450684,-74.15080261,anonymous,EN,"1,2,3,4,5,6",2,,1,,"2,3",,3,,1,,1,5,,2,,1,3,,"1,2",,3,,"1,2",,"1,2",,"1,2",,3,,,,,,,,,,,,,,,,,,,,,,,,,,,,,,,,,,,,,,,,,,,,,,,,,,,,,,,,,,,"2,4",,3,,"1,2,3",,3,,1,,1,5,,5,,5,,3,,"2,3",,"1,2",,"2,3",,5,,"1,2",,,,,,,,,,,,,,,,,,,,,,,,,,,,,,,,,,,,,,,,,,,,,,,,,,,,,,,,,,,,,,,,,,,,,,,,,,,,,,,,,,,,,,,,,male,45,manager,5,3,,5,8550,"<span lang=""EN-GB"">Suppose you are alone at home when you realize today is the last day to pay one of your bills online.<o:p></o:p></span>"
10/29/2018 8:54,10/29/2018 8:56,0,72.209.17.198,100,118,1,10/29/2018 8:56,R_DtPeJjG9LJz6Ywh,,,,,41.7776947,-72.5243988,anonymous,EN,"1,2,3,4","2,5",,5,,6,,1,,1,,1,5,,5,,3,6,,3,,3,,3,,1,,4,,,,,,,,,,,,,,,,,,,,,,,,,,,,,,,,,,,,,,,,,,,,,,,,,,,,,,,,,,,,,,,,,,,,,,,,,,,,,,,,,,,,,,,,,,,,,,,,,,,,,,,,,,,,,,,,,,,,,,,,,,,,,,,,,,,,,,,,,,,,,,,,,,,,,,,,,,,,,,,,,,,,,,,,,,,,,,,,,,,,,,,,70187,"<span lang=""EN-GB"">Suppose
     you want to a view a text message when you are with a very close friend at
     a restaurant&nbsp;<o:p></o:p></span>"
10/29/2018 8:55,10/29/2018 8:57,0,148.87.23.13,100,135,1,10/29/2018 8:57,R_3LYaMO4aTHwQPvk,,,,,37.5368042,-122.0319977,anonymous,EN,"1,2,3,4,5",3,,3,,2,,1,,1,,2,2,,1,,1,1,,"1,2",,3,,2,,2,,1,,,,,,,,,,,,,,,,,,,,,,,,,,,,,,,,,,,,,,,,,,,,,,,,,,,,,,,,,,,,,,,,,,,,,,,,,,,,,,,,,,,,,,,,,,,,,,,,,,,,,,,,,,,,,,,,,,,,,,,,,,,,,,,,,,,,,,,,,,,,,,,,,,,,,,,,,,,,,,,,,,,,,,,,,,,,,,,,,,,,,,,,62453,"<span lang=""EN-GB"">Suppose you want to set up a reminder about something when you are at Starbucks with close friends.<o:p></o:p></span>"
10/29/2018 8:51,10/29/2018 9:00,0,97.123.120.63,100,556,1,10/29/2018 9:00,R_2DTgYDagzvWjhOR,,,,,35.11039734,-106.5781021,anonymous,EN,"1,2,3,4,5","2,3,4,5",,5,,"1,2,3,5",Security is displayed on screen,1,,1,,"2,3","1,2,3",,2,,"2,3","1,2",,2,,6,,2,,"1,2,3",,"1,2",,2,,,,,,,,,,,,,,,,,,,,,,,,,,,,,,2,,5,,3,,1,,1,,3,"1,2,3",,5,,5,,3,,3,,2,,7,,"1,2,3",,4,,,,,,,,,,,,,,,,,,,,,,,,,,,,,,,,,,,,,,,,,,,,,,,,,,,,,,,,,,,,,,,,,,,,,,,,,,,,,,,,,,,,,,,,,,,,,,,,,,,,,,,,,,,,,,,,,,,,,,,,,,,,,70301,"<span lang=""EN-GB"">Suppose
     you want to purchase something online when you are alone at a park.<o:p></o:p></span>"
10/21/2018 18:09,10/22/2018 9:00,0,70.185.213.175,78,53460,0,10/29/2018 9:00,R_BwWLUfyOm3sRu2R,,,,,,,anonymous,EN,"1,2,3",,,,,,,,,,,,,,,,,,,,,,,,,,,,,,,,,,,,,,,,,,,,,,,,,,,,,,,,,,,,,,,,,,,,,,,,,,,,,,,,,,,,,,,,,,,,,,,,,,,,,,,,,,,,,,,,,,,,,,,,,,,,,,,,,,,,,,,,,,,,,,,,,,,,,,,,,,,,,,,,,,,,,,,,,,,,,,,,,,,,,,,,,,,,,,,,,,,,,,,,,,,,,,,,,,,49795,"Suppose you want to find a route to a coffee shop
     when you are at home with your by your colleagues<o:p></o:p>"
10/29/2018 9:00,10/29/2018 9:01,0,196.17.64.26,100,27,1,10/29/2018 9:01,R_3stvaftIrYVTKLh,,,,,34.05439758,-118.2440033,anonymous,EN,4,,,,,,,,,,,,,,,,,,,,,,,,,,,,,,,,,,,,,,,,,,,,,,,,,,,,,,,,,,,,,,,,,,,,,,,,,,,,,,,,,,,,,,,,,,,,,,,,,,,,,,,,,,,,,,,,,,,,,,,,,,,,,,,,,,,,,,,,,,,,,,,,,,,,,,,,,,,,,,,,,,,,,,,,,,,,,,,,,,,,,,,,,,,,,,,,,,,,,,,,,,,,,,,,,,,96179,"<span lang=""EN-GB"">Suppose
     you want to a view a text message
     when you are walking with a very close friend on a street<o:p></o:p></span>"
10/22/2018 9:02,10/22/2018 9:03,0,70.129.182.204,78,66,0,10/29/2018 9:03,R_12xwlVeoRjlYP3H,,,,,,,anonymous,EN,"1,2,6",,,,,,,,,,,,,,,,,,,,,,,,,,,,,,,,,,,,,,,,,,,,,,,,,,,,,,,,,,,,,,,,,,,,,,,,,,,,,,,,,,,,,,,,,,,,,,,,,,,,,,,,,,,,,,,,,,,,,,,,,,,,,,,,,,,,,,,,,,,,,,,,,,,,,,,,,,,,,,,,,,,,,,,,,,,,,,,,,,,,,,,,,,,,,,,,,,,,,,,,,,,,,,,,,,,90846,"<span lang=""EN-GB"">Suppose you are at a park, you have just read a book you loved and now you&nbsp;</span>want to write a review for it to share with people you are close to (e.g., friends, family members)"
10/29/2018 9:02,10/29/2018 9:03,0,107.178.131.110,100,36,1,10/29/2018 9:03,R_2sZljA60EzDCGBf,,,,,37.75100708,-97.8219986,anonymous,EN,3,,,,,,,,,,,,,,,,,,,,,,,,,,,,,,,,,,,,,,,,,,,,,,,,,,,,,,,,,,,,,,,,,,,,,,,,,,,,,,,,,,,,,,,,,,,,,,,,,,,,,,,,,,,,,,,,,,,,,,,,,,,,,,,,,,,,,,,,,,,,,,,,,,,,,,,,,,,,,,,,,,,,,,,,,,,,,,,,,,,,,,,,,,,,,,,,,,,,,,,,,,,,,,,,,,,43713,"<span lang=""EN-GB"">Suppose
     you want to watch&nbsp; some video when
     you are with people you know (e.g., acquaintances, colleagues) at
     Starbucks<o:p></o:p></span>"
10/29/2018 9:03,10/29/2018 9:03,0,107.178.131.110,100,14,1,10/29/2018 9:03,R_2aR1auvvpf6Mrdz,,,,,37.75100708,-97.8219986,anonymous,EN,4,,,,,,,,,,,,,,,,,,,,,,,,,,,,,,,,,,,,,,,,,,,,,,,,,,,,,,,,,,,,,,,,,,,,,,,,,,,,,,,,,,,,,,,,,,,,,,,,,,,,,,,,,,,,,,,,,,,,,,,,,,,,,,,,,,,,,,,,,,,,,,,,,,,,,,,,,,,,,,,,,,,,,,,,,,,,,,,,,,,,,,,,,,,,,,,,,,,,,,,,,,,,,,,,,,,49112,"<span lang=""EN-GB"">Suppose
     you want to read a digital document) when you are at home with people you
     know (e.g., acquaintances, colleagues).<o:p></o:p></span>"
10/29/2018 9:03,10/29/2018 9:04,0,107.178.131.110,100,5,1,10/29/2018 9:04,R_31AAHE5akgVuMOy,,,,,37.75100708,-97.8219986,anonymous,EN,1,,,,,,,,,,,,,,,,,,,,,,,,,,,,,,,,,,,,,,,,,,,,,,,,,,,,,,,,,,,,,,,,,,,,,,,,,,,,,,,,,,,,,,,,,,,,,,,,,,,,,,,,,,,,,,,,,,,,,,,,,,,,,,,,,,,,,,,,,,,,,,,,,,,,,,,,,,,,,,,,,,,,,,,,,,,,,,,,,,,,,,,,,,,,,,,,,,,,,,,,,,,,,,,,,,,64526,"<span lang=""EN-GB"">Suppose
     you want to listen to some audio when you are with your close friends in a
     park.<o:p></o:p></span>"
10/29/2018 9:04,10/29/2018 9:04,0,107.178.131.110,100,5,1,10/29/2018 9:04,R_1Lzffwyl1tPQe5B,,,,,37.75100708,-97.8219986,anonymous,EN,2,,,,,,,,,,,,,,,,,,,,,,,,,,,,,,,,,,,,,,,,,,,,,,,,,,,,,,,,,,,,,,,,,,,,,,,,,,,,,,,,,,,,,,,,,,,,,,,,,,,,,,,,,,,,,,,,,,,,,,,,,,,,,,,,,,,,,,,,,,,,,,,,,,,,,,,,,,,,,,,,,,,,,,,,,,,,,,,,,,,,,,,,,,,,,,,,,,,,,,,,,,,,,,,,,,,42122,"<span lang=""EN-GB"" style=""font-size:11.0pt;line-height:115%;
font-family:&quot;Arial&quot;,sans-serif;mso-fareast-font-family:Arial;mso-ansi-language:
EN-GB;mso-fareast-language:EN-US;mso-bidi-language:AR-SA"">Suppose you want to
find a route to a coffee shop when you are alone at home.</span>"
10/29/2018 9:04,10/29/2018 9:04,0,107.178.131.110,100,13,1,10/29/2018 9:04,R_2B5OTmzo6N4AhDS,,,,,37.75100708,-97.8219986,anonymous,EN,4,,,,,,,,,,,,,,,,,,,,,,,,,,,,,,,,,,,,,,,,,,,,,,,,,,,,,,,,,,,,,,,,,,,,,,,,,,,,,,,,,,,,,,,,,,,,,,,,,,,,,,,,,,,,,,,,,,,,,,,,,,,,,,,,,,,,,,,,,,,,,,,,,,,,,,,,,,,,,,,,,,,,,,,,,,,,,,,,,,,,,,,,,,,,,,,,,,,,,,,,,,,,,,,,,,,8029,"<span lang=""EN-GB"">Suppose
     you are at a park and you realize today is the last day to pay one of your
     bills online.<o:p></o:p></span>"
10/29/2018 9:04,10/29/2018 9:05,0,107.178.131.110,100,16,1,10/29/2018 9:05,R_2WSUG64DdmNjxmR,,,,,37.75100708,-97.8219986,anonymous,EN,"1,3",,,,,,,,,,,,,,,,,,,,,,,,,,,,,,,,,,,,,,,,,,,,,,,,,,,,,,,,,,,,,,,,,,,,,,,,,,,,,,,,,,,,,,,,,,,,,,,,,,,,,,,,,,,,,,,,,,,,,,,,,,,,,,,,,,,,,,,,,,,,,,,,,,,,,,,,,,,,,,,,,,,,,,,,,,,,,,,,,,,,,,,,,,,,,,,,,,,,,,,,,,,,,,,,,,,2943,"<span lang=""EN-GB"">Suppose
     you want to a send an email when you are with a very close friend at a
     restaurant&nbsp;<o:p></o:p></span>"
10/29/2018 9:05,10/29/2018 9:05,0,216.82.243.87,100,39,1,10/29/2018 9:05,R_32LV7128Uahs2H2,,,,,37.75100708,-97.8219986,anonymous,EN,"1,2",,,,,,,,,,,,,,,,,,,,,,,,,,,,,,,,,,,,,,,,,,,,,,,,,,,,,,,,,,,,,,,,,,,,,,,,,,,,,,,,,,,,,,,,,,,,,,,,,,,,,,,,,,,,,,,,,,,,,,,,,,,,,,,,,,,,,,,,,,,,,,,,,,,,,,,,,,,,,,,,,,,,,,,,,,,,,,,,,,,,,,,,,,,,,,,,,,,,,,,,,,,,,,,,,,,72350,"<span lang=""EN-GB"">Suppose you want to read a digital document when you are in a park surrounded by your close friends.<o:p></o:p></span>"
10/29/2018 8:57,10/29/2018 9:06,0,100.35.97.44,100,510,1,10/29/2018 9:06,R_31oBFgLBWYdqDA4,,,,,40.74450684,-74.15080261,anonymous,EN,"1,2,3,4,5,6",2,,3,,"2,3",,1,,1,,"1,2,3",3,,5,,"1,2,3",3,,"1,2",,3,,"1,2",,"1,3",,"1,2",,2,,,,,,,,,,,,,,,,,,,,,,,,,,,,,,2,,1,,2,,1,,1,,3,5,,2,,2,,3,,3,,"1,2",,3,,1,,1,,,,,,,,,,,,,,,,,,,,,,,,,,,,,,,,,,,,,,,,,,,,,,,,,,,,,,,,,,,,,,,,,,,,,,,,,,,,,,,,,,,,,,,,,,,,,,,,,,,,,,,,,,,,,,,,,,,,,,female,55,human resource,4,3,,3,94395,"<span lang=""EN-GB"">Suppose you are at a park with some people you know (e.g., acquaintances, colleagues) when you realize that you have to immediately pay one of your bills online.<o:p></o:p></span>"
10/29/2018 9:04,10/29/2018 9:07,0,68.40.1.197,100,171,1,10/29/2018 9:07,R_3qfonumJkpDjs1r,,,,,43.01350403,-85.60269928,anonymous,EN,"1,2,3,5",2,,1,,1,,1,,1,,3,"1,2",,5,,3,"3,4",,1,,3,,2,,1,,2,,,,,,,,,,,,,,,,,,,,,,,,,,,,,,,,,,,,,,,,,,,,,,,,,,,,,,,,,,,,,,,,,,,,,,,,,,,,,,,,,,,,,,,,,,,,,,,,,,,,,,,,,,,,,,,,,,,,,,,,,,,,,,,,,,,,,,,,,,,,,,,,,,,,,,,,,,,,,,,,,,,,,,,,,,,,,,,,,,,,,,,,34024,"<span lang=""EN-GB"">Suppose
     you are at a park and you realize today is the last day to pay one of your
     bills online.<o:p></o:p></span>"
10/29/2018 9:06,10/29/2018 9:07,0,206.211.35.30,100,52,1,10/29/2018 9:07,R_2yfk2VI37dFAy1a,,,,,33.72070313,-116.2167969,anonymous,EN,"1,2,3,4",2,,1,,1,,1,,1,,1,2,,2,,3,2,,2,,7,,1,,2,,4,,,,,,,,,,,,,,,,,,,,,,,,,,,,,,,,,,,,,,,,,,,,,,,,,,,,,,,,,,,,,,,,,,,,,,,,,,,,,,,,,,,,,,,,,,,,,,,,,,,,,,,,,,,,,,,,,,,,,,,,,,,,,,,,,,,,,,,,,,,,,,,,,,,,,,,,,,,,,,,,,,,,,,,,,,,,,,,,,,,,,,,,68174,"<span lang=""EN-GB"">Suppose
     you want to a send a text message when you are surrounded by people you
     know (e.g., acquaintances, colleagues) at a restaurant.<o:p></o:p></span>"
10/29/2018 9:07,10/29/2018 9:07,0,174.107.108.45,100,27,1,10/29/2018 9:07,R_3Gg0D5vJYAIDWSi,,,,,33.99499512,-81.08879852,anonymous,EN,"1,2",,,,,,,,,,,,,,,,,,,,,,,,,,,,,,,,,,,,,,,,,,,,,,,,,,,,,,,,,,,,,,,,,,,,,,,,,,,,,,,,,,,,,,,,,,,,,,,,,,,,,,,,,,,,,,,,,,,,,,,,,,,,,,,,,,,,,,,,,,,,,,,,,,,,,,,,,,,,,,,,,,,,,,,,,,,,,,,,,,,,,,,,,,,,,,,,,,,,,,,,,,,,,,,,,,,41163,"<span lang=""EN-GB"">Suppose you have planned to meet a friend next week and you want to put this on your calendar when you are with a very close friend at a park.&nbsp;<o:p></o:p></span>"
10/22/2018 9:08,10/22/2018 9:10,0,70.15.134.185,78,121,0,10/29/2018 9:11,R_3lLUwjsILcSRwUq,,,,,,,anonymous,EN,"1,2,4,6",,,,,,,,,,,,,,,,,,,,,,,,,,,,,,,,,,,,,,,,,,,,,,,,,,,,,,,,,,,,,,,,,,,,,,,,,,,,,,,,,,,,,,,,,,,,,,,,,,,,,,,,,,,,,,,,,,,,,,,,,,,,,,,,,,,,,,,,,,,,,,,,,,,,,,,,,,,,,,,,,,,,,,,,,,,,,,,,,,,,,,,,,,,,,,,,,,,,,,,,,,,,,,,,,,,50952,"<span lang=""EN-GB"">Suppose
     you want to a send a text message when you are surrounded by people you
     know (e.g., acquaintances, colleagues) at your home.<o:p></o:p></span>"
10/22/2018 8:49,10/22/2018 9:13,0,152.216.7.5,78,1455,0,10/29/2018 9:13,R_3fK0nJtf67nOIX7,,,,,,,anonymous,EN,"1,2,4,5,6",,,,,,,,,,,,,,,,,,,,,,,,,,,,,,,,,,,,,,,,,,,,,,,,,,,,,,,,,,,,,,,,,,,,,,,,,,,,,,,,,,,,,,,,,,,,,,,,,,,,,,,,,,,,,,,,,,,,,,,,,,,,,,,,,,,,,,,,,,,,,,,,,,,,,,,,,,,,,,,,,,,,,,,,,,,,,,,,,,,,,,,,,,,,,,,,,,,,,,,,,,,,,,,,,,,10872,"<span lang=""EN-GB"">Suppose
     you want to set up a reminder about something when you are at Starbucks by
     yourself.<o:p></o:p></span>"
10/22/2018 9:12,10/22/2018 9:13,0,108.171.130.165,78,62,0,10/29/2018 9:14,R_1Eiix48Cia9AoCw,,,,,,,anonymous,EN,"1,2,3",,,,,,,,,,,,,,,,,,,,,,,,,,,,,,,,,,,,,,,,,,,,,,,,,,,,,,,,,,,,,,,,,,,,,,,,,,,,,,,,,,,,,,,,,,,,,,,,,,,,,,,,,,,,,,,,,,,,,,,,,,,,,,,,,,,,,,,,,,,,,,,,,,,,,,,,,,,,,,,,,,,,,,,,,,,,,,,,,,,,,,,,,,,,,,,,,,,,,,,,,,,,,,,,,,,97876,"<span id=""docs-internal-guid-5a7e3441-7fff-9d1f-10e6-454a1d940975""><span style=""font-size: 11pt; font-family: Arial; color: rgb(0, 0, 0); background-color: transparent; font-variant-numeric: normal; font-variant-east-asian: normal; vertical-align: baseline; white-space: pre-wrap;"">Suppose you want to call your mother for sharing an important update about your life &nbsp;when you are alone at home</span><br> <br><br></span>"
10/29/2018 9:11,10/29/2018 9:15,0,73.34.171.124,100,223,1,10/29/2018 9:15,R_32JAptcvQbMJ3iY,,,,,39.61109924,-104.9532013,anonymous,EN,"1,2,4,5",2,,5,,2,,1,,2,,"1,3",5,,5,,1,6,,2,,7,,5,,1,,2,,,,,,,,,,,,,,,,,,,,,,,,,,,,,,,,,,,,,,,,,,,,,,,,,,,,,,,,,,,,,,,,,,,,,,,,,,,,,,,,,,,,,,,,,,,,,,,,,,,,,,,,,,,,,,,,,,,,,,,,,,,,,,,,,,,,,,,,,,,,,,,,,,,,,,,,,,,,,,,,,,,,,,,,,,,,,,,,,,,,,,,,71660,"<span lang=""EN-GB"">Suppose you want to watch some video when you are alone in a park.<o:p></o:p></span>"
10/29/2018 9:17,10/29/2018 9:20,0,198.74.47.159,100,159,1,10/29/2018 9:20,R_1d4ssoyL7qJUDQo,,,,,33.42280579,-112.9527969,anonymous,EN,"1,2,3,4,5",2,,1,,1,,1,,2,,1,1,,2,,2,1,,2,,3,,1,,1,,2,,,,,,,,,,,,,,,,,,,,,,,,,,,,,,,,,,,,,,,,,,,,,,,,,,,,,,,,,,,,,,,,,,,,,,,,,,,,,,,,,,,,,,,,,,,,,,,,,,,,,,,,,,,,,,,,,,,,,,,,,,,,,,,,,,,,,,,,,,,,,,,,,,,,,,,,,,,,,,,,,,,,,,,,,,,,,,,,,,,,,,,,13449,"<span lang=""EN-GB"">Suppose
     you want to watch&nbsp; some video when
     you are with people you know (e.g., acquaintances, colleagues) at
     Starbucks<o:p></o:p></span>"
10/29/2018 9:22,10/29/2018 9:23,0,206.74.168.223,100,39,1,10/29/2018 9:23,R_1g0FKLjoKxXXtRk,,,,,33.19709778,-80.02330017,anonymous,EN,"1,3",,,,,,,,,,,,,,,,,,,,,,,,,,,,,,,,,,,,,,,,,,,,,,,,,,,,,,,,,,,,,,,,,,,,,,,,,,,,,,,,,,,,,,,,,,,,,,,,,,,,,,,,,,,,,,,,,,,,,,,,,,,,,,,,,,,,,,,,,,,,,,,,,,,,,,,,,,,,,,,,,,,,,,,,,,,,,,,,,,,,,,,,,,,,,,,,,,,,,,,,,,,,,,,,,,,22758,"<span lang=""EN-GB"">Suppose you want to find a route to home while walking on a street with your close friends.<o:p></o:p></span>"
10/29/2018 9:24,10/29/2018 9:26,0,67.232.210.144,100,126,1,10/29/2018 9:26,R_qOsF7rdl2x3dDS9,,,,,40.60159302,-77.7358017,anonymous,EN,"1,2,3,4,5","1,2,3",,"1,3",,"2,3,4",,1,,1,,"2,3","1,3",,1,,3,"1,2,3",,"2,3",,"1,3,4",,"1,2,3",,"1,2,3",,"1,2",,,,,,,,,,,,,,,,,,,,,,,,,,,,,,,,,,,,,,,,,,,,,,,,,,,,,,,,,,,,,,,,,,,,,,,,,,,,,,,,,,,,,,,,,,,,,,,,,,,,,,,,,,,,,,,,,,,,,,,,,,,,,,,,,,,,,,,,,,,,,,,,,,,,,,,,,,,,,,,,,,,,,,,,,,,,,,,,,,,,,,,,55796,"<span lang=""EN-GB"">Suppose you have planned to meet a friend next week and you want to put this on your calendar when you are with a very close friend at a restaurant&nbsp;<o:p></o:p></span>"
10/29/2018 9:24,10/29/2018 9:29,0,173.153.52.12,100,318,1,10/29/2018 9:29,R_2us5TLoNGindWt1,,,,,38.99960327,-76.88400269,anonymous,EN,"1,2,4","1,2",,1,,"1,2,3,4",,1,,"1,2,3",,"1,2,3",3,,"1,3",,"2,3","2,4",,"1,3",,"1,2,3",,"1,3",,"1,3",,"1,2",,,,,,,,,,,,,,,,,,,,,,,,,,,,,,,,,,,,,,,,,,,,,,,,,,,,,,,,,,,,,,,,,,,,,,,,,,,,,,,,,,,,,,,,,,,,,,,,,,,,,,,,,,,,,,,,,,,,,,,,,,,,,,,,,,,,,,,,,,,,,,,,,,,,,,,,,,,,,,,,,,,,,,,,,,,,,,,,,,,,,,,,55276,"<span lang=""EN-GB"">Suppose
     you want to a send a text message when you are alone at home<strong><o:p></o:p></strong></span>"
10/29/2018 9:28,10/29/2018 9:30,0,71.46.242.92,100,127,1,10/29/2018 9:30,R_3qDLGvNAYuZpwAT,,,,,28.55589294,-81.35350037,anonymous,EN,3,,,,,,,,,,,,,,,,,,,,,,,,,,,,,,,,,,,,,,,,,,,,,,,,,,,,,,,,,,,,,,,,,,,,,,,,,,,,,,,,,,,,,,,,,,,,,,,,,,,,,,,,,,,,,,,,,,,,,,,,,,,,,,,,,,,,,,,,,,,,,,,,,,,,,,,,,,,,,,,,,,,,,,,,,,,,,,,,,,,,,,,,,,,,,,,,,,,,,,,,,,,,,,,,,,,96595,"<span lang=""EN-GB"" style=""font-size:11.0pt;line-height:115%;
font-family:&quot;Arial&quot;,sans-serif;mso-fareast-font-family:Arial;mso-ansi-language:
EN-GB;mso-fareast-language:EN-US;mso-bidi-language:AR-SA"">Suppose you want to a
send an email when you are alone at home</span>"
10/29/2018 9:28,10/29/2018 9:33,0,73.249.221.200,100,296,1,10/29/2018 9:33,R_5akBhNYUupFD8TT,,,,,42.24909973,-70.99780273,anonymous,EN,"1,2,3","2,4,5",,1,,"1,2",,2,A combination of both,1,,3,3,,1,,3,3,,2,,3,,2,,2,,"1,2",,"1,2,3",4,,"2,3",,"3,4",,3,,3,,2,"1,2",,3,,2,,"2,3",,2,,2,,"3,4",,"2,3",,2,,2,,1,,"1,2",,3,,"1,2",,2,2,,1,,"1,2",,3,,3,,"1,2",,3,,"1,2",,2,,2,,2,,"1,2",,3,,"1,2",,2,1,,2,,2,,2,,3,,"1,2",,"2,3",,3,,"1,2",,,,,,,,,,,,,,,,,,,,,,,,,,,,,,,,,,,,,,,,,,,,,,,,,,,,,,,,,,,,,,,,,,,,,,,,,,,,,,,,,,,,,,,,,,,,,,,,32029,"<span lang=""EN-GB"">Suppose you want to read a digital document when you are in a park surrounded by your close friends.<o:p></o:p></span>"
10/22/2018 9:35,10/22/2018 9:35,0,120.29.117.112,1,16,0,10/29/2018 9:35,R_2SpjhKTrps2Zv4d,,,,,,,anonymous,EN,,,,,,,,,,,,,,,,,,,,,,,,,,,,,,,,,,,,,,,,,,,,,,,,,,,,,,,,,,,,,,,,,,,,,,,,,,,,,,,,,,,,,,,,,,,,,,,,,,,,,,,,,,,,,,,,,,,,,,,,,,,,,,,,,,,,,,,,,,,,,,,,,,,,,,,,,,,,,,,,,,,,,,,,,,,,,,,,,,,,,,,,,,,,,,,,,,,,,,,,,,,,,,,,,,,,76422,"Suppose
     you want to call your mother for sharing an important update about your
     life when you are surrounded by people you
     know (e.g., acquaintances, colleagues) at a restaurant.<o:p></o:p>"
10/29/2018 9:24,10/29/2018 9:37,0,72.23.15.42,100,773,1,10/29/2018 9:37,R_110WDMlkvcZIXpK,,,,,41.23249817,-80.23400116,anonymous,EN,"1,2,3,4","2,5",,1,,"1,2,3",,1,,1,,2,"1,2",,"1,2,3",,2,"1,3",,2,,3,,2,,"1,3",,4,,"2,4",,,,,,,,,,,,,,,,,,,,,,,,,,,,,,2,,1,,3,,1,,2,,4,2,,2,,2,,3,,3,,2,,3,,1,,2,,,,,,,,,,,,,,,,,,,,,,,,,,,,,,,7,,5,,6,,1,,6,,4,5,,5,,5,,6,,7,,5,,7,,5,,4,,,,,,,,,,,,,,,,,,,,,,,,,,,,,,,,,,,,,,,,,,,,,,,,,,,,,,,,,,,,Female,34,Homemaker,5,1,,4,95398,"<span lang=""EN-GB"">Suppose
     you want to listen to some audio when you are with your close friends in a
     park.<o:p></o:p></span>"
10/29/2018 9:37,10/29/2018 9:37,0,65.30.213.178,100,22,1,10/29/2018 9:37,R_VOyoaUUWb3noggN,,,,,42.98219299,-88.09459686,anonymous,EN,"1,3",,,,,,,,,,,,,,,,,,,,,,,,,,,,,,,,,,,,,,,,,,,,,,,,,,,,,,,,,,,,,,,,,,,,,,,,,,,,,,,,,,,,,,,,,,,,,,,,,,,,,,,,,,,,,,,,,,,,,,,,,,,,,,,,,,,,,,,,,,,,,,,,,,,,,,,,,,,,,,,,,,,,,,,,,,,,,,,,,,,,,,,,,,,,,,,,,,,,,,,,,,,,,,,,,,,32700,"<span lang=""EN-GB"">Suppose
     you want to purchase something online when you are with your close friends
     at Starbucks.<o:p></o:p></span>"
10/29/2018 9:31,10/29/2018 9:38,0,71.46.242.92,100,443,1,10/29/2018 9:38,R_308YF4lo3qLoPcx,,,,,28.55589294,-81.35350037,anonymous,EN,"1,2,3,4",4,,2,,3,,1,,4,,2,3,,3,,2,3,,1,,3,,"1,2",,2,,2,,,,,,,,,,,,,,,,,,,,,,,,,,,,,,,,,,,,,,,,,,,,,,,,,,,,,,,,,,,,,,,,,,,,,,,,,,,,,,,,,,,,,,,,,,,,,,,,,,,,,,,,,,,,,,,,,,,,,,,,,,,,,,,,,,,,,,,,,,,,,,,,,,,,,,,,,,,,,,,,,,,,,,,,,,,,,,,,,,,,,,,,12425,"<span lang=""EN-GB"">Suppose
     you want to find a route to home when you are at Starbucks with people you
     know (e.g., acquaintances, colleagues).<o:p></o:p></span>"
10/29/2018 9:37,10/29/2018 9:40,0,184.91.48.41,100,135,1,10/29/2018 9:40,R_2U9qtjmZrE9mTgS,,,,,29.23530579,-81.06580353,anonymous,EN,"2,5",,,,,,,,,,,,,,,,,,,,,,,,,,,,,,,,,,,,,,,,,,,,,,,,,,,,,,,,,,,,,,,,,,,,,,,,,,,,,,,,,,,,,,,,,,,,,,,,,,,,,,,,,,,,,,,,,,,,,,,,,,,,,,,,,,,,,,,,,,,,,,,,,,,,,,,,,,,,,,,,,,,,,,,,,,,,,,,,,,,,,,,,,,,,,,,,,,,,,,,,,,,,,,,,,,,82720,"<span lang=""EN-GB"">Suppose
     you want to purchase something online when you are alone at your home.<o:p></o:p></span>"
10/29/2018 9:34,10/29/2018 9:41,0,100.35.97.44,100,430,1,10/29/2018 9:41,R_3kNVZY4VFMxOkOA,,,,,40.74450684,-74.15080261,anonymous,EN,"1,2,3,4,5,6","2,4,5",,1,,"2,3",,3,,1,,1,1,,5,,1,"1,2,3",,"1,2",,"2,3",,"1,2",,5,,4,,"3,4",,,,,,,,,,,,,,,,,,,,,,,,,,,,,,,,,,,,,,,,,,,,,,,,,,,,,,,,,,,2,,5,,"2,3",,3,,1,,4,5,,"1,2",,"1,2",,3,,"2,3",,"1,2",,"2,3",,5,,4,,"2,5",,1,,"2,3",,1,,1,,1,5,,5,,5,,3,,3,,"1,2",,3,,"2,3",,4,,,,,,,,,,,,,,,,,,,,,,,,,,,,,,,,,,,,,,,,,,,,,,,,,,,,,,,,,,,,male,34,engineer,3,3,,3,16162,"<span lang=""EN-GB"">Suppose
     you want to watch some video when
     you are at home with people you are close to (e.g., friends, family
     members)<strong><o:p></o:p></strong></span>"
10/29/2018 9:41,10/29/2018 9:43,0,173.131.222.70,100,126,1,10/29/2018 9:43,R_2wMi3PuUV2ky5DG,,,,,33.46650696,-111.9983978,anonymous,EN,"1,3,4",2,,"1,2,3",,1,,1,,1,,2,"2,3",,1,,2,"2,3",,2,,3,,3,,"2,3",,"1,2",,,,,,,,,,,,,,,,,,,,,,,,,,,,,,,,,,,,,,,,,,,,,,,,,,,,,,,,,,,,,,,,,,,,,,,,,,,,,,,,,,,,,,,,,,,,,,,,,,,,,,,,,,,,,,,,,,,,,,,,,,,,,,,,,,,,,,,,,,,,,,,,,,,,,,,,,,,,,,,,,,,,,,,,,,,,,,,,,,,,,,,,36057,"<span lang=""EN-GB"">Suppose
     you want to a view a text message when you are surrounded by people you
     know (e.g., acquaintances, colleagues) at your home.<o:p></o:p></span>"
10/29/2018 9:40,10/29/2018 9:44,0,108.50.152.186,100,242,1,10/29/2018 9:44,R_xg89np6GMfJPdwl,,,,,40.94769287,-74.06719971,anonymous,EN,"1,2,3,4,6","2,5",,"1,3",,"2,3",,1,,1,,1,"1,2,3",,1,,"1,2",2,,"1,2",,1,,2,,"1,3",,1,,,,,,,,,,,,,,,,,,,,,,,,,,,,,,,,,,,,,,,,,,,,,,,,,,,,,,,,,,,,,,,,,,,,,,,,,,,,,,,,,,,,,,,,,,,,,,,,,,,,,,,,,,,,,,,,,,,,,,,,,,,,,,,,,,,,,,,,,,,,,,,,,,,,,,,,,,,,,,,,,,,,,,,,,,,,,,,,,,,,,,,,593,"<span lang=""EN-GB"">Suppose you want to browse the internet when you are alone at a restaurant.<o:p></o:p></span>"
10/29/2018 9:45,10/29/2018 9:47,0,169.2.67.17,100,128,1,10/29/2018 9:47,R_Z2b1oYUNPLEPU53,,,,,38.60719299,-121.2761002,anonymous,EN,"1,2,3,4,5","2,4",,"2,3",,"1,2,3",,1,,"1,2,3",,"2,3","2,3",,"1,2",,"2,3","1,2,3",,"1,2",,"2,3,4",,"1,2",,"1,2",,"1,2",,2,,,,,,,,,,,,,,,,,,,,,,,,,,,,,,"3,4",,"1,3",,"2,3",,1,,"2,3",,"2,3","1,2",,"2,3",,"2,3",,"2,3",,"1,2,4",,"1,2",,"2,3",,1,,"1,2",,,,,,,,,,,,,,,,,,,,,,,,,,,,,,,,,,,,,,,,,,,,,,,,,,,,,,,,,,,,,,,,,,,,,,,,,,,,,,,,,,,,,,,,,,,,,,,,,,,,,,,,,,,,,,,,,,,,,,,,,,,,,69645,"<span lang=""EN-GB"">Suppose
     you want to a view a text message when you are surrounded with people you
     are close to (e.g., friends, family members) at your home.<strong><o:p></o:p></strong></span>"
10/29/2018 9:39,10/29/2018 9:48,0,76.27.28.176,100,516,1,10/29/2018 9:48,R_3R4aOYNELxEwWjB,,,,,40.65310669,-111.9673996,anonymous,EN,"2,3,4","1,2,3,4,5",,"1,2,3",,"1,2,3,4",,1,,"1,3",,"1,2","1,2,3",,"1,3",,"1,2","1,2,3,4",,"1,2,3",,"1,2,3,4,6",,"1,2",,"1,2,3",,"1,2",,,,,,,,,,,,,,,,,,,,,,,,,,,,,,,,,,,,,,,,,,,,,,,,,,,,,,,,,,,,,,,,,,,,,,,,,,,,,,,,,,,,,,,,,,,,,,,,,,,,,,,,,,,,,,,,,,,,,,,,,,,,,,,,,,,,,,,,,,,,,,,,,,,,,,,,,,,,,,,,,,,,,,,,,,,,,,,,,,,,,,,,334,"<span lang=""EN-GB"">Suppose you want to browse the internet when you are with your close friends at a park.<o:p></o:p></span>"
10/29/2018 9:41,10/29/2018 9:48,0,100.35.97.44,100,406,1,10/29/2018 9:48,R_1KoIoX69d5mHd8g,,,,,40.74450684,-74.15080261,anonymous,EN,"1,2,3,4,5,6","1,2,5",,"1,2",,"1,3",,1,,2,,1,5,,"2,3",,1,"3,4",,"1,2,3",,"2,3",,"1,2,3",,"1,3",,4,,5,,,,,,,,,,,,,,,,,,,,,,,,,,,,,,,,,,,,,,,,,,,,,,,,,,,,,,,,,,,,,,,,,,,,,,,,,,,,,,,,,,,,,,,,,,,,,,,,,,,,,,,,,,,,,,,,,,,,,1,,2,,"2,4",,1,,3,,"1,3",3,,1,,1,,4,,"2,4",,3,,"2,4",,"1,2",,4,,,,,,,,,,,,,,,,,,,,,,,,,,,,,,,female,34,home maker,2,2,,2,83215,"<span lang=""EN-GB"">Suppose
     you want to set up a reminder when you are alone at your home.<strong><o:p></o:p></strong></span>"
10/29/2018 9:46,10/29/2018 9:48,0,199.87.130.129,100,123,1,10/29/2018 9:48,R_3NKxVFoIz6hDtsv,,,,,37.49549866,-77.47100067,anonymous,EN,"1,2,3,4,5,6",7,,"1,2,3",,"1,2",,1,,"1,3",,2,3,,"1,2",,4,6,,2,,3,,5,,"2,3",,4,,,,,,,,,,,,,,,,,,,,,,,,,,,,,,,,,,,,,,,,,,,,,,,,,,,,,,,,,,,,,,,,,,,,,,,,,,,,,,,,,,,,,,,,,,,,,,,,,,,,,,,,,,,,,,,,,,,,,,,,,,,,,,,,,,,,,,,,,,,,,,,,,,,,,,,,,,,,,,,,,,,,,,,,,,,,,,,,,,,,,,,,6128,"<span lang=""EN-GB"">Suppose you want to watch some video when you are alone at your home.<strong><o:p></o:p></strong></span>"
10/29/2018 9:51,10/29/2018 9:56,0,158.106.216.110,100,271,1,10/29/2018 9:56,R_4UhZqNtVXhl3DLb,,,,,41.04989624,-73.77760315,anonymous,EN,"1,2,3,4",2,,1,,"1,2",,1,,1,,2,3,,5,,2,3,,"2,3",,"3,6",,"2,3",,3,,2,,2,,,,,,,,,,,,,,,,,,,,,,,,,,,,,,2,,1,,"1,3",,1,,1,,2,3,,3,,3,,3,,3,,2,,3,,3,,2,,,,,,,,,,,,,,,,,,,,,,,,,,,,,,,,,,,,,,,,,,,,,,,,,,,,,,,,,,,,,,,,,,,,,,,,,,,,,,,,,,,,,,,,,,,,,,,,,,,,,,,,,,,,,,,,,,,,,,female,37,purchasing agent,5,1,,3,2167,"<span lang=""EN-GB"">Suppose you want to a view a text message when you are alone at a street.<o:p></o:p></span>"
10/29/2018 9:56,10/29/2018 9:57,0,108.7.61.222,100,35,1,10/29/2018 9:57,R_12JzZhEWIPahBOS,,,,,42.02119446,-71.21779633,anonymous,EN,2,,,,,,,,,,,,,,,,,,,,,,,,,,,,,,,,,,,,,,,,,,,,,,,,,,,,,,,,,,,,,,,,,,,,,,,,,,,,,,,,,,,,,,,,,,,,,,,,,,,,,,,,,,,,,,,,,,,,,,,,,,,,,,,,,,,,,,,,,,,,,,,,,,,,,,,,,,,,,,,,,,,,,,,,,,,,,,,,,,,,,,,,,,,,,,,,,,,,,,,,,,,,,,,,,,,62640,"<span lang=""EN-GB"">Suppose
     you want to read a digital document when you are at home with people you
     are close to (e.g., friends, family members).<strong><o:p></o:p></strong></span>"
10/29/2018 9:52,10/29/2018 9:58,0,100.35.97.44,100,356,1,10/29/2018 9:58,R_3spIx3fXnKQC4wS,,,,,40.74450684,-74.15080261,anonymous,EN,"1,2,3,4,5,6",2,,5,,"2,3",,3,,1,,2,1,,5,,2,"2,3",,2,,3,,2,,2,,4,,3,,,,,,,,,,,,,,,,,,,,,,,,,,,,,,,,,,,,,,,,,,,,,,,,,,,,,,,,,,,"2,4,5",,5,,3,,3,,1,,1,5,,5,,5,,3,,3,,2,,3,,5,,4,,,,,,,,,,,,,,,,,,,,,,,,,,,,,,,,,,,,,,,,,,,,,,,,,,,,,,,,,,,,,,,,,,,,,,,,,,,,,,,,,,,,,,,,,female,34,home maker,3,2,,2,31956,"<span lang=""EN-GB"">Suppose you are alone at home, you want to take a break from studying/working&nbsp;</span>so you decide to play an online/digital game with some close friends ."
10/29/2018 9:57,10/29/2018 9:58,0,108.7.61.222,100,73,1,10/29/2018 9:58,R_DvDV5pTSi0QoicN,,,,,42.02119446,-71.21779633,anonymous,EN,5,,,,,,,,,,,,,,,,,,,,,,,,,,,,,,,,,,,,,,,,,,,,,,,,,,,,,,,,,,,,,,,,,,,,,,,,,,,,,,,,,,,,,,,,,,,,,,,,,,,,,,,,,,,,,,,,,,,,,,,,,,,,,,,,,,,,,,,,,,,,,,,,,,,,,,,,,,,,,,,,,,,,,,,,,,,,,,,,,,,,,,,,,,,,,,,,,,,,,,,,,,,,,,,,,,,9004,"<span lang=""EN-GB"">Suppose you want to browse the internet when you alone at a park.<o:p></o:p></span>"
10/29/2018 9:59,10/29/2018 9:59,0,208.180.203.34,100,31,1,10/29/2018 9:59,R_eIGU3HOq00AcERb,,,,,31.22320557,-92.32029724,anonymous,EN,"1,2,3,4,5,6",4,,3,,"1,3",,1,,6,,3,3,,3,,2,2,,3,,3,,2,,2,,2,,,,,,,,,,,,,,,,,,,,,,,,,,,,,,,,,,,,,,,,,,,,,,,,,,,,,,,,,,,,,,,,,,,,,,,,,,,,,,,,,,,,,,,,,,,,,,,,,,,,,,,,,,,,,,,,,,,,,,,,,,,,,,,,,,,,,,,,,,,,,,,,,,,,,,,,,,,,,,,,,,,,,,,,,,,,,,,,,,,,,,,,82748,"<span lang=""EN-GB"">Suppose
     you want to a view a text message when you are with a very close friend at
     a restaurant&nbsp;<o:p></o:p></span>"
10/29/2018 10:00,10/29/2018 10:01,0,64.22.228.164,100,55,1,10/29/2018 10:01,R_ODpcqEt4uOquotb,,,,,37.21530151,-93.29820251,anonymous,EN,"1,2",,,,,,,,,,,,,,,,,,,,,,,,,,,,,,,,,,,,,,,,,,,,,,,,,,,,,,,,,,,,,,,,,,,,,,,,,,,,,,,,,,,,,,,,,,,,,,,,,,,,,,,,,,,,,,,,,,,,,,,,,,,,,,,,,,,,,,,,,,,,,,,,,,,,,,,,,,,,,,,,,,,,,,,,,,,,,,,,,,,,,,,,,,,,,,,,,,,,,,,,,,,,,,,,,,,47343,"<span lang=""EN-GB"" style=""font-size:11.0pt;line-height:115%;
font-family:&quot;Arial&quot;,sans-serif;mso-fareast-font-family:Arial;mso-ansi-language:
EN-GB;mso-fareast-language:EN-US;mso-bidi-language:AR-SA"">Suppose you want to check your social media when you are alone in a park.</span>"
10/29/2018 9:58,10/29/2018 10:05,0,100.35.97.44,100,432,1,10/29/2018 10:05,R_3HYO72cYve7rD0n,,,,,40.74450684,-74.15080261,anonymous,EN,"1,2,3,4,5,6",2,,1,,"2,3",,3,,1,,1,5,,2,,1,"2,3",,"1,2",,3,,"1,2",,3,,4,,2,,,,,,,,,,,,,,,,,,,,,,,,,,,,,,2,,1,,3,,1,,1,,1,5,,5,,5,,3,,3,,2,,3,,5,,1,,,,,,,,,,,,,,,,,,,,,,,,,,,,,,,,,,,,,,,,,,,,,,,,,,,,,,,,,,,,,,,,,,,,,,,,,,,,,,,,,,,,,,,,,,,,,,,,,,,,,,,,,,,,,,,,,,,,,,female,34,home maker,2,3,,2,20378,"<span lang=""EN-GB"" style=""font-size:11.0pt;line-height:115%;
font-family:&quot;Arial&quot;,sans-serif;mso-fareast-font-family:Arial;mso-ansi-language:
EN-GB;mso-fareast-language:EN-US;mso-bidi-language:AR-SA"">Suppose you want to
take a click a photo when you are at Starbucks.</span>"
10/29/2018 10:05,10/29/2018 10:07,0,68.142.176.244,100,122,1,10/29/2018 10:07,R_2taiLYzj5DMQUgq,,,,,37.58250427,-77.5196991,anonymous,EN,"1,2,3",2,,"1,2",,"1,2,3",,1,,"2,3",,"2,3",3,,1,,3,1,,"1,2",,"2,3,4",,"2,3",,"1,3",,2,,,,,,,,,,,,,,,,,,,,,,,,,,,,,,,,,,,,,,,,,,,,,,,,,,,,,,,,,,,,,,,,,,,,,,,,,,,,,,,,,,,,,,,,,,,,,,,,,,,,,,,,,,,,,,,,,,,,,,,,,,,,,,,,,,,,,,,,,,,,,,,,,,,,,,,,,,,,,,,,,,,,,,,,,,,,,,,,,,,,,,,,76031,"<span lang=""EN-GB"">Suppose you want to a send an email when you are walking with a very close friend on a street.&nbsp;<o:p></o:p></span>"
10/29/2018 10:08,10/29/2018 10:11,0,24.54.166.209,100,179,1,10/29/2018 10:11,R_2CNX3GhQI7kHgQh,,,,,48.22909546,-101.2985001,anonymous,EN,"1,2,4","2,3",,"1,2",,"1,2,3,4",,1,,1,,4,"1,2,3",,2,,1,"1,2,4",,"1,2,3",,1,,"1,2,3",,"1,2",,"1,2",,,,,,,,,,,,,,,,,,,,,,,,,,,,,,,,,,,,,,,,,,,,,,,,,,,,,,,,,,,,,,,,,,,,,,,,,,,,,,,,,,,,,,,,,,,,,,,,,,,,,,,,,,,,,,,,,,,,,,,,,,,,,,,,,,,,,,,,,,,,,,,,,,,,,,,,,,,,,,,,,,,,,,,,,,,,,,,,,,,,,,,,65756,"<span lang=""EN-GB"">Suppose
     you want to listen to some audio when you are with your friends at
     Starbucks.<o:p></o:p></span>"
10/29/2018 10:16,10/29/2018 10:16,0,198.51.197.42,100,16,1,10/29/2018 10:16,R_3w0lOlw1LHxYyfD,,,,,39.21409607,-76.87879944,anonymous,EN,"1,2",,,,,,,,,,,,,,,,,,,,,,,,,,,,,,,,,,,,,,,,,,,,,,,,,,,,,,,,,,,,,,,,,,,,,,,,,,,,,,,,,,,,,,,,,,,,,,,,,,,,,,,,,,,,,,,,,,,,,,,,,,,,,,,,,,,,,,,,,,,,,,,,,,,,,,,,,,,,,,,,,,,,,,,,,,,,,,,,,,,,,,,,,,,,,,,,,,,,,,,,,,,,,,,,,,,5345,"Suppose you want to find a route to a coffee shop
     when you are at home with your by your colleagues<o:p></o:p>"
10/29/2018 10:13,10/29/2018 10:16,0,108.171.131.164,100,202,1,10/29/2018 10:16,R_Xka7qWm5BfLCNwZ,,,,,37.75100708,-97.8219986,anonymous,EN,"1,2,3,4,6","2,3,4,5",,3,,"1,2",,3,,3,,3,3,,3,,1,3,,2,,7,,2,,2,,"1,2",,,,,,,,,,,,,,,,,,,,,,,,,,,,,,,,,,,,,,,,,,,,,,,,,,,,,,,,,,,,,,,,,,,,,,,,,,,,,,,,,,,,,,,,,,,,,,,,,,,,,,,,,,,,,,,,,,,,,,,,,,,,,,,,,,,,,,,,,,,,,,,,,,,,,,,,,,,,,,,,,,,,,,,,,,,,,,,,,,,,,,,,49154,"<span lang=""EN-GB"">Suppose you want to listen to some audio when you are alone in a park.<o:p></o:p></span>"
10/29/2018 10:19,10/29/2018 10:19,0,24.159.217.26,100,18,1,10/29/2018 10:19,R_3e8CnvAlOTRV4wK,,,,,46.79870605,-92.09459686,anonymous,EN,"2,6",,,,,,,,,,,,,,,,,,,,,,,,,,,,,,,,,,,,,,,,,,,,,,,,,,,,,,,,,,,,,,,,,,,,,,,,,,,,,,,,,,,,,,,,,,,,,,,,,,,,,,,,,,,,,,,,,,,,,,,,,,,,,,,,,,,,,,,,,,,,,,,,,,,,,,,,,,,,,,,,,,,,,,,,,,,,,,,,,,,,,,,,,,,,,,,,,,,,,,,,,,,,,,,,,,,27390,"Suppose you want to purchase something (e.g., book,
     household items) online when you are with people
     you know (e.g., acquaintances, colleagues) at
     Starbucks.<o:p></o:p>"
10/29/2018 9:56,10/29/2018 10:20,0,107.221.25.133,100,1443,1,10/29/2018 10:20,R_pzPH941ordHp7pL,,,,,34.79020691,-92.50440216,anonymous,EN,"2,3,4","1,2,4,5",,3,,1,,3,,1,,3,5,,5,,3,1,,2,,7,,2,,5,,4,,2,,,,,,,,,,,,,,,,,,,,,,,,,,,,,,"1,2,4,5",,3,,1,,3,,1,,3,5,,5,,5,,3,,7,,2,,7,,5,,4,,,,,,,,,,,,,,,,,,,,,,,,,,,,,,,,,,,,,,,,,,,,,,,,,,,,,,,,,,,,,,,,,,,,,,,,,,,,,,,,,,,,,,,,,,,,,,,,,,,,,,,,,,,,,,,,,,,,,,Male,62,Self-Employed Freelancer,5,1,,3,89139,"<span lang=""EN-GB"">Suppose
     you want to set up a reminder when you are at home with people you are
     close to (e.g., friends, family members).<strong><o:p></o:p></strong></span>"
10/22/2018 10:22,10/22/2018 10:23,0,98.208.115.161,1,65,0,10/29/2018 10:23,R_2SwcH23tuYb5QZW,,,,,,,anonymous,EN,,,,,,,,,,,,,,,,,,,,,,,,,,,,,,,,,,,,,,,,,,,,,,,,,,,,,,,,,,,,,,,,,,,,,,,,,,,,,,,,,,,,,,,,,,,,,,,,,,,,,,,,,,,,,,,,,,,,,,,,,,,,,,,,,,,,,,,,,,,,,,,,,,,,,,,,,,,,,,,,,,,,,,,,,,,,,,,,,,,,,,,,,,,,,,,,,,,,,,,,,,,,,,,,,,,,6677,"<span lang=""EN-GB"">Suppose
     you want to a view a text message when you are surrounded with people you
     are close to (e.g., friends, family members) at your home.<strong><o:p></o:p></strong></span>"
10/29/2018 10:16,10/29/2018 10:23,0,172.126.0.46,100,456,1,10/29/2018 10:23,R_vq2EEqXP7SAPdBf,,,,,34.0756073,-89.88770294,anonymous,EN,"1,2,3,4,6","1,2,3,4,5",,"1,2",,2,,1,,1,,2,"1,2,3",,"1,2,3",,"2,3","1,4",,"2,3",,2,,2,,"1,2,3",,"1,2",,,,,,,,,,,,,,,,,,,,,,,,,,,,,,,,,,,,,,,,,,,,,,,,,,,,,,,,,,,,,,,,,,,,,,,,,,,,,,,,,,,,,,,,,,,,,,,,,,,,,,,,,,,,,,,,,,,,,,,,,,,,,,,,,,,,,,,,,,,,,,,,,,,,,,,,,,,,,,,,,,,,,,,,,,,,,,,,,,,,,,,,78020,"<span lang=""EN-GB"">Suppose
     you want to call your mother for sharing an important update about your
     life yourself when you are with a very close friend at a park.&nbsp;<o:p></o:p></span>"
10/22/2018 10:28,10/22/2018 10:28,0,198.52.38.3,1,43,0,10/29/2018 10:28,R_31Krlb9QeM8YzdT,,,,,,,anonymous,EN,,,,,,,,,,,,,,,,,,,,,,,,,,,,,,,,,,,,,,,,,,,,,,,,,,,,,,,,,,,,,,,,,,,,,,,,,,,,,,,,,,,,,,,,,,,,,,,,,,,,,,,,,,,,,,,,,,,,,,,,,,,,,,,,,,,,,,,,,,,,,,,,,,,,,,,,,,,,,,,,,,,,,,,,,,,,,,,,,,,,,,,,,,,,,,,,,,,,,,,,,,,,,,,,,,,,78136,"<span lang=""EN-GB"">Suppose
     you want to watch some video when you are with your close friends in a
     park.<o:p></o:p></span>"
10/29/2018 10:17,10/29/2018 10:31,0,108.7.61.222,100,871,1,10/29/2018 10:31,R_3JKqiNrsZ3QdbjE,,,,,42.02119446,-71.21779633,anonymous,EN,2,,,,,,,,,,,,,,,,,,,,,,,,,,,,,,,,,,,,,,,,,,,,,,,,,,,,,,,,,,,,,,,,,,,,,,,,,,,,,,,,,,,,,,,,,,,,,,,,,,,,,,,,,,,,,,,,,,,,,,,,,,,,,,,,,,,,,,,,,,,,,,,,,,,,,,,,,,,,,,,,,,,,,,,,,,,,,,,,,,,,,,,,,,,,,,,,,,,,,,,,,,,,,,,,,,,53419,"<span lang=""EN-GB"">Suppose you want to control some devices/appliances (e.g., smart lights) when you are alone at home.<o:p></o:p></span>"
10/29/2018 10:29,10/29/2018 10:33,0,104.129.196.169,100,213,1,10/29/2018 10:33,R_0wUFc3hTTS9moUh,,,,,41.84829712,-87.65170288,anonymous,EN,"1,2,4",5,,1,,1,,3,,1,,3,1,,5,,2,2,,2,,6,,2,,"1,3",,2,,,,,,,,,,,,,,,,,,,,,,,,,,,,,,,,,,,,,,,,,,,,,,,,,,,,,,,,,,,,,,,,,,,,,,,,,,,,,,,,,,,,,,,,,,,,,,,,,,,,,,,,,,,,,,,,,,,,,,,,,,,,,,,,,,,,,,,,,,,,,,,,,,,,,,,,,,,,,,,,,,,,,,,,,,,,,,,,,,,,,,,,67135,"<span lang=""EN-GB"">Suppose you are at sitting at Starbucks and you want to play a digital/online&nbsp;</span>game with some close friends."
10/29/2018 10:34,10/29/2018 10:37,0,68.52.56.99,100,151,1,10/29/2018 10:37,R_0Vz205MaOGdHIB3,,,,,37.68479919,-85.87840271,anonymous,EN,"1,2,3,4","2,3",,"1,2,3",,"1,2,3",,1,,"2,4",,"1,2,3","1,2",,"1,3",,2,"1,2,4",,"1,2",,"1,2,3",,"1,2",,"1,2,3",,2,,,,,,,,,,,,,,,,,,,,,,,,,,,,,,,,,,,,,,,,,,,,,,,,,,,,,,,,,,,,,,,,,,,,,,,,,,,,,,,,,,,,,,,,,,,,,,,,,,,,,,,,,,,,,,,,,,,,,,,,,,,,,,,,,,,,,,,,,,,,,,,,,,,,,,,,,,,,,,,,,,,,,,,,,,,,,,,,,,,,,,,,44468,"<span lang=""EN-GB"">Suppose you want to read a digital document when you are at Starbucks with people you know (e.g., acquaintances, colleagues).<o:p></o:p></span>"
10/29/2018 10:38,10/29/2018 10:38,0,174.230.27.176,100,22,1,10/29/2018 10:38,R_2dBcPj16Rahh0NM,,,,,42.49920654,-83.47730255,anonymous,EN,6,,,,,,,,,,,,,,,,,,,,,,,,,,,,,,,,,,,,,,,,,,,,,,,,,,,,,,,,,,,,,,,,,,,,,,,,,,,,,,,,,,,,,,,,,,,,,,,,,,,,,,,,,,,,,,,,,,,,,,,,,,,,,,,,,,,,,,,,,,,,,,,,,,,,,,,,,,,,,,,,,,,,,,,,,,,,,,,,,,,,,,,,,,,,,,,,,,,,,,,,,,,,,,,,,,,80161,"<span lang=""EN-GB"">Suppose
     you want to find a route to home when you are at Starbucks with your close
     friends.<o:p></o:p></span>"
10/29/2018 10:39,10/29/2018 10:43,0,50.201.40.102,100,227,1,10/29/2018 10:43,R_3R6DDjtaREKTPhf,,,,,40.60870361,-74.2818985,anonymous,EN,"1,2,3,4","2,3,4",,1,,"1,2,3",,1,,1,,2,"1,2,3",,"1,2,3",,"2,3","1,2,3",,"1,2,3",,"1,3,6",,"1,2",,"1,2,3",,"1,2",,,,,,,,,,,,,,,,,,,,,,,,,,,,,,,,,,,,,,,,,,,,,,,,,,,,,,,,,,,,,,,,,,,,,,,,,,,,,,,,,,,,,,,,,,,,,,,,,,,,,,,,,,,,,,,,,,,,,,,,,,,,,,,,,,,,,,,,,,,,,,,,,,,,,,,,,,,,,,,,,,,,,,,,,,,,,,,,,,,,,,,,47901,"<span lang=""EN-GB"">Suppose you want to read a digital document when you are at a park.<o:p></o:p></span>"
10/29/2018 10:41,10/29/2018 10:43,0,96.57.65.98,100,150,1,10/29/2018 10:43,R_3G8HWCaJpHaLRTW,,,,,40.80830383,-73.13050079,anonymous,EN,"1,2,3,4",2,,2,,2,,1,,"1,2",,1,"1,2",,2,,2,"2,3",,1,,3,,2,,2,,1,,,,,,,,,,,,,,,,,,,,,,,,,,,,,,,,,,,,,,,,,,,,,,,,,,,,,,,,,,,,,,,,,,,,,,,,,,,,,,,,,,,,,,,,,,,,,,,,,,,,,,,,,,,,,,,,,,,,,,,,,,,,,,,,,,,,,,,,,,,,,,,,,,,,,,,,,,,,,,,,,,,,,,,,,,,,,,,,,,,,,,,,16428,"<span lang=""EN-GB"">Suppose you want to browse the internet when you are with people you know (e.g., acquaintances, colleagues) at a park.<o:p></o:p></span>"
10/22/2018 10:46,10/22/2018 10:47,0,207.225.105.162,78,23,0,10/29/2018 10:47,R_T2hKqcsvnliKp6V,,,,,,,anonymous,EN,"1,2,4",,,,,,,,,,,,,,,,,,,,,,,,,,,,,,,,,,,,,,,,,,,,,,,,,,,,,,,,,,,,,,,,,,,,,,,,,,,,,,,,,,,,,,,,,,,,,,,,,,,,,,,,,,,,,,,,,,,,,,,,,,,,,,,,,,,,,,,,,,,,,,,,,,,,,,,,,,,,,,,,,,,,,,,,,,,,,,,,,,,,,,,,,,,,,,,,,,,,,,,,,,,,,,,,,,,59155,"<span lang=""EN-GB"">Suppose you have planned to meet a friend next week and you want to put this on your calendar when you are surrounded with people you are close to (e.g., friends, family members) at your home.<strong><o:p></o:p></strong></span>"
10/29/2018 10:52,10/29/2018 10:52,0,73.77.58.243,100,15,1,10/29/2018 10:52,R_2alrwJaLp6e5Rgp,,,,,29.27659607,-94.83029938,anonymous,EN,2,,,,,,,,,,,,,,,,,,,,,,,,,,,,,,,,,,,,,,,,,,,,,,,,,,,,,,,,,,,,,,,,,,,,,,,,,,,,,,,,,,,,,,,,,,,,,,,,,,,,,,,,,,,,,,,,,,,,,,,,,,,,,,,,,,,,,,,,,,,,,,,,,,,,,,,,,,,,,,,,,,,,,,,,,,,,,,,,,,,,,,,,,,,,,,,,,,,,,,,,,,,,,,,,,,,32573,"<span lang=""EN-GB"">Suppose you are at sitting at Starbucks and you want to play a digital/online&nbsp;</span>game."
10/22/2018 10:51,10/22/2018 10:53,0,76.203.249.88,78,107,0,10/29/2018 10:54,R_1GwvJsSUoKey6Ig,,,,,,,anonymous,EN,"1,2,4",,,,,,,,,,,,,,,,,,,,,,,,,,,,,,,,,,,,,,,,,,,,,,,,,,,,,,,,,,,,,,,,,,,,,,,,,,,,,,,,,,,,,,,,,,,,,,,,,,,,,,,,,,,,,,,,,,,,,,,,,,,,,,,,,,,,,,,,,,,,,,,,,,,,,,,,,,,,,,,,,,,,,,,,,,,,,,,,,,,,,,,,,,,,,,,,,,,,,,,,,,,,,,,,,,,43516,"<span lang=""EN-GB"">Suppose
     you want to a send an email when you are with a very close friend at a
     restaurant&nbsp;<o:p></o:p></span>"
10/22/2018 10:49,10/22/2018 10:55,0,172.92.213.228,88,352,0,10/29/2018 10:55,R_tLgY3eKWnFGTZst,,,,,,,anonymous,EN,"1,2,4,5","1,2,4",,"1,2,3",,"1,2,4",,1,,1,,3,"1,3",,2,,3,2,,2,,"2,3,4",,2,,3,,1,,2,,,,,,,,,,,,,,,,,,,,,,,,,,,,,,,,,,,,,,,,,,,,,,,,,,,,,,,,,,,,,,,,,,,,,,,,,,,,,,,,,,,,,,,,,,,,,,,,,,,,,,,,,,,,,,,,,,,,,,,,,,,,,,,,,,,,,,,,,,,,,,,,,,,,,,,,,,,,,,,,,,,,,,,,,,,,,,,,,,,,,,93957,"<span lang=""EN-GB"">Suppose you want to a send an email when you are walking with a very close friend on a street.&nbsp;<o:p></o:p></span>"
10/22/2018 10:57,10/22/2018 11:02,0,99.50.120.190,78,287,0,10/29/2018 11:02,R_3CZcRLozi6ADJgJ,,,,,,,anonymous,EN,"1,2,3",,,,,,,,,,,,,,,,,,,,,,,,,,,,,,,,,,,,,,,,,,,,,,,,,,,,,,,,,,,,,,,,,,,,,,,,,,,,,,,,,,,,,,,,,,,,,,,,,,,,,,,,,,,,,,,,,,,,,,,,,,,,,,,,,,,,,,,,,,,,,,,,,,,,,,,,,,,,,,,,,,,,,,,,,,,,,,,,,,,,,,,,,,,,,,,,,,,,,,,,,,,,,,,,,,,48244,"<span lang=""EN-GB"" style=""font-size:11.0pt;line-height:115%;
font-family:&quot;Arial&quot;,sans-serif;mso-fareast-font-family:Arial;mso-ansi-language:
EN-GB;mso-fareast-language:EN-US;mso-bidi-language:AR-SA"">Suppose you want to
read a digital document when you are at Starbucks surrounded with your close
friends.</span>"
10/29/2018 11:22,10/29/2018 11:22,0,75.142.31.154,100,11,1,10/29/2018 11:22,R_cIqG7EMMtaD0Wcx,,,,,42.39889526,-123.3538055,anonymous,EN,2,,,,,,,,,,,,,,,,,,,,,,,,,,,,,,,,,,,,,,,,,,,,,,,,,,,,,,,,,,,,,,,,,,,,,,,,,,,,,,,,,,,,,,,,,,,,,,,,,,,,,,,,,,,,,,,,,,,,,,,,,,,,,,,,,,,,,,,,,,,,,,,,,,,,,,,,,,,,,,,,,,,,,,,,,,,,,,,,,,,,,,,,,,,,,,,,,,,,,,,,,,,,,,,,,,,62215,"<span lang=""EN-GB"">Suppose
     you want to a view a text message when you with people you know (e.g.,
     acquaintances, colleagues) at a street<strong>.</strong><o:p></o:p></span>"
10/29/2018 11:24,10/29/2018 11:31,0,76.99.77.42,100,429,1,10/29/2018 11:31,R_ApTE864D26rDHsR,,,,,39.95030212,-75.30400085,anonymous,EN,"1,2,3,4",2,,"1,2",,"1,2,3",,3,,1,,1,2,,"2,3",,1,"2,3",,2,,"1,3",,2,,"1,2,3",,"1,2",,2,,,,,,,,,,,,,,,,,,,,,,,,,,,,,,"2,3,5",,1,,2,,1,,1,,1,2,,"2,3",,"2,3",,3,,"1,3,4",,2,,"1,3,4",,"1,2,3",,"1,2",,,,,,,,,,,,,,,,,,,,,,,,,,,,,,,,,,,,,,,,,,,,,,,,,,,,,,,,,,,,,,,,,,,,,,,,,,,,,,,,,,,,,,,,,,,,,,,,,,,,,,,,,,,,,,,,,,,,,,Female,31,Non Instructional Aide,4,1,,4,42919,"<span lang=""EN-GB"" style=""font-size:11.0pt;line-height:115%;
font-family:&quot;Arial&quot;,sans-serif;mso-fareast-font-family:Arial;mso-ansi-language:
EN-GB;mso-fareast-language:EN-US;mso-bidi-language:AR-SA"">Suppose you want to a
send a text message when you are alone at Starbucks.</span>"
10/29/2018 11:39,10/29/2018 11:40,0,107.77.196.32,100,31,1,10/29/2018 11:40,R_vudCLGZ3GiA1IA1,,,,,32.77870178,-96.82170105,anonymous,EN,"1,4",,,,,,,,,,,,,,,,,,,,,,,,,,,,,,,,,,,,,,,,,,,,,,,,,,,,,,,,,,,,,,,,,,,,,,,,,,,,,,,,,,,,,,,,,,,,,,,,,,,,,,,,,,,,,,,,,,,,,,,,,,,,,,,,,,,,,,,,,,,,,,,,,,,,,,,,,,,,,,,,,,,,,,,,,,,,,,,,,,,,,,,,,,,,,,,,,,,,,,,,,,,,,,,,,,,93414,"<span lang=""EN-GB"">Suppose
     you want to purchase something (e.g., book, household items) online when
     you are with your close friends at a park.<o:p></o:p></span>"
10/29/2018 11:42,10/29/2018 11:42,0,73.166.22.210,100,11,1,10/29/2018 11:42,R_1kIGBsyVoRdBqfR,,,,,29.82969666,-95.28790283,anonymous,EN,1,,,,,,,,,,,,,,,,,,,,,,,,,,,,,,,,,,,,,,,,,,,,,,,,,,,,,,,,,,,,,,,,,,,,,,,,,,,,,,,,,,,,,,,,,,,,,,,,,,,,,,,,,,,,,,,,,,,,,,,,,,,,,,,,,,,,,,,,,,,,,,,,,,,,,,,,,,,,,,,,,,,,,,,,,,,,,,,,,,,,,,,,,,,,,,,,,,,,,,,,,,,,,,,,,,,17471,"Suppose
     you want to call your mother for sharing an important update about your
     life when you are surrounded by people you
     know (e.g., acquaintances, colleagues) at a restaurant.<o:p></o:p>"
10/29/2018 11:38,10/29/2018 11:42,0,161.11.160.24,100,272,1,10/29/2018 11:42,R_21ohiMCLnUDmYLi,,,,,42.65260315,-73.7562027,anonymous,EN,"1,2,3,4","2,3,4,5",,5,,"1,2,3",,3,,4,,4,"1,2",,2,,1,"1,2,3,4",,5,,"3,6",,2,,5,,1,,,,,,,,,,,,,,,,,,,,,,,,,,,,,,,,,,,,,,,,,,,,,,,,,,,,,,,,,,,,,,,,,,,,,,,,,,,,,,,,,,,,,,,,,,,,,,,,,,,,,,,,,,,,,,,,,,,,,,,,,,,,,,,,,,,,,,,,,,,,,,,,,,,,,,,,,,,,,,,,,,,,,,,,,,,,,,,,,,,,,,,,99683,"<span lang=""EN-GB"">Suppose you want to browse the internet when you are at home with people you know (e.g., acquaintances, colleagues).<o:p></o:p></span>"
10/29/2018 11:44,10/29/2018 11:47,0,72.165.252.129,100,143,1,10/29/2018 11:47,R_phDwY5DawS5pQnT,,,,,27.18609619,-81.86669922,anonymous,EN,"1,2,4,6",2,,1,,1,,1,,1,,"2,3","1,2",,"1,3",,3,2,,2,,"1,3,4",,2,,3,,2,,,,,,,,,,,,,,,,,,,,,,,,,,,,,,,,,,,,,,,,,,,,,,,,,,,,,,,,,,,,,,,,,,,,,,,,,,,,,,,,,,,,,,,,,,,,,,,,,,,,,,,,,,,,,,,,,,,,,,,,,,,,,,,,,,,,,,,,,,,,,,,,,,,,,,,,,,,,,,,,,,,,,,,,,,,,,,,,,,,,,,,,64018,"<span lang=""EN-GB"">Suppose you have planned to meet a friend next week and you want to put this on your calendar when you are surrounded with people you are close to (e.g., friends, family members) at your home.<strong><o:p></o:p></strong></span>"
10/22/2018 11:48,10/22/2018 11:49,0,107.4.135.16,78,25,0,10/29/2018 11:49,R_1JORgSAknFz2GMX,,,,,,,anonymous,EN,"1,2,3,4,5,6",,,,,,,,,,,,,,,,,,,,,,,,,,,,,,,,,,,,,,,,,,,,,,,,,,,,,,,,,,,,,,,,,,,,,,,,,,,,,,,,,,,,,,,,,,,,,,,,,,,,,,,,,,,,,,,,,,,,,,,,,,,,,,,,,,,,,,,,,,,,,,,,,,,,,,,,,,,,,,,,,,,,,,,,,,,,,,,,,,,,,,,,,,,,,,,,,,,,,,,,,,,,,,,,,,,81872,"<span lang=""EN-GB"">Suppose you have planned to meet a friend next week and you want to put this on your calendar when you are alone at a park<o:p></o:p></span>"
10/29/2018 11:49,10/29/2018 11:53,0,173.3.44.255,100,251,1,10/29/2018 11:53,R_2vZE2dvINbYxAxS,,,,,40.86210632,-74.41169739,anonymous,EN,"1,2,4,5",2,,5,,"1,2",,3,,1,,2,"1,2,3",,5,,"1,2",6,,3,,6,,2,,5,,2,,,,,,,,,,,,,,,,,,,,,,,,,,,,,,,,,,,,,,,,,,,,,,,,,,,,,,,,,,,,,,,,,,,,,,,,,,,,,,,,,,,,,,,,,,,,,,,,,,,,,,,,,,,,,,,,,,,,,,,,,,,,,,,,,,,,,,,,,,,,,,,,,,,,,,,,,,,,,,,,,,,,,,,,,,,,,,,,,,,,,,,,6975,"<span lang=""EN-GB"">Suppose
     you want to a send an email when you are with a very close friend at a
     restaurant&nbsp;<o:p></o:p></span>"
10/29/2018 11:49,10/29/2018 11:54,0,173.91.10.174,100,330,1,10/29/2018 11:54,R_25Sj7RIPeaavf8Y,,,,,41.5592041,-81.48280334,anonymous,EN,"1,2,4","2,4",,1,,"1,2",,1,,1,,3,"1,2",,1,,2,"2,3",,2,,"1,3",,2,,"1,2",,2,,,,,,,,,,,,,,,,,,,,,,,,,,,,,,,,,,,,,,,,,,,,,,,,,,,,,,,,,,,,,,,,,,,,,,,,,,,,,,,,,,,,,,,,,,,,,,,,,,,,,,,,,,,,,,,,,,,,,,,,,,,,,,,,,,,,,,,,,,,,,,,,,,,,,,,,,,,,,,,,,,,,,,,,,,,,,,,,,,,,,,,,81095,"<span lang=""EN-GB"">Suppose
     you want to listen to some audio when you are with people you know (e.g.,
     acquaintances, colleagues) in a park.<o:p></o:p></span>


<p><span lang=""EN-GB"" style=""color:red"">&nbsp;</span></p>"
10/29/2018 11:42,10/29/2018 11:54,0,98.190.58.240,100,766,1,10/29/2018 11:54,R_A0q5pnswNSDMESZ,,,,,37.27319336,-76.73239899,anonymous,EN,"1,2,3,4","2,4,5",,5,,"1,2,3",,3,,1,,1,3,,5,,1,2,,"1,2",,"3,4",,"1,2",,1,,1,,"1,2,4",4,,5,,1,,3,,1,,1,5,,5,,5,,2,,3,,1,,3,,"1,2",,1,,"2,5",,1,,"1,2,3",,1,,1,,1,5,,5,,5,,2,,"1,3",,"1,2",,3,,1,,1,,,,,,,,,,,,,,,,,,,,,,,,,,,,,,,"2,5",,5,,"1,2,3",,3,,1,,1,3,,5,,5,,2,,3,,"1,2",,3,,1,,1,,,,,,,,,,,,,,,,,,,,,,,,,,,,,,,,,,,,,,,,,,,,,,,,,,,,,,,,,,,,,,,,,,,37817,"<span style=""color: rgb(0, 0, 0); font-family: Times; font-size: medium;"">Suppose you want to watch some video when you are with people you know (e.g., acquaintances, colleagues) at Starbucks</span>"
10/29/2018 12:01,10/29/2018 12:02,0,68.201.85.157,100,81,1,10/29/2018 12:02,R_1Kd1d4C9ESd342e,,,,,26.21589661,-98.32530212,anonymous,EN,"1,2,3",3,,1,,3,,3,,3,,3,3,,2,,4,1,,1,,3,,3,,2,,1,,,,,,,,,,,,,,,,,,,,,,,,,,,,,,,,,,,,,,,,,,,,,,,,,,,,,,,,,,,,,,,,,,,,,,,,,,,,,,,,,,,,,,,,,,,,,,,,,,,,,,,,,,,,,,,,,,,,,,,,,,,,,,,,,,,,,,,,,,,,,,,,,,,,,,,,,,,,,,,,,,,,,,,,,,,,,,,,,,,,,,,,83733,"<span lang=""EN-GB"">Suppose you want to find a route to home while walking on a street with people you know (e.g., acquaintances, colleagues).<o:p></o:p></span>"
10/22/2018 11:48,10/22/2018 12:04,0,66.250.143.159,78,916,0,10/29/2018 12:04,R_1CyH9wEbRTfHt9W,,,,,,,anonymous,EN,"1,2,3,4,5,6",,,,,,,,,,,,,,,,,,,,,,,,,,,,,,,,,,,,,,,,,,,,,,,,,,,,,,,,,,,,,,,,,,,,,,,,,,,,,,,,,,,,,,,,,,,,,,,,,,,,,,,,,,,,,,,,,,,,,,,,,,,,,,,,,,,,,,,,,,,,,,,,,,,,,,,,,,,,,,,,,,,,,,,,,,,,,,,,,,,,,,,,,,,,,,,,,,,,,,,,,,,,,,,,,,,56334,"<span lang=""EN-GB"">Suppose
     you want to purchase something online when you are with your close friends
     at Starbucks.<o:p></o:p></span>"
10/29/2018 12:03,10/29/2018 12:06,0,68.201.85.157,100,196,1,10/29/2018 12:06,R_cVb5jWAaTJ5bg8p,,,,,26.21589661,-98.32530212,anonymous,EN,"1,2,3","1,4",,5,,2,,3,,"1,3",,1,2,,5,,1,2,,5,,1,,2,,3,,2,,,,,,,,,,,,,,,,,,,,,,,,,,,,,,,,,,,,,,,,,,,,,,,,,,,,,,,,,,,,,,,,,,,,,,,,,,,,,,,,,,,,,,,,,,,,,,,,,,,,,,,,,,,,,,,,,,,,,,,,,,,,,,,,,,,,,,,,,,,,,,,,,,,,,,,,,,,,,,,,,,,,,,,,,,,,,,,,,,,,,,,,37580,"<span lang=""EN-GB"">Suppose
     you want to watch some video when you are with people you know (e.g.,
     acquaintances, colleagues) at your home.<o:p></o:p></span>"
10/29/2018 12:06,10/29/2018 12:07,0,192.17.51.218,100,17,1,10/29/2018 12:07,R_2aLCNn0hxnLVUd4,,,,,40.1105957,-88.20729828,anonymous,EN,"1,2",,,,,,,,,,,,,,,,,,,,,,,,,,,,,,,,,,,,,,,,,,,,,,,,,,,,,,,,,,,,,,,,,,,,,,,,,,,,,,,,,,,,,,,,,,,,,,,,,,,,,,,,,,,,,,,,,,,,,,,,,,,,,,,,,,,,,,,,,,,,,,,,,,,,,,,,,,,,,,,,,,,,,,,,,,,,,,,,,,,,,,,,,,,,,,,,,,,,,,,,,,,,,,,,,,,6377,"<span lang=""EN-GB"">Suppose
     you want to purchase something online when you are with people you are
     close to (e.g., friends, family members).<o:p></o:p></span>"
10/22/2018 12:16,10/22/2018 12:16,0,173.76.238.28,1,9,0,10/29/2018 12:17,R_urFSd3KK9PIjooF,,,,,,,anonymous,EN,,,,,,,,,,,,,,,,,,,,,,,,,,,,,,,,,,,,,,,,,,,,,,,,,,,,,,,,,,,,,,,,,,,,,,,,,,,,,,,,,,,,,,,,,,,,,,,,,,,,,,,,,,,,,,,,,,,,,,,,,,,,,,,,,,,,,,,,,,,,,,,,,,,,,,,,,,,,,,,,,,,,,,,,,,,,,,,,,,,,,,,,,,,,,,,,,,,,,,,,,,,,,,,,,,,,38657,"<span lang=""EN-GB"">Suppose
     you want to call your mother for sharing an important update about your
     life yourself when you are with a very close friend at a park.&nbsp;<o:p></o:p></span>"
10/22/2018 12:16,10/22/2018 12:19,0,68.41.147.138,78,153,0,10/29/2018 12:19,R_2OJuYLBWqv7dcgw,,,,,,,anonymous,EN,"1,2,3,4,5,6",,,,,,,,,,,,,,,,,,,,,,,,,,,,,,,,,,,,,,,,,,,,,,,,,,,,,,,,,,,,,,,,,,,,,,,,,,,,,,,,,,,,,,,,,,,,,,,,,,,,,,,,,,,,,,,,,,,,,,,,,,,,,,,,,,,,,,,,,,,,,,,,,,,,,,,,,,,,,,,,,,,,,,,,,,,,,,,,,,,,,,,,,,,,,,,,,,,,,,,,,,,,,,,,,,,36177,"<span lang=""EN-GB"">Suppose you want to take a click a photo when you are with your close friends&nbsp;</span>and family members at Starbucks"
10/29/2018 12:19,10/29/2018 12:20,0,71.33.173.236,100,80,1,10/29/2018 12:20,R_3G3A3dPT02LQcfH,,,,,39.82589722,-104.9113007,anonymous,EN,"1,2,3,5,6",3,,1,,3,,1,,"2,3",,2,3,,2,,2,"2,3",,1,,3,,1,,2,,"1,2",,3,,,,,,,,,,,,,,,,,,,,,,,,,,,,,,,,,,,,,,,,,,,,,,,,,,,,,,,,,,,4,,3,,2,,1,,3,,4,1,,2,,3,,3,,4,,1,,2,,1,,4,,,,,,,,,,,,,,,,,,,,,,,,,,,,,,,,,,,,,,,,,,,,,,,,,,,,,,,,,,,,,,,,,,,,,,,,,,,,,,,,,,,,,,,,,,,,,,,,1382,"<span lang=""EN-GB"">Suppose you want to a send an email when you are surrounded with people you are close to (e.g., friends, family members) at your home.<strong><o:p></o:p></strong></span>"
10/29/2018 12:21,10/29/2018 12:24,0,66.161.134.99,100,179,1,10/29/2018 12:24,R_1exC5pevOA3M0OF,,,,,39.21000671,-84.39499664,anonymous,EN,"1,2,3,4,5,6","2,3",,3,,"1,3",,1,,"1,2",,2,3,,1,,3,"2,3",,2,,2,,2,,3,,2,,,,,,,,,,,,,,,,,,,,,,,,,,,,,,,,,,,,,,,,,,,,,,,,,,,,,,,,,,,,,,,,,,,,,,,,,,,,,,,,,,,,,,,,,,,,,,,,,,,,,,,,,,,,,,,,,,,,,,,,,,,,,,,,,,,,,,,,,,,,,,,,,,,,,,,,,,,,,,,,,,,,,,,,,,,,,,,,,,,,,,,,87355,"<span lang=""EN-GB"">Suppose
     you want to watch some video when you are alone at Starbucks.<o:p></o:p></span>"
10/22/2018 12:29,10/22/2018 12:29,0,162.248.134.248,1,18,0,10/29/2018 12:29,R_3n0JLwTUTCh01Ak,,,,,,,anonymous,EN,"3,4,5,6",,,,,,,,,,,,,,,,,,,,,,,,,,,,,,,,,,,,,,,,,,,,,,,,,,,,,,,,,,,,,,,,,,,,,,,,,,,,,,,,,,,,,,,,,,,,,,,,,,,,,,,,,,,,,,,,,,,,,,,,,,,,,,,,,,,,,,,,,,,,,,,,,,,,,,,,,,,,,,,,,,,,,,,,,,,,,,,,,,,,,,,,,,,,,,,,,,,,,,,,,,,,,,,,,,,85205,"<span lang=""EN-GB"">Suppose
     you want to set up a reminder when you are alone at your home.<strong><o:p></o:p></strong></span>"
10/29/2018 12:29,10/29/2018 12:30,0,65.246.1.5,100,70,1,10/29/2018 12:30,R_1EZJBcrNXdNbVdH,,,,,39.33650208,-76.54109955,anonymous,EN,"1,2,3,4,5,6","1,2",,"2,3",,"1,2,3,4",,1,,"3,4",,4,1,,1,,2,"3,4",,"2,3",,4,,"2,3",,3,,"1,2",,,,,,,,,,,,,,,,,,,,,,,,,,,,,,,,,,,,,,,,,,,,,,,,,,,,,,,,,,,,,,,,,,,,,,,,,,,,,,,,,,,,,,,,,,,,,,,,,,,,,,,,,,,,,,,,,,,,,,,,,,,,,,,,,,,,,,,,,,,,,,,,,,,,,,,,,,,,,,,,,,,,,,,,,,,,,,,,,,,,,,,,56299,"<span lang=""EN-GB"">Suppose
     you want to set up a reminder when you are at a park by yourself.<o:p></o:p></span>"
10/22/2018 12:36,10/22/2018 12:36,0,164.58.69.2,1,6,0,10/29/2018 12:37,R_1QmS7POCcZa98sM,,,,,,,anonymous,EN,,,,,,,,,,,,,,,,,,,,,,,,,,,,,,,,,,,,,,,,,,,,,,,,,,,,,,,,,,,,,,,,,,,,,,,,,,,,,,,,,,,,,,,,,,,,,,,,,,,,,,,,,,,,,,,,,,,,,,,,,,,,,,,,,,,,,,,,,,,,,,,,,,,,,,,,,,,,,,,,,,,,,,,,,,,,,,,,,,,,,,,,,,,,,,,,,,,,,,,,,,,,,,,,,,,,52635,"<span lang=""EN-GB"">Suppose
     you want to listen to some audio when you are with your close friends in a
     park.<o:p></o:p></span>"
10/29/2018 12:39,10/29/2018 12:44,0,70.66.159.29,100,303,1,10/29/2018 12:44,R_yIlgR9nib7CrH1f,,,,,48.47770691,-123.365799,anonymous,EN,"1,2,3,4,6","2,3,5",,1,,"1,3",,1,,1,,"2,3",2,,2,,2,2,,"1,2",,"1,3",,"1,2",,1,,2,,,,,,,,,,,,,,,,,,,,,,,,,,,,,,,,,,,,,,,,,,,,,,,,,,,,,,,,,,,,,,,,,,,,,,,,,,,,,,,,,,,,,,,,,,,,,,,,,,,,,,,,,,,,,,,,,,,,,,,,,,,,,,,,,,,,,,,,,,,,,,,,,,,,,,,,,,,,,,,,,,,,,,,,,,,,,,,,,,,,,,,,44102,"<span lang=""EN-GB"">Suppose you are at a park with some people you know (e.g., acquaintances, colleagues) when you realize that you have to immediately pay one of your bills online.<o:p></o:p></span>"
10/29/2018 12:45,10/29/2018 12:46,0,71.30.236.90,100,83,1,10/29/2018 12:46,R_URcyx8tM6j1yLex,,,,,41.42889404,-78.55049896,anonymous,EN,"2,3",,,,,,,,,,,,,,,,,,,,,,,,,,,,,,,,,,,,,,,,,,,,,,,,,,,,,,,,,,,,,,,,,,,,,,,,,,,,,,,,,,,,,,,,,,,,,,,,,,,,,,,,,,,,,,,,,,,,,,,,,,,,,,,,,,,,,,,,,,,,,,,,,,,,,,,,,,,,,,,,,,,,,,,,,,,,,,,,,,,,,,,,,,,,,,,,,,,,,,,,,,,,,,,,,,,99366,"<span lang=""EN-GB"">Suppose
     you want to listen to some audio when you are alone at your home.<strong><o:p></o:p></strong></span>"
10/29/2018 12:45,10/29/2018 12:47,0,70.180.249.13,100,128,1,10/29/2018 12:47,R_1GZZhskRhoaOd3q,,,,,36.11489868,-115.2161026,anonymous,EN,"1,2,3",2,,2,,3,,1,,3,,1,1,,1,,3,3,,2,,2,,3,,"2,3",,2,,,,,,,,,,,,,,,,,,,,,,,,,,,,,,,,,,,,,,,,,,,,,,,,,,,,,,,,,,,,,,,,,,,,,,,,,,,,,,,,,,,,,,,,,,,,,,,,,,,,,,,,,,,,,,,,,,,,,,,,,,,,,,,,,,,,,,,,,,,,,,,,,,,,,,,,,,,,,,,,,,,,,,,,,,,,,,,,,,,,,,,,69336,"<span lang=""EN-GB"">Suppose you are at work with some people you know (e.g., acquaintances, colleagues) when you realize that you have to immediately pay one of your bills online.<o:p></o:p></span>"
10/29/2018 12:48,10/29/2018 12:53,0,76.77.245.27,100,332,1,10/29/2018 12:53,R_z9ekU2JliqJ5TJT,,,,,32.54600525,-96.28520203,anonymous,EN,"1,2,4",2,,5,,"2,3",,1,,4,,2,"2,3",,5,,2,1,,2,,"3,4",,1,,"1,2",,2,,,,,,,,,,,,,,,,,,,,,,,,,,,,,,,,,,,,,,,,,,,,,,,,,,,,,,,,,,,,,,,,,,,,,,,,,,,,,,,,,,,,,,,,,,,,,,,,,,,,,,,,,,,,,,,,,,,,,,,,,,,,,,,,,,,,,,,,,,,,,,,,,,,,,,,,,,,,,,,,,,,,,,,,,,,,,,,,,,,,,,,,16765,"<span lang=""EN-GB"">Suppose you are alone at home, you want to take a break from studying/working&nbsp;</span>so you decide to play an online/digital game."
10/22/2018 12:45,10/22/2018 12:48,0,73.43.56.103,78,194,0,10/29/2018 12:58,R_3MlleSMdVuhDpqC,,,,,,,anonymous,EN,"1,2,4",,,,,,,,,,,,,,,,,,,,,,,,,,,,,,,,,,,,,,,,,,,,,,,,,,,,,,,,,,,,,,,,,,,,,,,,,,,,,,,,,,,,,,,,,,,,,,,,,,,,,,,,,,,,,,,,,,,,,,,,,,,,,,,,,,,,,,,,,,,,,,,,,,,,,,,,,,,,,,,,,,,,,,,,,,,,,,,,,,,,,,,,,,,,,,,,,,,,,,,,,,,,,,,,,,,47985,"<span lang=""EN-GB"">Suppose
     you want to set up a reminder when you are at a park by yourself.<o:p></o:p></span>"
10/22/2018 12:58,10/22/2018 13:00,0,72.228.49.123,1,88,0,10/29/2018 13:00,R_7VciVnEOfpq8gcV,,,,,,,anonymous,EN,,,,,,,,,,,,,,,,,,,,,,,,,,,,,,,,,,,,,,,,,,,,,,,,,,,,,,,,,,,,,,,,,,,,,,,,,,,,,,,,,,,,,,,,,,,,,,,,,,,,,,,,,,,,,,,,,,,,,,,,,,,,,,,,,,,,,,,,,,,,,,,,,,,,,,,,,,,,,,,,,,,,,,,,,,,,,,,,,,,,,,,,,,,,,,,,,,,,,,,,,,,,,,,,,,,,84609,"<span lang=""EN-GB"">Suppose you want to set up a reminder about something when you are at Starbucks with close friends.<o:p></o:p></span>"
10/22/2018 12:58,10/22/2018 13:03,0,74.204.27.130,88,262,0,10/29/2018 13:03,R_3RrqKeVUoLjZufA,,,,,,,anonymous,EN,"1,2,4","1,2",,1,,2,,1,,2,,1,1,,1,,1,2,,"2,3",,2,,"2,3",,1,,4,,"2,4",,,,,,,,,,,,,,,,,,,,,,,,,,,,,,,,,,,,,,,,,,,,,,,,,,,,,,,,,,,,,,,,,,,,,,,,,,,,,,,,,,,,,,,,,,,,,,,,,,,,,,,,,,,,,,,,,,,,,,,,,,,,,,,,,,,,,,,,,,,,,,,,,,,,,,,,,,,,,,,,,,,,,,,,,,,,,,,,,,,,,,39327,"<span lang=""EN-GB"">Suppose
     you have planned to meet a friend next week and you want put this on your
     calendar when you are alone at home<strong><o:p></o:p></strong></span>"
10/29/2018 13:00,10/29/2018 13:05,0,73.255.233.43,100,341,1,10/29/2018 13:05,R_OHZVjhr0N4kSjYZ,,,,,27.46760559,-81.45809937,anonymous,EN,"1,2,3,4",2,,1,,1,,1,,"2,4",,3,"1,2",,2,,1,"1,2,4",,2,,6,,2,,"1,2",,4,,,,,,,,,,,,,,,,,,,,,,,,,,,,,,,,,,,,,,,,,,,,,,,,,,,,,,,,,,,,,,,,,,,,,,,,,,,,,,,,,,,,,,,,,,,,,,,,,,,,,,,,,,,,,,,,,,,,,,,,,,,,,,,,,,,,,,,,,,,,,,,,,,,,,,,,,,,,,,,,,,,,,,,,,,,,,,,,,,,,,,,,2243,"<span lang=""EN-GB"">Suppose
     you want to read a digital document) when you are at home with people you
     know (e.g., acquaintances, colleagues).<o:p></o:p></span>"
10/22/2018 13:08,10/22/2018 13:10,0,76.186.182.53,78,131,0,10/29/2018 13:10,R_1jHvz8I3kiF89Q8,,,,,,,anonymous,EN,"2,3,4",,,,,,,,,,,,,,,,,,,,,,,,,,,,,,,,,,,,,,,,,,,,,,,,,,,,,,,,,,,,,,,,,,,,,,,,,,,,,,,,,,,,,,,,,,,,,,,,,,,,,,,,,,,,,,,,,,,,,,,,,,,,,,,,,,,,,,,,,,,,,,,,,,,,,,,,,,,,,,,,,,,,,,,,,,,,,,,,,,,,,,,,,,,,,,,,,,,,,,,,,,,,,,,,,,,59465,"<span lang=""EN-GB"">Suppose
     you want to watch some video when
     you are at home with people you are close to (e.g., friends, family
     members)<strong><o:p></o:p></strong></span>"
10/29/2018 13:16,10/29/2018 13:17,0,131.93.158.122,100,27,1,10/29/2018 13:17,R_2QQfs6KaydHcaSW,,,,,46.46380615,-90.15879822,anonymous,EN,"1,2",,,,,,,,,,,,,,,,,,,,,,,,,,,,,,,,,,,,,,,,,,,,,,,,,,,,,,,,,,,,,,,,,,,,,,,,,,,,,,,,,,,,,,,,,,,,,,,,,,,,,,,,,,,,,,,,,,,,,,,,,,,,,,,,,,,,,,,,,,,,,,,,,,,,,,,,,,,,,,,,,,,,,,,,,,,,,,,,,,,,,,,,,,,,,,,,,,,,,,,,,,,,,,,,,,,20528,"<span lang=""EN-GB"">Suppose you are at a park, you have just read a book you loved and now you&nbsp;</span>want to write a review for it to share with people you are close to (e.g., friends, family members)"
10/22/2018 13:44,10/22/2018 13:51,0,45.46.121.37,78,472,0,10/29/2018 13:51,R_115FFOMNSyvL3yT,,,,,,,anonymous,EN,"1,2,3,4",,,,,,,,,,,,,,,,,,,,,,,,,,,,,,,,,,,,,,,,,,,,,,,,,,,,,,,,,,,,,,,,,,,,,,,,,,,,,,,,,,,,,,,,,,,,,,,,,,,,,,,,,,,,,,,,,,,,,,,,,,,,,,,,,,,,,,,,,,,,,,,,,,,,,,,,,,,,,,,,,,,,,,,,,,,,,,,,,,,,,,,,,,,,,,,,,,,,,,,,,,,,,,,,,,,65000,"<span lang=""EN-GB"">Suppose you are alone and relaxing at home, you have just read a new book that&nbsp;</span>you loved and now you want a write a review for your close family and friends."
10/29/2018 13:51,10/29/2018 13:51,0,73.92.238.143,100,17,1,10/29/2018 13:51,R_UMF40LFlRgY0jDz,,,,,36.71029663,-121.6437988,anonymous,EN,"3,5",,,,,,,,,,,,,,,,,,,,,,,,,,,,,,,,,,,,,,,,,,,,,,,,,,,,,,,,,,,,,,,,,,,,,,,,,,,,,,,,,,,,,,,,,,,,,,,,,,,,,,,,,,,,,,,,,,,,,,,,,,,,,,,,,,,,,,,,,,,,,,,,,,,,,,,,,,,,,,,,,,,,,,,,,,,,,,,,,,,,,,,,,,,,,,,,,,,,,,,,,,,,,,,,,,,88701,"<span lang=""EN-GB"">Suppose you want to browse the internet when you are at home with people you are close to (e.g., friends, family members)<strong><o:p></o:p></strong></span>"
10/22/2018 14:07,10/22/2018 14:08,0,66.210.243.131,78,51,0,10/29/2018 14:09,R_301bJrPJS9UNDOT,,,,,,,anonymous,EN,"2,3,4",,,,,,,,,,,,,,,,,,,,,,,,,,,,,,,,,,,,,,,,,,,,,,,,,,,,,,,,,,,,,,,,,,,,,,,,,,,,,,,,,,,,,,,,,,,,,,,,,,,,,,,,,,,,,,,,,,,,,,,,,,,,,,,,,,,,,,,,,,,,,,,,,,,,,,,,,,,,,,,,,,,,,,,,,,,,,,,,,,,,,,,,,,,,,,,,,,,,,,,,,,,,,,,,,,,22581,"<span lang=""EN-GB"">Suppose
     you want to set up a reminder when you with people you know (e.g.,
     acquaintances, colleagues) at a park.<o:p></o:p></span>"
10/19/2018 7:16,10/22/2018 14:09,0,76.124.133.50,78,283952,0,10/29/2018 14:09,R_3HBRndFKUV4bgZ2,,,,,,,anonymous,EN,"1,2,3,4,5,6",,,,,,,,,,,,,,,,,,,,,,,,,,,,,,,,,,,,,,,,,,,,,,,,,,,,,,,,,,,,,,,,,,,,,,,,,,,,,,,,,,,,,,,,,,,,,,,,,,,,,,,,,,,,,,,,,,,,,,,,,,,,,,,,,,,,,,,,,,,,,,,,,,,,,,,,,,,,,,,,,,,,,,,,,,,,,,,,,,,,,,,,,,,,,,,,,,,,,,,,,,,,,,,,,,,69366,"<span lang=""EN-GB"" style=""font-size:11.0pt;line-height:115%;
font-family:&quot;Arial&quot;,sans-serif;mso-fareast-font-family:Arial;mso-ansi-language:
EN-GB;mso-fareast-language:EN-US;mso-bidi-language:AR-SA"">Suppose you want to
read a digital document when you are at Starbucks surrounded with your close
friends.</span>"
10/29/2018 14:06,10/29/2018 14:09,0,97.88.33.24,100,196,1,10/29/2018 14:09,R_1fkjPJSnIHDexuW,,,,,45.54100037,-94.18190002,anonymous,EN,"1,2,4,5,6","2,3",,"1,2,3",,"2,4",,1,,1,,2,"1,2",,1,,"1,3","1,3",,3,,"1,2",,"2,3",,"1,2",,2,,,,,,,,,,,,,,,,,,,,,,,,,,,,,,,,,,,,,,,,,,,,,,,,,,,,,,,,,,,,,,,,,,,,,,,,,,,,,,,,,,,,,,,,,,,,,,,,,,,,,,,,,,,,,,,,,,,,,,,,,,,,,,,,,,,,,,,,,,,,,,,,,,,,,,,,,,,,,,,,,,,,,,,,,,,,,,,,,,,,,,,,43677,"<span lang=""EN-GB"">Suppose
     you want to read a digital document when you are at Starbucks.<o:p></o:p></span>"
10/22/2018 14:12,10/22/2018 14:13,0,184.54.30.221,78,95,0,10/29/2018 14:14,R_1BWqnayyN7KygfF,,,,,,,anonymous,EN,"2,3,4",,,,,,,,,,,,,,,,,,,,,,,,,,,,,,,,,,,,,,,,,,,,,,,,,,,,,,,,,,,,,,,,,,,,,,,,,,,,,,,,,,,,,,,,,,,,,,,,,,,,,,,,,,,,,,,,,,,,,,,,,,,,,,,,,,,,,,,,,,,,,,,,,,,,,,,,,,,,,,,,,,,,,,,,,,,,,,,,,,,,,,,,,,,,,,,,,,,,,,,,,,,,,,,,,,,72948,"<span lang=""EN-GB"">Suppose
     you want to a send an email when you are walking on a street with people
     you know (e.g., acquaintances, colleagues)<strong>.</strong><o:p></o:p></span>"
10/29/2018 14:19,10/29/2018 14:20,0,99.203.0.26,100,63,1,10/29/2018 14:20,R_3p9fpSFSzr6taVq,,,,,39.96530151,-83.02349854,anonymous,EN,2,,,,,,,,,,,,,,,,,,,,,,,,,,,,,,,,,,,,,,,,,,,,,,,,,,,,,,,,,,,,,,,,,,,,,,,,,,,,,,,,,,,,,,,,,,,,,,,,,,,,,,,,,,,,,,,,,,,,,,,,,,,,,,,,,,,,,,,,,,,,,,,,,,,,,,,,,,,,,,,,,,,,,,,,,,,,,,,,,,,,,,,,,,,,,,,,,,,,,,,,,,,,,,,,,,,25169,"<span lang=""EN-GB"">Suppose
     you want&nbsp; to a send a text message
     when you are walking with a very close friend on a street<o:p></o:p></span>"
10/29/2018 14:09,10/29/2018 14:22,0,97.88.33.24,100,785,1,10/29/2018 14:22,R_2q2YlhTKuTAvajK,,,,,45.54100037,-94.18190002,anonymous,EN,"1,2,4,5,6",4,,5,,3,,1,,1,,4,1,,5,,4,6,,5,,7,,1,,5,,2,,,,,,,,,,,,,,,,,,,,,,,,,,,,,,,,,,,,,,,,,,,,,,,,,,,,,,,,,,,,,,,,,,,,,,,,,,,,,,,,,,,,,,,,,,,,,,,,,,,,,,,,,,,,,,,,,,,,,,,,,,,,,,,,,,,,,,,,,,,,,,,,,,,,,,,,,,,,,,,,,,,,,,,,,,,,,,,,,,,,,,,,6047,"<span lang=""EN-GB"">Suppose
     you want to a send an email when you are surrounded by people you know
     (e.g., acquaintances, colleagues) your home.<o:p></o:p></span>"
10/29/2018 14:24,10/29/2018 14:25,0,98.210.114.225,100,48,1,10/29/2018 14:25,R_293Rpfmbs1mEC1D,,,,,37.89889526,-121.6054001,anonymous,EN,"3,4,6",2,,2,,3,,1,,3,,4,2,,3,,2,3,,1,,3,,1,,2,,2,,,,,,,,,,,,,,,,,,,,,,,,,,,,,,,,,,,,,,,,,,,,,,,,,,,,,,,,,,,,,,,,,,,,,,,,,,,,,,,,,,,,,,,,,,,,,,,,,,,,,,,,,,,,,,,,,,,,,,,,,,,,,,,,,,,,,,,,,,,,,,,,,,,,,,,,,,,,,,,,,,,,,,,,,,,,,,,,,,,,,,,,12203,"<span lang=""EN-GB"">Suppose you want to watch some video when you are alone in a park.<o:p></o:p></span>"
10/29/2018 14:22,10/29/2018 14:28,0,24.181.10.227,100,314,1,10/29/2018 14:28,R_BX2OYw0isGZeCnn,,,,,34.04249573,-84.02619934,anonymous,EN,"1,2,3",2,,1,,"1,2,3",,1,,1,,2,"1,2",,"2,3",,2,"1,2",,"1,2",,"3,4",,"1,2",,"1,2,3",,"1,2",,1,2,,1,,"1,2,3",,1,,1,,2,"1,2",,"2,3",,3,,2,,4,,2,,3,,"1,2,3",,1,,,,,,,,,,,,,,,,,,,,,,,,,,,,,,,,,,,,,,,,,,,,,,,,,,,,,,,,,,,,,,,,,,,,,,,,,,,,,,,,,,,,,,,,,,,,,,,,,,,,,,,,,,,,,,,,,,,,,,,,,,,,,,,,,,,,,,,,,,,,,,,,,,,,,,,,,,39050,"<span lang=""EN-GB"" style=""font-size:11.0pt;line-height:115%;
font-family:&quot;Arial&quot;,sans-serif;mso-fareast-font-family:Arial;mso-ansi-language:
EN-GB;mso-fareast-language:EN-US;mso-bidi-language:AR-SA"">Suppose you want to
read a digital document when you are at Starbucks surrounded with your close
friends.</span>"
10/29/2018 14:27,10/29/2018 14:28,0,67.20.139.42,100,65,1,10/29/2018 14:28,R_ukXL5itD1w4XCYp,,,,,32.33009338,-80.84349823,anonymous,EN,"2,5",,,,,,,,,,,,,,,,,,,,,,,,,,,,,,,,,,,,,,,,,,,,,,,,,,,,,,,,,,,,,,,,,,,,,,,,,,,,,,,,,,,,,,,,,,,,,,,,,,,,,,,,,,,,,,,,,,,,,,,,,,,,,,,,,,,,,,,,,,,,,,,,,,,,,,,,,,,,,,,,,,,,,,,,,,,,,,,,,,,,,,,,,,,,,,,,,,,,,,,,,,,,,,,,,,,79653,"<span lang=""EN-GB"">Suppose
     you want to listen to some audio when you are with people you know (e.g.,
     acquaintances, colleagues) at your home.<o:p></o:p></span>"
10/29/2018 14:30,10/29/2018 14:34,0,209.152.44.203,100,205,1,10/29/2018 14:34,R_2RQjWCr2MOas6Bw,,,,,45.52349854,-122.6762009,anonymous,EN,"1,2,3,4,5","2,4,5",,3,,"1,2",,1,,4,,2,"1,2",,2,,"2,3",1,,2,,"2,3,4",,"1,2",,2,,"1,2",,,,,,,,,,,,,,,,,,,,,,,,,,,,,,,,,,,,,,,,,,,,,,,,,,,,,,,,,,,,,,,,,,,,,,,,,,,,,,,,,,,,,,,,,,,,,,,,,,,,,,,,,,,,,,,,,,,,,,,,,,,,,,,,,,,,,,,,,,,,,,,,,,,,,,,,,,,,,,,,,,,,,,,,,,,,,,,,,,,,,,,,74707,"<span lang=""EN-GB"">Suppose
     you want to call your mother for sharing an important update about your
     life when you are alone at Starbucks.<o:p></o:p></span>"
10/29/2018 14:30,10/29/2018 14:37,0,64.139.251.160,100,397,1,10/29/2018 14:37,R_3oSKJmm7HXTDeJl,,,,,30.57839966,-98.27510071,anonymous,EN,"2,3,4","1,2,3,4,5",,"1,2",,"1,2,3",,1,,3,,"2,3","1,2,3",,2,,3,6,,2,,6,,2,,1,,2,,,,,,,,,,,,,,,,,,,,,,,,,,,,,,,,,,,,,,,,,,,,,,,,,,,,,,,,,,,,,,,,,,,,,,,,,,,,,,,,,,,,,,,,,,,,,,,,,,,,,,,,,,,,,,,,,,,,,,,,,,,,,,,,,,,,,,,,,,,,,,,,,,,,,,,,,,,,,,,,,,,,,,,,,,,,,,,,,,,,,,,,36030,"<span lang=""EN-GB"">Suppose it is a regular working day, you want to track the total amount of calories&nbsp;</span>you consume and burn off during the day.&nbsp;"
10/22/2018 15:03,10/22/2018 15:06,0,142.129.109.174,78,204,0,10/29/2018 15:07,R_31AzZH7xTOWHL5O,,,,,,,anonymous,EN,"1,2,5",,,,,,,,,,,,,,,,,,,,,,,,,,,,,,,,,,,,,,,,,,,,,,,,,,,,,,,,,,,,,,,,,,,,,,,,,,,,,,,,,,,,,,,,,,,,,,,,,,,,,,,,,,,,,,,,,,,,,,,,,,,,,,,,,,,,,,,,,,,,,,,,,,,,,,,,,,,,,,,,,,,,,,,,,,,,,,,,,,,,,,,,,,,,,,,,,,,,,,,,,,,,,,,,,,,53465,"<span lang=""EN-GB"">Suppose
     you want to set up a reminder when you are at home with people you are
     close to (e.g., friends, family members).<strong><o:p></o:p></strong></span>"
10/22/2018 15:24,10/22/2018 15:25,0,96.255.96.161,78,60,0,10/29/2018 15:25,R_vVujpWDVOw3YXK1,,,,,,,anonymous,EN,"1,2,4,5",,,,,,,,,,,,,,,,,,,,,,,,,,,,,,,,,,,,,,,,,,,,,,,,,,,,,,,,,,,,,,,,,,,,,,,,,,,,,,,,,,,,,,,,,,,,,,,,,,,,,,,,,,,,,,,,,,,,,,,,,,,,,,,,,,,,,,,,,,,,,,,,,,,,,,,,,,,,,,,,,,,,,,,,,,,,,,,,,,,,,,,,,,,,,,,,,,,,,,,,,,,,,,,,,,,65100,"<span lang=""EN-GB"">Suppose
     you want to read a digital document) when you are at home with people you
     know (e.g., acquaintances, colleagues).<o:p></o:p></span>"
10/29/2018 16:54,10/29/2018 16:58,0,172.125.226.105,100,274,1,10/29/2018 16:58,R_2EENjPmpWztrNCe,,,,,29.55630493,-98.36430359,anonymous,EN,"1,2,4,5","1,2,3",,3,,1,,1,,3,,2,"1,2,3",,"1,2",,3,"2,3,4",,1,,"1,2",,2,,"1,3",,"1,2",,,,,,,,,,,,,,,,,,,,,,,,,,,,,,,,,,,,,,,,,,,,,,,,,,,,,,,,,,,,,,,,,,,,,,,,,,,,,,,,,,,,,,,,,,,,,,,,,,,,,,,,,,,,,,,,,,,,,,,,,,,,,,,,,,,,,,,,,,,,,,,,,,,,,,,,,,,,,,,,,,,,,,,,,,,,,,,,,,,,,,,,13747,"<span lang=""EN-GB"">Suppose you have planned to meet a friend next week and you want to put this on your calendar when you are surrounded by people you know (e.g., acquaintances, colleagues) at a restaurant.<o:p></o:p></span>"
10/22/2018 16:43,10/22/2018 16:43,0,75.87.79.117,78,52,0,10/29/2018 16:59,R_SBuq86tSiJ4Pgn7,,,,,,,anonymous,EN,"2,3,4",,,,,,,,,,,,,,,,,,,,,,,,,,,,,,,,,,,,,,,,,,,,,,,,,,,,,,,,,,,,,,,,,,,,,,,,,,,,,,,,,,,,,,,,,,,,,,,,,,,,,,,,,,,,,,,,,,,,,,,,,,,,,,,,,,,,,,,,,,,,,,,,,,,,,,,,,,,,,,,,,,,,,,,,,,,,,,,,,,,,,,,,,,,,,,,,,,,,,,,,,,,,,,,,,,,44658,"<span lang=""EN-GB"">Suppose
     you want to a send a text message when you are surrounded by people you
     know (e.g., acquaintances, colleagues) at your home.<o:p></o:p></span>"
10/29/2018 16:57,10/29/2018 17:02,0,109.192.194.47,100,260,1,10/29/2018 17:02,R_3iEZzWydGvzYF6L,,,,,49.1618042,9.219299316,anonymous,EN,"1,2,3,4",2,,1,,"1,2,3",,1,,"1,2,3,4",,3,"1,2,3",,"1,2,3",,"1,2,3","1,2,3",,"1,2",,"1,3,4",,"1,2",,"1,2,3",,"1,2",,,,,,,,,,,,,,,,,,,,,,,,,,,,,,,,,,,,,,,,,,,,,,,,,,,,,,,,,,,,,,,,,,,,,,,,,,,,,,,,,,,,,,,,,,,,,,,,,,,,,,,,,,,,,,,,,,,,,,,,,,,,,,,,,,,,,,,,,,,,,,,,,,,,,,,,,,,,,,,,,,,,,,,,,,,,,,,,,,,,,,,,22628,"<span lang=""EN-GB"">Suppose
     you want to listen to some audio when you are with your close friends in a
     park.<o:p></o:p></span>"
10/22/2018 17:00,10/22/2018 17:02,0,108.52.117.78,78,74,0,10/29/2018 17:11,R_3wntWhNEQ0i2b8R,,,,,,,anonymous,EN,"1,2,3,5",,,,,,,,,,,,,,,,,,,,,,,,,,,,,,,,,,,,,,,,,,,,,,,,,,,,,,,,,,,,,,,,,,,,,,,,,,,,,,,,,,,,,,,,,,,,,,,,,,,,,,,,,,,,,,,,,,,,,,,,,,,,,,,,,,,,,,,,,,,,,,,,,,,,,,,,,,,,,,,,,,,,,,,,,,,,,,,,,,,,,,,,,,,,,,,,,,,,,,,,,,,,,,,,,,,36071,"<span lang=""EN-GB"">Suppose
     you want to set up a reminder when you are alone at your home.<strong><o:p></o:p></strong></span>"
10/29/2018 17:08,10/29/2018 17:11,0,67.86.159.108,100,169,1,10/29/2018 17:11,R_ykeLbfPw8pFKX61,,,,,40.62809753,-73.94670105,anonymous,EN,"1,2,4","1,2,3,4,5",,"1,2,3",,"1,2,3,4",,1,,1,,3,"1,2,3",,"1,2,3",,2,"1,2,3,4",,"1,2,3",,"1,2,3,4",,"1,2,3",,"1,2,3",,"1,2",,,,,,,,,,,,,,,,,,,,,,,,,,,,,,,,,,,,,,,,,,,,,,,,,,,,,,,,,,,,,,,,,,,,,,,,,,,,,,,,,,,,,,,,,,,,,,,,,,,,,,,,,,,,,,,,,,,,,,,,,,,,,,,,,,,,,,,,,,,,,,,,,,,,,,,,,,,,,,,,,,,,,,,,,,,,,,,,,,,,,,,,21728,"<span lang=""EN-GB"">Suppose you want to control some devices/appliances (e.g., smart lights) when you are alone at home.<o:p></o:p></span>"
10/29/2018 17:06,10/29/2018 17:12,0,75.24.111.36,100,354,1,10/29/2018 17:12,R_qX84bWZQXa0F54t,,,,,33.94180298,-84.07060242,anonymous,EN,"1,2,3,4,5","1,2,3,4,5",,1,,"1,2,3",,1,,"1,3",,"2,3","2,3",,"1,2",,"2,3","1,2,4",,"1,2",,"3,4",,"1,2",,"1,2,3",,2,,2,,,,,,,,,,,,,,,,,,,,,,,,,,,,,,"2,5",,1,,1,,1,,1,,2,"1,2,3",,2,,2,,2,,3,,2,,"3,4",,"1,2,3",,2,,,,,,,,,,,,,,,,,,,,,,,,,,,,,,,,,,,,,,,,,,,,,,,,,,,,,,,,,,,,,,,,,,,,,,,,,,,,,,,,,,,,,,,,,,,,,,,,,,,,,,,,,,,,,,,,,,,,,,,,,,,,,60226,"<span lang=""EN-GB"">Suppose
     you want to a send a text message when you are surrounded by people you
     know (e.g., acquaintances, colleagues) at your home.<o:p></o:p></span>"
10/29/2018 17:11,10/29/2018 17:12,0,108.94.129.83,100,47,1,10/29/2018 17:12,R_WdJTCHmdZireoOB,,,,,41.38529968,-81.70439911,anonymous,EN,"1,2,3,4",3,,3,,"3,4",,1,,2,,3,3,,3,,3,1,,2,,4,,1,,3,,1,,,,,,,,,,,,,,,,,,,,,,,,,,,,,,,,,,,,,,,,,,,,,,,,,,,,,,,,,,,,,,,,,,,,,,,,,,,,,,,,,,,,,,,,,,,,,,,,,,,,,,,,,,,,,,,,,,,,,,,,,,,,,,,,,,,,,,,,,,,,,,,,,,,,,,,,,,,,,,,,,,,,,,,,,,,,,,,,,,,,,,,,83587,"<span lang=""EN-GB"">Suppose
     you want to purchase something (e.g., book, household items) online when
     you are with your close friends at a park.<o:p></o:p></span>"
10/29/2018 17:16,10/29/2018 17:18,0,40.138.17.40,100,156,1,10/29/2018 17:18,R_3NvRwA1T1hEvEkn,,,,,40.21110535,-85.42910004,anonymous,EN,"1,2,5","3,4",,"1,2",,"2,3",,1,,"3,4",,"1,3",1,,"2,3",,"2,3","1,2,4",,"1,2",,"1,2,3",,"1,2",,"1,2,3",,2,,,,,,,,,,,,,,,,,,,,,,,,,,,,,,,,,,,,,,,,,,,,,,,,,,,,,,,,,,,,,,,,,,,,,,,,,,,,,,,,,,,,,,,,,,,,,,,,,,,,,,,,,,,,,,,,,,,,,,,,,,,,,,,,,,,,,,,,,,,,,,,,,,,,,,,,,,,,,,,,,,,,,,,,,,,,,,,,,,,,,,,,1178,"<span lang=""EN-GB"">Suppose you have planned to meet a friend next week and you want to put this on your calendar when you are alone at Starbucks.<o:p></o:p></span>"
10/29/2018 17:16,10/29/2018 17:20,0,73.240.86.255,100,229,1,10/29/2018 17:20,R_3hxwUVguoSAObVM,,,,,45.66439819,-122.5211945,anonymous,EN,"1,2,3,4","1,2",,"1,2",,"1,2",,1,,1,,"1,2","1,2",,"1,3",,"1,2",6,,2,,2,,3,,"1,2,3",,1,,,,,,,,,,,,,,,,,,,,,,,,,,,,,,,,,,,,,,,,,,,,,,,,,,,,,,,,,,,,,,,,,,,,,,,,,,,,,,,,,,,,,,,,,,,,,,,,,,,,,,,,,,,,,,,,,,,,,,,,,,,,,,,,,,,,,,,,,,,,,,,,,,,,,,,,,,,,,,,,,,,,,,,,,,,,,,,,,,,,,,,,90385,"<span lang=""EN-GB"">Suppose you want to call your mother for sharing an important
     update about your life&nbsp; when you
     with people you know (e.g., acquaintances, colleagues) at a park<o:p></o:p></span>"
10/22/2018 17:06,10/22/2018 17:14,0,98.239.26.185,78,450,0,10/29/2018 17:22,R_1DOSFvzXSnQMQod,,,,,,,anonymous,EN,"1,2,3,4",,,,,,,,,,,,,,,,,,,,,,,,,,,,,,,,,,,,,,,,,,,,,,,,,,,,,,,,,,,,,,,,,,,,,,,,,,,,,,,,,,,,,,,,,,,,,,,,,,,,,,,,,,,,,,,,,,,,,,,,,,,,,,,,,,,,,,,,,,,,,,,,,,,,,,,,,,,,,,,,,,,,,,,,,,,,,,,,,,,,,,,,,,,,,,,,,,,,,,,,,,,,,,,,,,,63504,"<span lang=""EN-GB"">Suppose you are on a short vacation alone and you want to take a picture in front&nbsp;</span>of an iconic monument."
10/29/2018 17:23,10/29/2018 17:23,0,96.236.117.13,100,6,1,10/29/2018 17:23,R_2QzA7uJNloFWGLc,,,,,42.42979431,-73.07240295,anonymous,EN,2,,,,,,,,,,,,,,,,,,,,,,,,,,,,,,,,,,,,,,,,,,,,,,,,,,,,,,,,,,,,,,,,,,,,,,,,,,,,,,,,,,,,,,,,,,,,,,,,,,,,,,,,,,,,,,,,,,,,,,,,,,,,,,,,,,,,,,,,,,,,,,,,,,,,,,,,,,,,,,,,,,,,,,,,,,,,,,,,,,,,,,,,,,,,,,,,,,,,,,,,,,,,,,,,,,,45631,"<span lang=""EN-GB"">Suppose
     you want to call your mother for sharing an important update about your
     life&nbsp; when you are alone at a park<o:p></o:p></span>"
10/29/2018 17:25,10/29/2018 17:27,0,24.192.47.235,100,98,1,10/29/2018 17:27,R_C1B42sz0GHJdnuV,,,,,37.95910645,-87.52929688,anonymous,EN,"2,4,6",2,,5,,"2,4",,1,,2,,2,2,,3,,2,2,,1,,4,,2,,5,,2,,,,,,,,,,,,,,,,,,,,,,,,,,,,,,,,,,,,,,,,,,,,,,,,,,,,,,,,,,,,,,,,,,,,,,,,,,,,,,,,,,,,,,,,,,,,,,,,,,,,,,,,,,,,,,,,,,,,,,,,,,,,,,,,,,,,,,,,,,,,,,,,,,,,,,,,,,,,,,,,,,,,,,,,,,,,,,,,,,,,,,,,84847,"<span lang=""EN-GB"">Suppose you are alone at home, you want to take a break from studying/working&nbsp;</span>so you decide to play an online/digital game with some close friends ."
10/29/2018 17:15,10/29/2018 17:27,0,68.41.84.164,100,698,1,10/29/2018 17:27,R_3p8P7ap8IOtxSMX,,,,,42.99580383,-82.4598999,anonymous,EN,"2,3,4,5","1,2,5",,2,,2,,1,,1,,"1,2","1,2,3",,"1,2,3",,"1,2","2,3",,"1,2,3",,"1,2,4",,"1,2,3",,1,,"1,2",,"2,4",,,,,,,,,,,,,,,,,,,,,,,,,,,,,,"1,2",,"1,2",,2,,1,,1,,"1,2","1,2,3",,"1,2",,2,,3,,3,,1,,3,,1,,2,,,,,,,,,,,,,,,,,,,,,,,,,,,,,,,"1,2,3",,"1,2",,"1,2",,1,,1,,"1,2","1,2,3",,1,,"1,2",,3,,"2,3",,1,,2,,1,,2,,,,,,,,,,,,,,,,,,,,,,,,,,,,,,,,,,,,,,,,,,,,,,,,,,,,,,,,,,,,,,,,,,,79112,"<span lang=""EN-GB"">Suppose you want to browse the internet when you are with people you know (e.g., acquaintances, colleagues) at a restaurant.<o:p></o:p></span>"
10/29/2018 17:28,10/29/2018 17:33,0,143.59.20.121,100,325,1,10/29/2018 17:33,R_1LojgOoIX7GD9EU,,,,,38.10710144,-87.52559662,anonymous,EN,"1,2,3",7,,1,,1,,1,,1,,2,1,,5,,2,"2,4",,2,,"2,3",,1,,2,,4,,,,,,,,,,,,,,,,,,,,,,,,,,,,,,,,,,,,,,,,,,,,,,,,,,,,,,,,,,,,,,,,,,,,,,,,,,,,,,,,,,,,,,,,,,,,,,,,,,,,,,,,,,,,,,,,,,,,,,,,,,,,,,,,,,,,,,,,,,,,,,,,,,,,,,,,,,,,,,,,,,,,,,,,,,,,,,,,,,,,,,,,88438,"<span lang=""EN-GB"">Suppose you are on a short vacation and you want to take a picture in front&nbsp;</span>of an iconic monument when you are surrounded by many people."
10/29/2018 17:33,10/29/2018 17:34,0,173.165.149.109,100,27,1,10/29/2018 17:34,R_12btLTvMySe0RbJ,,,,,36.33140564,-119.6491013,anonymous,EN,"1,2,4",3,,2,,2,,1,,"2,3",,2,3,,2,,3,3,,2,,3,,2,,2,,1,,,,,,,,,,,,,,,,,,,,,,,,,,,,,,,,,,,,,,,,,,,,,,,,,,,,,,,,,,,,,,,,,,,,,,,,,,,,,,,,,,,,,,,,,,,,,,,,,,,,,,,,,,,,,,,,,,,,,,,,,,,,,,,,,,,,,,,,,,,,,,,,,,,,,,,,,,,,,,,,,,,,,,,,,,,,,,,,,,,,,,,,95393,"<span lang=""EN-GB"">Suppose you want to find a route to a coffee shop when you are
     at home </span><span lang=""EN-GB"">with
     people you are close to (e.g., friends, family members)</span><strong><span lang=""EN-GB""><o:p></o:p></span></strong>"
10/29/2018 17:35,10/29/2018 17:37,0,75.97.71.117,100,88,1,10/29/2018 17:37,R_3LcEt3uJ8a59Jzf,,,,,41.03669739,-75.17350006,anonymous,EN,"1,2,3,4,5,6",2,,2,,3,,1,,4,,1,"1,2,3",,2,,2,2,,2,,2,,2,,2,,1,,,,,,,,,,,,,,,,,,,,,,,,,,,,,,,,,,,,,,,,,,,,,,,,,,,,,,,,,,,,,,,,,,,,,,,,,,,,,,,,,,,,,,,,,,,,,,,,,,,,,,,,,,,,,,,,,,,,,,,,,,,,,,,,,,,,,,,,,,,,,,,,,,,,,,,,,,,,,,,,,,,,,,,,,,,,,,,,,,,,,,,,45374,"<span lang=""EN-GB"">Suppose you want to browse through one of your social media profiles when you&nbsp;</span>are at your home."
10/29/2018 17:36,10/29/2018 17:37,0,73.73.33.102,100,93,1,10/29/2018 17:37,R_T8crpQQ3AMz2wOB,,,,,41.97940063,-88.20629883,anonymous,EN,"1,2,3,4",1,,2,,3,,1,,1,,2,1,,1,,4,3,,1,,1,,1,,2,,2,,,,,,,,,,,,,,,,,,,,,,,,,,,,,,,,,,,,,,,,,,,,,,,,,,,,,,,,,,,,,,,,,,,,,,,,,,,,,,,,,,,,,,,,,,,,,,,,,,,,,,,,,,,,,,,,,,,,,,,,,,,,,,,,,,,,,,,,,,,,,,,,,,,,,,,,,,,,,,,,,,,,,,,,,,,,,,,,,,,,,,,,18397,"<span lang=""EN-GB"">Suppose
     you want to listen to some audio when you are alone at Starbucks.<o:p></o:p></span>"
10/29/2018 17:36,10/29/2018 17:38,0,74.80.47.74,100,75,1,10/29/2018 17:38,R_2aEv0ZByzfQEv5k,,,,,30.23609924,-92.00830078,anonymous,EN,"1,2",,,,,,,,,,,,,,,,,,,,,,,,,,,,,,,,,,,,,,,,,,,,,,,,,,,,,,,,,,,,,,,,,,,,,,,,,,,,,,,,,,,,,,,,,,,,,,,,,,,,,,,,,,,,,,,,,,,,,,,,,,,,,,,,,,,,,,,,,,,,,,,,,,,,,,,,,,,,,,,,,,,,,,,,,,,,,,,,,,,,,,,,,,,,,,,,,,,,,,,,,,,,,,,,,,,93570,"<span lang=""EN-GB"">Suppose you want to call your mother for sharing an important
     update about your life when you are surrounded by people you know (e.g.,
     acquaintances, colleagues) at your home.<o:p></o:p></span>"
10/29/2018 17:34,10/29/2018 17:38,0,73.159.48.240,100,266,1,10/29/2018 17:38,R_1R3vbOjVGg1RAml,,,,,41.71130371,-70.47750092,anonymous,EN,"1,2,3,4","2,3",,"1,3",,2,,1,,1,,1,2,,1,,1,6,,2,,6,,2,,2,,1,,2,,,,,,,,,,,,,,,,,,,,,,,,,,,,,,2,,2,,1,,1,,6,,2,2,,2,,3,,6,,2,,3,,3,,5,,2,,,,,,,,,,,,,,,,,,,,,,,,,,,,,,,,,,,,,,,,,,,,,,,,,,,,,,,,,,,,,,,,,,,,,,,,,,,,,,,,,,,,,,,,,,,,,,,,,,,,,,,,,,,,,,,,,,,,,,,,,,,,,48443,"<span lang=""EN-GB"" style=""font-size:11.0pt;line-height:115%;
font-family:&quot;Arial&quot;,sans-serif;mso-fareast-font-family:Arial;mso-ansi-language:
EN-GB;mso-fareast-language:EN-US;mso-bidi-language:AR-SA"">Suppose you want to a
send an email when you are at Starbucks.</span>"
10/29/2018 17:39,10/29/2018 17:39,0,50.80.221.27,100,9,1,10/29/2018 17:39,R_2whIp1r9MgqBQg6,,,,,41.49060059,-90.4980011,anonymous,EN,1,,,,,,,,,,,,,,,,,,,,,,,,,,,,,,,,,,,,,,,,,,,,,,,,,,,,,,,,,,,,,,,,,,,,,,,,,,,,,,,,,,,,,,,,,,,,,,,,,,,,,,,,,,,,,,,,,,,,,,,,,,,,,,,,,,,,,,,,,,,,,,,,,,,,,,,,,,,,,,,,,,,,,,,,,,,,,,,,,,,,,,,,,,,,,,,,,,,,,,,,,,,,,,,,,,,72082,"<span lang=""EN-GB"">Suppose you want to set up a reminder when you are at a park with close friends.<o:p></o:p></span>"
10/22/2018 17:38,10/22/2018 17:40,0,216.184.81.225,78,102,0,10/29/2018 17:40,R_2xFWvMIujzqV1RF,,,,,,,anonymous,EN,"1,2,3,4",,,,,,,,,,,,,,,,,,,,,,,,,,,,,,,,,,,,,,,,,,,,,,,,,,,,,,,,,,,,,,,,,,,,,,,,,,,,,,,,,,,,,,,,,,,,,,,,,,,,,,,,,,,,,,,,,,,,,,,,,,,,,,,,,,,,,,,,,,,,,,,,,,,,,,,,,,,,,,,,,,,,,,,,,,,,,,,,,,,,,,,,,,,,,,,,,,,,,,,,,,,,,,,,,,,28337,"<span lang=""EN-GB"">Suppose you want to control some devices/appliances (e.g., smart lights) when you are at home with people you are close to (e.g., friends, family members)<strong><o:p></o:p></strong></span>"
10/29/2018 17:37,10/29/2018 17:44,0,138.219.172.215,100,418,1,10/29/2018 17:44,R_3jdEwW1y9Pv9oQ5,,,,,15,-86.5,anonymous,EN,"1,3,4",1,,2,,3,,1,,3,,4,2,,1,,4,3,,1,,3,,1,,2,,2,,1,3,,2,,2,,1,,4,,2,2,,3,,3,,3,,2,,2,,4,,3,,1,,,,,,,,,,,,,,,,,,,,,,,,,,,,,,,,,,,,,,,,,,,,,,,,,,,,,,,,,,,,,,,,,,,,,,,,,,,,,,,,,,,,,,,,,,,,,,,,,,,,,,,,,,,,,,,,,,,,,,,,,,,,,,,,,,,,,,,,,,,,,,,,,,,,,,,,,,99066,"<span lang=""EN-GB"">Suppose you want to listen to some audio when you are alone in a park.<o:p></o:p></span>"
10/22/2018 17:44,10/22/2018 17:44,0,71.208.123.107,1,9,0,10/29/2018 17:44,R_TtHWVtjihOR03gB,,,,,,,anonymous,EN,,,,,,,,,,,,,,,,,,,,,,,,,,,,,,,,,,,,,,,,,,,,,,,,,,,,,,,,,,,,,,,,,,,,,,,,,,,,,,,,,,,,,,,,,,,,,,,,,,,,,,,,,,,,,,,,,,,,,,,,,,,,,,,,,,,,,,,,,,,,,,,,,,,,,,,,,,,,,,,,,,,,,,,,,,,,,,,,,,,,,,,,,,,,,,,,,,,,,,,,,,,,,,,,,,,,93557,"<span lang=""EN-GB"">Suppose you are at a park with some people you know (e.g., acquaintances, colleagues) when you realize that you have to immediately pay one of your bills online.<o:p></o:p></span>"
10/29/2018 17:43,10/29/2018 17:44,0,71.28.234.243,100,18,1,10/29/2018 17:44,R_1NsIwEJ58obgfms,,,,,37.88079834,-84.56459808,anonymous,EN,1,,,,,,,,,,,,,,,,,,,,,,,,,,,,,,,,,,,,,,,,,,,,,,,,,,,,,,,,,,,,,,,,,,,,,,,,,,,,,,,,,,,,,,,,,,,,,,,,,,,,,,,,,,,,,,,,,,,,,,,,,,,,,,,,,,,,,,,,,,,,,,,,,,,,,,,,,,,,,,,,,,,,,,,,,,,,,,,,,,,,,,,,,,,,,,,,,,,,,,,,,,,,,,,,,,,83807,"<span lang=""EN-GB"">Suppose you want to a send a text message when you are alone at a street.<o:p></o:p></span>"
10/29/2018 17:45,10/29/2018 17:46,0,138.219.172.215,100,27,1,10/29/2018 17:46,R_1ePExCOlFYax8Na,,,,,15,-86.5,anonymous,EN,1,,,,,,,,,,,,,,,,,,,,,,,,,,,,,,,,,,,,,,,,,,,,,,,,,,,,,,,,,,,,,,,,,,,,,,,,,,,,,,,,,,,,,,,,,,,,,,,,,,,,,,,,,,,,,,,,,,,,,,,,,,,,,,,,,,,,,,,,,,,,,,,,,,,,,,,,,,,,,,,,,,,,,,,,,,,,,,,,,,,,,,,,,,,,,,,,,,,,,,,,,,,,,,,,,,,75810,"<span lang=""EN-GB"">Suppose
     you want to watch&nbsp; some video when
     you are with people you know (e.g., acquaintances, colleagues) at
     Starbucks<o:p></o:p></span>"
10/29/2018 17:45,10/29/2018 17:47,0,69.115.241.117,100,120,1,10/29/2018 17:47,R_30uFLYcPypyvIqu,,,,,40.90870667,-74.65540314,anonymous,EN,"1,2,4,5","1,2,3,4",,1,,"3,4",,1,,2,,2,"1,2,3",,1,,2,"1,2",,1,,"2,3",,"1,2",,3,,2,,,,,,,,,,,,,,,,,,,,,,,,,,,,,,,,,,,,,,,,,,,,,,,,,,,,,,,,,,,,,,,,,,,,,,,,,,,,,,,,,,,,,,,,,,,,,,,,,,,,,,,,,,,,,,,,,,,,,,,,,,,,,,,,,,,,,,,,,,,,,,,,,,,,,,,,,,,,,,,,,,,,,,,,,,,,,,,,,,,,,,,,87479,"<span lang=""EN-GB"">Suppose
     you want to listen to some audio when you are with people you know (e.g.,
     acquaintances, colleagues) at your home.<o:p></o:p></span>"
10/28/2018 0:47,10/29/2018 17:53,0,107.144.143.163,100,148004,1,10/29/2018 17:53,R_3shnX53Kq2becKR,,,,,28.11470032,-82.36779785,anonymous,EN,"1,2,4","2,5",,1,,"1,3",,1,,1,,3,5,,"1,2",,3,"1,2,3",,2,,3,,"1,2",,"1,2",,4,,,,,,,,,,,,,,,,,,,,,,,,,,,,,,,,,,,,,,,,,,,,,,,,,,,,,,,,,,,,,,,,,,,,,,,,,,,,,,,,,,,,,,,,,,,,,,,,,,,,,,,,,,,,,,,,,,,,,,,,,,,,,,,,,,,,,,,,,,,,,,,,,,,,,,,,,,,,,,,,,,,,,,,,,,,,,,,,,,,,,,,,13482,"<span lang=""EN-GB"" style=""font-size:11.0pt;line-height:115%;
font-family:&quot;Arial&quot;,sans-serif;mso-fareast-font-family:Arial;mso-ansi-language:
EN-GB;mso-fareast-language:EN-US;mso-bidi-language:AR-SA"">Suppose you want to a
send a text message when you are alone at Starbucks.</span>"
10/29/2018 17:57,10/29/2018 17:58,0,174.193.159.8,100,82,1,10/29/2018 17:58,R_1hQEaQGdTd6YfZF,,,,,34.96809387,-81.04889679,anonymous,EN,"1,2,4,6","2,5",,3,,1,,1,,"1,3",,"2,3",2,,2,,3,2,,2,,"3,4",,2,,3,,2,,,,,,,,,,,,,,,,,,,,,,,,,,,,,,,,,,,,,,,,,,,,,,,,,,,,,,,,,,,,,,,,,,,,,,,,,,,,,,,,,,,,,,,,,,,,,,,,,,,,,,,,,,,,,,,,,,,,,,,,,,,,,,,,,,,,,,,,,,,,,,,,,,,,,,,,,,,,,,,,,,,,,,,,,,,,,,,,,,,,,,,,87620,"<span lang=""EN-GB"">Suppose you want to find a route to home while walking on a street with your close friends.<o:p></o:p></span>"
10/29/2018 17:59,10/29/2018 18:00,0,73.11.171.41,100,85,1,10/29/2018 18:00,R_0VD5BOT6K6r2CTn,,,,,47.90170288,-122.2472,anonymous,EN,"1,2,3,4,5,6","3,5",,3,,"1,2,4",,3,,"3,4",,3,2,,"2,3",,3,4,,2,,3,,2,,2,,2,,2,,,,,,,,,,,,,,,,,,,,,,,,,,,,,,3,,"2,3",,2,,1,,2,,3,3,,3,,2,,2,,3,,2,,2,,3,,1,,,,,,,,,,,,,,,,,,,,,,,,,,,,,,,,,,,,,,,,,,,,,,,,,,,,,,,,,,,,,,,,,,,,,,,,,,,,,,,,,,,,,,,,,,,,,,,,,,,,,,,,,,,,,,,,,,,,,,,,,,,,,84714,"<span lang=""EN-GB"" style=""font-size:11.0pt;line-height:115%;
font-family:&quot;Arial&quot;,sans-serif;mso-fareast-font-family:Arial;mso-ansi-language:
EN-GB;mso-fareast-language:EN-US;mso-bidi-language:AR-SA"">Suppose you want to check your social media when you are alone in a park.</span>"
10/29/2018 17:56,10/29/2018 18:01,0,174.101.155.220,100,311,1,10/29/2018 18:01,R_1jJpVFg97ocjNSI,,,,,39.13609314,-84.4355011,anonymous,EN,"1,2,4,6","4,5",,2,,2,,1,,1,,1,1,,2,,1,1,,1,,2,,2,,1,,2,,,,,,,,,,,,,,,,,,,,,,,,,,,,,,,,,,,,,,,,,,,,,,,,,,,,,,,,,,,,,,,,,,,,,,,,,,,,,,,,,,,,,,,,,,,,,,,,,,,,,,,,,,,,,,,,,,,,,,,,,,,,,,,,,,,,,,,,,,,,,,,,,,,,,,,,,,,,,,,,,,,,,,,,,,,,,,,,,,,,,,,,20552,"<span lang=""EN-GB"">Suppose
     you have planned to meet a friend next week and you want put this on your
     calendar when you are alone at home<strong><o:p></o:p></strong></span>"
10/29/2018 17:42,10/29/2018 18:04,0,99.194.98.243,100,1324,1,10/29/2018 18:04,R_cDdNG9KvJ7uWKbf,,,,,31.89619446,-81.29399872,anonymous,EN,"1,2,3,4","2,3,4,5",,5,,"1,3",,1,,1,,3,"1,2,3",,5,,3,"2,3",,2,,7,,2,,"1,2,3",,"1,2",,"1,3",4,,5,,1,,1,,1,,3,"1,2,3",,3,,5,,6,,6,,1,,6,,1,,4,,,,,,,,,,,,,,,,,,,,,,,,,,,,,,,4,,3,,"1,2,3",,3,,1,,3,"1,2,3",,5,,5,,6,,3,,5,,3,,5,,1,,,,,,,,,,,,,,,,,,,,,,,,,,,,,,,,,,,,,,,,,,,,,,,,,,,,,,,,,,,,,,,,,,,,,,,,,,,,,,,,,,,,,,,,,,,,,,,,45100,"<span lang=""EN-GB"">Suppose you are alone at home when you realize today is the last day to pay one of your bills online.<o:p></o:p></span>"
10/29/2018 18:02,10/29/2018 18:07,0,171.66.208.6,100,285,1,10/29/2018 18:07,R_2S0LYsscBtsfBXi,,,,,37.42359924,-122.1618958,anonymous,EN,"1,2,3,4,5",2,,1,,1,,1,,1,,3,"1,2,3",,1,,3,1,,1,,3,,1,,1,,2,,2,,,,,,,,,,,,,,,,,,,,,,,,,,,,,,2,,1,,2,,1,,1,,4,5,,1,,1,,1,,7,,1,,1,,1,,4,,,,,,,,,,,,,,,,,,,,,,,,,,,,,,,,,,,,,,,,,,,,,,,,,,,,,,,,,,,,,,,,,,,,,,,,,,,,,,,,,,,,,,,,,,,,,,,,,,,,,,,,,,,,,,,,,,,,,,,,,,,,,19368,"<span lang=""EN-GB"">Suppose you are at your gym and you want to track the amount of calories&nbsp;</span>you have burnt your workout.&nbsp;"
10/29/2018 18:06,10/29/2018 18:07,0,194.59.251.211,100,100,1,10/29/2018 18:07,R_Rrds5yEA2v6hAyt,,,,,40.79100037,-74.06340027,anonymous,EN,"1,2,3","1,2,5",,"2,3",,"1,2,3",,1,,3,,"1,2","1,2,3",,1,,"1,2","1,2,3,4",,"2,3",,"2,3,4",,"1,2",,2,,2,,,,,,,,,,,,,,,,,,,,,,,,,,,,,,,,,,,,,,,,,,,,,,,,,,,,,,,,,,,,,,,,,,,,,,,,,,,,,,,,,,,,,,,,,,,,,,,,,,,,,,,,,,,,,,,,,,,,,,,,,,,,,,,,,,,,,,,,,,,,,,,,,,,,,,,,,,,,,,,,,,,,,,,,,,,,,,,,,,,,,,,,13235,"<span lang=""EN-GB"">Suppose
     you want to a send an email when you are walking on a street.<o:p></o:p></span>"
10/29/2018 18:10,10/29/2018 18:16,0,69.126.53.185,100,387,1,10/29/2018 18:16,R_2rJA713kGP9bYxu,,,,,40.79969788,-72.79699707,anonymous,EN,"1,2,3,4","2,4",,5,,"1,2,3",,3,,"1,3",,4,"2,3",,1,,"2,3","2,3",,"1,2",,"3,4",,"1,2",,3,,"1,2",,,,,,,,,,,,,,,,,,,,,,,,,,,,,,,,,,,,,,,,,,,,,,,,,,,,,,,,,,,,,,,,,,,,,,,,,,,,,,,,,,,,,,,,,,,,,,,,,,,,,,,,,,,,,,,,,,,,,,,,,,,,,,,,,,,,,,,,,,,,,,,,,,,,,,,,,,,,,,,,,,,,,,,,,,,,,,,,,,,,,,,,4674,"<span lang=""EN-GB"">Suppose you want to a send an email when you are surrounded with people you are close to (e.g., friends, family members) at your home.<strong><o:p></o:p></strong></span>"
10/29/2018 18:13,10/29/2018 18:17,0,24.96.234.72,100,279,1,10/29/2018 18:17,R_OpaSABKJdtQNcOZ,,,,,28.02839661,-82.77940369,anonymous,EN,"1,2,3,4","2,4",,5,,2,,3,,1,,4,5,,2,,1,6,,2,,4,,5,,1,,1,,,,,,,,,,,,,,,,,,,,,,,,,,,,,,,,,,,,,,,,,,,,,,,,,,,,,,,,,,,,,,,,,,,,,,,,,,,,,,,,,,,,,,,,,,,,,,,,,,,,,,,,,,,,,,,,,,,,,,,,,,,,,,,,,,,,,,,,,,,,,,,,,,,,,,,,,,,,,,,,,,,,,,,,,,,,,,,,,,,,,,,,39624,"<span lang=""EN-GB"">Suppose
     you want to set up a reminder when you are alone at your home.<strong><o:p></o:p></strong></span>"
10/29/2018 18:20,10/29/2018 18:20,0,68.58.107.206,100,42,1,10/29/2018 18:20,R_3n7bb4tvh7nFJ1w,,,,,39.67889404,-86.13020325,anonymous,EN,"1,2",,,,,,,,,,,,,,,,,,,,,,,,,,,,,,,,,,,,,,,,,,,,,,,,,,,,,,,,,,,,,,,,,,,,,,,,,,,,,,,,,,,,,,,,,,,,,,,,,,,,,,,,,,,,,,,,,,,,,,,,,,,,,,,,,,,,,,,,,,,,,,,,,,,,,,,,,,,,,,,,,,,,,,,,,,,,,,,,,,,,,,,,,,,,,,,,,,,,,,,,,,,,,,,,,,,19773,"<span id=""docs-internal-guid-5a7e3441-7fff-9d1f-10e6-454a1d940975""><span style=""font-size: 11pt; font-family: Arial; color: rgb(0, 0, 0); background-color: transparent; font-variant-numeric: normal; font-variant-east-asian: normal; vertical-align: baseline; white-space: pre-wrap;"">Suppose you want to call your mother for sharing an important update about your life &nbsp;when you are alone at home</span><br> <br><br></span>"
10/29/2018 18:19,10/29/2018 18:22,0,74.130.228.217,100,143,1,10/29/2018 18:22,R_3QXxQU4t0lNIvy3,,,,,36.96629333,-86.39330292,anonymous,EN,"1,2,3,4,5","3,5",,"2,3",,"3,4",,3,,1,,3,2,,2,,"1,3","1,3",,"2,3",,"1,3,4",,2,,1,,1,,,,,,,,,,,,,,,,,,,,,,,,,,,,,,,,,,,,,,,,,,,,,,,,,,,,,,,,,,,,,,,,,,,,,,,,,,,,,,,,,,,,,,,,,,,,,,,,,,,,,,,,,,,,,,,,,,,,,,,,,,,,,,,,,,,,,,,,,,,,,,,,,,,,,,,,,,,,,,,,,,,,,,,,,,,,,,,,,,,,,,,,12552,"<span lang=""EN-GB"" style=""font-size:11.0pt;line-height:115%;
font-family:&quot;Arial&quot;,sans-serif;mso-fareast-font-family:Arial;mso-ansi-language:
EN-GB;mso-fareast-language:EN-US;mso-bidi-language:AR-SA"">Suppose you want to
take a click a photo when you are at Starbucks.</span>"
10/29/2018 18:21,10/29/2018 18:22,0,173.172.27.163,100,49,1,10/29/2018 18:22,R_vr7vFtCYcLCVX7b,,,,,32.95219421,-96.66539764,anonymous,EN,"1,2",,,,,,,,,,,,,,,,,,,,,,,,,,,,,,,,,,,,,,,,,,,,,,,,,,,,,,,,,,,,,,,,,,,,,,,,,,,,,,,,,,,,,,,,,,,,,,,,,,,,,,,,,,,,,,,,,,,,,,,,,,,,,,,,,,,,,,,,,,,,,,,,,,,,,,,,,,,,,,,,,,,,,,,,,,,,,,,,,,,,,,,,,,,,,,,,,,,,,,,,,,,,,,,,,,,37500,"<span lang=""EN-GB"">Suppose you want to browse the internet when you are with your close friends at a park.<o:p></o:p></span>"
10/29/2018 18:19,10/29/2018 18:22,0,199.47.64.36,100,200,1,10/29/2018 18:22,R_xxvLtbUrtj7WuVr,,,,,40.26029968,-103.6278992,anonymous,EN,"2,3",,,,,,,,,,,,,,,,,,,,,,,,,,,,,,,,,,,,,,,,,,,,,,,,,,,,,,,,,,,,,,,,,,,,,,,,,,,,,,,,,,,,,,,,,,,,,,,,,,,,,,,,,,,,,,,,,,,,,,,,,,,,,,,,,,,,,,,,,,,,,,,,,,,,,,,,,,,,,,,,,,,,,,,,,,,,,,,,,,,,,,,,,,,,,,,,,,,,,,,,,,,,,,,,,,,71695,"<span lang=""EN-GB"">Suppose you want to browse the internet when you are at home with people you are close to (e.g., friends, family members)<strong><o:p></o:p></strong></span>"
10/23/2018 17:28,10/29/2018 18:24,0,216.218.80.126,100,521748,1,10/29/2018 18:24,R_2wLGsQlTkJal0Km,,,,,33.91369629,-80.35420227,anonymous,EN,"1,2,5,6",2,,1,,2,,1,,3,,1,2,,3,,2,"1,2,3",,2,,3,,1,,2,,2,,,,,,,,,,,,,,,,,,,,,,,,,,,,,,,,,,,,,,,,,,,,,,,,,,,,,,,,,,,,,,,,,,,,,,,,,,,,,,,,,,,,,,,,,,,,,,,,,,,,,,,,,,,,,,,,,,,,,,,,,,,,,,,,,,,,,,,,,,,,,,,,,,,,,,,,,,,,,,,,,,,,,,,,,,,,,,,,,,,,,,,,69062,"<span lang=""EN-GB"" style=""font-size:11.0pt;line-height:115%;
font-family:&quot;Arial&quot;,sans-serif;mso-fareast-font-family:Arial;mso-ansi-language:
EN-GB;mso-fareast-language:EN-US;mso-bidi-language:AR-SA"">Suppose you want to check your social media when you are alone in a park.</span>"
10/29/2018 18:24,10/29/2018 18:25,0,216.218.80.126,100,20,1,10/29/2018 18:25,R_3MQnEMRn1XvpMLC,,,,,33.91369629,-80.35420227,anonymous,EN,6,,,,,,,,,,,,,,,,,,,,,,,,,,,,,,,,,,,,,,,,,,,,,,,,,,,,,,,,,,,,,,,,,,,,,,,,,,,,,,,,,,,,,,,,,,,,,,,,,,,,,,,,,,,,,,,,,,,,,,,,,,,,,,,,,,,,,,,,,,,,,,,,,,,,,,,,,,,,,,,,,,,,,,,,,,,,,,,,,,,,,,,,,,,,,,,,,,,,,,,,,,,,,,,,,,,37919,"<span lang=""EN-GB"">Suppose you are at a park with some people you know (e.g., acquaintances, colleagues) when you realize that you have to immediately pay one of your bills online.<o:p></o:p></span>"
10/29/2018 18:18,10/29/2018 18:28,0,71.68.241.148,100,648,1,10/29/2018 18:28,R_20YbhnDSRe4d1r2,,,,,33.72259521,-78.97820282,anonymous,EN,"1,2,4","2,4",,5,,"1,2,3",,1,,1,,4,5,,5,,4,6,,5,,3,,2,,1,,4,,,,,,,,,,,,,,,,,,,,,,,,,,,,,,,,,,,,,,,,,,,,,,,,,,,,,,,,,,,,,,,,,,,,,,,,,,,,,,,,,,,,,,,,,,,,,,,,,,,,,,,,,,,,,,,,,,,,,,,,,,,,,,,,,,,,,,,,,,,,,,,,,,,,,,,,,,,,,,,,,,,,,,,,,,,,,,,,,,,,,,,,71512,"<span lang=""EN-GB"">Suppose
     you want to a send an email when you are surrounded by people you know
     (e.g., acquaintances, colleagues) your home.<o:p></o:p></span>"
10/29/2018 18:30,10/29/2018 18:30,0,76.119.84.58,100,42,1,10/29/2018 18:30,R_2VL8bhBwPDtL26A,,,,,43.21850586,-71.52770233,anonymous,EN,"1,2",,,,,,,,,,,,,,,,,,,,,,,,,,,,,,,,,,,,,,,,,,,,,,,,,,,,,,,,,,,,,,,,,,,,,,,,,,,,,,,,,,,,,,,,,,,,,,,,,,,,,,,,,,,,,,,,,,,,,,,,,,,,,,,,,,,,,,,,,,,,,,,,,,,,,,,,,,,,,,,,,,,,,,,,,,,,,,,,,,,,,,,,,,,,,,,,,,,,,,,,,,,,,,,,,,,49144,"<span lang=""EN-GB"">Suppose
     you want to watch some video when you are with your close friends in a
     park.<o:p></o:p></span>"
10/22/2018 18:31,10/22/2018 18:32,0,108.94.129.83,1,15,0,10/29/2018 18:32,R_ABhvBtRH6GINZyV,,,,,,,anonymous,EN,,,,,,,,,,,,,,,,,,,,,,,,,,,,,,,,,,,,,,,,,,,,,,,,,,,,,,,,,,,,,,,,,,,,,,,,,,,,,,,,,,,,,,,,,,,,,,,,,,,,,,,,,,,,,,,,,,,,,,,,,,,,,,,,,,,,,,,,,,,,,,,,,,,,,,,,,,,,,,,,,,,,,,,,,,,,,,,,,,,,,,,,,,,,,,,,,,,,,,,,,,,,,,,,,,,,53744,"<span lang=""EN-GB"">Suppose you want to browse the internet when you are with people you know (e.g., acquaintances, colleagues) at a park.<o:p></o:p></span>"
10/29/2018 18:39,10/29/2018 18:40,0,158.48.6.140,100,80,1,10/29/2018 18:40,R_2rvfvMjJN45KSX9,,,,,39.18800354,-84.45800018,anonymous,EN,"1,2,3,4,5,6","1,2,3",,"1,2,3",,"3,4",,1,,"3,4",,1,2,,2,,2,"1,2",,"2,3",,1,,"1,2",,"1,2,3",,"1,2",,,,,,,,,,,,,,,,,,,,,,,,,,,,,,,,,,,,,,,,,,,,,,,,,,,,,,,,,,,,,,,,,,,,,,,,,,,,,,,,,,,,,,,,,,,,,,,,,,,,,,,,,,,,,,,,,,,,,,,,,,,,,,,,,,,,,,,,,,,,,,,,,,,,,,,,,,,,,,,,,,,,,,,,,,,,,,,,,,,,,,,,70240,"<span lang=""EN-GB"">Suppose you want to find a route to home while walking on a street with people you know (e.g., acquaintances, colleagues).<o:p></o:p></span>"
10/29/2018 18:36,10/29/2018 18:43,0,97.88.140.40,100,424,1,10/29/2018 18:43,R_2Eh4FMmHhYAgzNj,,,,,43.76499939,-88.60569763,anonymous,EN,"1,3,4,6",2,,1,,"1,2",,1,,1,,1,"1,2,3",,"2,3",,1,"2,3",,2,,"1,3",,2,,"1,2,3",,"1,2",,6,,,,,,,,,,,,,,,,,,,,,,,,,,,,,,,,,,,,,,,,,,,,,,,,,,,,,,,,,,,,,,,,,,,,,,,,,,,,,,,,,,,,,,,,,,,,,,,,,,,,,,,,,,,,,,,,,,,,,,,,,,,,,,,,,,,,,,,,,,,,,,,,,,2,,1,,1,,1,,1,,1,2,,2,,"2,3",,3,,3,,"1,2",,3,,"1,2,3",,2,,,,,,,,,20220,"<span lang=""EN-GB"">Suppose
     you want to a send a text message when you are alone at home<strong><o:p></o:p></strong></span>"
10/29/2018 18:43,10/29/2018 18:46,0,173.59.32.116,100,176,1,10/29/2018 18:46,R_3pcnpBTrh4Ks7PX,,,,,40.10960388,-75.15499878,anonymous,EN,"1,2,3,4,6",5,,3,,3,,1,,1,,1,2,,2,,4,2,,1,,3,,3,,3,,4,,,,,,,,,,,,,,,,,,,,,,,,,,,,,,,,,,,,,,,,,,,,,,,,,,,,,,,,,,,,,,,,,,,,,,,,,,,,,,,,,,,,,,,,,,,,,,,,,,,,,,,,,,,,,,,,,,,,,,,,,,,,,,,,,,,,,,,,,,,,,,,,,,,,,,,,,,,,,,,,,,,,,,,,,,,,,,,,,,,,,,,,92844,"<span lang=""EN-GB"">Suppose you are alone and relaxing at home, you have just read a new book that&nbsp;</span>you loved and now you want a write a review for your close family and friends."
10/29/2018 18:46,10/29/2018 18:50,0,173.59.32.116,100,267,1,10/29/2018 18:50,R_2EE2weMLyXasc4C,,,,,40.10960388,-75.15499878,anonymous,EN,"1,2,3,4,6",5,,2,,3,,1,,1,,3,2,,3,,3,3,,2,,3,,1,,5,,4,,,,,,,,,,,,,,,,,,,,,,,,,,,,,,,,,,,,,,,,,,,,,,,,,,,,,,,,,,,,,,,,,,,,,,,,,,,,,,,,,,,,,,,,,,,,,,,,,,,,,,,,,,,,,,,,,,,,,,,,,,,,,,,,,,,,,,,,,,,,,,,,,,,,,,,,,,,,,,,,,,,,,,,,,,,,,,,,,,,,,,,,58860,"<span lang=""EN-GB"">Suppose you want to browse internet when you are with your close friends at a restaurant.<o:p></o:p></span>"
10/29/2018 18:52,10/29/2018 18:52,0,107.145.240.148,100,26,1,10/29/2018 18:52,R_3p074sq1mYwelAU,,,,,28.19839478,-81.48699951,anonymous,EN,2,,,,,,,,,,,,,,,,,,,,,,,,,,,,,,,,,,,,,,,,,,,,,,,,,,,,,,,,,,,,,,,,,,,,,,,,,,,,,,,,,,,,,,,,,,,,,,,,,,,,,,,,,,,,,,,,,,,,,,,,,,,,,,,,,,,,,,,,,,,,,,,,,,,,,,,,,,,,,,,,,,,,,,,,,,,,,,,,,,,,,,,,,,,,,,,,,,,,,,,,,,,,,,,,,,,83263,"<span lang=""EN-GB"">Suppose
     you want to listen to some audio when you are with your friends at
     Starbucks.<o:p></o:p></span>"
10/29/2018 18:49,10/29/2018 18:55,0,199.0.194.104,100,363,1,10/29/2018 18:55,R_1gMv0xk37fGrmus,,,,,39.55160522,-97.65679932,anonymous,EN,"1,2,3,5","1,4",,1,,1,,1,,2,,2,"1,2",,"1,3",,2,"2,4",,2,,"2,6",,"2,3",,"1,2,3",,"1,2",,,,,,,,,,,,,,,,,,,,,,,,,,,,,,,,,,,,,,,,,,,,,,,,,,,,,,,,,,,,,,,,,,,,,,,,,,,,,,,,,,,,,,,,,,,,,,,,,,,,,,,,,,,,,,,,,,,,,,,,,,,,,,,,,,,,,,,,,,,,,,,,,,,,,,,,,,,,,,,,,,,,,,,,,,,,,,,,,,,,,,,,10482,"<span lang=""EN-GB"">Suppose you are at a park, you have just read a book you loved and now you&nbsp;</span>want to write a review for it to share with people you are close to (e.g., friends, family members)"
10/29/2018 18:57,10/29/2018 19:00,0,172.5.194.140,100,157,1,10/29/2018 19:00,R_2wbDvAqhDYyfbCV,,,,,33.79379272,-118.3171997,anonymous,EN,"1,2,3,4,5","2,3,4",,1,,"1,2,3",,1,,1,,"1,3",3,,3,,1,6,,"1,2",,"3,4",,"1,2",,1,,"1,2",,,,,,,,,,,,,,,,,,,,,,,,,,,,,,,,,,,,,,,,,,,,,,,,,,,,,,,,,,,,,,,,,,,,,,,,,,,,,,,,,,,,,,,,,,,,,,,,,,,,,,,,,,,,,,,,,,,,,,,,,,,,,,,,,,,,,,,,,,,,,,,,,,,,,,,,,,,,,,,,,,,,,,,,,,,,,,,,,,,,,,,,75857,"<span lang=""EN-GB"">Suppose you want to read a digital document when you are at a park.<o:p></o:p></span>"
10/18/2018 15:07,10/22/2018 19:02,0,73.81.78.173,78,359706,0,10/29/2018 19:02,R_yZPvn1SW8lA52AF,,,,,,,anonymous,EN,"1,2,3",,,,,,,,,,,,,,,,,,,,,,,,,,,,,,,,,,,,,,,,,,,,,,,,,,,,,,,,,,,,,,,,,,,,,,,,,,,,,,,,,,,,,,,,,,,,,,,,,,,,,,,,,,,,,,,,,,,,,,,,,,,,,,,,,,,,,,,,,,,,,,,,,,,,,,,,,,,,,,,,,,,,,,,,,,,,,,,,,,,,,,,,,,,,,,,,,,,,,,,,,,,,,,,,,,,83876,"<span lang=""EN-GB"">Suppose it is a regular working day, you want to track the total amount of calories&nbsp;</span>you consume and burn off during the day.&nbsp;"
10/29/2018 18:58,10/29/2018 19:03,0,173.92.43.233,100,263,1,10/29/2018 19:03,R_u9wg0Cu9PyvU5S9,,,,,35.41409302,-80.61620331,anonymous,EN,"1,2,3","2,5",,1,,"1,2,3",,1,,1,,4,5,,5,,4,6,,5,,7,,2,,5,,2,,,,,,,,,,,,,,,,,,,,,,,,,,,,,,,,,,,,,,,,,,,,,,,,,,,,,,,,,,,,,,,,,,,,,,,,,,,,,,,,,,,,,,,,,,,,,,,,,,,,,,,,,,,,,,,,,,,,,,,,,,,,,,,,,,,,,,,,,,,,,,,,,,,,,,,,,,,,,,,,,,,,,,,,,,,,,,,,,,,,,,,,14127,"<span lang=""EN-GB"">Suppose you want to browse the internet when you alone at a park.<o:p></o:p></span>"
10/29/2018 19:02,10/29/2018 19:08,0,108.80.238.83,100,312,1,10/29/2018 19:08,R_yWNaokGf7rFWNJn,,,,,42.3197937,-88.4477005,anonymous,EN,"1,2,5","1,2",,5,,6,,1,,1,,1,2,,2,,1,3,,2,,"1,4",,2,,1,,1,,2,,,,,,,,,,,,,,,,,,,,,,,,,,,,,,2,,5,,3,,1,,1,,3,"2,3",,5,,2,,6,,1,,5,,1,,5,,1,,,,,,,,,,,,,,,,,,,,,,,,,,,,,,,,,,,,,,,,,,,,,,,,,,,,,,,,,,,,,,,,,,,,,,,,,,,,,,,,,,,,,,,,,,,,,,,,,,,,,,,,,,,,,,,,,,,,,,,,,,,,,50803,"<span lang=""EN-GB"">Suppose you have planned to meet a friend next week and you want to put this on your calendar when you are with a very close friend at a park.&nbsp;<o:p></o:p></span>"
10/22/2018 19:06,10/22/2018 19:08,0,174.110.200.18,78,120,0,10/29/2018 19:08,R_1isYeGDjm3Kl1Y0,,,,,,,anonymous,EN,"1,2,4,5",,,,,,,,,,,,,,,,,,,,,,,,,,,,,,,,,,,,,,,,,,,,,,,,,,,,,,,,,,,,,,,,,,,,,,,,,,,,,,,,,,,,,,,,,,,,,,,,,,,,,,,,,,,,,,,,,,,,,,,,,,,,,,,,,,,,,,,,,,,,,,,,,,,,,,,,,,,,,,,,,,,,,,,,,,,,,,,,,,,,,,,,,,,,,,,,,,,,,,,,,,,,,,,,,,,69941,"<span lang=""EN-GB"">Suppose
     you want to a view a text message
     when you are walking with a very close friend on a street<o:p></o:p></span>"
10/29/2018 19:16,10/29/2018 19:16,0,96.42.214.236,100,15,1,10/29/2018 19:16,R_1kUHwDlzwQwCSMk,,,,,44.04960632,-92.48960114,anonymous,EN,"2,3",,,,,,,,,,,,,,,,,,,,,,,,,,,,,,,,,,,,,,,,,,,,,,,,,,,,,,,,,,,,,,,,,,,,,,,,,,,,,,,,,,,,,,,,,,,,,,,,,,,,,,,,,,,,,,,,,,,,,,,,,,,,,,,,,,,,,,,,,,,,,,,,,,,,,,,,,,,,,,,,,,,,,,,,,,,,,,,,,,,,,,,,,,,,,,,,,,,,,,,,,,,,,,,,,,,26599,"<span lang=""EN-GB"">Suppose you are at sitting at Starbucks and you want to play a digital/online&nbsp;</span>game."
10/29/2018 19:19,10/29/2018 19:24,0,98.114.148.50,100,258,1,10/29/2018 19:24,R_11ZML5RrIl3iyYe,,,,,39.93789673,-75.17939758,anonymous,EN,"1,2,3,4",2,,1,,"1,3",,1,,1,,3,"1,2,3",,"2,3",,2,2,,"1,2",,6,,"1,2",,"1,3",,1,,,,,,,,,,,,,,,,,,,,,,,,,,,,,,,,,,,,,,,,,,,,,,,,,,,,,,,,,,,,,,,,,,,,,,,,,,,,,,,,,,,,,,,,,,,,,,,,,,,,,,,,,,,,,,,,,,,,,,,,,,,,,,,,,,,,,,,,,,,,,,,,,,,,,,,,,,,,,,,,,,,,,,,,,,,,,,,,,,,,,,,,71458,"<span lang=""EN-GB"" style=""font-size:11.0pt;line-height:115%;
font-family:&quot;Arial&quot;,sans-serif;mso-fareast-font-family:Arial;mso-ansi-language:
EN-GB;mso-fareast-language:EN-US;mso-bidi-language:AR-SA"">Suppose you want to
find a route to a coffee shop when you are alone at home.</span>"
10/29/2018 19:25,10/29/2018 19:27,0,65.214.67.191,100,89,1,10/29/2018 19:27,R_1NxfAZIcoDE6psr,,,,,38.00540161,-89.90080261,anonymous,EN,"2,3,4","1,2,3",,"1,3",,"1,3",,1,,"1,3",,2,"1,2",,2,,3,"1,2,3",,"1,2,3",,"1,2,3",,"1,2,3",,5,,"1,2",,,,,,,,,,,,,,,,,,,,,,,,,,,,,,,,,,,,,,,,,,,,,,,,,,,,,,,,,,,,,,,,,,,,,,,,,,,,,,,,,,,,,,,,,,,,,,,,,,,,,,,,,,,,,,,,,,,,,,,,,,,,,,,,,,,,,,,,,,,,,,,,,,,,,,,,,,,,,,,,,,,,,,,,,,,,,,,,,,,,,,,,53844,"<span lang=""EN-GB"">Suppose
     you want&nbsp; to a send a text message
     when you are walking with a very close friend on a street<o:p></o:p></span>"
10/29/2018 19:26,10/29/2018 19:30,0,71.161.71.235,100,278,1,10/29/2018 19:30,R_2agxIfHpXEonzJA,,,,,42.24090576,-79.49629974,anonymous,EN,"1,2,3,4","1,2",,"1,2",,"1,2",,1,,1,,"2,3","1,2",,3,,"2,3","2,4",,"2,3",,"2,3",,"2,3",,"1,3",,2,,2,,,,,,,,,,,,,,,,,,,,,,,,,,,,,,"2,5",,1,,"2,3",,1,,1,,2,"2,3",,3,,3,,3,,3,,2,,"2,3",,"1,3",,2,,,,,,,,,,,,,,,,,,,,,,,,,,,,,,,,,,,,,,,,,,,,,,,,,,,,,,,,,,,,,,,,,,,,,,,,,,,,,,,,,,,,,,,,,,,,,,,,,,,,,,,,,,,,,,,,,,,,,,,,,,,,,69374,"<span lang=""EN-GB"">Suppose you want to set up a reminder about something when you are at Starbucks with close friends.<o:p></o:p></span>"
10/29/2018 19:28,10/29/2018 19:34,0,35.136.179.95,100,397,1,10/29/2018 19:34,R_2dJTCvBSvCP7oDm,,,,,27.84660339,-82.79540253,anonymous,EN,"1,2,4","1,2,3,4",,1,,"1,2,3",,1,,1,,"2,3","1,2,3",,"1,3",,"2,3","1,2,3,4",,"2,3",,3,,"1,2,3",,"1,2,3",,"1,2",,,,,,,,,,,,,,,,,,,,,,,,,,,,,,,,,,,,,,,,,,,,,,,,,,,,,,,,,,,,,,,,,,,,,,,,,,,,,,,,,,,,,,,,,,,,,,,,,,,,,,,,,,,,,,,,,,,,,,,,,,,,,,,,,,,,,,,,,,,,,,,,,,,,,,,,,,,,,,,,,,,,,,,,,,,,,,,,,,,,,,,,32909,"<span lang=""EN-GB"">Suppose you want to read a digital document when you are at Starbucks with people you know (e.g., acquaintances, colleagues).<o:p></o:p></span>"
10/29/2018 19:39,10/29/2018 19:39,0,70.15.163.44,100,18,1,10/29/2018 19:39,R_3EpbSrGT7P7rKHJ,,,,,40.82989502,-75.69740295,anonymous,EN,"2,6",,,,,,,,,,,,,,,,,,,,,,,,,,,,,,,,,,,,,,,,,,,,,,,,,,,,,,,,,,,,,,,,,,,,,,,,,,,,,,,,,,,,,,,,,,,,,,,,,,,,,,,,,,,,,,,,,,,,,,,,,,,,,,,,,,,,,,,,,,,,,,,,,,,,,,,,,,,,,,,,,,,,,,,,,,,,,,,,,,,,,,,,,,,,,,,,,,,,,,,,,,,,,,,,,,,94252,"<span lang=""EN-GB"">Suppose
     you want to a view a text message when you are with a very close friend at
     a restaurant&nbsp;<o:p></o:p></span>"
10/29/2018 19:36,10/29/2018 19:41,0,174.108.108.202,100,290,1,10/29/2018 19:41,R_ANjiCJ2sHuWabZv,,,,,35.41409302,-80.61620331,anonymous,EN,"1,2,4,5",2,,5,,"2,3",,1,,3,,3,"1,2",,3,,1,"1,2",,2,,"3,4",,2,,"1,2,3",,2,,,,,,,,,,,,,,,,,,,,,,,,,,,,,,,,,,,,,,,,,,,,,,,,,,,,,,,,,,,,,,,,,,,,,,,,,,,,,,,,,,,,,,,,,,,,,,,,,,,,,,,,,,,,,,,,,,,,,,,,,,,,,,,,,,,,,,,,,,,,,,,,,,,,,,,,,,,,,,,,,,,,,,,,,,,,,,,,,,,,,,,,66320,"<span lang=""EN-GB"">Suppose you are at sitting at Starbucks and you want to play a digital/online&nbsp;</span>game with some close friends."
10/29/2018 18:57,10/29/2018 19:48,0,73.149.99.33,100,3048,1,10/29/2018 19:48,R_3ISp6De7rDuVslk,,,,,42.34779358,-71.15660095,anonymous,EN,"1,2,4,5","1,2",,5,,"2,3,4",,1,,1,,3,1,,2,,"2,3",2,,2,,"2,3,6",,2,,5,,4,,,,,,,,,,,,,,,,,,,,,,,,,,,,,,,,,,,,,,,,,,,,,,,,,,,,,,,,,,,,,,,,,,,,,,,,,,,,,,,,,,,,,,,,,,,,,,,,,,,,,,,,,,,,,,,,,,,,,,,,,,,,,,,,,,,,,,,,,,,,,,,,,,,,,,,,,,,,,,,,,,,,,,,,,,,,,,,,,,,,,,,,34725,"<span lang=""EN-GB"">Suppose
     you want to purchase something online when you are alone at Starbucks.<o:p></o:p></span>"
10/29/2018 19:49,10/29/2018 19:50,0,45.23.181.158,100,40,1,10/29/2018 19:50,R_12op2C0GLeVH2uy,,,,,32.51780701,-94.7303009,anonymous,EN,"1,2",,,,,,,,,,,,,,,,,,,,,,,,,,,,,,,,,,,,,,,,,,,,,,,,,,,,,,,,,,,,,,,,,,,,,,,,,,,,,,,,,,,,,,,,,,,,,,,,,,,,,,,,,,,,,,,,,,,,,,,,,,,,,,,,,,,,,,,,,,,,,,,,,,,,,,,,,,,,,,,,,,,,,,,,,,,,,,,,,,,,,,,,,,,,,,,,,,,,,,,,,,,,,,,,,,,80906,"<span lang=""EN-GB"">Suppose you want to watch some video when you are alone at your home.<strong><o:p></o:p></strong></span>"
10/29/2018 19:49,10/29/2018 19:55,0,98.243.93.22,100,380,1,10/29/2018 19:55,R_2vkY0POcdncPpsI,,,,,42.57000732,-83.74839783,anonymous,EN,"2,3,4","1,2,4,5",,"1,2,3",,"1,2,3,4",,1,,"1,3",,"2,3","1,2,3",,"1,2",,"2,3","2,3,4",,"1,2",,"1,2,3,4",,"1,2",,"1,2,3",,"1,2",,2,,,,,,,,,,,,,,,,,,,,,,,,,,,,,,"1,2,3,4,5",,"1,2",,"1,2,3,4",,1,,"1,2,3",,"2,3","1,2,3",,"1,2,3",,"1,2",,"2,3,4",,"1,2,3,4",,"1,2,3",,"1,2,3,4",,"1,2,3",,"1,2",,,,,,,,,,,,,,,,,,,,,,,,,,,,,,,,,,,,,,,,,,,,,,,,,,,,,,,,,,,,,,,,,,,,,,,,,,,,,,,,,,,,,,,,,,,,,,,,,,,,,,,,,,,,,,,,,,,,,,,,,,,,,75461,"<span lang=""EN-GB"">Suppose
     you want to a view a text message when you are surrounded by people you
     know (e.g., acquaintances, colleagues) at your home.<o:p></o:p></span>"
10/22/2018 19:56,10/22/2018 19:57,0,71.72.60.61,1,6,0,10/29/2018 19:57,R_6VvXlbYl5J9BW81,,,,,,,anonymous,EN,,,,,,,,,,,,,,,,,,,,,,,,,,,,,,,,,,,,,,,,,,,,,,,,,,,,,,,,,,,,,,,,,,,,,,,,,,,,,,,,,,,,,,,,,,,,,,,,,,,,,,,,,,,,,,,,,,,,,,,,,,,,,,,,,,,,,,,,,,,,,,,,,,,,,,,,,,,,,,,,,,,,,,,,,,,,,,,,,,,,,,,,,,,,,,,,,,,,,,,,,,,,,,,,,,,,59588,"<span lang=""EN-GB"">Suppose
     you want to a view a text message when you are surrounded by people you
     know (e.g., acquaintances, colleagues) at a restaurant.<o:p></o:p></span>"
10/29/2018 20:05,10/29/2018 20:05,0,185.244.215.227,100,24,1,10/29/2018 20:05,R_1jYQc4wqcwXNfvQ,,,,,40.71850586,-74.00250244,anonymous,EN,1,,,,,,,,,,,,,,,,,,,,,,,,,,,,,,,,,,,,,,,,,,,,,,,,,,,,,,,,,,,,,,,,,,,,,,,,,,,,,,,,,,,,,,,,,,,,,,,,,,,,,,,,,,,,,,,,,,,,,,,,,,,,,,,,,,,,,,,,,,,,,,,,,,,,,,,,,,,,,,,,,,,,,,,,,,,,,,,,,,,,,,,,,,,,,,,,,,,,,,,,,,,,,,,,,,,64809,"<span lang=""EN-GB"">Suppose you want to take a click a photo when you are with your close friends&nbsp;</span>and family members at Starbucks"
10/16/2018 10:26,10/22/2018 20:07,0,64.130.184.152,88,553270,0,10/29/2018 20:08,R_9vuixYLTCN67Inn,,,,,,,anonymous,EN,"1,2,3,4,5,6",1,,"2,3",,2,,1,,3,,3,"1,2",,"2,3",,"1,2","2,4",,2,,2,,2,,3,,2,,"1,2,3,4",,,,,,,,,,,,,,,,,,,,,,,,,,,,,,1,,3,,4,,1,,3,,3,2,,2,,"1,2",,4,,2,,3,,2,,3,,2,,,,,,,,,,,,,,,,,,,,,,,,,,,,,,,,,,,,,,,,,,,,,,,,,,,,,,,,,,,,,,,,,,,,,,,,,,,,,,,,,,,,,,,,,,,,,,,,,,,,,,,,,,,,,,,,,,,,,,,,,,,,,98988,"<span lang=""EN-GB"" style=""font-size:11.0pt;line-height:115%;
font-family:&quot;Arial&quot;,sans-serif;mso-fareast-font-family:Arial;mso-ansi-language:
EN-GB;mso-fareast-language:EN-US;mso-bidi-language:AR-SA"">Suppose you want to
find a route to a coffee shop when you are alone at home.</span>"
10/29/2018 20:09,10/29/2018 20:10,0,107.77.236.191,100,22,1,10/29/2018 20:10,R_BWjqEpoDFAkEs6Z,,,,,37.75100708,-97.8219986,anonymous,EN,"1,2",,,,,,,,,,,,,,,,,,,,,,,,,,,,,,,,,,,,,,,,,,,,,,,,,,,,,,,,,,,,,,,,,,,,,,,,,,,,,,,,,,,,,,,,,,,,,,,,,,,,,,,,,,,,,,,,,,,,,,,,,,,,,,,,,,,,,,,,,,,,,,,,,,,,,,,,,,,,,,,,,,,,,,,,,,,,,,,,,,,,,,,,,,,,,,,,,,,,,,,,,,,,,,,,,,,59384,"<span lang=""EN-GB"">Suppose
     you want to find a route to home when you are at Starbucks with your close
     friends.<o:p></o:p></span>"
10/29/2018 20:09,10/29/2018 20:13,0,24.251.87.43,100,281,1,10/29/2018 20:13,R_3rUTnmVsyOnjGZV,,,,,33.43469238,-112.2773972,anonymous,EN,4,,,,,,,,,,,,,,,,,,,,,,,,,,,,,,,,,,,,,,,,,,,,,,,,,,,,,,,,,,,,,,,,,,,,,,,,,,,,,,,,,,,,,,,,,,,,,,,,,,,,,,,,,,,,,,,,,,,,,,,,,,,,,,,,,,,,,,,,,,,,,,,,,,,,,,,,,,,,,,,,,,,,,,,,,,,,,,,,,,,,,,,,,,,,,,,,,,,,,,,,,,,,,,,,,,,28419,"<span lang=""EN-GB"">Suppose
     you want to take a click a photo when you are with people you are close to
     (e.g., friends, family members) at home<o:p></o:p></span>"
10/29/2018 20:24,10/29/2018 20:24,0,198.56.160.82,100,10,1,10/29/2018 20:24,R_2bZUsaBs6b7BGIo,,,,,45.78329468,-108.5007019,anonymous,EN,3,,,,,,,,,,,,,,,,,,,,,,,,,,,,,,,,,,,,,,,,,,,,,,,,,,,,,,,,,,,,,,,,,,,,,,,,,,,,,,,,,,,,,,,,,,,,,,,,,,,,,,,,,,,,,,,,,,,,,,,,,,,,,,,,,,,,,,,,,,,,,,,,,,,,,,,,,,,,,,,,,,,,,,,,,,,,,,,,,,,,,,,,,,,,,,,,,,,,,,,,,,,,,,,,,,,79001,"<span lang=""EN-GB"">Suppose you want to take a click a photo when you with </span><span lang=""EN-GB"">some people you know (e.g.,
     acquaintances, colleagues)</span><span lang=""EN-GB""> at home<o:p></o:p></span>"
10/29/2018 20:25,10/29/2018 20:25,0,198.56.160.82,100,7,1,10/29/2018 20:25,R_3iO3mQrbfYsiU8V,,,,,45.78329468,-108.5007019,anonymous,EN,3,,,,,,,,,,,,,,,,,,,,,,,,,,,,,,,,,,,,,,,,,,,,,,,,,,,,,,,,,,,,,,,,,,,,,,,,,,,,,,,,,,,,,,,,,,,,,,,,,,,,,,,,,,,,,,,,,,,,,,,,,,,,,,,,,,,,,,,,,,,,,,,,,,,,,,,,,,,,,,,,,,,,,,,,,,,,,,,,,,,,,,,,,,,,,,,,,,,,,,,,,,,,,,,,,,,57168,"<span lang=""EN-GB"">Suppose
     you want to a send a text message when you are surrounded by people you
     know (e.g., acquaintances, colleagues) at a restaurant.<o:p></o:p></span>"
10/29/2018 20:23,10/29/2018 20:29,0,73.174.134.60,100,348,1,10/29/2018 20:29,R_1fjZ50MRRPLzFJC,,,,,41.02409363,-80.34539795,anonymous,EN,"1,2,4","1,2,3,5",,1,,"1,2",,1,,1,,1,"1,2,3",,"2,3",,1,2,,5,,6,,5,,"1,2,3",,"1,2",,2,,,,,,,,,,,,,,,,,,,,,,,,,,,,,,2,,5,,1,,1,,1,,4,5,,5,,5,,6,,7,,5,,7,,5,,4,,,,,,,,,,,,,,,,,,,,,,,,,,,,,,,,,,,,,,,,,,,,,,,,,,,,,,,,,,,,,,,,,,,,,,,,,,,,,,,,,,,,,,,,,,,,,,,,,,,,,,,,,,,,,,,,,,,,,,Female,32,Disabled,2,1,,2,60307,"Suppose you want to call your mother for sharing an important update about your life when you are surrounded with people you are close to (e.g., friends, family members)at your home."
10/29/2018 20:35,10/29/2018 20:35,0,174.99.51.2,100,13,1,10/29/2018 20:35,R_DoxfvTx1Bd9AM0h,,,,,35.89489746,-78.70510101,anonymous,EN,2,,,,,,,,,,,,,,,,,,,,,,,,,,,,,,,,,,,,,,,,,,,,,,,,,,,,,,,,,,,,,,,,,,,,,,,,,,,,,,,,,,,,,,,,,,,,,,,,,,,,,,,,,,,,,,,,,,,,,,,,,,,,,,,,,,,,,,,,,,,,,,,,,,,,,,,,,,,,,,,,,,,,,,,,,,,,,,,,,,,,,,,,,,,,,,,,,,,,,,,,,,,,,,,,,,,93745,"<span lang=""EN-GB"">Suppose
     you want to call your mother for sharing an important update about your
     life when you are with a very close friend at a restaurant&nbsp;<o:p></o:p></span>"
10/29/2018 20:39,10/29/2018 20:40,0,98.29.29.16,100,14,1,10/29/2018 20:40,R_1r7DDsL1JevDl59,,,,,39.64639282,-84.17169952,anonymous,EN,"2,3",,,,,,,,,,,,,,,,,,,,,,,,,,,,,,,,,,,,,,,,,,,,,,,,,,,,,,,,,,,,,,,,,,,,,,,,,,,,,,,,,,,,,,,,,,,,,,,,,,,,,,,,,,,,,,,,,,,,,,,,,,,,,,,,,,,,,,,,,,,,,,,,,,,,,,,,,,,,,,,,,,,,,,,,,,,,,,,,,,,,,,,,,,,,,,,,,,,,,,,,,,,,,,,,,,,93516,"<span lang=""EN-GB"">Suppose
     you want to read a digital document when you are at home with people you
     are close to (e.g., friends, family members).<strong><o:p></o:p></strong></span>"
10/29/2018 20:34,10/29/2018 20:40,0,204.195.173.73,100,327,1,10/29/2018 20:40,R_2bT9F6Xglweu9zX,,,,,40.3072052,-78.94300079,anonymous,EN,"1,2,3,4","1,2",,"1,2,3",,"1,2,3",,1,,1,,"2,3","1,2",,3,,1,"2,4",,"2,3",,"2,3",,"1,2",,"1,3",,"1,2",,,,,,,,,,,,,,,,,,,,,,,,,,,,,,,,,,,,,,,,,,,,,,,,,,,,,,,,,,,,,,,,,,,,,,,,,,,,,,,,,,,,,,,,,,,,,,,,,,,,,,,,,,,,,,,,,,,,,,,,,,,,,,,,,,,,,,,,,,,,,,,,,,,,,,,,,,,,,,,,,,,,,,,,,,,,,,,,,,,,,,,,92817,"<span lang=""EN-GB"">Suppose
     you want to find a route to home when you are at Starbucks with people you
     know (e.g., acquaintances, colleagues).<o:p></o:p></span>"
10/29/2018 20:47,10/29/2018 20:51,0,174.83.198.154,100,282,1,10/29/2018 20:51,R_XX8MaDBQvxEUuY1,,,,,39.62690735,-119.7080994,anonymous,EN,"1,2,4","2,3,5",,1,,"1,2",,1,,1,,1,"1,2,3",,5,,1,2,,1,,"1,6",,"1,2",,3,,2,,,,,,,,,,,,,,,,,,,,,,,,,,,,,,,,,,,,,,,,,,,,,,,,,,,,,,,,,,,,,,,,,,,,,,,,,,,,,,,,,,,,,,,,,,,,,,,,,,,,,,,,,,,,,,,,,,,,,,,,,,,,,,,,,,,,,,,,,,,,,,,,,,,,,,,,,,,,,,,,,,,,,,,,,,,,,,,,,,,,,,,,67883,"<span lang=""EN-GB"">Suppose
     you want to set up a reminder when you are at home with people you are
     close to (e.g., friends, family members).<strong><o:p></o:p></strong></span>"
10/29/2018 20:54,10/29/2018 20:57,0,99.203.11.162,100,180,1,10/29/2018 20:57,R_u7XEDpFtKyeuHct,,,,,34.08180237,-118.1753006,anonymous,EN,"1,2,3,4","2,3",,2,,1,,1,,"1,3",,4,2,,3,,1,"1,2",,"1,2",,"1,2,3,4,6",,2,,"1,3",,4,,,,,,,,,,,,,,,,,,,,,,,,,,,,,,,,,,,,,,,,,,,,,,,,,,,,,,,,,,,,,,,,,,,,,,,,,,,,,,,,,,,,,,,,,,,,,,,,,,,,,,,,,,,,,,,,,,,,,,,,,,,,,,,,,,,,,,,,,,,,,,,,,,,,,,,,,,,,,,,,,,,,,,,,,,,,,,,,,,,,,,,,98341,"Suppose you want to purchase something (e.g., book,
     household items) online when you are with people
     you know (e.g., acquaintances, colleagues) at
     Starbucks.<o:p></o:p>"
10/29/2018 20:56,10/29/2018 20:59,0,24.229.175.162,100,167,1,10/29/2018 20:59,R_3istfQt8euZ7C60,,,,,40.54110718,-75.12590027,anonymous,EN,"1,2,3,4","2,4,5",,1,,"1,3",,1,,1,,"1,2,3","1,2,3",,2,,"1,2","1,2,3",,"1,2",,"1,4",,"1,2",,"1,2",,"1,2",,,,,,,,,,,,,,,,,,,,,,,,,,,,,,,,,,,,,,,,,,,,,,,,,,,,,,,,,,,,,,,,,,,,,,,,,,,,,,,,,,,,,,,,,,,,,,,,,,,,,,,,,,,,,,,,,,,,,,,,,,,,,,,,,,,,,,,,,,,,,,,,,,,,,,,,,,,,,,,,,,,,,,,,,,,,,,,,,,,,,,,,74330,"<span lang=""EN-GB"">Suppose you have planned to meet a friend next week and you want to put this on your calendar when you are alone at a park<o:p></o:p></span>"
10/29/2018 20:59,10/29/2018 21:01,0,71.195.35.1,100,100,1,10/29/2018 21:01,R_1fklAoFkKV3SOJo,,,,,44.82659912,-93.375,anonymous,EN,"1,2,3,4","4,5",,5,,1,,1,,1,,1,5,,2,,2,1,,1,,3,,1,,2,,2,,,,,,,,,,,,,,,,,,,,,,,,,,,,,,,,,,,,,,,,,,,,,,,,,,,,,,,,,,,,,,,,,,,,,,,,,,,,,,,,,,,,,,,,,,,,,,,,,,,,,,,,,,,,,,,,,,,,,,,,,,,,,,,,,,,,,,,,,,,,,,,,,,,,,,,,,,,,,,,,,,,,,,,,,,,,,,,,,,,,,,,,92851,"<span lang=""EN-GB"">Suppose
     you want to call your mother for sharing an important update about your
     life yourself when you are with a very close friend at a park.&nbsp;<o:p></o:p></span>"
10/21/2018 20:20,10/22/2018 21:06,0,71.231.76.16,78,89186,0,10/29/2018 21:07,R_27wEjfMp083ZMzg,,,,,,,anonymous,EN,"1,2,3,4,5",,,,,,,,,,,,,,,,,,,,,,,,,,,,,,,,,,,,,,,,,,,,,,,,,,,,,,,,,,,,,,,,,,,,,,,,,,,,,,,,,,,,,,,,,,,,,,,,,,,,,,,,,,,,,,,,,,,,,,,,,,,,,,,,,,,,,,,,,,,,,,,,,,,,,,,,,,,,,,,,,,,,,,,,,,,,,,,,,,,,,,,,,,,,,,,,,,,,,,,,,,,,,,,,,,,66900,"<span lang=""EN-GB"">Suppose you want to read a digital document when you are at Starbucks with people you know (e.g., acquaintances, colleagues).<o:p></o:p></span>"
10/29/2018 21:09,10/29/2018 21:10,0,73.217.134.109,100,64,1,10/29/2018 21:10,R_1Km5jat78ixfZyP,,,,,32.79240417,-80.10810089,anonymous,EN,"1,2,3,4,5","1,2,3",,2,,"2,3",,1,,"2,3",,"2,3",1,,1,,"1,2",2,,"1,3",,"1,2,3",,"1,3",,3,,2,,,,,,,,,,,,,,,,,,,,,,,,,,,,,,,,,,,,,,,,,,,,,,,,,,,,,,,,,,,,,,,,,,,,,,,,,,,,,,,,,,,,,,,,,,,,,,,,,,,,,,,,,,,,,,,,,,,,,,,,,,,,,,,,,,,,,,,,,,,,,,,,,,,,,,,,,,,,,,,,,,,,,,,,,,,,,,,,,,,,,,,,53499,"<span lang=""EN-GB"">Suppose you have planned to meet a friend next week and you want to&nbsp;put this on your calendar </span><span lang=""EN-GB"">when</span><span lang=""EN-GB""> you are surrounded by people you know (e.g., acquaintances, colleagues) at your home.</span><span lang=""EN-GB""><o:p></o:p></span>"
10/29/2018 21:13,10/29/2018 21:17,0,67.223.21.34,100,211,1,10/29/2018 21:17,R_Z1YAsML2ADDNzZ7,,,,,36.56860352,-82.18190002,anonymous,EN,"2,3,4","1,4",,1,,1,,1,,1,,"1,3","1,2,3",,"2,3",,3,"1,2",,"1,3",,"3,4,6",,"1,2",,"1,3",,"1,2",,,,,,,,,,,,,,,,,,,,,,,,,,,,,,,,,,,,,,,,,,,,,,,,,,,,,,,,,,,,,,,,,,,,,,,,,,,,,,,,,,,,,,,,,,,,,,,,,,,,,,,,,,,,,,,,,,,,,,,,,,,,,,,,,,,,,,,,,,,,,,,,,,,,,,,,,,,,,,,,,,,,,,,,,,,,,,,,,,,,,,,,82184,"<span lang=""EN-GB"">Suppose it is a regular working day, you want to track the total amount of calories&nbsp;</span>you consume and burn off during the day.&nbsp;"
10/29/2018 21:27,10/29/2018 21:29,0,104.38.152.47,100,132,1,10/29/2018 21:29,R_3Jt1VtqGcSLKJWu,,,,,40.79969788,-77.86229706,anonymous,EN,"1,2,3",2,,5,,"1,2",,3,,1,,4,3,,5,,4,6,,2,,3,,"1,2",,1,,4,,,,,,,,,,,,,,,,,,,,,,,,,,,,,,,,,,,,,,,,,,,,,,,,,,,,,,,,,,,,,,,,,,,,,,,,,,,,,,,,,,,,,,,,,,,,,,,,,,,,,,,,,,,,,,,,,,,,,,,,,,,,,,,,,,,,,,,,,,,,,,,,,,,,,,,,,,,,,,,,,,,,,,,,,,,,,,,,,,,,,,,,70479,"<span lang=""EN-GB"">Suppose
     you want to a send a text message when you are with a very close friend at
     a restaurant&nbsp;<o:p></o:p></span>"
10/29/2018 21:28,10/29/2018 21:30,0,66.30.128.100,100,112,1,10/29/2018 21:30,R_3CUjQAQR0njg5xH,,,,,41.7559967,-71.14920044,anonymous,EN,"1,2,4,6",2,,"2,3",,1,,1,,1,,"2,3","1,3",,"2,3",,1,"1,3",,"2,3",,1,,"1,3",,1,,1,,,,,,,,,,,,,,,,,,,,,,,,,,,,,,,,,,,,,,,,,,,,,,,,,,,,,,,,,,,,,,,,,,,,,,,,,,,,,,,,,,,,,,,,,,,,,,,,,,,,,,,,,,,,,,,,,,,,,,,,,,,,,,,,,,,,,,,,,,,,,,,,,,,,,,,,,,,,,,,,,,,,,,,,,,,,,,,,,,,,,,,,94580,"<span lang=""EN-GB"">Suppose
     you want to watch some video when
     you are at home with people you are close to (e.g., friends, family
     members)<strong><o:p></o:p></strong></span>"
10/29/2018 21:25,10/29/2018 21:32,0,73.89.161.2,100,426,1,10/29/2018 21:32,R_af0CY7TKyPrLlnz,,,,,42.32229614,-72.63130188,anonymous,EN,"1,2,3",5,,5,,2,,1,,1,,2,5,,3,,2,1,,2,,3,,2,,2,,2,,2,,,,,,,,,,,,,,,,,,,,,,,,,,,,,,5,,5,,2,,1,,1,,2,5,,3,,3,,1,,3,,2,,3,,2,,2,,,,,,,,,,,,,,,,,,,,,,,,,,,,,,,,,,,,,,,,,,,,,,,,,,,,,,,,,,,,,,,,,,,,,,,,,,,,,,,,,,,,,,,,,,,,,,,,,,,,,,,,,,,,,,,,,,,,,,male,53,sales and marketing,5,1,,2,72903,"<span lang=""EN-GB"">Suppose you want to watch some video when you are with your close friends at Starbucks.<o:p></o:p></span>"
10/29/2018 21:30,10/29/2018 21:33,0,72.129.182.47,100,186,1,10/29/2018 21:33,R_AdOCnPYiApE2785,,,,,38.94400024,-94.2881012,anonymous,EN,"1,2,4,5","2,4",,1,,2,,1,,1,,1,2,,2,,3,2,,2,,3,,2,,1,,4,,,,,,,,,,,,,,,,,,,,,,,,,,,,,,,,,,,,,,,,,,,,,,,,,,,,,,,,,,,,,,,,,,,,,,,,,,,,,,,,,,,,,,,,,,,,,,,,,,,,,,,,,,,,,,,,,,,,,,,,,,,,,,,,,,,,,,,,,,,,,,,,,,,,,,,,,,,,,,,,,,,,,,,,,,,,,,,,,,,,,,,,70468,"<span lang=""EN-GB"">Suppose
     you are at home with some people you know (e.g., acquaintances,
     colleagues) when you realize today is the last day to pay one of your
     bills online.<o:p></o:p></span>"
10/29/2018 21:34,10/29/2018 21:35,0,172.56.7.174,100,37,1,10/29/2018 21:35,R_w4xQtiGOaBqJ40V,,,,,32.77870178,-96.82170105,anonymous,EN,"2,6",,,,,,,,,,,,,,,,,,,,,,,,,,,,,,,,,,,,,,,,,,,,,,,,,,,,,,,,,,,,,,,,,,,,,,,,,,,,,,,,,,,,,,,,,,,,,,,,,,,,,,,,,,,,,,,,,,,,,,,,,,,,,,,,,,,,,,,,,,,,,,,,,,,,,,,,,,,,,,,,,,,,,,,,,,,,,,,,,,,,,,,,,,,,,,,,,,,,,,,,,,,,,,,,,,,59153,"<span lang=""EN-GB"">Suppose
     you want to purchase something online when you are with people you are
     close to (e.g., friends, family members).<o:p></o:p></span>"
10/29/2018 21:39,10/29/2018 21:44,0,73.149.195.50,100,247,1,10/29/2018 21:44,R_2V3i04Nmr6aQ15q,,,,,42.11450195,-72.5542984,anonymous,EN,"1,2,3","1,2,3,4,5",,"1,2",,"1,2,3",,1,,1,,3,3,,2,,1,4,,2,,"2,3",,1,,1,,"1,2",,,,,,,,,,,,,,,,,,,,,,,,,,,,,,,,,,,,,,,,,,,,,,,,,,,,,,,,,,,,,,,,,,,,,,,,,,,,,,,,,,,,,,,,,,,,,,,,,,,,,,,,,,,,,,,,,,,,,,,,,,,,,,,,,,,,,,,,,,,,,,,,,,,,,,,,,,,,,,,,,,,,,,,,,,,,,,,,,,,,,,,,16283,"<span lang=""EN-GB"">Suppose you want to browse the internet when you are with people you know (e.g., acquaintances, colleagues) at a park.<o:p></o:p></span>"
10/29/2018 21:39,10/29/2018 21:45,0,205.178.96.193,100,314,1,10/29/2018 21:45,R_2VPAkoc4akzInVf,,,,,41.95429993,-87.65750122,anonymous,EN,"1,2,3,6","2,4",,"1,2,3",,"1,3",,3,,3,,4,"1,2",,"1,2,3",,1,"1,2,3",,"1,2",,"1,3",,"1,2",,1,,2,,,,,,,,,,,,,,,,,,,,,,,,,,,,,,,,,,,,,,,,,,,,,,,,,,,,,,,,,,,,,,,,,,,,,,,,,,,,,,,,,,,,,,,,,,,,,,,,,,,,,,,,,,,,,,,,,,,,,,,,,,,,,,,,,,,,,,,,,,,,,,,,,,,,,,,,,,,,,,,,,,,,,,,,,,,,,,,,,,,,,,,,61762,"Suppose you are alone at home, you want to take a break from studying/working&nbsp;<p>so you decide to play a video game with some with some people you know (e.g., acquaintances, colleagues).<o:p></o:p></p>"
10/29/2018 21:43,10/29/2018 21:45,0,173.90.80.200,100,148,1,10/29/2018 21:45,R_3EtJKNb8oWbGLOq,,,,,41.40570068,-80.37390137,anonymous,EN,"1,2,4",2,,1,,"1,2,3",,1,,"1,3",,"2,3","1,2,3",,2,,1,3,,2,,"1,3",,"1,2",,"1,3",,4,,,,,,,,,,,,,,,,,,,,,,,,,,,,,,,,,,,,,,,,,,,,,,,,,,,,,,,,,,,,,,,,,,,,,,,,,,,,,,,,,,,,,,,,,,,,,,,,,,,,,,,,,,,,,,,,,,,,,,,,,,,,,,,,,,,,,,,,,,,,,,,,,,,,,,,,,,,,,,,,,,,,,,,,,,,,,,,,,,,,,,,,24657,"<span lang=""EN-GB"">Suppose
     you want to take a click a photo when you are alone at home.<o:p></o:p></span>"
10/29/2018 21:49,10/29/2018 21:49,0,108.62.142.190,100,25,1,10/29/2018 21:49,R_1Q3MxzJKrqwH5Us,,,,,33.6730957,-111.9460983,anonymous,EN,2,,,,,,,,,,,,,,,,,,,,,,,,,,,,,,,,,,,,,,,,,,,,,,,,,,,,,,,,,,,,,,,,,,,,,,,,,,,,,,,,,,,,,,,,,,,,,,,,,,,,,,,,,,,,,,,,,,,,,,,,,,,,,,,,,,,,,,,,,,,,,,,,,,,,,,,,,,,,,,,,,,,,,,,,,,,,,,,,,,,,,,,,,,,,,,,,,,,,,,,,,,,,,,,,,,,42808,"<span lang=""EN-GB"">Suppose you want to watch some video when you are alone in a park.<o:p></o:p></span>"
10/29/2018 21:49,10/29/2018 21:52,0,64.53.247.220,100,181,1,10/29/2018 21:52,R_1dyO0ndSVeGyRTK,,,,,42.0144043,-88.09349823,anonymous,EN,"1,2,3,4",3,,"2,3",,"2,3",,1,,3,,3,"2,3",,3,,3,4,,2,,"3,4",,2,,3,,2,,2,,,,,,,,,,,,,,,,,,,,,,,,,,,,,,"3,4",,3,,"3,4",,1,,4,,"2,3",2,,3,,2,,"2,3",,"2,3",,"1,2",,"3,4",,3,,2,,,,,,,,,,,,,,,,,,,,,,,,,,,,,,,,,,,,,,,,,,,,,,,,,,,,,,,,,,,,,,,,,,,,,,,,,,,,,,,,,,,,,,,,,,,,,,,,,,,,,,,,,,,,,,,,,,,,,,,,,,,,,42068,"<span lang=""EN-GB"">Suppose
     you want to a view a text message when you are surrounded by people you
     know (e.g., acquaintances, colleagues) at a restaurant.<o:p></o:p></span>"
10/29/2018 21:52,10/29/2018 21:58,0,72.14.10.137,100,354,1,10/29/2018 21:58,R_3PF8FXdTydnlltZ,,,,,37.16990662,-94.88990021,anonymous,EN,"1,2,3,4",2,,1,,2,,3,,1,,3,1,,3,,3,2,,2,,3,,1,,1,,2,,,,,,,,,,,,,,,,,,,,,,,,,,,,,,,,,,,,,,,,,,,,,,,,,,,,,,,,,,,,,,,,,,,,,,,,,,,,,,,,,,,,,,,,,,,,,,,,,,,,,,,,,,,,,,,,,,,,,,,,,,,,,,,,,,,,,,,,,,,,,,,,,,,,,,,,,,,,,,,,,,,,,,,,,,,,,,,,,,,,,,,,40550,"<span lang=""EN-GB"" style=""font-size:11.0pt;line-height:115%;
font-family:&quot;Arial&quot;,sans-serif;mso-fareast-font-family:Arial;mso-ansi-language:
EN-GB;mso-fareast-language:EN-US;mso-bidi-language:AR-SA"">Suppose you want to a
view a text message when you are alone at home</span>"
10/29/2018 22:18,10/29/2018 22:19,0,99.120.110.28,100,60,1,10/29/2018 22:19,R_26nl0B7zpLSwh4O,,,,,32.58140564,-97.37030029,anonymous,EN,"1,2,3,4,5,6",3,,3,,"2,4",,1,,3,,1,3,,2,,2,3,,3,,2,,2,,2,,1,,,,,,,,,,,,,,,,,,,,,,,,,,,,,,,,,,,,,,,,,,,,,,,,,,,,,,,,,,,,,,,,,,,,,,,,,,,,,,,,,,,,,,,,,,,,,,,,,,,,,,,,,,,,,,,,,,,,,,,,,,,,,,,,,,,,,,,,,,,,,,,,,,,,,,,,,,,,,,,,,,,,,,,,,,,,,,,,,,,,,,,,9644,"<span lang=""EN-GB"" style=""font-size:11.0pt;line-height:115%;
font-family:&quot;Arial&quot;,sans-serif;mso-fareast-font-family:Arial;mso-ansi-language:
EN-GB;mso-fareast-language:EN-US;mso-bidi-language:AR-SA"">Suppose you want to a
send an email when you are alone at home</span>"
10/29/2018 22:44,10/29/2018 22:48,0,108.56.194.242,100,214,1,10/29/2018 22:48,R_31dzWTZXAQ1516l,,,,,38.89770508,-77.28800201,anonymous,EN,"1,2,3,5,6","1,2,3",,"1,2",,"1,2",,1,,1,,"1,2,3","1,2,3",,"1,3",,1,2,,3,,"1,3",,1,,2,,"1,2",,,,,,,,,,,,,,,,,,,,,,,,,,,,,,,,,,,,,,,,,,,,,,,,,,,,,,,,,,,,,,,,,,,,,,,,,,,,,,,,,,,,,,,,,,,,,,,,,,,,,,,,,,,,,,,,,,,,,,,,,,,,,,,,,,,,,,,,,,,,,,,,,,,,,,,,,,,,,,,,,,,,,,,,,,,,,,,,,,,,,,,,77938,"<span lang=""EN-GB"">Suppose you want to set up a reminder about something when you are at Starbucks with close friends.<o:p></o:p></span>"
10/29/2018 22:53,10/29/2018 22:55,0,32.208.60.243,100,104,1,10/29/2018 22:55,R_2xRyF42s4uL0SXi,,,,,41.62150574,-72.74569702,anonymous,EN,"1,2,3,4","1,2",,"1,2,3",,"2,3",,1,,1,,1,"1,2",,"1,2",,"1,2","1,2",,1,,1,,1,,"1,2,3",,2,,,,,,,,,,,,,,,,,,,,,,,,,,,,,,,,,,,,,,,,,,,,,,,,,,,,,,,,,,,,,,,,,,,,,,,,,,,,,,,,,,,,,,,,,,,,,,,,,,,,,,,,,,,,,,,,,,,,,,,,,,,,,,,,,,,,,,,,,,,,,,,,,,,,,,,,,,,,,,,,,,,,,,,,,,,,,,,,,,,,,,,,28181,"<span lang=""EN-GB"">Suppose you want to take a click a photo when you are with your close friends&nbsp;</span>and family members at Starbucks"
10/22/2018 22:53,10/22/2018 22:55,0,65.131.44.128,78,146,0,10/29/2018 22:56,R_r1IoVX1Cr4RNNvj,,,,,,,anonymous,EN,"1,2,3",,,,,,,,,,,,,,,,,,,,,,,,,,,,,,,,,,,,,,,,,,,,,,,,,,,,,,,,,,,,,,,,,,,,,,,,,,,,,,,,,,,,,,,,,,,,,,,,,,,,,,,,,,,,,,,,,,,,,,,,,,,,,,,,,,,,,,,,,,,,,,,,,,,,,,,,,,,,,,,,,,,,,,,,,,,,,,,,,,,,,,,,,,,,,,,,,,,,,,,,,,,,,,,,,,,30560,"<span lang=""EN-GB"">Suppose you have planned to meet a friend next week and you want to put this on your calendar when you are with a very close friend at a restaurant&nbsp;<o:p></o:p></span>"
10/29/2018 22:53,10/29/2018 22:56,0,104.200.37.140,100,200,1,10/29/2018 22:56,R_1dFB6GGwEZYbXb6,,,,,35.66650391,-97.4654007,anonymous,EN,"1,2,3,4,5,6","1,2,3,4,5",,"1,2,3",,"1,2,3,4",,1,,"1,2,3,4",,"1,2,3","1,2,3",,"1,2,3",,"1,2,3","1,2,3,4",,"1,2,3",,"1,2,3,4",,"1,2,3",,"1,2,3",,"1,2",,1,"1,2,3,4,5",,"1,2,3",,"1,2,3,4",,1,,"1,2,3,4",,"1,2,3","1,2,3",,"1,2,3",,"1,2,3",,"1,2,3,4",,"1,2,3,4",,"1,2,3",,"1,2,3,4",,"1,2,3",,"1,2",,,,,,,,,,,,,,,,,,,,,,,,,,,,,,,,,,,,,,,,,,,,,,,,,,,,,,,,,,,,,,,,,,,,,,,,,,,,,,,,,,,,,,,,,,,,,,,,,,,,,,,,,,,,,,,,,,,,,,,,,,,,,,,,,,,,,,,,,,,,,,,,,,,Male,65,Softeare Engineer,5,1,,3,44431,"<span lang=""EN-GB"">Suppose you are at a park, you have just read a book you loved and now you&nbsp;</span>want to write a review for it to share with people you are close to (e.g., friends, family members)"
10/29/2018 22:59,10/29/2018 23:06,0,99.56.92.215,100,364,1,10/29/2018 23:06,R_31zWlDDgkpcWqI0,,,,,34.7756958,-92.37239838,anonymous,EN,"2,3,4,6","1,2,3,5",,1,,"1,2",,1,,2,,3,"1,2",,"1,3",,2,"1,2",,"1,2",,"1,2,3,4",,"2,3",,"1,2",,"1,2",,,,,,,,,,,,,,,,,,,,,,,,,,,,,,,,,,,,,,,,,,,,,,,,,,,,,,,,,,,,,,,,,,,,,,,,,,,,,,,,,,,,,,,,,,,,,,,,,,,,,,,,,,,,,,,,,,,,,,,,,,,,,,,,,,,,,,,,,,,,,,,,,,,,,,,,,,,,,,,,,,,,,,,,,,,,,,,,,,,,,,,,84592,"<span lang=""EN-GB"">Suppose
     you want to a send an email when you are walking on a street with people
     you know (e.g., acquaintances, colleagues)<strong>.</strong><o:p></o:p></span>"
10/29/2018 22:59,10/29/2018 23:07,0,74.137.51.79,100,479,1,10/29/2018 23:07,R_3PGK2NLQ1iac2MG,,,,,38.30290222,-85.96170044,anonymous,EN,"1,2,3,4",2,,1,,6,,3,,1,,3,5,,5,,3,6,,5,,7,,5,,"1,2",,4,,4,,,,,,,,,,,,,,,,,,,,,,,,,,,,,,,,,,,,,,,,,,,,,,,,,,,,,,,,,,,,,,,,,,,,,,,,,,,,,,,,,,,,,,,,2,,1,,1,,1,,1,,4,5,,5,,5,,6,,7,,1,,7,,5,,4,,,,,,,,,,,,,,,,,,,,,,,,,,,,,,,,,,,,,,,,,,,,,,,,,,,,,,,,,,,,Male,29,Warehouse Associate,4,1,,2,97999,"<span lang=""EN-GB"">Suppose
     you want to read a digital document when you are at home with people you
     are close to (e.g., friends, family members).<strong><o:p></o:p></strong></span>"
10/29/2018 23:25,10/29/2018 23:29,0,73.8.251.200,100,226,1,10/29/2018 23:29,R_1QmX4NU5wp5Bb1E,,,,,42.36680603,-88.08879852,anonymous,EN,"1,3,4",2,,1,,1,,1,,1,,1,3,,1,,1,1,,2,,3,,2,,1,,2,,4,,,,,,,,,,,,,,,,,,,,,,,,,,,,,,,,,,,,,,,,,,,,,,,,,,,,,,,,,,,,,,,,,,,,,,,,,,,,,,,,,,,,,,,,3,,2,,3,,1,,1,,2,2,,2,,2,,2,,3,,1,,3,,2,,2,,,,,,,,,,,,,,,,,,,,,,,,,,,,,,,,,,,,,,,,,,,,,,,,,,,,,,,,,,,,female,64,retired,4,1,,1,27754,"<span lang=""EN-GB"">Suppose
     you want to a view a text message when you are alone at Starbucks.<o:p></o:p></span>"
10/29/2018 23:59,10/29/2018 23:59,0,96.40.194.51,100,19,1,10/29/2018 23:59,R_vjCiovuLFhZSFVL,,,,,38.53520203,-90.00060272,anonymous,EN,2,,,,,,,,,,,,,,,,,,,,,,,,,,,,,,,,,,,,,,,,,,,,,,,,,,,,,,,,,,,,,,,,,,,,,,,,,,,,,,,,,,,,,,,,,,,,,,,,,,,,,,,,,,,,,,,,,,,,,,,,,,,,,,,,,,,,,,,,,,,,,,,,,,,,,,,,,,,,,,,,,,,,,,,,,,,,,,,,,,,,,,,,,,,,,,,,,,,,,,,,,,,,,,,,,,,63739,"<span lang=""EN-GB"">Suppose
     you want to watch some video when
     you are at home with people you are close to (e.g., friends, family
     members)<strong><o:p></o:p></strong></span>"
10/30/2018 0:14,10/30/2018 0:14,0,107.13.180.176,100,15,1,10/30/2018 0:14,R_1gpUzkBONR7nVWR,,,,,35.76449585,-78.7111969,anonymous,EN,"1,2",,,,,,,,,,,,,,,,,,,,,,,,,,,,,,,,,,,,,,,,,,,,,,,,,,,,,,,,,,,,,,,,,,,,,,,,,,,,,,,,,,,,,,,,,,,,,,,,,,,,,,,,,,,,,,,,,,,,,,,,,,,,,,,,,,,,,,,,,,,,,,,,,,,,,,,,,,,,,,,,,,,,,,,,,,,,,,,,,,,,,,,,,,,,,,,,,,,,,,,,,,,,,,,,,,,91004,"<span lang=""EN-GB"">Suppose you want to browse through one of your social media profiles when you&nbsp;</span>are at your home."
10/30/2018 0:39,10/30/2018 0:40,0,68.230.7.236,100,83,1,10/30/2018 0:40,R_29n7YXYuqK8ZXKB,,,,,33.49440002,-112.2132034,anonymous,EN,"1,2,3,4,5,6",4,,1,,2,,1,,1,,2,2,,3,,3,4,,1,,3,,2,,2,,"1,2",,,,,,,,,,,,,,,,,,,,,,,,,,,,,,,,,,,,,,,,,,,,,,,,,,,,,,,,,,,,,,,,,,,,,,,,,,,,,,,,,,,,,,,,,,,,,,,,,,,,,,,,,,,,,,,,,,,,,,,,,,,,,,,,,,,,,,,,,,,,,,,,,,,,,,,,,,,,,,,,,,,,,,,,,,,,,,,,,,,,,,,,38774,"<span lang=""EN-GB"">Suppose you want to watch some video when you are alone in a park.<o:p></o:p></span>"
10/30/2018 0:43,10/30/2018 0:44,0,103.66.79.97,100,37,1,10/30/2018 0:44,R_276Wyi9weZOwD3e,,,,,11.1000061,77.3500061,anonymous,EN,2,,,,,,,,,,,,,,,,,,,,,,,,,,,,,,,,,,,,,,,,,,,,,,,,,,,,,,,,,,,,,,,,,,,,,,,,,,,,,,,,,,,,,,,,,,,,,,,,,,,,,,,,,,,,,,,,,,,,,,,,,,,,,,,,,,,,,,,,,,,,,,,,,,,,,,,,,,,,,,,,,,,,,,,,,,,,,,,,,,,,,,,,,,,,,,,,,,,,,,,,,,,,,,,,,,,61221,"<span lang=""EN-GB"">Suppose you want to browse the internet when you alone at a park.<o:p></o:p></span>"
10/30/2018 0:45,10/30/2018 0:46,0,96.90.1.57,100,37,1,10/30/2018 0:46,R_3HM8GIRq45ML1pw,,,,,30.22140503,-81.55709839,anonymous,EN,1,,,,,,,,,,,,,,,,,,,,,,,,,,,,,,,,,,,,,,,,,,,,,,,,,,,,,,,,,,,,,,,,,,,,,,,,,,,,,,,,,,,,,,,,,,,,,,,,,,,,,,,,,,,,,,,,,,,,,,,,,,,,,,,,,,,,,,,,,,,,,,,,,,,,,,,,,,,,,,,,,,,,,,,,,,,,,,,,,,,,,,,,,,,,,,,,,,,,,,,,,,,,,,,,,,,10677,"<span lang=""EN-GB"" style=""font-size:11.0pt;line-height:115%;
font-family:&quot;Arial&quot;,sans-serif;mso-fareast-font-family:Arial;mso-ansi-language:
EN-GB;mso-fareast-language:EN-US;mso-bidi-language:AR-SA"">Suppose you want to browse the internet when you are alone at your home.</span>"
10/30/2018 1:23,10/30/2018 1:23,0,65.34.128.117,100,13,1,10/30/2018 1:23,R_Y99fRMcWWyXpIY1,,,,,25.59599304,-80.50700378,anonymous,EN,1,,,,,,,,,,,,,,,,,,,,,,,,,,,,,,,,,,,,,,,,,,,,,,,,,,,,,,,,,,,,,,,,,,,,,,,,,,,,,,,,,,,,,,,,,,,,,,,,,,,,,,,,,,,,,,,,,,,,,,,,,,,,,,,,,,,,,,,,,,,,,,,,,,,,,,,,,,,,,,,,,,,,,,,,,,,,,,,,,,,,,,,,,,,,,,,,,,,,,,,,,,,,,,,,,,,79205,"<span lang=""EN-GB"">Suppose
     you want to watch some video when you are with people you know (e.g.,
     acquaintances, colleagues) at your home.<o:p></o:p></span>"
10/30/2018 2:01,10/30/2018 2:10,0,45.21.147.2,100,559,1,10/30/2018 2:10,R_OdMqOAVrphwTHwd,,,,,39.53529358,-122.2597046,anonymous,EN,"1,2,3,4",2,,1,,2,,1,,4,,3,2,,5,,3,1,,5,,7,,5,,3,,"1,2",,2,,,,,,,,,,,,,,,,,,,,,,,,,,,,,,2,,1,,2,,1,,4,,2,"1,2",,5,,5,,3,,7,,2,,7,,1,,4,,,,,,,,,,,,,,,,,,,,,,,,,,,,,,,,,,,,,,,,,,,,,,,,,,,,,,,,,,,,,,,,,,,,,,,,,,,,,,,,,,,,,,,,,,,,,,,,,,,,,,,,,,,,,,,,,,,,,,female,30,Freelancer,3,1,,2,65209,"<span lang=""EN-GB"">Suppose
     you want to listen to some audio when you are with your close friends in a
     park.<o:p></o:p></span>"
10/30/2018 2:28,10/30/2018 2:29,0,73.7.188.90,100,21,1,10/30/2018 2:29,R_2CNt3r4wFkcZzSQ,,,,,33.69889832,-84.74539948,anonymous,EN,"1,4",,,,,,,,,,,,,,,,,,,,,,,,,,,,,,,,,,,,,,,,,,,,,,,,,,,,,,,,,,,,,,,,,,,,,,,,,,,,,,,,,,,,,,,,,,,,,,,,,,,,,,,,,,,,,,,,,,,,,,,,,,,,,,,,,,,,,,,,,,,,,,,,,,,,,,,,,,,,,,,,,,,,,,,,,,,,,,,,,,,,,,,,,,,,,,,,,,,,,,,,,,,,,,,,,,,50124,"<span lang=""EN-GB"">Suppose
     you want to a view a text message when you with people you know (e.g.,
     acquaintances, colleagues) at a street<strong>.</strong><o:p></o:p></span>"
10/30/2018 2:38,10/30/2018 2:38,0,108.187.168.126,100,41,1,10/30/2018 2:38,R_1nYBQ70yGAQHWnH,,,,,37.75100708,-97.8219986,anonymous,EN,"1,2",,,,,,,,,,,,,,,,,,,,,,,,,,,,,,,,,,,,,,,,,,,,,,,,,,,,,,,,,,,,,,,,,,,,,,,,,,,,,,,,,,,,,,,,,,,,,,,,,,,,,,,,,,,,,,,,,,,,,,,,,,,,,,,,,,,,,,,,,,,,,,,,,,,,,,,,,,,,,,,,,,,,,,,,,,,,,,,,,,,,,,,,,,,,,,,,,,,,,,,,,,,,,,,,,,,62624,"<span lang=""EN-GB"">Suppose
     you want to take a click a photo when you are alone at home.<o:p></o:p></span>"
10/30/2018 2:38,10/30/2018 2:41,0,108.187.168.126,100,197,1,10/30/2018 2:41,R_2uKy8fht0psVffd,,,,,37.75100708,-97.8219986,anonymous,EN,"1,2,3,4,6","1,2",,2,,"2,3",,1,,2,,"2,3","1,2",,2,,2,2,,2,,"2,3",,2,,2,,"1,2",,,,,,,,,,,,,,,,,,,,,,,,,,,,,,,,,,,,,,,,,,,,,,,,,,,,,,,,,,,,,,,,,,,,,,,,,,,,,,,,,,,,,,,,,,,,,,,,,,,,,,,,,,,,,,,,,,,,,,,,,,,,,,,,,,,,,,,,,,,,,,,,,,,,,,,,,,,,,,,,,,,,,,,,,,,,,,,,,,,,,,,,35294,"<span lang=""EN-GB"">Suppose you want to set up a reminder when you are at a park with close friends.<o:p></o:p></span>"
10/30/2018 3:08,10/30/2018 3:09,0,108.187.168.126,100,105,1,10/30/2018 3:09,R_sTNlKoH47DFAfV7,,,,,37.75100708,-97.8219986,anonymous,EN,"1,2,3,4","3,4",,"2,3",,"2,3",,1,,"1,4",,2,5,,"1,2",,"2,3","2,3",,2,,3,,2,,"2,3",,1,,,,,,,,,,,,,,,,,,,,,,,,,,,,,,,,,,,,,,,,,,,,,,,,,,,,,,,,,,,,,,,,,,,,,,,,,,,,,,,,,,,,,,,,,,,,,,,,,,,,,,,,,,,,,,,,,,,,,,,,,,,,,,,,,,,,,,,,,,,,,,,,,,,,,,,,,,,,,,,,,,,,,,,,,,,,,,,,,,,,,,,,35645,"<span lang=""EN-GB"" style=""font-size:11.0pt;line-height:115%;
font-family:&quot;Arial&quot;,sans-serif;mso-fareast-font-family:Arial;mso-ansi-language:
EN-GB;mso-fareast-language:EN-US;mso-bidi-language:AR-SA"">Suppose you want to a
send an email when you are alone at home</span>"
10/30/2018 3:13,10/30/2018 3:19,0,107.77.234.185,100,359,1,10/30/2018 3:19,R_3I6IPdgPGZtnXzr,,,,,37.75100708,-97.8219986,anonymous,EN,"1,2,4,5",2,,1,,2,,1,,1,,2,"1,3",,2,,2,"3,4",,"2,3",,"1,2,3,4",,"1,2,3",,1,,2,,,,,,,,,,,,,,,,,,,,,,,,,,,,,,,,,,,,,,,,,,,,,,,,,,,,,,,,,,,,,,,,,,,,,,,,,,,,,,,,,,,,,,,,,,,,,,,,,,,,,,,,,,,,,,,,,,,,,,,,,,,,,,,,,,,,,,,,,,,,,,,,,,,,,,,,,,,,,,,,,,,,,,,,,,,,,,,,,,,,,,,,19255,"<span lang=""EN-GB"">Suppose you are at home with people you are close to (e.g., friends, family members) when you realize today is the last day to pay one of your bills online.<o:p></o:p></span>"
10/30/2018 3:30,10/30/2018 3:33,0,49.35.93.21,100,184,1,10/30/2018 3:33,R_3GcT25gNCJ7hLjO,,,,,18.53329468,73.86669922,anonymous,EN,"1,2,3,4","1,2,3,4",,"1,2",,"1,2,3",,1,,1,,"1,2,3","1,2",,"1,2,3",,"2,3","1,2,3",,"1,2",,"1,2,3",,"1,2",,"1,2,3",,2,,,,,,,,,,,,,,,,,,,,,,,,,,,,,,,,,,,,,,,,,,,,,,,,,,,,,,,,,,,,,,,,,,,,,,,,,,,,,,,,,,,,,,,,,,,,,,,,,,,,,,,,,,,,,,,,,,,,,,,,,,,,,,,,,,,,,,,,,,,,,,,,,,,,,,,,,,,,,,,,,,,,,,,,,,,,,,,,,,,,,,,,70710,"<span lang=""EN-GB"">Suppose
     you want to listen to some audio when you are with your friends at
     Starbucks.<o:p></o:p></span>"
10/30/2018 3:48,10/30/2018 4:04,0,24.254.163.76,100,1008,1,10/30/2018 4:04,R_1PUDP1PjuVCcSMB,,,,,37.25030518,-80.05249786,anonymous,EN,"1,2,4","1,2,3,4,5",,"1,2,3",,"1,2,3,4",,1,,1,,"2,3","1,2,3",,"1,2,3",,"2,3","1,2,3,4",,"1,2,3",,"1,2,3,6",,"1,2,3",,"1,2,3",,"1,2",,2,,,,,,,,,,,,,,,,,,,,,,,,,,,,,,2,,5,,2,,1,,2,,1,"1,2,3",,5,,3,,1,,3,,5,,3,,1,,2,,,,,,,,,,,,,,,,,,,,,,,,,,,,,,,,,,,,,,,,,,,,,,,,,,,,,,,,,,,,,,,,,,,,,,,,,,,,,,,,,,,,,,,,,,,,,,,,,,,,,,,,,,,,,,,,,,,,,,,,,,,,,41765,"<span lang=""EN-GB"">Suppose
     you want to listen to some audio when you are with people you know (e.g.,
     acquaintances, colleagues) at your home.<o:p></o:p></span>"
10/30/2018 4:13,10/30/2018 4:13,0,76.5.0.39,100,51,1,10/30/2018 4:13,R_24qiqxFxZyjZHFQ,,,,,40.24769592,-83.36219788,anonymous,EN,"1,2",,,,,,,,,,,,,,,,,,,,,,,,,,,,,,,,,,,,,,,,,,,,,,,,,,,,,,,,,,,,,,,,,,,,,,,,,,,,,,,,,,,,,,,,,,,,,,,,,,,,,,,,,,,,,,,,,,,,,,,,,,,,,,,,,,,,,,,,,,,,,,,,,,,,,,,,,,,,,,,,,,,,,,,,,,,,,,,,,,,,,,,,,,,,,,,,,,,,,,,,,,,,,,,,,,,55432,"<span lang=""EN-GB"">Suppose
     you want to read a digital document when you are alone at home.<strong><o:p></o:p></strong></span>"
10/30/2018 4:21,10/30/2018 4:22,0,104.168.102.131,100,16,1,10/30/2018 4:22,R_22y9CW56VtYwlYE,,,,,42.88639832,-78.87809753,anonymous,EN,"1,3",,,,,,,,,,,,,,,,,,,,,,,,,,,,,,,,,,,,,,,,,,,,,,,,,,,,,,,,,,,,,,,,,,,,,,,,,,,,,,,,,,,,,,,,,,,,,,,,,,,,,,,,,,,,,,,,,,,,,,,,,,,,,,,,,,,,,,,,,,,,,,,,,,,,,,,,,,,,,,,,,,,,,,,,,,,,,,,,,,,,,,,,,,,,,,,,,,,,,,,,,,,,,,,,,,,14638,"<span lang=""EN-GB"">Suppose
     you want to set up a reminder when you are with people you know (e.g.,
     acquaintances, colleagues) at your home.<o:p></o:p></span>"
10/30/2018 4:24,10/30/2018 4:31,0,50.30.112.195,100,432,1,10/30/2018 4:31,R_1pne7zRxqhuRvJj,,,,,36.8453064,-86.88230133,anonymous,EN,"1,2,3,4",7,,3,,"1,2,3,4",,1,,1,,"1,2,3","1,2,3",,"1,2,3",,"2,3","1,3",,"1,2,3",,6,,"1,2,3",,"1,2,3",,2,,,,,,,,,,,,,,,,,,,,,,,,,,,,,,,,,,,,,,,,,,,,,,,,,,,,,,,,,,,,,,,,,,,,,,,,,,,,,,,,,,,,,,,,,,,,,,,,,,,,,,,,,,,,,,,,,,,,,,,,,,,,,,,,,,,,,,,,,,,,,,,,,,,,,,,,,,,,,,,,,,,,,,,,,,,,,,,,,,,,,,,,52392,"<span lang=""EN-GB"">Suppose
     you want to read a digital document when you are at Starbucks.<o:p></o:p></span>"
10/30/2018 4:31,10/30/2018 4:38,0,50.30.112.195,100,406,1,10/30/2018 4:38,R_3QEkBQG5seVHSIK,,,,,36.8453064,-86.88230133,anonymous,EN,"1,2,3,4","2,5",,3,,"1,2",,1,,3,,"2,3","1,2",,"2,3",,"2,3","1,3",,"1,2",,"3,4",,"1,2",,"1,2,3",,2,,2,,,,,,,,,,,,,,,,,,,,,,,,,,,,,,"2,5",,1,,"1,2",,1,,1,,2,"1,2",,1,,"1,2",,"1,3",,"3,4",,"1,2",,"2,3,4",,"1,2,3",,2,,,,,,,,,,,,,,,,,,,,,,,,,,,,,,,,,,,,,,,,,,,,,,,,,,,,,,,,,,,,,,,,,,,,,,,,,,,,,,,,,,,,,,,,,,,,,,,,,,,,,,,,,,,,,,,,,,,,,,,,,,,,,61069,"<span lang=""EN-GB"">Suppose you have planned to meet a friend next week and you want to&nbsp;put this on your calendar </span><span lang=""EN-GB"">when</span><span lang=""EN-GB""> you are surrounded by people you know (e.g., acquaintances, colleagues) at your home.</span><span lang=""EN-GB""><o:p></o:p></span>"
10/30/2018 4:51,10/30/2018 4:56,0,41.66.236.117,100,259,1,10/30/2018 4:56,R_264QA4S2iun8jZN,,,,,5.550003052,-0.216705322,anonymous,EN,"1,2,3,4,5,6",1,,1,,2,,1,,6,,4,1,,1,,1,2,,1,,1,,2,,5,,2,,,,,,,,,,,,,,,,,,,,,,,,,,,,,,,,,,,,,,,,,,,,,,,,,,,,,,,,,,,,,,,,,,,,,,,,,,,,,,,,,,,,,,,,,,,,,,,,,,,,,,,,,,,,,,,,,,,,,,,,,,,,,,,,,,,,,,,,,,,,,,,,,,,,,,,,,,,,,,,,,,,,,,,,,,,,,,,,,,,,,,,,92182,"<span lang=""EN-GB"">Suppose you want to read a digital document when you are in a park with people you know (e.g., acquaintances, colleagues).<o:p></o:p></span>"
10/30/2018 5:12,10/30/2018 5:14,0,99.4.184.217,100,80,1,10/30/2018 5:14,R_rfNROR5o26G57kR,,,,,35.4499054,-82.49659729,anonymous,EN,"1,2,3,4,5,6",2,,2,,2,,1,,3,,3,1,,3,,1,2,,1,,3,,2,,1,,1,,,,,,,,,,,,,,,,,,,,,,,,,,,,,,,,,,,,,,,,,,,,,,,,,,,,,,,,,,,,,,,,,,,,,,,,,,,,,,,,,,,,,,,,,,,,,,,,,,,,,,,,,,,,,,,,,,,,,,,,,,,,,,,,,,,,,,,,,,,,,,,,,,,,,,,,,,,,,,,,,,,,,,,,,,,,,,,,,,,,,,,,10347,"<span lang=""EN-GB"">Suppose
     you want to call your mother for sharing an important update about your
     life&nbsp; when you are alone at a park<o:p></o:p></span>"
10/30/2018 5:13,10/30/2018 5:19,0,70.127.140.125,100,367,1,10/30/2018 5:19,R_2wsr3YZmUsgtU3O,,,,,27.90040588,-82.71520233,anonymous,EN,"1,3,4","1,2,3",,2,,1,,3,,"1,2,3",,"1,2","1,2",,"1,2",,"1,2","1,2,4",,"1,2",,"1,2",,5,,"1,2",,1,,,,,,,,,,,,,,,,,,,,,,,,,,,,,,,,,,,,,,,,,,,,,,,,,,,,,,,,,,,,,,,,,,,,,,,,,,,,,,,,,,,,,,,,,,,,,,,,,,,,,,,,,,,,,,,,,,,,,,,,,,,,,,,,,,,,,,,,,,,,,,,,,,,,,,,,,,,,,,,,,,,,,,,,,,,,,,,,,,,,,,,,35871,"<span lang=""EN-GB"">Suppose you are on a short vacation alone and you want to take a picture in front&nbsp;</span>of an iconic monument."
10/30/2018 5:32,10/30/2018 5:32,0,68.13.106.45,100,15,1,10/30/2018 5:32,R_3HFhwl9uTs7CVqU,,,,,41.26159668,-95.82510376,anonymous,EN,"1,2",,,,,,,,,,,,,,,,,,,,,,,,,,,,,,,,,,,,,,,,,,,,,,,,,,,,,,,,,,,,,,,,,,,,,,,,,,,,,,,,,,,,,,,,,,,,,,,,,,,,,,,,,,,,,,,,,,,,,,,,,,,,,,,,,,,,,,,,,,,,,,,,,,,,,,,,,,,,,,,,,,,,,,,,,,,,,,,,,,,,,,,,,,,,,,,,,,,,,,,,,,,,,,,,,,,21533,"<span lang=""EN-GB"">Suppose you have planned to meet a friend next week and you want to put this on your calendar when you are surrounded by people you know (e.g., acquaintances, colleagues) at a restaurant.<o:p></o:p></span>"
10/30/2018 5:34,10/30/2018 5:35,0,50.29.198.51,100,13,1,10/30/2018 5:35,R_R5j5uQQYkfFtIg9,,,,,41.0276947,-74.64070129,anonymous,EN,3,,,,,,,,,,,,,,,,,,,,,,,,,,,,,,,,,,,,,,,,,,,,,,,,,,,,,,,,,,,,,,,,,,,,,,,,,,,,,,,,,,,,,,,,,,,,,,,,,,,,,,,,,,,,,,,,,,,,,,,,,,,,,,,,,,,,,,,,,,,,,,,,,,,,,,,,,,,,,,,,,,,,,,,,,,,,,,,,,,,,,,,,,,,,,,,,,,,,,,,,,,,,,,,,,,,2864,"<span lang=""EN-GB"">Suppose you are alone at home, you want to take a break from studying/working&nbsp;</span>so you decide to play an online/digital game."
10/30/2018 6:29,10/30/2018 6:33,0,100.35.97.44,100,283,1,10/30/2018 6:33,R_1eY2gIhtp3v0X7r,,,,,40.74450684,-74.15080261,anonymous,EN,"1,2,3,4,5,6",2,,5,,"2,3",,1,,1,,4,5,,2,,4,"1,3",,"1,2",,"1,2,3",,"1,2",,1,,4,,6,,,,,,,,,,,,,,,,,,,,,,,,,,,,,,,,,,,,,,,,,,,,,,,,,,,,,,,,,,,,,,,,,,,,,,,,,,,,,,,,,,,,,,,,,,,,,,,,,,,,,,,,,,,,,,,,,,,,,,,,,,,,,,,,,,,,,,,,,,,,,,,,,,2,,5,,"1,2",,1,,1,,4,5,,5,,5,,3,,"1,2,3,4",,2,,"1,2,3,4",,5,,1,,Male,34,Barista,1,2,,1,16884,"<span lang=""EN-GB"">Suppose you want to a view a text message when you are alone at a street.<o:p></o:p></span>"
10/30/2018 6:38,10/30/2018 6:38,0,71.120.112.2,100,12,1,10/30/2018 6:38,R_1GwPQYQSSHnLsUz,,,,,41.34320068,-75.53009796,anonymous,EN,"1,2",,,,,,,,,,,,,,,,,,,,,,,,,,,,,,,,,,,,,,,,,,,,,,,,,,,,,,,,,,,,,,,,,,,,,,,,,,,,,,,,,,,,,,,,,,,,,,,,,,,,,,,,,,,,,,,,,,,,,,,,,,,,,,,,,,,,,,,,,,,,,,,,,,,,,,,,,,,,,,,,,,,,,,,,,,,,,,,,,,,,,,,,,,,,,,,,,,,,,,,,,,,,,,,,,,,92908,"<span lang=""EN-GB"" style=""font-size:11.0pt;line-height:115%;
font-family:&quot;Arial&quot;,sans-serif;mso-fareast-font-family:Arial;mso-ansi-language:
EN-GB;mso-fareast-language:EN-US;mso-bidi-language:AR-SA"">Suppose you want to
take a click a photo when you are at Starbucks.</span>"
10/30/2018 6:44,10/30/2018 6:45,0,24.95.141.116,100,8,1,10/30/2018 6:45,R_2rSB9ibGwwyfSrw,,,,,37.57989502,-84.27490234,anonymous,EN,"1,2",,,,,,,,,,,,,,,,,,,,,,,,,,,,,,,,,,,,,,,,,,,,,,,,,,,,,,,,,,,,,,,,,,,,,,,,,,,,,,,,,,,,,,,,,,,,,,,,,,,,,,,,,,,,,,,,,,,,,,,,,,,,,,,,,,,,,,,,,,,,,,,,,,,,,,,,,,,,,,,,,,,,,,,,,,,,,,,,,,,,,,,,,,,,,,,,,,,,,,,,,,,,,,,,,,,26916,"<span lang=""EN-GB"">Suppose
     you want to a view a text message when you are surrounded with people you
     are close to (e.g., friends, family members) at your home.<strong><o:p></o:p></strong></span>"
10/30/2018 6:47,10/30/2018 6:47,0,216.107.34.72,100,12,1,10/30/2018 6:47,R_3ha12UPUpEUGd1n,,,,,37.75100708,-97.8219986,anonymous,EN,1,,,,,,,,,,,,,,,,,,,,,,,,,,,,,,,,,,,,,,,,,,,,,,,,,,,,,,,,,,,,,,,,,,,,,,,,,,,,,,,,,,,,,,,,,,,,,,,,,,,,,,,,,,,,,,,,,,,,,,,,,,,,,,,,,,,,,,,,,,,,,,,,,,,,,,,,,,,,,,,,,,,,,,,,,,,,,,,,,,,,,,,,,,,,,,,,,,,,,,,,,,,,,,,,,,,20260,"<span lang=""EN-GB"">Suppose
     you want to a send a text message when you are surrounded by people you
     know (e.g., acquaintances, colleagues) at your home.<o:p></o:p></span>"
10/30/2018 6:47,10/30/2018 6:48,0,216.107.34.72,100,31,1,10/30/2018 6:48,R_3EtCS9E3mbYrMl3,,,,,37.75100708,-97.8219986,anonymous,EN,5,,,,,,,,,,,,,,,,,,,,,,,,,,,,,,,,,,,,,,,,,,,,,,,,,,,,,,,,,,,,,,,,,,,,,,,,,,,,,,,,,,,,,,,,,,,,,,,,,,,,,,,,,,,,,,,,,,,,,,,,,,,,,,,,,,,,,,,,,,,,,,,,,,,,,,,,,,,,,,,,,,,,,,,,,,,,,,,,,,,,,,,,,,,,,,,,,,,,,,,,,,,,,,,,,,,64208,"<span lang=""EN-GB"">Suppose
     you want to watch&nbsp; some video when
     you are with people you know (e.g., acquaintances, colleagues) at
     Starbucks<o:p></o:p></span>"
10/30/2018 6:45,10/30/2018 6:50,0,71.227.232.233,100,285,1,10/30/2018 6:50,R_p4WXn8cvQHJfQWd,,,,,47.67179871,-122.1231995,anonymous,EN,"1,2,3,4","2,3",,1,,2,,3,,1,,2,"1,3",,2,,4,3,,2,,7,,2,,"1,2,3",,4,,,,,,,,,,,,,,,,,,,,,,,,,,,,,,,,,,,,,,,,,,,,,,,,,,,,,,,,,,,,,,,,,,,,,,,,,,,,,,,,,,,,,,,,,,,,,,,,,,,,,,,,,,,,,,,,,,,,,,,,,,,,,,,,,,,,,,,,,,,,,,,,,,,,,,,,,,,,,,,,,,,,,,,,,,,,,,,,,,,,,,,,52980,"<span lang=""EN-GB"">Suppose
     you want to set up a reminder when you are at a park by yourself.<o:p></o:p></span>"
10/30/2018 6:48,10/30/2018 6:50,0,216.107.34.72,100,117,1,10/30/2018 6:50,R_1QF9bcAjd7lhbCa,,,,,37.75100708,-97.8219986,anonymous,EN,"1,2,3,4,5,6",2,,1,,2,,1,,2,,2,2,,1,,2,3,,2,,2,,1,,"1,2",,1,,,,,,,,,,,,,,,,,,,,,,,,,,,,,,,,,,,,,,,,,,,,,,,,,,,,,,,,,,,,,,,,,,,,,,,,,,,,,,,,,,,,,,,,,,,,,,,,,,,,,,,,,,,,,,,,,,,,,,,,,,,,,,,,,,,,,,,,,,,,,,,,,,,,,,,,,,,,,,,,,,,,,,,,,,,,,,,,,,,,,,,,69649,"<span lang=""EN-GB"">Suppose
     you want to watch some video when you are with your close friends in a
     park.<o:p></o:p></span>"
10/30/2018 6:45,10/30/2018 6:50,0,100.35.97.44,100,331,1,10/30/2018 6:50,R_SOTzusnu3q31TMZ,,,,,40.74450684,-74.15080261,anonymous,EN,"1,2,3,4,5,6","1,2,5",,1,,"2,3",,1,,1,,4,5,,2,,4,3,,"1,2",,"1,2,3",,"1,2",,1,,1,,6,,,,,,,,,,,,,,,,,,,,,,,,,,,,,,,,,,,,,,,,,,,,,,,,,,,,,,,,,,,,,,,,,,,,,,,,,,,,,,,,,,,,,,,,,,,,,,,,,,,,,,,,,,,,,,,,,,,,,,,,,,,,,,,,,,,,,,,,,,,,,,,,,,"1,2,5",,1,,"2,3",,1,,1,,4,3,,"2,3",,"2,3",,3,,"2,3",,2,,"2,3",,"1,2",,"1,2",,female,35,consultant,4,1,,4,9455,"<span lang=""EN-GB"">Suppose you want to find a route to home while walking on a street with people you know (e.g., acquaintances, colleagues).<o:p></o:p></span>"
10/30/2018 6:33,10/30/2018 6:51,0,73.144.26.202,100,1095,1,10/30/2018 6:51,R_vrl3aFCUfIsQt2h,,,,,42.42120361,-83.10089874,anonymous,EN,"2,3,4,5","1,2,3,4,5",,"1,2",,"1,2",,1,,1,,3,"1,2,3",,"1,2,3",,3,"1,2",,"1,2,3",,"1,2,3,4",,"1,2,3",,"1,3",,"1,2",,"2,4",,,,,,,,,,,,,,,,,,,,,,,,,,,,,,"1,2,3",,1,,"1,2,3,4",,1,,1,,3,"1,2,3",,"1,2,3",,"1,2,3",,"1,2,4",,"1,2,3,4",,"1,2,3",,"1,2,3,4",,"1,3",,"1,2",,,,,,,,,,,,,,,,,,,,,,,,,,,,,,,"1,2,3,4,5",,"1,2",,"1,2,3,4",,1,,1,,3,"1,2,3",,"1,2,3",,"1,2,3",,"1,2,4",,"1,2,3,4",,"1,2",,"1,2,3,4",,"1,3",,"1,2",,,,,,,,,,,,,,,,,,,,,,,,,,,,,,,,,,,,,,,,,,,,,,,,,,,,,,,,,,,,Female,40,Self Employed,4,3,,3,64836,"<span lang=""EN-GB"" style=""font-size:11.0pt;line-height:115%;
font-family:&quot;Arial&quot;,sans-serif;mso-fareast-font-family:Arial;mso-ansi-language:
EN-GB;mso-fareast-language:EN-US;mso-bidi-language:AR-SA"">Suppose you want to a
send a text message when you are alone at Starbucks.</span>"
10/30/2018 6:45,10/30/2018 6:51,0,68.59.37.15,100,359,1,10/30/2018 6:51,R_1kYrafQah6plXfj,,,,,45.00959778,-93.3423996,anonymous,EN,"1,2,3",2,,1,,2,,1,,1,,2,2,,2,,2,2,,2,,4,,2,,1,,2,,2,,,,,,,,,,,,,,,,,,,,,,,,,,,,,,2,,1,,2,,1,,1,,1,1,,1,,1,,2,,3,,2,,2,,1,,1,,,,,,,,,,,,,,,,,,,,,,,,,,,,,,,,,,,,,,,,,,,,,,,,,,,,,,,,,,,,,,,,,,,,,,,,,,,,,,,,,,,,,,,,,,,,,,,,,,,,,,,,,,,,,,,,,,,,,,,,,,,,,250,"<span lang=""EN-GB"">Suppose
     you are at a park and you realize today is the last day to pay one of your
     bills online.<o:p></o:p></span>"
10/30/2018 6:52,10/30/2018 6:52,0,129.22.1.13,100,8,1,10/30/2018 6:52,R_2VF8D2lo5sEyJ8B,,,,,41.50840759,-81.60759735,anonymous,EN,"1,2",,,,,,,,,,,,,,,,,,,,,,,,,,,,,,,,,,,,,,,,,,,,,,,,,,,,,,,,,,,,,,,,,,,,,,,,,,,,,,,,,,,,,,,,,,,,,,,,,,,,,,,,,,,,,,,,,,,,,,,,,,,,,,,,,,,,,,,,,,,,,,,,,,,,,,,,,,,,,,,,,,,,,,,,,,,,,,,,,,,,,,,,,,,,,,,,,,,,,,,,,,,,,,,,,,,49503,"<span lang=""EN-GB"">Suppose
     you want to find a route to home when you are alone at Starbucks.<o:p></o:p></span>"
10/30/2018 6:50,10/30/2018 6:52,0,216.107.34.72,100,116,1,10/30/2018 6:52,R_2D7XFLSMWnpjkx2,,,,,37.75100708,-97.8219986,anonymous,EN,"1,2,3,6","1,2,3,4",,"1,2",,"1,2,3",,"1,2",yes,"2,4",,"1,2","1,2",,"1,2,3",,"1,2","1,2,3",,"1,2,3",,"1,3",,"1,2",,"1,2",,"1,2",,,,,,,,,,,,,,,,,,,,,,,,,,,,,,,,,,,,,,,,,,,,,,,,,,,,,,,,,,,,,,,,,,,,,,,,,,,,,,,,,,,,,,,,,,,,,,,,,,,,,,,,,,,,,,,,,,,,,,,,,,,,,,,,,,,,,,,,,,,,,,,,,,,,,,,,,,,,,,,,,,,,,,,,,,,,,,,,,,,,,,,,874,"<span lang=""EN-GB"">Suppose you are on a short vacation and you want to take a picture in front&nbsp;</span>of an iconic monument when you are surrounded by many people."
10/30/2018 6:52,10/30/2018 6:53,0,71.30.176.232,100,15,1,10/30/2018 6:53,R_szXBQSCnjwDLo3f,,,,,31.72479248,-83.24949646,anonymous,EN,1,,,,,,,,,,,,,,,,,,,,,,,,,,,,,,,,,,,,,,,,,,,,,,,,,,,,,,,,,,,,,,,,,,,,,,,,,,,,,,,,,,,,,,,,,,,,,,,,,,,,,,,,,,,,,,,,,,,,,,,,,,,,,,,,,,,,,,,,,,,,,,,,,,,,,,,,,,,,,,,,,,,,,,,,,,,,,,,,,,,,,,,,,,,,,,,,,,,,,,,,,,,,,,,,,,,58653,"<span lang=""EN-GB"">Suppose
     you want&nbsp; to a send a text message
     when you are walking with a very close friend on a street<o:p></o:p></span>"
10/30/2018 6:46,10/30/2018 6:53,0,162.237.34.176,100,435,1,10/30/2018 6:53,R_2wTQmwISXSCJ1nV,,,,,41.60490417,-83.563797,anonymous,EN,"1,2,4","1,2",,1,,"1,2,3,4",,1,,"1,3",,2,"1,2",,5,,"2,3","1,2,3",,2,,3,,2,,"1,2,3",,"1,2",,,,,,,,,,,,,,,,,,,,,,,,,,,,,,,,,,,,,,,,,,,,,,,,,,,,,,,,,,,,,,,,,,,,,,,,,,,,,,,,,,,,,,,,,,,,,,,,,,,,,,,,,,,,,,,,,,,,,,,,,,,,,,,,,,,,,,,,,,,,,,,,,,,,,,,,,,,,,,,,,,,,,,,,,,,,,,,,,,,,,,,,8745,"<span lang=""EN-GB"">Suppose you want to a send a text message when you are surrounded with people you are close to (e.g., friends, family members) at your home.<strong><o:p></o:p></strong></span>"
10/30/2018 6:50,10/30/2018 6:54,0,71.196.173.184,100,211,1,10/30/2018 6:54,R_3I0r6x765bL13VK,,,,,39.81410217,-105.1176987,anonymous,EN,"2,3,4","2,3,4",,3,,"1,2,3",,1,,1,,"2,3",2,,1,,3,2,,"1,2",,3,,"1,2",,"1,2",,2,,,,,,,,,,,,,,,,,,,,,,,,,,,,,,,,,,,,,,,,,,,,,,,,,,,,,,,,,,,,,,,,,,,,,,,,,,,,,,,,,,,,,,,,,,,,,,,,,,,,,,,,,,,,,,,,,,,,,,,,,,,,,,,,,,,,,,,,,,,,,,,,,,,,,,,,,,,,,,,,,,,,,,,,,,,,,,,,,,,,,,,,56683,"Suppose you want to call your mother for sharing an important update about your life when you are surrounded with people you are close to (e.g., friends, family members)at your home."
10/30/2018 6:54,10/30/2018 6:57,0,107.172.165.113,100,177,1,10/30/2018 6:57,R_xyGuVHFeJFTX6vf,,,,,42.88639832,-78.87809753,anonymous,EN,"1,2,3,4,5,6","2,3",,3,,"1,2,3,4",,1,,"1,2,3,4",,"2,3","1,2,3",,"1,2,3",,"2,3","1,2,3",,"1,2,3",,4,,"1,2",,"1,2",,"1,2",,,,,,,,,,,,,,,,,,,,,,,,,,,,,,,,,,,,,,,,,,,,,,,,,,,,,,,,,,,,,,,,,,,,,,,,,,,,,,,,,,,,,,,,,,,,,,,,,,,,,,,,,,,,,,,,,,,,,,,,,,,,,,,,,,,,,,,,,,,,,,,,,,,,,,,,,,,,,,,,,,,,,,,,,,,,,,,,,,,,,,,,69511,"<span lang=""EN-GB"">Suppose you want to a send an email when you are surrounded with people you are close to (e.g., friends, family members) at your home.<strong><o:p></o:p></strong></span>"
10/30/2018 6:56,10/30/2018 6:57,0,216.107.42.154,100,37,1,10/30/2018 6:57,R_33v7jmjfZ80Qpk0,,,,,37.75100708,-97.8219986,anonymous,EN,6,,,,,,,,,,,,,,,,,,,,,,,,,,,,,,,,,,,,,,,,,,,,,,,,,,,,,,,,,,,,,,,,,,,,,,,,,,,,,,,,,,,,,,,,,,,,,,,,,,,,,,,,,,,,,,,,,,,,,,,,,,,,,,,,,,,,,,,,,,,,,,,,,,,,,,,,,,,,,,,,,,,,,,,,,,,,,,,,,,,,,,,,,,,,,,,,,,,,,,,,,,,,,,,,,,,99540,"<span lang=""EN-GB"" style=""font-size:11.0pt;line-height:115%;
font-family:&quot;Arial&quot;,sans-serif;mso-fareast-font-family:Arial;mso-ansi-language:
EN-GB;mso-fareast-language:EN-US;mso-bidi-language:AR-SA"">Suppose you want to check your social media when you are alone in a park.</span>"
10/30/2018 6:57,10/30/2018 6:57,0,216.107.42.154,100,8,1,10/30/2018 6:57,R_O7NR9MP7rrSY2wV,,,,,37.75100708,-97.8219986,anonymous,EN,1,,,,,,,,,,,,,,,,,,,,,,,,,,,,,,,,,,,,,,,,,,,,,,,,,,,,,,,,,,,,,,,,,,,,,,,,,,,,,,,,,,,,,,,,,,,,,,,,,,,,,,,,,,,,,,,,,,,,,,,,,,,,,,,,,,,,,,,,,,,,,,,,,,,,,,,,,,,,,,,,,,,,,,,,,,,,,,,,,,,,,,,,,,,,,,,,,,,,,,,,,,,,,,,,,,,97699,"<span lang=""EN-GB"">Suppose you want to browse the internet when you are with people you know (e.g., acquaintances, colleagues) at a restaurant.<o:p></o:p></span>"
10/30/2018 6:51,10/30/2018 6:57,0,100.35.97.44,100,405,1,10/30/2018 6:57,R_2ZTudHx92NEpnhx,,,,,40.74450684,-74.15080261,anonymous,EN,"1,2,3,4,5,6",2,,5,,"3,4",,1,,1,,4,5,,2,,4,3,,5,,"2,3",,5,,1,,"1,2",,4,,,,,,,,,,,,,,,,,,,,,,,,,,,,,,,,,,,,,,,,,,,,,,,,,,,,,,,,,,,,,,,,,,,,,,,,,,,,,,,,,,,,,,,,"2,3",,1,,3,,1,,1,,4,5,,5,,5,,3,,"2,3",,5,,"2,3",,"1,2",,"1,2",,,,,,,,,,,,,,,,,,,,,,,,,,,,,,,,,,,,,,,,,,,,,,,,,,,,,,,,,,,,female,34,engineer,5,4,,5,70683,"<span lang=""EN-GB"">Suppose you are at sitting in a park and you want to play a digital/online game&nbsp;</span>with some close friends."
10/30/2018 6:56,10/30/2018 6:58,0,199.67.138.42,100,114,1,10/30/2018 6:58,R_2Ed9XqQduxM06k0,,,,,40.71009827,-74.001297,anonymous,EN,"1,2,3,4",1,,1,,1,,1,,1,,2,1,,1,,1,4,,1,,2,,1,,"1,2,3",,2,,,,,,,,,,,,,,,,,,,,,,,,,,,,,,,,,,,,,,,,,,,,,,,,,,,,,,,,,,,,,,,,,,,,,,,,,,,,,,,,,,,,,,,,,,,,,,,,,,,,,,,,,,,,,,,,,,,,,,,,,,,,,,,,,,,,,,,,,,,,,,,,,,,,,,,,,,,,,,,,,,,,,,,,,,,,,,,,,,,,,,,,95034,"<span lang=""EN-GB"">Suppose you want to read a digital document when you are in a park surrounded by your close friends.<o:p></o:p></span>"
10/30/2018 6:57,10/30/2018 6:58,0,216.107.42.154,100,15,1,10/30/2018 6:58,R_1jDuyPM3fUVEG2s,,,,,37.75100708,-97.8219986,anonymous,EN,1,,,,,,,,,,,,,,,,,,,,,,,,,,,,,,,,,,,,,,,,,,,,,,,,,,,,,,,,,,,,,,,,,,,,,,,,,,,,,,,,,,,,,,,,,,,,,,,,,,,,,,,,,,,,,,,,,,,,,,,,,,,,,,,,,,,,,,,,,,,,,,,,,,,,,,,,,,,,,,,,,,,,,,,,,,,,,,,,,,,,,,,,,,,,,,,,,,,,,,,,,,,,,,,,,,,35347,"<span lang=""EN-GB"">Suppose you are at sitting at Starbucks and you want to play a digital/online&nbsp;</span>game with some close friends."
10/30/2018 6:58,10/30/2018 6:58,0,216.107.42.154,100,13,1,10/30/2018 6:58,R_2xXE7IhUWcDwqOS,,,,,37.75100708,-97.8219986,anonymous,EN,5,,,,,,,,,,,,,,,,,,,,,,,,,,,,,,,,,,,,,,,,,,,,,,,,,,,,,,,,,,,,,,,,,,,,,,,,,,,,,,,,,,,,,,,,,,,,,,,,,,,,,,,,,,,,,,,,,,,,,,,,,,,,,,,,,,,,,,,,,,,,,,,,,,,,,,,,,,,,,,,,,,,,,,,,,,,,,,,,,,,,,,,,,,,,,,,,,,,,,,,,,,,,,,,,,,,99522,"<span lang=""EN-GB"">Suppose
     you want to listen to some audio when you with people you know (e.g.,
     acquaintances, colleagues) at Starbucks<o:p></o:p></span>"
10/30/2018 6:58,10/30/2018 6:58,0,216.107.42.154,100,8,1,10/30/2018 6:58,R_riNE3PXCyuHaL6h,,,,,37.75100708,-97.8219986,anonymous,EN,5,,,,,,,,,,,,,,,,,,,,,,,,,,,,,,,,,,,,,,,,,,,,,,,,,,,,,,,,,,,,,,,,,,,,,,,,,,,,,,,,,,,,,,,,,,,,,,,,,,,,,,,,,,,,,,,,,,,,,,,,,,,,,,,,,,,,,,,,,,,,,,,,,,,,,,,,,,,,,,,,,,,,,,,,,,,,,,,,,,,,,,,,,,,,,,,,,,,,,,,,,,,,,,,,,,,46733,"<span lang=""EN-GB"">Suppose
     you want to set up a reminder when you are alone at your home.<strong><o:p></o:p></strong></span>"
10/30/2018 6:46,10/30/2018 6:58,0,209.179.56.9,100,722,1,10/30/2018 6:58,R_1riGfbJQ91k0IyV,,,,,35.72990417,-78.77349854,anonymous,EN,"1,2,3,4,5,6",2,,1,,1,,1,,3,,4,3,,2,,4,6,,1,,6,,1,,3,,"1,2",,2,,,,,,,,,,,,,,,,,,,,,,,,,,,,,,2,,1,,"1,3",,1,,1,,2,3,,2,,2,,2,,3,,2,,3,,1,,1,,,,,,,,,,,,,,,,,,,,,,,,,,,,,,,,,,,,,,,,,,,,,,,,,,,,,,,,,,,,,,,,,,,,,,,,,,,,,,,,,,,,,,,,,,,,,,,,,,,,,,,,,,,,,,,,,,,,,,Female,49,Consultant,6,7,European,4,75765,"<span lang=""EN-GB"">Suppose
     you want to listen to some audio when you are with people you know (e.g.,
     acquaintances, colleagues) in a park.<o:p></o:p></span>


<p><span lang=""EN-GB"" style=""color:red"">&nbsp;</span></p>"
10/30/2018 6:58,10/30/2018 7:01,0,23.88.172.224,100,213,1,10/30/2018 7:01,R_27jIi8fYxezcYwG,,,,,41.82400513,-71.41280365,anonymous,EN,"1,2,3,4,6","1,2",,2,,3,,1,,1,,2,2,,2,,2,4,,3,,3,,1,,2,,"1,2",,,,,,,,,,,,,,,,,,,,,,,,,,,,,,,,,,,,,,,,,,,,,,,,,,,,,,,,,,,,,,,,,,,,,,,,,,,,,,,,,,,,,,,,,,,,,,,,,,,,,,,,,,,,,,,,,,,,,,,,,,,,,,,,,,,,,,,,,,,,,,,,,,,,,,,,,,,,,,,,,,,,,,,,,,,,,,,,,,,,,,,,46420,"<span lang=""EN-GB"">Suppose you have planned to meet a friend next week and you want to put this on your calendar when you are alone at Starbucks.<o:p></o:p></span>"
10/30/2018 6:58,10/30/2018 7:04,0,100.35.97.44,100,366,1,10/30/2018 7:04,R_2sYnKmetvsN1oIg,,,,,40.74450684,-74.15080261,anonymous,EN,"2,3,4,5","1,2,4,5",,5,,2,,3,,"2,3",,2,5,,2,,2,"3,4",,"1,2,3",,"2,3",,"1,2,3",,5,,4,,"3,4,5",,,,,,,,,,,,,,,,,,,,,,,,,,,,,,,,,,,,,,,,,,,,,,,,,,,,,,,,,,,4,,5,,3,,3,,1,,4,5,,5,,5,,"1,2,3",,3,,"1,2",,3,,3,,"1,2",,"2,3,5",,1,,3,,1,,1,,4,5,,2,,2,,3,,3,,5,,3,,3,,4,,1,,5,,4,,1,,"3,4",,2,5,,5,,5,,6,,2,,"1,3",,2,,5,,4,,,,,,,,,,,,,,,,,,,,,,,,,,,,,,,female,45,home maker,2,5,,3,39193,"<span lang=""EN-GB"">Suppose
     you have planned to meet a friend next week and you want put this on your
     calendar when you are alone at home<strong><o:p></o:p></strong></span>"
10/30/2018 6:59,10/30/2018 7:05,0,66.23.202.66,100,366,1,10/30/2018 7:06,R_ZmfDnhJpqDIe4Vj,,,,,40.73750305,-73.98130035,anonymous,EN,"1,2,3,4",2,,1,,2,,1,,1,,3,"1,2,3",,1,,3,"1,2",,2,,"1,3,4",,2,,5,,"1,2",,2,,,,,,,,,,,,,,,,,,,,,,,,,,,,,,2,,1,,1,,1,,1,,1,"1,2,3",,1,,1,,3,,"1,3",,"1,2",,"1,3,4",,5,,"1,2",,,,,,,,,,,,,,,,,,,,,,,,,,,,,,,,,,,,,,,,,,,,,,,,,,,,,,,,,,,,,,,,,,,,,,,,,,,,,,,,,,,,,,,,,,,,,,,,,,,,,,,,,,,,,,,,,,,,,,,,,,,,,38637,"<span lang=""EN-GB"">Suppose
     you want to a send a text message when you are surrounded by people you
     know (e.g., acquaintances, colleagues) at a restaurant.<o:p></o:p></span>"
10/30/2018 7:09,10/30/2018 7:11,0,68.115.235.85,100,69,1,10/30/2018 7:11,R_3k0ou4EGBdQjhUU,,,,,34.52609253,-82.63040161,anonymous,EN,"1,2,4,5","3,4,5",,"1,2,3",,"1,2,3",,3,,"1,3",,"1,2","1,2",,"1,2,3",,"2,3","1,2",,"1,2",,"2,3,4",,"1,2",,"1,2,3",,"1,2",,,,,,,,,,,,,,,,,,,,,,,,,,,,,,,,,,,,,,,,,,,,,,,,,,,,,,,,,,,,,,,,,,,,,,,,,,,,,,,,,,,,,,,,,,,,,,,,,,,,,,,,,,,,,,,,,,,,,,,,,,,,,,,,,,,,,,,,,,,,,,,,,,,,,,,,,,,,,,,,,,,,,,,,,,,,,,,,,,,,,,,,91529,"<span lang=""EN-GB"" style=""font-size:11.0pt;line-height:115%;
font-family:&quot;Arial&quot;,sans-serif;mso-fareast-font-family:Arial;mso-ansi-language:
EN-GB;mso-fareast-language:EN-US;mso-bidi-language:AR-SA"">Suppose you want to a
send an email when you are at Starbucks.</span>"
10/30/2018 7:05,10/30/2018 7:11,0,100.35.97.44,100,410,1,10/30/2018 7:11,R_R9sUfWtPLJL36bD,,,,,40.74450684,-74.15080261,anonymous,EN,"1,2,3","2,3,5",,3,,"2,3",,3,,1,,2,5,,"2,3",,2,"2,3",,"1,2",,3,,"1,2",,"1,3",,4,,1,"2,5",,1,,3,,3,,1,,3,3,,2,,2,,"2,3",,3,,"1,2",,3,,3,,"1,2",,,,,,,,,,,,,,,,,,,,,,,,,,,,,,,,,,,,,,,,,,,,,,,,,,,,,,,,,,,,,,,,,,,,,,,,,,,,,,,,,,,,,,,,,,,,,,,,,,,,,,,,,,,,,,,,,,,,,,,,,,,,,,,,,,,,,,,,,,,,,,,,,,,female,54,home maker,3,3,,3,34556,"Suppose you want to purchase something online when
     you are with people you know (e.g., acquaintances,
     colleagues) at a park.<o:p></o:p>"
10/29/2018 6:29,10/30/2018 7:12,0,173.163.82.225,100,88980,1,10/30/2018 7:12,R_33qekAYBLyWhMi7,,,,,39.81829834,-76.24990082,anonymous,EN,"1,2,3,4,5",2,,5,,2,,1,,1,,4,3,,5,,1,6,,5,,6,,2,,5,,4,,,,,,,,,,,,,,,,,,,,,,,,,,,,,,,,,,,,,,,,,,,,,,,,,,,,,,,,,,,,,,,,,,,,,,,,,,,,,,,,,,,,,,,,,,,,,,,,,,,,,,,,,,,,,,,,,,,,,,,,,,,,,,,,,,,,,,,,,,,,,,,,,,,,,,,,,,,,,,,,,,,,,,,,,,,,,,,,,,,,,,,,56815,"<span lang=""EN-GB"" style=""font-size:11.0pt;line-height:115%;
font-family:&quot;Arial&quot;,sans-serif;mso-fareast-font-family:Arial;mso-ansi-language:
EN-GB;mso-fareast-language:EN-US;mso-bidi-language:AR-SA"">Suppose you want to
take a click a photo when you are at Starbucks.</span>"
10/30/2018 7:12,10/30/2018 7:17,0,100.35.97.44,100,300,1,10/30/2018 7:17,R_33e5HpkE6c2AAr0,,,,,40.74450684,-74.15080261,anonymous,EN,"1,2,5","2,4,5",,3,,"2,3",,3,,1,,3,3,,5,,3,"1,2,3",,"1,2",,"2,3",,"1,2",,5,,"1,2",,1,"2,4",,1,,3,,1,,1,,3,5,,5,,5,,3,,3,,"1,2",,3,,5,,"1,2",,,,,,,,,,,,,,,,,,,,,,,,,,,,,,,,,,,,,,,,,,,,,,,,,,,,,,,,,,,,,,,,,,,,,,,,,,,,,,,,,,,,,,,,,,,,,,,,,,,,,,,,,,,,,,,,,,,,,,,,,,,,,,,,,,,,,,,,,,,,,,,,,,,male,36,clerical staff,2,3,,3,81704,"<span lang=""EN-GB"">Suppose you are alone at home when you realize today is the last day to pay one of your bills online.<o:p></o:p></span>"
10/30/2018 7:12,10/30/2018 7:19,0,152.133.6.135,100,372,1,10/30/2018 7:19,R_2dAtSg3j2Re4tox,,,,,40.66999817,-73.93669891,anonymous,EN,"1,2,3","1,2,4",,1,,"1,2",,1,,3,,2,"1,2",,"2,3",,"1,2",6,,1,,6,,"2,3",,"1,2",,1,,,,,,,,,,,,,,,,,,,,,,,,,,,,,,,,,,,,,,,,,,,,,,,,,,,,,,,,,,,,,,,,,,,,,,,,,,,,,,,,,,,,,,,,,,,,,,,,,,,,,,,,,,,,,,,,,,,,,,,,,,,,,,,,,,,,,,,,,,,,,,,,,,,,,,,,,,,,,,,,,,,,,,,,,,,,,,,,,,,,,,,,50676,"<span lang=""EN-GB"">Suppose
     you want to find a route to home when you are at Starbucks with your close
     friends.<o:p></o:p></span>"
10/30/2018 7:01,10/30/2018 7:21,0,73.130.161.54,100,1194,1,10/30/2018 7:21,R_2wiOziypxnTdcU6,,,,,40.27819824,-76.70939636,anonymous,EN,"1,2,4","2,5",,5,,2,,3,,1,,3,1,,3,,2,3,,2,,1,,2,,1,,4,,,,,,,,,,,,,,,,,,,,,,,,,,,,,,,,,,,,,,,,,,,,,,,,,,,,,,,,,,,,,,,,,,,,,,,,,,,,,,,,,,,,,,,,,,,,,,,,,,,,,,,,,,,,,,,,,,,,,,,,,,,,,,,,,,,,,,,,,,,,,,,,,,,,,,,,,,,,,,,,,,,,,,,,,,,,,,,,,,,,,,,,21630,"<span lang=""EN-GB"">Suppose you are at sitting at Starbucks and you want to play a digital/online&nbsp;</span>game."
10/30/2018 7:22,10/30/2018 7:23,0,47.220.23.57,100,60,1,10/30/2018 7:23,R_3fxTToNtBzGVTxN,,,,,30.3125,-95.45269775,anonymous,EN,"1,2",,,,,,,,,,,,,,,,,,,,,,,,,,,,,,,,,,,,,,,,,,,,,,,,,,,,,,,,,,,,,,,,,,,,,,,,,,,,,,,,,,,,,,,,,,,,,,,,,,,,,,,,,,,,,,,,,,,,,,,,,,,,,,,,,,,,,,,,,,,,,,,,,,,,,,,,,,,,,,,,,,,,,,,,,,,,,,,,,,,,,,,,,,,,,,,,,,,,,,,,,,,,,,,,,,,25699,"<span lang=""EN-GB"">Suppose you want to watch some video when you are alone at your home.<strong><o:p></o:p></strong></span>"
10/22/2018 12:23,10/23/2018 7:24,0,50.237.102.187,88,68460,0,10/30/2018 7:24,R_2xK8Qlepyfacvlf,,,,,,,anonymous,EN,"1,2,3,4,5,6","1,2,3,4,5",,"1,2,3",,"1,2,3,4",,1,,"1,2,3,4",,"1,2,3","1,2,3",,"1,2,3",,"1,2,3","1,2,3,4",,"1,2,3",,"1,2,3,4",,"1,2,3",,"1,2,3",,"1,2",,"1,2,3,4,5,6",,,,,,,,,,,,,,,,,,,,,,,,,,,,,,,,,,,,,,,,,,,,,,,,,,,,,,,,,,,"1,2,3,4,5",,"1,2,3",,"1,2,3,4",,1,,"1,2,3,4",,"1,2,3","1,2,3",,"1,2,3",,"1,2,3",,"1,2,3,4",,"1,2,3,4",,"1,2,3",,"1,2,3,4",,"1,2,3",,"1,2",,"1,2,3,4,5",,"1,2,3",,"1,2,3,4",,1,,"1,2,3,4",,"1,3","1,2,3",,"1,2,3",,"1,2,3",,"1,2,3,4",,"1,2,3,4",,"1,2,3",,"1,2,3,4",,"1,2,3",,"1,2",,"1,2,3,4,5",,"1,2,3",,"1,2,3,4",,1,,"1,2,3,4",,"1,2,3","1,2,3",,"1,2,3",,"1,2,3",,"1,2,3,4",,"1,2,3,4",,"1,2,3",,"1,2,3,4",,"1,2,3",,"1,2",,,,,,,,,,,,,,,,,,,,,,,,,,,,,,,,,,,,,,99481,"<span lang=""EN-GB"">Suppose you want to browse the internet when you are with people you know (e.g., acquaintances, colleagues) at a restaurant.<o:p></o:p></span>"
10/30/2018 7:00,10/30/2018 7:25,0,136.62.176.212,100,1497,1,10/30/2018 7:25,R_9uc5feZhQPt4ycx,,,,,30.24899292,-97.84140015,anonymous,EN,"2,4",,,,,,,,,,,,,,,,,,,,,,,,,,,,,,,,,,,,,,,,,,,,,,,,,,,,,,,,,,,,,,,,,,,,,,,,,,,,,,,,,,,,,,,,,,,,,,,,,,,,,,,,,,,,,,,,,,,,,,,,,,,,,,,,,,,,,,,,,,,,,,,,,,,,,,,,,,,,,,,,,,,,,,,,,,,,,,,,,,,,,,,,,,,,,,,,,,,,,,,,,,,,,,,,,,,7108,"<span id=""docs-internal-guid-5a7e3441-7fff-9d1f-10e6-454a1d940975""><span style=""font-size: 11pt; font-family: Arial; color: rgb(0, 0, 0); background-color: transparent; font-variant-numeric: normal; font-variant-east-asian: normal; vertical-align: baseline; white-space: pre-wrap;"">Suppose you want to call your mother for sharing an important update about your life &nbsp;when you are alone at home</span><br> <br><br></span>"
10/30/2018 7:17,10/30/2018 7:27,0,100.35.97.44,100,597,1,10/30/2018 7:27,R_2QyPyr6B30Mh143,,,,,40.74450684,-74.15080261,anonymous,EN,"2,3,4","2,3,4,5",,1,,"1,2,3",,3,,1,,3,3,,"2,3",,3,"1,2,3",,"1,2",,3,,"1,2",,5,,4,,"3,4",,,,,,,,,,,,,,,,,,,,,,,,,,,,,,,,,,,,,,,,,,,,,,,,,,,,,,,,,,,4,,1,,3,,3,,1,,3,3,,5,,5,,"1,2",,3,,2,,3,,5,,4,,"2,3",,1,,3,,1,,1,,3,3,,5,,5,,3,,"2,3",,5,,"2,3",,1,,"1,2",,,,,,,,,,,,,,,,,,,,,,,,,,,,,,,,,,,,,,,,,,,,,,,,,,,,,,,,,,,,male,45,consultant,5,1,,5,72276,"<span lang=""EN-GB"">Suppose
     you want to purchase something online when you are with people you are
     close to (e.g., friends, family members).<o:p></o:p></span>"
10/30/2018 7:21,10/30/2018 7:30,0,205.142.197.110,100,538,1,10/30/2018 7:30,R_3L08S3zcarBNAyZ,,,,,39.18589783,-84.51409912,anonymous,EN,"1,2,3,4,5","2,4",,1,,"1,2,3",,3,,"2,3",,2,"1,2,3",,"1,2",,2,"2,3",,"1,2",,1,,"1,2",,"1,2,3",,1,,"2,4",,,,,,,,,,,,,,,,,,,,,,,,,,,,,,"1,2,5",,1,,"1,2,3",,1,,2,,4,1,,"1,2",,"1,2",,"1,2",,"1,2,3,4",,2,,"1,2,3",,1,,1,,,,,,,,,,,,,,,,,,,,,,,,,,,,,,,"1,2,5",,1,,"1,3",,1,,1,,4,1,,1,,1,,"2,3",,"1,3",,2,,"1,3",,1,,1,,,,,,,,,,,,,,,,,,,,,,,,,,,,,,,,,,,,,,,,,,,,,,,,,,,,,,,,,,,,,,,,,,,87977,"<span lang=""EN-GB"">Suppose you are at sitting in a park and you want to play a digital/online game.<o:p></o:p></span>"
10/30/2018 7:23,10/30/2018 7:30,0,107.77.215.84,100,409,1,10/30/2018 7:30,R_1Qt77MQRMA90j2t,,,,,28.53829956,-81.3792038,anonymous,EN,"1,2,3,4","1,2,3,4,5",,1,,"1,2,3,4",,3,,"1,2,3",,"1,2","1,2,3",,"2,3",,"2,3","1,2,3",,"1,2,3",,6,,2,,"1,2,3",,"1,2",,,,,,,,,,,,,,,,,,,,,,,,,,,,,,,,,,,,,,,,,,,,,,,,,,,,,,,,,,,,,,,,,,,,,,,,,,,,,,,,,,,,,,,,,,,,,,,,,,,,,,,,,,,,,,,,,,,,,,,,,,,,,,,,,,,,,,,,,,,,,,,,,,,,,,,,,,,,,,,,,,,,,,,,,,,,,,,,,,,,,,,,27574,"<span lang=""EN-GB"">Suppose
     you want to a send a text message when you are with a very close friend at
     a restaurant&nbsp;<o:p></o:p></span>"
10/23/2018 7:14,10/23/2018 7:34,0,100.11.32.82,78,1183,0,10/30/2018 7:34,R_2VlThgcC2axeNGo,,,,,,,anonymous,EN,"2,3,4,5",,,,,,,,,,,,,,,,,,,,,,,,,,,,,,,,,,,,,,,,,,,,,,,,,,,,,,,,,,,,,,,,,,,,,,,,,,,,,,,,,,,,,,,,,,,,,,,,,,,,,,,,,,,,,,,,,,,,,,,,,,,,,,,,,,,,,,,,,,,,,,,,,,,,,,,,,,,,,,,,,,,,,,,,,,,,,,,,,,,,,,,,,,,,,,,,,,,,,,,,,,,,,,,,,,,18226,"<span lang=""EN-GB"">Suppose you want to browse the internet when you are alone at a restaurant.<o:p></o:p></span>"
10/30/2018 7:32,10/30/2018 7:34,0,104.55.67.217,100,127,1,10/30/2018 7:34,R_237XcB91d3Q7wyD,,,,,30.23330688,-95.55020142,anonymous,EN,"1,2,3,4,5,6","1,2",,"2,3",,"2,3",,3,,"1,3,4",,"2,3","1,2,3",,"1,2",,"2,3","3,4",,"1,3",,"2,3,4",,"1,2,3",,"1,2,3",,2,,,,,,,,,,,,,,,,,,,,,,,,,,,,,,,,,,,,,,,,,,,,,,,,,,,,,,,,,,,,,,,,,,,,,,,,,,,,,,,,,,,,,,,,,,,,,,,,,,,,,,,,,,,,,,,,,,,,,,,,,,,,,,,,,,,,,,,,,,,,,,,,,,,,,,,,,,,,,,,,,,,,,,,,,,,,,,,,,,,,,,,,9889,"<span lang=""EN-GB"">Suppose you want to take a click a photo when you with </span><span lang=""EN-GB"">some people you know (e.g.,
     acquaintances, colleagues)</span><span lang=""EN-GB""> at home<o:p></o:p></span>"
10/30/2018 7:25,10/30/2018 7:35,0,50.202.243.146,100,607,1,10/30/2018 7:35,R_3P4XSPpF32jdFF2,,,,,38.2191925,-78.0460968,anonymous,EN,"1,2,3,4","2,3",,3,,"2,3",,1,,1,,3,"1,2,3",,3,,3,1,,"1,2",,"3,4",,"1,2",,"2,3",,2,,4,,,,,,,,,,,,,,,,,,,,,,,,,,,,,,,,,,,,,,,,,,,,,,,,,,,,,,,,,,,,,,,,,,,,,,,,,,,,,,,,,,,,,,,,"2,3",,1,,3,,1,,1,,3,"1,2,3",,3,,"2,3",,1,,"3,4",,2,,"3,4",,"1,2,3",,"1,2",,,,,,,,,,,,,,,,,,,,,,,,,,,,,,,,,,,,,,,,,,,,,,,,,,,,,,,,,,,,,,,,,,,37554,"<span lang=""EN-GB"">Suppose it is a regular working day, you want to track the total amount of calories&nbsp;</span>you consume and burn off during the day.&nbsp;"
10/23/2018 7:35,10/23/2018 7:35,0,67.181.174.153,78,21,0,10/30/2018 7:35,R_ePWZehkTBoewHgR,,,,,,,anonymous,EN,"1,2,3,4",,,,,,,,,,,,,,,,,,,,,,,,,,,,,,,,,,,,,,,,,,,,,,,,,,,,,,,,,,,,,,,,,,,,,,,,,,,,,,,,,,,,,,,,,,,,,,,,,,,,,,,,,,,,,,,,,,,,,,,,,,,,,,,,,,,,,,,,,,,,,,,,,,,,,,,,,,,,,,,,,,,,,,,,,,,,,,,,,,,,,,,,,,,,,,,,,,,,,,,,,,,,,,,,,,,41127,"<span lang=""EN-GB"">Suppose
     you want to listen to some audio when you are with people you know (e.g.,
     acquaintances, colleagues) at your home.<o:p></o:p></span>"
10/23/2018 7:35,10/23/2018 7:38,0,100.35.97.44,88,184,0,10/30/2018 7:38,R_3HTiaOp1dF4r4iy,,,,,,,anonymous,EN,"1,2,3,4,5,6","1,2,5",,3,,"2,3,4",,1,,1,,1,5,,"2,3",,1,"1,3",,"1,2",,"2,3,4",,"1,2",,"1,3",,"1,2",,"1,2,3,4,5,6",,,,,,,,,,,,,,,,,,,,,,,,,,,,,,,,,,,,,,,,,,,,,,,,,,,,,,,,,,,,,,,,,,,,,,,,,,,,,,,,,,,,,,,,,,,,,,,,,,,,,,,,,,,,,,,,,,,,,,,,,,,,,,,,,,,,,,,,,,,,,,,,,,,,,,,,,,,,,,,,,,,,,,,,,,,,,,,,,,,,,,39557,"<span lang=""EN-GB"">Suppose
     you want to listen to some audio when you are with your friends at
     Starbucks.<o:p></o:p></span>"
10/30/2018 7:29,10/30/2018 7:44,0,100.35.97.44,100,850,1,10/30/2018 7:44,R_2SxBPVgFA80Ra5S,,,,,40.74450684,-74.15080261,anonymous,EN,"1,2,5,6","4,5",,1,,3,,3,,1,,4,5,,2,,4,"1,2,3",,"1,2",,3,,"1,2",,3,,1,,"1,6","3,4",,1,,"2,3",,1,,1,,4,5,,5,,5,,"1,2,3",,3,,"1,2",,3,,5,,"1,2",,,,,,,,,,,,,,,,,,,,,,,,,,,,,,,,,,,,,,,,,,,,,,,,,,,,,,,,,,,,,,,,,,,,,,,,,,,,,,,,,,,,,,,,,,,,,,,,,,,,,,,,,,,,,,,,,,,,,,4,,5,,3,,3,,1,,4,5,,5,,5,,3,,"2,3",,2,,"2,3",,5,,2,,female,45,consultant,3,3,,4,90370,"<span lang=""EN-GB"">Suppose you are at Starbucks with your close friends and you realize today is the last day to pay one of your bills online.<o:p></o:p></span>"
10/23/2018 7:47,10/23/2018 7:48,0,72.198.74.135,78,19,0,10/30/2018 7:48,R_Okf8BXiqjWBEwOR,,,,,,,anonymous,EN,"1,2,4,5",,,,,,,,,,,,,,,,,,,,,,,,,,,,,,,,,,,,,,,,,,,,,,,,,,,,,,,,,,,,,,,,,,,,,,,,,,,,,,,,,,,,,,,,,,,,,,,,,,,,,,,,,,,,,,,,,,,,,,,,,,,,,,,,,,,,,,,,,,,,,,,,,,,,,,,,,,,,,,,,,,,,,,,,,,,,,,,,,,,,,,,,,,,,,,,,,,,,,,,,,,,,,,,,,,,51511,"<span lang=""EN-GB"">Suppose
     you want to a send an email when you are surrounded by people you know
     (e.g., acquaintances, colleagues) your home.<o:p></o:p></span>"
10/30/2018 7:47,10/30/2018 7:51,0,100.35.97.44,100,251,1,10/30/2018 7:51,R_VWkKOs5XiQvsJ0t,,,,,40.74450684,-74.15080261,anonymous,EN,"2,3,5,6",2,,1,,"2,3",,3,,2,,4,5,,"2,3",,4,3,,2,,3,,2,,5,,4,,2,,,,,,,,,,,,,,,,,,,,,,,,,,,,,,"1,2,5",,3,,"2,3",,1,,1,,4,5,,2,,2,,"3,4",,"1,2,3",,"1,2",,"1,2,3",,"1,2",,"1,2",,,,,,,,,,,,,,,,,,,,,,,,,,,,,,,,,,,,,,,,,,,,,,,,,,,,,,,,,,,,,,,,,,,,,,,,,,,,,,,,,,,,,,,,,,,,,,,,,,,,,,,,,,,,,,,,,,,,,,female,46,clerk,3,3,,3,50133,"<span lang=""EN-GB"">Suppose you want to browse internet when you are with your close friends at a restaurant.<o:p></o:p></span>"
10/18/2018 12:04,10/23/2018 7:53,0,67.254.210.204,78,416975,0,10/30/2018 7:54,R_2bWcn9mm5ZZ7ERO,,,,,,,anonymous,EN,"1,4,6",,,,,,,,,,,,,,,,,,,,,,,,,,,,,,,,,,,,,,,,,,,,,,,,,,,,,,,,,,,,,,,,,,,,,,,,,,,,,,,,,,,,,,,,,,,,,,,,,,,,,,,,,,,,,,,,,,,,,,,,,,,,,,,,,,,,,,,,,,,,,,,,,,,,,,,,,,,,,,,,,,,,,,,,,,,,,,,,,,,,,,,,,,,,,,,,,,,,,,,,,,,,,,,,,,,25880,"<span lang=""EN-GB"">Suppose you have planned to meet a friend next week and you want to put this on your calendar when you are with a very close friend at a restaurant&nbsp;<o:p></o:p></span>"
10/30/2018 8:12,10/30/2018 8:13,0,23.95.246.133,100,65,1,10/30/2018 8:13,R_1erzPyWRGIhsYPM,,,,,42.88639832,-78.87809753,anonymous,EN,2,,,,,,,,,,,,,,,,,,,,,,,,,,,,,,,,,,,,,,,,,,,,,,,,,,,,,,,,,,,,,,,,,,,,,,,,,,,,,,,,,,,,,,,,,,,,,,,,,,,,,,,,,,,,,,,,,,,,,,,,,,,,,,,,,,,,,,,,,,,,,,,,,,,,,,,,,,,,,,,,,,,,,,,,,,,,,,,,,,,,,,,,,,,,,,,,,,,,,,,,,,,,,,,,,,,19885,"Suppose you want to purchase something (e.g., book,
     household items) online when you are with people
     you know (e.g., acquaintances, colleagues) at
     Starbucks.<o:p></o:p>"
10/30/2018 8:10,10/30/2018 8:18,0,173.14.145.81,100,499,1,10/30/2018 8:18,R_sFCLo8N7ta5QILv,,,,,42.71380615,-70.90699768,anonymous,EN,"1,2,3",1,,1,,1,,1,,1,,3,4,wait till I get back home,3,,3,4,,2,,3,,2,,1,,1,,1,2,,2,,1,,1,,1,,2,3,,1,,1,,2,,3,,2,,3,,1,,1,,,,,,,,,,,,,,,,,,,,,,,,,,,,,,,,,,,,,,,,,,,,,,,,,,,,,,,,,,,,,,,,,,,,,,,,,,,,,,,,,,,,,,,,,,,,,,,,,,,,,,,,,,,,,,,,,,,,,,,,,,,,,,,,,,,,,,,,,,,,,,,,,,,female,57,Billing Specialist ,6,5,,5,41470,"<span lang=""EN-GB"">Suppose
     you want to a send an email when you are walking on a street.<o:p></o:p></span>"
10/30/2018 8:14,10/30/2018 8:18,0,70.92.150.136,100,276,1,10/30/2018 8:18,R_2ydBnOTOOm7VPIc,,,,,42.9559021,-87.99330139,anonymous,EN,"1,2,6",2,,1,,"2,3",,3,,3,,2,"1,2",,2,,2,2,,2,,"1,3,4",,"1,2",,1,,1,,,,,,,,,,,,,,,,,,,,,,,,,,,,,,,,,,,,,,,,,,,,,,,,,,,,,,,,,,,,,,,,,,,,,,,,,,,,,,,,,,,,,,,,,,,,,,,,,,,,,,,,,,,,,,,,,,,,,,,,,,,,,,,,,,,,,,,,,,,,,,,,,,,,,,,,,,,,,,,,,,,,,,,,,,,,,,,,,,,,,,,,55165,"<span lang=""EN-GB"">Suppose
     you want to listen to some audio when you are at home with people you are
     close to (e.g., friends, family members).<strong><o:p></o:p></strong></span>"
10/30/2018 8:21,10/30/2018 8:23,0,216.107.42.67,100,140,1,10/30/2018 8:23,R_2Cd1eEKeVSfQO5q,,,,,37.75100708,-97.8219986,anonymous,EN,"1,2,3,4,5,6",1,,3,,3,,1,,2,,3,3,,1,,4,3,,2,,2,,1,,1,,1,,,,,,,,,,,,,,,,,,,,,,,,,,,,,,,,,,,,,,,,,,,,,,,,,,,,,,,,,,,,,,,,,,,,,,,,,,,,,,,,,,,,,,,,,,,,,,,,,,,,,,,,,,,,,,,,,,,,,,,,,,,,,,,,,,,,,,,,,,,,,,,,,,,,,,,,,,,,,,,,,,,,,,,,,,,,,,,,,,,,,,,,80056,"<span lang=""EN-GB"">Suppose
     you want to a send a text message when you with people you know (e.g., acquaintances,
     colleagues) at a street<strong>.</strong><o:p></o:p></span>"
10/30/2018 8:25,10/30/2018 8:25,0,45.79.128.198,100,25,1,10/30/2018 8:25,R_3M43qMALV3zYH4g,,,,,40.73570251,-74.17240143,anonymous,EN,2,,,,,,,,,,,,,,,,,,,,,,,,,,,,,,,,,,,,,,,,,,,,,,,,,,,,,,,,,,,,,,,,,,,,,,,,,,,,,,,,,,,,,,,,,,,,,,,,,,,,,,,,,,,,,,,,,,,,,,,,,,,,,,,,,,,,,,,,,,,,,,,,,,,,,,,,,,,,,,,,,,,,,,,,,,,,,,,,,,,,,,,,,,,,,,,,,,,,,,,,,,,,,,,,,,,18801,"<span lang=""EN-GB"">Suppose you want to call your mother for sharing an important
     update about your life&nbsp; when you
     with people you know (e.g., acquaintances, colleagues) at a park<o:p></o:p></span>"
10/30/2018 8:24,10/30/2018 8:26,0,216.107.42.67,100,130,1,10/30/2018 8:26,R_2X1fnb0WPtllVOw,,,,,37.75100708,-97.8219986,anonymous,EN,"1,2,3,6","2,3,4",,5,,"1,2,4",,3,,"1,3,4",,4,"1,2,3",,5,,4,6,,5,,"1,4",,"1,2",,5,,2,,,,,,,,,,,,,,,,,,,,,,,,,,,,,,,,,,,,,,,,,,,,,,,,,,,,,,,,,,,,,,,,,,,,,,,,,,,,,,,,,,,,,,,,,,,,,,,,,,,,,,,,,,,,,,,,,,,,,,,,,,,,,,,,,,,,,,,,,,,,,,,,,,,,,,,,,,,,,,,,,,,,,,,,,,,,,,,,,,,,,,,,71927,"<span lang=""EN-GB"">Suppose
     you want to call your mother for sharing an important update about your
     life yourself when you are with a very close friend at a park.&nbsp;<o:p></o:p></span>"
10/30/2018 8:28,10/30/2018 8:32,0,174.101.155.220,100,251,1,10/30/2018 8:33,R_qLuIOc39x5izznr,,,,,39.13609314,-84.4355011,anonymous,EN,"1,2,3,4,5,6","1,2",,2,,2,,1,,"1,2",,2,2,,1,,1,1,,"2,3",,"1,2",,"1,2",,"1,2",,2,,,,,,,,,,,,,,,,,,,,,,,,,,,,,,,,,,,,,,,,,,,,,,,,,,,,,,,,,,,,,,,,,,,,,,,,,,,,,,,,,,,,,,,,,,,,,,,,,,,,,,,,,,,,,,,,,,,,,,,,,,,,,,,,,,,,,,,,,,,,,,,,,,,,,,,,,,,,,,,,,,,,,,,,,,,,,,,,,,,,,,,,67108,"<span lang=""EN-GB"">Suppose you want to a send an email when you are walking with a very close friend on a street.&nbsp;<o:p></o:p></span>"
10/30/2018 8:31,10/30/2018 8:34,0,108.5.233.30,100,162,1,10/30/2018 8:34,R_bNoFvYr2WmQKnuN,,,,,40.72210693,-74.04689789,anonymous,EN,"1,2,3,4,6","1,2",,"1,2",,"1,2",,1,,1,,2,"1,2,3",,"1,2",,"1,2","1,2,3",,1,,"1,2,3",,"1,2",,"1,2",,"1,2",,,,,,,,,,,,,,,,,,,,,,,,,,,,,,,,,,,,,,,,,,,,,,,,,,,,,,,,,,,,,,,,,,,,,,,,,,,,,,,,,,,,,,,,,,,,,,,,,,,,,,,,,,,,,,,,,,,,,,,,,,,,,,,,,,,,,,,,,,,,,,,,,,,,,,,,,,,,,,,,,,,,,,,,,,,,,,,,,,,,,,,,73006,"<span lang=""EN-GB"">Suppose
     you want to set up a reminder when you are at home with people you are
     close to (e.g., friends, family members).<strong><o:p></o:p></strong></span>"
10/30/2018 8:40,10/30/2018 8:43,0,173.173.58.217,100,201,1,10/30/2018 8:43,R_307YaCmVZWZaXMi,,,,,31.07099915,-97.38980103,anonymous,EN,"1,2,3",2,,1,,"1,2,3",,1,,3,,1,"1,2",,"1,2",,2,"2,3",,2,,"3,4",,2,,1,,2,,,,,,,,,,,,,,,,,,,,,,,,,,,,,,,,,,,,,,,,,,,,,,,,,,,,,,,,,,,,,,,,,,,,,,,,,,,,,,,,,,,,,,,,,,,,,,,,,,,,,,,,,,,,,,,,,,,,,,,,,,,,,,,,,,,,,,,,,,,,,,,,,,,,,,,,,,,,,,,,,,,,,,,,,,,,,,,,,,,,,,,,69231,
10/30/2018 8:41,10/30/2018 8:44,0,199.116.174.105,100,173,1,10/30/2018 8:44,R_1LdRxhscSK8d9VL,,,,,39.01800537,-77.53900146,anonymous,EN,"1,2,3,4,5,6",1,,"1,2",,6,,1,,1,,4,5,,1,,4,6,,5,,2,,5,,5,,4,,2,,,,,,,,,,,,,,,,,,,,,,,,,,,,,,1,,1,,1,,1,,1,,"1,2",5,,1,,1,,1,,"1,2,3",,5,,"1,2,3",,5,,4,,,,,,,,,,,,,,,,,,,,,,,,,,,,,,,,,,,,,,,,,,,,,,,,,,,,,,,,,,,,,,,,,,,,,,,,,,,,,,,,,,,,,,,,,,,,,,,,,,,,,,,,,,,,,,,,,,,,,,Male,34,Engineer,7,1,,3,42885,"<span lang=""EN-GB"">Suppose you want to set up a reminder when you are at a park with close friends.<o:p></o:p></span>"
10/23/2018 8:46,10/23/2018 8:46,0,35.136.215.252,78,43,0,10/30/2018 8:47,R_2TZd4e74GrzHpvz,,,,,,,anonymous,EN,"1,2,4",,,,,,,,,,,,,,,,,,,,,,,,,,,,,,,,,,,,,,,,,,,,,,,,,,,,,,,,,,,,,,,,,,,,,,,,,,,,,,,,,,,,,,,,,,,,,,,,,,,,,,,,,,,,,,,,,,,,,,,,,,,,,,,,,,,,,,,,,,,,,,,,,,,,,,,,,,,,,,,,,,,,,,,,,,,,,,,,,,,,,,,,,,,,,,,,,,,,,,,,,,,,,,,,,,,81474,"<span lang=""EN-GB"">Suppose you want to read a digital document when you are at a park.<o:p></o:p></span>"
10/30/2018 8:49,10/30/2018 8:49,0,12.40.43.242,100,11,1,10/30/2018 8:49,R_22RhpZFeCIaP5WY,,,,,39.08500671,-94.63559723,anonymous,EN,"2,3",,,,,,,,,,,,,,,,,,,,,,,,,,,,,,,,,,,,,,,,,,,,,,,,,,,,,,,,,,,,,,,,,,,,,,,,,,,,,,,,,,,,,,,,,,,,,,,,,,,,,,,,,,,,,,,,,,,,,,,,,,,,,,,,,,,,,,,,,,,,,,,,,,,,,,,,,,,,,,,,,,,,,,,,,,,,,,,,,,,,,,,,,,,,,,,,,,,,,,,,,,,,,,,,,,,43368,"<span lang=""EN-GB"">Suppose you want to a view a text message when you are alone at a street.<o:p></o:p></span>"
10/30/2018 8:47,10/30/2018 8:50,0,47.13.37.192,100,188,1,10/30/2018 8:50,R_2dsiY3zTU5VTquO,,,,,36.20979309,-86.30239868,anonymous,EN,"1,2,4,5,6",7,,1,,3,,1,,1,,3,1,,3,,2,3,,2,,6,,2,,1,,2,,,,,,,,,,,,,,,,,,,,,,,,,,,,,,,,,,,,,,,,,,,,,,,,,,,,,,,,,,,,,,,,,,,,,,,,,,,,,,,,,,,,,,,,,,,,,,,,,,,,,,,,,,,,,,,,,,,,,,,,,,,,,,,,,,,,,,,,,,,,,,,,,,,,,,,,,,,,,,,,,,,,,,,,,,,,,,,,,,,,,,,,69659,"<span lang=""EN-GB"">Suppose you want to set up a reminder about something when you are at Starbucks with close friends.<o:p></o:p></span>"
10/30/2018 8:54,10/30/2018 8:54,0,24.178.77.49,100,6,1,10/30/2018 8:54,R_12ovwBPPKRwzfR2,,,,,34.02130127,-84.31040192,anonymous,EN,2,,,,,,,,,,,,,,,,,,,,,,,,,,,,,,,,,,,,,,,,,,,,,,,,,,,,,,,,,,,,,,,,,,,,,,,,,,,,,,,,,,,,,,,,,,,,,,,,,,,,,,,,,,,,,,,,,,,,,,,,,,,,,,,,,,,,,,,,,,,,,,,,,,,,,,,,,,,,,,,,,,,,,,,,,,,,,,,,,,,,,,,,,,,,,,,,,,,,,,,,,,,,,,,,,,,11626,"<span lang=""EN-GB"">Suppose
     you want to a view a text message when you are surrounded with people you
     are close to (e.g., friends, family members) at your home.<strong><o:p></o:p></strong></span>"
10/30/2018 8:41,10/30/2018 8:54,0,104.129.204.104,100,811,1,10/30/2018 8:54,R_2EzogiD0cMWnyBM,,,,,37.75100708,-97.8219986,anonymous,EN,"1,2,3",4,,3,,6,,3,,1,,3,5,,5,,4,6,,5,,4,,5,,5,,4,,,,,,,,,,,,,,,,,,,,,,,,,,,,,,,,,,,,,,,,,,,,,,,,,,,,,,,,,,,,,,,,,,,,,,,,,,,,,,,,,,,,,,,,,,,,,,,,,,,,,,,,,,,,,,,,,,,,,,,,,,,,,,,,,,,,,,,,,,,,,,,,,,,,,,,,,,,,,,,,,,,,,,,,,,,,,,,,,,,,,,,,25765,"<span lang=""EN-GB"">Suppose you have planned to meet a friend next week and you want to&nbsp;put this on your calendar </span><span lang=""EN-GB"">when</span><span lang=""EN-GB""> you are surrounded by people you know (e.g., acquaintances, colleagues) at your home.</span><span lang=""EN-GB""><o:p></o:p></span>"
10/30/2018 8:55,10/30/2018 8:57,0,172.102.6.18,100,111,1,10/30/2018 8:57,R_1N5fSL1Hjs0g4jE,,,,,43.06530762,-89.40000153,anonymous,EN,"1,2,3,4,5",1,,2,,1,,1,,1,,1,"1,2,3",,5,,1,6,,5,,2,,1,,1,,4,,,,,,,,,,,,,,,,,,,,,,,,,,,,,,,,,,,,,,,,,,,,,,,,,,,,,,,,,,,,,,,,,,,,,,,,,,,,,,,,,,,,,,,,,,,,,,,,,,,,,,,,,,,,,,,,,,,,,,,,,,,,,,,,,,,,,,,,,,,,,,,,,,,,,,,,,,,,,,,,,,,,,,,,,,,,,,,,,,,,,,,,68429,"<span id=""docs-internal-guid-5a7e3441-7fff-9d1f-10e6-454a1d940975""><span style=""font-size: 11pt; font-family: Arial; color: rgb(0, 0, 0); background-color: transparent; font-variant-numeric: normal; font-variant-east-asian: normal; vertical-align: baseline; white-space: pre-wrap;"">Suppose you want to call your mother for sharing an important update about your life &nbsp;when you are alone at home</span><br> <br><br></span>"
10/23/2018 8:48,10/23/2018 8:50,0,72.94.170.198,78,119,0,10/30/2018 8:59,R_262xu5M14zn9OGV,,,,,,,anonymous,EN,"1,2,4,5",,,,,,,,,,,,,,,,,,,,,,,,,,,,,,,,,,,,,,,,,,,,,,,,,,,,,,,,,,,,,,,,,,,,,,,,,,,,,,,,,,,,,,,,,,,,,,,,,,,,,,,,,,,,,,,,,,,,,,,,,,,,,,,,,,,,,,,,,,,,,,,,,,,,,,,,,,,,,,,,,,,,,,,,,,,,,,,,,,,,,,,,,,,,,,,,,,,,,,,,,,,,,,,,,,,13951,"<span lang=""EN-GB"">Suppose
     you are at a park with your close friends and you realize today is the
     last day to pay one of your bills online.<o:p></o:p></span>"
10/30/2018 8:55,10/30/2018 9:04,0,174.225.134.143,100,524,1,10/30/2018 9:04,R_1M5M4Yhnmkmf5zQ,,,,,40.79100037,-74.06340027,anonymous,EN,"1,2,3,4","2,4,5",,3,,"2,3",,3,,1,,4,5,,5,,4,"1,2,3",,"1,2",,3,,"1,2",,2,,4,,"1,3","2,3,5",,1,,"1,2,3",,3,,1,,4,5,,5,,5,,3,,"2,3",,"1,2",,"2,3",,5,,"1,2",,,,,,,,,,,,,,,,,,,,,,,,,,,,,,,"2,5",,1,,"1,2,3",,3,,1,,4,5,,5,,5,,"1,3",,3,,2,,3,,1,,"1,2",,,,,,,,,,,,,,,,,,,,,,,,,,,,,,,,,,,,,,,,,,,,,,,,,,,,,,,,,,,,,,,,,,,,,,,,,,,,,,,,,,,,,,,,,Female,23,Student,4,1,,3,42169,"<span lang=""EN-GB"">Suppose you are at work with some people you know (e.g., acquaintances, colleagues) when you realize that you have to immediately pay one of your bills online.<o:p></o:p></span>"
10/23/2018 8:55,10/23/2018 8:59,0,24.177.221.234,88,231,0,10/30/2018 9:05,R_3Gp99gJSPrNkxd3,,,,,,,anonymous,EN,"1,2,5","2,3",,1,,3,,1,,3,,3,"1,2",,3,,3,3,,2,,"1,3",,2,,1,,"1,2",,2,,,,,,,,,,,,,,,,,,,,,,,,,,,,,,,,,,,,,,,,,,,,,,,,,,,,,,,,,,,,,,,,,,,,,,,,,,,,,,,,,,,,,,,,,,,,,,,,,,,,,,,,,,,,,,,,,,,,,,,,,,,,,,,,,,,,,,,,,,,,,,,,,,,,,,,,,,,,,,,,,,,,,,,,,,,,,,,,,,,,,,37889,"<span lang=""EN-GB"">Suppose
     you want&nbsp; to a send a text message
     when you are walking with a very close friend on a street<o:p></o:p></span>"
10/30/2018 8:58,10/30/2018 9:05,0,98.197.147.91,100,460,1,10/30/2018 9:05,R_2t3c4SLlth6RTjX,,,,,29.69470215,-95.65110016,anonymous,EN,"1,2,4,6",5,,5,,6,,3,,6,,4,5,,5,,4,6,,5,,7,,5,,5,,4,,2,,,,,,,,,,,,,,,,,,,,,,,,,,,,,,2,,5,,6,,1,,6,,4,5,,5,,5,,6,,7,,5,,7,,5,,4,,,,,,,,,,,,,,,,,,,,,,,,,,,,,,,,,,,,,,,,,,,,,,,,,,,,,,,,,,,,,,,,,,,,,,,,,,,,,,,,,,,,,,,,,,,,,,,,,,,,,,,,,,,,,,,,,,,,,,female,30,assistant,6,5,,4,19973,"<span lang=""EN-GB"">Suppose
     you want to a send a text message when you are surrounded by people you
     know (e.g., acquaintances, colleagues) at your home.<o:p></o:p></span>"
10/22/2018 11:58,10/23/2018 8:57,0,172.58.175.144,88,75563,0,10/30/2018 9:09,R_3fCWpaGddBPv25F,,,,,,,anonymous,EN,"1,2,3,5","1,2,5",,2,,2,,1,,1,,3,3,,1,,3,2,,3,,"2,3",,3,,5,,2,,"1,2","2,4",,1,,"2,3",,3,,1,,2,2,,5,,5,,3,,3,,5,,3,,1,,2,,,,,,,,,,,,,,,,,,,,,,,,,,,,,,,,,,,,,,,,,,,,,,,,,,,,,,,,,,,,,,,,,,,,,,,,,,,,,,,,,,,,,,,,,,,,,,,,,,,,,,,,,,,,,,,,,,,,,,,,,,,,,,,,,,,,,,,,,,,,,,,,,,,,,,,,,,20386,"<span lang=""EN-GB"">Suppose
     you want to a view a text message when you are alone at Starbucks.<o:p></o:p></span>"
10/30/2018 9:14,10/30/2018 9:17,0,128.252.174.220,100,187,1,10/30/2018 9:17,R_vv4jvFVYWtlQzCh,,,,,38.66690063,-90.32250214,anonymous,EN,"1,2,3,4","2,3,4,5",,3,,"1,2",,3,,1,,2,"1,2,3",,5,,4,"1,2,3",,"1,2",,3,,"1,2",,"1,2",,"1,2",,,,,,,,,,,,,,,,,,,,,,,,,,,,,,,,,,,,,,,,,,,,,,,,,,,,,,,,,,,,,,,,,,,,,,,,,,,,,,,,,,,,,,,,,,,,,,,,,,,,,,,,,,,,,,,,,,,,,,,,,,,,,,,,,,,,,,,,,,,,,,,,,,,,,,,,,,,,,,,,,,,,,,,,,,,,,,,,,,,,,,,,11377,"<span lang=""EN-GB"">Suppose you are at sitting at Starbucks and you want to play a digital/online&nbsp;</span>game with some close friends."
10/30/2018 9:05,10/30/2018 9:17,0,174.225.134.143,100,716,1,10/30/2018 9:17,R_3rVvxge1i76g7At,,,,,40.79100037,-74.06340027,anonymous,EN,"2,4,5,6","1,2,3,5",,3,,"1,2,3,4",,3,,2,,2,5,,2,,2,3,,"1,2",,"1,2,3",,"1,2",,1,,4,,"5,6",,,,,,,,,,,,,,,,,,,,,,,,,,,,,,,,,,,,,,,,,,,,,,,,,,,,,,,,,,,,,,,,,,,,,,,,,,,,,,,,,,,,,,,,,,,,,,,,,,,,,,,,,,,,,,,,,,,,,1,,2,,4,,3,,"3,4",,"2,3",5,,"1,2",,"1,2",,4,,2,,"1,3",,2,,5,,4,,"1,2",,5,,"2,3",,1,,1,,4,5,,2,,2,,3,,"2,3",,2,,"2,3",,1,,4,,Female,50,Unemploymed,2,2,,2,14343,"<span lang=""EN-GB"">Suppose
     you want to a send a text message when you are alone at home<strong><o:p></o:p></strong></span>"
10/30/2018 9:14,10/30/2018 9:20,0,73.199.117.11,100,370,1,10/30/2018 9:20,R_24BpIoqdqVXDBVu,,,,,39.37030029,-74.55519867,anonymous,EN,"1,2",,,,,,,,,,,,,,,,,,,,,,,,,,,,,,,,,,,,,,,,,,,,,,,,,,,,,,,,,,,,,,,,,,,,,,,,,,,,,,,,,,,,,,,,,,,,,,,,,,,,,,,,,,,,,,,,,,,,,,,,,,,,,,,,,,,,,,,,,,,,,,,,,,,,,,,,,,,,,,,,,,,,,,,,,,,,,,,,,,,,,,,,,,,,,,,,,,,,,,,,,,,,,,,,,,,9795,"<span lang=""EN-GB"" style=""font-size:11.0pt;line-height:115%;
font-family:&quot;Arial&quot;,sans-serif;mso-fareast-font-family:Arial;mso-ansi-language:
EN-GB;mso-fareast-language:EN-US;mso-bidi-language:AR-SA"">Suppose you want to a
send an email when you are alone at home</span>"
10/30/2018 9:18,10/30/2018 9:20,0,99.102.114.69,100,92,1,10/30/2018 9:20,R_s5rnlkPmmHPka6l,,,,,38.43049622,-90.38700104,anonymous,EN,"1,2,3,4,6","1,5",,"1,2",,"1,3,4",,1,,"1,3,4",,"2,3","1,2",,"1,2",,"2,3","2,3",,"1,2",,"2,3,4",,"2,3",,"1,2,3",,2,,,,,,,,,,,,,,,,,,,,,,,,,,,,,,,,,,,,,,,,,,,,,,,,,,,,,,,,,,,,,,,,,,,,,,,,,,,,,,,,,,,,,,,,,,,,,,,,,,,,,,,,,,,,,,,,,,,,,,,,,,,,,,,,,,,,,,,,,,,,,,,,,,,,,,,,,,,,,,,,,,,,,,,,,,,,,,,,,,,,,,,,9249,"<span lang=""EN-GB"">Suppose you are at Starbucks with your close friends and you realize today is the last day to pay one of your bills online.<o:p></o:p></span>"
10/23/2018 9:26,10/23/2018 9:27,0,174.86.49.1,78,96,0,10/30/2018 9:28,R_2TN7VcjVVq0kKKk,,,,,,,anonymous,EN,"1,2,3",,,,,,,,,,,,,,,,,,,,,,,,,,,,,,,,,,,,,,,,,,,,,,,,,,,,,,,,,,,,,,,,,,,,,,,,,,,,,,,,,,,,,,,,,,,,,,,,,,,,,,,,,,,,,,,,,,,,,,,,,,,,,,,,,,,,,,,,,,,,,,,,,,,,,,,,,,,,,,,,,,,,,,,,,,,,,,,,,,,,,,,,,,,,,,,,,,,,,,,,,,,,,,,,,,,80069,"<span lang=""EN-GB"">Suppose you want to browse the internet when you are with people you know (e.g., acquaintances, colleagues) at a restaurant.<o:p></o:p></span>"
10/30/2018 9:27,10/30/2018 9:29,0,204.191.220.155,100,114,1,10/30/2018 9:29,R_6zZcwR9ztw80uaZ,,,,,53.53340149,-114.0020981,anonymous,EN,"1,2,5",4,,1,,2,,1,,2,,2,"1,2",,2,,1,3,,2,,1,,"1,2",,1,,1,,,,,,,,,,,,,,,,,,,,,,,,,,,,,,,,,,,,,,,,,,,,,,,,,,,,,,,,,,,,,,,,,,,,,,,,,,,,,,,,,,,,,,,,,,,,,,,,,,,,,,,,,,,,,,,,,,,,,,,,,,,,,,,,,,,,,,,,,,,,,,,,,,,,,,,,,,,,,,,,,,,,,,,,,,,,,,,,,,,,,,,,348,"<span lang=""EN-GB"">Suppose
     you want to listen to some audio when you are at home with people you are
     close to (e.g., friends, family members).<strong><o:p></o:p></strong></span>"
10/30/2018 9:18,10/30/2018 9:32,0,174.225.134.143,100,857,1,10/30/2018 9:33,R_31pGxpCHpkOlTwg,,,,,40.79100037,-74.06340027,anonymous,EN,"1,2,4,5","1,2,5",,3,,"2,3",,1,,1,,4,5,,"2,3",,4,"1,2,3",,"1,2",,"2,3",,"1,2",,5,,"1,2",,"1,4","2,5",,1,,3,,3,,1,,3,5,,5,,5,,3,,"2,3",,2,,"2,3",,5,,"1,2",,,,,,,,,,,,,,,,,,,,,,,,,,,,,,,,,,,,,,,,,,,,,,,,,,,,,,,,,,,,"1,2,5",,1,,"2,3",,3,,1,,4,5,,5,,5,,3,,"2,3",,2,,"2,3",,1,,"1,2",,,,,,,,,,,,,,,,,,,,,,,,,,,,,,,,,,,,,,,,,,,,,,,,,,,,,,,,,,,,Female,22,Student,4,2,,2,14158,"<span lang=""EN-GB"">Suppose
     you want to watch some video when you are with people you know (e.g.,
     acquaintances, colleagues) in a park.<o:p></o:p></span>"
10/30/2018 9:34,10/30/2018 9:37,0,24.111.179.50,100,170,1,10/30/2018 9:37,R_0qxGAYMaqLvlNYJ,,,,,47.90100098,-97.04460144,anonymous,EN,"1,2,4","3,4",,1,,1,,1,,4,,2,2,,"1,3",,2,"1,3",,"1,3",,"2,4",,1,,"1,2",,2,,,,,,,,,,,,,,,,,,,,,,,,,,,,,,,,,,,,,,,,,,,,,,,,,,,,,,,,,,,,,,,,,,,,,,,,,,,,,,,,,,,,,,,,,,,,,,,,,,,,,,,,,,,,,,,,,,,,,,,,,,,,,,,,,,,,,,,,,,,,,,,,,,,,,,,,,,,,,,,,,,,,,,,,,,,,,,,,,,,,,,,,47426,"<span lang=""EN-GB"">Suppose
     you want to set up a reminder about something when you are at Starbucks by
     yourself.<o:p></o:p></span>"
10/30/2018 9:28,10/30/2018 9:39,0,185.175.156.17,100,628,1,10/30/2018 9:39,R_3dWBsyGVEQATsdc,,,,,40.4651947,-74.23069763,anonymous,EN,"1,2,3,4,5,6",1,,2,,"1,2,3,4",,1,,1,,3,3,,"2,3",,1,"2,3,4",,2,,2,,2,,1,,"1,2",,,,,,,,,,,,,,,,,,,,,,,,,,,,,,,,,,,,,,,,,,,,,,,,,,,,,,,,,,,,,,,,,,,,,,,,,,,,,,,,,,,,,,,,,,,,,,,,,,,,,,,,,,,,,,,,,,,,,,,,,,,,,,,,,,,,,,,,,,,,,,,,,,,,,,,,,,,,,,,,,,,,,,,,,,,,,,,,,,,,,,,,26535,"<span lang=""EN-GB"">Suppose
     you want to find a route to home when you are at Starbucks with your close
     friends.<o:p></o:p></span>"
10/30/2018 9:55,10/30/2018 9:55,0,23.254.203.122,100,17,1,10/30/2018 9:55,R_1LMQss0YvDIyZi0,,,,,47.48890686,-122.3012009,anonymous,EN,3,,,,,,,,,,,,,,,,,,,,,,,,,,,,,,,,,,,,,,,,,,,,,,,,,,,,,,,,,,,,,,,,,,,,,,,,,,,,,,,,,,,,,,,,,,,,,,,,,,,,,,,,,,,,,,,,,,,,,,,,,,,,,,,,,,,,,,,,,,,,,,,,,,,,,,,,,,,,,,,,,,,,,,,,,,,,,,,,,,,,,,,,,,,,,,,,,,,,,,,,,,,,,,,,,,,61898,"<span lang=""EN-GB"">Suppose you want to call your mother for sharing an important
     update about your life when you are surrounded by people you know (e.g.,
     acquaintances, colleagues) at your home.<o:p></o:p></span>"
10/30/2018 9:54,10/30/2018 9:55,0,24.193.105.252,100,85,1,10/30/2018 9:55,R_Wec3yRc5FsNVgLT,,,,,40.7151947,-73.98770142,anonymous,EN,"1,2,4,6",1,,1,,3,,1,,2,,1,2,,2,,2,3,,1,,2,,1,,2,,2,,,,,,,,,,,,,,,,,,,,,,,,,,,,,,,,,,,,,,,,,,,,,,,,,,,,,,,,,,,,,,,,,,,,,,,,,,,,,,,,,,,,,,,,,,,,,,,,,,,,,,,,,,,,,,,,,,,,,,,,,,,,,,,,,,,,,,,,,,,,,,,,,,,,,,,,,,,,,,,,,,,,,,,,,,,,,,,,,,,,,,,,4291,"<span lang=""EN-GB"">Suppose you are alone and relaxing at home, you have just read a new book that&nbsp;</span>you loved and now you want a write a review for your close family and friends."
10/30/2018 9:55,10/30/2018 9:55,0,23.254.203.122,100,7,1,10/30/2018 9:55,R_27NjTPqIUr9QfWp,,,,,47.48890686,-122.3012009,anonymous,EN,2,,,,,,,,,,,,,,,,,,,,,,,,,,,,,,,,,,,,,,,,,,,,,,,,,,,,,,,,,,,,,,,,,,,,,,,,,,,,,,,,,,,,,,,,,,,,,,,,,,,,,,,,,,,,,,,,,,,,,,,,,,,,,,,,,,,,,,,,,,,,,,,,,,,,,,,,,,,,,,,,,,,,,,,,,,,,,,,,,,,,,,,,,,,,,,,,,,,,,,,,,,,,,,,,,,,80679,"<span lang=""EN-GB"">Suppose
     you want to listen to some audio when you are with people you know (e.g.,
     acquaintances, colleagues) at your home.<o:p></o:p></span>"
10/30/2018 9:56,10/30/2018 9:56,0,23.254.203.122,100,11,1,10/30/2018 9:56,R_2E0nUihZ1THYJ2x,,,,,47.48890686,-122.3012009,anonymous,EN,5,,,,,,,,,,,,,,,,,,,,,,,,,,,,,,,,,,,,,,,,,,,,,,,,,,,,,,,,,,,,,,,,,,,,,,,,,,,,,,,,,,,,,,,,,,,,,,,,,,,,,,,,,,,,,,,,,,,,,,,,,,,,,,,,,,,,,,,,,,,,,,,,,,,,,,,,,,,,,,,,,,,,,,,,,,,,,,,,,,,,,,,,,,,,,,,,,,,,,,,,,,,,,,,,,,,63177,"<span lang=""EN-GB"">Suppose
     you want to listen to some audio when you are alone at your home.<strong><o:p></o:p></strong></span>"
10/30/2018 9:56,10/30/2018 9:56,0,23.254.203.122,100,7,1,10/30/2018 9:56,R_33xyZM7oNZE37Os,,,,,47.48890686,-122.3012009,anonymous,EN,4,,,,,,,,,,,,,,,,,,,,,,,,,,,,,,,,,,,,,,,,,,,,,,,,,,,,,,,,,,,,,,,,,,,,,,,,,,,,,,,,,,,,,,,,,,,,,,,,,,,,,,,,,,,,,,,,,,,,,,,,,,,,,,,,,,,,,,,,,,,,,,,,,,,,,,,,,,,,,,,,,,,,,,,,,,,,,,,,,,,,,,,,,,,,,,,,,,,,,,,,,,,,,,,,,,,51799,"<span lang=""EN-GB"">Suppose
     you want to purchase something online when you are with people you are
     close to (e.g., friends, family members) at home.<o:p></o:p></span>"
10/30/2018 9:56,10/30/2018 9:56,0,23.254.203.122,100,6,1,10/30/2018 9:56,R_237fgUTkxTQPRVC,,,,,47.48890686,-122.3012009,anonymous,EN,6,,,,,,,,,,,,,,,,,,,,,,,,,,,,,,,,,,,,,,,,,,,,,,,,,,,,,,,,,,,,,,,,,,,,,,,,,,,,,,,,,,,,,,,,,,,,,,,,,,,,,,,,,,,,,,,,,,,,,,,,,,,,,,,,,,,,,,,,,,,,,,,,,,,,,,,,,,,,,,,,,,,,,,,,,,,,,,,,,,,,,,,,,,,,,,,,,,,,,,,,,,,,,,,,,,,1516,"Suppose you want to find a route to a coffee shop
     when you are at home with your by your colleagues<o:p></o:p>"
10/30/2018 9:56,10/30/2018 9:56,0,23.254.203.122,100,10,1,10/30/2018 9:56,R_2PzmQMlHX0mMU1m,,,,,47.48890686,-122.3012009,anonymous,EN,4,,,,,,,,,,,,,,,,,,,,,,,,,,,,,,,,,,,,,,,,,,,,,,,,,,,,,,,,,,,,,,,,,,,,,,,,,,,,,,,,,,,,,,,,,,,,,,,,,,,,,,,,,,,,,,,,,,,,,,,,,,,,,,,,,,,,,,,,,,,,,,,,,,,,,,,,,,,,,,,,,,,,,,,,,,,,,,,,,,,,,,,,,,,,,,,,,,,,,,,,,,,,,,,,,,,82939,"<span lang=""EN-GB"" style=""font-size:11.0pt;line-height:115%;
font-family:&quot;Arial&quot;,sans-serif;mso-fareast-font-family:Arial;mso-ansi-language:
EN-GB;mso-fareast-language:EN-US;mso-bidi-language:AR-SA"">Suppose you want to
read a digital document when you are at Starbucks surrounded with your close
friends.</span>"
10/30/2018 9:57,10/30/2018 9:57,0,23.254.203.122,100,11,1,10/30/2018 9:57,R_1rIbS0Y3xjZgQDn,,,,,47.48890686,-122.3012009,anonymous,EN,2,,,,,,,,,,,,,,,,,,,,,,,,,,,,,,,,,,,,,,,,,,,,,,,,,,,,,,,,,,,,,,,,,,,,,,,,,,,,,,,,,,,,,,,,,,,,,,,,,,,,,,,,,,,,,,,,,,,,,,,,,,,,,,,,,,,,,,,,,,,,,,,,,,,,,,,,,,,,,,,,,,,,,,,,,,,,,,,,,,,,,,,,,,,,,,,,,,,,,,,,,,,,,,,,,,,88174,"<span lang=""EN-GB"">Suppose
     you want to purchase something (e.g., book, household items) online when
     you are with your close friends at a park.<o:p></o:p></span>"
10/30/2018 9:57,10/30/2018 9:59,0,23.254.203.122,100,94,1,10/30/2018 9:59,R_3QQ9zncmhRwF6Nu,,,,,47.48890686,-122.3012009,anonymous,EN,"1,2,3,4,5,6",2,,1,,1,,1,,4,,3,2,,3,,2,2,,3,,3,,1,,2,,2,,,,,,,,,,,,,,,,,,,,,,,,,,,,,,,,,,,,,,,,,,,,,,,,,,,,,,,,,,,,,,,,,,,,,,,,,,,,,,,,,,,,,,,,,,,,,,,,,,,,,,,,,,,,,,,,,,,,,,,,,,,,,,,,,,,,,,,,,,,,,,,,,,,,,,,,,,,,,,,,,,,,,,,,,,,,,,,,,,,,,,,,27260,"<span lang=""EN-GB"">Suppose
     you want to call your mother for sharing an important update about your
     life&nbsp; when you are alone at a park<o:p></o:p></span>"
10/30/2018 10:00,10/30/2018 10:00,0,192.40.202.200,100,15,1,10/30/2018 10:00,R_2wMOZR7y00PEuzv,,,,,41.77659607,-71.43830109,anonymous,EN,"1,2",,,,,,,,,,,,,,,,,,,,,,,,,,,,,,,,,,,,,,,,,,,,,,,,,,,,,,,,,,,,,,,,,,,,,,,,,,,,,,,,,,,,,,,,,,,,,,,,,,,,,,,,,,,,,,,,,,,,,,,,,,,,,,,,,,,,,,,,,,,,,,,,,,,,,,,,,,,,,,,,,,,,,,,,,,,,,,,,,,,,,,,,,,,,,,,,,,,,,,,,,,,,,,,,,,,41258,"<span lang=""EN-GB"">Suppose it is a regular working day, you want to track the total amount of calories&nbsp;</span>you consume and burn off during the day.&nbsp;"
10/30/2018 10:00,10/30/2018 10:04,0,192.40.202.200,100,219,1,10/30/2018 10:04,R_A7kHbpoLzNc2LjX,,,,,41.77659607,-71.43830109,anonymous,EN,"1,2,4",2,,1,,"1,2,3",,3,,1,,3,"1,2,3",,"2,3",,"2,3","1,2,3",,"1,2",,3,,"1,2",,"1,2",,"1,2",,,,,,,,,,,,,,,,,,,,,,,,,,,,,,,,,,,,,,,,,,,,,,,,,,,,,,,,,,,,,,,,,,,,,,,,,,,,,,,,,,,,,,,,,,,,,,,,,,,,,,,,,,,,,,,,,,,,,,,,,,,,,,,,,,,,,,,,,,,,,,,,,,,,,,,,,,,,,,,,,,,,,,,,,,,,,,,,,,,,,,,,24779,"<span lang=""EN-GB"">Suppose
     you want to watch some video when you are alone at Starbucks.<o:p></o:p></span>"
10/30/2018 9:33,10/30/2018 10:05,0,174.225.134.143,100,1975,1,10/30/2018 10:05,R_1H8MmRbZYRkEfEs,,,,,40.79100037,-74.06340027,anonymous,EN,"1,2,4,5","2,4,5",,1,,"2,3",,3,,1,,3,2,,5,,3,"1,3",,"1,2",,"2,3",,"1,2",,1,,4,,"1,4","2,5",,1,,2,,3,,1,,4,5,,5,,5,,"1,2,3",,3,,"1,2",,3,,1,,"1,2",,,,,,,,,,,,,,,,,,,,,,,,,,,,,,,,,,,,,,,,,,,,,,,,,,,,,,,,,,,,"2,5",,5,,"2,3",,3,,1,,4,5,,5,,5,,3,,"2,3",,"1,2",,"2,3",,5,,4,,,,,,,,,,,,,,,,,,,,,,,,,,,,,,,,,,,,,,,,,,,,,,,,,,,,,,,,,,,,Female,34,Home maker,3,6,,5,54674,"<span lang=""EN-GB"">Suppose you want to read a digital document when you are in a park surrounded by your close friends.<o:p></o:p></span>"
10/23/2018 10:13,10/23/2018 10:13,0,68.61.124.201,1,9,0,10/30/2018 10:13,R_3hFTDqBDtqVhVM6,,,,,,,anonymous,EN,,,,,,,,,,,,,,,,,,,,,,,,,,,,,,,,,,,,,,,,,,,,,,,,,,,,,,,,,,,,,,,,,,,,,,,,,,,,,,,,,,,,,,,,,,,,,,,,,,,,,,,,,,,,,,,,,,,,,,,,,,,,,,,,,,,,,,,,,,,,,,,,,,,,,,,,,,,,,,,,,,,,,,,,,,,,,,,,,,,,,,,,,,,,,,,,,,,,,,,,,,,,,,,,,,,,24622,"<span lang=""EN-GB"">Suppose
     you want to watch some video when you are with people you know (e.g.,
     acquaintances, colleagues) at your home.<o:p></o:p></span>"
10/30/2018 10:06,10/30/2018 10:19,0,174.225.134.143,100,777,1,10/30/2018 10:19,R_1psSr6PZ3iLjgZD,,,,,40.79100037,-74.06340027,anonymous,EN,"2,3,4,5",2,,1,,"1,2,3",,3,,1,,1,3,,"2,3",,1,"1,2,3",,"1,2",,"2,3",,"1,2",,1,,4,,"3,4",,,,,,,,,,,,,,,,,,,,,,,,,,,,,,,,,,,,,,,,,,,,,,,,,,,,,,,,,,,2,,1,,"2,3",,3,,1,,1,5,,2,,2,,3,,"2,3",,"1,2",,"2,3",,1,,4,,2,,1,,3,,3,,1,,"1,2",5,,5,,5,,"1,2,3",,"2,3",,"1,2",,"2,3",,5,,4,,,,,,,,,,,,,,,,,,,,,,,,,,,,,,,,,,,,,,,,,,,,,,,,,,,,,,,,,,,,Female,60,Unemploymed,3,3,,3,1782,"<span lang=""EN-GB"">Suppose you want to browse through one of your social media profiles when you&nbsp;</span>are at your home."
10/21/2018 18:18,10/23/2018 10:22,0,174.208.23.91,78,144290,0,10/30/2018 10:23,R_2fqu0VEDeIgndlV,,,,,,,anonymous,EN,"1,2,4,6",,,,,,,,,,,,,,,,,,,,,,,,,,,,,,,,,,,,,,,,,,,,,,,,,,,,,,,,,,,,,,,,,,,,,,,,,,,,,,,,,,,,,,,,,,,,,,,,,,,,,,,,,,,,,,,,,,,,,,,,,,,,,,,,,,,,,,,,,,,,,,,,,,,,,,,,,,,,,,,,,,,,,,,,,,,,,,,,,,,,,,,,,,,,,,,,,,,,,,,,,,,,,,,,,,,77598,"<span lang=""EN-GB"">Suppose you are on a short vacation and you want to take a picture in front&nbsp;</span>of an iconic monument when you are surrounded by many people."
10/30/2018 10:21,10/30/2018 10:23,0,76.31.33.122,100,88,1,10/30/2018 10:23,R_5bwzulzseoEk6c1,,,,,29.74220276,-95.49030304,anonymous,EN,"1,2,6",3,,2,,4,,1,,4,,3,2,,3,,2,2,,1,,2,,1,,3,,2,,,,,,,,,,,,,,,,,,,,,,,,,,,,,,,,,,,,,,,,,,,,,,,,,,,,,,,,,,,,,,,,,,,,,,,,,,,,,,,,,,,,,,,,,,,,,,,,,,,,,,,,,,,,,,,,,,,,,,,,,,,,,,,,,,,,,,,,,,,,,,,,,,,,,,,,,,,,,,,,,,,,,,,,,,,,,,,,,,,,,,,,45350,"<span lang=""EN-GB"" style=""font-size:11.0pt;line-height:115%;
font-family:&quot;Arial&quot;,sans-serif;mso-fareast-font-family:Arial;mso-ansi-language:
EN-GB;mso-fareast-language:EN-US;mso-bidi-language:AR-SA"">Suppose you want to a
view a text message when you are alone at home</span>"
10/30/2018 10:24,10/30/2018 10:24,0,71.14.59.99,100,12,1,10/30/2018 10:24,R_sdH9Bbro28QPQGZ,,,,,33.17170715,-86.27130127,anonymous,EN,"1,2",,,,,,,,,,,,,,,,,,,,,,,,,,,,,,,,,,,,,,,,,,,,,,,,,,,,,,,,,,,,,,,,,,,,,,,,,,,,,,,,,,,,,,,,,,,,,,,,,,,,,,,,,,,,,,,,,,,,,,,,,,,,,,,,,,,,,,,,,,,,,,,,,,,,,,,,,,,,,,,,,,,,,,,,,,,,,,,,,,,,,,,,,,,,,,,,,,,,,,,,,,,,,,,,,,,32163,"<span lang=""EN-GB"">Suppose
     you want to read a digital document when you are alone at home.<strong><o:p></o:p></strong></span>"
10/30/2018 10:30,10/30/2018 10:30,0,107.178.44.216,100,18,1,10/30/2018 10:30,R_1q7LuZXT8XUPZat,,,,,37.75100708,-97.8219986,anonymous,EN,"2,4",,,,,,,,,,,,,,,,,,,,,,,,,,,,,,,,,,,,,,,,,,,,,,,,,,,,,,,,,,,,,,,,,,,,,,,,,,,,,,,,,,,,,,,,,,,,,,,,,,,,,,,,,,,,,,,,,,,,,,,,,,,,,,,,,,,,,,,,,,,,,,,,,,,,,,,,,,,,,,,,,,,,,,,,,,,,,,,,,,,,,,,,,,,,,,,,,,,,,,,,,,,,,,,,,,,54193,"<span lang=""EN-GB"">Suppose you want to browse the internet when you are alone at a restaurant.<o:p></o:p></span>"
10/30/2018 10:19,10/30/2018 10:37,0,174.225.134.143,100,1073,1,10/30/2018 10:37,R_YabOtJc5MvpFyRr,,,,,40.79100037,-74.06340027,anonymous,EN,"1,2,4,6","1,2",,5,,2,,3,,1,,1,5,,5,,1,"1,2,3",,"1,2",,"2,3",,"1,2",,5,,4,,"1,4","2,4",,5,,3,,3,,1,,1,"1,2,3",,5,,5,,"2,3",,3,,"1,2",,3,,5,,4,,,,,,,,,,,,,,,,,,,,,,,,,,,,,,,,,,,,,,,,,,,,,,,,,,,,,,,,,,,,"2,5",,1,,2,,1,,1,,1,5,,5,,5,,"1,2,3",,3,,2,,3,,5,,4,,,,,,,,,,,,,,,,,,,,,,,,,,,,,,,,,,,,,,,,,,,,,,,,,,,,,,,,,,,,Male,34,Customer representative,3,3,,2,3606,"<span lang=""EN-GB"">Suppose
     you want to purchase something online when you are alone at a park.<o:p></o:p></span>"
10/30/2018 10:46,10/30/2018 10:47,0,66.78.41.33,100,83,1,10/30/2018 10:47,R_2pJFTkkvuTIKsnY,,,,,43.63220215,-116.2052002,anonymous,EN,1,,,,,,,,,,,,,,,,,,,,,,,,,,,,,,,,,,,,,,,,,,,,,,,,,,,,,,,,,,,,,,,,,,,,,,,,,,,,,,,,,,,,,,,,,,,,,,,,,,,,,,,,,,,,,,,,,,,,,,,,,,,,,,,,,,,,,,,,,,,,,,,,,,,,,,,,,,,,,,,,,,,,,,,,,,,,,,,,,,,,,,,,,,,,,,,,,,,,,,,,,,,,,,,,,,,73942,"Suppose you are alone at home, you want to take a break from studying/working&nbsp;<p>so you decide to play a video game with some with some people you know (e.g., acquaintances, colleagues).<o:p></o:p></p>"
10/30/2018 10:47,10/30/2018 10:47,0,66.78.41.33,100,15,1,10/30/2018 10:47,R_2TGM3CYuexmypZD,,,,,43.63220215,-116.2052002,anonymous,EN,3,,,,,,,,,,,,,,,,,,,,,,,,,,,,,,,,,,,,,,,,,,,,,,,,,,,,,,,,,,,,,,,,,,,,,,,,,,,,,,,,,,,,,,,,,,,,,,,,,,,,,,,,,,,,,,,,,,,,,,,,,,,,,,,,,,,,,,,,,,,,,,,,,,,,,,,,,,,,,,,,,,,,,,,,,,,,,,,,,,,,,,,,,,,,,,,,,,,,,,,,,,,,,,,,,,,23746,"<span lang=""EN-GB"">Suppose you want to watch some video when you are with your close friends at Starbucks.<o:p></o:p></span>"
10/30/2018 10:48,10/30/2018 10:49,0,66.78.41.33,100,82,1,10/30/2018 10:49,R_2vcA7LPeRKf3lwx,,,,,43.63220215,-116.2052002,anonymous,EN,"1,2,3,4,5,6",2,,2,,2,,1,,3,,1,2,,2,,2,2,,1,,4,,3,,1,,2,,,,,,,,,,,,,,,,,,,,,,,,,,,,,,,,,,,,,,,,,,,,,,,,,,,,,,,,,,,,,,,,,,,,,,,,,,,,,,,,,,,,,,,,,,,,,,,,,,,,,,,,,,,,,,,,,,,,,,,,,,,,,,,,,,,,,,,,,,,,,,,,,,,,,,,,,,,,,,,,,,,,,,,,,,,,,,,,,,,,,,,,95971,"<span lang=""EN-GB"">Suppose you are at sitting in a park and you want to play a digital/online game&nbsp;</span>with some close friends."
10/30/2018 10:37,10/30/2018 10:49,0,174.225.134.143,100,732,1,10/30/2018 10:49,R_1ZK3SDyD8VpQBuV,,,,,40.79100037,-74.06340027,anonymous,EN,"1,2,4,6","2,5",,5,,"1,2,3",,3,,1,,"1,2,3",5,,5,,"1,2,3","1,2,3",,"1,2",,"2,3,4",,"1,2",,1,,4,,"1,4","3,5",,1,,"2,3",,3,,1,,4,5,,5,,5,,"2,3",,3,,"1,2",,3,,5,,"1,2",,,,,,,,,,,,,,,,,,,,,,,,,,,,,,,,,,,,,,,,,,,,,,,,,,,,,,,,,,,,"2,5",,1,,"2,3",,3,,1,,2,5,,5,,5,,3,,3,,"1,2",,3,,1,,4,,,,,,,,,,,,,,,,,,,,,,,,,,,,,,,,,,,,,,,,,,,,,,,,,,,,,,,,,,,,Male,34,Consultant,3,2,,3,45540,"Suppose you want to purchase something online when
     you are with people you know (e.g., acquaintances,
     colleagues) at a park.<o:p></o:p>"
10/30/2018 10:51,10/30/2018 10:59,0,174.225.134.143,100,490,1,10/30/2018 10:59,R_1jCxN2vUg7m7Y2j,,,,,40.79100037,-74.06340027,anonymous,EN,"1,2,3,4,5,6",2,,1,,"3,4",,3,,1,,1,5,,2,,1,"1,2,3",,"1,2",,"2,3",,"1,2",,5,,"1,2",,"2,4,6",,,,,,,,,,,,,,,,,,,,,,,,,,,,,,"1,2,3",,5,,"2,3,4",,1,,1,,1,5,,5,,5,,"2,3",,"2,3",,"1,2",,"2,3",,5,,1,,,,,,,,,,,,,,,,,,,,,,,,,,,,,,,"1,2",,1,,"2,3",,1,,1,,4,5,,5,,5,,"2,3",,"2,3",,"1,2",,"2,3",,1,,1,,,,,,,,,,,,,,,,,,,,,,,,,,,,,,,"1,2",,5,,"2,3",,3,,1,,1,5,,5,,5,,"2,3",,"2,3",,"1,2",,"2,3",,1,,4,,Male,47,Consultant,3,3,,3,47743,"<span lang=""EN-GB"">Suppose
     you want to listen to some audio when you are with your friends at
     Starbucks.<o:p></o:p></span>"
10/30/2018 11:04,10/30/2018 11:11,0,204.16.38.36,100,396,1,10/30/2018 11:11,R_WfG0O5TeVKKSUMN,,,,,39.12130737,-90.33380127,anonymous,EN,"2,3,4,6",2,,1,,"1,2",,1,,1,,"1,2","1,2,3",,"1,2,3",,"1,2","1,2,3",,"1,2",,"1,3",,"1,2",,"1,2,3",,"1,2",,2,,,,,,,,,,,,,,,,,,,,,,,,,,,,,,"2,5",,1,,"1,2",,1,,1,,1,"1,2",,1,,3,,"1,2,3",,"1,3",,2,,3,,1,,"1,2",,,,,,,,,,,,,,,,,,,,,,,,,,,,,,,,,,,,,,,,,,,,,,,,,,,,,,,,,,,,,,,,,,,,,,,,,,,,,,,,,,,,,,,,,,,,,,,,,,,,,,,,,,,,,,,,,,,,,,,,,,,,,37089,"<span lang=""EN-GB"">Suppose
     you want to set up a reminder when you with people you know (e.g.,
     acquaintances, colleagues) at a park.<o:p></o:p></span>"
10/30/2018 11:00,10/30/2018 11:14,0,174.225.134.143,100,842,1,10/30/2018 11:14,R_32Qp70SNukCXoFm,,,,,40.79100037,-74.06340027,anonymous,EN,"1,2,4,5,6",2,,5,,"2,3",,1,,1,,1,5,,5,,1,3,,"1,2",,"2,3",,"1,2",,5,,4,,6,,,,,,,,,,,,,,,,,,,,,,,,,,,,,,,,,,,,,,,,,,,,,,,,,,,,,,,,,,,,,,,,,,,,,,,,,,,,,,,,,,,,,,,,,,,,,,,,,,,,,,,,,,,,,,,,,,,,,,,,,,,,,,,,,,,,,,,,,,,,,,,,,,"1,2",,5,,"1,2,3",,3,,1,,4,5,,2,,2,,"2,3",,"2,3",,"1,2",,"2,3",,5,,4,,Female,45,Home maker,2,3,,5,63230,"<span lang=""EN-GB"">Suppose you want to a send a text message when you are alone at a street.<o:p></o:p></span>"
10/30/2018 11:21,10/30/2018 11:22,0,75.172.40.52,100,41,1,10/30/2018 11:22,R_1CwPOso8IpZgjhB,,,,,47.54130554,-122.3128967,anonymous,EN,"1,2",,,,,,,,,,,,,,,,,,,,,,,,,,,,,,,,,,,,,,,,,,,,,,,,,,,,,,,,,,,,,,,,,,,,,,,,,,,,,,,,,,,,,,,,,,,,,,,,,,,,,,,,,,,,,,,,,,,,,,,,,,,,,,,,,,,,,,,,,,,,,,,,,,,,,,,,,,,,,,,,,,,,,,,,,,,,,,,,,,,,,,,,,,,,,,,,,,,,,,,,,,,,,,,,,,,28053,"Suppose
     you want to call your mother for sharing an important update about your
     life when you are surrounded by people you
     know (e.g., acquaintances, colleagues) at a restaurant.<o:p></o:p>"
10/30/2018 11:15,10/30/2018 11:23,0,174.225.134.143,100,483,1,10/30/2018 11:23,R_2fHyt1l8JZWllQX,,,,,40.79100037,-74.06340027,anonymous,EN,"1,2,4,5,6","1,2,5",,5,,2,,3,,1,,4,5,,5,,4,"1,2,3",,"1,2",,"2,3",,"1,2",,5,,"1,2",,"1,4","2,3,5",,5,,"1,3",,1,,1,,4,3,,5,,5,,2,,"2,3",,2,,"2,3",,"1,3",,"1,2",,,,,,,,,,,,,,,,,,,,,,,,,,,,,,,,,,,,,,,,,,,,,,,,,,,,,,,,,,,,"2,5",,3,,"1,2,3",,1,,1,,4,5,,5,,5,,"1,3",,"2,3",,"1,2",,"2,3",,5,,"1,2",,,,,,,,,,,,,,,,,,,,,,,,,,,,,,,,,,,,,,,,,,,,,,,,,,,,,,,,,,,,Male,29,Software testing engineer,4,5,,4,16947,"<span style=""color: rgb(0, 0, 0); font-family: Times; font-size: medium;"">Suppose you want to watch some video when you are with people you know (e.g., acquaintances, colleagues) at Starbucks</span>"
10/30/2018 11:24,10/30/2018 11:28,0,174.225.134.143,100,226,1,10/30/2018 11:28,R_1prnoxso3u3AV3y,,,,,40.79100037,-74.06340027,anonymous,EN,"1,3,5,6","2,5",,3,,2,,1,,1,,4,5,,5,,4,"1,2",,"1,2",,"2,3",,"1,2",,3,,1,,"1,3",2,,1,,"1,3",,1,,1,,4,5,,5,,5,,"1,2",,3,,"1,2",,3,,5,,"1,2",,,,,,,,,,,,,,,,,,,,,,,,,,,,,,,4,,5,,3,,3,,1,,4,5,,5,,5,,2,,3,,2,,3,,3,,"1,2",,,,,,,,,,,,,,,,,,,,,,,,,,,,,,,,,,,,,,,,,,,,,,,,,,,,,,,,,,,,,,,,,,,,,,,,,,,,,,,,,,,,,,,,,Male,50,Consultant,4,2,,3,92820,"<span lang=""EN-GB"">Suppose
     you want to read a digital document) when you are at home with people you
     know (e.g., acquaintances, colleagues).<o:p></o:p></span>"
10/30/2018 11:29,10/30/2018 11:31,0,138.67.224.227,100,125,1,10/30/2018 11:31,R_WkS17KW5pskpgyJ,,,,,39.73049927,-105.1914978,anonymous,EN,"1,2,3,4,5,6",2,,2,,4,,1,,3,,4,3,,2,,3,5,DO NOT USE MY RESPONSES! THEY ARE ALL LIES!!!!!!!!!!,2,,"3,5", `,3,,3,,2,,,,,,,,,,,,,,,,,,,,,,,,,,,,,,,,,,,,,,,,,,,,,,,,,,,,,,,,,,,,,,,,,,,,,,,,,,,,,,,,,,,,,,,,,,,,,,,,,,,,,,,,,,,,,,,,,,,,,,,,,,,,,,,,,,,,,,,,,,,,,,,,,,,,,,,,,,,,,,,,,,,,,,,,,,,,,,,,,,,,,,,,15222,"Suppose you want to call your mother for sharing an important update about your life when you are surrounded with people you are close to (e.g., friends, family members)at your home."
10/30/2018 11:31,10/30/2018 11:32,0,66.169.138.220,100,72,1,10/30/2018 11:32,R_22YwSUP0QimOoXO,,,,,32.65260315,-97.37580109,anonymous,EN,1,,,,,,,,,,,,,,,,,,,,,,,,,,,,,,,,,,,,,,,,,,,,,,,,,,,,,,,,,,,,,,,,,,,,,,,,,,,,,,,,,,,,,,,,,,,,,,,,,,,,,,,,,,,,,,,,,,,,,,,,,,,,,,,,,,,,,,,,,,,,,,,,,,,,,,,,,,,,,,,,,,,,,,,,,,,,,,,,,,,,,,,,,,,,,,,,,,,,,,,,,,,,,,,,,,,50584,"<span lang=""EN-GB"">Suppose
     you want to a view a text message when you are surrounded by people you
     know (e.g., acquaintances, colleagues) at your home.<o:p></o:p></span>"
10/30/2018 11:42,10/30/2018 11:50,0,76.203.249.88,100,478,1,10/30/2018 11:50,R_3K3eFnIqpqQVlYd,,,,,42.53709412,-83.77559662,anonymous,EN,"1,2,4",5,,3,,2,,1,,1,,1,2,,2,,1,2,,2,,4,,2,,"1,2",,2,,1,5,,1,,2,,1,,1,,1,3,,3,,3,,3,,4,,2,,4,,"1,2",,2,,,,,,,,,,,,,,,,,,,,,,,,,,,,,,,,,,,,,,,,,,,,,,,,,,,,,,,,,,,,,,,,,,,,,,,,,,,,,,,,,,,,,,,,,,,,,,,,,,,,,,,,,,,,,,,,,,,,,,,,,,,,,,,,,,,,,,,,,,,,,,,,,,,male,43,Sales,5,1,,4,70044,"<span lang=""EN-GB"" style=""font-size:11.0pt;line-height:115%;
font-family:&quot;Arial&quot;,sans-serif;mso-fareast-font-family:Arial;mso-ansi-language:
EN-GB;mso-fareast-language:EN-US;mso-bidi-language:AR-SA"">Suppose you want to a
send a text message when you are alone at Starbucks.</span>"
10/30/2018 11:48,10/30/2018 11:51,0,24.48.210.194,100,160,1,10/30/2018 11:51,R_8HRJseN2crMvli9,,,,,18.50079346,-67.02429962,anonymous,EN,"1,2,3,4","1,2,5",,1,,"1,3",,1,,2,,1,"1,2",,"1,2",,"1,2","1,2,4",,"1,2",,"1,2",,2,,"1,3",,1,,,,,,,,,,,,,,,,,,,,,,,,,,,,,,,,,,,,,,,,,,,,,,,,,,,,,,,,,,,,,,,,,,,,,,,,,,,,,,,,,,,,,,,,,,,,,,,,,,,,,,,,,,,,,,,,,,,,,,,,,,,,,,,,,,,,,,,,,,,,,,,,,,,,,,,,,,,,,,,,,,,,,,,,,,,,,,,,,,,,,,,,79384,"<span lang=""EN-GB"" style=""font-size:11.0pt;line-height:115%;
font-family:&quot;Arial&quot;,sans-serif;mso-fareast-font-family:Arial;mso-ansi-language:
EN-GB;mso-fareast-language:EN-US;mso-bidi-language:AR-SA"">Suppose you want to browse the internet when you are alone at your home.</span>"
10/30/2018 12:09,10/30/2018 12:13,0,184.6.63.186,100,238,1,10/30/2018 12:13,R_1QypcmHGDv8x4HL,,,,,38.57730103,-92.24430084,anonymous,EN,"1,2,5","1,2,3",,"1,2",,6,,1,,3,,"2,3","1,2,3",,3,,4,2,,"1,2",,"2,3,4",,2,,1,,2,,,,,,,,,,,,,,,,,,,,,,,,,,,,,,,,,,,,,,,,,,,,,,,,,,,,,,,,,,,,,,,,,,,,,,,,,,,,,,,,,,,,,,,,,,,,,,,,,,,,,,,,,,,,,,,,,,,,,,,,,,,,,,,,,,,,,,,,,,,,,,,,,,,,,,,,,,,,,,,,,,,,,,,,,,,,,,,,,,,,,,,,26023,"<span lang=""EN-GB"">Suppose you have planned to meet a friend next week and you want to put this on your calendar when you are alone at Starbucks.<o:p></o:p></span>"
10/30/2018 12:25,10/30/2018 12:29,0,174.220.13.12,100,251,1,10/30/2018 12:29,R_24dbk30FRzTZRgi,,,,,42.71980286,-73.8207016,anonymous,EN,"1,2,5,6","2,3",,3,,"1,2,3",,1,,1,,1,5,,2,,1,"2,3",,"1,2",,3,,"1,2",,"1,3",,"1,2",,1,"2,3,4",,1,,"2,3",,3,,1,,4,5,,5,,5,,"2,3",,"2,3",,2,,"2,3",,1,,"1,2",,,,,,,,,,,,,,,,,,,,,,,,,,,,,,,,,,,,,,,,,,,,,,,,,,,,,,,,,,,,,,,,,,,,,,,,,,,,,,,,,,,,,,,,,,,,,,,,,,,,,,,,,,,,,,,,,,,,,,,,,,,,,,,,,,,,,,,,,,,,,,,,,,,Male ,50,Retired,5,1,,3,71230,"<span lang=""EN-GB"">Suppose you want to read a digital document when you are at a park.<o:p></o:p></span>"
10/30/2018 12:38,10/30/2018 12:41,0,174.220.13.12,100,157,1,10/30/2018 12:41,R_6XdB5GnX0tcEZBn,,,,,42.71980286,-73.8207016,anonymous,EN,"1,2,4",1,,1,,3,,"1,2",No,4,,1,2,,1,,4,2,,2,,"2,3",,2,,1,,1,,,,,,,,,,,,,,,,,,,,,,,,,,,,,,,,,,,,,,,,,,,,,,,,,,,,,,,,,,,,,,,,,,,,,,,,,,,,,,,,,,,,,,,,,,,,,,,,,,,,,,,,,,,,,,,,,,,,,,,,,,,,,,,,,,,,,,,,,,,,,,,,,,,,,,,,,,,,,,,,,,,,,,,,,,,,,,,,,,,,,,,,4738,"<span lang=""EN-GB"">Suppose
     you want to set up a reminder when you are at home with people you are
     close to (e.g., friends, family members).<strong><o:p></o:p></strong></span>"
10/30/2018 12:44,10/30/2018 12:45,0,193.37.252.93,100,47,1,10/30/2018 12:45,R_2q9J2rnOwrVC1sB,,,,,25.9098053,-80.38890076,anonymous,EN,3,,,,,,,,,,,,,,,,,,,,,,,,,,,,,,,,,,,,,,,,,,,,,,,,,,,,,,,,,,,,,,,,,,,,,,,,,,,,,,,,,,,,,,,,,,,,,,,,,,,,,,,,,,,,,,,,,,,,,,,,,,,,,,,,,,,,,,,,,,,,,,,,,,,,,,,,,,,,,,,,,,,,,,,,,,,,,,,,,,,,,,,,,,,,,,,,,,,,,,,,,,,,,,,,,,,26831,"<span lang=""EN-GB"">Suppose you want to watch some video when you are alone in a park.<o:p></o:p></span>"
10/30/2018 12:43,10/30/2018 12:45,0,103.114.36.199,100,142,1,10/30/2018 12:45,R_pQMPLBy44QupudH,,,,,23.72900391,90.41119385,anonymous,EN,"1,2,4,5,6","1,2,3,4",,"1,2,3",,"1,2,3,4",,1,,"1,2,3,4",,"2,3","1,2,3",,"1,2,3",,"1,2,3","1,2,3,4",,"1,2,3",,"1,2,3,4",,"1,2,3",,"1,2,3",,"1,2",,,,,,,,,,,,,,,,,,,,,,,,,,,,,,,,,,,,,,,,,,,,,,,,,,,,,,,,,,,,,,,,,,,,,,,,,,,,,,,,,,,,,,,,,,,,,,,,,,,,,,,,,,,,,,,,,,,,,,,,,,,,,,,,,,,,,,,,,,,,,,,,,,,,,,,,,,,,,,,,,,,,,,,,,,,,,,,,,,,,,,,,61072,"<span lang=""EN-GB"">Suppose
     you want to purchase something online when you are alone at your home.<o:p></o:p></span>"
10/30/2018 12:45,10/30/2018 12:46,0,193.37.252.93,100,75,1,10/30/2018 12:46,R_1Do1pIKfwbhNvWA,,,,,25.9098053,-80.38890076,anonymous,EN,"1,2,5",1,,2,,2,,1,,3,,3,2,,2,,2,3,,2,,3,,2,,2,,2,,,,,,,,,,,,,,,,,,,,,,,,,,,,,,,,,,,,,,,,,,,,,,,,,,,,,,,,,,,,,,,,,,,,,,,,,,,,,,,,,,,,,,,,,,,,,,,,,,,,,,,,,,,,,,,,,,,,,,,,,,,,,,,,,,,,,,,,,,,,,,,,,,,,,,,,,,,,,,,,,,,,,,,,,,,,,,,,,,,,,,,,2990,"<span lang=""EN-GB"">Suppose
     you want to purchase something online when you are alone at Starbucks.<o:p></o:p></span>"
10/30/2018 12:41,10/30/2018 12:46,0,174.220.13.12,100,313,1,10/30/2018 12:46,R_21gmpaz4IFHsu3n,,,,,42.71980286,-73.8207016,anonymous,EN,"1,2,4,5","1,2",,5,,1,,3,,1,,4,5,,5,,4,"1,2,3",,"1,2",,"2,3",,"1,2",,5,,4,,"1,4","2,4",,5,,2,,3,,1,,4,5,,5,,5,,"1,2,3",,3,,"1,2",,3,,1,,4,,,,,,,,,,,,,,,,,,,,,,,,,,,,,,,,,,,,,,,,,,,,,,,,,,,,,,,,,,,,"1,2,3",,3,,"2,3",,1,,1,,4,5,,5,,5,,3,,"2,3",,"1,2",,"2,3",,1,,4,,,,,,,,,,,,,,,,,,,,,,,,,,,,,,,,,,,,,,,,,,,,,,,,,,,,,,,,,,,,Male,60,Retired,4,1,,4,24651,"<span lang=""EN-GB"">Suppose
     you want to find a route to home when you are at Starbucks with people you
     know (e.g., acquaintances, colleagues).<o:p></o:p></span>"
10/30/2018 12:45,10/30/2018 12:47,0,103.114.36.199,100,90,1,10/30/2018 12:47,R_25SmDxHQvMCHCRl,,,,,23.72900391,90.41119385,anonymous,EN,"1,2,3,4,5",3,,2,,3,,3,,3,,2,1,,1,,1,2,,1,,2,,1,,1,,1,,,,,,,,,,,,,,,,,,,,,,,,,,,,,,,,,,,,,,,,,,,,,,,,,,,,,,,,,,,,,,,,,,,,,,,,,,,,,,,,,,,,,,,,,,,,,,,,,,,,,,,,,,,,,,,,,,,,,,,,,,,,,,,,,,,,,,,,,,,,,,,,,,,,,,,,,,,,,,,,,,,,,,,,,,,,,,,,,,,,,,,,31301,"<span lang=""EN-GB"">Suppose
     you have planned to meet a friend next week and you want put this on your
     calendar when you are alone at home<strong><o:p></o:p></strong></span>"
10/23/2018 13:01,10/23/2018 13:02,0,76.115.242.16,78,85,0,10/30/2018 13:02,R_yjRmojDLnmT4qhb,,,,,,,anonymous,EN,"1,2,4",,,,,,,,,,,,,,,,,,,,,,,,,,,,,,,,,,,,,,,,,,,,,,,,,,,,,,,,,,,,,,,,,,,,,,,,,,,,,,,,,,,,,,,,,,,,,,,,,,,,,,,,,,,,,,,,,,,,,,,,,,,,,,,,,,,,,,,,,,,,,,,,,,,,,,,,,,,,,,,,,,,,,,,,,,,,,,,,,,,,,,,,,,,,,,,,,,,,,,,,,,,,,,,,,,,79821,"<span lang=""EN-GB"">Suppose
     you want to a send a text message when you are with a very close friend at
     a restaurant&nbsp;<o:p></o:p></span>"
10/23/2018 13:08,10/23/2018 13:09,0,174.218.26.119,78,67,0,10/30/2018 13:10,R_33CNMfeJOqnZW9e,,,,,,,anonymous,EN,"1,2,3,4,5,6",,,,,,,,,,,,,,,,,,,,,,,,,,,,,,,,,,,,,,,,,,,,,,,,,,,,,,,,,,,,,,,,,,,,,,,,,,,,,,,,,,,,,,,,,,,,,,,,,,,,,,,,,,,,,,,,,,,,,,,,,,,,,,,,,,,,,,,,,,,,,,,,,,,,,,,,,,,,,,,,,,,,,,,,,,,,,,,,,,,,,,,,,,,,,,,,,,,,,,,,,,,,,,,,,,,20901,"<span lang=""EN-GB"">Suppose you want to browse the internet when you are at home with people you are close to (e.g., friends, family members)<strong><o:p></o:p></strong></span>"
10/23/2018 13:10,10/23/2018 13:11,0,74.252.18.2,1,7,0,10/30/2018 13:11,R_Qn4gi5CvAGijYvD,,,,,,,anonymous,EN,,,,,,,,,,,,,,,,,,,,,,,,,,,,,,,,,,,,,,,,,,,,,,,,,,,,,,,,,,,,,,,,,,,,,,,,,,,,,,,,,,,,,,,,,,,,,,,,,,,,,,,,,,,,,,,,,,,,,,,,,,,,,,,,,,,,,,,,,,,,,,,,,,,,,,,,,,,,,,,,,,,,,,,,,,,,,,,,,,,,,,,,,,,,,,,,,,,,,,,,,,,,,,,,,,,,66619,"<span lang=""EN-GB"">Suppose
     you want to listen to some audio when you with people you know (e.g.,
     acquaintances, colleagues) at Starbucks<o:p></o:p></span>"
10/22/2018 13:23,10/23/2018 13:22,0,73.226.185.204,78,86368,0,10/30/2018 13:22,R_3dLN3AlMQIUg8GZ,,,,,,,anonymous,EN,"2,3,4",,,,,,,,,,,,,,,,,,,,,,,,,,,,,,,,,,,,,,,,,,,,,,,,,,,,,,,,,,,,,,,,,,,,,,,,,,,,,,,,,,,,,,,,,,,,,,,,,,,,,,,,,,,,,,,,,,,,,,,,,,,,,,,,,,,,,,,,,,,,,,,,,,,,,,,,,,,,,,,,,,,,,,,,,,,,,,,,,,,,,,,,,,,,,,,,,,,,,,,,,,,,,,,,,,,40716,"<span lang=""EN-GB"">Suppose
     you want to a view a text message when you are surrounded by people you
     know (e.g., acquaintances, colleagues) at a restaurant.<o:p></o:p></span>"
10/23/2018 13:22,10/23/2018 13:25,0,99.3.173.170,78,212,0,10/30/2018 13:26,R_1r0rdOuJOwf2mxK,,,,,,,anonymous,EN,"1,2,3",,,,,,,,,,,,,,,,,,,,,,,,,,,,,,,,,,,,,,,,,,,,,,,,,,,,,,,,,,,,,,,,,,,,,,,,,,,,,,,,,,,,,,,,,,,,,,,,,,,,,,,,,,,,,,,,,,,,,,,,,,,,,,,,,,,,,,,,,,,,,,,,,,,,,,,,,,,,,,,,,,,,,,,,,,,,,,,,,,,,,,,,,,,,,,,,,,,,,,,,,,,,,,,,,,,27747,"<span lang=""EN-GB"">Suppose
     you want to set up a reminder when you are at a park by yourself.<o:p></o:p></span>"
10/30/2018 13:57,10/30/2018 13:57,0,70.178.20.235,100,21,1,10/30/2018 13:57,R_1ISBZX4QSvnDrY4,,,,,36.24169922,-93.10620117,anonymous,EN,"1,2",,,,,,,,,,,,,,,,,,,,,,,,,,,,,,,,,,,,,,,,,,,,,,,,,,,,,,,,,,,,,,,,,,,,,,,,,,,,,,,,,,,,,,,,,,,,,,,,,,,,,,,,,,,,,,,,,,,,,,,,,,,,,,,,,,,,,,,,,,,,,,,,,,,,,,,,,,,,,,,,,,,,,,,,,,,,,,,,,,,,,,,,,,,,,,,,,,,,,,,,,,,,,,,,,,,56362,"<span lang=""EN-GB"">Suppose
     you want to a send a text message when you are with a very close friend at
     a restaurant&nbsp;<o:p></o:p></span>"
10/30/2018 14:13,10/30/2018 14:17,0,174.214.11.74,100,292,1,10/30/2018 14:17,R_1BXHuDTyAJ8AhgB,,,,,37.40870667,-121.9405975,anonymous,EN,"1,2,3,6","2,3,4",,"1,3",,"1,2,3,4",,"1,2",simplicity,"1,3",,"2,3","1,2,3",,"1,3",,"1,3","1,2,3",,"1,2",,"2,3,6",,"1,2",,"1,2",,4,,,,,,,,,,,,,,,,,,,,,,,,,,,,,,,,,,,,,,,,,,,,,,,,,,,,,,,,,,,,,,,,,,,,,,,,,,,,,,,,,,,,,,,,,,,,,,,,,,,,,,,,,,,,,,,,,,,,,,,,,,,,,,,,,,,,,,,,,,,,,,,,,,,,,,,,,,,,,,,,,,,,,,,,,,,,,,,,,,,,,,,,68158,"<span lang=""EN-GB"">Suppose
     you want to take a click a photo when you are alone at home.<o:p></o:p></span>"
10/30/2018 14:08,10/30/2018 14:33,0,173.125.101.66,100,1459,1,10/30/2018 14:33,R_723uYqEBZi8pec9,,,,,33.49440002,-84.37969971,anonymous,EN,"1,2,3,4,6","1,2,3,4,5",,"1,2,3",,"1,2,3,4",,1,,"1,2",,"1,2,3","1,2,3",,"1,2,3",,"1,2,3","2,3,4",,"1,2,3",,"1,2,3,4",,"1,2,3",,"1,2,3",,"1,2",,4,,,,,,,,,,,,,,,,,,,,,,,,,,,,,,,,,,,,,,,,,,,,,,,,,,,,,,,,,,,,,,,,,,,,,,,,,,,,,,,,,,,,,,,,"1,2,3,4,5",,"1,2,3",,"1,2,3,4",,1,,"1,2",,"1,2,3","1,2,3",,"1,2,3",,"1,2,3",,"2,3,4",,"1,2,3,4",,"1,2,3",,"1,2,3,4",,"1,2,3",,"1,2",,,,,,,,,,,,,,,,,,,,,,,,,,,,,,,,,,,,,,,,,,,,,,,,,,,,,,,,,,,,Female ,36,Tech manager ,5,3,,2,83896,"<span lang=""EN-GB"">Suppose
     you want to purchase something online when you are with people you know
     (e.g., acquaintances, colleagues) at your home.<o:p></o:p></span>"
10/23/2018 14:35,10/23/2018 14:36,0,172.97.29.216,1,23,0,10/30/2018 14:36,R_3qaoOKkP0Du6AFa,,,,,,,anonymous,EN,,,,,,,,,,,,,,,,,,,,,,,,,,,,,,,,,,,,,,,,,,,,,,,,,,,,,,,,,,,,,,,,,,,,,,,,,,,,,,,,,,,,,,,,,,,,,,,,,,,,,,,,,,,,,,,,,,,,,,,,,,,,,,,,,,,,,,,,,,,,,,,,,,,,,,,,,,,,,,,,,,,,,,,,,,,,,,,,,,,,,,,,,,,,,,,,,,,,,,,,,,,,,,,,,,,,14865,"<span lang=""EN-GB"">Suppose
     you want to a view a text message when you are surrounded by people you
     know (e.g., acquaintances, colleagues) at your home.<o:p></o:p></span>"
10/23/2018 14:42,10/23/2018 14:46,0,98.168.17.8,88,261,0,10/30/2018 14:46,R_20MqAIKJEsZiuJx,,,,,,,anonymous,EN,"1,2,4",2,,5,,"1,2,3",,1,,1,,3,"1,2",,2,,3,3,,2,,"3,4",,2,,"1,3",,"1,2",,1,,,,,,,,,,,,,,,,,,,,,,,,,,,,,,,,,,,,,,,,,,,,,,,,,,,,,,,,,,,,,,,,,,,,,,,,,,,,,,,,,,,,,,,,,,,,,,,,,,,,,,,,,,,,,,,,,,,,,,,,,,,,,,,,,,,,,,,,,,,,,,,,,,,,,,,,,,,,,,,,,,,,,,,,,,,,,,,,,,,,,,33138,"<span lang=""EN-GB"">Suppose you are at home with people you are close to (e.g., friends, family members) when you realize today is the last day to pay one of your bills online.<o:p></o:p></span>"
10/23/2018 14:53,10/23/2018 14:53,0,75.129.255.11,78,19,0,10/30/2018 14:53,R_bxfQz1p7eZelceR,,,,,,,anonymous,EN,"1,2,3,4,5",,,,,,,,,,,,,,,,,,,,,,,,,,,,,,,,,,,,,,,,,,,,,,,,,,,,,,,,,,,,,,,,,,,,,,,,,,,,,,,,,,,,,,,,,,,,,,,,,,,,,,,,,,,,,,,,,,,,,,,,,,,,,,,,,,,,,,,,,,,,,,,,,,,,,,,,,,,,,,,,,,,,,,,,,,,,,,,,,,,,,,,,,,,,,,,,,,,,,,,,,,,,,,,,,,,34982,"<span lang=""EN-GB"">Suppose
     you want to purchase something (e.g., book, household items) online when
     you are with your close friends at a park.<o:p></o:p></span>"
10/30/2018 14:50,10/30/2018 14:56,0,70.59.71.94,100,345,1,10/30/2018 14:56,R_1dsJ762tojQESRP,,,,,44.97419739,-93.25849915,anonymous,EN,"1,2,3,4",2,,1,,"1,2",,1,,3,,"2,3","1,2",,1,,3,1,,2,,"1,2",,"1,2",,"1,2",,"1,2",,,,,,,,,,,,,,,,,,,,,,,,,,,,,,,,,,,,,,,,,,,,,,,,,,,,,,,,,,,,,,,,,,,,,,,,,,,,,,,,,,,,,,,,,,,,,,,,,,,,,,,,,,,,,,,,,,,,,,,,,,,,,,,,,,,,,,,,,,,,,,,,,,,,,,,,,,,,,,,,,,,,,,,,,,,,,,,,,,,,,,,,64764,"Suppose you want to purchase something (e.g., book,
     household items) online when you are with people
     you know (e.g., acquaintances, colleagues) at
     Starbucks.<o:p></o:p>"
10/23/2018 14:56,10/23/2018 14:57,0,73.91.141.70,78,62,0,10/30/2018 14:57,R_6RkG8OZ8qWeQqyZ,,,,,,,anonymous,EN,"1,2,3,6",,,,,,,,,,,,,,,,,,,,,,,,,,,,,,,,,,,,,,,,,,,,,,,,,,,,,,,,,,,,,,,,,,,,,,,,,,,,,,,,,,,,,,,,,,,,,,,,,,,,,,,,,,,,,,,,,,,,,,,,,,,,,,,,,,,,,,,,,,,,,,,,,,,,,,,,,,,,,,,,,,,,,,,,,,,,,,,,,,,,,,,,,,,,,,,,,,,,,,,,,,,,,,,,,,,52701,"<span lang=""EN-GB"">Suppose you want to browse the internet when you alone at a park.<o:p></o:p></span>"
10/22/2018 13:20,10/23/2018 15:01,0,192.254.109.206,78,92478,0,10/30/2018 15:01,R_1imy78jkcqFDbdb,,,,,,,anonymous,EN,"1,2,3,4",,,,,,,,,,,,,,,,,,,,,,,,,,,,,,,,,,,,,,,,,,,,,,,,,,,,,,,,,,,,,,,,,,,,,,,,,,,,,,,,,,,,,,,,,,,,,,,,,,,,,,,,,,,,,,,,,,,,,,,,,,,,,,,,,,,,,,,,,,,,,,,,,,,,,,,,,,,,,,,,,,,,,,,,,,,,,,,,,,,,,,,,,,,,,,,,,,,,,,,,,,,,,,,,,,,2031,"<span lang=""EN-GB"">Suppose
     you want to find a route to home when you are alone at Starbucks.<o:p></o:p></span>"
10/23/2018 14:57,10/23/2018 15:04,0,204.253.82.210,88,408,0,10/30/2018 15:05,R_UEASLuuDaOmr7RD,,,,,,,anonymous,EN,"1,2,3,4,5,6","1,2,4,5",,3,,"1,2,3,4",,1,,1,,"2,3","1,2,3",,"1,2,3",,"2,3","1,2,3,4",,"1,2,3",,"2,3,4",,"1,2,3",,"1,2,3",,"1,2",,"2,5",,,,,,,,,,,,,,,,,,,,,,,,,,,,,,,,,,,,,,,,,,,,,,,,,,,,,,,,,,,,,,,,,,,,,,,,,,,,,,,,,,,,,,,,,,,,,,,,,,,,,,,,,,,,,,,,,,,,,1,,5,,4,,1,,1,,4,5,,1,,1,,6,,2,,3,,2,,5,,2,,,,,,,,,,,,,,,,,,,,,,,,,,,,,,,,,,,,,,6031,"<span lang=""EN-GB"">Suppose you want to control some devices/appliances (e.g., smart lights) when you are alone at home.<o:p></o:p></span>"
10/30/2018 15:02,10/30/2018 15:10,0,73.246.66.215,100,473,1,10/30/2018 15:10,R_10TKGjWmGJSubxZ,,,,,41.50669861,-87.96309662,anonymous,EN,"1,2,4",7,,3,,2,,3,,1,,2,2,,3,,2,1,,2,,6,,2,,1,,1,,2,,,,,,,,,,,,,,,,,,,,,,,,,,,,,,2,,5,,2,,1,,1,,2,2,,5,,5,,1,,3,,2,,3,,1,,1,,,,,,,,,,,,,,,,,,,,,,,,,,,,,,,,,,,,,,,,,,,,,,,,,,,,,,,,,,,,,,,,,,,,,,,,,,,,,,,,,,,,,,,,,,,,,,,,,,,,,,,,,,,,,,,,,,,,,,female,54,Personal Care Assistant,4,7,Human,5,78013,"<span lang=""EN-GB"">Suppose you have planned to meet a friend next week and you want to put this on your calendar when you are surrounded with people you are close to (e.g., friends, family members) at your home.<strong><o:p></o:p></strong></span>"
10/23/2018 15:14,10/23/2018 15:15,0,75.128.183.238,78,21,0,10/30/2018 15:15,R_3fGLSi8rTDkGFhN,,,,,,,anonymous,EN,"1,2,3,4",,,,,,,,,,,,,,,,,,,,,,,,,,,,,,,,,,,,,,,,,,,,,,,,,,,,,,,,,,,,,,,,,,,,,,,,,,,,,,,,,,,,,,,,,,,,,,,,,,,,,,,,,,,,,,,,,,,,,,,,,,,,,,,,,,,,,,,,,,,,,,,,,,,,,,,,,,,,,,,,,,,,,,,,,,,,,,,,,,,,,,,,,,,,,,,,,,,,,,,,,,,,,,,,,,,80214,"<span lang=""EN-GB"">Suppose
     you want to a view a text message when you with people you know (e.g.,
     acquaintances, colleagues) at a street<strong>.</strong><o:p></o:p></span>"
10/23/2018 15:22,10/23/2018 15:22,0,72.92.25.56,1,22,0,10/30/2018 15:22,R_3KU4mvk9bKq3Mq6,,,,,,,anonymous,EN,,,,,,,,,,,,,,,,,,,,,,,,,,,,,,,,,,,,,,,,,,,,,,,,,,,,,,,,,,,,,,,,,,,,,,,,,,,,,,,,,,,,,,,,,,,,,,,,,,,,,,,,,,,,,,,,,,,,,,,,,,,,,,,,,,,,,,,,,,,,,,,,,,,,,,,,,,,,,,,,,,,,,,,,,,,,,,,,,,,,,,,,,,,,,,,,,,,,,,,,,,,,,,,,,,,,38726,"<span lang=""EN-GB"">Suppose
     you want to purchase something (e.g., book, household items) online when
     you are with your close friends at a park.<o:p></o:p></span>"
10/22/2018 18:13,10/23/2018 15:25,0,73.147.173.199,78,76319,0,10/30/2018 15:25,R_ODtM4TA0uNfpOBr,,,,,,,anonymous,EN,"1,2,4",,,,,,,,,,,,,,,,,,,,,,,,,,,,,,,,,,,,,,,,,,,,,,,,,,,,,,,,,,,,,,,,,,,,,,,,,,,,,,,,,,,,,,,,,,,,,,,,,,,,,,,,,,,,,,,,,,,,,,,,,,,,,,,,,,,,,,,,,,,,,,,,,,,,,,,,,,,,,,,,,,,,,,,,,,,,,,,,,,,,,,,,,,,,,,,,,,,,,,,,,,,,,,,,,,,52307,"<span lang=""EN-GB"">Suppose
     you want to watch some video when you are alone at Starbucks.<o:p></o:p></span>"
10/23/2018 15:27,10/23/2018 15:27,0,204.8.146.128,78,20,0,10/30/2018 15:27,R_eMewQzlND2JxqKd,,,,,,,anonymous,EN,"1,2,3,4",,,,,,,,,,,,,,,,,,,,,,,,,,,,,,,,,,,,,,,,,,,,,,,,,,,,,,,,,,,,,,,,,,,,,,,,,,,,,,,,,,,,,,,,,,,,,,,,,,,,,,,,,,,,,,,,,,,,,,,,,,,,,,,,,,,,,,,,,,,,,,,,,,,,,,,,,,,,,,,,,,,,,,,,,,,,,,,,,,,,,,,,,,,,,,,,,,,,,,,,,,,,,,,,,,,83516,"<span lang=""EN-GB"">Suppose you have planned to meet a friend next week and you want to put this on your calendar when you are alone at a park<o:p></o:p></span>"
10/30/2018 15:29,10/30/2018 15:29,0,73.92.238.143,100,17,1,10/30/2018 15:29,R_2lsexudida2VDTr,,,,,36.71029663,-121.6437988,anonymous,EN,"2,5",,,,,,,,,,,,,,,,,,,,,,,,,,,,,,,,,,,,,,,,,,,,,,,,,,,,,,,,,,,,,,,,,,,,,,,,,,,,,,,,,,,,,,,,,,,,,,,,,,,,,,,,,,,,,,,,,,,,,,,,,,,,,,,,,,,,,,,,,,,,,,,,,,,,,,,,,,,,,,,,,,,,,,,,,,,,,,,,,,,,,,,,,,,,,,,,,,,,,,,,,,,,,,,,,,,63850,"<span lang=""EN-GB"">Suppose you want to browse the internet when you are at home with people you know (e.g., acquaintances, colleagues).<o:p></o:p></span>"
10/30/2018 15:29,10/30/2018 15:30,0,24.175.68.0,100,60,1,10/30/2018 15:30,R_XSAk6PYuCuuvVfP,,,,,25.92210388,-97.4611969,anonymous,EN,"1,2,3","2,5",,1,,2,,1,,1,,1,"1,2",,3,,2,2,,1,,"1,3",,1,,1,,1,,,,,,,,,,,,,,,,,,,,,,,,,,,,,,,,,,,,,,,,,,,,,,,,,,,,,,,,,,,,,,,,,,,,,,,,,,,,,,,,,,,,,,,,,,,,,,,,,,,,,,,,,,,,,,,,,,,,,,,,,,,,,,,,,,,,,,,,,,,,,,,,,,,,,,,,,,,,,,,,,,,,,,,,,,,,,,,,,,,,,,,,79361,"<span lang=""EN-GB"">Suppose
     you want to watch some video when
     you are at home with people you are close to (e.g., friends, family
     members)<strong><o:p></o:p></strong></span>"
10/30/2018 15:29,10/30/2018 15:31,0,174.223.136.13,100,148,1,10/30/2018 15:31,R_11ZojYCyen03yrt,,,,,32.49949646,-86.3640976,anonymous,EN,"1,2,3,4,5,6","1,2",,1,,"1,3,4",,1,,1,,2,"1,2",,1,,2,1,,"1,2,3",,"2,3,4",,1,,1,,2,,,,,,,,,,,,,,,,,,,,,,,,,,,,,,,,,,,,,,,,,,,,,,,,,,,,,,,,,,,,,,,,,,,,,,,,,,,,,,,,,,,,,,,,,,,,,,,,,,,,,,,,,,,,,,,,,,,,,,,,,,,,,,,,,,,,,,,,,,,,,,,,,,,,,,,,,,,,,,,,,,,,,,,,,,,,,,,,,,,,,,,,18572,"<span lang=""EN-GB"">Suppose you are at home with people you are close to (e.g., friends, family members) when you realize today is the last day to pay one of your bills online.<o:p></o:p></span>"
10/23/2018 15:34,10/23/2018 15:34,0,67.171.239.216,1,12,0,10/30/2018 15:35,R_31Egot63TklHa5R,,,,,,,anonymous,EN,,,,,,,,,,,,,,,,,,,,,,,,,,,,,,,,,,,,,,,,,,,,,,,,,,,,,,,,,,,,,,,,,,,,,,,,,,,,,,,,,,,,,,,,,,,,,,,,,,,,,,,,,,,,,,,,,,,,,,,,,,,,,,,,,,,,,,,,,,,,,,,,,,,,,,,,,,,,,,,,,,,,,,,,,,,,,,,,,,,,,,,,,,,,,,,,,,,,,,,,,,,,,,,,,,,,34656,"<span lang=""EN-GB"">Suppose
     you want to read a digital document when you are alone at home.<strong><o:p></o:p></strong></span>"
10/30/2018 15:36,10/30/2018 15:36,0,172.88.19.93,100,12,1,10/30/2018 15:36,R_2CvufDMieuiGH7Y,,,,,34.20069885,-118.5391006,anonymous,EN,"1,2",,,,,,,,,,,,,,,,,,,,,,,,,,,,,,,,,,,,,,,,,,,,,,,,,,,,,,,,,,,,,,,,,,,,,,,,,,,,,,,,,,,,,,,,,,,,,,,,,,,,,,,,,,,,,,,,,,,,,,,,,,,,,,,,,,,,,,,,,,,,,,,,,,,,,,,,,,,,,,,,,,,,,,,,,,,,,,,,,,,,,,,,,,,,,,,,,,,,,,,,,,,,,,,,,,,15840,"<span lang=""EN-GB"">Suppose you want to watch some video when you are alone at your home.<strong><o:p></o:p></strong></span>"
10/23/2018 15:35,10/23/2018 15:36,0,158.121.180.60,78,39,0,10/30/2018 15:37,R_1FmPXDBMfQRQAUa,,,,,,,anonymous,EN,"1,2,3,5",,,,,,,,,,,,,,,,,,,,,,,,,,,,,,,,,,,,,,,,,,,,,,,,,,,,,,,,,,,,,,,,,,,,,,,,,,,,,,,,,,,,,,,,,,,,,,,,,,,,,,,,,,,,,,,,,,,,,,,,,,,,,,,,,,,,,,,,,,,,,,,,,,,,,,,,,,,,,,,,,,,,,,,,,,,,,,,,,,,,,,,,,,,,,,,,,,,,,,,,,,,,,,,,,,,16341,"<span lang=""EN-GB"">Suppose
     you want to a send a text message when you are alone at home<strong><o:p></o:p></strong></span>"
10/30/2018 15:36,10/30/2018 15:38,0,98.223.51.28,100,86,1,10/30/2018 15:38,R_21B15ymHK5K2fQ5,,,,,41.99299622,-87.75959778,anonymous,EN,"1,2,3,4","2,4",,"1,2",,"2,3,4",,1,,"2,4",,"2,3","1,2,3",,"1,2,3",,"2,3","2,3,4",,1,,"1,2,3,4",,"1,2",,"1,2",,"1,2",,,,,,,,,,,,,,,,,,,,,,,,,,,,,,,,,,,,,,,,,,,,,,,,,,,,,,,,,,,,,,,,,,,,,,,,,,,,,,,,,,,,,,,,,,,,,,,,,,,,,,,,,,,,,,,,,,,,,,,,,,,,,,,,,,,,,,,,,,,,,,,,,,,,,,,,,,,,,,,,,,,,,,,,,,,,,,,,,,,,,,,,23464,"<span lang=""EN-GB"">Suppose you are at sitting at Starbucks and you want to play a digital/online&nbsp;</span>game."
10/30/2018 15:39,10/30/2018 15:39,0,71.46.242.92,100,7,1,10/30/2018 15:39,R_3PFbKdQFdAhJbid,,,,,28.55589294,-81.35350037,anonymous,EN,3,,,,,,,,,,,,,,,,,,,,,,,,,,,,,,,,,,,,,,,,,,,,,,,,,,,,,,,,,,,,,,,,,,,,,,,,,,,,,,,,,,,,,,,,,,,,,,,,,,,,,,,,,,,,,,,,,,,,,,,,,,,,,,,,,,,,,,,,,,,,,,,,,,,,,,,,,,,,,,,,,,,,,,,,,,,,,,,,,,,,,,,,,,,,,,,,,,,,,,,,,,,,,,,,,,,4897,"<span lang=""EN-GB"">Suppose
     you want&nbsp; to a send a text message
     when you are walking with a very close friend on a street<o:p></o:p></span>"
10/30/2018 15:32,10/30/2018 15:40,0,97.86.24.210,100,494,1,10/30/2018 15:40,R_1UjotzYJVju8mt3,,,,,38.20030212,-92.66840363,anonymous,EN,"1,2,3","1,2,3,4",,5,,"1,2,3",,1,,1,,1,"1,2",,"1,2",,"2,3","2,3",,"1,2",,"1,2,3",,2,,1,,2,,,,,,,,,,,,,,,,,,,,,,,,,,,,,,,,,,,,,,,,,,,,,,,,,,,,,,,,,,,,,,,,,,,,,,,,,,,,,,,,,,,,,,,,,,,,,,,,,,,,,,,,,,,,,,,,,,,,,,,,,,,,,,,,,,,,,,,,,,,,,,,,,,,,,,,,,,,,,,,,,,,,,,,,,,,,,,,,,,,,,,,,50929,"<span lang=""EN-GB"">Suppose
     you want to set up a reminder about something when you are with people you
     know (e.g., acquaintances, colleagues) at Starbucks.<o:p></o:p></span>"
10/30/2018 15:32,10/30/2018 15:41,0,184.91.203.67,100,489,1,10/30/2018 15:41,R_331OVSl37POZ3ol,,,,,28.94549561,-80.89689636,anonymous,EN,"1,2,4,6","2,5",,1,,"1,2,3",,1,,1,,"2,3","1,2,3",,"1,2,3",,"2,3","2,3",,"1,2",,"1,3,4",,"1,2",,"1,2,3",,2,,"2,6",,,,,,,,,,,,,,,,,,,,,,,,,,,,,,"2,5",,1,,1,,1,,1,,1,"1,2,3",,5,,5,,2,,"1,3,4",,2,,"1,3,4",,"1,3",,4,,,,,,,,,,,,,,,,,,,,,,,,,,,,,,,,,,,,,,,,,,,,,,,,,,,,,,,,,,,,,,,,,,,,,,,,,,,,,,,,,,,,,,,,,"1,2",,5,,1,,1,,1,,4,"1,2,3",,5,,5,,6,,"3,4",,2,,"1,3,4",,"1,2",,4,,,,,,,,,58020,"<span lang=""EN-GB"">Suppose you have planned to meet a friend next week and you want to put this on your calendar when you are with a very close friend at a park.&nbsp;<o:p></o:p></span>"
10/21/2018 13:52,10/23/2018 15:43,0,107.77.223.85,78,179478,0,10/30/2018 15:43,R_27PSrji1Y26Pdri,,,,,,,anonymous,EN,"1,2,3,4",,,,,,,,,,,,,,,,,,,,,,,,,,,,,,,,,,,,,,,,,,,,,,,,,,,,,,,,,,,,,,,,,,,,,,,,,,,,,,,,,,,,,,,,,,,,,,,,,,,,,,,,,,,,,,,,,,,,,,,,,,,,,,,,,,,,,,,,,,,,,,,,,,,,,,,,,,,,,,,,,,,,,,,,,,,,,,,,,,,,,,,,,,,,,,,,,,,,,,,,,,,,,,,,,,,86778,"<span lang=""EN-GB"">Suppose you want to find a route to home while walking on a street.<o:p></o:p></span>"
10/30/2018 15:33,10/30/2018 15:44,0,104.235.142.49,100,615,1,10/30/2018 15:44,R_3MyQMak3EkAiPEn,,,,,37.72569275,-88.92939758,anonymous,EN,"1,2,4","1,2,5",,3,,"1,2,3",,1,,1,,3,"1,2,3",,"1,2,3",,3,"1,2,4",,"2,3",,"1,2,3,4",,"1,2,3",,"1,2,3",,2,,,,,,,,,,,,,,,,,,,,,,,,,,,,,,,,,,,,,,,,,,,,,,,,,,,,,,,,,,,,,,,,,,,,,,,,,,,,,,,,,,,,,,,,,,,,,,,,,,,,,,,,,,,,,,,,,,,,,,,,,,,,,,,,,,,,,,,,,,,,,,,,,,,,,,,,,,,,,,,,,,,,,,,,,,,,,,,,,,,,,,,,18992,"<span lang=""EN-GB"">Suppose you want to control some devices/appliances (e.g., smart lights) when you are alone at home.<o:p></o:p></span>"
10/30/2018 15:38,10/30/2018 15:44,0,47.220.23.57,100,344,1,10/30/2018 15:44,R_2B2NRwuAbKPqCft,,,,,30.3125,-95.45269775,anonymous,EN,"1,2,4","1,2,5",,"1,2,3",,"1,2",,1,,1,,"2,3","1,2,3",,1,,"2,3","1,4",,2,,"1,2,3,4",,"1,3",,"1,3",,1,,,,,,,,,,,,,,,,,,,,,,,,,,,,,,,,,,,,,,,,,,,,,,,,,,,,,,,,,,,,,,,,,,,,,,,,,,,,,,,,,,,,,,,,,,,,,,,,,,,,,,,,,,,,,,,,,,,,,,,,,,,,,,,,,,,,,,,,,,,,,,,,,,,,,,,,,,,,,,,,,,,,,,,,,,,,,,,,,,,,,,,,11911,"<span lang=""EN-GB"">Suppose you want to call your mother for sharing an important
     update about your life&nbsp; when you
     with people you know (e.g., acquaintances, colleagues) at a park<o:p></o:p></span>"
10/30/2018 15:43,10/30/2018 15:46,0,24.166.97.5,100,216,1,10/30/2018 15:46,R_1JUE8N3dl2nnZ0U,,,,,41.707901,-81.1989975,anonymous,EN,"1,2,3,6","1,2,3",,2,,"1,2",,1,,"2,3",,"2,3","1,2,3",,3,,"2,3",6,,1,,"2,4",,1,,2,,2,,2,,,,,,,,,,,,,,,,,,,,,,,,,,,,,,"1,2",,5,,1,,1,,2,,2,"1,2,3",,3,,1,,6,,2,,1,,2,,1,,2,,,,,,,,,,,,,,,,,,,,,,,,,,,,,,,,,,,,,,,,,,,,,,,,,,,,,,,,,,,,,,,,,,,,,,,,,,,,,,,,,,,,,,,,,,,,,,,,,,,,,,,,,,,,,,,,,,,,,,,,,,,,,16661,"<span lang=""EN-GB"">Suppose
     you want to find a route to home when you are alone at Starbucks.<o:p></o:p></span>"
10/20/2018 11:15,10/23/2018 15:46,0,24.38.162.250,78,275513,0,10/30/2018 15:47,R_WkhJmSWgUHQv55L,,,,,,,anonymous,EN,"1,2,3,4,6",,,,,,,,,,,,,,,,,,,,,,,,,,,,,,,,,,,,,,,,,,,,,,,,,,,,,,,,,,,,,,,,,,,,,,,,,,,,,,,,,,,,,,,,,,,,,,,,,,,,,,,,,,,,,,,,,,,,,,,,,,,,,,,,,,,,,,,,,,,,,,,,,,,,,,,,,,,,,,,,,,,,,,,,,,,,,,,,,,,,,,,,,,,,,,,,,,,,,,,,,,,,,,,,,,,64554,"<span lang=""EN-GB"">Suppose
     you want to watch some video when you are with your close friends in a
     park.<o:p></o:p></span>"
10/30/2018 15:44,10/30/2018 15:48,0,50.206.232.226,100,269,1,10/30/2018 15:48,R_2Cp77yTEPMnNT2i,,,,,42.00759888,-87.99310303,anonymous,EN,"1,2,3,4,6","2,4,5",,1,,2,,1,,1,,"2,3",3,,2,,3,"1,2,3",,"1,2",,"1,3",,"1,2",,1,,"1,2",,,,,,,,,,,,,,,,,,,,,,,,,,,,,,,,,,,,,,,,,,,,,,,,,,,,,,,,,,,,,,,,,,,,,,,,,,,,,,,,,,,,,,,,,,,,,,,,,,,,,,,,,,,,,,,,,,,,,,,,,,,,,,,,,,,,,,,,,,,,,,,,,,,,,,,,,,,,,,,,,,,,,,,,,,,,,,,,,,,,,,,,34398,"<span lang=""EN-GB"">Suppose you want to read a digital document when you are at Starbucks with people you know (e.g., acquaintances, colleagues).<o:p></o:p></span>"
10/30/2018 15:50,10/30/2018 15:51,0,97.120.95.216,100,26,1,10/30/2018 15:51,R_3qR5HBZiFUxp8kK,,,,,45.54110718,-122.5565948,anonymous,EN,3,,,,,,,,,,,,,,,,,,,,,,,,,,,,,,,,,,,,,,,,,,,,,,,,,,,,,,,,,,,,,,,,,,,,,,,,,,,,,,,,,,,,,,,,,,,,,,,,,,,,,,,,,,,,,,,,,,,,,,,,,,,,,,,,,,,,,,,,,,,,,,,,,,,,,,,,,,,,,,,,,,,,,,,,,,,,,,,,,,,,,,,,,,,,,,,,,,,,,,,,,,,,,,,,,,,35869,"<span lang=""EN-GB"">Suppose
     you want to listen to some audio when you are alone at Starbucks.<o:p></o:p></span>"
10/30/2018 15:43,10/30/2018 15:54,0,75.112.225.5,100,664,1,10/30/2018 15:54,R_RsKu4c9hohbF9Pr,,,,,39.95610046,-86.27670288,anonymous,EN,"1,2,3,4",2,,1,,"1,3",,1,,1,,3,2,,3,,3,3,,2,,1,,2,,5,,4,,2,,,,,,,,,,,,,,,,,,,,,,,,,,,,,,2,,1,,3,,1,,1,,4,1,,1,,5,,3,,"1,2",,2,,"1,2",,5,,4,,,,,,,,,,,,,,,,,,,,,,,,,,,,,,,,,,,,,,,,,,,,,,,,,,,,,,,,,,,,,,,,,,,,,,,,,,,,,,,,,,,,,,,,,,,,,,,,,,,,,,,,,,,,,,,,,,,,,,,,,,,,,18130,"<span lang=""EN-GB"">Suppose
     you want to a view a text message
     when you are walking with a very close friend on a street<o:p></o:p></span>"
10/23/2018 15:47,10/23/2018 15:53,0,207.255.18.1,88,406,0,10/30/2018 15:54,R_1GZbIXHvllKltnL,,,,,,,anonymous,EN,"1,2,3,4,5",1,,2,,2,,1,,1,,2,3,,1,,2,2,,1,,6,,1,,1,,4,,"1,2,4",,,,,,,,,,,,,,,,,,,,,,,,,,,,,,1,,3,,1,,1,,1,,2,1,,2,,2,,2,,2,,1,,2,,2,,2,,,,,,,,,,,,,,,,,,,,,,,,,,,,,,,2,,1,,2,,1,,2,,1,1,,2,,2,,2,,1,,1,,3,,2,,2,,,,,,,,,,,,,,,,,,,,,,,,,,,,,,,,,,,,,,,,,,,,,,,,,,,,,,,,,,,,,,,,,,,21819,"<span lang=""EN-GB"">Suppose
     you want to read a digital document when you are at Starbucks.<o:p></o:p></span>"
10/23/2018 15:55,10/23/2018 15:59,0,204.197.150.154,88,256,0,10/30/2018 16:00,R_3foWQ7tv0K7LBZ8,,,,,,,anonymous,EN,"1,2,3,4",1,,5,,"1,2,4",,3,,1,,"2,3","1,2",,1,,"2,3",4,,3,,"1,2",,3,,1,,4,,1,,,,,,,,,,,,,,,,,,,,,,,,,,,,,,,,,,,,,,,,,,,,,,,,,,,,,,,,,,,,,,,,,,,,,,,,,,,,,,,,,,,,,,,,,,,,,,,,,,,,,,,,,,,,,,,,,,,,,,,,,,,,,,,,,,,,,,,,,,,,,,,,,,,,,,,,,,,,,,,,,,,,,,,,,,,,,,,,,,,,,,97462,"<span lang=""EN-GB"">Suppose you are at home with people you are close to (e.g., friends, family members) when you realize today is the last day to pay one of your bills online.<o:p></o:p></span>"
10/19/2018 16:30,10/23/2018 16:00,0,173.20.80.208,78,343840,0,10/30/2018 16:02,R_24deOBoja8jMPQ6,,,,,,,anonymous,EN,"1,2,3,4,5",,,,,,,,,,,,,,,,,,,,,,,,,,,,,,,,,,,,,,,,,,,,,,,,,,,,,,,,,,,,,,,,,,,,,,,,,,,,,,,,,,,,,,,,,,,,,,,,,,,,,,,,,,,,,,,,,,,,,,,,,,,,,,,,,,,,,,,,,,,,,,,,,,,,,,,,,,,,,,,,,,,,,,,,,,,,,,,,,,,,,,,,,,,,,,,,,,,,,,,,,,,,,,,,,,,12155,"<span lang=""EN-GB"">Suppose you are at sitting in a park and you want to play a digital/online game&nbsp;</span>with some close friends."
10/30/2018 16:03,10/30/2018 16:04,0,70.15.32.193,100,11,1,10/30/2018 16:04,R_24wsxwsKLr5SboC,,,,,40.52929688,-75.50099945,anonymous,EN,"1,2",,,,,,,,,,,,,,,,,,,,,,,,,,,,,,,,,,,,,,,,,,,,,,,,,,,,,,,,,,,,,,,,,,,,,,,,,,,,,,,,,,,,,,,,,,,,,,,,,,,,,,,,,,,,,,,,,,,,,,,,,,,,,,,,,,,,,,,,,,,,,,,,,,,,,,,,,,,,,,,,,,,,,,,,,,,,,,,,,,,,,,,,,,,,,,,,,,,,,,,,,,,,,,,,,,,8738,"<span lang=""EN-GB"">Suppose you want to browse the internet when you are at home with people you are close to (e.g., friends, family members)<strong><o:p></o:p></strong></span>"
10/30/2018 16:06,10/30/2018 16:06,0,73.110.42.79,100,31,1,10/30/2018 16:06,R_28UtuNzSxXGOyto,,,,,41.86610413,-88.06479645,anonymous,EN,"1,2",,,,,,,,,,,,,,,,,,,,,,,,,,,,,,,,,,,,,,,,,,,,,,,,,,,,,,,,,,,,,,,,,,,,,,,,,,,,,,,,,,,,,,,,,,,,,,,,,,,,,,,,,,,,,,,,,,,,,,,,,,,,,,,,,,,,,,,,,,,,,,,,,,,,,,,,,,,,,,,,,,,,,,,,,,,,,,,,,,,,,,,,,,,,,,,,,,,,,,,,,,,,,,,,,,,54358,"<span lang=""EN-GB"">Suppose
     you want to set up a reminder when you with people you know (e.g.,
     acquaintances, colleagues) at a park.<o:p></o:p></span>"
10/30/2018 16:11,10/30/2018 16:11,0,107.208.243.132,100,16,1,10/30/2018 16:11,R_79bfNQCofn43SuZ,,,,,31.83830261,-106.5363998,anonymous,EN,1,,,,,,,,,,,,,,,,,,,,,,,,,,,,,,,,,,,,,,,,,,,,,,,,,,,,,,,,,,,,,,,,,,,,,,,,,,,,,,,,,,,,,,,,,,,,,,,,,,,,,,,,,,,,,,,,,,,,,,,,,,,,,,,,,,,,,,,,,,,,,,,,,,,,,,,,,,,,,,,,,,,,,,,,,,,,,,,,,,,,,,,,,,,,,,,,,,,,,,,,,,,,,,,,,,,13479,"<span lang=""EN-GB"">Suppose you want to find a route to home while walking on a street with your close friends.<o:p></o:p></span>"
10/30/2018 16:08,10/30/2018 16:12,0,74.242.161.109,100,233,1,10/30/2018 16:12,R_1N4SnEoZkedO0rR,,,,,35.42689514,-88.63980103,anonymous,EN,"1,2,3",4,,5,,5,none,1,,6,,2,"1,2",,4,none,4,6,,4,none,7,,4,none,1,,3,none,,,,,,,,,,,,,,,,,,,,,,,,,,,,,,,,,,,,,,,,,,,,,,,,,,,,,,,,,,,,,,,,,,,,,,,,,,,,,,,,,,,,,,,,,,,,,,,,,,,,,,,,,,,,,,,,,,,,,,,,,,,,,,,,,,,,,,,,,,,,,,,,,,,,,,,,,,,,,,,,,,,,,,,,,,,,,,,,,,,,,,,22818,"<span lang=""EN-GB"" style=""font-size:11.0pt;line-height:115%;
font-family:&quot;Arial&quot;,sans-serif;mso-fareast-font-family:Arial;mso-ansi-language:
EN-GB;mso-fareast-language:EN-US;mso-bidi-language:AR-SA"">Suppose you want to a
send a text message when you are alone at Starbucks.</span>"
10/23/2018 16:12,10/23/2018 16:14,0,98.231.225.246,78,70,0,10/30/2018 16:18,R_3COCZUlpZfsNSig,,,,,,,anonymous,EN,"1,2,5",,,,,,,,,,,,,,,,,,,,,,,,,,,,,,,,,,,,,,,,,,,,,,,,,,,,,,,,,,,,,,,,,,,,,,,,,,,,,,,,,,,,,,,,,,,,,,,,,,,,,,,,,,,,,,,,,,,,,,,,,,,,,,,,,,,,,,,,,,,,,,,,,,,,,,,,,,,,,,,,,,,,,,,,,,,,,,,,,,,,,,,,,,,,,,,,,,,,,,,,,,,,,,,,,,,40472,"<span lang=""EN-GB"">Suppose
     you want to call your mother for sharing an important update about your
     life when you are with a very close friend at a restaurant&nbsp;<o:p></o:p></span>"
10/30/2018 16:12,10/30/2018 16:25,0,71.176.70.228,100,760,1,10/30/2018 16:25,R_9AKI33gBDDXAT6x,,,,,43.03540039,-76.12819672,anonymous,EN,"3,4,5,6","2,3,5",,5,,3,,1,,1,,4,5,,5,,4,3,,"1,2",,3,,"1,2",,5,,4,,4,,,,,,,,,,,,,,,,,,,,,,,,,,,,,,,,,,,,,,,,,,,,,,,,,,,,,,,,,,,,,,,,,,,,,,,,,,,,,,,,,,,,,,,,"2,3",,1,,3,,3,,1,,4,5,,5,,5,,"1,3",,3,,2,,3,,5,,4,,,,,,,,,,,,,,,,,,,,,,,,,,,,,,,,,,,,,,,,,,,,,,,,,,,,,,,,,,,,female,34,Barista,3,3,,3,85149,"<span lang=""EN-GB"">Suppose you want to read a digital document when you are in a park with people you know (e.g., acquaintances, colleagues).<o:p></o:p></span>"
10/23/2018 16:17,10/23/2018 16:23,0,99.61.181.109,88,358,0,10/30/2018 16:27,R_3oYNz9c9Dju8oLG,,,,,,,anonymous,EN,"1,2,4",7,,3,,"1,2",,1,,1,,3,5,,5,,3,"1,2",,"1,2",,6,,"1,2",,"1,2",,1,,"2,4",,,,,,,,,,,,,,,,,,,,,,,,,,,,,,,,,,,,,,,,,,,,,,,,,,,,,,,,,,,,,,,,,,,,,,,,,,,,,,,,,,,,,,,,,,,,,,,,,,,,,,,,,,,,,,,,,,,,,,,,,,,,,,,,,,,,,,,,,,,,,,,,,,,,,,,,,,,,,,,,,,,,,,,,,,,,,,,,,,,,,,72190,"<span lang=""EN-GB"">Suppose
     you want to listen to some audio when you are with your close friends in a
     park.<o:p></o:p></span>"
10/30/2018 16:27,10/30/2018 16:31,0,71.176.70.228,100,252,1,10/30/2018 16:31,R_28YFLQO6uft3RYQ,,,,,43.03540039,-76.12819672,anonymous,EN,"1,2,3,4,5,6","1,2,3,4,5",,3,,"1,3",,1,,1,,3,5,,5,,3,3,,"1,2",,"2,3",,"1,2",,5,,"1,2",,"1,4","2,5",,1,,"1,3",,1,,1,,4,5,,5,,5,,"1,2,3",,"2,3",,"1,2",,"2,3",,1,,4,,,,,,,,,,,,,,,,,,,,,,,,,,,,,,,,,,,,,,,,,,,,,,,,,,,,,,,,,,,,"2,3",,1,,3,,1,,1,,4,5,,5,,5,,"1,3",,3,,2,,3,,5,,"1,2",,,,,,,,,,,,,,,,,,,,,,,,,,,,,,,,,,,,,,,,,,,,,,,,,,,,,,,,,,,,male,20,student,3,1,,2,17646,"<span lang=""EN-GB"">Suppose
     you want to watch some video when you are with your close friends in a
     park.<o:p></o:p></span>"
10/23/2018 16:26,10/23/2018 16:27,0,73.93.106.216,1,7,0,10/30/2018 16:33,R_3PYQVr5rWmOokbk,,,,,,,anonymous,EN,,,,,,,,,,,,,,,,,,,,,,,,,,,,,,,,,,,,,,,,,,,,,,,,,,,,,,,,,,,,,,,,,,,,,,,,,,,,,,,,,,,,,,,,,,,,,,,,,,,,,,,,,,,,,,,,,,,,,,,,,,,,,,,,,,,,,,,,,,,,,,,,,,,,,,,,,,,,,,,,,,,,,,,,,,,,,,,,,,,,,,,,,,,,,,,,,,,,,,,,,,,,,,,,,,,,91637,"<span lang=""EN-GB"">Suppose you want to control some devices/appliances (e.g., smart lights) when you are alone at home.<o:p></o:p></span>"
10/23/2018 16:30,10/23/2018 16:31,0,70.191.114.5,1,17,0,10/30/2018 16:33,R_2AKKtPk2LZzSEka,,,,,,,anonymous,EN,,,,,,,,,,,,,,,,,,,,,,,,,,,,,,,,,,,,,,,,,,,,,,,,,,,,,,,,,,,,,,,,,,,,,,,,,,,,,,,,,,,,,,,,,,,,,,,,,,,,,,,,,,,,,,,,,,,,,,,,,,,,,,,,,,,,,,,,,,,,,,,,,,,,,,,,,,,,,,,,,,,,,,,,,,,,,,,,,,,,,,,,,,,,,,,,,,,,,,,,,,,,,,,,,,,,53802,"<span lang=""EN-GB"" style=""font-size:11.0pt;line-height:115%;
font-family:&quot;Arial&quot;,sans-serif;mso-fareast-font-family:Arial;mso-ansi-language:
EN-GB;mso-fareast-language:EN-US;mso-bidi-language:AR-SA"">Suppose you want to
find a route to a coffee shop when you are alone at home.</span>"
10/30/2018 16:36,10/30/2018 16:41,0,24.247.53.56,100,300,1,10/30/2018 16:41,R_3nORklVuon3m96I,,,,,42.05290222,-83.37550354,anonymous,EN,"1,2,3","1,2",,"1,3",,"1,2,3,4",,1,,1,,"1,2,3","1,2,3",,"1,2,3",,"1,2,3","1,2,3",,"1,2",,"1,3,4",,"1,2",,"1,2,3",,"1,2",,1,"2,3,4,5",,"2,3",,"1,2,3,4",,1,,1,,"2,3","1,2,3",,"1,2",,"1,2",,"1,2,3",,"1,3,4",,"1,2",,"1,2,3,4",,"1,2,3",,"1,2",,,,,,,,,,,,,,,,,,,,,,,,,,,,,,,,,,,,,,,,,,,,,,,,,,,,,,,,,,,,,,,,,,,,,,,,,,,,,,,,,,,,,,,,,,,,,,,,,,,,,,,,,,,,,,,,,,,,,,,,,,,,,,,,,,,,,,,,,,,,,,,,,,,,,,,,,,33876,"<span lang=""EN-GB"">Suppose
     you want to read a digital document when you are at Starbucks.<o:p></o:p></span>"
10/30/2018 16:34,10/30/2018 16:42,0,71.176.70.228,100,463,1,10/30/2018 16:42,R_2xLbkKUlpBPZhrd,,,,,43.03540039,-76.12819672,anonymous,EN,"1,2,3,4,5,6",4,,5,,"3,4",,1,,"2,3",,"1,2",5,,5,,"1,2","3,4",,"2,3",,"2,3",,"2,3",,"1,2,3",,4,,"1,3,4,5","1,2,3,4",,3,,"2,3",,3,,1,,4,5,,5,,5,,"1,3",,"2,3",,2,,"2,3",,5,,4,,,,,,,,,,,,,,,,,,,,,,,,,,,,,,,4,,5,,"1,3",,3,,1,,2,5,,5,,5,,"1,2,3",,3,,"1,2",,3,,5,,"1,2",,"2,3",,1,,"1,2,4",,1,,1,,4,5,,5,,5,,"2,3",,"2,3",,2,,"2,3",,5,,"1,2",,1,,5,,4,,1,,"3,4",,2,5,,5,,5,,4,,2,,3,,2,,2,,4,,,,,,,,,,,,,,,,,,,,,,,,,,,,,,,female,22,student,4,2,,3,13625,"<span lang=""EN-GB"">Suppose
     you want to read a digital document) when you are at home with people you
     know (e.g., acquaintances, colleagues).<o:p></o:p></span>"
10/30/2018 16:48,10/30/2018 16:48,0,185.17.205.135,100,26,1,10/30/2018 16:48,R_2D62nXHF33gul7A,,,,,48.1499939,11.58329773,anonymous,EN,"1,2",,,,,,,,,,,,,,,,,,,,,,,,,,,,,,,,,,,,,,,,,,,,,,,,,,,,,,,,,,,,,,,,,,,,,,,,,,,,,,,,,,,,,,,,,,,,,,,,,,,,,,,,,,,,,,,,,,,,,,,,,,,,,,,,,,,,,,,,,,,,,,,,,,,,,,,,,,,,,,,,,,,,,,,,,,,,,,,,,,,,,,,,,,,,,,,,,,,,,,,,,,,,,,,,,,,45072,"<span lang=""EN-GB"">Suppose
     you want to a view a text message when you are with a very close friend at
     a restaurant&nbsp;<o:p></o:p></span>"
10/30/2018 16:46,10/30/2018 16:50,0,71.176.70.228,100,186,1,10/30/2018 16:50,R_32WoczPUZet2Gwn,,,,,43.03540039,-76.12819672,anonymous,EN,"1,2,3,4,5","1,2",,5,,"2,3",,3,,1,,1,5,,5,,1,3,,"1,2",,"1,2",,"1,2",,1,,4,,"2,4",,,,,,,,,,,,,,,,,,,,,,,,,,,,,,1,,5,,2,,1,,1,,1,5,,5,,5,,3,,"1,2",,2,,"1,2",,5,,4,,,,,,,,,,,,,,,,,,,,,,,,,,,,,,,"2,3",,5,,4,,3,,1,,4,5,,5,,5,,"1,3",,2,,2,,2,,5,,1,,,,,,,,,,,,,,,,,,,,,,,,,,,,,,,,,,,,,,,,,,,,,,,,,,,,,,,,,,,,female,55,home maker,2,2,,3,33132,"<span lang=""EN-GB"">Suppose you want to set up a reminder when you are at a park with close friends.<o:p></o:p></span>"
10/23/2018 17:10,10/23/2018 17:10,0,73.110.46.165,1,10,0,10/30/2018 17:10,R_1LbXKQqADCSmVHZ,,,,,,,anonymous,EN,,,,,,,,,,,,,,,,,,,,,,,,,,,,,,,,,,,,,,,,,,,,,,,,,,,,,,,,,,,,,,,,,,,,,,,,,,,,,,,,,,,,,,,,,,,,,,,,,,,,,,,,,,,,,,,,,,,,,,,,,,,,,,,,,,,,,,,,,,,,,,,,,,,,,,,,,,,,,,,,,,,,,,,,,,,,,,,,,,,,,,,,,,,,,,,,,,,,,,,,,,,,,,,,,,,,15647,"<span lang=""EN-GB"">Suppose you want to call your mother for sharing an important
     update about your life when you are surrounded by people you know (e.g.,
     acquaintances, colleagues) at your home.<o:p></o:p></span>"
10/19/2018 17:02,10/23/2018 17:14,0,24.128.151.56,78,346271,0,10/30/2018 17:14,R_uxMhegclykCmVdD,,,,,,,anonymous,EN,"1,2,3,4,6",,,,,,,,,,,,,,,,,,,,,,,,,,,,,,,,,,,,,,,,,,,,,,,,,,,,,,,,,,,,,,,,,,,,,,,,,,,,,,,,,,,,,,,,,,,,,,,,,,,,,,,,,,,,,,,,,,,,,,,,,,,,,,,,,,,,,,,,,,,,,,,,,,,,,,,,,,,,,,,,,,,,,,,,,,,,,,,,,,,,,,,,,,,,,,,,,,,,,,,,,,,,,,,,,,,19084,"<span lang=""EN-GB"">Suppose
     you want to listen to some audio when you with people you know (e.g.,
     acquaintances, colleagues) at Starbucks<o:p></o:p></span>"
10/23/2018 17:21,10/23/2018 17:25,0,136.62.5.48,88,238,0,10/30/2018 17:26,R_2uBCd4tqrcSskyN,,,,,,,anonymous,EN,"1,4,5,6","1,2,3",,"1,2",,1,,1,,1,,1,"1,2",,1,,1,"1,3",,"1,2",,"1,2",,"1,2",,2,,2,,4,,,,,,,,,,,,,,,,,,,,,,,,,,,,,,,,,,,,,,,,,,,,,,,,,,,,,,,,,,,,,,,,,,,,,,,,,,,,,,,,,,,,,,,,,,,,,,,,,,,,,,,,,,,,,,,,,,,,,,,,,,,,,,,,,,,,,,,,,,,,,,,,,,,,,,,,,,,,,,,,,,,,,,,,,,,,,,,,,,,,,,21581,"<span lang=""EN-GB"" style=""font-size:11.0pt;line-height:115%;
font-family:&quot;Arial&quot;,sans-serif;mso-fareast-font-family:Arial;mso-ansi-language:
EN-GB;mso-fareast-language:EN-US;mso-bidi-language:AR-SA"">Suppose you want to a
send a text message when you are alone at Starbucks.</span>"
10/30/2018 17:29,10/30/2018 17:29,0,97.101.79.225,100,20,1,10/30/2018 17:30,R_1F49oCWd4eDH42x,,,,,28.49980164,-81.32879639,anonymous,EN,"1,2",,,,,,,,,,,,,,,,,,,,,,,,,,,,,,,,,,,,,,,,,,,,,,,,,,,,,,,,,,,,,,,,,,,,,,,,,,,,,,,,,,,,,,,,,,,,,,,,,,,,,,,,,,,,,,,,,,,,,,,,,,,,,,,,,,,,,,,,,,,,,,,,,,,,,,,,,,,,,,,,,,,,,,,,,,,,,,,,,,,,,,,,,,,,,,,,,,,,,,,,,,,,,,,,,,,75109,"Suppose you want to purchase something (e.g., book,
     household items) online when you are with people
     you know (e.g., acquaintances, colleagues) at
     Starbucks.<o:p></o:p>"
10/30/2018 17:24,10/30/2018 17:34,0,24.163.76.197,100,641,1,10/30/2018 17:34,R_27p4XWbMzveCBi5,,,,,36.03829956,-78.87640381,anonymous,EN,"1,2,3,4","2,4",,1,,"1,2",,1,,"1,2",,"2,3",3,,"1,2",,"2,3","1,2",,"1,2",,2,,"1,2",,1,,1,,2,,,,,,,,,,,,,,,,,,,,,,,,,,,,,,"2,5",,1,,1,,1,,2,,1,3,,1,,1,,"1,3",,2,,2,,3,,1,,4,,,,,,,,,,,,,,,,,,,,,,,,,,,,,,,,,,,,,,,,,,,,,,,,,,,,,,,,,,,,,,,,,,,,,,,,,,,,,,,,,,,,,,,,,,,,,,,,,,,,,,,,,,,,,,,,,,,,,,,,,,,,,65510,"<span lang=""EN-GB"">Suppose you want to find a route to home while walking on a street.<o:p></o:p></span>"
10/21/2018 18:25,10/23/2018 17:38,0,142.129.64.47,1,170014,0,10/30/2018 17:38,R_1ISIvbYTrprxEh7,,,,,,,anonymous,EN,,,,,,,,,,,,,,,,,,,,,,,,,,,,,,,,,,,,,,,,,,,,,,,,,,,,,,,,,,,,,,,,,,,,,,,,,,,,,,,,,,,,,,,,,,,,,,,,,,,,,,,,,,,,,,,,,,,,,,,,,,,,,,,,,,,,,,,,,,,,,,,,,,,,,,,,,,,,,,,,,,,,,,,,,,,,,,,,,,,,,,,,,,,,,,,,,,,,,,,,,,,,,,,,,,,,86482,"<span lang=""EN-GB"">Suppose you want to a send a text message when you are surrounded with people you are close to (e.g., friends, family members) at your home.<strong><o:p></o:p></strong></span>"
10/23/2018 17:48,10/23/2018 17:49,0,99.111.118.15,78,56,0,10/30/2018 17:49,R_1F2KZJKmy9tyD1E,,,,,,,anonymous,EN,"1,2,3",,,,,,,,,,,,,,,,,,,,,,,,,,,,,,,,,,,,,,,,,,,,,,,,,,,,,,,,,,,,,,,,,,,,,,,,,,,,,,,,,,,,,,,,,,,,,,,,,,,,,,,,,,,,,,,,,,,,,,,,,,,,,,,,,,,,,,,,,,,,,,,,,,,,,,,,,,,,,,,,,,,,,,,,,,,,,,,,,,,,,,,,,,,,,,,,,,,,,,,,,,,,,,,,,,,76119,"Suppose you want to find a route to a coffee shop
     when you are at home with your by your colleagues<o:p></o:p>"
10/30/2018 17:51,10/30/2018 17:51,0,69.120.18.231,100,30,1,10/30/2018 17:51,R_27aorUwq8NJX3Ga,,,,,41.06019592,-73.54450226,anonymous,EN,"1,2",,,,,,,,,,,,,,,,,,,,,,,,,,,,,,,,,,,,,,,,,,,,,,,,,,,,,,,,,,,,,,,,,,,,,,,,,,,,,,,,,,,,,,,,,,,,,,,,,,,,,,,,,,,,,,,,,,,,,,,,,,,,,,,,,,,,,,,,,,,,,,,,,,,,,,,,,,,,,,,,,,,,,,,,,,,,,,,,,,,,,,,,,,,,,,,,,,,,,,,,,,,,,,,,,,,8955,"<span lang=""EN-GB"">Suppose you want to control some devices/appliances (e.g., smart lights) when you are at home with people you are close to (e.g., friends, family members)<strong><o:p></o:p></strong></span>"
10/23/2018 18:01,10/23/2018 18:01,0,104.254.218.126,78,40,0,10/30/2018 18:01,R_28NwB0oinOigqNv,,,,,,,anonymous,EN,"1,2,4,5",,,,,,,,,,,,,,,,,,,,,,,,,,,,,,,,,,,,,,,,,,,,,,,,,,,,,,,,,,,,,,,,,,,,,,,,,,,,,,,,,,,,,,,,,,,,,,,,,,,,,,,,,,,,,,,,,,,,,,,,,,,,,,,,,,,,,,,,,,,,,,,,,,,,,,,,,,,,,,,,,,,,,,,,,,,,,,,,,,,,,,,,,,,,,,,,,,,,,,,,,,,,,,,,,,,28743,"<span lang=""EN-GB"">Suppose
     you want to find a route to home when you are alone at Starbucks.<o:p></o:p></span>"
10/30/2018 18:14,10/30/2018 18:14,0,108.88.175.151,100,8,1,10/30/2018 18:14,R_2Ei1AC0yTFWvvTR,,,,,42.53399658,-83.52850342,anonymous,EN,"2,3",,,,,,,,,,,,,,,,,,,,,,,,,,,,,,,,,,,,,,,,,,,,,,,,,,,,,,,,,,,,,,,,,,,,,,,,,,,,,,,,,,,,,,,,,,,,,,,,,,,,,,,,,,,,,,,,,,,,,,,,,,,,,,,,,,,,,,,,,,,,,,,,,,,,,,,,,,,,,,,,,,,,,,,,,,,,,,,,,,,,,,,,,,,,,,,,,,,,,,,,,,,,,,,,,,,42995,"<span lang=""EN-GB"" style=""font-size:11.0pt;line-height:115%;
font-family:&quot;Arial&quot;,sans-serif;mso-fareast-font-family:Arial;mso-ansi-language:
EN-GB;mso-fareast-language:EN-US;mso-bidi-language:AR-SA"">Suppose you want to
read a digital document when you are at Starbucks surrounded with your close
friends.</span>"
10/23/2018 18:18,10/23/2018 18:18,0,71.11.142.101,1,12,0,10/30/2018 18:18,R_2UWXVKORNUzgM4Q,,,,,,,anonymous,EN,,,,,,,,,,,,,,,,,,,,,,,,,,,,,,,,,,,,,,,,,,,,,,,,,,,,,,,,,,,,,,,,,,,,,,,,,,,,,,,,,,,,,,,,,,,,,,,,,,,,,,,,,,,,,,,,,,,,,,,,,,,,,,,,,,,,,,,,,,,,,,,,,,,,,,,,,,,,,,,,,,,,,,,,,,,,,,,,,,,,,,,,,,,,,,,,,,,,,,,,,,,,,,,,,,,,81558,
10/23/2018 18:15,10/23/2018 18:19,0,71.176.70.228,78,230,0,10/30/2018 18:19,R_ZlSsujRcQnd7nyh,,,,,,,anonymous,EN,"1,2,3,4,5,6",,,,,,,,,,,,,,,,,,,,,,,,,,,,,,,,,,,,,,,,,,,,,,,,,,,,,,,,,,,,,,,,,,,,,,,,,,,,,,,,,,,,,,,,,,,,,,,,,,,,,,,,,,,,,,,,,,,,,,,,,,,,,,,,,,,,,,,,,,,,,,,,,,,,,,,,,,,,,,,,,,,,,,,,,,,,,,,,,,,,,,,,,,,,,,,,,,,,,,,,,,,,,,,,,,,20413,"<span lang=""EN-GB"">Suppose you are alone at home, you want to take a break from studying/working&nbsp;</span>so you decide to play an online/digital game."
10/30/2018 18:32,10/30/2018 18:37,0,71.197.25.10,100,255,1,10/30/2018 18:37,R_1cVbSJarR9NKaPu,,,,,42.67300415,-82.77529907,anonymous,EN,"1,2,4",7,,3,,"1,2,3",,1,,1,,"2,3","1,2",,"2,3",,4,6,,2,,6,,2,,"1,3",,2,,,,,,,,,,,,,,,,,,,,,,,,,,,,,,,,,,,,,,,,,,,,,,,,,,,,,,,,,,,,,,,,,,,,,,,,,,,,,,,,,,,,,,,,,,,,,,,,,,,,,,,,,,,,,,,,,,,,,,,,,,,,,,,,,,,,,,,,,,,,,,,,,,,,,,,,,,,,,,,,,,,,,,,,,,,,,,,,,,,,,,,,72955,"<span lang=""EN-GB"">Suppose
     you want to set up a reminder when you are at a park by yourself.<o:p></o:p></span>"
10/30/2018 18:44,10/30/2018 18:45,0,173.11.181.229,100,20,1,10/30/2018 18:45,R_2AZF17mgHhtH8ma,,,,,29.7223053,-95.62850189,anonymous,EN,"1,2",,,,,,,,,,,,,,,,,,,,,,,,,,,,,,,,,,,,,,,,,,,,,,,,,,,,,,,,,,,,,,,,,,,,,,,,,,,,,,,,,,,,,,,,,,,,,,,,,,,,,,,,,,,,,,,,,,,,,,,,,,,,,,,,,,,,,,,,,,,,,,,,,,,,,,,,,,,,,,,,,,,,,,,,,,,,,,,,,,,,,,,,,,,,,,,,,,,,,,,,,,,,,,,,,,,32560,"<span lang=""EN-GB"">Suppose you want to browse the internet when you alone at a park.<o:p></o:p></span>"
10/30/2018 18:41,10/30/2018 18:47,0,115.42.121.106,100,383,1,10/30/2018 18:47,R_2an4N5EfMllO5n5,,,,,16.41639709,120.5931091,anonymous,EN,"1,2,5","2,3,4,5",,5,,"1,2,3",,1,,1,,1,"1,2,3",,3,,1,"1,2,3",,"1,2",,1,,1,,1,,"1,2",,,,,,,,,,,,,,,,,,,,,,,,,,,,,,,,,,,,,,,,,,,,,,,,,,,,,,,,,,,,,,,,,,,,,,,,,,,,,,,,,,,,,,,,,,,,,,,,,,,,,,,,,,,,,,,,,,,,,,,,,,,,,,,,,,,,,,,,,,,,,,,,,,,,,,,,,,,,,,,,,,,,,,,,,,,,,,,,,,,,,,,,52483,"<span lang=""EN-GB"">Suppose
     you are at starbucks and you realize today is the last day to pay one of
     your bills online.<o:p></o:p></span>"
10/23/2018 19:09,10/23/2018 19:11,0,47.14.52.246,78,103,0,10/30/2018 19:11,R_1FRMN5AgKaGTXWa,,,,,,,anonymous,EN,"1,2,3",,,,,,,,,,,,,,,,,,,,,,,,,,,,,,,,,,,,,,,,,,,,,,,,,,,,,,,,,,,,,,,,,,,,,,,,,,,,,,,,,,,,,,,,,,,,,,,,,,,,,,,,,,,,,,,,,,,,,,,,,,,,,,,,,,,,,,,,,,,,,,,,,,,,,,,,,,,,,,,,,,,,,,,,,,,,,,,,,,,,,,,,,,,,,,,,,,,,,,,,,,,,,,,,,,,75170,"<span lang=""EN-GB"">Suppose you want to read a digital document when you are at a park.<o:p></o:p></span>"
10/23/2018 19:42,10/23/2018 19:42,0,66.160.201.90,1,11,0,10/30/2018 19:42,R_2Vg2vQy15PCv1EX,,,,,,,anonymous,EN,,,,,,,,,,,,,,,,,,,,,,,,,,,,,,,,,,,,,,,,,,,,,,,,,,,,,,,,,,,,,,,,,,,,,,,,,,,,,,,,,,,,,,,,,,,,,,,,,,,,,,,,,,,,,,,,,,,,,,,,,,,,,,,,,,,,,,,,,,,,,,,,,,,,,,,,,,,,,,,,,,,,,,,,,,,,,,,,,,,,,,,,,,,,,,,,,,,,,,,,,,,,,,,,,,,,34522,"<span lang=""EN-GB"">Suppose you are at sitting in a park and you want to play a digital/online game&nbsp;</span>with some close friends."
10/30/2018 19:45,10/30/2018 19:51,0,72.206.125.190,100,386,1,10/30/2018 19:51,R_1EiBQpj8oIe6rpd,,,,,41.29190063,-95.99990082,anonymous,EN,"1,2,3,4","1,2,5",,3,,1,,1,,"1,3,4",,2,1,,"1,2",,2,"1,2",,2,,"3,4,6",,"1,2",,1,,"1,2",,,,,,,,,,,,,,,,,,,,,,,,,,,,,,,,,,,,,,,,,,,,,,,,,,,,,,,,,,,,,,,,,,,,,,,,,,,,,,,,,,,,,,,,,,,,,,,,,,,,,,,,,,,,,,,,,,,,,,,,,,,,,,,,,,,,,,,,,,,,,,,,,,,,,,,,,,,,,,,,,,,,,,,,,,,,,,,,,,,,,,,,2039,"<span lang=""EN-GB"">Suppose
     you are at home with some people you know (e.g., acquaintances,
     colleagues) when you realize today is the last day to pay one of your
     bills online.<o:p></o:p></span>"
10/23/2018 19:51,10/23/2018 19:51,0,108.45.165.16,1,13,0,10/30/2018 19:52,R_cVmOHYtzGEN2eWt,,,,,,,anonymous,EN,,,,,,,,,,,,,,,,,,,,,,,,,,,,,,,,,,,,,,,,,,,,,,,,,,,,,,,,,,,,,,,,,,,,,,,,,,,,,,,,,,,,,,,,,,,,,,,,,,,,,,,,,,,,,,,,,,,,,,,,,,,,,,,,,,,,,,,,,,,,,,,,,,,,,,,,,,,,,,,,,,,,,,,,,,,,,,,,,,,,,,,,,,,,,,,,,,,,,,,,,,,,,,,,,,,,90287,"<span lang=""EN-GB"">Suppose you want to browse the internet when you are at home with people you are close to (e.g., friends, family members)<strong><o:p></o:p></strong></span>"
10/30/2018 19:48,10/30/2018 19:53,0,173.94.148.209,100,285,1,10/30/2018 19:53,R_1fjEoyeSSMBiPbq,,,,,36.5007019,-80.61190033,anonymous,EN,"1,2,3,4","1,3,5",,"1,2,3",,"1,2,3,4",,1,,"1,3",,1,"1,2,3",,2,,2,"2,3",,"1,2,3",,"1,2,3,4",,"1,2,3",,1,,"1,2",,,,,,,,,,,,,,,,,,,,,,,,,,,,,,,,,,,,,,,,,,,,,,,,,,,,,,,,,,,,,,,,,,,,,,,,,,,,,,,,,,,,,,,,,,,,,,,,,,,,,,,,,,,,,,,,,,,,,,,,,,,,,,,,,,,,,,,,,,,,,,,,,,,,,,,,,,,,,,,,,,,,,,,,,,,,,,,,,,,,,,,,1527,"<span lang=""EN-GB"">Suppose you want to a view a text message when you are alone at a street.<o:p></o:p></span>"
10/23/2018 19:59,10/23/2018 20:00,0,24.185.53.214,78,29,0,10/30/2018 20:00,R_0I0MIMfBUeyDKRH,,,,,,,anonymous,EN,"1,2,4,5",,,,,,,,,,,,,,,,,,,,,,,,,,,,,,,,,,,,,,,,,,,,,,,,,,,,,,,,,,,,,,,,,,,,,,,,,,,,,,,,,,,,,,,,,,,,,,,,,,,,,,,,,,,,,,,,,,,,,,,,,,,,,,,,,,,,,,,,,,,,,,,,,,,,,,,,,,,,,,,,,,,,,,,,,,,,,,,,,,,,,,,,,,,,,,,,,,,,,,,,,,,,,,,,,,,21411,"<span lang=""EN-GB"">Suppose
     you have planned to meet a friend next week and you want put this on your
     calendar when you are alone at home<strong><o:p></o:p></strong></span>"
10/30/2018 20:06,10/30/2018 20:06,0,97.106.212.139,100,27,1,10/30/2018 20:06,R_1CrlSg9J0Q5ZzDU,,,,,27.90559387,-82.2881012,anonymous,EN,2,,,,,,,,,,,,,,,,,,,,,,,,,,,,,,,,,,,,,,,,,,,,,,,,,,,,,,,,,,,,,,,,,,,,,,,,,,,,,,,,,,,,,,,,,,,,,,,,,,,,,,,,,,,,,,,,,,,,,,,,,,,,,,,,,,,,,,,,,,,,,,,,,,,,,,,,,,,,,,,,,,,,,,,,,,,,,,,,,,,,,,,,,,,,,,,,,,,,,,,,,,,,,,,,,,,72434,"<span lang=""EN-GB"">Suppose you want to listen to some audio when you are alone in a park.<o:p></o:p></span>"
10/22/2018 17:28,10/23/2018 20:10,0,24.17.216.13,78,96159,0,10/30/2018 20:10,R_2EbCagsBxhmGM9x,,,,,,,anonymous,EN,"1,2,3,5",,,,,,,,,,,,,,,,,,,,,,,,,,,,,,,,,,,,,,,,,,,,,,,,,,,,,,,,,,,,,,,,,,,,,,,,,,,,,,,,,,,,,,,,,,,,,,,,,,,,,,,,,,,,,,,,,,,,,,,,,,,,,,,,,,,,,,,,,,,,,,,,,,,,,,,,,,,,,,,,,,,,,,,,,,,,,,,,,,,,,,,,,,,,,,,,,,,,,,,,,,,,,,,,,,,97075,"<span lang=""EN-GB"">Suppose you have planned to meet a friend next week and you want to put this on your calendar when you are alone at Starbucks.<o:p></o:p></span>"
10/30/2018 20:22,10/30/2018 20:23,0,65.131.44.128,100,114,1,10/30/2018 20:24,R_3C7bXPivqovFSg1,,,,,41.60600281,-109.2300034,anonymous,EN,"1,2,3",2,,1,,"1,2,3",,1,,1,,"1,3","1,2",,3,,1,"2,4",,"1,3",,"2,3",,3,,"1,2",,2,,,,,,,,,,,,,,,,,,,,,,,,,,,,,,,,,,,,,,,,,,,,,,,,,,,,,,,,,,,,,,,,,,,,,,,,,,,,,,,,,,,,,,,,,,,,,,,,,,,,,,,,,,,,,,,,,,,,,,,,,,,,,,,,,,,,,,,,,,,,,,,,,,,,,,,,,,,,,,,,,,,,,,,,,,,,,,,,,,,,,,,,18251,"<span style=""color: rgb(0, 0, 0); font-family: Times; font-size: 16px;"">Suppose you want control some devices/appliances (e.g., smart lights) when you are with people you know (e.g., acquaintances, colleagues).</span>"
10/30/2018 20:27,10/30/2018 20:27,0,184.103.21.151,100,18,1,10/30/2018 20:27,R_DUoiSo7TZChw94R,,,,,33.49389648,-112.1696014,anonymous,EN,1,,,,,,,,,,,,,,,,,,,,,,,,,,,,,,,,,,,,,,,,,,,,,,,,,,,,,,,,,,,,,,,,,,,,,,,,,,,,,,,,,,,,,,,,,,,,,,,,,,,,,,,,,,,,,,,,,,,,,,,,,,,,,,,,,,,,,,,,,,,,,,,,,,,,,,,,,,,,,,,,,,,,,,,,,,,,,,,,,,,,,,,,,,,,,,,,,,,,,,,,,,,,,,,,,,,59505,"<span lang=""EN-GB"">Suppose
     you want to take a click a photo when you are with people you are close to
     (e.g., friends, family members) at home<o:p></o:p></span>"
10/30/2018 20:25,10/30/2018 20:30,0,107.192.12.66,100,277,1,10/30/2018 20:30,R_3CWaiQDVKHSlixx,,,,,34.96839905,-82.14350128,anonymous,EN,"1,2,3",2,,3,,2,,1,,1,,2,1,,1,,2,2,,2,,"1,2",,2,,"1,2",,1,,"1,2,3",2,,2,,2,,1,,2,,2,1,,1,,1,,2,,"2,3",,1,,1,,1,,2,,"2,5",,1,,"2,4",,1,,3,,2,2,,1,,1,,2,,3,,1,,3,,2,,1,,2,,3,,1,,1,,2,,3,2,,1,,2,,1,,2,,1,,2,,1,,1,,,,,,,,,,,,,,,,,,,,,,,,,,,,,,,,,,,,,,,,,,,,,,,,,,,,,,,,,,,,,,,,,,,,,,,,,,,,,,,,,,,,,,,,,,,,,,,,25296,"<span lang=""EN-GB"">Suppose
     you want to set up a reminder about something when you are with people you
     know (e.g., acquaintances, colleagues) at Starbucks.<o:p></o:p></span>"
10/30/2018 20:30,10/30/2018 20:31,0,73.155.137.178,100,38,1,10/30/2018 20:31,R_1l9K6zwD5cDVivC,,,,,29.57850647,-95.6065979,anonymous,EN,"1,2",,,,,,,,,,,,,,,,,,,,,,,,,,,,,,,,,,,,,,,,,,,,,,,,,,,,,,,,,,,,,,,,,,,,,,,,,,,,,,,,,,,,,,,,,,,,,,,,,,,,,,,,,,,,,,,,,,,,,,,,,,,,,,,,,,,,,,,,,,,,,,,,,,,,,,,,,,,,,,,,,,,,,,,,,,,,,,,,,,,,,,,,,,,,,,,,,,,,,,,,,,,,,,,,,,,62642,"<span lang=""EN-GB"">Suppose
     you want to watch some video when you are with your close friends in a
     park.<o:p></o:p></span>"
10/30/2018 20:25,10/30/2018 20:35,0,117.195.224.72,100,622,1,10/30/2018 20:35,R_1NfCTm8Iuuvbjsh,,,,,17.96780396,79.8862915,anonymous,EN,"1,2,3,4,5,6","2,5",,1,,1,,1,,1,,2,2,,"1,3",,2,"2,3",,2,,1,,2,,1,,"1,2",,"1,2,4","1,4",,2,,3,,3,,2,,3,2,,2,,"1,2",,2,,2,,1,,3,,2,,1,,2,,1,,3,,1,,2,,2,1,,2,,2,,3,,1,,2,,1,,2,,"1,2",,,,,,,,,,,,,,,,,,,,,,,,,,,,,,,2,,3,,2,,1,,1,,2,3,,1,,2,,2,,1,,2,,1,,2,,"1,2",,,,,,,,,,,,,,,,,,,,,,,,,,,,,,,,,,,,,,,,,,,,,,,,,,,,,,,,,,,,,,,,,,,23601,"<span lang=""EN-GB"">Suppose you are at a park with some people you know (e.g., acquaintances, colleagues) when you realize that you have to immediately pay one of your bills online.<o:p></o:p></span>"
10/23/2018 20:33,10/23/2018 20:36,0,99.166.102.222,88,210,0,10/30/2018 20:36,R_1LqyomduLGdJXVc,,,,,,,anonymous,EN,"1,2,3,5","1,2",,1,,"1,2,3",,1,,1,,3,1,,"1,2",,3,"1,2,3,4",,"1,2",,"2,3,4",,"1,2",,"1,2",,"1,2",,2,,,,,,,,,,,,,,,,,,,,,,,,,,,,,,,,,,,,,,,,,,,,,,,,,,,,,,,,,,,,,,,,,,,,,,,,,,,,,,,,,,,,,,,,,,,,,,,,,,,,,,,,,,,,,,,,,,,,,,,,,,,,,,,,,,,,,,,,,,,,,,,,,,,,,,,,,,,,,,,,,,,,,,,,,,,,,,,,,,,,,,48214,"<span lang=""EN-GB"">Suppose you want to browse internet when you are with your close friends at a restaurant.<o:p></o:p></span>"
10/30/2018 20:36,10/30/2018 20:36,0,99.173.183.125,100,11,1,10/30/2018 20:36,R_10N5UrGg6WslYS0,,,,,36.10519409,-86.65910339,anonymous,EN,1,,,,,,,,,,,,,,,,,,,,,,,,,,,,,,,,,,,,,,,,,,,,,,,,,,,,,,,,,,,,,,,,,,,,,,,,,,,,,,,,,,,,,,,,,,,,,,,,,,,,,,,,,,,,,,,,,,,,,,,,,,,,,,,,,,,,,,,,,,,,,,,,,,,,,,,,,,,,,,,,,,,,,,,,,,,,,,,,,,,,,,,,,,,,,,,,,,,,,,,,,,,,,,,,,,,69378,"<span lang=""EN-GB"">Suppose you have planned to meet a friend next week and you want to put this on your calendar when you are alone at a park<o:p></o:p></span>"
10/23/2018 20:41,10/23/2018 20:41,0,99.197.3.140,1,14,0,10/30/2018 20:41,R_2tmqLH4OWJQtjHA,,,,,,,anonymous,EN,,,,,,,,,,,,,,,,,,,,,,,,,,,,,,,,,,,,,,,,,,,,,,,,,,,,,,,,,,,,,,,,,,,,,,,,,,,,,,,,,,,,,,,,,,,,,,,,,,,,,,,,,,,,,,,,,,,,,,,,,,,,,,,,,,,,,,,,,,,,,,,,,,,,,,,,,,,,,,,,,,,,,,,,,,,,,,,,,,,,,,,,,,,,,,,,,,,,,,,,,,,,,,,,,,,,20603,"<span lang=""EN-GB"">Suppose you want to a send a text message when you are alone at a street.<o:p></o:p></span>"
10/30/2018 20:39,10/30/2018 20:55,0,47.136.235.61,100,984,1,10/30/2018 20:55,R_3hut5QWwIwEjWy6,,,,,34.10690308,-117.2975006,anonymous,EN,"1,2,4,6","2,3,4,5",,1,,"1,2,3",,1,,1,,"2,3","1,2",,2,,"2,3","2,3",,2,,"1,3",,2,,"1,2,3",,"1,2",,2,,,,,,,,,,,,,,,,,,,,,,,,,,,,,,2,,5,,"1,2,3",,1,,1,,"2,3","1,2",,2,,2,,"2,3",,3,,2,,3,,"1,2",,4,,,,,,,,,,,,,,,,,,,,,,,,,,,,,,,,,,,,,,,,,,,,,,,,,,,,,,,,,,,,,,,,,,,,,,,,,,,,,,,,,,,,,,,,,,,,,,,,,,,,,,,,,,,,,,,,,,,,,,Male,37,Manager of Engineering,5,1,,4,28230,"<span lang=""EN-GB"">Suppose you have planned to meet a friend next week and you want to&nbsp;put this on your calendar </span><span lang=""EN-GB"">when</span><span lang=""EN-GB""> you are surrounded by people you know (e.g., acquaintances, colleagues) at your home.</span><span lang=""EN-GB""><o:p></o:p></span>"
10/30/2018 20:58,10/30/2018 20:59,0,73.225.106.37,100,38,1,10/30/2018 20:59,R_1MPhEEmvHTKA3Sx,,,,,47.84010315,-122.1972046,anonymous,EN,"1,2",,,,,,,,,,,,,,,,,,,,,,,,,,,,,,,,,,,,,,,,,,,,,,,,,,,,,,,,,,,,,,,,,,,,,,,,,,,,,,,,,,,,,,,,,,,,,,,,,,,,,,,,,,,,,,,,,,,,,,,,,,,,,,,,,,,,,,,,,,,,,,,,,,,,,,,,,,,,,,,,,,,,,,,,,,,,,,,,,,,,,,,,,,,,,,,,,,,,,,,,,,,,,,,,,,,20456,"<span lang=""EN-GB"">Suppose you are at sitting in a park and you want to play a digital/online game&nbsp;</span>with some close friends."
10/23/2018 21:08,10/23/2018 21:10,0,69.14.241.38,78,120,0,10/30/2018 21:10,R_2BgnYKnRVrIhKN5,,,,,,,anonymous,EN,"2,3,4",,,,,,,,,,,,,,,,,,,,,,,,,,,,,,,,,,,,,,,,,,,,,,,,,,,,,,,,,,,,,,,,,,,,,,,,,,,,,,,,,,,,,,,,,,,,,,,,,,,,,,,,,,,,,,,,,,,,,,,,,,,,,,,,,,,,,,,,,,,,,,,,,,,,,,,,,,,,,,,,,,,,,,,,,,,,,,,,,,,,,,,,,,,,,,,,,,,,,,,,,,,,,,,,,,,93314,"<span lang=""EN-GB"">Suppose
     you want to a view a text message when you with people you know (e.g.,
     acquaintances, colleagues) at a street<strong>.</strong><o:p></o:p></span>"
10/30/2018 21:30,10/30/2018 21:30,0,68.104.153.225,100,6,1,10/30/2018 21:30,R_8vsysPXD0srREA1,,,,,33.49130249,-112.2468033,anonymous,EN,1,,,,,,,,,,,,,,,,,,,,,,,,,,,,,,,,,,,,,,,,,,,,,,,,,,,,,,,,,,,,,,,,,,,,,,,,,,,,,,,,,,,,,,,,,,,,,,,,,,,,,,,,,,,,,,,,,,,,,,,,,,,,,,,,,,,,,,,,,,,,,,,,,,,,,,,,,,,,,,,,,,,,,,,,,,,,,,,,,,,,,,,,,,,,,,,,,,,,,,,,,,,,,,,,,,,7232,"<span lang=""EN-GB"">Suppose
     you want to watch some video when
     you are at home with people you are close to (e.g., friends, family
     members)<strong><o:p></o:p></strong></span>"
10/30/2018 21:15,10/30/2018 21:30,0,73.224.94.75,100,908,1,10/30/2018 21:30,R_3J4Wxr6Tyazdgwm,,,,,30.13819885,-81.77420044,anonymous,EN,"1,2,3,6",2,,2,,"1,2",,1,,1,,1,"1,2,3",,"2,3",,1,"2,3",,"1,2",,"1,2,3",,"1,2",,"1,2,3",,2,,2,,,,,,,,,,,,,,,,,,,,,,,,,,,,,,"2,3",,"1,2",,1,,1,,1,,1,2,,2,,1,,2,,"1,2",,2,,"2,3",,2,,2,,,,,,,,,,,,,,,,,,,,,,,,,,,,,,,,,,,,,,,,,,,,,,,,,,,,,,,,,,,,,,,,,,,,,,,,,,,,,,,,,,,,,,,,,,,,,,,,,,,,,,,,,,,,,,,,,,,,,,,,,,,,,10699,"Suppose you want to find a route to a coffee shop
     when you are at home with your by your colleagues<o:p></o:p>"
10/30/2018 21:27,10/30/2018 21:34,0,174.22.98.121,100,412,1,10/30/2018 21:34,R_1r21rs5XYrLs0uG,,,,,41.53860474,-90.6115036,anonymous,EN,"1,2,3,4,5","1,2,3",,1,,"1,3",,1,,"1,2,3",,"1,2,3","1,2,3",,"1,2",,"1,2","2,3",,"1,2,3",,3,,5,,"2,3",,1,,,,,,,,,,,,,,,,,,,,,,,,,,,,,,,,,,,,,,,,,,,,,,,,,,,,,,,,,,,,,,,,,,,,,,,,,,,,,,,,,,,,,,,,,,,,,,,,,,,,,,,,,,,,,,,,,,,,,,,,,,,,,,,,,,,,,,,,,,,,,,,,,,,,,,,,,,,,,,,,,,,,,,,,,,,,,,,,,,,,,,,,66393,"<span lang=""EN-GB"">Suppose
     you want to purchase something online when you are with people you are
     close to (e.g., friends, family members) at home.<o:p></o:p></span>"
10/30/2018 21:33,10/30/2018 21:34,0,108.250.111.64,100,95,1,10/30/2018 21:34,R_1JJgVe5zgnrJRle,,,,,32.59140015,-96.77279663,anonymous,EN,1,,,,,,,,,,,,,,,,,,,,,,,,,,,,,,,,,,,,,,,,,,,,,,,,,,,,,,,,,,,,,,,,,,,,,,,,,,,,,,,,,,,,,,,,,,,,,,,,,,,,,,,,,,,,,,,,,,,,,,,,,,,,,,,,,,,,,,,,,,,,,,,,,,,,,,,,,,,,,,,,,,,,,,,,,,,,,,,,,,,,,,,,,,,,,,,,,,,,,,,,,,,,,,,,,,,92159,"<span id=""docs-internal-guid-5a7e3441-7fff-9d1f-10e6-454a1d940975""><span style=""font-size: 11pt; font-family: Arial; color: rgb(0, 0, 0); background-color: transparent; font-variant-numeric: normal; font-variant-east-asian: normal; vertical-align: baseline; white-space: pre-wrap;"">Suppose you want to call your mother for sharing an important update about your life &nbsp;when you are alone at home</span><br> <br><br></span>"
10/23/2018 21:30,10/23/2018 21:37,0,196.17.65.106,78,399,0,10/30/2018 21:37,R_10AXg9LjGIzkkgb,,,,,,,anonymous,EN,"1,2,3,6",,,,,,,,,,,,,,,,,,,,,,,,,,,,,,,,,,,,,,,,,,,,,,,,,,,,,,,,,,,,,,,,,,,,,,,,,,,,,,,,,,,,,,,,,,,,,,,,,,,,,,,,,,,,,,,,,,,,,,,,,,,,,,,,,,,,,,,,,,,,,,,,,,,,,,,,,,,,,,,,,,,,,,,,,,,,,,,,,,,,,,,,,,,,,,,,,,,,,,,,,,,,,,,,,,,40661,"<span lang=""EN-GB"">Suppose
     you want to a send a text message when you are surrounded by people you
     know (e.g., acquaintances, colleagues) at your home.<o:p></o:p></span>"
10/30/2018 21:34,10/30/2018 21:44,0,172.58.56.107,100,616,1,10/30/2018 21:44,R_2xV1QkSAw0WoPXZ,,,,,39.73919678,-104.9847031,anonymous,EN,"1,2,3,4",3,,1,,2,,1,,1,,2,1,,1,,2,2,,2,,3,,2,,2,,2,,"2,4",,,,,,,,,,,,,,,,,,,,,,,,,,,,,,1,,1,,2,,1,,1,,2,1,,1,,1,,2,,3,,2,,3,,2,,2,,,,,,,,,,,,,,,,,,,,,,,,,,,,,,,2,,1,,1,,1,,1,,2,3,,2,,2,,2,,3,,2,,3,,1,,2,,,,,,,,,,,,,,,,,,,,,,,,,,,,,,,,,,,,,,,,,,,,,,,,,,,,,,,,,,,,Male,43,Cook,5,1,,3,6207,"<span lang=""EN-GB"">Suppose you have planned to meet a friend next week and you want to put this on your calendar when you are with a very close friend at a park.&nbsp;<o:p></o:p></span>"
10/30/2018 21:28,10/30/2018 21:46,0,172.77.59.36,100,1112,1,10/30/2018 21:46,R_1CCHOuavp1W6ziy,,,,,31.51530457,-87.34100342,anonymous,EN,"1,2,3,4,5,6",2,,1,,2,,1,,3,,3,2,,5,,3,2,,2,,"3,4",,2,,3,,1,,"1,3,4","3,4",,5,,1,,3,,1,,1,1,,5,,5,,1,,3,,2,,3,,1,,1,,,,,,,,,,,,,,,,,,,,,,,,,,,,,,,2,,3,,3,,3,,1,,1,"1,2",,2,,5,,1,,3,,2,,3,,1,,1,,2,,1,,1,,1,,1,,1,"1,2",,2,,2,,1,,3,,1,,3,,"1,3",,1,,,,,,,,,,,,,,,,,,,,,,,,,,,,,,,,,,,,,,,,,,,,,,,,,,,,,,,,,,,,,,,,,,,76927,"<span lang=""EN-GB"">Suppose
     you want to listen to some audio when you are with your close friends in a
     park.<o:p></o:p></span>"
10/30/2018 21:56,10/30/2018 22:04,0,67.82.70.73,100,485,1,10/30/2018 22:04,R_2Vxx1VRJgRTlMxn,,,,,40.24180603,-74.69619751,anonymous,EN,"2,4,6","1,2,4,5",,"1,2",,"1,2,3",,3,,1,,3,"1,2,3",,2,,1,"1,2,4",,"1,2",,2,,"1,2",,"1,3",,4,,,,,,,,,,,,,,,,,,,,,,,,,,,,,,,,,,,,,,,,,,,,,,,,,,,,,,,,,,,,,,,,,,,,,,,,,,,,,,,,,,,,,,,,,,,,,,,,,,,,,,,,,,,,,,,,,,,,,,,,,,,,,,,,,,,,,,,,,,,,,,,,,,,,,,,,,,,,,,,,,,,,,,,,,,,,,,,,,,,,,,,,58391,"Suppose you are alone at home, you want to take a break from studying/working&nbsp;<p>so you decide to play a video game with some with some people you know (e.g., acquaintances, colleagues).<o:p></o:p></p>"
10/23/2018 22:11,10/23/2018 22:11,0,45.24.225.254,78,29,0,10/30/2018 22:11,R_qF1QVV3NUHtLnr3,,,,,,,anonymous,EN,"2,3,4",,,,,,,,,,,,,,,,,,,,,,,,,,,,,,,,,,,,,,,,,,,,,,,,,,,,,,,,,,,,,,,,,,,,,,,,,,,,,,,,,,,,,,,,,,,,,,,,,,,,,,,,,,,,,,,,,,,,,,,,,,,,,,,,,,,,,,,,,,,,,,,,,,,,,,,,,,,,,,,,,,,,,,,,,,,,,,,,,,,,,,,,,,,,,,,,,,,,,,,,,,,,,,,,,,,8885,"<span lang=""EN-GB"" style=""font-size:11.0pt;line-height:115%;
font-family:&quot;Arial&quot;,sans-serif;mso-fareast-font-family:Arial;mso-ansi-language:
EN-GB;mso-fareast-language:EN-US;mso-bidi-language:AR-SA"">Suppose you want to
read a digital document when you are at Starbucks surrounded with your close
friends.</span>"
10/23/2018 22:12,10/23/2018 22:13,0,198.134.125.76,78,30,0,10/30/2018 22:13,R_2PicUbT93yYsRRk,,,,,,,anonymous,EN,"2,5,6",,,,,,,,,,,,,,,,,,,,,,,,,,,,,,,,,,,,,,,,,,,,,,,,,,,,,,,,,,,,,,,,,,,,,,,,,,,,,,,,,,,,,,,,,,,,,,,,,,,,,,,,,,,,,,,,,,,,,,,,,,,,,,,,,,,,,,,,,,,,,,,,,,,,,,,,,,,,,,,,,,,,,,,,,,,,,,,,,,,,,,,,,,,,,,,,,,,,,,,,,,,,,,,,,,,98083,"<span lang=""EN-GB"">Suppose
     you want to take a click a photo when you are with people you are close to
     (e.g., friends, family members) at home<o:p></o:p></span>"
10/30/2018 22:18,10/30/2018 22:18,0,24.233.228.136,100,14,1,10/30/2018 22:18,R_2QEa7vrQeTMI6Rd,,,,,33.45050049,-88.81960297,anonymous,EN,"1,2",,,,,,,,,,,,,,,,,,,,,,,,,,,,,,,,,,,,,,,,,,,,,,,,,,,,,,,,,,,,,,,,,,,,,,,,,,,,,,,,,,,,,,,,,,,,,,,,,,,,,,,,,,,,,,,,,,,,,,,,,,,,,,,,,,,,,,,,,,,,,,,,,,,,,,,,,,,,,,,,,,,,,,,,,,,,,,,,,,,,,,,,,,,,,,,,,,,,,,,,,,,,,,,,,,,89950,"<span lang=""EN-GB"">Suppose
     you want to a view a text message when you are surrounded by people you
     know (e.g., acquaintances, colleagues) at a restaurant.<o:p></o:p></span>"
10/23/2018 22:11,10/23/2018 22:21,0,73.63.0.88,88,613,0,10/30/2018 22:21,R_2vkt7973dX7d3cN,,,,,,,anonymous,EN,"1,2,4","1,2,4,5",,"1,2",,"1,2,3,4",,3,,1,,"2,3","1,2,3",,"1,2",,"2,3","3,4",,"1,2,3",,6,,"1,2,3",,4,security,2,,"1,2,4",,,,,,,,,,,,,,,,,,,,,,,,,,,,,,,,,,,,,,,,,,,,,,,,,,,,,,,,,,,,,,,,,,,,,,,,,,,,,,,,,,,,,,,,,,,,,,,,,,,,,,,,,,,,,,,,,,,,,,,,,,,,,,,,,,,,,,,,,,,,,,,,,,,,,,,,,,,,,,,,,,,,,,,,,,,,,,,,,,,,,,94568,"<span lang=""EN-GB"">Suppose
     you want to purchase something online when you are alone at your home.<o:p></o:p></span>"
10/30/2018 22:18,10/30/2018 22:21,0,24.233.228.136,100,199,1,10/30/2018 22:22,R_qyKhfCcNdY9hQu5,,,,,33.45050049,-88.81960297,anonymous,EN,"1,2,3,4,5,6","1,5",,3,,1,,1,,1,,1,5,,5,,4,6,,5,,"1,3",,2,,2,,"1,2",,,,,,,,,,,,,,,,,,,,,,,,,,,,,,,,,,,,,,,,,,,,,,,,,,,,,,,,,,,,,,,,,,,,,,,,,,,,,,,,,,,,,,,,,,,,,,,,,,,,,,,,,,,,,,,,,,,,,,,,,,,,,,,,,,,,,,,,,,,,,,,,,,,,,,,,,,,,,,,,,,,,,,,,,,,,,,,,,,,,,,,,28862,"<span lang=""EN-GB"">Suppose you want to find a route to a coffee shop when you are
     at home </span><span lang=""EN-GB"">with
     people you are close to (e.g., friends, family members)</span><strong><span lang=""EN-GB""><o:p></o:p></span></strong>"
10/23/2018 22:23,10/23/2018 22:25,0,76.127.105.254,78,121,0,10/30/2018 22:25,R_3fZD6H0VMsMuNSG,,,,,,,anonymous,EN,"1,2,3",,,,,,,,,,,,,,,,,,,,,,,,,,,,,,,,,,,,,,,,,,,,,,,,,,,,,,,,,,,,,,,,,,,,,,,,,,,,,,,,,,,,,,,,,,,,,,,,,,,,,,,,,,,,,,,,,,,,,,,,,,,,,,,,,,,,,,,,,,,,,,,,,,,,,,,,,,,,,,,,,,,,,,,,,,,,,,,,,,,,,,,,,,,,,,,,,,,,,,,,,,,,,,,,,,,30555,"<span lang=""EN-GB"">Suppose
     you want to find a route to home when you are alone at Starbucks.<o:p></o:p></span>"
10/30/2018 22:22,10/30/2018 22:30,0,72.203.113.118,100,476,1,10/30/2018 22:30,R_2yk0vQ8xrrsjVLe,,,,,33.75149536,-118.3670044,anonymous,EN,"1,2,3,4","2,3,5",,1,,"1,2",,1,,1,,3,"1,2,3",,"1,2",,3,2,,2,,6,,2,,"1,2,3",,"1,2",,"1,2","2,4",,1,,"1,2",,3,,1,,1,"1,2,3",,2,,5,,2,,7,,2,,7,,"1,2,3",,"1,2",,"2,5",,1,,1,,1,,1,,3,"1,2,3",,5,,5,,2,,7,,2,,7,,"1,2,3",,2,,,,,,,,,,,,,,,,,,,,,,,,,,,,,,,,,,,,,,,,,,,,,,,,,,,,,,,,,,,,,,,,,,,,,,,,,,,,,,,,,,,,,,,,,,,,,,,,,,,,,,,,,,,,,,,,,,,,,,,,,,,,,20907,"<span lang=""EN-GB"" style=""font-size:11.0pt;line-height:115%;
font-family:&quot;Arial&quot;,sans-serif;mso-fareast-font-family:Arial;mso-ansi-language:
EN-GB;mso-fareast-language:EN-US;mso-bidi-language:AR-SA"">Suppose you want to a
send an email when you are alone at home</span>"
10/22/2018 10:13,10/23/2018 22:32,0,67.163.71.227,78,130699,0,10/30/2018 22:32,R_3Oe0W7K2OD7DdTU,,,,,,,anonymous,EN,"1,2,3,4",,,,,,,,,,,,,,,,,,,,,,,,,,,,,,,,,,,,,,,,,,,,,,,,,,,,,,,,,,,,,,,,,,,,,,,,,,,,,,,,,,,,,,,,,,,,,,,,,,,,,,,,,,,,,,,,,,,,,,,,,,,,,,,,,,,,,,,,,,,,,,,,,,,,,,,,,,,,,,,,,,,,,,,,,,,,,,,,,,,,,,,,,,,,,,,,,,,,,,,,,,,,,,,,,,,41381,"<span lang=""EN-GB"">Suppose
     you want to a send an email when you are walking on a street with people
     you know (e.g., acquaintances, colleagues)<strong>.</strong><o:p></o:p></span>"
10/19/2018 22:15,10/23/2018 22:33,0,108.244.83.203,78,346628,0,10/30/2018 22:33,R_3MmLjzfvbeftOVc,,,,,,,anonymous,EN,"1,2,3,4,5",,,,,,,,,,,,,,,,,,,,,,,,,,,,,,,,,,,,,,,,,,,,,,,,,,,,,,,,,,,,,,,,,,,,,,,,,,,,,,,,,,,,,,,,,,,,,,,,,,,,,,,,,,,,,,,,,,,,,,,,,,,,,,,,,,,,,,,,,,,,,,,,,,,,,,,,,,,,,,,,,,,,,,,,,,,,,,,,,,,,,,,,,,,,,,,,,,,,,,,,,,,,,,,,,,,94619,"<span lang=""EN-GB"">Suppose you want to browse the internet when you are with people you know (e.g., acquaintances, colleagues) at a restaurant.<o:p></o:p></span>"
10/30/2018 22:39,10/30/2018 22:39,0,138.128.93.96,100,15,1,10/30/2018 22:39,R_2wQAYJBpVPle2Vc,,,,,30.290802,-81.63210297,anonymous,EN,1,,,,,,,,,,,,,,,,,,,,,,,,,,,,,,,,,,,,,,,,,,,,,,,,,,,,,,,,,,,,,,,,,,,,,,,,,,,,,,,,,,,,,,,,,,,,,,,,,,,,,,,,,,,,,,,,,,,,,,,,,,,,,,,,,,,,,,,,,,,,,,,,,,,,,,,,,,,,,,,,,,,,,,,,,,,,,,,,,,,,,,,,,,,,,,,,,,,,,,,,,,,,,,,,,,,71996,"<span lang=""EN-GB"">Suppose you want to call your mother for sharing an important
     update about your life when you are surrounded by people you know (e.g.,
     acquaintances, colleagues) at your home.<o:p></o:p></span>"
10/30/2018 22:39,10/30/2018 22:39,0,138.128.93.96,100,7,1,10/30/2018 22:39,R_26aV107Z84BNK39,,,,,30.290802,-81.63210297,anonymous,EN,3,,,,,,,,,,,,,,,,,,,,,,,,,,,,,,,,,,,,,,,,,,,,,,,,,,,,,,,,,,,,,,,,,,,,,,,,,,,,,,,,,,,,,,,,,,,,,,,,,,,,,,,,,,,,,,,,,,,,,,,,,,,,,,,,,,,,,,,,,,,,,,,,,,,,,,,,,,,,,,,,,,,,,,,,,,,,,,,,,,,,,,,,,,,,,,,,,,,,,,,,,,,,,,,,,,,13373,"<span lang=""EN-GB"" style=""font-size:11.0pt;line-height:115%;
font-family:&quot;Arial&quot;,sans-serif;mso-fareast-font-family:Arial;mso-ansi-language:
EN-GB;mso-fareast-language:EN-US;mso-bidi-language:AR-SA"">Suppose you want to
find a route to a coffee shop when you are alone at home.</span>"
10/30/2018 22:39,10/30/2018 22:39,0,138.128.93.96,100,9,1,10/30/2018 22:39,R_3fe4ahPqmWKwXKj,,,,,30.290802,-81.63210297,anonymous,EN,2,,,,,,,,,,,,,,,,,,,,,,,,,,,,,,,,,,,,,,,,,,,,,,,,,,,,,,,,,,,,,,,,,,,,,,,,,,,,,,,,,,,,,,,,,,,,,,,,,,,,,,,,,,,,,,,,,,,,,,,,,,,,,,,,,,,,,,,,,,,,,,,,,,,,,,,,,,,,,,,,,,,,,,,,,,,,,,,,,,,,,,,,,,,,,,,,,,,,,,,,,,,,,,,,,,,78564,"<span lang=""EN-GB"">Suppose
     you want to call your mother for sharing an important update about your
     life when you are with a very close friend at a restaurant&nbsp;<o:p></o:p></span>"
10/30/2018 22:40,10/30/2018 22:40,0,138.128.93.96,100,8,1,10/30/2018 22:40,R_2YlI8LrAt8mqSie,,,,,30.290802,-81.63210297,anonymous,EN,4,,,,,,,,,,,,,,,,,,,,,,,,,,,,,,,,,,,,,,,,,,,,,,,,,,,,,,,,,,,,,,,,,,,,,,,,,,,,,,,,,,,,,,,,,,,,,,,,,,,,,,,,,,,,,,,,,,,,,,,,,,,,,,,,,,,,,,,,,,,,,,,,,,,,,,,,,,,,,,,,,,,,,,,,,,,,,,,,,,,,,,,,,,,,,,,,,,,,,,,,,,,,,,,,,,,42229,"<span lang=""EN-GB"">Suppose you want to find a route to home while walking on a street with your close friends.<o:p></o:p></span>"
10/30/2018 22:40,10/30/2018 22:40,0,138.128.93.96,100,13,1,10/30/2018 22:40,R_1CeX0U9aX8Vsfoq,,,,,30.290802,-81.63210297,anonymous,EN,6,,,,,,,,,,,,,,,,,,,,,,,,,,,,,,,,,,,,,,,,,,,,,,,,,,,,,,,,,,,,,,,,,,,,,,,,,,,,,,,,,,,,,,,,,,,,,,,,,,,,,,,,,,,,,,,,,,,,,,,,,,,,,,,,,,,,,,,,,,,,,,,,,,,,,,,,,,,,,,,,,,,,,,,,,,,,,,,,,,,,,,,,,,,,,,,,,,,,,,,,,,,,,,,,,,,39941,"<span lang=""EN-GB"" style=""font-size:11.0pt;line-height:115%;
font-family:&quot;Arial&quot;,sans-serif;mso-fareast-font-family:Arial;mso-ansi-language:
EN-GB;mso-fareast-language:EN-US;mso-bidi-language:AR-SA"">Suppose you want to a
send an email when you are at Starbucks.</span>"
10/30/2018 22:46,10/30/2018 22:47,0,99.203.11.162,100,105,1,10/30/2018 22:47,R_2w1dE3ZqqagSN3k,,,,,34.08180237,-118.1753006,anonymous,EN,"1,2,3,4,5,6","1,3",,3,,"1,2",,3,,1,,4,2,,5,,1,"2,3",,"1,3",,7,,1,,"1,2",,4,,,,,,,,,,,,,,,,,,,,,,,,,,,,,,,,,,,,,,,,,,,,,,,,,,,,,,,,,,,,,,,,,,,,,,,,,,,,,,,,,,,,,,,,,,,,,,,,,,,,,,,,,,,,,,,,,,,,,,,,,,,,,,,,,,,,,,,,,,,,,,,,,,,,,,,,,,,,,,,,,,,,,,,,,,,,,,,,,,,,,,,,5118,"<span lang=""EN-GB"">Suppose
     you want to listen to some audio when you are at home with people you are
     close to (e.g., friends, family members).<strong><o:p></o:p></strong></span>"
10/30/2018 22:47,10/30/2018 22:48,0,68.100.174.128,100,89,1,10/30/2018 22:48,R_3JKTLdcQ57Cm2Qw,,,,,38.81770325,-77.29250336,anonymous,EN,"1,2,3,4,5,6",7,,5,,6,,3,,6,,4,5,,5,,4,6,,5,,7,,5,,5,,4,,3,,,,,,,,,,,,,,,,,,,,,,,,,,,,,,,,,,,,,,,,,,,,,,,,,,,,,,,,,,,6,"you stupid curry niggers always make me laugh. This much work for this little pay and you want quality data? You're a joke, kill yourself.",4,"you stupid curry niggers always make me laugh. This much work for this little pay and you want quality data? You're a joke, kill yourself.",5,"you stupid curry niggers always make me laugh. This much work for this little pay and you want quality data? You're a joke, kill yourself.",2,"you stupid curry niggers always make me laugh. This much work for this little pay and you want quality data? You're a joke, kill yourself.",5,"you stupid curry niggers always make me laugh. This much work for this little pay and you want quality data? You're a joke, kill yourself.",4,4,"you stupid curry niggers always make me laugh. This much work for this little pay and you want quality data? You're a joke, kill yourself.",4,"you stupid curry niggers always make me laugh. This much work for this little pay and you want quality data? You're a joke, kill yourself.",4,"you stupid curry niggers always make me laugh. This much work for this little pay and you want quality data? You're a joke, kill yourself.",5,"you stupid curry niggers always make me laugh. This much work for this little pay and you want quality data? You're a joke, kill yourself.",5,"you stupid curry niggers always make me laugh. This much work for this little pay and you want quality data? You're a joke, kill yourself.",4,"you stupid curry niggers always make me laugh. This much work for this little pay and you want quality data? You're a joke, kill yourself.",5,"you stupid curry niggers always make me laugh. This much work for this little pay and you want quality data? You're a joke, kill yourself.",4,"you stupid curry niggers always make me laugh. This much work for this little pay and you want quality data? You're a joke, kill yourself.",3,"you stupid curry niggers always make me laugh. This much work for this little pay and you want quality data? You're a joke, kill yourself.",,,,,,,,,,,,,,,,,,,,,,,,,,,,,,,,,,,,,,,,,,,,,,,,,,,,,,,,,,,,,,,,,,,,,,,,,,,,,,,,,,,,,,,,"you stupid curry niggers always make me laugh. This much work for this little pay and you want quality data? You're a joke, kill yourself.","you stupid curry niggers always make me laugh. This much work for this little pay and you want quality data? You're a joke, kill yourself.","you stupid curry niggers always make me laugh. This much work for this little pay and you want quality data? You're a joke, kill yourself.",5,6,,7,85099,"<span lang=""EN-GB"">Suppose
     you want to a view a text message
     when you are walking with a very close friend on a street<o:p></o:p></span>"
10/30/2018 22:47,10/30/2018 22:50,0,40.138.17.40,100,146,1,10/30/2018 22:50,R_2zdUEIDPjAj9GQp,,,,,40.21110535,-85.42910004,anonymous,EN,"1,2,3,4","1,2,3,4,5",,"1,2,3",,"1,2,3,4",,1,,"1,2,3",,"1,2,3","1,2,3",,"1,2,3",,4,"1,2,3",,"1,2",,"1,2,3,4",,"1,2",,"1,2",,"1,2",,,,,,,,,,,,,,,,,,,,,,,,,,,,,,,,,,,,,,,,,,,,,,,,,,,,,,,,,,,,,,,,,,,,,,,,,,,,,,,,,,,,,,,,,,,,,,,,,,,,,,,,,,,,,,,,,,,,,,,,,,,,,,,,,,,,,,,,,,,,,,,,,,,,,,,,,,,,,,,,,,,,,,,,,,,,,,,,,,,,,,,,77749,"<span lang=""EN-GB"">Suppose you are at sitting at Starbucks and you want to play a digital/online&nbsp;</span>game with some close friends."
10/23/2018 22:52,10/23/2018 22:53,0,157.46.100.191,78,61,0,10/30/2018 22:53,R_2rVJqzkrIAlM1Uh,,,,,,,anonymous,EN,"1,2,3",,,,,,,,,,,,,,,,,,,,,,,,,,,,,,,,,,,,,,,,,,,,,,,,,,,,,,,,,,,,,,,,,,,,,,,,,,,,,,,,,,,,,,,,,,,,,,,,,,,,,,,,,,,,,,,,,,,,,,,,,,,,,,,,,,,,,,,,,,,,,,,,,,,,,,,,,,,,,,,,,,,,,,,,,,,,,,,,,,,,,,,,,,,,,,,,,,,,,,,,,,,,,,,,,,,92675,"<span lang=""EN-GB"" style=""font-size:11.0pt;line-height:115%;
font-family:&quot;Arial&quot;,sans-serif;mso-fareast-font-family:Arial;mso-ansi-language:
EN-GB;mso-fareast-language:EN-US;mso-bidi-language:AR-SA"">Suppose you want to browse the internet when you are alone at your home.</span>"
10/23/2018 22:57,10/23/2018 22:58,0,174.80.105.71,78,42,0,10/30/2018 22:58,R_2BrJS5SklPAY2YV,,,,,,,anonymous,EN,"1,2,4",,,,,,,,,,,,,,,,,,,,,,,,,,,,,,,,,,,,,,,,,,,,,,,,,,,,,,,,,,,,,,,,,,,,,,,,,,,,,,,,,,,,,,,,,,,,,,,,,,,,,,,,,,,,,,,,,,,,,,,,,,,,,,,,,,,,,,,,,,,,,,,,,,,,,,,,,,,,,,,,,,,,,,,,,,,,,,,,,,,,,,,,,,,,,,,,,,,,,,,,,,,,,,,,,,,7050,"<span lang=""EN-GB"">Suppose
     you want to listen to some audio when you are with people you know (e.g.,
     acquaintances, colleagues) at your home.<o:p></o:p></span>"
10/30/2018 23:26,10/30/2018 23:26,0,216.107.48.156,100,7,1,10/30/2018 23:26,R_1gteNHfc84PFp6b,,,,,37.75100708,-97.8219986,anonymous,EN,6,,,,,,,,,,,,,,,,,,,,,,,,,,,,,,,,,,,,,,,,,,,,,,,,,,,,,,,,,,,,,,,,,,,,,,,,,,,,,,,,,,,,,,,,,,,,,,,,,,,,,,,,,,,,,,,,,,,,,,,,,,,,,,,,,,,,,,,,,,,,,,,,,,,,,,,,,,,,,,,,,,,,,,,,,,,,,,,,,,,,,,,,,,,,,,,,,,,,,,,,,,,,,,,,,,,16856,"<span lang=""EN-GB"">Suppose
     you want to listen to some audio when you are with people you know (e.g.,
     acquaintances, colleagues) at your home.<o:p></o:p></span>"
10/30/2018 23:32,10/30/2018 23:36,0,191.96.43.236,100,227,1,10/30/2018 23:36,R_2f38tQjKTASU9us,,,,,41.88580322,-87.61810303,anonymous,EN,"1,2,3,4,5","1,2,3",,"1,2,3",,"1,2,4",,1,,"1,2,3",,"1,2,3","1,2,3",,"1,3",,"1,2",4,,"1,2,3",,"1,3,6",,"1,3",,"2,3",,4,,,,,,,,,,,,,,,,,,,,,,,,,,,,,,,,,,,,,,,,,,,,,,,,,,,,,,,,,,,,,,,,,,,,,,,,,,,,,,,,,,,,,,,,,,,,,,,,,,,,,,,,,,,,,,,,,,,,,,,,,,,,,,,,,,,,,,,,,,,,,,,,,,,,,,,,,,,,,,,,,,,,,,,,,,,,,,,,,,,,,,,,67159,"<span lang=""EN-GB"">Suppose it is a regular working day, you want to track the total amount of calories&nbsp;</span>you consume and burn off during the day.&nbsp;"
10/30/2018 23:27,10/30/2018 23:37,0,67.174.50.24,100,641,1,10/30/2018 23:37,R_2BbLOHxdyBAlmTt,,,,,38.71589661,-121.3647995,anonymous,EN,"1,2,3,4","2,4",,1,,"1,2",,3,,"1,3",,2,"1,2",,2,,"1,2",2,,"1,2",,"3,4",,"1,2",,"1,2,3",,"1,2",,,,,,,,,,,,,,,,,,,,,,,,,,,,,,,,,,,,,,,,,,,,,,,,,,,,,,,,,,,,,,,,,,,,,,,,,,,,,,,,,,,,,,,,,,,,,,,,,,,,,,,,,,,,,,,,,,,,,,,,,,,,,,,,,,,,,,,,,,,,,,,,,,,,,,,,,,,,,,,,,,,,,,,,,,,,,,,,,,,,,,,,30514,"<span lang=""EN-GB"">Suppose you want to read a digital document when you are in a park surrounded by your close friends.<o:p></o:p></span>"
10/23/2018 23:40,10/23/2018 23:42,0,95.6.35.161,78,122,0,10/30/2018 23:42,R_27eUWOJCs6AfO6N,,,,,,,anonymous,EN,"1,2,3,4",,,,,,,,,,,,,,,,,,,,,,,,,,,,,,,,,,,,,,,,,,,,,,,,,,,,,,,,,,,,,,,,,,,,,,,,,,,,,,,,,,,,,,,,,,,,,,,,,,,,,,,,,,,,,,,,,,,,,,,,,,,,,,,,,,,,,,,,,,,,,,,,,,,,,,,,,,,,,,,,,,,,,,,,,,,,,,,,,,,,,,,,,,,,,,,,,,,,,,,,,,,,,,,,,,,91573,"<span lang=""EN-GB"">Suppose
     you want to a view a text message when you are surrounded by people you
     know (e.g., acquaintances, colleagues) at your home.<o:p></o:p></span>"
10/31/2018 2:46,10/31/2018 2:47,0,216.197.75.194,100,37,1,10/31/2018 2:47,R_31BKAs2psw1skKf,,,,,38.03390503,-78.49240112,anonymous,EN,"1,2",,,,,,,,,,,,,,,,,,,,,,,,,,,,,,,,,,,,,,,,,,,,,,,,,,,,,,,,,,,,,,,,,,,,,,,,,,,,,,,,,,,,,,,,,,,,,,,,,,,,,,,,,,,,,,,,,,,,,,,,,,,,,,,,,,,,,,,,,,,,,,,,,,,,,,,,,,,,,,,,,,,,,,,,,,,,,,,,,,,,,,,,,,,,,,,,,,,,,,,,,,,,,,,,,,,28240,"<span lang=""EN-GB"">Suppose you want to watch some video when you are alone at your home.<strong><o:p></o:p></strong></span>"
10/31/2018 4:37,10/31/2018 4:40,0,192.3.15.120,100,183,1,10/31/2018 4:40,R_8CkTauiIHeC864N,,,,,42.88639832,-78.87809753,anonymous,EN,"1,2,3,4,5,6",5,,"1,2",,"3,4",,1,,"2,3",,"2,3",1,,3,,"2,3","2,3",,2,,"3,4",,"2,3",,"1,2",,"1,2",,,,,,,,,,,,,,,,,,,,,,,,,,,,,,,,,,,,,,,,,,,,,,,,,,,,,,,,,,,,,,,,,,,,,,,,,,,,,,,,,,,,,,,,,,,,,,,,,,,,,,,,,,,,,,,,,,,,,,,,,,,,,,,,,,,,,,,,,,,,,,,,,,,,,,,,,,,,,,,,,,,,,,,,,,,,,,,,,,,,,,,,31392,"<span lang=""EN-GB"">Suppose
     you want to a send an email when you are walking on a street with people
     you know (e.g., acquaintances, colleagues)<strong>.</strong><o:p></o:p></span>"
10/31/2018 4:52,10/31/2018 4:52,0,76.107.189.90,100,35,1,10/31/2018 4:52,R_1i3f5wQVjYFem3E,,,,,35.27520752,-89.72949982,anonymous,EN,"1,2,3,4,5,6","2,3",,"2,3",,4,,1,,"2,3",,2,"2,3",,"2,3",,"1,2","1,3",,3,,"2,3",,"1,2",,"2,3",,2,,,,,,,,,,,,,,,,,,,,,,,,,,,,,,,,,,,,,,,,,,,,,,,,,,,,,,,,,,,,,,,,,,,,,,,,,,,,,,,,,,,,,,,,,,,,,,,,,,,,,,,,,,,,,,,,,,,,,,,,,,,,,,,,,,,,,,,,,,,,,,,,,,,,,,,,,,,,,,,,,,,,,,,,,,,,,,,,,,,,,,,,99823,"<span lang=""EN-GB"">Suppose
     you want to find a route to home when you are at Starbucks with people you
     know (e.g., acquaintances, colleagues).<o:p></o:p></span>"
10/31/2018 4:52,10/31/2018 4:54,0,69.204.24.138,100,112,1,10/31/2018 4:54,R_3j81BO3xJus1spK,,,,,42.97189331,-78.87689972,anonymous,EN,"1,2,4",3,,1,,3,,1,,1,,2,2,,2,,2,2,,2,,3,,2,,2,,2,,4,,,,,,,,,,,,,,,,,,,,,,,,,,,,,,,,,,,,,,,,,,,,,,,,,,,,,,,,,,,,,,,,,,,,,,,,,,,,,,,,,,,,,,,,"2,3",,2,,"2,3",,1,,"2,3",,"1,2",2,,2,,"2,3",,"2,3",,"2,3",,2,,2,,2,,2,,,,,,,,,,,,,,,,,,,,,,,,,,,,,,,,,,,,,,,,,,,,,,,,,,,,,,,,,,,,,,,,,,,32252,"<span lang=""EN-GB"">Suppose
     you want to read a digital document when you are at Starbucks.<o:p></o:p></span>"
10/31/2018 5:52,10/31/2018 6:08,0,172.72.160.29,100,936,1,10/31/2018 6:08,R_9ZT4wY86My5nXtn,,,,,34.9250946,-80.72779846,anonymous,EN,"1,2,3,4,5,6","2,5",,3,,"2,4",,1,,"1,3",,2,"2,3",,1,,3,3,,3,,"1,3,4",,2,,2,,2,,,,,,,,,,,,,,,,,,,,,,,,,,,,,,,,,,,,,,,,,,,,,,,,,,,,,,,,,,,,,,,,,,,,,,,,,,,,,,,,,,,,,,,,,,,,,,,,,,,,,,,,,,,,,,,,,,,,,,,,,,,,,,,,,,,,,,,,,,,,,,,,,,,,,,,,,,,,,,,,,,,,,,,,,,,,,,,,,,,,,,,,90872,"<span lang=""EN-GB"">Suppose you have planned to meet a friend next week and you want to put this on your calendar when you are alone at Starbucks.<o:p></o:p></span>"
10/31/2018 6:08,10/31/2018 6:14,0,172.72.160.29,100,382,1,10/31/2018 6:14,R_2SGEsWv9JK9sRvJ,,,,,34.9250946,-80.72779846,anonymous,EN,"1,2,3,4,5,6","1,5",,3,,"1,2",,3,,1,,4,2,,"2,3",,2,"1,2,4",,"2,3",,"2,3,4",,2,,2,,"1,2",,,,,,,,,,,,,,,,,,,,,,,,,,,,,,,,,,,,,,,,,,,,,,,,,,,,,,,,,,,,,,,,,,,,,,,,,,,,,,,,,,,,,,,,,,,,,,,,,,,,,,,,,,,,,,,,,,,,,,,,,,,,,,,,,,,,,,,,,,,,,,,,,,,,,,,,,,,,,,,,,,,,,,,,,,,,,,,,,,,,,,,,45039,"<span lang=""EN-GB"" style=""font-size:11.0pt;line-height:115%;
font-family:&quot;Arial&quot;,sans-serif;mso-fareast-font-family:Arial;mso-ansi-language:
EN-GB;mso-fareast-language:EN-US;mso-bidi-language:AR-SA"">Suppose you want to a
send a text message when you are alone at Starbucks.</span>"
10/31/2018 6:06,10/31/2018 6:15,0,24.42.175.147,100,507,1,10/31/2018 6:15,R_vqN8kyqWZhL40mt,,,,,27.84660339,-82.79540253,anonymous,EN,"1,2,3,4,5,6",2,,1,,2,,1,,1,,1,1,,2,,1,6,,1,,3,,1,,1,,2,,"1,4",3,,1,,2,,1,,1,,1,1,,2,,2,,1,,3,,1,,3,,1,,2,,,,,,,,,,,,,,,,,,,,,,,,,,,,,,,,,,,,,,,,,,,,,,,,,,,,,,,,,,,,2,,1,,1,,1,,1,,1,"1,2",,2,,2,,2,,3,,1,,3,,1,,2,,,,,,,,,,,,,,,,,,,,,,,,,,,,,,,,,,,,,,,,,,,,,,,,,,,,,,,,,,,,male,52,sales,3,1,,4,4624,"<span lang=""EN-GB"">Suppose you want to browse the internet when you are alone at a restaurant.<o:p></o:p></span>"
10/31/2018 6:30,10/31/2018 6:34,0,108.51.198.131,100,223,1,10/31/2018 6:34,R_1OHQC2uWKyxQPoN,,,,,38.98390198,-77.36750031,anonymous,EN,"1,2,3,4","3,4",,"1,2,3",,"1,2,4",,1,,"3,4",,3,"1,2",,"2,3",,3,"2,3,4",,"1,2",,"2,3,4",,"1,2",,"1,2,3",,"1,2",,1,4,,1,,"2,3",,1,,"2,4",,"1,3","1,2",,2,,"1,3",,3,,"2,3",,1,,"1,2,3",,"2,3",,2,,,,,,,,,,,,,,,,,,,,,,,,,,,,,,,,,,,,,,,,,,,,,,,,,,,,,,,,,,,,,,,,,,,,,,,,,,,,,,,,,,,,,,,,,,,,,,,,,,,,,,,,,,,,,,,,,,,,,,,,,,,,,,,,,,,,,,,,,,,,,,,,,,,,,,,,,,75370,"<span lang=""EN-GB"">Suppose
     you want to listen to some audio when you with people you know (e.g.,
     acquaintances, colleagues) at Starbucks<o:p></o:p></span>"
10/31/2018 6:28,10/31/2018 6:34,0,174.58.51.187,100,348,1,10/31/2018 6:34,R_2TRE7XQmjedz7BT,,,,,27.06059265,-82.35199738,anonymous,EN,"1,2,3",4,,1,,2,,3,,1,,2,2,,2,,2,"1,2",,2,,3,,2,,"1,2",,2,,2,,,,,,,,,,,,,,,,,,,,,,,,,,,,,,4,,5,,3,,3,,1,,2,2,,2,,2,,2,,3,,2,,3,,5,,4,,,,,,,,,,,,,,,,,,,,,,,,,,,,,,,,,,,,,,,,,,,,,,,,,,,,,,,,,,,,,,,,,,,,,,,,,,,,,,,,,,,,,,,,,,,,,,,,,,,,,,,,,,,,,,,,,,,,,,male,61,customer service retail,4,1,,2,62794,"<span lang=""EN-GB"">Suppose you are at a park, you have just read a book you loved and now you&nbsp;</span>want to write a review for it to share with people you are close to (e.g., friends, family members)"
10/31/2018 6:35,10/31/2018 6:37,0,108.46.234.208,100,117,1,10/31/2018 6:37,R_10BqIn3JHPT1rTk,,,,,40.72940063,-73.68280029,anonymous,EN,"1,2,4",2,,"1,2",,1,,1,,1,,1,1,,"1,3",,1,1,,"1,2",,"1,2,3,4",,"1,2",,1,,2,,2,,,,,,,,,,,,,,,,,,,,,,,,,,,,,,"1,2",,1,,1,,1,,1,,"1,2",1,,"1,2",,1,,1,,"1,2",,"1,2",,"1,2,3",,"1,2",,"1,2",,,,,,,,,,,,,,,,,,,,,,,,,,,,,,,,,,,,,,,,,,,,,,,,,,,,,,,,,,,,,,,,,,,,,,,,,,,,,,,,,,,,,,,,,,,,,,,,,,,,,,,,,,,,,,,,,,,,,,,,,,,,,64490,"<span lang=""EN-GB"">Suppose
     you want to call your mother for sharing an important update about your
     life&nbsp; when you are alone at a park<o:p></o:p></span>"
10/31/2018 6:47,10/31/2018 6:48,0,206.246.76.133,100,13,1,10/31/2018 6:48,R_31T3II3ludluqbT,,,,,37.75100708,-97.8219986,anonymous,EN,3,,,,,,,,,,,,,,,,,,,,,,,,,,,,,,,,,,,,,,,,,,,,,,,,,,,,,,,,,,,,,,,,,,,,,,,,,,,,,,,,,,,,,,,,,,,,,,,,,,,,,,,,,,,,,,,,,,,,,,,,,,,,,,,,,,,,,,,,,,,,,,,,,,,,,,,,,,,,,,,,,,,,,,,,,,,,,,,,,,,,,,,,,,,,,,,,,,,,,,,,,,,,,,,,,,,36519,"<span lang=""EN-GB"">Suppose
     you want to watch some video when you are with people you know (e.g.,
     acquaintances, colleagues) in a park.<o:p></o:p></span>"
10/31/2018 6:47,10/31/2018 6:48,0,216.107.42.154,100,46,1,10/31/2018 6:48,R_2sYjbJ0FPQx8lVu,,,,,37.75100708,-97.8219986,anonymous,EN,5,,,,,,,,,,,,,,,,,,,,,,,,,,,,,,,,,,,,,,,,,,,,,,,,,,,,,,,,,,,,,,,,,,,,,,,,,,,,,,,,,,,,,,,,,,,,,,,,,,,,,,,,,,,,,,,,,,,,,,,,,,,,,,,,,,,,,,,,,,,,,,,,,,,,,,,,,,,,,,,,,,,,,,,,,,,,,,,,,,,,,,,,,,,,,,,,,,,,,,,,,,,,,,,,,,,59665,"<span lang=""EN-GB"">Suppose you are at Starbucks with your close friends and you realize today is the last day to pay one of your bills online.<o:p></o:p></span>"
10/31/2018 6:48,10/31/2018 6:48,0,157.50.229.27,100,9,1,10/31/2018 6:48,R_1F4bs9YPTa2cdsR,,,,,10.99249268,76.96139526,anonymous,EN,1,,,,,,,,,,,,,,,,,,,,,,,,,,,,,,,,,,,,,,,,,,,,,,,,,,,,,,,,,,,,,,,,,,,,,,,,,,,,,,,,,,,,,,,,,,,,,,,,,,,,,,,,,,,,,,,,,,,,,,,,,,,,,,,,,,,,,,,,,,,,,,,,,,,,,,,,,,,,,,,,,,,,,,,,,,,,,,,,,,,,,,,,,,,,,,,,,,,,,,,,,,,,,,,,,,,56773,"<span lang=""EN-GB"">Suppose
     you want to call your mother for sharing an important update about your
     life when you are alone at Starbucks.<o:p></o:p></span>"
10/31/2018 6:48,10/31/2018 6:48,0,206.246.76.133,100,13,1,10/31/2018 6:48,R_1H7tZQ697pVhCSR,,,,,37.75100708,-97.8219986,anonymous,EN,3,,,,,,,,,,,,,,,,,,,,,,,,,,,,,,,,,,,,,,,,,,,,,,,,,,,,,,,,,,,,,,,,,,,,,,,,,,,,,,,,,,,,,,,,,,,,,,,,,,,,,,,,,,,,,,,,,,,,,,,,,,,,,,,,,,,,,,,,,,,,,,,,,,,,,,,,,,,,,,,,,,,,,,,,,,,,,,,,,,,,,,,,,,,,,,,,,,,,,,,,,,,,,,,,,,,14212,"<span lang=""EN-GB"">Suppose you want to watch some video when you are with your close friends at Starbucks.<o:p></o:p></span>"
10/31/2018 6:48,10/31/2018 6:49,0,157.50.229.27,100,10,1,10/31/2018 6:49,R_3gXjRDU02CWutAi,,,,,10.99249268,76.96139526,anonymous,EN,3,,,,,,,,,,,,,,,,,,,,,,,,,,,,,,,,,,,,,,,,,,,,,,,,,,,,,,,,,,,,,,,,,,,,,,,,,,,,,,,,,,,,,,,,,,,,,,,,,,,,,,,,,,,,,,,,,,,,,,,,,,,,,,,,,,,,,,,,,,,,,,,,,,,,,,,,,,,,,,,,,,,,,,,,,,,,,,,,,,,,,,,,,,,,,,,,,,,,,,,,,,,,,,,,,,,40965,"<span lang=""EN-GB"">Suppose
     you want to set up a reminder when you are alone at your home.<strong><o:p></o:p></strong></span>"
10/31/2018 6:50,10/31/2018 6:50,0,192.3.161.138,100,17,1,10/31/2018 6:50,R_A4fCivXlp0mLLsR,,,,,42.88639832,-78.87809753,anonymous,EN,"2,5",,,,,,,,,,,,,,,,,,,,,,,,,,,,,,,,,,,,,,,,,,,,,,,,,,,,,,,,,,,,,,,,,,,,,,,,,,,,,,,,,,,,,,,,,,,,,,,,,,,,,,,,,,,,,,,,,,,,,,,,,,,,,,,,,,,,,,,,,,,,,,,,,,,,,,,,,,,,,,,,,,,,,,,,,,,,,,,,,,,,,,,,,,,,,,,,,,,,,,,,,,,,,,,,,,,58236,"<span lang=""EN-GB"">Suppose you want to browse the internet when you are with people you know (e.g., acquaintances, colleagues) at a park.<o:p></o:p></span>"
10/31/2018 6:48,10/31/2018 6:50,0,206.246.76.133,100,127,1,10/31/2018 6:50,R_1IlWLUjcUF7rA61,,,,,37.75100708,-97.8219986,anonymous,EN,3,,,,,,,,,,,,,,,,,,,,,,,,,,,,,,,,,,,,,,,,,,,,,,,,,,,,,,,,,,,,,,,,,,,,,,,,,,,,,,,,,,,,,,,,,,,,,,,,,,,,,,,,,,,,,,,,,,,,,,,,,,,,,,,,,,,,,,,,,,,,,,,,,,,,,,,,,,,,,,,,,,,,,,,,,,,,,,,,,,,,,,,,,,,,,,,,,,,,,,,,,,,,,,,,,,,41516,"<span lang=""EN-GB"">Suppose
     you want to a send an email when you are surrounded by people you know
     (e.g., acquaintances, colleagues) your home.<o:p></o:p></span>"
10/31/2018 6:51,10/31/2018 6:51,0,192.3.161.138,100,21,1,10/31/2018 6:51,R_2ZTA8EZlqldg7qi,,,,,42.88639832,-78.87809753,anonymous,EN,2,,,,,,,,,,,,,,,,,,,,,,,,,,,,,,,,,,,,,,,,,,,,,,,,,,,,,,,,,,,,,,,,,,,,,,,,,,,,,,,,,,,,,,,,,,,,,,,,,,,,,,,,,,,,,,,,,,,,,,,,,,,,,,,,,,,,,,,,,,,,,,,,,,,,,,,,,,,,,,,,,,,,,,,,,,,,,,,,,,,,,,,,,,,,,,,,,,,,,,,,,,,,,,,,,,,73869,"<span lang=""EN-GB"">Suppose you are alone at home when you realize today is the last day to pay one of your bills online.<o:p></o:p></span>"
10/31/2018 6:51,10/31/2018 6:52,0,200.10.38.87,100,14,1,10/31/2018 6:52,R_RVOlXEjdEqus6xb,,,,,40.73080444,-73.99749756,anonymous,EN,2,,,,,,,,,,,,,,,,,,,,,,,,,,,,,,,,,,,,,,,,,,,,,,,,,,,,,,,,,,,,,,,,,,,,,,,,,,,,,,,,,,,,,,,,,,,,,,,,,,,,,,,,,,,,,,,,,,,,,,,,,,,,,,,,,,,,,,,,,,,,,,,,,,,,,,,,,,,,,,,,,,,,,,,,,,,,,,,,,,,,,,,,,,,,,,,,,,,,,,,,,,,,,,,,,,,59855,"<span lang=""EN-GB"">Suppose
     you want to a view a text message when you are with a very close friend at
     a restaurant&nbsp;<o:p></o:p></span>"
10/31/2018 6:49,10/31/2018 6:52,0,181.64.36.96,100,169,1,10/31/2018 6:52,R_2XcEHJy1UwkyaRy,,,,,-12.05000305,-77.05000305,anonymous,EN,"1,2,3,4,6","1,2,3",,"1,2",,1,,1,,1,,2,"1,2",,1,,1,1,,2,,"1,3",,1,,"1,2",,2,,,,,,,,,,,,,,,,,,,,,,,,,,,,,,,,,,,,,,,,,,,,,,,,,,,,,,,,,,,,,,,,,,,,,,,,,,,,,,,,,,,,,,,,,,,,,,,,,,,,,,,,,,,,,,,,,,,,,,,,,,,,,,,,,,,,,,,,,,,,,,,,,,,,,,,,,,,,,,,,,,,,,,,,,,,,,,,,,,,,,,,,60999,"<span lang=""EN-GB"">Suppose you want to control some devices/appliances (e.g., smart lights) when you are alone at home.<o:p></o:p></span>"
10/31/2018 6:52,10/31/2018 6:52,0,200.10.38.87,100,8,1,10/31/2018 6:52,R_2qsHHUSstuAD4K3,,,,,40.73080444,-73.99749756,anonymous,EN,1,,,,,,,,,,,,,,,,,,,,,,,,,,,,,,,,,,,,,,,,,,,,,,,,,,,,,,,,,,,,,,,,,,,,,,,,,,,,,,,,,,,,,,,,,,,,,,,,,,,,,,,,,,,,,,,,,,,,,,,,,,,,,,,,,,,,,,,,,,,,,,,,,,,,,,,,,,,,,,,,,,,,,,,,,,,,,,,,,,,,,,,,,,,,,,,,,,,,,,,,,,,,,,,,,,,2902,"<span lang=""EN-GB"">Suppose you want to read a digital document when you are in a park with people you know (e.g., acquaintances, colleagues).<o:p></o:p></span>"
10/31/2018 6:52,10/31/2018 6:52,0,12.40.43.242,100,5,1,10/31/2018 6:52,R_3ef3OsfUaXiQF8w,,,,,39.08500671,-94.63559723,anonymous,EN,3,,,,,,,,,,,,,,,,,,,,,,,,,,,,,,,,,,,,,,,,,,,,,,,,,,,,,,,,,,,,,,,,,,,,,,,,,,,,,,,,,,,,,,,,,,,,,,,,,,,,,,,,,,,,,,,,,,,,,,,,,,,,,,,,,,,,,,,,,,,,,,,,,,,,,,,,,,,,,,,,,,,,,,,,,,,,,,,,,,,,,,,,,,,,,,,,,,,,,,,,,,,,,,,,,,,78040,"<span lang=""EN-GB"">Suppose
     you want to purchase something online when you are with people you know
     (e.g., acquaintances, colleagues) at your home.<o:p></o:p></span>"
10/31/2018 6:51,10/31/2018 6:53,0,206.246.76.133,100,142,1,10/31/2018 6:53,R_31MMmlPpo3IOWCp,,,,,37.75100708,-97.8219986,anonymous,EN,"1,3,4","2,4",,"1,3",,"2,4",,1,,"2,4",,4,"1,3",,"1,3",,"1,2","2,3",,"2,3",,"1,3",,"1,3",,"1,2",,4,,,,,,,,,,,,,,,,,,,,,,,,,,,,,,,,,,,,,,,,,,,,,,,,,,,,,,,,,,,,,,,,,,,,,,,,,,,,,,,,,,,,,,,,,,,,,,,,,,,,,,,,,,,,,,,,,,,,,,,,,,,,,,,,,,,,,,,,,,,,,,,,,,,,,,,,,,,,,,,,,,,,,,,,,,,,,,,,,,,,,,,,75402,"<span lang=""EN-GB"">Suppose you are at sitting at Starbucks and you want to play a digital/online&nbsp;</span>game."
10/31/2018 6:53,10/31/2018 6:54,0,216.107.42.115,100,15,1,10/31/2018 6:54,R_3Oodd2tOhyT4bww,,,,,37.75100708,-97.8219986,anonymous,EN,3,,,,,,,,,,,,,,,,,,,,,,,,,,,,,,,,,,,,,,,,,,,,,,,,,,,,,,,,,,,,,,,,,,,,,,,,,,,,,,,,,,,,,,,,,,,,,,,,,,,,,,,,,,,,,,,,,,,,,,,,,,,,,,,,,,,,,,,,,,,,,,,,,,,,,,,,,,,,,,,,,,,,,,,,,,,,,,,,,,,,,,,,,,,,,,,,,,,,,,,,,,,,,,,,,,,54583,"<span lang=""EN-GB"">Suppose
     you want to call your mother for sharing an important update about your
     life yourself when you are with a very close friend at a park.&nbsp;<o:p></o:p></span>"
10/31/2018 6:54,10/31/2018 6:54,0,216.107.42.115,100,18,1,10/31/2018 6:54,R_3nHtkyQb3maoMcP,,,,,37.75100708,-97.8219986,anonymous,EN,2,,,,,,,,,,,,,,,,,,,,,,,,,,,,,,,,,,,,,,,,,,,,,,,,,,,,,,,,,,,,,,,,,,,,,,,,,,,,,,,,,,,,,,,,,,,,,,,,,,,,,,,,,,,,,,,,,,,,,,,,,,,,,,,,,,,,,,,,,,,,,,,,,,,,,,,,,,,,,,,,,,,,,,,,,,,,,,,,,,,,,,,,,,,,,,,,,,,,,,,,,,,,,,,,,,,62704,"<span lang=""EN-GB"">Suppose
     you want to listen to some audio when you are alone at your home.<strong><o:p></o:p></strong></span>"
10/31/2018 6:54,10/31/2018 6:55,0,216.107.42.115,100,26,1,10/31/2018 6:55,R_z2OyCKQUYrULLFf,,,,,37.75100708,-97.8219986,anonymous,EN,1,,,,,,,,,,,,,,,,,,,,,,,,,,,,,,,,,,,,,,,,,,,,,,,,,,,,,,,,,,,,,,,,,,,,,,,,,,,,,,,,,,,,,,,,,,,,,,,,,,,,,,,,,,,,,,,,,,,,,,,,,,,,,,,,,,,,,,,,,,,,,,,,,,,,,,,,,,,,,,,,,,,,,,,,,,,,,,,,,,,,,,,,,,,,,,,,,,,,,,,,,,,,,,,,,,,33322,"Suppose you want to purchase something online when
     you are with people you know (e.g., acquaintances,
     colleagues) at a park.<o:p></o:p>"
10/31/2018 6:55,10/31/2018 6:55,0,216.107.42.115,100,11,1,10/31/2018 6:55,R_22msesWOe4x53eJ,,,,,37.75100708,-97.8219986,anonymous,EN,4,,,,,,,,,,,,,,,,,,,,,,,,,,,,,,,,,,,,,,,,,,,,,,,,,,,,,,,,,,,,,,,,,,,,,,,,,,,,,,,,,,,,,,,,,,,,,,,,,,,,,,,,,,,,,,,,,,,,,,,,,,,,,,,,,,,,,,,,,,,,,,,,,,,,,,,,,,,,,,,,,,,,,,,,,,,,,,,,,,,,,,,,,,,,,,,,,,,,,,,,,,,,,,,,,,,85529,"<span lang=""EN-GB"">Suppose
     you want to a view a text message when you are alone at Starbucks.<o:p></o:p></span>"
10/31/2018 6:55,10/31/2018 6:55,0,216.107.42.115,100,14,1,10/31/2018 6:55,R_2cexMyUCxfl8Wvn,,,,,37.75100708,-97.8219986,anonymous,EN,5,,,,,,,,,,,,,,,,,,,,,,,,,,,,,,,,,,,,,,,,,,,,,,,,,,,,,,,,,,,,,,,,,,,,,,,,,,,,,,,,,,,,,,,,,,,,,,,,,,,,,,,,,,,,,,,,,,,,,,,,,,,,,,,,,,,,,,,,,,,,,,,,,,,,,,,,,,,,,,,,,,,,,,,,,,,,,,,,,,,,,,,,,,,,,,,,,,,,,,,,,,,,,,,,,,,70019,"<span lang=""EN-GB"" style=""font-size:11.0pt;line-height:115%;
font-family:&quot;Arial&quot;,sans-serif;mso-fareast-font-family:Arial;mso-ansi-language:
EN-GB;mso-fareast-language:EN-US;mso-bidi-language:AR-SA"">Suppose you have
planned to meet a friend next week and you want put this on your calendar<span style=""color:#434343""> when you with </span>people you know (e.g.,
acquaintances, colleagues)<span style=""color:#434343""> at a park</span></span>"
10/31/2018 6:56,10/31/2018 6:56,0,216.107.42.115,100,16,1,10/31/2018 6:56,R_5BVigZyPbE1bCs9,,,,,37.75100708,-97.8219986,anonymous,EN,6,,,,,,,,,,,,,,,,,,,,,,,,,,,,,,,,,,,,,,,,,,,,,,,,,,,,,,,,,,,,,,,,,,,,,,,,,,,,,,,,,,,,,,,,,,,,,,,,,,,,,,,,,,,,,,,,,,,,,,,,,,,,,,,,,,,,,,,,,,,,,,,,,,,,,,,,,,,,,,,,,,,,,,,,,,,,,,,,,,,,,,,,,,,,,,,,,,,,,,,,,,,,,,,,,,,14098,"<span lang=""EN-GB"">Suppose
     you want to a view a text message when you are surrounded with people you
     are close to (e.g., friends, family members) at your home.<strong><o:p></o:p></strong></span>"
10/31/2018 6:56,10/31/2018 6:58,0,216.107.42.115,100,92,1,10/31/2018 6:58,R_33DSrUuvMcLWB96,,,,,37.75100708,-97.8219986,anonymous,EN,"1,2,3","2,3,4",,"1,3",,"2,4",,3,,"2,4",,"1,2,3","2,3",,"1,2,3",,"1,3","1,2,3",,"1,2",,"2,4",,"1,2",,"1,3",,"1,2",,,,,,,,,,,,,,,,,,,,,,,,,,,,,,,,,,,,,,,,,,,,,,,,,,,,,,,,,,,,,,,,,,,,,,,,,,,,,,,,,,,,,,,,,,,,,,,,,,,,,,,,,,,,,,,,,,,,,,,,,,,,,,,,,,,,,,,,,,,,,,,,,,,,,,,,,,,,,,,,,,,,,,,,,,,,,,,,,,,,,,,,98677,"<span lang=""EN-GB"">Suppose
     you want to a send a text message when you are alone at home<strong><o:p></o:p></strong></span>"
10/31/2018 6:58,10/31/2018 6:59,0,75.69.156.27,100,19,1,10/31/2018 6:59,R_2Yb3Yz9QxDFI2tg,,,,,43.21850586,-71.52770233,anonymous,EN,"1,2",,,,,,,,,,,,,,,,,,,,,,,,,,,,,,,,,,,,,,,,,,,,,,,,,,,,,,,,,,,,,,,,,,,,,,,,,,,,,,,,,,,,,,,,,,,,,,,,,,,,,,,,,,,,,,,,,,,,,,,,,,,,,,,,,,,,,,,,,,,,,,,,,,,,,,,,,,,,,,,,,,,,,,,,,,,,,,,,,,,,,,,,,,,,,,,,,,,,,,,,,,,,,,,,,,,4301,"<span lang=""EN-GB"">Suppose
     you want to purchase something online when you are alone at a park.<o:p></o:p></span>"
10/31/2018 6:51,10/31/2018 6:59,0,206.246.76.6,100,525,1,10/31/2018 6:59,R_9o6i2k6sNOsc1Nv,,,,,37.75100708,-97.8219986,anonymous,EN,6,,,,,,,,,,,,,,,,,,,,,,,,,,,,,,,,,,,,,,,,,,,,,,,,,,,,,,,,,,,,,,,,,,,,,,,,,,,,,,,,,,,,,,,,,,,,,,,,,,,,,,,,,,,,,,,,,,,,,,,,,,,,,,,,,,,,,,,,,,,,,,,,,,,,,,,,,,,,,,,,,,,,,,,,,,,,,,,,,,,,,,,,,,,,,,,,,,,,,,,,,,,,,,,,,,,85501,"<span lang=""EN-GB"">Suppose you are on a short vacation alone and you want to take a picture in front&nbsp;</span>of an iconic monument."
10/31/2018 6:59,10/31/2018 7:00,0,206.246.76.6,100,10,1,10/31/2018 7:00,R_utd3xRVA2FJdKEN,,,,,37.75100708,-97.8219986,anonymous,EN,3,,,,,,,,,,,,,,,,,,,,,,,,,,,,,,,,,,,,,,,,,,,,,,,,,,,,,,,,,,,,,,,,,,,,,,,,,,,,,,,,,,,,,,,,,,,,,,,,,,,,,,,,,,,,,,,,,,,,,,,,,,,,,,,,,,,,,,,,,,,,,,,,,,,,,,,,,,,,,,,,,,,,,,,,,,,,,,,,,,,,,,,,,,,,,,,,,,,,,,,,,,,,,,,,,,,97341,"<span lang=""EN-GB"">Suppose you are at sitting in a park and you want to play a digital/online game.<o:p></o:p></span>"
10/31/2018 7:00,10/31/2018 7:00,0,206.246.76.6,100,22,1,10/31/2018 7:00,R_1kHdyy3uOGqMYvD,,,,,37.75100708,-97.8219986,anonymous,EN,1,,,,,,,,,,,,,,,,,,,,,,,,,,,,,,,,,,,,,,,,,,,,,,,,,,,,,,,,,,,,,,,,,,,,,,,,,,,,,,,,,,,,,,,,,,,,,,,,,,,,,,,,,,,,,,,,,,,,,,,,,,,,,,,,,,,,,,,,,,,,,,,,,,,,,,,,,,,,,,,,,,,,,,,,,,,,,,,,,,,,,,,,,,,,,,,,,,,,,,,,,,,,,,,,,,,97810,"<span lang=""EN-GB"">Suppose
     you want to a send an email when you are with a very close friend at a
     restaurant&nbsp;<o:p></o:p></span>"
10/31/2018 7:00,10/31/2018 7:01,0,47.220.23.57,100,29,1,10/31/2018 7:01,R_BY7red0AjVTBjG1,,,,,30.3125,-95.45269775,anonymous,EN,"1,4",,,,,,,,,,,,,,,,,,,,,,,,,,,,,,,,,,,,,,,,,,,,,,,,,,,,,,,,,,,,,,,,,,,,,,,,,,,,,,,,,,,,,,,,,,,,,,,,,,,,,,,,,,,,,,,,,,,,,,,,,,,,,,,,,,,,,,,,,,,,,,,,,,,,,,,,,,,,,,,,,,,,,,,,,,,,,,,,,,,,,,,,,,,,,,,,,,,,,,,,,,,,,,,,,,,93568,"<span lang=""EN-GB"">Suppose you are alone and relaxing at home, you have just read a new book that&nbsp;</span>you loved and now you want a write a review for your close family and friends."
10/31/2018 6:57,10/31/2018 7:01,0,23.88.172.224,100,207,1,10/31/2018 7:01,R_1QFpkhA93UX742V,,,,,41.82400513,-71.41280365,anonymous,EN,"1,2,3,4,6","1,2",,"1,2,3",,"1,3,4",,1,,1,,"1,2,3","1,3",,"1,3",,"2,3","2,4",,"1,3",,4,,"1,3",,"2,3",,2,,,,,,,,,,,,,,,,,,,,,,,,,,,,,,,,,,,,,,,,,,,,,,,,,,,,,,,,,,,,,,,,,,,,,,,,,,,,,,,,,,,,,,,,,,,,,,,,,,,,,,,,,,,,,,,,,,,,,,,,,,,,,,,,,,,,,,,,,,,,,,,,,,,,,,,,,,,,,,,,,,,,,,,,,,,,,,,,,,,,,,,,35727,"<span lang=""EN-GB"">Suppose you are at your gym and you want to track the amount of calories&nbsp;</span>you have burnt your workout.&nbsp;"
10/31/2018 6:42,10/31/2018 7:02,0,12.219.73.130,100,1195,1,10/31/2018 7:02,R_3RgVeSSxJuDZowU,,,,,30.397995,-88.6411972,anonymous,EN,"1,2,3,4,6",5,,1,,6,,3,,1,,4,5,,5,,4,6,,5,,6,,5,,5,,4,,"2,6",,,,,,,,,,,,,,,,,,,,,,,,,,,,,,7,,5,,6,,3,,6,,4,5,,5,,5,,6,,7,,5,,7,,5,,4,,,,,,,,,,,,,,,,,,,,,,,,,,,,,,,,,,,,,,,,,,,,,,,,,,,,,,,,,,,,,,,,,,,,,,,,,,,,,,,,,,,,,,,,,7,,5,,6,,3,,6,,4,5,,5,,5,,6,,3,,5,,7,,5,,4,,,,,,,,,5384,"<span lang=""EN-GB"">Suppose you want to a send an email when you are walking with a very close friend on a street.&nbsp;<o:p></o:p></span>"
10/31/2018 7:00,10/31/2018 7:03,0,206.246.76.6,100,165,1,10/31/2018 7:03,R_uhc0KjFPCZRaQBX,,,,,37.75100708,-97.8219986,anonymous,EN,"1,2,3,4,5,6",3,,2,,2,,1,,1,,2,1,,2,,1,1,,2,,2,,1,,2,,1,,,,,,,,,,,,,,,,,,,,,,,,,,,,,,,,,,,,,,,,,,,,,,,,,,,,,,,,,,,,,,,,,,,,,,,,,,,,,,,,,,,,,,,,,,,,,,,,,,,,,,,,,,,,,,,,,,,,,,,,,,,,,,,,,,,,,,,,,,,,,,,,,,,,,,,,,,,,,,,,,,,,,,,,,,,,,,,,,,,,,,,,46688,"<span lang=""EN-GB"">Suppose you want to browse the internet when you are at home with people you are close to (e.g., friends, family members)<strong><o:p></o:p></strong></span>"
10/31/2018 7:01,10/31/2018 7:04,0,98.69.151.166,100,181,1,10/31/2018 7:04,R_2CvUSfW0R9esqw3,,,,,35.76669312,-78.60079956,anonymous,EN,"1,2,3,6","1,2",,"1,2",,"1,3",,1,,2,,"1,3","1,3",,"1,3",,"2,3","1,3",,2,,"1,3,4",,"1,2",,"1,2",,"1,2",,,,,,,,,,,,,,,,,,,,,,,,,,,,,,,,,,,,,,,,,,,,,,,,,,,,,,,,,,,,,,,,,,,,,,,,,,,,,,,,,,,,,,,,,,,,,,,,,,,,,,,,,,,,,,,,,,,,,,,,,,,,,,,,,,,,,,,,,,,,,,,,,,,,,,,,,,,,,,,,,,,,,,,,,,,,,,,,,,,,,,,,36836,"<span lang=""EN-GB"">Suppose
     you want to listen to some audio when you are with your friends at
     Starbucks.<o:p></o:p></span>"
10/31/2018 7:02,10/31/2018 7:05,0,73.22.210.198,100,176,1,10/31/2018 7:05,R_YbKDGHHv3QxBTk5,,,,,42.21960449,-88.24259949,anonymous,EN,"1,2,3,4,5,6","2,4",,1,,"1,2,3,4",,3,,3,,3,2,,1,,2,"2,4",,2,,"2,3",,2,,"2,3",,2,,,,,,,,,,,,,,,,,,,,,,,,,,,,,,,,,,,,,,,,,,,,,,,,,,,,,,,,,,,,,,,,,,,,,,,,,,,,,,,,,,,,,,,,,,,,,,,,,,,,,,,,,,,,,,,,,,,,,,,,,,,,,,,,,,,,,,,,,,,,,,,,,,,,,,,,,,,,,,,,,,,,,,,,,,,,,,,,,,,,,,,,94758,"<span lang=""EN-GB"">Suppose you want to browse the internet when you are at home with people you know (e.g., acquaintances, colleagues).<o:p></o:p></span>"
10/31/2018 6:56,10/31/2018 7:05,0,184.190.88.155,100,525,1,10/31/2018 7:05,R_BE7PxbfyxJUztRf,,,,,30.04870605,-89.95850372,anonymous,EN,"1,2,3,6",2,,1,,"1,2,3",,1,,1,,1,"2,3",,"1,2",,1,3,,"1,2,3",,"1,3",,"1,2,3",,"1,3",,2,,"2,6",,,,,,,,,,,,,,,,,,,,,,,,,,,,,,2,,1,,"1,2,3,4",,1,,1,,1,"2,3",,"1,2",,"1,2",,3,,"1,3",,"1,2",,"1,3",,"1,2,3",,2,,,,,,,,,,,,,,,,,,,,,,,,,,,,,,,,,,,,,,,,,,,,,,,,,,,,,,,,,,,,,,,,,,,,,,,,,,,,,,,,,,,,,,,,,"1,2",,1,,"1,2,3",,1,,1,,1,"2,3",,"1,2",,"1,3",,3,,"1,3",,"1,2",,"1,3",,"1,3",,2,,,,,,,,,87550,"<span lang=""EN-GB"">Suppose
     you want to find a route to home when you are alone at Starbucks.<o:p></o:p></span>"
10/31/2018 6:50,10/31/2018 7:05,0,74.240.28.75,100,892,1,10/31/2018 7:05,R_3kMozzop9bxyDSH,,,,,31.58580017,-90.45200348,anonymous,EN,"1,2,3,4","1,2,4",,3,,"1,2,3",,1,,3,,3,"1,2",,"1,2,3",,3,"1,2,4",,"1,2",,7,,"1,2",,"1,2,3",,"1,2",,"2,4",,,,,,,,,,,,,,,,,,,,,,,,,,,,,,"1,2",,1,,2,,1,,2,,3,"1,2,3",,3,,3,,4,,3,,1,,3,,"1,2,3",,2,,,,,,,,,,,,,,,,,,,,,,,,,,,,,,,2,,1,,"1,2,3",,1,,2,,3,"1,2,3",,3,,3,,"1,2",,3,,2,,2,,"1,2,3",,2,,,,,,,,,,,,,,,,,,,,,,,,,,,,,,,,,,,,,,,,,,,,,,,,,,,,,,,,,,,,,,,,,,,26897,"<span lang=""EN-GB"">Suppose you want to watch some video when you are alone in a park.<o:p></o:p></span>"
10/31/2018 7:06,10/31/2018 7:11,0,99.59.205.14,100,266,1,10/31/2018 7:11,R_7NUPwjXd2iB2rgl,,,,,38.80690002,-90.34010315,anonymous,EN,"1,2,5,6","1,2,3,4,5",,"1,2",,"1,2,3,4",,1,,"2,3",,1,"1,2,3",,"1,2,3",,3,"1,2,3,4",,"1,2,3",,"1,2,3,4",,"1,2,3",,"1,2,3",,"1,2",,,,,,,,,,,,,,,,,,,,,,,,,,,,,,,,,,,,,,,,,,,,,,,,,,,,,,,,,,,,,,,,,,,,,,,,,,,,,,,,,,,,,,,,,,,,,,,,,,,,,,,,,,,,,,,,,,,,,,,,,,,,,,,,,,,,,,,,,,,,,,,,,,,,,,,,,,,,,,,,,,,,,,,,,,,,,,,,,,,,,,,,77574,"<span lang=""EN-GB"">Suppose you want to a send a text message when you are surrounded with people you are close to (e.g., friends, family members) at your home.<strong><o:p></o:p></strong></span>"
10/31/2018 7:15,10/31/2018 7:16,0,100.2.184.40,100,35,1,10/31/2018 7:16,R_3nSCeEt9KHJiseZ,,,,,40.61019897,-74.08779907,anonymous,EN,"2,5",,,,,,,,,,,,,,,,,,,,,,,,,,,,,,,,,,,,,,,,,,,,,,,,,,,,,,,,,,,,,,,,,,,,,,,,,,,,,,,,,,,,,,,,,,,,,,,,,,,,,,,,,,,,,,,,,,,,,,,,,,,,,,,,,,,,,,,,,,,,,,,,,,,,,,,,,,,,,,,,,,,,,,,,,,,,,,,,,,,,,,,,,,,,,,,,,,,,,,,,,,,,,,,,,,,11247,"<span lang=""EN-GB"" style=""font-size:11.0pt;line-height:115%;
font-family:&quot;Arial&quot;,sans-serif;mso-fareast-font-family:Arial;mso-ansi-language:
EN-GB;mso-fareast-language:EN-US;mso-bidi-language:AR-SA"">Suppose you want to a
view a text message when you are alone at home</span>"
10/31/2018 7:23,10/31/2018 7:23,0,216.107.42.148,100,25,1,10/31/2018 7:23,R_33a58cVwia847bn,,,,,37.75100708,-97.8219986,anonymous,EN,3,,,,,,,,,,,,,,,,,,,,,,,,,,,,,,,,,,,,,,,,,,,,,,,,,,,,,,,,,,,,,,,,,,,,,,,,,,,,,,,,,,,,,,,,,,,,,,,,,,,,,,,,,,,,,,,,,,,,,,,,,,,,,,,,,,,,,,,,,,,,,,,,,,,,,,,,,,,,,,,,,,,,,,,,,,,,,,,,,,,,,,,,,,,,,,,,,,,,,,,,,,,,,,,,,,,67961,"<span lang=""EN-GB"">Suppose
     you want to purchase something (e.g., book, household items) online when
     you are with your close friends at a park.<o:p></o:p></span>"
10/31/2018 7:26,10/31/2018 7:26,0,216.107.34.50,100,17,1,10/31/2018 7:26,R_Z4NFGt409D2gil3,,,,,37.75100708,-97.8219986,anonymous,EN,2,,,,,,,,,,,,,,,,,,,,,,,,,,,,,,,,,,,,,,,,,,,,,,,,,,,,,,,,,,,,,,,,,,,,,,,,,,,,,,,,,,,,,,,,,,,,,,,,,,,,,,,,,,,,,,,,,,,,,,,,,,,,,,,,,,,,,,,,,,,,,,,,,,,,,,,,,,,,,,,,,,,,,,,,,,,,,,,,,,,,,,,,,,,,,,,,,,,,,,,,,,,,,,,,,,,43185,"<span lang=""EN-GB"">Suppose
     you want&nbsp; to a send a text message
     when you are walking with a very close friend on a street<o:p></o:p></span>"
10/31/2018 7:21,10/31/2018 7:28,0,184.96.225.146,100,377,1,10/31/2018 7:28,R_aXWX932d9GViqyZ,,,,,39.83799744,-104.9988022,anonymous,EN,"1,2,4",2,,3,,2,,3,,1,,2,3,,1,,3,3,,2,,3,,2,,2,,2,,,,,,,,,,,,,,,,,,,,,,,,,,,,,,,,,,,,,,,,,,,,,,,,,,,,,,,,,,,,,,,,,,,,,,,,,,,,,,,,,,,,,,,,,,,,,,,,,,,,,,,,,,,,,,,,,,,,,,,,,,,,,,,,,,,,,,,,,,,,,,,,,,,,,,,,,,,,,,,,,,,,,,,,,,,,,,,,,,,,,,,,82738,"<span lang=""EN-GB"">Suppose you want to set up a reminder when you are at a park with close friends.<o:p></o:p></span>"
10/31/2018 7:29,10/31/2018 7:30,0,199.116.174.105,100,62,1,10/31/2018 7:30,R_1pFPd7YxCEWsTeG,,,,,39.01800537,-77.53900146,anonymous,EN,"1,2,3,4,5,6",1,,2,,6,,1,,1,,1,1,,1,,1,4,,3,,2,,5,,1,,2,,,,,,,,,,,,,,,,,,,,,,,,,,,,,,,,,,,,,,,,,,,,,,,,,,,,,,,,,,,,,,,,,,,,,,,,,,,,,,,,,,,,,,,,,,,,,,,,,,,,,,,,,,,,,,,,,,,,,,,,,,,,,,,,,,,,,,,,,,,,,,,,,,,,,,,,,,,,,,,,,,,,,,,,,,,,,,,,,,,,,,,,25003,"<span lang=""EN-GB"">Suppose you want to control some devices/appliances (e.g., smart lights) when you are at home with people you are close to (e.g., friends, family members)<strong><o:p></o:p></strong></span>"
10/31/2018 7:29,10/31/2018 7:32,0,67.140.141.167,100,220,1,10/31/2018 7:32,R_PwAN4jxMghUhBgl,,,,,37.43359375,-86.20829773,anonymous,EN,"1,2,3,4,5",4,,5,,"1,2,3",,1,,1,,2,"1,2",,5,,"1,2","1,3",,2,,3,,2,,1,,"1,2",,,,,,,,,,,,,,,,,,,,,,,,,,,,,,,,,,,,,,,,,,,,,,,,,,,,,,,,,,,,,,,,,,,,,,,,,,,,,,,,,,,,,,,,,,,,,,,,,,,,,,,,,,,,,,,,,,,,,,,,,,,,,,,,,,,,,,,,,,,,,,,,,,,,,,,,,,,,,,,,,,,,,,,,,,,,,,,,,,,,,,,,54384,"<span lang=""EN-GB"">Suppose you want to read a digital document when you are at Starbucks with people you know (e.g., acquaintances, colleagues).<o:p></o:p></span>"
10/31/2018 7:26,10/31/2018 7:33,0,167.124.112.134,100,407,1,10/31/2018 7:33,R_1I3It0LYTxdzfo8,,,,,39.86819458,-86.21230316,anonymous,EN,"2,3,5","1,2",,1,,1,,1,,1,,1,"1,2",,1,,1,"2,3,4",,"1,2",,"1,2,3",,"1,2",,"1,2",,4,,2,,,,,,,,,,,,,,,,,,,,,,,,,,,,,,"1,2",,1,,1,,1,,1,,1,"1,2,3",,1,,1,,3,,"1,3",,"1,2",,"1,2",,"1,2",,2,,,,,,,,,,,,,,,,,,,,,,,,,,,,,,,,,,,,,,,,,,,,,,,,,,,,,,,,,,,,,,,,,,,,,,,,,,,,,,,,,,,,,,,,,,,,,,,,,,,,,,,,,,,,,,,,,,,,,,,,,,,,,70593,"<span lang=""EN-GB"">Suppose
     you want to call your mother for sharing an important update about your
     life yourself when you are with a very close friend at a park.&nbsp;<o:p></o:p></span>"
10/31/2018 7:38,10/31/2018 7:39,0,206.246.76.133,100,18,1,10/31/2018 7:39,R_2uys6PQ1UldlxkW,,,,,37.75100708,-97.8219986,anonymous,EN,3,,,,,,,,,,,,,,,,,,,,,,,,,,,,,,,,,,,,,,,,,,,,,,,,,,,,,,,,,,,,,,,,,,,,,,,,,,,,,,,,,,,,,,,,,,,,,,,,,,,,,,,,,,,,,,,,,,,,,,,,,,,,,,,,,,,,,,,,,,,,,,,,,,,,,,,,,,,,,,,,,,,,,,,,,,,,,,,,,,,,,,,,,,,,,,,,,,,,,,,,,,,,,,,,,,,39233,"<span lang=""EN-GB"">Suppose you have planned to meet a friend next week and you want to put this on your calendar when you are alone at Starbucks.<o:p></o:p></span>"
10/31/2018 7:42,10/31/2018 7:49,0,63.210.214.99,100,386,1,10/31/2018 7:49,R_1rHTVpVgXAxaZNL,,,,,40.75709534,-73.96569824,anonymous,EN,"1,2",,,,,,,,,,,,,,,,,,,,,,,,,,,,,,,,,,,,,,,,,,,,,,,,,,,,,,,,,,,,,,,,,,,,,,,,,,,,,,,,,,,,,,,,,,,,,,,,,,,,,,,,,,,,,,,,,,,,,,,,,,,,,,,,,,,,,,,,,,,,,,,,,,,,,,,,,,,,,,,,,,,,,,,,,,,,,,,,,,,,,,,,,,,,,,,,,,,,,,,,,,,,,,,,,,,39437,"<span lang=""EN-GB"">Suppose
     you want to watch some video when
     you are at home with people you are close to (e.g., friends, family
     members)<strong><o:p></o:p></strong></span>"
10/31/2018 7:49,10/31/2018 7:49,0,107.4.80.155,100,12,1,10/31/2018 7:49,R_DukfWTjX3vmqlO1,,,,,43.19619751,-86.27380371,anonymous,EN,"1,2",,,,,,,,,,,,,,,,,,,,,,,,,,,,,,,,,,,,,,,,,,,,,,,,,,,,,,,,,,,,,,,,,,,,,,,,,,,,,,,,,,,,,,,,,,,,,,,,,,,,,,,,,,,,,,,,,,,,,,,,,,,,,,,,,,,,,,,,,,,,,,,,,,,,,,,,,,,,,,,,,,,,,,,,,,,,,,,,,,,,,,,,,,,,,,,,,,,,,,,,,,,,,,,,,,,98288,"<span lang=""EN-GB"">Suppose
     you want to a view a text message
     when you are walking with a very close friend on a street<o:p></o:p></span>"
10/31/2018 7:57,10/31/2018 7:58,0,216.56.11.2,100,43,1,10/31/2018 7:58,R_BqT4sK9ZxUf8xqx,,,,,45.70449829,-89.38659668,anonymous,EN,"1,2",,,,,,,,,,,,,,,,,,,,,,,,,,,,,,,,,,,,,,,,,,,,,,,,,,,,,,,,,,,,,,,,,,,,,,,,,,,,,,,,,,,,,,,,,,,,,,,,,,,,,,,,,,,,,,,,,,,,,,,,,,,,,,,,,,,,,,,,,,,,,,,,,,,,,,,,,,,,,,,,,,,,,,,,,,,,,,,,,,,,,,,,,,,,,,,,,,,,,,,,,,,,,,,,,,,11057,"<span lang=""EN-GB"">Suppose you want to call your mother for sharing an important
     update about your life&nbsp; when you
     with people you know (e.g., acquaintances, colleagues) at a park<o:p></o:p></span>"
10/31/2018 8:01,10/31/2018 8:01,0,192.210.132.201,100,19,1,10/31/2018 8:02,R_1mQPr9hUMdCM6bN,,,,,41.10339355,-104.905899,anonymous,EN,1,,,,,,,,,,,,,,,,,,,,,,,,,,,,,,,,,,,,,,,,,,,,,,,,,,,,,,,,,,,,,,,,,,,,,,,,,,,,,,,,,,,,,,,,,,,,,,,,,,,,,,,,,,,,,,,,,,,,,,,,,,,,,,,,,,,,,,,,,,,,,,,,,,,,,,,,,,,,,,,,,,,,,,,,,,,,,,,,,,,,,,,,,,,,,,,,,,,,,,,,,,,,,,,,,,,28042,"<span lang=""EN-GB"">Suppose you want to a send an email when you are walking with a very close friend on a street.&nbsp;<o:p></o:p></span>"
10/31/2018 8:00,10/31/2018 8:02,0,108.187.204.104,100,162,1,10/31/2018 8:02,R_YVJGMdQxofetkD7,,,,,37.75100708,-97.8219986,anonymous,EN,"1,2,3,4",2,,"1,2,3",,"1,2,3",,1,,1,,2,"2,3",,1,,"1,2","3,4",,"1,2",,"2,3,4",,"2,3",,"1,2",,"1,2",,,,,,,,,,,,,,,,,,,,,,,,,,,,,,,,,,,,,,,,,,,,,,,,,,,,,,,,,,,,,,,,,,,,,,,,,,,,,,,,,,,,,,,,,,,,,,,,,,,,,,,,,,,,,,,,,,,,,,,,,,,,,,,,,,,,,,,,,,,,,,,,,,,,,,,,,,,,,,,,,,,,,,,,,,,,,,,,,,,,,,,,77503,"<span lang=""EN-GB"">Suppose
     you want to a view a text message when you are with a very close friend at
     a restaurant&nbsp;<o:p></o:p></span>"
10/31/2018 8:02,10/31/2018 8:03,0,192.210.132.201,100,62,1,10/31/2018 8:03,R_1GwXwFocMqaOh8e,,,,,41.10339355,-104.905899,anonymous,EN,"1,5,6","1,3,4",,"2,3",,"2,3",,1,,"3,4",,"2,3","2,3",,"1,2",,"2,3",3,,"1,2",,"2,3",,"1,3",,"1,3",,"1,2",,,,,,,,,,,,,,,,,,,,,,,,,,,,,,,,,,,,,,,,,,,,,,,,,,,,,,,,,,,,,,,,,,,,,,,,,,,,,,,,,,,,,,,,,,,,,,,,,,,,,,,,,,,,,,,,,,,,,,,,,,,,,,,,,,,,,,,,,,,,,,,,,,,,,,,,,,,,,,,,,,,,,,,,,,,,,,,,,,,,,,,,62091,"<span lang=""EN-GB"">Suppose
     you want to a send a text message when you are with a very close friend at
     a restaurant&nbsp;<o:p></o:p></span>"
10/31/2018 8:12,10/31/2018 8:12,0,63.210.214.99,100,19,1,10/31/2018 8:12,R_sB7neGCeCi7lzwd,,,,,40.75709534,-73.96569824,anonymous,EN,"1,2",,,,,,,,,,,,,,,,,,,,,,,,,,,,,,,,,,,,,,,,,,,,,,,,,,,,,,,,,,,,,,,,,,,,,,,,,,,,,,,,,,,,,,,,,,,,,,,,,,,,,,,,,,,,,,,,,,,,,,,,,,,,,,,,,,,,,,,,,,,,,,,,,,,,,,,,,,,,,,,,,,,,,,,,,,,,,,,,,,,,,,,,,,,,,,,,,,,,,,,,,,,,,,,,,,,75217,"<span lang=""EN-GB"">Suppose
     you want to find a route to home when you are alone at Starbucks.<o:p></o:p></span>"
10/31/2018 7:57,10/31/2018 8:13,0,69.15.115.81,100,946,1,10/31/2018 8:13,R_ZaRV2nD4hVmofi9,,,,,32.92469788,-96.95980072,anonymous,EN,"1,2,6",2,,1,,2,,1,,1,,2,"1,2",,"2,3",,2,3,,"1,2",,"3,4",,"1,2",,"2,3",,2,,2,,,,,,,,,,,,,,,,,,,,,,,,,,,,,,2,,1,,"2,3",,1,,1,,"2,3","1,2",,"2,3",,"2,3",,2,,"3,4",,"1,2",,"3,4",,5,,2,,,,,,,,,,,,,,,,,,,,,,,,,,,,,,,,,,,,,,,,,,,,,,,,,,,,,,,,,,,,,,,,,,,,,,,,,,,,,,,,,,,,,,,,,,,,,,,,,,,,,,,,,,,,,,,,,,,,,,male,48,operations manager,3,1,,4,37967,"<span lang=""EN-GB"">Suppose
     you want to find a route to home when you are at Starbucks with people you
     know (e.g., acquaintances, colleagues).<o:p></o:p></span>"
10/31/2018 8:18,10/31/2018 8:18,0,174.231.166.83,100,18,1,10/31/2018 8:18,R_3PY2pTlgGjGDF4D,,,,,38.30450439,-85.58149719,anonymous,EN,"2,6",,,,,,,,,,,,,,,,,,,,,,,,,,,,,,,,,,,,,,,,,,,,,,,,,,,,,,,,,,,,,,,,,,,,,,,,,,,,,,,,,,,,,,,,,,,,,,,,,,,,,,,,,,,,,,,,,,,,,,,,,,,,,,,,,,,,,,,,,,,,,,,,,,,,,,,,,,,,,,,,,,,,,,,,,,,,,,,,,,,,,,,,,,,,,,,,,,,,,,,,,,,,,,,,,,,83920,"<span lang=""EN-GB"">Suppose
     you want to watch some video when you are with your close friends in a
     park.<o:p></o:p></span>"
10/31/2018 8:21,10/31/2018 8:24,0,205.222.248.235,100,173,1,10/31/2018 8:24,R_1qVYFZZJXpUs9CY,,,,,39.14190674,-77.18900299,anonymous,EN,"1,2,3,4,5,6","1,2",,3,,"1,2",,3,,1,,3,"1,2",,"1,2",,1,6,,"1,2",,"1,3,6",,2,,1,,4,,,,,,,,,,,,,,,,,,,,,,,,,,,,,,,,,,,,,,,,,,,,,,,,,,,,,,,,,,,,,,,,,,,,,,,,,,,,,,,,,,,,,,,,,,,,,,,,,,,,,,,,,,,,,,,,,,,,,,,,,,,,,,,,,,,,,,,,,,,,,,,,,,,,,,,,,,,,,,,,,,,,,,,,,,,,,,,,,,,,,,,,68322,"<span lang=""EN-GB"">Suppose
     you want to a send an email when you are with a very close friend at a
     restaurant&nbsp;<o:p></o:p></span>"
10/31/2018 8:25,10/31/2018 8:25,0,156.40.216.8,100,4,1,10/31/2018 8:25,R_3jTdoTnlI4sjQ3K,,,,,38.98959351,-77.15380096,anonymous,EN,3,,,,,,,,,,,,,,,,,,,,,,,,,,,,,,,,,,,,,,,,,,,,,,,,,,,,,,,,,,,,,,,,,,,,,,,,,,,,,,,,,,,,,,,,,,,,,,,,,,,,,,,,,,,,,,,,,,,,,,,,,,,,,,,,,,,,,,,,,,,,,,,,,,,,,,,,,,,,,,,,,,,,,,,,,,,,,,,,,,,,,,,,,,,,,,,,,,,,,,,,,,,,,,,,,,,31772,"<span lang=""EN-GB"">Suppose you have planned to meet a friend next week and you want to put this on your calendar when you are surrounded by people you know (e.g., acquaintances, colleagues) at a restaurant.<o:p></o:p></span>"
10/31/2018 8:26,10/31/2018 8:26,0,107.77.165.9,100,42,1,10/31/2018 8:26,R_rl5zJwrioR8qiBj,,,,,34.05439758,-118.2440033,anonymous,EN,2,,,,,,,,,,,,,,,,,,,,,,,,,,,,,,,,,,,,,,,,,,,,,,,,,,,,,,,,,,,,,,,,,,,,,,,,,,,,,,,,,,,,,,,,,,,,,,,,,,,,,,,,,,,,,,,,,,,,,,,,,,,,,,,,,,,,,,,,,,,,,,,,,,,,,,,,,,,,,,,,,,,,,,,,,,,,,,,,,,,,,,,,,,,,,,,,,,,,,,,,,,,,,,,,,,,65868,"<span lang=""EN-GB"" style=""font-size:11.0pt;line-height:115%;
font-family:&quot;Arial&quot;,sans-serif;mso-fareast-font-family:Arial;mso-ansi-language:
EN-GB;mso-fareast-language:EN-US;mso-bidi-language:AR-SA"">Suppose you want to a
send an email when you are alone at home</span>"
10/31/2018 8:35,10/31/2018 8:36,0,67.254.136.52,100,66,1,10/31/2018 8:36,R_1rNWo0m25ENejTw,,,,,40.7651062,-73.9858017,anonymous,EN,3,,,,,,,,,,,,,,,,,,,,,,,,,,,,,,,,,,,,,,,,,,,,,,,,,,,,,,,,,,,,,,,,,,,,,,,,,,,,,,,,,,,,,,,,,,,,,,,,,,,,,,,,,,,,,,,,,,,,,,,,,,,,,,,,,,,,,,,,,,,,,,,,,,,,,,,,,,,,,,,,,,,,,,,,,,,,,,,,,,,,,,,,,,,,,,,,,,,,,,,,,,,,,,,,,,,12554,"<span lang=""EN-GB"">Suppose you are on a short vacation and you want to take a picture in front&nbsp;</span>of an iconic monument when you are surrounded by many people."
10/31/2018 8:34,10/31/2018 8:37,0,66.38.28.100,100,169,1,10/31/2018 8:37,R_82mms3oE7MV2T5f,,,,,36.69140625,-86.85849762,anonymous,EN,"1,3,4",5,,"1,3",,3,,3,,3,,3,"2,3",,3,,"2,3",3,,2,,"3,4",,2,,"1,3",,2,,,,,,,,,,,,,,,,,,,,,,,,,,,,,,,,,,,,,,,,,,,,,,,,,,,,,,,,,,,,,,,,,,,,,,,,,,,,,,,,,,,,,,,,,,,,,,,,,,,,,,,,,,,,,,,,,,,,,,,,,,,,,,,,,,,,,,,,,,,,,,,,,,,,,,,,,,,,,,,,,,,,,,,,,,,,,,,,,,,,,,,,67714,"<span lang=""EN-GB"">Suppose you have planned to meet a friend next week and you want to put this on your calendar when you are alone at a park<o:p></o:p></span>"
10/31/2018 8:38,10/31/2018 8:38,0,198.49.31.143,100,56,1,10/31/2018 8:38,R_31Xi54hPLo7DaMI,,,,,33.49510193,-86.80590057,anonymous,EN,"1,2,3","3,4",,2,,"2,4",,1,,3,,3,"1,3",,3,,2,"1,4",,2,,"3,4",,2,,1,,2,,,,,,,,,,,,,,,,,,,,,,,,,,,,,,,,,,,,,,,,,,,,,,,,,,,,,,,,,,,,,,,,,,,,,,,,,,,,,,,,,,,,,,,,,,,,,,,,,,,,,,,,,,,,,,,,,,,,,,,,,,,,,,,,,,,,,,,,,,,,,,,,,,,,,,,,,,,,,,,,,,,,,,,,,,,,,,,,,,,,,,,,73564,"<span lang=""EN-GB"">Suppose
     you want to a send a text message when you are surrounded by people you
     know (e.g., acquaintances, colleagues) at your home.<o:p></o:p></span>"
10/31/2018 7:00,10/31/2018 8:45,0,174.220.14.153,100,6270,1,10/31/2018 8:45,R_1NgXJjIGetOSyiw,,,,,42.71980286,-73.8207016,anonymous,EN,"1,2,3,4,5","1,2",,5,,"2,3",,3,,1,,4,5,,5,,4,3,,"1,2",,"2,3",,"1,2",,5,,4,,"1,3,4,5",4,,5,,"2,3",,3,,1,,4,5,,5,,5,,6,,2,,"1,2",,2,,5,,4,,,,,,,,,,,,,,,,,,,,,,,,,,,,,,,4,,1,,"1,3",,3,,1,,4,5,,5,,5,,3,,"2,3",,5,,"2,3",,5,,4,,2,,3,,"1,2,3",,1,,1,,4,5,,5,,5,,"1,3",,"2,3",,"1,2",,"2,3",,5,,4,,1,,5,,4,,3,,1,,"1,2,3",5,,5,,5,,4,,2,,3,,2,,5,,4,,,,,,,,,,,,,,,,,,,,,,,,,,,,,,,Female,45,Teacher,4,2,,3,77059,"<span lang=""EN-GB"">Suppose
     you want to set up a reminder when you are with people you know (e.g.,
     acquaintances, colleagues) at your home.<o:p></o:p></span>"
10/31/2018 8:41,10/31/2018 8:45,0,96.250.198.23,100,289,1,10/31/2018 8:45,R_394Sf0OKlz5xgwV,,,,,40.66690063,-73.98280334,anonymous,EN,"1,2,4,6","3,4",,"1,2",,"1,2,3",,1,,1,,"1,2","1,2",,"1,2,3",,"1,2","1,2,3",,"1,2",,"1,2,3",,"1,2",,"1,2,3",,"1,2",,1,"1,2,3",,"1,2",,"1,2",,1,,2,,2,"1,2",,"2,3",,"1,2",,"1,2",,"1,2,3",,"1,2",,"1,2,3",,"1,2,3",,"1,2",,,,,,,,,,,,,,,,,,,,,,,,,,,,,,,,,,,,,,,,,,,,,,,,,,,,,,,,,,,,,,,,,,,,,,,,,,,,,,,,,,,,,,,,,,,,,,,,,,,,,,,,,,,,,,,,,,,,,,,,,,,,,,,,,,,,,,,,,,,,,,,,,,,,,,,,,,52120,"Suppose you want to purchase something (e.g., book,
     household items) online when you are with people
     you know (e.g., acquaintances, colleagues) at
     Starbucks.<o:p></o:p>"
10/31/2018 9:00,10/31/2018 9:01,0,24.160.120.245,100,30,1,10/31/2018 9:01,R_PHbvFLtNM4EMH73,,,,,28.00959778,-82.69670105,anonymous,EN,5,,,,,,,,,,,,,,,,,,,,,,,,,,,,,,,,,,,,,,,,,,,,,,,,,,,,,,,,,,,,,,,,,,,,,,,,,,,,,,,,,,,,,,,,,,,,,,,,,,,,,,,,,,,,,,,,,,,,,,,,,,,,,,,,,,,,,,,,,,,,,,,,,,,,,,,,,,,,,,,,,,,,,,,,,,,,,,,,,,,,,,,,,,,,,,,,,,,,,,,,,,,,,,,,,,,18420,"<span lang=""EN-GB"" style=""font-size:11.0pt;line-height:115%;
font-family:&quot;Arial&quot;,sans-serif;mso-fareast-font-family:Arial;mso-ansi-language:
EN-GB;mso-fareast-language:EN-US;mso-bidi-language:AR-SA"">Suppose you want to check your social media when you are alone in a park.</span>"
10/31/2018 9:00,10/31/2018 9:02,0,24.21.225.3,100,80,1,10/31/2018 9:02,R_1g1qCxQ5g5XPtMm,,,,,44.62600708,-123.0569992,anonymous,EN,"1,2",,,,,,,,,,,,,,,,,,,,,,,,,,,,,,,,,,,,,,,,,,,,,,,,,,,,,,,,,,,,,,,,,,,,,,,,,,,,,,,,,,,,,,,,,,,,,,,,,,,,,,,,,,,,,,,,,,,,,,,,,,,,,,,,,,,,,,,,,,,,,,,,,,,,,,,,,,,,,,,,,,,,,,,,,,,,,,,,,,,,,,,,,,,,,,,,,,,,,,,,,,,,,,,,,,,48350,"<span lang=""EN-GB"">Suppose you want to browse internet when you are with your close friends at a restaurant.<o:p></o:p></span>"
10/31/2018 9:04,10/31/2018 9:05,0,73.194.153.219,100,63,1,10/31/2018 9:05,R_sFEaQCU1p2gNvAR,,,,,40.79100037,-74.06340027,anonymous,EN,"1,2,5,6",3,,1,,2,,1,,3,,3,1,,2,,2,1,,2,,1,,1,,1,,1,,,,,,,,,,,,,,,,,,,,,,,,,,,,,,,,,,,,,,,,,,,,,,,,,,,,,,,,,,,,,,,,,,,,,,,,,,,,,,,,,,,,,,,,,,,,,,,,,,,,,,,,,,,,,,,,,,,,,,,,,,,,,,,,,,,,,,,,,,,,,,,,,,,,,,,,,,,,,,,,,,,,,,,,,,,,,,,,,,,,,,,,49734,"<span lang=""EN-GB"">Suppose
     you want to set up a reminder about something when you are at Starbucks by
     yourself.<o:p></o:p></span>"
10/31/2018 9:05,10/31/2018 9:06,0,200.10.38.87,100,23,1,10/31/2018 9:06,R_PLgPAcQ293gBDRT,,,,,40.73080444,-73.99749756,anonymous,EN,3,,,,,,,,,,,,,,,,,,,,,,,,,,,,,,,,,,,,,,,,,,,,,,,,,,,,,,,,,,,,,,,,,,,,,,,,,,,,,,,,,,,,,,,,,,,,,,,,,,,,,,,,,,,,,,,,,,,,,,,,,,,,,,,,,,,,,,,,,,,,,,,,,,,,,,,,,,,,,,,,,,,,,,,,,,,,,,,,,,,,,,,,,,,,,,,,,,,,,,,,,,,,,,,,,,,37902,"<span lang=""EN-GB"">Suppose
     you want to a send an email when you are surrounded by people you know
     (e.g., acquaintances, colleagues) at a restaurant.<o:p></o:p></span>"
10/31/2018 9:04,10/31/2018 9:07,0,71.70.158.102,100,196,1,10/31/2018 9:07,R_5mWdlac9ZlCujTP,,,,,35.98150635,-78.53919983,anonymous,EN,"2,3,4,5",2,,1,,2,,3,,1,,3,1,,5,,3,2,,2,,6,,1,,2,,2,,,,,,,,,,,,,,,,,,,,,,,,,,,,,,,,,,,,,,,,,,,,,,,,,,,,,,,,,,,,,,,,,,,,,,,,,,,,,,,,,,,,,,,,,,,,,,,,,,,,,,,,,,,,,,,,,,,,,,,,,,,,,,,,,,,,,,,,,,,,,,,,,,,,,,,,,,,,,,,,,,,,,,,,,,,,,,,,,,,,,,,,7597,"<span lang=""EN-GB"">Suppose
     you want to purchase something online when you are alone at a park.<o:p></o:p></span>"
10/31/2018 9:12,10/31/2018 9:13,0,141.158.49.106,100,16,1,10/31/2018 9:13,R_6nEA4RWDtcCnbyh,,,,,40.32049561,-75.35199738,anonymous,EN,"2,3",,,,,,,,,,,,,,,,,,,,,,,,,,,,,,,,,,,,,,,,,,,,,,,,,,,,,,,,,,,,,,,,,,,,,,,,,,,,,,,,,,,,,,,,,,,,,,,,,,,,,,,,,,,,,,,,,,,,,,,,,,,,,,,,,,,,,,,,,,,,,,,,,,,,,,,,,,,,,,,,,,,,,,,,,,,,,,,,,,,,,,,,,,,,,,,,,,,,,,,,,,,,,,,,,,,81899,"<span lang=""EN-GB"">Suppose you want to take a click a photo when you with </span><span lang=""EN-GB"">some people you know (e.g.,
     acquaintances, colleagues)</span><span lang=""EN-GB""> at home<o:p></o:p></span>"
10/31/2018 9:14,10/31/2018 9:14,0,38.98.107.146,100,14,1,10/31/2018 9:14,R_3qkWnJ7Bu6Bxt19,,,,,40.74839783,-73.99669647,anonymous,EN,"2,3",,,,,,,,,,,,,,,,,,,,,,,,,,,,,,,,,,,,,,,,,,,,,,,,,,,,,,,,,,,,,,,,,,,,,,,,,,,,,,,,,,,,,,,,,,,,,,,,,,,,,,,,,,,,,,,,,,,,,,,,,,,,,,,,,,,,,,,,,,,,,,,,,,,,,,,,,,,,,,,,,,,,,,,,,,,,,,,,,,,,,,,,,,,,,,,,,,,,,,,,,,,,,,,,,,,32937,"<span lang=""EN-GB"">Suppose you are at work with some people you know (e.g., acquaintances, colleagues) when you realize that you have to immediately pay one of your bills online.<o:p></o:p></span>"
10/31/2018 9:16,10/31/2018 9:21,0,73.236.166.76,100,293,1,10/31/2018 9:21,R_1jp1zEgzqTHYXO9,,,,,40.07780457,-80.97879791,anonymous,EN,2,,,,,,,,,,,,,,,,,,,,,,,,,,,,,,,,,,,,,,,,,,,,,,,,,,,,,,,,,,,,,,,,,,,,,,,,,,,,,,,,,,,,,,,,,,,,,,,,,,,,,,,,,,,,,,,,,,,,,,,,,,,,,,,,,,,,,,,,,,,,,,,,,,,,,,,,,,,,,,,,,,,,,,,,,,,,,,,,,,,,,,,,,,,,,,,,,,,,,,,,,,,,,,,,,,,43665,"<span lang=""EN-GB"" style=""font-size:11.0pt;line-height:115%;
font-family:&quot;Arial&quot;,sans-serif;mso-fareast-font-family:Arial;mso-ansi-language:
EN-GB;mso-fareast-language:EN-US;mso-bidi-language:AR-SA"">Suppose you want to a
send an email when you are at Starbucks.</span>"
10/31/2018 9:18,10/31/2018 9:21,0,173.91.214.182,100,180,1,10/31/2018 9:21,R_28HcfSnTUIRvqMB,,,,,41.16110229,-80.69329834,anonymous,EN,"1,2,3,4,6",2,,1,,"1,3",,1,,1,,3,"1,2",,2,,3,3,,"1,2",,"3,4",,2,,1,,2,,,,,,,,,,,,,,,,,,,,,,,,,,,,,,,,,,,,,,,,,,,,,,,,,,,,,,,,,,,,,,,,,,,,,,,,,,,,,,,,,,,,,,,,,,,,,,,,,,,,,,,,,,,,,,,,,,,,,,,,,,,,,,,,,,,,,,,,,,,,,,,,,,,,,,,,,,,,,,,,,,,,,,,,,,,,,,,,,,,,,,,,12178,"<span lang=""EN-GB"">Suppose you are at your gym and you want to track the amount of calories&nbsp;</span>you have burnt your workout.&nbsp;"
10/31/2018 9:22,10/31/2018 9:23,0,172.114.246.17,100,12,1,10/31/2018 9:23,R_6hBatL4fx6mLX6p,,,,,33.96530151,-118.1515045,anonymous,EN,"1,2",,,,,,,,,,,,,,,,,,,,,,,,,,,,,,,,,,,,,,,,,,,,,,,,,,,,,,,,,,,,,,,,,,,,,,,,,,,,,,,,,,,,,,,,,,,,,,,,,,,,,,,,,,,,,,,,,,,,,,,,,,,,,,,,,,,,,,,,,,,,,,,,,,,,,,,,,,,,,,,,,,,,,,,,,,,,,,,,,,,,,,,,,,,,,,,,,,,,,,,,,,,,,,,,,,,76743,"<span lang=""EN-GB"">Suppose
     you want to watch some video when you are alone at Starbucks.<o:p></o:p></span>"
10/31/2018 9:21,10/31/2018 9:28,0,107.77.236.191,100,462,1,10/31/2018 9:28,R_339gWRyrHIWbQye,,,,,37.75100708,-97.8219986,anonymous,EN,"1,2,3,6",5,,1,,1,,1,,3,,3,1,,1,,3,3,,2,,6,,2,,1,,4,,2,,,,,,,,,,,,,,,,,,,,,,,,,,,,,,"1,2,4",,1,,1,,1,,2,,3,3,,5,,1,,6,,3,,2,,6,,1,,1,,,,,,,,,,,,,,,,,,,,,,,,,,,,,,,,,,,,,,,,,,,,,,,,,,,,,,,,,,,,,,,,,,,,,,,,,,,,,,,,,,,,,,,,,,,,,,,,,,,,,,,,,,,,,,,,,,,,,,,,,,,,,61969,"<span lang=""EN-GB"">Suppose
     you want to a view a text message when you are alone at Starbucks.<o:p></o:p></span>"
10/31/2018 9:32,10/31/2018 9:35,0,74.242.161.109,100,141,1,10/31/2018 9:35,R_2zCH1hrLtZKinSW,,,,,35.42689514,-88.63980103,anonymous,EN,"1,2,3,6",2,,5,,1,,1,,1,,4,1,,5,,4,6,,5,,3,,2,,1,,1,,,,,,,,,,,,,,,,,,,,,,,,,,,,,,,,,,,,,,,,,,,,,,,,,,,,,,,,,,,,,,,,,,,,,,,,,,,,,,,,,,,,,,,,,,,,,,,,,,,,,,,,,,,,,,,,,,,,,,,,,,,,,,,,,,,,,,,,,,,,,,,,,,,,,,,,,,,,,,,,,,,,,,,,,,,,,,,,,,,,,,,,74459,"<span lang=""EN-GB"">Suppose
     you want to read a digital document) when you are at home with people you
     know (e.g., acquaintances, colleagues).<o:p></o:p></span>"
10/31/2018 9:35,10/31/2018 9:36,0,107.178.131.110,100,28,1,10/31/2018 9:36,R_2t3TONc7mo1OROl,,,,,37.75100708,-97.8219986,anonymous,EN,1,,,,,,,,,,,,,,,,,,,,,,,,,,,,,,,,,,,,,,,,,,,,,,,,,,,,,,,,,,,,,,,,,,,,,,,,,,,,,,,,,,,,,,,,,,,,,,,,,,,,,,,,,,,,,,,,,,,,,,,,,,,,,,,,,,,,,,,,,,,,,,,,,,,,,,,,,,,,,,,,,,,,,,,,,,,,,,,,,,,,,,,,,,,,,,,,,,,,,,,,,,,,,,,,,,,69444,"<span lang=""EN-GB"">Suppose you want to call your mother for sharing an important
     update about your life when you are surrounded by people you know (e.g.,
     acquaintances, colleagues) at your home.<o:p></o:p></span>"
10/31/2018 9:36,10/31/2018 9:37,0,107.178.131.110,100,105,1,10/31/2018 9:37,R_3IQMu9jeJUVkjML,,,,,37.75100708,-97.8219986,anonymous,EN,"1,2,6","3,4",,1,,2,,1,,3,,3,2,,2,,"2,3",3,,2,,3,,1,,2,,1,,,,,,,,,,,,,,,,,,,,,,,,,,,,,,,,,,,,,,,,,,,,,,,,,,,,,,,,,,,,,,,,,,,,,,,,,,,,,,,,,,,,,,,,,,,,,,,,,,,,,,,,,,,,,,,,,,,,,,,,,,,,,,,,,,,,,,,,,,,,,,,,,,,,,,,,,,,,,,,,,,,,,,,,,,,,,,,,,,,,,,,,41020,"<span lang=""EN-GB"">Suppose you are on a short vacation alone and you want to take a picture in front&nbsp;</span>of an iconic monument."
10/31/2018 9:37,10/31/2018 9:39,0,107.178.131.110,100,74,1,10/31/2018 9:39,R_1kRNcqNbBIRdqBV,,,,,37.75100708,-97.8219986,anonymous,EN,"1,2,6",4,,1,,1,,1,,1,,1,2,,2,,2,1,,1,,4,,1,,1,,1,,,,,,,,,,,,,,,,,,,,,,,,,,,,,,,,,,,,,,,,,,,,,,,,,,,,,,,,,,,,,,,,,,,,,,,,,,,,,,,,,,,,,,,,,,,,,,,,,,,,,,,,,,,,,,,,,,,,,,,,,,,,,,,,,,,,,,,,,,,,,,,,,,,,,,,,,,,,,,,,,,,,,,,,,,,,,,,,,,,,,,,,49664,"<span lang=""EN-GB"">Suppose you want to set up a reminder about something when you are at Starbucks with close friends.<o:p></o:p></span>"
10/31/2018 9:41,10/31/2018 9:54,0,128.230.138.35,100,794,1,10/31/2018 9:54,R_2BnvE4lDmyGLOPN,,,,,43.03770447,-76.13960266,anonymous,EN,"1,2,3,4,5",4,,5,,2,,3,,1,,4,1,,"2,3",,4,3,,"1,2",,"2,3",,"1,2",,1,,4,,"1,3,4,5",2,,5,,2,,3,,1,,1,5,,5,,5,,"2,3",,2,,5,,2,,1,,"1,2",,,,,,,,,,,,,,,,,,,,,,,,,,,,,,,4,,1,,3,,3,,1,,1,5,,5,,5,,"1,3",,"2,3",,2,,"2,3",,5,,4,,"2,3",,5,,3,,1,,1,,4,5,,5,,5,,3,,"2,3",,"1,2",,"2,3",,5,,4,,1,,5,,6,,1,,"2,3,4",,"1,2",5,,5,,5,,4,,"2,4",,3,,"2,4",,5,,4,,,,,,,,,,,,,,,,,,,,,,,,,,,,,,,female,45,software engineer,5,3,,5,94042,"<span lang=""EN-GB"">Suppose you have planned to meet a friend next week and you want to put this on your calendar when you are surrounded with people you are close to (e.g., friends, family members) at your home.<strong><o:p></o:p></strong></span>"
10/31/2018 9:19,10/31/2018 9:59,0,73.225.126.119,100,2354,1,10/31/2018 9:59,R_TbYDgTWxfQcl7Tr,,,,,47.14239502,-122.2651978,anonymous,EN,"1,2,3,4,5","1,2,3,4,5",,"1,2,3",,"1,2,3,4",,1,,1,,3,"1,2,3",,"1,2",,1,"3,4",,"1,2",,"1,2,3,4",,"1,2",,"1,2,3",,"1,2",,,,,,,,,,,,,,,,,,,,,,,,,,,,,,,,,,,,,,,,,,,,,,,,,,,,,,,,,,,,,,,,,,,,,,,,,,,,,,,,,,,,,,,,,,,,,,,,,,,,,,,,,,,,,,,,,,,,,,,,,,,,,,,,,,,,,,,,,,,,,,,,,,,,,,,,,,,,,,,,,,,,,,,,,,,,,,,,,,,,,,,,86679,"<span lang=""EN-GB"">Suppose
     you want to read a digital document when you are at Starbucks.<o:p></o:p></span>"
10/31/2018 10:09,10/31/2018 10:12,0,207.244.83.100,100,201,1,10/31/2018 10:12,R_2YugyaipZ73KdaI,,,,,38.77009583,-77.63210297,anonymous,EN,"1,3,4","1,2",,5,,3,,3,,3,,4,2,,2,,2,2,,2,,2,,2,,2,,2,,,,,,,,,,,,,,,,,,,,,,,,,,,,,,,,,,,,,,,,,,,,,,,,,,,,,,,,,,,,,,,,,,,,,,,,,,,,,,,,,,,,,,,,,,,,,,,,,,,,,,,,,,,,,,,,,,,,,,,,,,,,,,,,,,,,,,,,,,,,,,,,,,,,,,,,,,,,,,,,,,,,,,,,,,,,,,,,,,,,,,,,25619,"<span lang=""EN-GB"">Suppose you are alone at home, you want to take a break from studying/working&nbsp;</span>so you decide to play an online/digital game."
10/31/2018 10:10,10/31/2018 10:14,0,47.149.20.170,100,241,1,10/31/2018 10:14,R_1RMqz1xxSmKunfP,,,,,34.08120728,-117.7361984,anonymous,EN,"1,2,3,4",1,,3,,1,,1,,1,,2,2,,1,,2,2,,1,,2,,1,,3,,2,,2,,,,,,,,,,,,,,,,,,,,,,,,,,,,,,"1,2,3",,1,,"1,2",,1,,1,,2,2,,1,,"1,3",,"2,3",,"1,2,3,4",,1,,"2,3",,2,,2,,,,,,,,,,,,,,,,,,,,,,,,,,,,,,,,,,,,,,,,,,,,,,,,,,,,,,,,,,,,,,,,,,,,,,,,,,,,,,,,,,,,,,,,,,,,,,,,,,,,,,,,,,,,,,,,,,,,,,,,,,,,,2222,"<span lang=""EN-GB"">Suppose
     you want to listen to some audio when you are at home with people you are
     close to (e.g., friends, family members).<strong><o:p></o:p></strong></span>"
10/31/2018 10:14,10/31/2018 10:16,0,67.191.210.179,100,167,1,10/31/2018 10:16,R_3m8XntX8e1USqfh,,,,,33.55310059,-84.40029907,anonymous,EN,"1,2,5,6","2,5",,1,,1,,1,,1,,1,"2,3",,"1,2",,2,1,,"1,2",,1,,2,,"1,2",,"1,2",,,,,,,,,,,,,,,,,,,,,,,,,,,,,,,,,,,,,,,,,,,,,,,,,,,,,,,,,,,,,,,,,,,,,,,,,,,,,,,,,,,,,,,,,,,,,,,,,,,,,,,,,,,,,,,,,,,,,,,,,,,,,,,,,,,,,,,,,,,,,,,,,,,,,,,,,,,,,,,,,,,,,,,,,,,,,,,,,,,,,,,,18145,"<span lang=""EN-GB"">Suppose you are alone at home, you want to take a break from studying/working&nbsp;</span>so you decide to play an online/digital game with some close friends ."
10/31/2018 10:14,10/31/2018 10:22,0,172.56.34.11,100,496,1,10/31/2018 10:22,R_2AGeoIwyV0Hy8Ri,,,,,40.81530762,-73.90720367,anonymous,EN,"1,2,4,5,6","1,2,5",,3,,"1,2,3",,1,,3,,"2,3","1,4","Identify, by voice the different people asking it for assistance. ","1,2,3",,3,"2,4",,"1,3",,6,,"1,2",,"1,2,3",,"1,2",,,,,,,,,,,,,,,,,,,,,,,,,,,,,,,,,,,,,,,,,,,,,,,,,,,,,,,,,,,,,,,,,,,,,,,,,,,,,,,,,,,,,,,,,,,,,,,,,,,,,,,,,,,,,,,,,,,,,,,,,,,,,,,,,,,,,,,,,,,,,,,,,,,,,,,,,,,,,,,,,,,,,,,,,,,,,,,,,,,,,,,,16354,"<span lang=""EN-GB"">Suppose
     you want to watch some video when you are with people you know (e.g.,
     acquaintances, colleagues) at your home.<o:p></o:p></span>"
10/31/2018 9:54,10/31/2018 10:22,0,128.230.138.35,100,1664,1,10/31/2018 10:22,R_2QzXyvIwAN88cc3,,,,,43.03770447,-76.13960266,anonymous,EN,"1,2,3,4,5","1,2",,5,,"2,3",,3,,1,,4,5,,2,,4,6,,2,,"2,3",,2,,5,,4,,"1,3,4,5",5,,5,,3,,3,,1,,4,5,,5,,5,,3,,2,,5,,2,,5,,4,,,,,,,,,,,,,,,,,,,,,,,,,,,,,,,"2,4",,5,,"2,3",,3,,1,,"1,2",5,,5,,5,,"1,3",,3,,2,,3,,5,,4,,"1,2,3",,3,,"1,3,4",,1,,1,,4,5,,5,,5,,3,,"2,3",,2,,"2,3",,5,,"1,2",,1,,5,,"1,2,4",,1,,"3,4",,4,5,,"1,2",,"1,2",,4,,2,,3,,2,,5,,4,,,,,,,,,,,,,,,,,,,,,,,,,,,,,,,male,34,driver,3,1,,3,18485,"<span lang=""EN-GB"">Suppose
     you have planned to meet a friend next week and you want put this on your
     calendar when you are alone at home<strong><o:p></o:p></strong></span>"
10/31/2018 10:24,10/31/2018 10:33,0,174.220.14.153,100,537,1,10/31/2018 10:33,R_1OuD1VFB3cLe2ab,,,,,42.71980286,-73.8207016,anonymous,EN,"1,2,3,4,5","1,3,4,5",,1,,"2,3",,1,,1,,4,5,,5,,4,"1,3",,2,,3,,2,,1,,"1,2",,"1,4",4,,3,,"2,3",,1,,1,,4,5,,5,,5,,2,,3,,"1,2",,3,,"1,2,3",,"1,2",,,,,,,,,,,,,,,,,,,,,,,,,,,,,,,,,,,,,,,,,,,,,,,,,,,,,,,,,,,,"1,3",,3,,"2,3",,1,,1,,4,5,,5,,5,,"1,2,3",,3,,"1,2",,3,,1,,1,,,,,,,,,,,,,,,,,,,,,,,,,,,,,,,,,,,,,,,,,,,,,,,,,,,,,,,,,,,,Male,50,Freelancer,4,5,,5,55163,"<span lang=""EN-GB"">Suppose you are at a coffee shop, you have just read a book you loved and now&nbsp;</span>you want to write a review for it to share with your close family and friends."
10/31/2018 10:36,10/31/2018 10:40,0,128.230.138.35,100,245,1,10/31/2018 10:40,R_3iKERmZCUuEkggb,,,,,43.03770447,-76.13960266,anonymous,EN,"1,2,3,4,5,6",2,,1,,"2,3",,1,,1,,4,5,,"2,3",,4,3,,"1,2",,7,,"1,2",,3,,"1,2",,"1,2,4",2,,5,,3,,3,,1,,4,5,,5,,5,,3,,7,,2,,7,,"2,3",,2,,2,,1,,"2,3",,3,,1,,4,5,,"2,3",,"2,3",,3,,6,,"1,2",,6,,"2,3",,"1,2",,,,,,,,,,,,,,,,,,,,,,,,,,,,,,,2,,5,,3,,3,,1,,4,"2,3",,5,,5,,"1,3",,7,,2,,7,,1,,"1,2",,,,,,,,,,,,,,,,,,,,,,,,,,,,,,,,,,,,,,,,,,,,,,,,,,,,,,,,,,,,male,34,teacher,4,5,,4,94088,"<span lang=""EN-GB"">Suppose
     you want to take a click a photo when you are with people you are close to
     (e.g., friends, family members) at home<o:p></o:p></span>"
10/31/2018 10:45,10/31/2018 10:58,0,134.39.147.70,100,753,1,10/31/2018 10:58,R_2eRKrmK0W3QvKe1,,,,,47.42529297,-120.327301,anonymous,EN,"1,2,3,4,5",2,,1,,"2,3",,1,,2,,2,1,,2,,2,1,,1,,"3,4",,2,,3,,1,,,,,,,,,,,,,,,,,,,,,,,,,,,,,,,,,,,,,,,,,,,,,,,,,,,,,,,,,,,,,,,,,,,,,,,,,,,,,,,,,,,,,,,,,,,,,,,,,,,,,,,,,,,,,,,,,,,,,,,,,,,,,,,,,,,,,,,,,,,,,,,,,,,,,,,,,,,,,,,,,,,,,,,,,,,,,,,,,,,,,,,,54732,"Suppose
     you want to call your mother for sharing an important update about your
     life when you are surrounded by people you
     know (e.g., acquaintances, colleagues) at a restaurant.<o:p></o:p>"
10/31/2018 11:04,10/31/2018 11:04,0,75.111.112.3,100,17,1,10/31/2018 11:04,R_1Pc04EC769zN6em,,,,,33.51589966,-101.9344025,anonymous,EN,2,,,,,,,,,,,,,,,,,,,,,,,,,,,,,,,,,,,,,,,,,,,,,,,,,,,,,,,,,,,,,,,,,,,,,,,,,,,,,,,,,,,,,,,,,,,,,,,,,,,,,,,,,,,,,,,,,,,,,,,,,,,,,,,,,,,,,,,,,,,,,,,,,,,,,,,,,,,,,,,,,,,,,,,,,,,,,,,,,,,,,,,,,,,,,,,,,,,,,,,,,,,,,,,,,,,24418,"<span lang=""EN-GB"">Suppose
     you want to take a click a photo when you are alone at home.<o:p></o:p></span>"
10/31/2018 11:03,10/31/2018 11:06,0,206.211.211.90,100,221,1,10/31/2018 11:06,R_rfeL6wchqFKdhjH,,,,,34.12069702,-118.1116943,anonymous,EN,"2,3,4",2,,3,,1,,1,,1,,3,3,,5,,4,2,,2,,7,,2,,1,,1,,,,,,,,,,,,,,,,,,,,,,,,,,,,,,,,,,,,,,,,,,,,,,,,,,,,,,,,,,,,,,,,,,,,,,,,,,,,,,,,,,,,,,,,,,,,,,,,,,,,,,,,,,,,,,,,,,,,,,,,,,,,,,,,,,,,,,,,,,,,,,,,,,,,,,,,,,,,,,,,,,,,,,,,,,,,,,,,,,,,,,,,85891,"<span lang=""EN-GB"">Suppose you are at home with people you are close to (e.g., friends, family members) when you realize today is the last day to pay one of your bills online.<o:p></o:p></span>"
10/31/2018 11:11,10/31/2018 11:15,0,128.206.173.254,100,279,1,10/31/2018 11:15,R_qzs33n79eJGrsjL,,,,,38.95170593,-92.33409882,anonymous,EN,"1,2,4,6","2,3",,"1,3",,"1,2,3",,1,,1,,"1,2","1,2,3",,2,,"2,3",3,,"1,2",,"1,3",,"2,3",,"1,3",,4,,,,,,,,,,,,,,,,,,,,,,,,,,,,,,,,,,,,,,,,,,,,,,,,,,,,,,,,,,,,,,,,,,,,,,,,,,,,,,,,,,,,,,,,,,,,,,,,,,,,,,,,,,,,,,,,,,,,,,,,,,,,,,,,,,,,,,,,,,,,,,,,,,,,,,,,,,,,,,,,,,,,,,,,,,,,,,,,,,,,,,,,60212,"<span lang=""EN-GB"">Suppose
     you want to a send a text message when you are alone at home<strong><o:p></o:p></strong></span>"
10/31/2018 11:17,10/31/2018 11:17,0,67.158.132.123,100,7,1,10/31/2018 11:17,R_06rIElo7B44eAQF,,,,,30.43940735,-85.06199646,anonymous,EN,3,,,,,,,,,,,,,,,,,,,,,,,,,,,,,,,,,,,,,,,,,,,,,,,,,,,,,,,,,,,,,,,,,,,,,,,,,,,,,,,,,,,,,,,,,,,,,,,,,,,,,,,,,,,,,,,,,,,,,,,,,,,,,,,,,,,,,,,,,,,,,,,,,,,,,,,,,,,,,,,,,,,,,,,,,,,,,,,,,,,,,,,,,,,,,,,,,,,,,,,,,,,,,,,,,,,70702,"<span lang=""EN-GB"">Suppose
     you want to set up a reminder when you are alone at your home.<strong><o:p></o:p></strong></span>"
10/31/2018 11:17,10/31/2018 11:20,0,67.158.132.123,100,192,1,10/31/2018 11:20,R_2fvzKQIpCe6KpJQ,,,,,30.43940735,-85.06199646,anonymous,EN,"1,2,3,4,5,6",3,,2,,2,,1,,3,,2,2,,2,,2,2,,2,,2,,2,,2,,2,,"1,2,3,4,5,6",2,,2,,2,,1,,2,,2,2,,2,,2,,2,,2,,2,,2,,2,,1,,3,,2,,2,,1,,3,,2,2,,2,,2,,2,,3,,1,,2,,2,,2,,2,,2,,2,,1,,3,,2,2,,2,,2,,2,,2,,2,,3,,2,,2,,3,,2,,2,,1,,3,,2,2,,2,,2,,2,,3,,2,,3,,2,,2,,2,,2,,2,,1,,2,,2,2,,2,,2,,2,,2,,2,,2,,2,,2,,2,,2,,2,,1,,2,,2,2,,2,,2,,2,,2,,2,,2,,2,,2,,,,,,,,,92294,"<span lang=""EN-GB"">Suppose you want to find a route to a coffee shop when you are
     at home </span><span lang=""EN-GB"">with
     people you are close to (e.g., friends, family members)</span><strong><span lang=""EN-GB""><o:p></o:p></span></strong>"
10/31/2018 11:18,10/31/2018 11:21,0,208.68.216.10,100,190,1,10/31/2018 11:21,R_1felM8gCjUnMSLU,,,,,37.75100708,-97.8219986,anonymous,EN,"1,2,4,5",2,,5,,2,,1,,"1,3",,1,5,,5,,3,6,,5,,7,,2,,"1,2",,2,,,,,,,,,,,,,,,,,,,,,,,,,,,,,,,,,,,,,,,,,,,,,,,,,,,,,,,,,,,,,,,,,,,,,,,,,,,,,,,,,,,,,,,,,,,,,,,,,,,,,,,,,,,,,,,,,,,,,,,,,,,,,,,,,,,,,,,,,,,,,,,,,,,,,,,,,,,,,,,,,,,,,,,,,,,,,,,,,,,,,,,,89865,"<span lang=""EN-GB"">Suppose you want to take a click a photo when you are with your close friends&nbsp;</span>and family members at Starbucks"
10/31/2018 11:33,10/31/2018 11:33,0,198.12.82.237,100,7,1,10/31/2018 11:33,R_1Ye0MFnjZ0CVVxD,,,,,42.88639832,-78.87809753,anonymous,EN,1,,,,,,,,,,,,,,,,,,,,,,,,,,,,,,,,,,,,,,,,,,,,,,,,,,,,,,,,,,,,,,,,,,,,,,,,,,,,,,,,,,,,,,,,,,,,,,,,,,,,,,,,,,,,,,,,,,,,,,,,,,,,,,,,,,,,,,,,,,,,,,,,,,,,,,,,,,,,,,,,,,,,,,,,,,,,,,,,,,,,,,,,,,,,,,,,,,,,,,,,,,,,,,,,,,,42473,"<span lang=""EN-GB"">Suppose you want to a view a text message when you are alone at a street.<o:p></o:p></span>"
10/31/2018 11:34,10/31/2018 11:43,0,72.1.112.193,100,570,1,10/31/2018 11:43,R_CdFi80e240PRx1n,,,,,39.51019287,-104.7216034,anonymous,EN,"1,2,5","1,2,5",,3,,"1,2,3,4",,1,,"1,3",,"2,3","1,2,3",,"1,2,3",,"2,3","2,4",,"1,2,3",,"2,3",,"1,2,3",,"2,3",,2,,1,2,,1,,"1,2,3",,3,,1,,"2,3","1,2,3",,3,,2,,2,,"3,4",,"1,2",,3,,3,,1,,,,,,,,,,,,,,,,,,,,,,,,,,,,,,,,,,,,,,,,,,,,,,,,,,,,,,,,,,,,,,,,,,,,,,,,,,,,,,,,,,,,,,,,,,,,,,,,,,,,,,,,,,,,,,,,,,,,,,,,,,,,,,,,,,,,,,,,,,,,,,,,,,,,,,,,,,25935,"<span lang=""EN-GB"">Suppose
     you want to purchase something online when you are alone at your home.<o:p></o:p></span>"
10/31/2018 11:45,10/31/2018 11:46,0,23.240.53.224,100,68,1,10/31/2018 11:46,R_1eQ236KdxzyAkeD,,,,,33.97790527,-118.4524994,anonymous,EN,"1,2,3,4,5,6",2,,"1,2",,"1,4",,1,,2,,1,"2,3",,"2,3",,1,3,,3,,4,,2,,"2,3",,2,,,,,,,,,,,,,,,,,,,,,,,,,,,,,,,,,,,,,,,,,,,,,,,,,,,,,,,,,,,,,,,,,,,,,,,,,,,,,,,,,,,,,,,,,,,,,,,,,,,,,,,,,,,,,,,,,,,,,,,,,,,,,,,,,,,,,,,,,,,,,,,,,,,,,,,,,,,,,,,,,,,,,,,,,,,,,,,,,,,,,,,,93990,"<span lang=""EN-GB"" style=""font-size:11.0pt;line-height:115%;
font-family:&quot;Arial&quot;,sans-serif;mso-fareast-font-family:Arial;mso-ansi-language:
EN-GB;mso-fareast-language:EN-US;mso-bidi-language:AR-SA"">Suppose you want to a
view a text message when you are alone at home</span>"
10/31/2018 11:38,10/31/2018 11:49,0,24.224.76.224,100,683,1,10/31/2018 11:49,R_1dLbZcdOc6UwCwY,,,,,35.47329712,-80.87259674,anonymous,EN,"1,2,6",2,,1,,1,,1,,1,,4,"1,2,3",,2,,2,"1,2,4",,2,,"3,4",,2,,"1,2,3",,2,,,,,,,,,,,,,,,,,,,,,,,,,,,,,,,,,,,,,,,,,,,,,,,,,,,,,,,,,,,,,,,,,,,,,,,,,,,,,,,,,,,,,,,,,,,,,,,,,,,,,,,,,,,,,,,,,,,,,,,,,,,,,,,,,,,,,,,,,,,,,,,,,,,,,,,,,,,,,,,,,,,,,,,,,,,,,,,,,,,,,,,,59000,"Suppose you want to find a route to a coffee shop
     when you are at home with your by your colleagues<o:p></o:p>"
10/31/2018 11:58,10/31/2018 11:59,0,96.18.164.212,100,61,1,10/31/2018 11:59,R_t069ETxGFd4tngJ,,,,,33.63969421,-104.3748016,anonymous,EN,"2,5",,,,,,,,,,,,,,,,,,,,,,,,,,,,,,,,,,,,,,,,,,,,,,,,,,,,,,,,,,,,,,,,,,,,,,,,,,,,,,,,,,,,,,,,,,,,,,,,,,,,,,,,,,,,,,,,,,,,,,,,,,,,,,,,,,,,,,,,,,,,,,,,,,,,,,,,,,,,,,,,,,,,,,,,,,,,,,,,,,,,,,,,,,,,,,,,,,,,,,,,,,,,,,,,,,,32105,"<span lang=""EN-GB"">Suppose you want to a send a text message when you are surrounded with people you are close to (e.g., friends, family members) at your home.<strong><o:p></o:p></strong></span>"
10/31/2018 12:11,10/31/2018 12:11,0,73.89.223.87,100,6,1,10/31/2018 12:11,R_3EtoFj5Y1rAiMcI,,,,,41.55029297,-72.99629974,anonymous,EN,"2,6",,,,,,,,,,,,,,,,,,,,,,,,,,,,,,,,,,,,,,,,,,,,,,,,,,,,,,,,,,,,,,,,,,,,,,,,,,,,,,,,,,,,,,,,,,,,,,,,,,,,,,,,,,,,,,,,,,,,,,,,,,,,,,,,,,,,,,,,,,,,,,,,,,,,,,,,,,,,,,,,,,,,,,,,,,,,,,,,,,,,,,,,,,,,,,,,,,,,,,,,,,,,,,,,,,,18505,"<span lang=""EN-GB"">Suppose you have planned to meet a friend next week and you want to&nbsp;put this on your calendar </span><span lang=""EN-GB"">when</span><span lang=""EN-GB""> you are surrounded by people you know (e.g., acquaintances, colleagues) at your home.</span><span lang=""EN-GB""><o:p></o:p></span>"
10/31/2018 12:11,10/31/2018 12:12,0,73.89.223.87,100,63,1,10/31/2018 12:12,R_3fCt6DVIPOUe7uO,,,,,41.55029297,-72.99629974,anonymous,EN,"1,2,3,5","2,3,4",,"1,2,3",,"1,2,3",,1,,"1,2,4",,"1,2,3","1,2,3",,"1,2,3",,"2,3","1,2,4",,"1,2,3",,"1,2,3",,"1,2,3",,"1,2,3",,"1,2",,,,,,,,,,,,,,,,,,,,,,,,,,,,,,,,,,,,,,,,,,,,,,,,,,,,,,,,,,,,,,,,,,,,,,,,,,,,,,,,,,,,,,,,,,,,,,,,,,,,,,,,,,,,,,,,,,,,,,,,,,,,,,,,,,,,,,,,,,,,,,,,,,,,,,,,,,,,,,,,,,,,,,,,,,,,,,,,,,,,,,,,43113,"<span lang=""EN-GB"">Suppose you want to control some devices/appliances (e.g., smart lights) when you are alone at home.<o:p></o:p></span>"
10/31/2018 12:12,10/31/2018 12:19,0,73.89.223.87,100,370,1,10/31/2018 12:19,R_1rAG0qQnO1OYfAD,,,,,41.55029297,-72.99629974,anonymous,EN,"1,2,3,4,5","1,2,3",,"1,2,3",,"1,2,3",,1,,"1,2,3",,"1,2,3","1,2,3",,"1,2,3",,"1,2,3","1,2,3",,"1,2,3",,"1,2,3,4",,"1,2,3",,"1,2,3",,"1,2",,"1,2,3,4,5","1,2,3,4",,"1,2,3",,"1,2,3,4",,1,,"1,2,3,4",,"1,2,3","1,2,3",,"1,2,3",,"1,2,3",,"1,2,3,4",,"1,2,3,4",,"1,2,3",,"1,2,3,4",,"1,2,3",,"1,2",,"1,2,3",,"1,2,3",,"1,2,3",,1,,"1,2,3",,"1,2,3","1,2,3",,"1,2,3",,"1,2,3",,"1,2,3",,"1,2,3,4",,"1,2,3",,"1,2,3",,"1,2,3",,"1,2",,"1,2,3,4,5",,"1,2,3",,"1,2,3",,1,,"1,2,3,4",,"1,2,3","1,2,3",,"1,2,3",,"1,2,3",,"1,2,3",,"1,2,3,4",,"1,2,3",,"1,2,3,4",,"1,2,3",,"1,2",,"1,2,3,4,5",,"1,2,3",,"1,2,3,4",,1,,"1,2,3,4",,"1,2,3","1,2,3",,"1,2,3",,"1,2,3",,"1,2,3,4",,"1,2,3,4",,"1,2,3",,"1,2,3,4",,"1,2,3",,"1,2",,"1,2,3,4,5",,"1,2,3",,"1,2,3,4",,1,,"1,2,3,4",,"1,2,3","1,2,3",,"1,2,3",,"1,2,3",,"1,2,3,4",,"1,2,3,4",,"1,2,3",,"1,2,3,4",,"1,2,3",,"1,2",,,,,,,,,,,,,,,,,,,,,,,,,,,,,,,,,,,,,,85573,"<span lang=""EN-GB"">Suppose you have planned to meet a friend next week and you want to put this on your calendar when you are with a very close friend at a park.&nbsp;<o:p></o:p></span>"
10/31/2018 12:32,10/31/2018 12:33,0,24.208.131.223,100,68,1,10/31/2018 12:33,R_2zHlH3KgxCNHhiN,,,,,39.95509338,-82.80349731,anonymous,EN,"1,2,3,4,5,6",2,,1,,1,,1,,3,,1,"1,2",,3,,2,3,,1,,4,,1,,"2,3",,2,,,,,,,,,,,,,,,,,,,,,,,,,,,,,,,,,,,,,,,,,,,,,,,,,,,,,,,,,,,,,,,,,,,,,,,,,,,,,,,,,,,,,,,,,,,,,,,,,,,,,,,,,,,,,,,,,,,,,,,,,,,,,,,,,,,,,,,,,,,,,,,,,,,,,,,,,,,,,,,,,,,,,,,,,,,,,,,,,,,,,,,,32322,"<span lang=""EN-GB"">Suppose
     you want to purchase something online when you are alone at Starbucks.<o:p></o:p></span>"
10/31/2018 12:33,10/31/2018 12:43,0,69.148.165.226,100,594,1,10/31/2018 12:43,R_tPUPN0NO08nWwSJ,,,,,38.99530029,-94.36519623,anonymous,EN,"1,2,3",2,,5,,"1,2",,1,,2,,2,1,,2,,"1,2",6,,1,,3,,"1,2",,5,,2,,,,,,,,,,,,,,,,,,,,,,,,,,,,,,,,,,,,,,,,,,,,,,,,,,,,,,,,,,,,,,,,,,,,,,,,,,,,,,,,,,,,,,,,,,,,,,,,,,,,,,,,,,,,,,,,,,,,,,,,,,,,,,,,,,,,,,,,,,,,,,,,,,,,,,,,,,,,,,,,,,,,,,,,,,,,,,,,,,,,,,,,78023,"<span lang=""EN-GB"">Suppose
     you want to a send an email when you are surrounded by people you know
     (e.g., acquaintances, colleagues) your home.<o:p></o:p></span>"
10/31/2018 12:43,10/31/2018 12:44,0,100.36.161.187,100,101,1,10/31/2018 12:44,R_1PRBlr1zysc2nZi,,,,,38.81770325,-77.29250336,anonymous,EN,"1,2,3,4,5","1,2,3",,1,,"1,2,3",,1,,1,,"1,2,3","1,2",,"1,2",,2,"1,2,3",,"1,2",,"1,3,4",,"1,2",,"1,2",,"1,2",,,,,,,,,,,,,,,,,,,,,,,,,,,,,,,,,,,,,,,,,,,,,,,,,,,,,,,,,,,,,,,,,,,,,,,,,,,,,,,,,,,,,,,,,,,,,,,,,,,,,,,,,,,,,,,,,,,,,,,,,,,,,,,,,,,,,,,,,,,,,,,,,,,,,,,,,,,,,,,,,,,,,,,,,,,,,,,,,,,,,,,,45294,"<span lang=""EN-GB"">Suppose you want to find a route to home while walking on a street with your close friends.<o:p></o:p></span>"
10/31/2018 12:49,10/31/2018 12:49,0,24.46.117.154,100,19,1,10/31/2018 12:49,R_33w0tjzVECWvSJK,,,,,40.62049866,-73.92389679,anonymous,EN,3,,,,,,,,,,,,,,,,,,,,,,,,,,,,,,,,,,,,,,,,,,,,,,,,,,,,,,,,,,,,,,,,,,,,,,,,,,,,,,,,,,,,,,,,,,,,,,,,,,,,,,,,,,,,,,,,,,,,,,,,,,,,,,,,,,,,,,,,,,,,,,,,,,,,,,,,,,,,,,,,,,,,,,,,,,,,,,,,,,,,,,,,,,,,,,,,,,,,,,,,,,,,,,,,,,,54978,"<span lang=""EN-GB"">Suppose
     you want to purchase something online when you are with people you are
     close to (e.g., friends, family members) at home.<o:p></o:p></span>"
10/31/2018 12:46,10/31/2018 12:50,0,23.94.249.27,100,247,1,10/31/2018 12:50,R_28Ava7rAdQIJEfz,,,,,43.03889465,-87.90650177,anonymous,EN,"1,2,3,4,6",4,,1,,3,,1,,2,,4,"1,2",,2,,4,1,,2,,"2,3",,2,,2,,1,,"1,2,3","3,4",,2,,"1,3",,1,,"2,4",,"1,3","2,3",,"2,3",,"2,3",,"2,4",,"2,4",,"1,2",,"2,3",,1,,2,,"1,3,5",,"2,3",,"2,3",,1,,2,,4,"1,3",,3,,"1,3",,"1,2,4",,"2,3",,"1,2",,"2,4",,"1,3",,"1,2",,"1,3",,"2,3",,"2,4",,1,,"2,4",,"1,3","2,3",,1,,"1,2",,"2,3",,"2,3",,2,,"2,3",,"2,3",,2,,,,,,,,,,,,,,,,,,,,,,,,,,,,,,,,,,,,,,,,,,,,,,,,,,,,,,,,,,,,,,,,,,,,,,,,,,,,,,,,,,,,,,,,,,,,,,,,49651,"<span lang=""EN-GB"">Suppose
     you want to read a digital document when you are at home with people you
     are close to (e.g., friends, family members).<strong><o:p></o:p></strong></span>"
10/31/2018 12:51,10/31/2018 12:51,0,78.189.135.125,100,9,1,10/31/2018 12:51,R_54usDfI4wucR2oN,,,,,37.48570251,29.00900269,anonymous,EN,6,,,,,,,,,,,,,,,,,,,,,,,,,,,,,,,,,,,,,,,,,,,,,,,,,,,,,,,,,,,,,,,,,,,,,,,,,,,,,,,,,,,,,,,,,,,,,,,,,,,,,,,,,,,,,,,,,,,,,,,,,,,,,,,,,,,,,,,,,,,,,,,,,,,,,,,,,,,,,,,,,,,,,,,,,,,,,,,,,,,,,,,,,,,,,,,,,,,,,,,,,,,,,,,,,,,35573,"<span lang=""EN-GB"">Suppose
     you want to set up a reminder when you with people you know (e.g.,
     acquaintances, colleagues) at a park.<o:p></o:p></span>"
10/31/2018 12:53,10/31/2018 12:53,0,107.174.133.112,100,17,1,10/31/2018 12:53,R_eJNjfsSBC2BEky5,,,,,32.81520081,-96.87030029,anonymous,EN,1,,,,,,,,,,,,,,,,,,,,,,,,,,,,,,,,,,,,,,,,,,,,,,,,,,,,,,,,,,,,,,,,,,,,,,,,,,,,,,,,,,,,,,,,,,,,,,,,,,,,,,,,,,,,,,,,,,,,,,,,,,,,,,,,,,,,,,,,,,,,,,,,,,,,,,,,,,,,,,,,,,,,,,,,,,,,,,,,,,,,,,,,,,,,,,,,,,,,,,,,,,,,,,,,,,,53747,"<span lang=""EN-GB"">Suppose you want to listen to some audio when you are alone in a park.<o:p></o:p></span>"
10/31/2018 12:54,10/31/2018 12:55,0,107.174.133.112,100,59,1,10/31/2018 12:55,R_2VygrLQvdC4yMLq,,,,,32.81520081,-96.87030029,anonymous,EN,"2,5,6","2,3",,2,,"2,4",,1,,"3,4",,"2,3","2,3",,1,,1,"1,2",,"1,2",,"2,3",,"2,3",,2,,1,,,,,,,,,,,,,,,,,,,,,,,,,,,,,,,,,,,,,,,,,,,,,,,,,,,,,,,,,,,,,,,,,,,,,,,,,,,,,,,,,,,,,,,,,,,,,,,,,,,,,,,,,,,,,,,,,,,,,,,,,,,,,,,,,,,,,,,,,,,,,,,,,,,,,,,,,,,,,,,,,,,,,,,,,,,,,,,,,,,,,,,,12915,"<span lang=""EN-GB"">Suppose
     you are at home with some people you know (e.g., acquaintances,
     colleagues) when you realize today is the last day to pay one of your
     bills online.<o:p></o:p></span>"
10/31/2018 12:57,10/31/2018 12:59,0,45.47.32.189,100,91,1,10/31/2018 12:59,R_pQzPC6XNQgzPnEZ,,,,,43.15280151,-76.22350311,anonymous,EN,"1,2,3,4,5,6",2,,1,,6,,3,,1,,3,2,,3,,2,3,,5,,7,,3,,1,,1,,,,,,,,,,,,,,,,,,,,,,,,,,,,,,,,,,,,,,,,,,,,,,,,,,,,,,,,,,,,,,,,,,,,,,,,,,,,,,,,,,,,,,,,,,,,,,,,,,,,,,,,,,,,,,,,,,,,,,,,,,,,,,,,,,,,,,,,,,,,,,,,,,,,,,,,,,,,,,,,,,,,,,,,,,,,,,,,,,,,,,,,13170,"<span lang=""EN-GB"">Suppose
     you want to listen to some audio when you are with people you know (e.g.,
     acquaintances, colleagues) at your home.<o:p></o:p></span>"
10/31/2018 12:56,10/31/2018 13:01,0,174.213.4.245,100,289,1,10/31/2018 13:01,R_xfTCMqNitGdcpiN,,,,,33.92080688,-117.4589005,anonymous,EN,"1,2,3,4",2,,1,,6,,1,,3,,3,"1,2",,5,,2,6,,2,,3,,2,,3,,1,,,,,,,,,,,,,,,,,,,,,,,,,,,,,,,,,,,,,,,,,,,,,,,,,,,,,,,,,,,,,,,,,,,,,,,,,,,,,,,,,,,,,,,,,,,,,,,,,,,,,,,,,,,,,,,,,,,,,,,,,,,,,,,,,,,,,,,,,,,,,,,,,,,,,,,,,,,,,,,,,,,,,,,,,,,,,,,,,,,,,,,,98124,"<span lang=""EN-GB"">Suppose
     you want to set up a reminder when you are at a park by yourself.<o:p></o:p></span>"
10/31/2018 13:01,10/31/2018 13:02,0,98.167.127.34,100,71,1,10/31/2018 13:02,R_Uu6Ssfh9hAadkiZ,,,,,36.1967926,-115.2643967,anonymous,EN,"1,2,3,6","1,2",,2,,1,,1,,1,,3,2,,2,,1,"1,3",,1,,3,,2,,2,,1,,,,,,,,,,,,,,,,,,,,,,,,,,,,,,,,,,,,,,,,,,,,,,,,,,,,,,,,,,,,,,,,,,,,,,,,,,,,,,,,,,,,,,,,,,,,,,,,,,,,,,,,,,,,,,,,,,,,,,,,,,,,,,,,,,,,,,,,,,,,,,,,,,,,,,,,,,,,,,,,,,,,,,,,,,,,,,,,,,,,,,,,91208,"<span lang=""EN-GB"">Suppose you want to find a route to home while walking on a street with people you know (e.g., acquaintances, colleagues).<o:p></o:p></span>"
10/31/2018 13:03,10/31/2018 13:03,0,72.234.148.153,100,10,1,10/31/2018 13:03,R_3iwN3FFdwNRQioj,,,,,19.58929443,-154.9925995,anonymous,EN,2,,,,,,,,,,,,,,,,,,,,,,,,,,,,,,,,,,,,,,,,,,,,,,,,,,,,,,,,,,,,,,,,,,,,,,,,,,,,,,,,,,,,,,,,,,,,,,,,,,,,,,,,,,,,,,,,,,,,,,,,,,,,,,,,,,,,,,,,,,,,,,,,,,,,,,,,,,,,,,,,,,,,,,,,,,,,,,,,,,,,,,,,,,,,,,,,,,,,,,,,,,,,,,,,,,,49068,"<span lang=""EN-GB"">Suppose you want to browse the internet when you are alone at a restaurant.<o:p></o:p></span>"
10/31/2018 13:03,10/31/2018 13:04,0,98.167.127.34,100,74,1,10/31/2018 13:04,R_12bCqX6nFvmFD4P,,,,,36.1967926,-115.2643967,anonymous,EN,"2,3,5,6",1,,"1,2",,3,,1,,"1,3",,1,"1,2",,"2,3",,2,"1,2",,"1,2",,"1,2",,"1,2",,"2,3",,"1,2",,,,,,,,,,,,,,,,,,,,,,,,,,,,,,,,,,,,,,,,,,,,,,,,,,,,,,,,,,,,,,,,,,,,,,,,,,,,,,,,,,,,,,,,,,,,,,,,,,,,,,,,,,,,,,,,,,,,,,,,,,,,,,,,,,,,,,,,,,,,,,,,,,,,,,,,,,,,,,,,,,,,,,,,,,,,,,,,,,,,,,,,46385,"<span lang=""EN-GB"">Suppose
     you want to a send a text message when you are surrounded by people you
     know (e.g., acquaintances, colleagues) at a restaurant.<o:p></o:p></span>"
10/31/2018 13:04,10/31/2018 13:04,0,198.174.110.146,100,13,1,10/31/2018 13:04,R_szKNwboXrbBiBSp,,,,,44.93780518,-93.25450134,anonymous,EN,"1,2",,,,,,,,,,,,,,,,,,,,,,,,,,,,,,,,,,,,,,,,,,,,,,,,,,,,,,,,,,,,,,,,,,,,,,,,,,,,,,,,,,,,,,,,,,,,,,,,,,,,,,,,,,,,,,,,,,,,,,,,,,,,,,,,,,,,,,,,,,,,,,,,,,,,,,,,,,,,,,,,,,,,,,,,,,,,,,,,,,,,,,,,,,,,,,,,,,,,,,,,,,,,,,,,,,,76346,"<span id=""docs-internal-guid-5a7e3441-7fff-9d1f-10e6-454a1d940975""><span style=""font-size: 11pt; font-family: Arial; color: rgb(0, 0, 0); background-color: transparent; font-variant-numeric: normal; font-variant-east-asian: normal; vertical-align: baseline; white-space: pre-wrap;"">Suppose you want to call your mother for sharing an important update about your life &nbsp;when you are alone at home</span><br> <br><br></span>"
10/31/2018 13:06,10/31/2018 13:06,0,75.164.242.74,100,36,1,10/31/2018 13:06,R_2CWEMXe2WNWvlJy,,,,,45.5440979,-122.6423035,anonymous,EN,"1,2",,,,,,,,,,,,,,,,,,,,,,,,,,,,,,,,,,,,,,,,,,,,,,,,,,,,,,,,,,,,,,,,,,,,,,,,,,,,,,,,,,,,,,,,,,,,,,,,,,,,,,,,,,,,,,,,,,,,,,,,,,,,,,,,,,,,,,,,,,,,,,,,,,,,,,,,,,,,,,,,,,,,,,,,,,,,,,,,,,,,,,,,,,,,,,,,,,,,,,,,,,,,,,,,,,,11542,"<span lang=""EN-GB"">Suppose you want to control some devices/appliances (e.g., smart lights) when you are at home with people you are close to (e.g., friends, family members)<strong><o:p></o:p></strong></span>"
10/31/2018 13:05,10/31/2018 13:08,0,75.141.187.109,100,174,1,10/31/2018 13:08,R_xlpSY7lnO4Z2JCV,,,,,32.75489807,-97.78990173,anonymous,EN,"1,2,3,4",7,,1,,1,,3,,1,,4,5,,2,,1,2,,2,,3,,1,,1,,"1,2",,,,,,,,,,,,,,,,,,,,,,,,,,,,,,,,,,,,,,,,,,,,,,,,,,,,,,,,,,,,,,,,,,,,,,,,,,,,,,,,,,,,,,,,,,,,,,,,,,,,,,,,,,,,,,,,,,,,,,,,,,,,,,,,,,,,,,,,,,,,,,,,,,,,,,,,,,,,,,,,,,,,,,,,,,,,,,,,,,,,,,,,24445,"<span lang=""EN-GB"">Suppose you want to browse the internet when you are at home with people you know (e.g., acquaintances, colleagues).<o:p></o:p></span>"
10/31/2018 12:37,10/31/2018 13:12,0,128.230.138.35,100,2121,1,10/31/2018 13:12,R_3JxUgmZvbY5Pv4C,,,,,43.03770447,-76.13960266,anonymous,EN,"2,4,5,6",7,,"1,2",,2,,1,,1,,1,5,,5,,1,6,,"1,2",,"2,3",,"1,2",,5,,4,,"4,6",,,,,,,,,,,,,,,,,,,,,,,,,,,,,,,,,,,,,,,,,,,,,,,,,,,,,,,,,,,,,,,,,,,,,,,,,,,,,,,,,,,,,,,,2,,3,,3,,1,,1,,1,5,,5,,5,,3,,3,,5,,3,,2,,4,,,,,,,,,,,,,,,,,,,,,,,,,,,,,,,2,,5,,6,,1,,2,,1,5,,5,,5,,3,,"2,3",,2,,"2,3",,5,,4,,male,32,driver,3,4,,1,37002,"<span lang=""EN-GB"" style=""font-size:11.0pt;line-height:115%;
font-family:&quot;Arial&quot;,sans-serif;mso-fareast-font-family:Arial;mso-ansi-language:
EN-GB;mso-fareast-language:EN-US;mso-bidi-language:AR-SA"">Suppose you want to a
send a text message when you are alone at Starbucks.</span>"
10/31/2018 13:14,10/31/2018 13:15,0,67.181.174.153,100,41,1,10/31/2018 13:15,R_qCwvZKX1FlRA881,,,,,38.58039856,-121.4922028,anonymous,EN,"1,2,3,4","1,2",,"1,3",,"1,2",,1,,"1,2",,"1,2",1,,1,,"2,3","2,3",,1,,"2,3",,"1,2",,"1,2",,1,,,,,,,,,,,,,,,,,,,,,,,,,,,,,,,,,,,,,,,,,,,,,,,,,,,,,,,,,,,,,,,,,,,,,,,,,,,,,,,,,,,,,,,,,,,,,,,,,,,,,,,,,,,,,,,,,,,,,,,,,,,,,,,,,,,,,,,,,,,,,,,,,,,,,,,,,,,,,,,,,,,,,,,,,,,,,,,,,,,,,,,,58894,"<span lang=""EN-GB"">Suppose
     you want to find a route to home when you are at Starbucks with your close
     friends.<o:p></o:p></span>"
10/31/2018 13:14,10/31/2018 13:17,0,128.230.138.35,100,195,1,10/31/2018 13:17,R_2wyiwzHwtt2rfBW,,,,,43.03770447,-76.13960266,anonymous,EN,"2,3,4,5","2,3",,5,,3,,1,,1,,4,5,,2,,4,"1,3",,"1,2",,3,,"1,2",,1,,4,,4,,,,,,,,,,,,,,,,,,,,,,,,,,,,,,,,,,,,,,,,,,,,,,,,,,,,,,,,,,,,,,,,,,,,,,,,,,,,,,,,,,,,,,,,2,,5,,6,,1,,1,,4,3,,5,,5,,6,,"2,3",,2,,"2,3",,1,,4,,,,,,,,,,,,,,,,,,,,,,,,,,,,,,,,,,,,,,,,,,,,,,,,,,,,,,,,,,,,female,34,home maker,3,5,,3,65384,"<span lang=""EN-GB"">Suppose you are at a park with some people you know (e.g., acquaintances, colleagues) when you realize that you have to immediately pay one of your bills online.<o:p></o:p></span>"
10/31/2018 13:17,10/31/2018 13:22,0,128.230.138.35,100,273,1,10/31/2018 13:22,R_eJQ2YdsV2mgVYNr,,,,,43.03770447,-76.13960266,anonymous,EN,"1,2,3,4","1,2",,1,,"2,3,4",,1,,1,,4,5,,"2,3",,4,3,,"1,2",,"2,3",,"1,2",,1,,"1,2",,"1,3,4",7,,1,,"2,3",,1,,1,,1,5,,5,,5,,"1,2,3",,"2,3",,2,,"2,3",,5,,4,,,,,,,,,,,,,,,,,,,,,,,,,,,,,,,4,,5,,"1,3",,3,,1,,1,5,,5,,5,,"2,3",,"2,3",,"1,2",,"2,3",,5,,1,,"1,2,3",,1,,"2,3",,1,,1,,4,3,,5,,5,,"1,2,3",,"2,3",,"1,2",,"2,3",,"1,3",,4,,,,,,,,,,,,,,,,,,,,,,,,,,,,,,,,,,,,,,,,,,,,,,,,,,,,,,,,,,,,male,20,student,3,2,,3,34483,"<span lang=""EN-GB"">Suppose
     you want to listen to some audio when you are with people you know (e.g.,
     acquaintances, colleagues) at your home.<o:p></o:p></span>"
10/31/2018 13:25,10/31/2018 13:26,0,107.178.131.110,100,21,1,10/31/2018 13:26,R_1n3IflgFXvr6AXT,,,,,37.75100708,-97.8219986,anonymous,EN,2,,,,,,,,,,,,,,,,,,,,,,,,,,,,,,,,,,,,,,,,,,,,,,,,,,,,,,,,,,,,,,,,,,,,,,,,,,,,,,,,,,,,,,,,,,,,,,,,,,,,,,,,,,,,,,,,,,,,,,,,,,,,,,,,,,,,,,,,,,,,,,,,,,,,,,,,,,,,,,,,,,,,,,,,,,,,,,,,,,,,,,,,,,,,,,,,,,,,,,,,,,,,,,,,,,,15116,"<span lang=""EN-GB"">Suppose
     you want to purchase something online when you are with people you know
     (e.g., acquaintances, colleagues) at your home.<o:p></o:p></span>"
10/31/2018 13:26,10/31/2018 13:26,0,107.178.131.110,100,15,1,10/31/2018 13:26,R_RrgcBAb3uHQxXvr,,,,,37.75100708,-97.8219986,anonymous,EN,6,,,,,,,,,,,,,,,,,,,,,,,,,,,,,,,,,,,,,,,,,,,,,,,,,,,,,,,,,,,,,,,,,,,,,,,,,,,,,,,,,,,,,,,,,,,,,,,,,,,,,,,,,,,,,,,,,,,,,,,,,,,,,,,,,,,,,,,,,,,,,,,,,,,,,,,,,,,,,,,,,,,,,,,,,,,,,,,,,,,,,,,,,,,,,,,,,,,,,,,,,,,,,,,,,,,19896,"<span lang=""EN-GB"">Suppose you want to read a digital document when you are at a park.<o:p></o:p></span>"
10/31/2018 13:26,10/31/2018 13:26,0,107.178.131.110,100,7,1,10/31/2018 13:26,R_pnpBGAqOSlfJXFv,,,,,37.75100708,-97.8219986,anonymous,EN,1,,,,,,,,,,,,,,,,,,,,,,,,,,,,,,,,,,,,,,,,,,,,,,,,,,,,,,,,,,,,,,,,,,,,,,,,,,,,,,,,,,,,,,,,,,,,,,,,,,,,,,,,,,,,,,,,,,,,,,,,,,,,,,,,,,,,,,,,,,,,,,,,,,,,,,,,,,,,,,,,,,,,,,,,,,,,,,,,,,,,,,,,,,,,,,,,,,,,,,,,,,,,,,,,,,,95608,"<span lang=""EN-GB"">Suppose
     you want to set up a reminder when you are alone at your home.<strong><o:p></o:p></strong></span>"
10/31/2018 13:26,10/31/2018 13:26,0,107.178.131.110,100,8,1,10/31/2018 13:26,R_9SLrWrbH2cntAMF,,,,,37.75100708,-97.8219986,anonymous,EN,4,,,,,,,,,,,,,,,,,,,,,,,,,,,,,,,,,,,,,,,,,,,,,,,,,,,,,,,,,,,,,,,,,,,,,,,,,,,,,,,,,,,,,,,,,,,,,,,,,,,,,,,,,,,,,,,,,,,,,,,,,,,,,,,,,,,,,,,,,,,,,,,,,,,,,,,,,,,,,,,,,,,,,,,,,,,,,,,,,,,,,,,,,,,,,,,,,,,,,,,,,,,,,,,,,,,44827,"<span lang=""EN-GB"">Suppose you want to find a route to home while walking on a street with your close friends.<o:p></o:p></span>"
10/31/2018 13:27,10/31/2018 13:27,0,107.178.131.110,100,10,1,10/31/2018 13:27,R_1nTx1iiH2SX1gH4,,,,,37.75100708,-97.8219986,anonymous,EN,5,,,,,,,,,,,,,,,,,,,,,,,,,,,,,,,,,,,,,,,,,,,,,,,,,,,,,,,,,,,,,,,,,,,,,,,,,,,,,,,,,,,,,,,,,,,,,,,,,,,,,,,,,,,,,,,,,,,,,,,,,,,,,,,,,,,,,,,,,,,,,,,,,,,,,,,,,,,,,,,,,,,,,,,,,,,,,,,,,,,,,,,,,,,,,,,,,,,,,,,,,,,,,,,,,,,5248,"<span lang=""EN-GB"">Suppose
     you want to call your mother for sharing an important update about your
     life when you are alone at Starbucks.<o:p></o:p></span>"
10/31/2018 13:27,10/31/2018 13:27,0,107.178.131.110,100,7,1,10/31/2018 13:27,R_1JKLNmXaFN93fmz,,,,,37.75100708,-97.8219986,anonymous,EN,3,,,,,,,,,,,,,,,,,,,,,,,,,,,,,,,,,,,,,,,,,,,,,,,,,,,,,,,,,,,,,,,,,,,,,,,,,,,,,,,,,,,,,,,,,,,,,,,,,,,,,,,,,,,,,,,,,,,,,,,,,,,,,,,,,,,,,,,,,,,,,,,,,,,,,,,,,,,,,,,,,,,,,,,,,,,,,,,,,,,,,,,,,,,,,,,,,,,,,,,,,,,,,,,,,,,30662,"<span lang=""EN-GB"">Suppose you are alone at home, you want to take a break from studying/working&nbsp;</span>so you decide to play an online/digital game with some close friends ."
10/31/2018 13:23,10/31/2018 13:27,0,128.230.138.35,100,242,1,10/31/2018 13:27,R_1C6FrezWvt5OmBP,,,,,43.03770447,-76.13960266,anonymous,EN,"1,2,5,6","2,3,4,5",,1,,2,,1,,1,,1,5,,"2,3",,1,"1,2,3",,"1,2",,"2,3",,"1,2",,5,,4,,"1,5","2,5",,1,,3,,3,,1,,1,5,,5,,5,,3,,3,,2,,3,,5,,4,,,,,,,,,,,,,,,,,,,,,,,,,,,,,,,,,,,,,,,,,,,,,,,,,,,,,,,,,,,,,,,,,,,,,,,,,,,,,,,,,,,,,,,,,1,,5,,4,,1,,"2,3",,2,3,,"2,3",,"2,3",,4,,2,,3,,2,,5,,4,,,,,,,,,,,,,,,,,,,,,,,,,,,,,,,female,40,home maker,3,1,,2,98878,"<span lang=""EN-GB"">Suppose
     you want to read a digital document) when you are at home with people you
     know (e.g., acquaintances, colleagues).<o:p></o:p></span>"
10/31/2018 13:26,10/31/2018 13:30,0,173.164.25.233,100,245,1,10/31/2018 13:30,R_2TuxYeOwaNbYkSq,,,,,36.15040588,-86.79160309,anonymous,EN,1,,,,,,,,,,,,,,,,,,,,,,,,,,,,,,,,,,,,,,,,,,,,,,,,,,,,,,,,,,,,,,,,,,,,,,,,,,,,,,,,,,,,,,,,,,,,,,,,,,,,,,,,,,,,,,,,,,,,,,,,,,,,,,,,,,,,,,,,,,,,,,,,,,,,,,,,,,,,,,,,,,,,,,,,,,,,,,,,,,,,,,,,,,,,,,,,,,,,,,,,,,,,,,,,,,,45485,"<span lang=""EN-GB"">Suppose
     you want to set up a reminder about something when you are with people you
     know (e.g., acquaintances, colleagues) at Starbucks.<o:p></o:p></span>"
10/31/2018 13:27,10/31/2018 13:31,0,107.178.131.110,100,237,1,10/31/2018 13:31,R_ULApc4QOM0FWvtv,,,,,37.75100708,-97.8219986,anonymous,EN,"2,5,6","2,4",,"1,3",,"1,3",,3,,"2,4",,"1,3","2,3",,"1,3",,2,"2,3",,"1,2",,"2,4",,"1,3",,"1,3",,"1,2",,,,,,,,,,,,,,,,,,,,,,,,,,,,,,,,,,,,,,,,,,,,,,,,,,,,,,,,,,,,,,,,,,,,,,,,,,,,,,,,,,,,,,,,,,,,,,,,,,,,,,,,,,,,,,,,,,,,,,,,,,,,,,,,,,,,,,,,,,,,,,,,,,,,,,,,,,,,,,,,,,,,,,,,,,,,,,,,,,,,,,,,53656,"<span lang=""EN-GB"">Suppose
     you want to set up a reminder when you are with people you know (e.g.,
     acquaintances, colleagues) at your home.<o:p></o:p></span>"
10/31/2018 13:26,10/31/2018 13:31,0,173.211.16.126,100,353,1,10/31/2018 13:31,R_V3EX2zGbH7FdcQh,,,,,32.29350281,-90.18669891,anonymous,EN,6,,,,,,,,,,,,,,,,,,,,,,,,,,,,,,,,,,,,,,,,,,,,,,,,,,,,,,,,,,,,,,,,,,,,,,,,,,,,,,,,,,,,,,,,,,,,,,,,,,,,,,,,,,,,,,,,,,,,,,,,,,,,,,,,,,,,,,,,,,,,,,,,,,,,,,,,,,,,,,,,,,,,,,,,,,,,,,,,,,,,,,,,,,,,,,,,,,,,,,,,,,,,,,,,,,,67532,"<span lang=""EN-GB"" style=""font-size:11.0pt;line-height:115%;
font-family:&quot;Arial&quot;,sans-serif;mso-fareast-font-family:Arial;mso-ansi-language:
EN-GB;mso-fareast-language:EN-US;mso-bidi-language:AR-SA"">Suppose you want to browse the internet when you are alone at your home.</span>"
10/31/2018 13:32,10/31/2018 13:32,0,173.211.16.126,100,7,1,10/31/2018 13:32,R_2y9tbgDrYUP8VFG,,,,,32.29350281,-90.18669891,anonymous,EN,2,,,,,,,,,,,,,,,,,,,,,,,,,,,,,,,,,,,,,,,,,,,,,,,,,,,,,,,,,,,,,,,,,,,,,,,,,,,,,,,,,,,,,,,,,,,,,,,,,,,,,,,,,,,,,,,,,,,,,,,,,,,,,,,,,,,,,,,,,,,,,,,,,,,,,,,,,,,,,,,,,,,,,,,,,,,,,,,,,,,,,,,,,,,,,,,,,,,,,,,,,,,,,,,,,,,47325,"<span lang=""EN-GB"">Suppose you want to find a route to a coffee shop when you are
     at home </span><span lang=""EN-GB"">with
     people you are close to (e.g., friends, family members)</span><strong><span lang=""EN-GB""><o:p></o:p></span></strong>"
10/31/2018 13:32,10/31/2018 13:32,0,173.211.16.126,100,10,1,10/31/2018 13:32,R_2Ez2dCiofKFCZZg,,,,,32.29350281,-90.18669891,anonymous,EN,5,,,,,,,,,,,,,,,,,,,,,,,,,,,,,,,,,,,,,,,,,,,,,,,,,,,,,,,,,,,,,,,,,,,,,,,,,,,,,,,,,,,,,,,,,,,,,,,,,,,,,,,,,,,,,,,,,,,,,,,,,,,,,,,,,,,,,,,,,,,,,,,,,,,,,,,,,,,,,,,,,,,,,,,,,,,,,,,,,,,,,,,,,,,,,,,,,,,,,,,,,,,,,,,,,,,22377,"<span lang=""EN-GB"">Suppose
     you want to purchase something (e.g., book, household items) online when
     you are with your close friends at a park.<o:p></o:p></span>"
10/31/2018 13:32,10/31/2018 13:32,0,173.211.16.126,100,7,1,10/31/2018 13:32,R_72tOvQ6JjEVwsh3,,,,,32.29350281,-90.18669891,anonymous,EN,3,,,,,,,,,,,,,,,,,,,,,,,,,,,,,,,,,,,,,,,,,,,,,,,,,,,,,,,,,,,,,,,,,,,,,,,,,,,,,,,,,,,,,,,,,,,,,,,,,,,,,,,,,,,,,,,,,,,,,,,,,,,,,,,,,,,,,,,,,,,,,,,,,,,,,,,,,,,,,,,,,,,,,,,,,,,,,,,,,,,,,,,,,,,,,,,,,,,,,,,,,,,,,,,,,,,41840,"Suppose you want to purchase something online when
     you are with people you know (e.g., acquaintances,
     colleagues) at a park.<o:p></o:p>"
10/31/2018 13:32,10/31/2018 13:32,0,173.211.16.126,100,7,1,10/31/2018 13:32,R_e8IUT252AxET7aN,,,,,32.29350281,-90.18669891,anonymous,EN,1,,,,,,,,,,,,,,,,,,,,,,,,,,,,,,,,,,,,,,,,,,,,,,,,,,,,,,,,,,,,,,,,,,,,,,,,,,,,,,,,,,,,,,,,,,,,,,,,,,,,,,,,,,,,,,,,,,,,,,,,,,,,,,,,,,,,,,,,,,,,,,,,,,,,,,,,,,,,,,,,,,,,,,,,,,,,,,,,,,,,,,,,,,,,,,,,,,,,,,,,,,,,,,,,,,,2132,"<span lang=""EN-GB"">Suppose you want to a send a text message when you are alone at a street.<o:p></o:p></span>"
10/31/2018 13:31,10/31/2018 13:32,0,107.178.131.110,100,63,1,10/31/2018 13:32,R_2YVVepzsqMgg8r4,,,,,37.75100708,-97.8219986,anonymous,EN,"2,5,6",1,,1,,2,,1,,3,,2,3,,1,,3,2,,1,,1,,1,,3,,1,,,,,,,,,,,,,,,,,,,,,,,,,,,,,,,,,,,,,,,,,,,,,,,,,,,,,,,,,,,,,,,,,,,,,,,,,,,,,,,,,,,,,,,,,,,,,,,,,,,,,,,,,,,,,,,,,,,,,,,,,,,,,,,,,,,,,,,,,,,,,,,,,,,,,,,,,,,,,,,,,,,,,,,,,,,,,,,,,,,,,,,,53155,"<span lang=""EN-GB"">Suppose
     you want to a send an email when you are surrounded by people you know
     (e.g., acquaintances, colleagues) at a restaurant.<o:p></o:p></span>"
10/31/2018 13:29,10/31/2018 13:33,0,99.26.148.250,100,206,1,10/31/2018 13:33,R_2Siqu2tY7v7sAsN,,,,,33.8085022,-117.9227982,anonymous,EN,"1,2,3,4,5,6","1,2,3,4,5",,"1,2,3",,"1,2,3,4",,1,,"1,2,3,4",,"1,2,3","1,2,3",,"2,3",,"2,3","1,2,3,4",,"1,2",,"1,2,3,4",,"1,2,3",,"1,2,3",,"1,2",,,,,,,,,,,,,,,,,,,,,,,,,,,,,,,,,,,,,,,,,,,,,,,,,,,,,,,,,,,,,,,,,,,,,,,,,,,,,,,,,,,,,,,,,,,,,,,,,,,,,,,,,,,,,,,,,,,,,,,,,,,,,,,,,,,,,,,,,,,,,,,,,,,,,,,,,,,,,,,,,,,,,,,,,,,,,,,,,,,,,,,,12037,"<span lang=""EN-GB"">Suppose you have planned to meet a friend next week and you want to put this on your calendar when you are with a very close friend at a park.&nbsp;<o:p></o:p></span>"
10/31/2018 13:33,10/31/2018 13:33,0,173.211.16.126,100,42,1,10/31/2018 13:33,R_2V2Anbde5LaPlnL,,,,,32.29350281,-90.18669891,anonymous,EN,"1,2,3,4,5,6","2,4",,3,,"2,3",,1,,4,,1,2,,1,,"1,2,3","2,4",,1,,"1,2",,"1,2",,"2,3",,1,,,,,,,,,,,,,,,,,,,,,,,,,,,,,,,,,,,,,,,,,,,,,,,,,,,,,,,,,,,,,,,,,,,,,,,,,,,,,,,,,,,,,,,,,,,,,,,,,,,,,,,,,,,,,,,,,,,,,,,,,,,,,,,,,,,,,,,,,,,,,,,,,,,,,,,,,,,,,,,,,,,,,,,,,,,,,,,,,,,,,,,,2893,"<span lang=""EN-GB"">Suppose
     you are at home with some people you know (e.g., acquaintances,
     colleagues) when you realize today is the last day to pay one of your
     bills online.<o:p></o:p></span>"
10/31/2018 13:34,10/31/2018 13:34,0,71.45.116.226,100,11,1,10/31/2018 13:34,R_3Gvqw5kgoaWPGm3,,,,,33.63279724,-86.64929962,anonymous,EN,3,,,,,,,,,,,,,,,,,,,,,,,,,,,,,,,,,,,,,,,,,,,,,,,,,,,,,,,,,,,,,,,,,,,,,,,,,,,,,,,,,,,,,,,,,,,,,,,,,,,,,,,,,,,,,,,,,,,,,,,,,,,,,,,,,,,,,,,,,,,,,,,,,,,,,,,,,,,,,,,,,,,,,,,,,,,,,,,,,,,,,,,,,,,,,,,,,,,,,,,,,,,,,,,,,,,28463,"<span lang=""EN-GB"" style=""font-size:11.0pt;line-height:115%;
font-family:&quot;Arial&quot;,sans-serif;mso-fareast-font-family:Arial;mso-ansi-language:
EN-GB;mso-fareast-language:EN-US;mso-bidi-language:AR-SA"">Suppose you want to a
send an email when you are at Starbucks.</span>"
10/31/2018 13:34,10/31/2018 13:35,0,174.85.255.66,100,44,1,10/31/2018 13:35,R_003jHY03YUOZT7r,,,,,34.80360413,-86.97070313,anonymous,EN,"1,2,3,4",2,,3,,3,,1,,4,,3,2,,2,,1,4,,"1,2",,2,,2,,1,,1,,,,,,,,,,,,,,,,,,,,,,,,,,,,,,,,,,,,,,,,,,,,,,,,,,,,,,,,,,,,,,,,,,,,,,,,,,,,,,,,,,,,,,,,,,,,,,,,,,,,,,,,,,,,,,,,,,,,,,,,,,,,,,,,,,,,,,,,,,,,,,,,,,,,,,,,,,,,,,,,,,,,,,,,,,,,,,,,,,,,,,,,55931,"<span lang=""EN-GB"">Suppose
     you want to read a digital document when you are at Starbucks.<o:p></o:p></span>"
10/31/2018 13:35,10/31/2018 13:35,0,71.33.173.236,100,7,1,10/31/2018 13:35,R_3MizMuhvkEMpsrl,,,,,39.82589722,-104.9113007,anonymous,EN,3,,,,,,,,,,,,,,,,,,,,,,,,,,,,,,,,,,,,,,,,,,,,,,,,,,,,,,,,,,,,,,,,,,,,,,,,,,,,,,,,,,,,,,,,,,,,,,,,,,,,,,,,,,,,,,,,,,,,,,,,,,,,,,,,,,,,,,,,,,,,,,,,,,,,,,,,,,,,,,,,,,,,,,,,,,,,,,,,,,,,,,,,,,,,,,,,,,,,,,,,,,,,,,,,,,,15455,"Suppose you want to purchase something (e.g., book,
     household items) online when you are with people
     you know (e.g., acquaintances, colleagues) at
     Starbucks.<o:p></o:p>"
10/31/2018 13:35,10/31/2018 13:35,0,71.33.173.236,100,35,1,10/31/2018 13:35,R_2e8xERvKA9VuGca,,,,,39.82589722,-104.9113007,anonymous,EN,"1,2,5,6","2,4",,3,,4,,3,,4,,1,"1,2",,1,,2,6,,2,,"2,3",,2,,2,,2,,,,,,,,,,,,,,,,,,,,,,,,,,,,,,,,,,,,,,,,,,,,,,,,,,,,,,,,,,,,,,,,,,,,,,,,,,,,,,,,,,,,,,,,,,,,,,,,,,,,,,,,,,,,,,,,,,,,,,,,,,,,,,,,,,,,,,,,,,,,,,,,,,,,,,,,,,,,,,,,,,,,,,,,,,,,,,,,,,,,,,,,91559,"<span lang=""EN-GB"">Suppose
     you want to listen to some audio when you are alone at Starbucks.<o:p></o:p></span>"
10/31/2018 13:37,10/31/2018 13:38,0,47.157.191.29,100,27,1,10/31/2018 13:38,R_3GDFfCaTlljgIzV,,,,,34.16850281,-119.1716995,anonymous,EN,"2,5",,,,,,,,,,,,,,,,,,,,,,,,,,,,,,,,,,,,,,,,,,,,,,,,,,,,,,,,,,,,,,,,,,,,,,,,,,,,,,,,,,,,,,,,,,,,,,,,,,,,,,,,,,,,,,,,,,,,,,,,,,,,,,,,,,,,,,,,,,,,,,,,,,,,,,,,,,,,,,,,,,,,,,,,,,,,,,,,,,,,,,,,,,,,,,,,,,,,,,,,,,,,,,,,,,,33241,"<span lang=""EN-GB"">Suppose you want to set up a reminder about something when you are at Starbucks with close friends.<o:p></o:p></span>"
10/31/2018 13:35,10/31/2018 13:40,0,98.143.0.37,100,301,1,10/31/2018 13:40,R_3NOp5rfruXyiMyf,,,,,35.38420105,-85.39250183,anonymous,EN,"2,3,4,5","1,2",,1,,"1,2",,1,,"1,2",,3,"1,3",,1,,3,2,,1,,"2,3",,2,,1,,2,,,,,,,,,,,,,,,,,,,,,,,,,,,,,,,,,,,,,,,,,,,,,,,,,,,,,,,,,,,,,,,,,,,,,,,,,,,,,,,,,,,,,,,,,,,,,,,,,,,,,,,,,,,,,,,,,,,,,,,,,,,,,,,,,,,,,,,,,,,,,,,,,,,,,,,,,,,,,,,,,,,,,,,,,,,,,,,,,,,,,,,,69948,"<span lang=""EN-GB"">Suppose you want to a send an email when you are walking with a very close friend on a street.&nbsp;<o:p></o:p></span>"
10/31/2018 13:36,10/31/2018 13:40,0,162.248.134.222,100,242,1,10/31/2018 13:40,R_1rIYTvOEDgSHv2w,,,,,37.75100708,-97.8219986,anonymous,EN,"1,2,3","2,5",,"1,2",,2,,1,,4,,1,1,,2,,"1,2",3,,2,,"1,3",,3,,1,,"1,2",,,,,,,,,,,,,,,,,,,,,,,,,,,,,,,,,,,,,,,,,,,,,,,,,,,,,,,,,,,,,,,,,,,,,,,,,,,,,,,,,,,,,,,,,,,,,,,,,,,,,,,,,,,,,,,,,,,,,,,,,,,,,,,,,,,,,,,,,,,,,,,,,,,,,,,,,,,,,,,,,,,,,,,,,,,,,,,,,,,,,,,,5349,"<span style=""color: rgb(0, 0, 0); font-family: Times; font-size: 16px;"">Suppose you want control some devices/appliances (e.g., smart lights) when you are with people you know (e.g., acquaintances, colleagues).</span>"
10/31/2018 13:39,10/31/2018 13:41,0,173.175.170.107,100,110,1,10/31/2018 13:41,R_vxJDYZkhu71L0rv,,,,,31.77630615,-106.4932022,anonymous,EN,"2,3,4","1,2",,3,,"2,3",,1,,1,,1,"2,3",,"1,3",,4,2,,2,,"3,4",,2,,"1,2",,"1,2",,,,,,,,,,,,,,,,,,,,,,,,,,,,,,,,,,,,,,,,,,,,,,,,,,,,,,,,,,,,,,,,,,,,,,,,,,,,,,,,,,,,,,,,,,,,,,,,,,,,,,,,,,,,,,,,,,,,,,,,,,,,,,,,,,,,,,,,,,,,,,,,,,,,,,,,,,,,,,,,,,,,,,,,,,,,,,,,,,,,,,,,97395,"<span lang=""EN-GB"">Suppose
     you want to listen to some audio when you are alone at your home.<strong><o:p></o:p></strong></span>"
10/31/2018 13:41,10/31/2018 13:43,0,162.248.134.222,100,128,1,10/31/2018 13:43,R_1fcR8EEN9t5DUrB,,,,,37.75100708,-97.8219986,anonymous,EN,"1,2,3","1,2,3",,1,,"1,2,3,4",,1,,"2,4",,"1,2,3","1,2",,"1,2",,"1,2","2,3",,2,,"1,2",,2,,"1,2",,2,,,,,,,,,,,,,,,,,,,,,,,,,,,,,,,,,,,,,,,,,,,,,,,,,,,,,,,,,,,,,,,,,,,,,,,,,,,,,,,,,,,,,,,,,,,,,,,,,,,,,,,,,,,,,,,,,,,,,,,,,,,,,,,,,,,,,,,,,,,,,,,,,,,,,,,,,,,,,,,,,,,,,,,,,,,,,,,,,,,,,,,,30106,"<span lang=""EN-GB"">Suppose
     you want to purchase something online when you are with people you are
     close to (e.g., friends, family members) at home.<o:p></o:p></span>"
10/31/2018 13:43,10/31/2018 13:43,0,97.82.93.157,100,26,1,10/31/2018 13:43,R_ujCpH1XsNBJZhPX,,,,,36.47149658,-82.48339844,anonymous,EN,"2,3",,,,,,,,,,,,,,,,,,,,,,,,,,,,,,,,,,,,,,,,,,,,,,,,,,,,,,,,,,,,,,,,,,,,,,,,,,,,,,,,,,,,,,,,,,,,,,,,,,,,,,,,,,,,,,,,,,,,,,,,,,,,,,,,,,,,,,,,,,,,,,,,,,,,,,,,,,,,,,,,,,,,,,,,,,,,,,,,,,,,,,,,,,,,,,,,,,,,,,,,,,,,,,,,,,,54546,"<span lang=""EN-GB"">Suppose you are at sitting in a park and you want to play a digital/online game.<o:p></o:p></span>"
10/31/2018 13:44,10/31/2018 13:45,0,185.242.5.99,100,40,1,10/31/2018 13:45,R_wTzjOWo1eNwz3Hz,,,,,36.17210388,-115.1223984,anonymous,EN,5,,,,,,,,,,,,,,,,,,,,,,,,,,,,,,,,,,,,,,,,,,,,,,,,,,,,,,,,,,,,,,,,,,,,,,,,,,,,,,,,,,,,,,,,,,,,,,,,,,,,,,,,,,,,,,,,,,,,,,,,,,,,,,,,,,,,,,,,,,,,,,,,,,,,,,,,,,,,,,,,,,,,,,,,,,,,,,,,,,,,,,,,,,,,,,,,,,,,,,,,,,,,,,,,,,,9808,"<span lang=""EN-GB"">Suppose you want to set up a reminder when you are at a park with close friends.<o:p></o:p></span>"
10/31/2018 13:44,10/31/2018 13:47,0,156.40.209.98,100,151,1,10/31/2018 13:47,R_1ilFRj7kiaUBcR0,,,,,38.98959351,-77.15380096,anonymous,EN,"1,2,6","2,5",,1,,2,,3,,3,,4,5,,5,,4,6,,2,,6,,5,,1,,2,,,,,,,,,,,,,,,,,,,,,,,,,,,,,,,,,,,,,,,,,,,,,,,,,,,,,,,,,,,,,,,,,,,,,,,,,,,,,,,,,,,,,,,,,,,,,,,,,,,,,,,,,,,,,,,,,,,,,,,,,,,,,,,,,,,,,,,,,,,,,,,,,,,,,,,,,,,,,,,,,,,,,,,,,,,,,,,,,,,,,,,,75723,"<span lang=""EN-GB"">Suppose you want to read a digital document when you are at Starbucks with people you know (e.g., acquaintances, colleagues).<o:p></o:p></span>"
10/31/2018 13:49,10/31/2018 13:52,0,172.88.19.93,100,182,1,10/31/2018 13:52,R_33D5lX6YHazDeE4,,,,,34.20069885,-118.5391006,anonymous,EN,"1,2,3,4,5,6",5,,5,,6,,1,,6,,4,5,,5,,4,6,,5,,"3,4",,5,,5,,4,,2,,,,,,,,,,,,,,,,,,,,,,,,,,,,,,7,,5,,6,,3,,6,,4,5,,5,,5,,6,,7,,5,,7,,5,,4,,,,,,,,,,,,,,,,,,,,,,,,,,,,,,,,,,,,,,,,,,,,,,,,,,,,,,,,,,,,,,,,,,,,,,,,,,,,,,,,,,,,,,,,,,,,,,,,,,,,,,,,,,,,,,,,,,,,,,gondermull,24,flight attendant,4,6,,3,97359,"<span lang=""EN-GB"">Suppose you want to browse the internet when you alone at a park.<o:p></o:p></span>"
10/31/2018 13:46,10/31/2018 13:53,0,184.223.160.158,100,365,1,10/31/2018 13:53,R_2uJMiQ6zgwCPnHs,,,,,44.96839905,-93.04879761,anonymous,EN,"1,2,4,5,6","1,2,3,4,5",,"1,2",,"1,2,3,4",,1,,1,,3,"1,3",,"1,2",,2,6,,"1,2",,"1,2,3",,"1,2,3",,5,,"1,2",,,,,,,,,,,,,,,,,,,,,,,,,,,,,,,,,,,,,,,,,,,,,,,,,,,,,,,,,,,,,,,,,,,,,,,,,,,,,,,,,,,,,,,,,,,,,,,,,,,,,,,,,,,,,,,,,,,,,,,,,,,,,,,,,,,,,,,,,,,,,,,,,,,,,,,,,,,,,,,,,,,,,,,,,,,,,,,,,,,,,,,,75616,"<span lang=""EN-GB"">Suppose
     you want to a send a text message when you with people you know (e.g., acquaintances,
     colleagues) at a street<strong>.</strong><o:p></o:p></span>"
10/31/2018 13:47,10/31/2018 13:57,0,108.88.55.185,100,590,1,10/31/2018 13:57,R_2wQt1o9SGR6P5cQ,,,,,34.73629761,-92.27410126,anonymous,EN,"1,2,4,5","1,2",,"1,2",,3,,1,,1,,"2,3",1,,1,,3,2,,2,,6,,2,,1,,1,,,,,,,,,,,,,,,,,,,,,,,,,,,,,,,,,,,,,,,,,,,,,,,,,,,,,,,,,,,,,,,,,,,,,,,,,,,,,,,,,,,,,,,,,,,,,,,,,,,,,,,,,,,,,,,,,,,,,,,,,,,,,,,,,,,,,,,,,,,,,,,,,,,,,,,,,,,,,,,,,,,,,,,,,,,,,,,,,,,,,,,,55113,"<span lang=""EN-GB"">Suppose
     you want to call your mother for sharing an important update about your
     life when you are with a very close friend at a restaurant&nbsp;<o:p></o:p></span>"
10/31/2018 14:00,10/31/2018 14:00,0,68.97.170.116,100,14,1,10/31/2018 14:00,R_2fvNiw2YcLsCn1q,,,,,35.50430298,-97.63990021,anonymous,EN,"1,2",,,,,,,,,,,,,,,,,,,,,,,,,,,,,,,,,,,,,,,,,,,,,,,,,,,,,,,,,,,,,,,,,,,,,,,,,,,,,,,,,,,,,,,,,,,,,,,,,,,,,,,,,,,,,,,,,,,,,,,,,,,,,,,,,,,,,,,,,,,,,,,,,,,,,,,,,,,,,,,,,,,,,,,,,,,,,,,,,,,,,,,,,,,,,,,,,,,,,,,,,,,,,,,,,,,8594,"<span lang=""EN-GB"">Suppose you are at sitting at Starbucks and you want to play a digital/online&nbsp;</span>game with some close friends."
10/31/2018 13:59,10/31/2018 14:04,0,204.145.237.254,100,336,1,10/31/2018 14:04,R_27fY5vYAso5hFgw,,,,,26.69299316,-81.91249847,anonymous,EN,"1,2,3,4,5,6",2,,"1,4","Please, NOT speech!  Speech recognition is well less than 90% accurate in the real world, especially outdoors or indoors in noisy environments.  ",1,,"1,2",Not having the device time out too soon. ,1,,3,"1,2,3",,4,"Keeping my existing settings.  I hate when ""Smart"" devices try to think for me.  If I want a setting changed, I'll do it myself.  ",3,3,,"2,4","Design should be intuitive without needing to dumb down the device.  Give me an Auto mode for full idiot-proof settings.  Otherwise, I want to be able to adjust any and every setting, without having to go digging through constantly-adapting/changing screens. ","1,2,6",,2,,"1,2",,1,,,,,,,,,,,,,,,,,,,,,,,,,,,,,,,,,,,,,,,,,,,,,,,,,,,,,,,,,,,,,,,,,,,,,,,,,,,,,,,,,,,,,,,,,,,,,,,,,,,,,,,,,,,,,,,,,,,,,,,,,,,,,,,,,,,,,,,,,,,,,,,,,,,,,,,,,,,,,,,,,,,,,,,,,,,,,,,,,,,,,,,,13838,"<span lang=""EN-GB"">Suppose you are on a short vacation alone and you want to take a picture in front&nbsp;</span>of an iconic monument."
10/31/2018 13:53,10/31/2018 14:05,0,96.42.6.210,100,738,1,10/31/2018 14:05,R_2w4s6Qx2ZBbao70,,,,,44.37579346,-89.80619812,anonymous,EN,"1,2,4","4,5",,1,,1,,1,,1,,3,3,,3,,3,6,,2,,3,,2,,5,,1,,2,,,,,,,,,,,,,,,,,,,,,,,,,,,,,,"2,5",,"1,2",,2,,1,,3,,3,5,,5,,5,,6,,3,,2,,3,,5,,1,,,,,,,,,,,,,,,,,,,,,,,,,,,,,,,,,,,,,,,,,,,,,,,,,,,,,,,,,,,,,,,,,,,,,,,,,,,,,,,,,,,,,,,,,,,,,,,,,,,,,,,,,,,,,,,,,,,,,,female,34,Self employed,5,1,,3,48221,"<span lang=""EN-GB"">Suppose
     you want to a view a text message when you are surrounded by people you
     know (e.g., acquaintances, colleagues) at your home.<o:p></o:p></span>"
10/26/2018 10:47,10/31/2018 14:07,0,173.27.16.41,100,444026,1,10/31/2018 14:07,R_AhBAPW2GE0Q5EQh,,,,,41.55090332,-90.49420166,anonymous,EN,3,,,,,,,,,,,,,,,,,,,,,,,,,,,,,,,,,,,,,,,,,,,,,,,,,,,,,,,,,,,,,,,,,,,,,,,,,,,,,,,,,,,,,,,,,,,,,,,,,,,,,,,,,,,,,,,,,,,,,,,,,,,,,,,,,,,,,,,,,,,,,,,,,,,,,,,,,,,,,,,,,,,,,,,,,,,,,,,,,,,,,,,,,,,,,,,,,,,,,,,,,,,,,,,,,,,10392,"<span lang=""EN-GB"">Suppose you are at a park, you have just read a book you loved and now you&nbsp;</span>want to write a review for it to share with people you are close to (e.g., friends, family members)"
10/31/2018 14:12,10/31/2018 14:12,0,213.147.109.126,100,23,1,10/31/2018 14:12,R_aW5Qc4tn75FwvQt,,,,,44.86830139,13.84809875,anonymous,EN,"1,2",,,,,,,,,,,,,,,,,,,,,,,,,,,,,,,,,,,,,,,,,,,,,,,,,,,,,,,,,,,,,,,,,,,,,,,,,,,,,,,,,,,,,,,,,,,,,,,,,,,,,,,,,,,,,,,,,,,,,,,,,,,,,,,,,,,,,,,,,,,,,,,,,,,,,,,,,,,,,,,,,,,,,,,,,,,,,,,,,,,,,,,,,,,,,,,,,,,,,,,,,,,,,,,,,,,61656,"<span lang=""EN-GB"">Suppose you have planned to meet a friend next week and you want to&nbsp;put this on your calendar </span><span lang=""EN-GB"">when</span><span lang=""EN-GB""> you are surrounded by people you know (e.g., acquaintances, colleagues) at your home.</span><span lang=""EN-GB""><o:p></o:p></span>"
10/31/2018 14:14,10/31/2018 14:14,0,74.250.163.75,100,21,1,10/31/2018 14:14,R_3JmjLx5pVnCOQSq,,,,,35.36129761,-82.42639923,anonymous,EN,5,,,,,,,,,,,,,,,,,,,,,,,,,,,,,,,,,,,,,,,,,,,,,,,,,,,,,,,,,,,,,,,,,,,,,,,,,,,,,,,,,,,,,,,,,,,,,,,,,,,,,,,,,,,,,,,,,,,,,,,,,,,,,,,,,,,,,,,,,,,,,,,,,,,,,,,,,,,,,,,,,,,,,,,,,,,,,,,,,,,,,,,,,,,,,,,,,,,,,,,,,,,,,,,,,,,4744,"<span lang=""EN-GB"">Suppose
     you want to set up a reminder when you are at a park by yourself.<o:p></o:p></span>"
10/31/2018 14:17,10/31/2018 14:17,0,207.239.153.218,100,10,1,10/31/2018 14:17,R_2f8QCbBuCkUjRwh,,,,,25.95970154,-80.14029694,anonymous,EN,"1,2",,,,,,,,,,,,,,,,,,,,,,,,,,,,,,,,,,,,,,,,,,,,,,,,,,,,,,,,,,,,,,,,,,,,,,,,,,,,,,,,,,,,,,,,,,,,,,,,,,,,,,,,,,,,,,,,,,,,,,,,,,,,,,,,,,,,,,,,,,,,,,,,,,,,,,,,,,,,,,,,,,,,,,,,,,,,,,,,,,,,,,,,,,,,,,,,,,,,,,,,,,,,,,,,,,,95144,"<span lang=""EN-GB"">Suppose you want to take a click a photo when you are with your close friends&nbsp;</span>and family members at Starbucks"
10/30/2018 13:23,10/31/2018 14:18,0,97.90.210.58,100,89749,1,10/31/2018 14:18,R_sN1kW5NAaZt31Ad,,,,,35.68190002,-82.01799774,anonymous,EN,"1,3",,,,,,,,,,,,,,,,,,,,,,,,,,,,,,,,,,,,,,,,,,,,,,,,,,,,,,,,,,,,,,,,,,,,,,,,,,,,,,,,,,,,,,,,,,,,,,,,,,,,,,,,,,,,,,,,,,,,,,,,,,,,,,,,,,,,,,,,,,,,,,,,,,,,,,,,,,,,,,,,,,,,,,,,,,,,,,,,,,,,,,,,,,,,,,,,,,,,,,,,,,,,,,,,,,,23475,"<span lang=""EN-GB"">Suppose you want to browse the internet when you are with your close friends at a park.<o:p></o:p></span>"
10/31/2018 14:23,10/31/2018 14:23,0,172.58.7.31,100,17,1,10/31/2018 14:23,R_3lACXerbBLYFphL,,,,,33.79420471,-84.20179749,anonymous,EN,"2,3",,,,,,,,,,,,,,,,,,,,,,,,,,,,,,,,,,,,,,,,,,,,,,,,,,,,,,,,,,,,,,,,,,,,,,,,,,,,,,,,,,,,,,,,,,,,,,,,,,,,,,,,,,,,,,,,,,,,,,,,,,,,,,,,,,,,,,,,,,,,,,,,,,,,,,,,,,,,,,,,,,,,,,,,,,,,,,,,,,,,,,,,,,,,,,,,,,,,,,,,,,,,,,,,,,,1318,"<span lang=""EN-GB"">Suppose
     you want to a send an email when you are surrounded by people you know
     (e.g., acquaintances, colleagues) your home.<o:p></o:p></span>"
10/31/2018 14:23,10/31/2018 14:23,0,108.75.129.138,100,24,1,10/31/2018 14:23,R_31bK2YyklCfo6PO,,,,,32.78349304,-117.0189056,anonymous,EN,"2,4",,,,,,,,,,,,,,,,,,,,,,,,,,,,,,,,,,,,,,,,,,,,,,,,,,,,,,,,,,,,,,,,,,,,,,,,,,,,,,,,,,,,,,,,,,,,,,,,,,,,,,,,,,,,,,,,,,,,,,,,,,,,,,,,,,,,,,,,,,,,,,,,,,,,,,,,,,,,,,,,,,,,,,,,,,,,,,,,,,,,,,,,,,,,,,,,,,,,,,,,,,,,,,,,,,,40084,"<span lang=""EN-GB"">Suppose you want to find a route to home while walking on a street.<o:p></o:p></span>"
10/31/2018 14:23,10/31/2018 14:24,0,108.75.129.138,100,18,1,10/31/2018 14:24,R_1QybmM4fdEEHogY,,,,,32.78349304,-117.0189056,anonymous,EN,2,,,,,,,,,,,,,,,,,,,,,,,,,,,,,,,,,,,,,,,,,,,,,,,,,,,,,,,,,,,,,,,,,,,,,,,,,,,,,,,,,,,,,,,,,,,,,,,,,,,,,,,,,,,,,,,,,,,,,,,,,,,,,,,,,,,,,,,,,,,,,,,,,,,,,,,,,,,,,,,,,,,,,,,,,,,,,,,,,,,,,,,,,,,,,,,,,,,,,,,,,,,,,,,,,,,67970,"<span lang=""EN-GB"">Suppose you want to a view a text message when you are alone at a street.<o:p></o:p></span>"
10/31/2018 14:21,10/31/2018 14:25,0,173.17.236.138,100,233,1,10/31/2018 14:25,R_ZBJtWTcslCI1p3b,,,,,42.47779846,-92.3660965,anonymous,EN,"1,2,3,4",2,,5,,"2,3",,3,,1,,4,"1,2,3",,2,,4,2,,1,,3,,1,,5,,4,,2,,,,,,,,,,,,,,,,,,,,,,,,,,,,,,2,,5,,6,,1,,2,,4,"1,2,3",,5,,5,,6,,3,,5,,3,,5,,4,,,,,,,,,,,,,,,,,,,,,,,,,,,,,,,,,,,,,,,,,,,,,,,,,,,,,,,,,,,,,,,,,,,,,,,,,,,,,,,,,,,,,,,,,,,,,,,,,,,,,,,,,,,,,,,,,,,,,,Male,34,Data Security,4,1,,2,41886,"<span lang=""EN-GB"">Suppose
     you want to a view a text message
     when you are walking with a very close friend on a street<o:p></o:p></span>"
10/31/2018 14:19,10/31/2018 14:26,0,98.230.97.5,100,401,1,10/31/2018 14:26,R_3Q025s2W48DfiEG,,,,,30.48739624,-84.31890106,anonymous,EN,"1,2,4","1,2",,1,,1,,1,,1,,2,3,,1,,3,6,,2,,2,,2,,"1,2",,2,,,,,,,,,,,,,,,,,,,,,,,,,,,,,,,,,,,,,,,,,,,,,,,,,,,,,,,,,,,,,,,,,,,,,,,,,,,,,,,,,,,,,,,,,,,,,,,,,,,,,,,,,,,,,,,,,,,,,,,,,,,,,,,,,,,,,,,,,,,,,,,,,,,,,,,,,,,,,,,,,,,,,,,,,,,,,,,,,,,,,,,,39609,"<span lang=""EN-GB"" style=""font-size:11.0pt;line-height:115%;
font-family:&quot;Arial&quot;,sans-serif;mso-fareast-font-family:Arial;mso-ansi-language:
EN-GB;mso-fareast-language:EN-US;mso-bidi-language:AR-SA"">Suppose you want to
find a route to a coffee shop when you are alone at home.</span>"
10/31/2018 14:21,10/31/2018 14:27,0,174.220.14.153,100,358,1,10/31/2018 14:27,R_2sc1uOerStcv4cH,,,,,42.71980286,-73.8207016,anonymous,EN,"1,2,3,4,5",2,,1,,1,,3,,1,,4,5,,5,,4,"2,3",,"1,2",,3,,"1,2",,5,,4,,"1,4","2,4",,3,,"2,3",,1,,1,,4,5,,5,,5,,"1,2,3",,3,,5,,3,,5,,1,,,,,,,,,,,,,,,,,,,,,,,,,,,,,,,,,,,,,,,,,,,,,,,,,,,,,,,,,,,,3,,1,,6,,1,,1,,4,1,,5,,5,,3,,"2,3",,5,,"2,3",,5,,1,,,,,,,,,,,,,,,,,,,,,,,,,,,,,,,,,,,,,,,,,,,,,,,,,,,,,,,,,,,,Male,30,Hair stylist,3,2,,3,2889,"<span lang=""EN-GB"">Suppose
     you are at a park and you realize today is the last day to pay one of your
     bills online.<o:p></o:p></span>"
10/31/2018 14:30,10/31/2018 14:30,0,24.158.49.60,100,20,1,10/31/2018 14:30,R_3m95aHjKlRBz9AZ,,,,,34.72439575,-82.47019958,anonymous,EN,"3,4",,,,,,,,,,,,,,,,,,,,,,,,,,,,,,,,,,,,,,,,,,,,,,,,,,,,,,,,,,,,,,,,,,,,,,,,,,,,,,,,,,,,,,,,,,,,,,,,,,,,,,,,,,,,,,,,,,,,,,,,,,,,,,,,,,,,,,,,,,,,,,,,,,,,,,,,,,,,,,,,,,,,,,,,,,,,,,,,,,,,,,,,,,,,,,,,,,,,,,,,,,,,,,,,,,,87703,"<span lang=""EN-GB"" style=""font-size:11.0pt;line-height:115%;
font-family:&quot;Arial&quot;,sans-serif;mso-fareast-font-family:Arial;mso-ansi-language:
EN-GB;mso-fareast-language:EN-US;mso-bidi-language:AR-SA"">Suppose you want to a
send a text message when you are alone at Starbucks.</span>"
10/31/2018 14:28,10/31/2018 14:31,0,24.119.160.42,100,158,1,10/31/2018 14:31,R_3PNZwYSuLw8fqy0,,,,,30.36579895,-88.55609894,anonymous,EN,"1,2,3,4,6","1,3",,2,,"2,3",,1,,1,,"1,3","1,2",,"1,2",,"1,2","1,2",,1,,"2,3",,"1,3",,"1,2",,"1,2",,,,,,,,,,,,,,,,,,,,,,,,,,,,,,,,,,,,,,,,,,,,,,,,,,,,,,,,,,,,,,,,,,,,,,,,,,,,,,,,,,,,,,,,,,,,,,,,,,,,,,,,,,,,,,,,,,,,,,,,,,,,,,,,,,,,,,,,,,,,,,,,,,,,,,,,,,,,,,,,,,,,,,,,,,,,,,,,,,,,,,,,3492,"<span lang=""EN-GB"">Suppose
     you want to watch some video when
     you are at home with people you are close to (e.g., friends, family
     members)<strong><o:p></o:p></strong></span>"
10/31/2018 14:33,10/31/2018 14:34,0,208.107.114.192,100,14,1,10/31/2018 14:34,R_3s0O7MeKzAQV2Gd,,,,,44.04800415,-103.1763,anonymous,EN,"2,6",,,,,,,,,,,,,,,,,,,,,,,,,,,,,,,,,,,,,,,,,,,,,,,,,,,,,,,,,,,,,,,,,,,,,,,,,,,,,,,,,,,,,,,,,,,,,,,,,,,,,,,,,,,,,,,,,,,,,,,,,,,,,,,,,,,,,,,,,,,,,,,,,,,,,,,,,,,,,,,,,,,,,,,,,,,,,,,,,,,,,,,,,,,,,,,,,,,,,,,,,,,,,,,,,,,70500,"<span lang=""EN-GB"">Suppose you want to browse the internet when you are at home with people you are close to (e.g., friends, family members)<strong><o:p></o:p></strong></span>"
10/31/2018 14:33,10/31/2018 14:34,0,76.124.64.173,100,59,1,10/31/2018 14:34,R_Wcx8UzMYae6giel,,,,,40.14959717,-75.37960052,anonymous,EN,"1,2,3,4,6",2,,3,,6,,1,,3,,3,2,,3,,1,2,,2,,2,,2,,2,,2,,,,,,,,,,,,,,,,,,,,,,,,,,,,,,,,,,,,,,,,,,,,,,,,,,,,,,,,,,,,,,,,,,,,,,,,,,,,,,,,,,,,,,,,,,,,,,,,,,,,,,,,,,,,,,,,,,,,,,,,,,,,,,,,,,,,,,,,,,,,,,,,,,,,,,,,,,,,,,,,,,,,,,,,,,,,,,,,,,,,,,,,12064,"<span lang=""EN-GB"">Suppose
     you want to call your mother for sharing an important update about your
     life yourself when you are with a very close friend at a park.&nbsp;<o:p></o:p></span>"
10/31/2018 14:29,10/31/2018 14:35,0,174.220.14.153,100,361,1,10/31/2018 14:35,R_1gCrIqA6H60Ayoj,,,,,42.71980286,-73.8207016,anonymous,EN,"1,2,3,4,5,6","1,2",,1,,2,,1,,2,,4,"1,3",,5,,4,3,,2,,"1,2,3",,2,,1,,4,,"2,4,6",,,,,,,,,,,,,,,,,,,,,,,,,,,,,,"1,2,3",,"1,2",,"1,2",,3,,1,,4,5,,5,,5,,6,,"1,2,3",,"1,2",,"1,2,3",,1,,4,,,,,,,,,,,,,,,,,,,,,,,,,,,,,,,"2,3",,1,,"2,3",,1,,1,,4,5,,5,,5,,2,,3,,"1,2",,3,,1,,4,,,,,,,,,,,,,,,,,,,,,,,,,,,,,,,"1,2",,1,,2,,3,,1,,4,5,,5,,5,,3,,"2,3",,"1,2",,"2,3",,1,,4,,Female,37,Counselor,3,4,,3,72706,"<span lang=""EN-GB"">Suppose
     you want&nbsp; to a send a text message
     when you are walking with a very close friend on a street<o:p></o:p></span>"
10/31/2018 14:36,10/31/2018 14:36,0,172.245.180.159,100,19,1,10/31/2018 14:36,R_1NsTm8BBMe3yOTf,,,,,42.88639832,-78.87809753,anonymous,EN,1,,,,,,,,,,,,,,,,,,,,,,,,,,,,,,,,,,,,,,,,,,,,,,,,,,,,,,,,,,,,,,,,,,,,,,,,,,,,,,,,,,,,,,,,,,,,,,,,,,,,,,,,,,,,,,,,,,,,,,,,,,,,,,,,,,,,,,,,,,,,,,,,,,,,,,,,,,,,,,,,,,,,,,,,,,,,,,,,,,,,,,,,,,,,,,,,,,,,,,,,,,,,,,,,,,,58295,"<span lang=""EN-GB"">Suppose
     you want to listen to some audio when you are at home with people you are
     close to (e.g., friends, family members).<strong><o:p></o:p></strong></span>"
10/31/2018 14:32,10/31/2018 14:37,0,66.56.157.154,100,260,1,10/31/2018 14:37,R_10uwElRtlyFCv7J,,,,,33.73770142,-78.97869873,anonymous,EN,"1,2,3,4,6","2,3,4,5",,1,,2,,3,,3,,2,"1,2",,"2,3",,3,1,,"1,2",,"1,3",,2,,"1,2",,"1,2",,,,,,,,,,,,,,,,,,,,,,,,,,,,,,,,,,,,,,,,,,,,,,,,,,,,,,,,,,,,,,,,,,,,,,,,,,,,,,,,,,,,,,,,,,,,,,,,,,,,,,,,,,,,,,,,,,,,,,,,,,,,,,,,,,,,,,,,,,,,,,,,,,,,,,,,,,,,,,,,,,,,,,,,,,,,,,,,,,,,,,,,31217,"<span lang=""EN-GB"">Suppose
     you want to purchase something online when you are alone at your home.<o:p></o:p></span>"
10/31/2018 14:34,10/31/2018 14:38,0,208.107.114.192,100,220,1,10/31/2018 14:38,R_3qEUBqGwr30dOIl,,,,,44.04800415,-103.1763,anonymous,EN,"1,2,4,6","1,2",,1,,2,,1,,1,,1,3,,3,,1,4,,2,,"1,3",,2,,1,,2,,6,,,,,,,,,,,,,,,,,,,,,,,,,,,,,,,,,,,,,,,,,,,,,,,,,,,,,,,,,,,,,,,,,,,,,,,,,,,,,,,,,,,,,,,,,,,,,,,,,,,,,,,,,,,,,,,,,,,,,,,,,,,,,,,,,,,,,,,,,,,,,,,,,,1,,2,,2,,1,,1,,1,2,,1,,2,,4,,2,,1,,2,,1,,2,,,,,,,,,90868,"<span lang=""EN-GB"">Suppose
     you want to a view a text message when you are surrounded with people you
     are close to (e.g., friends, family members) at your home.<strong><o:p></o:p></strong></span>"
10/31/2018 14:38,10/31/2018 14:38,0,67.254.210.204,100,17,1,10/31/2018 14:38,R_1NaaMgXkyzN8uac,,,,,40.80189514,-73.95310211,anonymous,EN,1,,,,,,,,,,,,,,,,,,,,,,,,,,,,,,,,,,,,,,,,,,,,,,,,,,,,,,,,,,,,,,,,,,,,,,,,,,,,,,,,,,,,,,,,,,,,,,,,,,,,,,,,,,,,,,,,,,,,,,,,,,,,,,,,,,,,,,,,,,,,,,,,,,,,,,,,,,,,,,,,,,,,,,,,,,,,,,,,,,,,,,,,,,,,,,,,,,,,,,,,,,,,,,,,,,,67868,"<span lang=""EN-GB"">Suppose
     you want to listen to some audio when you are with people you know (e.g.,
     acquaintances, colleagues) in a park.<o:p></o:p></span>


<p><span lang=""EN-GB"" style=""color:red"">&nbsp;</span></p>"
10/31/2018 14:43,10/31/2018 14:44,0,24.112.236.8,100,46,1,10/31/2018 14:44,R_3rP6ygYVkIBV0Xe,,,,,40.855896,-82.31890106,anonymous,EN,"1,4",,,,,,,,,,,,,,,,,,,,,,,,,,,,,,,,,,,,,,,,,,,,,,,,,,,,,,,,,,,,,,,,,,,,,,,,,,,,,,,,,,,,,,,,,,,,,,,,,,,,,,,,,,,,,,,,,,,,,,,,,,,,,,,,,,,,,,,,,,,,,,,,,,,,,,,,,,,,,,,,,,,,,,,,,,,,,,,,,,,,,,,,,,,,,,,,,,,,,,,,,,,,,,,,,,,97645,"<span lang=""EN-GB"">Suppose
     you want to a send a text message when you are with a very close friend at
     a restaurant&nbsp;<o:p></o:p></span>"
10/31/2018 14:40,10/31/2018 14:45,0,207.174.156.100,100,283,1,10/31/2018 14:45,R_UFumHuv45Hz2M2B,,,,,38.22219849,-85.68849945,anonymous,EN,"1,2,3,4,5,6",2,,5,,"1,2,3",,1,,3,,3,"1,2,3",,"2,3",,3,"2,3,4",,"1,2",,3,,"1,2",,"1,2",,2,,2,,,,,,,,,,,,,,,,,,,,,,,,,,,,,,2,,1,,6,,1,,6,,4,5,,5,,3,,6,,1,,5,,7,,"1,2,3",,2,,,,,,,,,,,,,,,,,,,,,,,,,,,,,,,,,,,,,,,,,,,,,,,,,,,,,,,,,,,,,,,,,,,,,,,,,,,,,,,,,,,,,,,,,,,,,,,,,,,,,,,,,,,,,,,,,,,,,,,,,,,,,60069,"<span lang=""EN-GB"">Suppose
     you want to watch some video when you are alone at Starbucks.<o:p></o:p></span>"
10/31/2018 14:28,10/31/2018 14:46,0,72.223.101.247,100,1044,1,10/31/2018 14:46,R_3EWRBTFAnpZvWf7,,,,,33.56750488,-112.1753006,anonymous,EN,"1,2,4,5","1,2",,2,,1,,1,,1,,2,3,,2,,3,1,,2,,1,,2,,1,,2,,,,,,,,,,,,,,,,,,,,,,,,,,,,,,,,,,,,,,,,,,,,,,,,,,,,,,,,,,,,,,,,,,,,,,,,,,,,,,,,,,,,,,,,,,,,,,,,,,,,,,,,,,,,,,,,,,,,,,,,,,,,,,,,,,,,,,,,,,,,,,,,,,,,,,,,,,,,,,,,,,,,,,,,,,,,,,,,,,,,,,,,19807,"<span lang=""EN-GB"">Suppose
     you want to take a click a photo when you are alone at home.<o:p></o:p></span>"
10/31/2018 14:47,10/31/2018 14:47,0,158.158.242.208,100,9,1,10/31/2018 14:47,R_1CHeMoeJj233vYD,,,,,34.87240601,-82.36260223,anonymous,EN,"2,3",,,,,,,,,,,,,,,,,,,,,,,,,,,,,,,,,,,,,,,,,,,,,,,,,,,,,,,,,,,,,,,,,,,,,,,,,,,,,,,,,,,,,,,,,,,,,,,,,,,,,,,,,,,,,,,,,,,,,,,,,,,,,,,,,,,,,,,,,,,,,,,,,,,,,,,,,,,,,,,,,,,,,,,,,,,,,,,,,,,,,,,,,,,,,,,,,,,,,,,,,,,,,,,,,,,25446,"<span lang=""EN-GB"">Suppose you want to a send a text message when you are surrounded with people you are close to (e.g., friends, family members) at your home.<strong><o:p></o:p></strong></span>"
10/31/2018 14:45,10/31/2018 14:53,0,173.108.43.48,100,469,1,10/31/2018 14:53,R_1exv4OarW56D1z3,,,,,39.21330261,-94.57430267,anonymous,EN,"1,2,4",7,,5,,6,,3,,6,,4,5,,5,,4,6,,5,,7,,5,,5,,4,,4,,,,,,,,,,,,,,,,,,,,,,,,,,,,,,,,,,,,,,,,,,,,,,,,,,,,,,,,,,,,,,,,,,,,,,,,,,,,,,,,,,,,,,,,7,,5,,6,,3,,6,,4,5,,5,,5,,6,,7,,5,,7,,5,,4,,,,,,,,,,,,,,,,,,,,,,,,,,,,,,,,,,,,,,,,,,,,,,,,,,,,,,,,,,,,males,46,security guard,2,1,,2,30008,"<span lang=""EN-GB"">Suppose
     you want to a send an email when you are with a very close friend at a
     restaurant&nbsp;<o:p></o:p></span>"
10/31/2018 14:52,10/31/2018 14:54,0,70.119.164.58,100,111,1,10/31/2018 14:54,R_1hy8BaPrWpNFALc,,,,,33.0032959,-96.88200378,anonymous,EN,"1,2,3,4",7,,5,,1,,3,,1,,"2,3","1,2,3",,5,,"2,3","1,2",,1,,"3,4",,"1,2",,"1,2,3",,"1,2",,,,,,,,,,,,,,,,,,,,,,,,,,,,,,,,,,,,,,,,,,,,,,,,,,,,,,,,,,,,,,,,,,,,,,,,,,,,,,,,,,,,,,,,,,,,,,,,,,,,,,,,,,,,,,,,,,,,,,,,,,,,,,,,,,,,,,,,,,,,,,,,,,,,,,,,,,,,,,,,,,,,,,,,,,,,,,,,,,,,,,,,14746,"<span lang=""EN-GB"">Suppose you are at Starbucks with your close friends and you realize today is the last day to pay one of your bills online.<o:p></o:p></span>"
10/31/2018 14:59,10/31/2018 15:00,0,206.246.76.133,100,9,1,10/31/2018 15:00,R_10T8ut3rKXUE6V1,,,,,37.75100708,-97.8219986,anonymous,EN,3,,,,,,,,,,,,,,,,,,,,,,,,,,,,,,,,,,,,,,,,,,,,,,,,,,,,,,,,,,,,,,,,,,,,,,,,,,,,,,,,,,,,,,,,,,,,,,,,,,,,,,,,,,,,,,,,,,,,,,,,,,,,,,,,,,,,,,,,,,,,,,,,,,,,,,,,,,,,,,,,,,,,,,,,,,,,,,,,,,,,,,,,,,,,,,,,,,,,,,,,,,,,,,,,,,,27842,"<span lang=""EN-GB"" style=""font-size:11.0pt;line-height:115%;
font-family:&quot;Arial&quot;,sans-serif;mso-fareast-font-family:Arial;mso-ansi-language:
EN-GB;mso-fareast-language:EN-US;mso-bidi-language:AR-SA"">Suppose you have
planned to meet a friend next week and you want put this on your calendar<span style=""color:#434343""> when you with </span>people you know (e.g.,
acquaintances, colleagues)<span style=""color:#434343""> at a park</span></span>"
10/31/2018 15:00,10/31/2018 15:00,0,206.246.76.133,100,48,1,10/31/2018 15:00,R_3nAdEqs8VVv3m3V,,,,,37.75100708,-97.8219986,anonymous,EN,"1,2,3,4,5,6",4,,1,,3,,1,,2,,3,2,,1,,1,2,,1,,2,,5,,2,,2,,,,,,,,,,,,,,,,,,,,,,,,,,,,,,,,,,,,,,,,,,,,,,,,,,,,,,,,,,,,,,,,,,,,,,,,,,,,,,,,,,,,,,,,,,,,,,,,,,,,,,,,,,,,,,,,,,,,,,,,,,,,,,,,,,,,,,,,,,,,,,,,,,,,,,,,,,,,,,,,,,,,,,,,,,,,,,,,,,,,,,,,79903,"<span lang=""EN-GB"">Suppose you want to watch some video when you are alone in a park.<o:p></o:p></span>"
10/31/2018 14:59,10/31/2018 15:01,0,173.56.223.91,100,98,1,10/31/2018 15:01,R_6kZbxeZ596rxH4l,,,,,41.01179504,-73.86650085,anonymous,EN,"1,2,3,4",2,,5,,1,,1,,1,,4,1,,1,,3,6,,1,,1,,1,,5,,4,,,,,,,,,,,,,,,,,,,,,,,,,,,,,,,,,,,,,,,,,,,,,,,,,,,,,,,,,,,,,,,,,,,,,,,,,,,,,,,,,,,,,,,,,,,,,,,,,,,,,,,,,,,,,,,,,,,,,,,,,,,,,,,,,,,,,,,,,,,,,,,,,,,,,,,,,,,,,,,,,,,,,,,,,,,,,,,,,,,,,,,,42979,"<span lang=""EN-GB"">Suppose
     you want to a view a text message when you are surrounded by people you
     know (e.g., acquaintances, colleagues) at a restaurant.<o:p></o:p></span>"
10/31/2018 13:27,10/31/2018 15:04,0,71.176.70.228,100,5773,1,10/31/2018 15:04,R_3jd5chza09LQqpW,,,,,43.03540039,-76.12819672,anonymous,EN,"2,4,5,6","2,4",,2,,"2,3",,3,,1,,1,1,,5,,1,6,,"1,2",,"2,3",,"1,2",,5,,4,,"4,6",,,,,,,,,,,,,,,,,,,,,,,,,,,,,,,,,,,,,,,,,,,,,,,,,,,,,,,,,,,,,,,,,,,,,,,,,,,,,,,,,,,,,,,,"1,2",,3,,"1,2,3",,1,,1,,1,5,,5,,5,,3,,"2,3",,2,,"2,3",,5,,"1,2",,,,,,,,,,,,,,,,,,,,,,,,,,,,,,,"2,5",,3,,"2,3",,3,,1,,1,5,,5,,5,,3,,"2,3",,"1,2",,"2,3",,5,,"1,2",,male,45,driver,2,1,,2,58584,"<span lang=""EN-GB"">Suppose you want to call your mother for sharing an important
     update about your life&nbsp; when you
     with people you know (e.g., acquaintances, colleagues) at a park<o:p></o:p></span>"
10/31/2018 15:04,10/31/2018 15:05,0,67.249.200.84,100,17,1,10/31/2018 15:05,R_2VDc5cy4tR0d1fa,,,,,43.08779907,-75.7602005,anonymous,EN,5,,,,,,,,,,,,,,,,,,,,,,,,,,,,,,,,,,,,,,,,,,,,,,,,,,,,,,,,,,,,,,,,,,,,,,,,,,,,,,,,,,,,,,,,,,,,,,,,,,,,,,,,,,,,,,,,,,,,,,,,,,,,,,,,,,,,,,,,,,,,,,,,,,,,,,,,,,,,,,,,,,,,,,,,,,,,,,,,,,,,,,,,,,,,,,,,,,,,,,,,,,,,,,,,,,,62120,"<span lang=""EN-GB"" style=""font-size:11.0pt;line-height:115%;
font-family:&quot;Arial&quot;,sans-serif;mso-fareast-font-family:Arial;mso-ansi-language:
EN-GB;mso-fareast-language:EN-US;mso-bidi-language:AR-SA"">Suppose you want to a
view a text message when you are alone at home</span>"
10/31/2018 15:02,10/31/2018 15:05,0,98.164.223.49,100,165,1,10/31/2018 15:05,R_31AeWwNjWTlHCPF,,,,,33.66949463,-117.8231049,anonymous,EN,"1,2,4","2,3",,1,,"1,2,3",,1,,1,,"1,2,3","1,2",,"1,2,3",,2,1,,1,,"1,2,3",,"1,3",,"1,2,3",,"1,2",,,,,,,,,,,,,,,,,,,,,,,,,,,,,,,,,,,,,,,,,,,,,,,,,,,,,,,,,,,,,,,,,,,,,,,,,,,,,,,,,,,,,,,,,,,,,,,,,,,,,,,,,,,,,,,,,,,,,,,,,,,,,,,,,,,,,,,,,,,,,,,,,,,,,,,,,,,,,,,,,,,,,,,,,,,,,,,,,,,,,,,,8761,"Suppose you are alone at home, you want to take a break from studying/working&nbsp;<p>so you decide to play a video game with some with some people you know (e.g., acquaintances, colleagues).<o:p></o:p></p>"
10/31/2018 15:05,10/31/2018 15:05,0,67.249.200.84,100,15,1,10/31/2018 15:05,R_1kTchzhUYYm4ii8,,,,,43.08779907,-75.7602005,anonymous,EN,1,,,,,,,,,,,,,,,,,,,,,,,,,,,,,,,,,,,,,,,,,,,,,,,,,,,,,,,,,,,,,,,,,,,,,,,,,,,,,,,,,,,,,,,,,,,,,,,,,,,,,,,,,,,,,,,,,,,,,,,,,,,,,,,,,,,,,,,,,,,,,,,,,,,,,,,,,,,,,,,,,,,,,,,,,,,,,,,,,,,,,,,,,,,,,,,,,,,,,,,,,,,,,,,,,,,16340,"<span lang=""EN-GB"">Suppose you are at a park, you have just read a book you loved and now you&nbsp;</span>want to write a review for it to share with people you are close to (e.g., friends, family members)"
10/31/2018 14:57,10/31/2018 15:06,0,71.78.23.147,100,563,1,10/31/2018 15:06,R_1oe78Aj8RsfFKQV,,,,,32.92469788,-96.95980072,anonymous,EN,"1,2,4",2,,1,,1,,1,,1,,3,"1,2",,3,,3,3,,2,,3,,2,,"1,3",,"1,2",,2,,,,,,,,,,,,,,,,,,,,,,,,,,,,,,2,,1,,2,,1,,1,,2,"1,2",,1,,1,,3,,4,,2,,4,,"1,2,3",,2,,,,,,,,,,,,,,,,,,,,,,,,,,,,,,,,,,,,,,,,,,,,,,,,,,,,,,,,,,,,,,,,,,,,,,,,,,,,,,,,,,,,,,,,,,,,,,,,,,,,,,,,,,,,,,,,,,,,,,female,58,clerk,4,1,,3,74238,"<span lang=""EN-GB"">Suppose
     you want to a view a text message when you are with a very close friend at
     a restaurant&nbsp;<o:p></o:p></span>"
10/31/2018 15:05,10/31/2018 15:09,0,67.249.200.84,100,220,1,10/31/2018 15:09,R_1BWabwsbajO28g7,,,,,43.08779907,-75.7602005,anonymous,EN,"1,2,3,4,5,6",1,,"1,2",,"1,2,3,4",,1,,2,,3,"1,3",,"2,3",,1,4,,2,,"1,3",,"1,2,3",,"1,2,3",,2,,,,,,,,,,,,,,,,,,,,,,,,,,,,,,,,,,,,,,,,,,,,,,,,,,,,,,,,,,,,,,,,,,,,,,,,,,,,,,,,,,,,,,,,,,,,,,,,,,,,,,,,,,,,,,,,,,,,,,,,,,,,,,,,,,,,,,,,,,,,,,,,,,,,,,,,,,,,,,,,,,,,,,,,,,,,,,,,,,,,,,,,26467,"<span lang=""EN-GB"">Suppose
     you want to find a route to home when you are at Starbucks with people you
     know (e.g., acquaintances, colleagues).<o:p></o:p></span>"
10/31/2018 15:11,10/31/2018 15:13,0,99.203.11.55,100,121,1,10/31/2018 15:13,R_1QJAsn7FDO7sqFj,,,,,34.08180237,-118.1753006,anonymous,EN,"1,2,3,4,6",1,,1,,1,,1,,2,,1,3,,1,,2,3,,2,,2,,1,,1,,1,,,,,,,,,,,,,,,,,,,,,,,,,,,,,,,,,,,,,,,,,,,,,,,,,,,,,,,,,,,,,,,,,,,,,,,,,,,,,,,,,,,,,,,,,,,,,,,,,,,,,,,,,,,,,,,,,,,,,,,,,,,,,,,,,,,,,,,,,,,,,,,,,,,,,,,,,,,,,,,,,,,,,,,,,,,,,,,,,,,,,,,,59097,"<span lang=""EN-GB"">Suppose it is a regular working day, you want to track the total amount of calories&nbsp;</span>you consume and burn off during the day.&nbsp;"
10/31/2018 15:14,10/31/2018 15:15,0,141.210.60.25,100,20,1,10/31/2018 15:15,R_1dxZtXti6lSlNm7,,,,,42.66259766,-83.18370056,anonymous,EN,2,,,,,,,,,,,,,,,,,,,,,,,,,,,,,,,,,,,,,,,,,,,,,,,,,,,,,,,,,,,,,,,,,,,,,,,,,,,,,,,,,,,,,,,,,,,,,,,,,,,,,,,,,,,,,,,,,,,,,,,,,,,,,,,,,,,,,,,,,,,,,,,,,,,,,,,,,,,,,,,,,,,,,,,,,,,,,,,,,,,,,,,,,,,,,,,,,,,,,,,,,,,,,,,,,,,88879,"<span lang=""EN-GB"">Suppose you have planned to meet a friend next week and you want to put this on your calendar when you are alone at a park<o:p></o:p></span>"
10/31/2018 15:18,10/31/2018 15:18,0,190.87.44.49,100,25,1,10/31/2018 15:18,R_3eoi72m6h9tVAjf,,,,,13.70170593,-89.10939789,anonymous,EN,6,,,,,,,,,,,,,,,,,,,,,,,,,,,,,,,,,,,,,,,,,,,,,,,,,,,,,,,,,,,,,,,,,,,,,,,,,,,,,,,,,,,,,,,,,,,,,,,,,,,,,,,,,,,,,,,,,,,,,,,,,,,,,,,,,,,,,,,,,,,,,,,,,,,,,,,,,,,,,,,,,,,,,,,,,,,,,,,,,,,,,,,,,,,,,,,,,,,,,,,,,,,,,,,,,,,91734,"<span lang=""EN-GB"">Suppose
     you want to a send a text message when you are surrounded by people you
     know (e.g., acquaintances, colleagues) at a restaurant.<o:p></o:p></span>"
10/31/2018 15:18,10/31/2018 15:18,0,190.87.44.49,100,13,1,10/31/2018 15:18,R_ZrEyedHAKGntDwZ,,,,,13.70170593,-89.10939789,anonymous,EN,1,,,,,,,,,,,,,,,,,,,,,,,,,,,,,,,,,,,,,,,,,,,,,,,,,,,,,,,,,,,,,,,,,,,,,,,,,,,,,,,,,,,,,,,,,,,,,,,,,,,,,,,,,,,,,,,,,,,,,,,,,,,,,,,,,,,,,,,,,,,,,,,,,,,,,,,,,,,,,,,,,,,,,,,,,,,,,,,,,,,,,,,,,,,,,,,,,,,,,,,,,,,,,,,,,,,76080,"<span lang=""EN-GB"">Suppose you want to read a digital document when you are in a park with people you know (e.g., acquaintances, colleagues).<o:p></o:p></span>"
10/31/2018 15:23,10/31/2018 15:23,0,174.85.60.163,100,19,1,10/31/2018 15:23,R_2D7V41gO1DD7dIO,,,,,34.19119263,-118.1391983,anonymous,EN,4,,,,,,,,,,,,,,,,,,,,,,,,,,,,,,,,,,,,,,,,,,,,,,,,,,,,,,,,,,,,,,,,,,,,,,,,,,,,,,,,,,,,,,,,,,,,,,,,,,,,,,,,,,,,,,,,,,,,,,,,,,,,,,,,,,,,,,,,,,,,,,,,,,,,,,,,,,,,,,,,,,,,,,,,,,,,,,,,,,,,,,,,,,,,,,,,,,,,,,,,,,,,,,,,,,,36237,"<span lang=""EN-GB"" style=""font-size:11.0pt;line-height:115%;
font-family:&quot;Arial&quot;,sans-serif;mso-fareast-font-family:Arial;mso-ansi-language:
EN-GB;mso-fareast-language:EN-US;mso-bidi-language:AR-SA"">Suppose you want to
take a click a photo when you are at Starbucks.</span>"
10/29/2018 8:27,10/31/2018 15:24,0,108.52.84.144,100,197788,1,10/31/2018 15:24,R_2qfpNqfoglreb4A,,,,,40.04679871,-75.53099823,anonymous,EN,"1,2,4,6","1,2",,1,,1,,1,,"1,2",,1,1,,1,,2,2,,1,,"2,3",,2,,1,,1,,,,,,,,,,,,,,,,,,,,,,,,,,,,,,,,,,,,,,,,,,,,,,,,,,,,,,,,,,,,,,,,,,,,,,,,,,,,,,,,,,,,,,,,,,,,,,,,,,,,,,,,,,,,,,,,,,,,,,,,,,,,,,,,,,,,,,,,,,,,,,,,,,,,,,,,,,,,,,,,,,,,,,,,,,,,,,,,,,,,,,,,15019,"<span lang=""EN-GB"">Suppose
     you want to call your mother for sharing an important update about your
     life yourself when you are with a very close friend at a park.&nbsp;<o:p></o:p></span>"
10/31/2018 15:14,10/31/2018 15:24,0,71.176.70.228,100,621,1,10/31/2018 15:24,R_1pGOFCAsPVmlDyQ,,,,,43.03540039,-76.12819672,anonymous,EN,"1,2,3,4,5","2,3,4,5",,1,,"2,3",,3,,6,,4,"1,3",,5,,4,"1,2,3",,"1,2",,3,,"1,2",,"1,2",,"1,2",,"1,3,4","2,4",,3,,"2,3",,1,,1,,"2,3",5,,5,,5,,3,,"2,3",,"1,2",,"2,3",,5,,4,,,,,,,,,,,,,,,,,,,,,,,,,,,,,,,"2,4",,3,,"2,3",,3,,1,,1,5,,5,,5,,3,,"3,4",,2,,"3,4",,"1,3",,4,,"1,2",,5,,"2,3",,1,,1,,1,5,,"1,2",,"1,2",,3,,3,,"1,2",,3,,5,,4,,,,,,,,,,,,,,,,,,,,,,,,,,,,,,,,,,,,,,,,,,,,,,,,,,,,,,,,,,,,female,21,student,3,2,,2,56113,"<span lang=""EN-GB"" style=""font-size:11.0pt;line-height:115%;
font-family:&quot;Arial&quot;,sans-serif;mso-fareast-font-family:Arial;mso-ansi-language:
EN-GB;mso-fareast-language:EN-US;mso-bidi-language:AR-SA"">Suppose you want to a
send an email when you are alone at home</span>"
10/31/2018 15:25,10/31/2018 15:30,0,71.176.70.228,100,301,1,10/31/2018 15:30,R_10BIoxluDUIXdlM,,,,,43.03540039,-76.12819672,anonymous,EN,"1,2,3,4","2,3,4",,3,,"1,2,3",,3,,2,,3,2,,5,,3,3,,"1,2",,"2,3",,"1,2",,3,,4,,"1,4","2,4",,3,,3,,1,,1,,1,5,,5,,5,,1,,3,,"1,2",,3,,1,,2,,,,,,,,,,,,,,,,,,,,,,,,,,,,,,,,,,,,,,,,,,,,,,,,,,,,,,,,,,,,2,,1,,3,,3,,1,,3,5,,5,,5,,3,,3,,2,,3,,"1,3",,2,,,,,,,,,,,,,,,,,,,,,,,,,,,,,,,,,,,,,,,,,,,,,,,,,,,,,,,,,,,,Male,45,driver,2,2,,2,7822,"<span lang=""EN-GB"">Suppose you want to read a digital document when you are in a park surrounded by your close friends.<o:p></o:p></span>"
10/31/2018 15:33,10/31/2018 15:34,0,104.227.86.4,100,22,1,10/31/2018 15:34,R_2EB0j9QGaSYrAHS,,,,,34.1072998,-118.2266006,anonymous,EN,1,,,,,,,,,,,,,,,,,,,,,,,,,,,,,,,,,,,,,,,,,,,,,,,,,,,,,,,,,,,,,,,,,,,,,,,,,,,,,,,,,,,,,,,,,,,,,,,,,,,,,,,,,,,,,,,,,,,,,,,,,,,,,,,,,,,,,,,,,,,,,,,,,,,,,,,,,,,,,,,,,,,,,,,,,,,,,,,,,,,,,,,,,,,,,,,,,,,,,,,,,,,,,,,,,,,9342,"<span lang=""EN-GB"">Suppose
     you want to watch some video when you are with people you know (e.g.,
     acquaintances, colleagues) in a park.<o:p></o:p></span>"
10/31/2018 15:34,10/31/2018 15:34,0,69.125.99.29,100,6,1,10/31/2018 15:34,R_2RQ9kDcE4ygVLj6,,,,,40.80639648,-72.8565979,anonymous,EN,1,,,,,,,,,,,,,,,,,,,,,,,,,,,,,,,,,,,,,,,,,,,,,,,,,,,,,,,,,,,,,,,,,,,,,,,,,,,,,,,,,,,,,,,,,,,,,,,,,,,,,,,,,,,,,,,,,,,,,,,,,,,,,,,,,,,,,,,,,,,,,,,,,,,,,,,,,,,,,,,,,,,,,,,,,,,,,,,,,,,,,,,,,,,,,,,,,,,,,,,,,,,,,,,,,,,42948,"<span lang=""EN-GB"">Suppose
     you want to purchase something online when you are alone at a park.<o:p></o:p></span>"
10/31/2018 15:34,10/31/2018 15:34,0,73.73.187.59,100,14,1,10/31/2018 15:34,R_24GhtDBFRfvWYhR,,,,,41.8000946,-87.92870331,anonymous,EN,"2,3",,,,,,,,,,,,,,,,,,,,,,,,,,,,,,,,,,,,,,,,,,,,,,,,,,,,,,,,,,,,,,,,,,,,,,,,,,,,,,,,,,,,,,,,,,,,,,,,,,,,,,,,,,,,,,,,,,,,,,,,,,,,,,,,,,,,,,,,,,,,,,,,,,,,,,,,,,,,,,,,,,,,,,,,,,,,,,,,,,,,,,,,,,,,,,,,,,,,,,,,,,,,,,,,,,,8242,"<span lang=""EN-GB"">Suppose
     you have planned to meet a friend next week and you want put this on your
     calendar when you are alone at home<strong><o:p></o:p></strong></span>"
10/31/2018 15:33,10/31/2018 15:34,0,204.191.220.155,100,51,1,10/31/2018 15:34,R_2xW9JPHVtZ10SXi,,,,,53.53340149,-114.0020981,anonymous,EN,"2,3,4",1,,2,,1,,1,,2,,4,1,,1,,1,3,,1,,2,,1,,1,,1,,,,,,,,,,,,,,,,,,,,,,,,,,,,,,,,,,,,,,,,,,,,,,,,,,,,,,,,,,,,,,,,,,,,,,,,,,,,,,,,,,,,,,,,,,,,,,,,,,,,,,,,,,,,,,,,,,,,,,,,,,,,,,,,,,,,,,,,,,,,,,,,,,,,,,,,,,,,,,,,,,,,,,,,,,,,,,,,,,,,,,,,42683,"<span lang=""EN-GB"">Suppose you are at sitting at Starbucks and you want to play a digital/online&nbsp;</span>game."
10/31/2018 15:34,10/31/2018 15:35,0,69.125.99.29,100,30,1,10/31/2018 15:35,R_0e0dCqwPsiwpIpH,,,,,40.80639648,-72.8565979,anonymous,EN,"1,2,3,4,5",4,,1,,3,,1,,3,,2,1,,3,,3,3,,1,,2,,3,,2,,2,,,,,,,,,,,,,,,,,,,,,,,,,,,,,,,,,,,,,,,,,,,,,,,,,,,,,,,,,,,,,,,,,,,,,,,,,,,,,,,,,,,,,,,,,,,,,,,,,,,,,,,,,,,,,,,,,,,,,,,,,,,,,,,,,,,,,,,,,,,,,,,,,,,,,,,,,,,,,,,,,,,,,,,,,,,,,,,,,,,,,,,,69280,"<span lang=""EN-GB"">Suppose you want to browse internet when you are with your close friends at a restaurant.<o:p></o:p></span>"
10/31/2018 15:34,10/31/2018 15:35,0,162.248.134.222,100,17,1,10/31/2018 15:35,R_3fYJKnq8dtnYnRz,,,,,37.75100708,-97.8219986,anonymous,EN,"1,2",,,,,,,,,,,,,,,,,,,,,,,,,,,,,,,,,,,,,,,,,,,,,,,,,,,,,,,,,,,,,,,,,,,,,,,,,,,,,,,,,,,,,,,,,,,,,,,,,,,,,,,,,,,,,,,,,,,,,,,,,,,,,,,,,,,,,,,,,,,,,,,,,,,,,,,,,,,,,,,,,,,,,,,,,,,,,,,,,,,,,,,,,,,,,,,,,,,,,,,,,,,,,,,,,,,23536,"<span lang=""EN-GB"">Suppose
     you want to set up a reminder about something when you are at Starbucks by
     yourself.<o:p></o:p></span>"
10/31/2018 15:34,10/31/2018 15:35,0,204.191.220.155,100,41,1,10/31/2018 15:35,R_1X4z19T9TiaQXmx,,,,,53.53340149,-114.0020981,anonymous,EN,"2,3,4",4,,2,,4,,1,,"2,3",,"1,2","1,2",,3,,"2,3",2,,"1,2",,2,,"1,3",,1,,2,,,,,,,,,,,,,,,,,,,,,,,,,,,,,,,,,,,,,,,,,,,,,,,,,,,,,,,,,,,,,,,,,,,,,,,,,,,,,,,,,,,,,,,,,,,,,,,,,,,,,,,,,,,,,,,,,,,,,,,,,,,,,,,,,,,,,,,,,,,,,,,,,,,,,,,,,,,,,,,,,,,,,,,,,,,,,,,,,,,,,,,,28323,"<span lang=""EN-GB"">Suppose you want to browse through one of your social media profiles when you&nbsp;</span>are at your home."
10/31/2018 15:35,10/31/2018 15:35,0,24.175.68.0,100,14,1,10/31/2018 15:35,R_1QLMun0WL0YALYQ,,,,,25.92210388,-97.4611969,anonymous,EN,"2,3",,,,,,,,,,,,,,,,,,,,,,,,,,,,,,,,,,,,,,,,,,,,,,,,,,,,,,,,,,,,,,,,,,,,,,,,,,,,,,,,,,,,,,,,,,,,,,,,,,,,,,,,,,,,,,,,,,,,,,,,,,,,,,,,,,,,,,,,,,,,,,,,,,,,,,,,,,,,,,,,,,,,,,,,,,,,,,,,,,,,,,,,,,,,,,,,,,,,,,,,,,,,,,,,,,,28471,"<span lang=""EN-GB"">Suppose you have planned to meet a friend next week and you want to put this on your calendar when you are with a very close friend at a restaurant&nbsp;<o:p></o:p></span>"
10/31/2018 15:34,10/31/2018 15:36,0,50.207.231.42,100,171,1,10/31/2018 15:36,R_3PcsavJ0EI6cszj,,,,,36.15040588,-86.79160309,anonymous,EN,"1,2,3,4,5,6","1,2",,2,,"2,3",,1,,1,,"1,3",1,,3,,"1,2",3,,3,,2,,"2,3",,"2,3",,2,,,,,,,,,,,,,,,,,,,,,,,,,,,,,,,,,,,,,,,,,,,,,,,,,,,,,,,,,,,,,,,,,,,,,,,,,,,,,,,,,,,,,,,,,,,,,,,,,,,,,,,,,,,,,,,,,,,,,,,,,,,,,,,,,,,,,,,,,,,,,,,,,,,,,,,,,,,,,,,,,,,,,,,,,,,,,,,,,,,,,,,,21782,"<span lang=""EN-GB"">Suppose
     you want to listen to some audio when you are with your close friends in a
     park.<o:p></o:p></span>"
10/31/2018 15:22,10/31/2018 15:36,0,50.204.59.254,100,842,1,10/31/2018 15:36,R_qwK3LFQoIDM7EEF,,,,,39.95899963,-76.65920258,anonymous,EN,"1,2,3,4,5,6","1,2,3,4,5",,"1,2,3",,"1,2,3,4",,1,,"2,3",,"2,3","1,2,3",,"2,3",,"2,3","2,3",,"1,2,3",,"2,3,4",,"1,2,3",,"1,3",,"1,2",,"2,3,6",,,,,,,,,,,,,,,,,,,,,,,,,,,,,,1,,"2,3",,3,,1,,2,,"2,3","2,3",,2,,"2,3",,"2,4",,"3,4",,2,,"2,3",,2,,"1,2",,4,,"1,2,3",,"1,2,3,4",,1,,3,,"1,2,3","1,2,3",,"1,2,3",,"1,2,3",,"1,2,3,4",,"1,2,3,4,6",,2,,"1,2,3,4",,"1,2,3",,"1,2",,,,,,,,,,,,,,,,,,,,,,,,,,,,,,,,,,,,,,,,,,,,,,,,,,,,,,,,,,,,1,,3,,"3,4",,1,,2,,"2,3",2,,2,,3,,"2,4",,"3,4",,2,,"3,4",,2,,2,,,,,,,,,19875,"<span lang=""EN-GB"">Suppose
     you want to a send a text message when you are alone at home<strong><o:p></o:p></strong></span>"
10/31/2018 15:35,10/31/2018 15:37,0,162.248.134.222,100,90,1,10/31/2018 15:37,R_1kLKT5gRvRoBrLX,,,,,37.75100708,-97.8219986,anonymous,EN,"1,2,3,5,6","1,2,4",,"1,2",,"1,3,4",,1,,"1,2,3",,"1,2,3","1,2",,"1,2,3",,4,"2,3,4",,"1,2,3",,"1,2,3,4",,"1,2,3",,"1,2,3",,"1,2",,,,,,,,,,,,,,,,,,,,,,,,,,,,,,,,,,,,,,,,,,,,,,,,,,,,,,,,,,,,,,,,,,,,,,,,,,,,,,,,,,,,,,,,,,,,,,,,,,,,,,,,,,,,,,,,,,,,,,,,,,,,,,,,,,,,,,,,,,,,,,,,,,,,,,,,,,,,,,,,,,,,,,,,,,,,,,,,,,,,,,,,13738,"<span lang=""EN-GB"">Suppose you want to watch some video when you are with your close friends at Starbucks.<o:p></o:p></span>"
10/31/2018 15:33,10/31/2018 15:37,0,50.109.196.121,100,243,1,10/31/2018 15:37,R_1MK7PXzfKQx5LYI,,,,,41.70159912,-112.1812973,anonymous,EN,"1,2,3,5",1,,5,,2,,1,,1,,2,5,,5,,4,4,,1,,6,,1,,5,,4,,,,,,,,,,,,,,,,,,,,,,,,,,,,,,,,,,,,,,,,,,,,,,,,,,,,,,,,,,,,,,,,,,,,,,,,,,,,,,,,,,,,,,,,,,,,,,,,,,,,,,,,,,,,,,,,,,,,,,,,,,,,,,,,,,,,,,,,,,,,,,,,,,,,,,,,,,,,,,,,,,,,,,,,,,,,,,,,,,,,,,,,179,"<span lang=""EN-GB"">Suppose
     you want to listen to some audio when you with people you know (e.g.,
     acquaintances, colleagues) at Starbucks<o:p></o:p></span>"
10/29/2018 9:08,10/31/2018 15:38,0,71.201.169.192,100,196156,1,10/31/2018 15:38,R_2vYpgqoRP8PSjfW,,,,,40.478302,-88.98930359,anonymous,EN,"1,2,3,4,5,6","1,2",,"2,3",,1,,1,,"2,4",,3,1,,1,,"1,2",1,,"1,2",,3,,"1,2",,"1,2",,"1,2",,,,,,,,,,,,,,,,,,,,,,,,,,,,,,,,,,,,,,,,,,,,,,,,,,,,,,,,,,,,,,,,,,,,,,,,,,,,,,,,,,,,,,,,,,,,,,,,,,,,,,,,,,,,,,,,,,,,,,,,,,,,,,,,,,,,,,,,,,,,,,,,,,,,,,,,,,,,,,,,,,,,,,,,,,,,,,,,,,,,,,,,79110,"<span lang=""EN-GB"">Suppose
     you want to listen to some audio when you are with people you know (e.g.,
     acquaintances, colleagues) at your home.<o:p></o:p></span>"
10/31/2018 15:38,10/31/2018 15:39,0,67.149.245.114,100,50,1,10/31/2018 15:39,R_TkpKELh7hPTHUBj,,,,,42.2940979,-83.25360107,anonymous,EN,"2,3,4","1,2",,"1,2",,3,,1,,"1,3",,2,1,,"2,3",,"2,3",6,,"1,2",,"1,3",,2,,"1,3",,2,,,,,,,,,,,,,,,,,,,,,,,,,,,,,,,,,,,,,,,,,,,,,,,,,,,,,,,,,,,,,,,,,,,,,,,,,,,,,,,,,,,,,,,,,,,,,,,,,,,,,,,,,,,,,,,,,,,,,,,,,,,,,,,,,,,,,,,,,,,,,,,,,,,,,,,,,,,,,,,,,,,,,,,,,,,,,,,,,,,,,,,,56528,"<span lang=""EN-GB"">Suppose
     you want to listen to some audio when you are with your friends at
     Starbucks.<o:p></o:p></span>"
10/31/2018 15:39,10/31/2018 15:40,0,68.0.165.247,100,38,1,10/31/2018 15:40,R_BV6kFcEsLGZH8WZ,,,,,31.53649902,-110.2666016,anonymous,EN,"3,4",,,,,,,,,,,,,,,,,,,,,,,,,,,,,,,,,,,,,,,,,,,,,,,,,,,,,,,,,,,,,,,,,,,,,,,,,,,,,,,,,,,,,,,,,,,,,,,,,,,,,,,,,,,,,,,,,,,,,,,,,,,,,,,,,,,,,,,,,,,,,,,,,,,,,,,,,,,,,,,,,,,,,,,,,,,,,,,,,,,,,,,,,,,,,,,,,,,,,,,,,,,,,,,,,,,65107,"<span lang=""EN-GB"">Suppose you have planned to meet a friend next week and you want to put this on your calendar when you are surrounded by people you know (e.g., acquaintances, colleagues) at a restaurant.<o:p></o:p></span>"
10/31/2018 15:33,10/31/2018 15:40,0,130.76.200.30,100,395,1,10/31/2018 15:40,R_1EgN1nsU9OpS6BA,,,,,47.38450623,-122.0574036,anonymous,EN,"1,2,5","2,4",,5,,"1,2,3",,3,,1,,4,"1,2,3",,5,,4,"2,3",,2,,3,,2,,"1,2",,1,,1,"2,4",,5,,"1,2,3",,1,,1,,1,"1,2,3",,5,,5,,6,,1,,2,,7,,"1,2",,1,,,,,,,,,,,,,,,,,,,,,,,,,,,,,,,,,,,,,,,,,,,,,,,,,,,,,,,,,,,,,,,,,,,,,,,,,,,,,,,,,,,,,,,,,,,,,,,,,,,,,,,,,,,,,,,,,,,,,,,,,,,,,,,,,,,,,,,,,,,,,,,,,,,,,,,,,,9531,"<span lang=""EN-GB"">Suppose you want to watch some video when you are alone at your home.<strong><o:p></o:p></strong></span>"
10/31/2018 15:39,10/31/2018 15:40,0,67.149.245.114,100,53,1,10/31/2018 15:40,R_9BK21FXb1ELhI6l,,,,,42.2940979,-83.25360107,anonymous,EN,"2,3,6","2,3",,1,,"1,2",,1,,4,,"1,3",1,,2,,2,"1,3",,"1,2",,"3,4",,2,,"1,2",,"1,2",,,,,,,,,,,,,,,,,,,,,,,,,,,,,,,,,,,,,,,,,,,,,,,,,,,,,,,,,,,,,,,,,,,,,,,,,,,,,,,,,,,,,,,,,,,,,,,,,,,,,,,,,,,,,,,,,,,,,,,,,,,,,,,,,,,,,,,,,,,,,,,,,,,,,,,,,,,,,,,,,,,,,,,,,,,,,,,,,,,,,,,,81818,"<span lang=""EN-GB"">Suppose
     you want to a send a text message when you with people you know (e.g., acquaintances,
     colleagues) at a street<strong>.</strong><o:p></o:p></span>"
10/24/2018 15:33,10/24/2018 15:41,0,71.176.70.228,78,439,0,10/31/2018 15:41,R_3fOhoN8zukNp3ck,,,,,,,anonymous,EN,"1,2,3,4,5,6",,,,,,,,,,,,,,,,,,,,,,,,,,,,,,,,,,,,,,,,,,,,,,,,,,,,,,,,,,,,,,,,,,,,,,,,,,,,,,,,,,,,,,,,,,,,,,,,,,,,,,,,,,,,,,,,,,,,,,,,,,,,,,,,,,,,,,,,,,,,,,,,,,,,,,,,,,,,,,,,,,,,,,,,,,,,,,,,,,,,,,,,,,,,,,,,,,,,,,,,,,,,,,,,,,,17331,"<span lang=""EN-GB"">Suppose you want to read a digital document when you are in a park with people you know (e.g., acquaintances, colleagues).<o:p></o:p></span>"
10/31/2018 15:39,10/31/2018 15:43,0,68.226.9.3,100,223,1,10/31/2018 15:43,R_3QSNo976R4OZUnr,,,,,29.61320496,-82.38729858,anonymous,EN,"1,2,4","2,3,5",,5,,1,,1,,2,,3,"1,2,3",,2,,2,"1,2",,5,,6,,5,,5,,"1,2",,,,,,,,,,,,,,,,,,,,,,,,,,,,,,,,,,,,,,,,,,,,,,,,,,,,,,,,,,,,,,,,,,,,,,,,,,,,,,,,,,,,,,,,,,,,,,,,,,,,,,,,,,,,,,,,,,,,,,,,,,,,,,,,,,,,,,,,,,,,,,,,,,,,,,,,,,,,,,,,,,,,,,,,,,,,,,,,,,,,,,,,62172,"<span lang=""EN-GB"">Suppose
     you want to a view a text message when you are surrounded with people you
     are close to (e.g., friends, family members) at your home.<strong><o:p></o:p></strong></span>"
10/24/2018 15:42,10/24/2018 15:43,0,173.167.123.185,78,45,0,10/31/2018 15:43,R_2v6yByma3O1XxPW,,,,,,,anonymous,EN,"1,2,4,5,6",,,,,,,,,,,,,,,,,,,,,,,,,,,,,,,,,,,,,,,,,,,,,,,,,,,,,,,,,,,,,,,,,,,,,,,,,,,,,,,,,,,,,,,,,,,,,,,,,,,,,,,,,,,,,,,,,,,,,,,,,,,,,,,,,,,,,,,,,,,,,,,,,,,,,,,,,,,,,,,,,,,,,,,,,,,,,,,,,,,,,,,,,,,,,,,,,,,,,,,,,,,,,,,,,,,98743,"<span lang=""EN-GB"" style=""font-size:11.0pt;line-height:115%;
font-family:&quot;Arial&quot;,sans-serif;mso-fareast-font-family:Arial;mso-ansi-language:
EN-GB;mso-fareast-language:EN-US;mso-bidi-language:AR-SA"">Suppose you want to a
send an email when you are alone at home</span>"
10/31/2018 15:42,10/31/2018 15:44,0,12.200.163.98,100,117,1,10/31/2018 15:44,R_2BaZsnr7BhGQiML,,,,,32.45889282,-93.71430206,anonymous,EN,"1,2,3,4,5,6","1,2,3",,"1,2",,"1,2,3",,1,,"1,2,3",,"1,2","1,2",,"2,3",,"2,3","1,2,3",,"1,2",,"1,2",,"1,2",,"1,2",,"1,2",,,,,,,,,,,,,,,,,,,,,,,,,,,,,,,,,,,,,,,,,,,,,,,,,,,,,,,,,,,,,,,,,,,,,,,,,,,,,,,,,,,,,,,,,,,,,,,,,,,,,,,,,,,,,,,,,,,,,,,,,,,,,,,,,,,,,,,,,,,,,,,,,,,,,,,,,,,,,,,,,,,,,,,,,,,,,,,,,,,,,,,,1690,"<span lang=""EN-GB"" style=""font-size:11.0pt;line-height:115%;
font-family:&quot;Arial&quot;,sans-serif;mso-fareast-font-family:Arial;mso-ansi-language:
EN-GB;mso-fareast-language:EN-US;mso-bidi-language:AR-SA"">Suppose you want to a
send an email when you are at Starbucks.</span>"
10/28/2018 13:08,10/31/2018 15:45,0,209.95.56.51,100,268590,1,10/31/2018 15:45,R_3Hh8gginSRWxI4v,,,,,40.75590515,-111.896698,anonymous,EN,1,,,,,,,,,,,,,,,,,,,,,,,,,,,,,,,,,,,,,,,,,,,,,,,,,,,,,,,,,,,,,,,,,,,,,,,,,,,,,,,,,,,,,,,,,,,,,,,,,,,,,,,,,,,,,,,,,,,,,,,,,,,,,,,,,,,,,,,,,,,,,,,,,,,,,,,,,,,,,,,,,,,,,,,,,,,,,,,,,,,,,,,,,,,,,,,,,,,,,,,,,,,,,,,,,,,91532,"<span lang=""EN-GB"">Suppose you are at a park with some people you know (e.g., acquaintances, colleagues) when you realize that you have to immediately pay one of your bills online.<o:p></o:p></span>"
10/24/2018 15:46,10/24/2018 15:46,0,73.165.138.243,1,25,0,10/31/2018 15:46,R_z0jaAlbJPIHH4WJ,,,,,,,anonymous,EN,,,,,,,,,,,,,,,,,,,,,,,,,,,,,,,,,,,,,,,,,,,,,,,,,,,,,,,,,,,,,,,,,,,,,,,,,,,,,,,,,,,,,,,,,,,,,,,,,,,,,,,,,,,,,,,,,,,,,,,,,,,,,,,,,,,,,,,,,,,,,,,,,,,,,,,,,,,,,,,,,,,,,,,,,,,,,,,,,,,,,,,,,,,,,,,,,,,,,,,,,,,,,,,,,,,,31343,"<span lang=""EN-GB"">Suppose
     you want to a send a text message when you are alone at home<strong><o:p></o:p></strong></span>"
10/31/2018 15:39,10/31/2018 15:47,0,107.142.196.62,100,489,1,10/31/2018 15:47,R_DduN539rpOneuuB,,,,,37.51609802,-82.51730347,anonymous,EN,"2,3,4","2,5",,5,,1,,3,,1,,3,2,,5,,3,2,,2,,3,,2,,5,,4,,2,,,,,,,,,,,,,,,,,,,,,,,,,,,,,,5,,5,,3,,1,,1,,3,5,,5,,5,,2,,3,,2,,3,,5,,4,,,,,,,,,,,,,,,,,,,,,,,,,,,,,,,,,,,,,,,,,,,,,,,,,,,,,,,,,,,,,,,,,,,,,,,,,,,,,,,,,,,,,,,,,,,,,,,,,,,,,,,,,,,,,,,,,,,,,,male,53,computer support,5,1,,2,48363,"<span lang=""EN-GB"">Suppose
     you are at starbucks and you realize today is the last day to pay one of
     your bills online.<o:p></o:p></span>"
10/31/2018 15:44,10/31/2018 15:53,0,196.16.108.64,100,537,1,10/31/2018 15:53,R_1omYLRXJoIuwfUA,,,,,34.05439758,-118.2440033,anonymous,EN,"1,2,3,5","2,4",,1,,2,,1,,"3,4",,1,"1,2,3",,2,,2,3,,2,,"2,3",,"1,2",,"1,2",,2,,,,,,,,,,,,,,,,,,,,,,,,,,,,,,,,,,,,,,,,,,,,,,,,,,,,,,,,,,,,,,,,,,,,,,,,,,,,,,,,,,,,,,,,,,,,,,,,,,,,,,,,,,,,,,,,,,,,,,,,,,,,,,,,,,,,,,,,,,,,,,,,,,,,,,,,,,,,,,,,,,,,,,,,,,,,,,,,,,,,,,,,85937,"<span lang=""EN-GB"">Suppose
     you want to a view a text message when you are alone at Starbucks.<o:p></o:p></span>"
10/31/2018 15:54,10/31/2018 15:54,0,196.16.108.64,100,25,1,10/31/2018 15:54,R_1FsJGFxcyWDbBat,,,,,34.05439758,-118.2440033,anonymous,EN,"2,3",,,,,,,,,,,,,,,,,,,,,,,,,,,,,,,,,,,,,,,,,,,,,,,,,,,,,,,,,,,,,,,,,,,,,,,,,,,,,,,,,,,,,,,,,,,,,,,,,,,,,,,,,,,,,,,,,,,,,,,,,,,,,,,,,,,,,,,,,,,,,,,,,,,,,,,,,,,,,,,,,,,,,,,,,,,,,,,,,,,,,,,,,,,,,,,,,,,,,,,,,,,,,,,,,,,55324,"<span lang=""EN-GB"">Suppose you have planned to meet a friend next week and you want to put this on your calendar when you are alone at a park<o:p></o:p></span>"
10/31/2018 15:33,10/31/2018 15:55,0,71.176.70.228,100,1348,1,10/31/2018 15:55,R_3hgsWONQUzFVndU,,,,,43.03540039,-76.12819672,anonymous,EN,"1,2,3,4","2,4",,5,,"2,3",,1,,3,,1,5,,3,,1,3,,"1,2",,3,,"1,2",,5,,4,,"1,3,4",4,,1,,1,,1,,1,,"1,2",1,,5,,5,,"1,2,3",,3,,2,,3,,1,,1,,,,,,,,,,,,,,,,,,,,,,,,,,,,,,,4,,1,,2,,3,,1,,3,5,,5,,5,,3,,3,,2,,3,,1,,4,,"2,4,5",,1,,6,,3,,1,,"1,2",5,,5,,5,,"1,2,3",,3,,"1,2",,3,,"1,2",,1,,,,,,,,,,,,,,,,,,,,,,,,,,,,,,,,,,,,,,,,,,,,,,,,,,,,,,,,,,,,male ,40,driver,2,1,,3,82799,"<span lang=""EN-GB"">Suppose
     you want to purchase something online when you are alone at Starbucks.<o:p></o:p></span>"
10/31/2018 15:42,10/31/2018 15:55,0,196.17.65.106,100,784,1,10/31/2018 15:56,R_2yjy5rOj4tYOVV5,,,,,34.05439758,-118.2440033,anonymous,EN,"2,5,6","1,2,5",,"1,2",,"2,4",,1,,"1,4",,4,"2,3",,"1,3",,"1,3","2,4",,3,,"1,2,3,4",,2,,"1,2",,1,,,,,,,,,,,,,,,,,,,,,,,,,,,,,,,,,,,,,,,,,,,,,,,,,,,,,,,,,,,,,,,,,,,,,,,,,,,,,,,,,,,,,,,,,,,,,,,,,,,,,,,,,,,,,,,,,,,,,,,,,,,,,,,,,,,,,,,,,,,,,,,,,,,,,,,,,,,,,,,,,,,,,,,,,,,,,,,,,,,,,,,,72223,"<span lang=""EN-GB"">Suppose
     you want to purchase something online when you are with people you know
     (e.g., acquaintances, colleagues) at your home.<o:p></o:p></span>"
10/31/2018 15:58,10/31/2018 16:02,0,102.157.39.66,100,208,1,10/31/2018 16:02,R_2wTg1h9mlB2RGRN,,,,,34,9,anonymous,EN,"1,2,4,5,6",3,,5,,1,,3,,1,,3,3,,2,,2,3,,2,,1,,3,,3,,4,,,,,,,,,,,,,,,,,,,,,,,,,,,,,,,,,,,,,,,,,,,,,,,,,,,,,,,,,,,,,,,,,,,,,,,,,,,,,,,,,,,,,,,,,,,,,,,,,,,,,,,,,,,,,,,,,,,,,,,,,,,,,,,,,,,,,,,,,,,,,,,,,,,,,,,,,,,,,,,,,,,,,,,,,,,,,,,,,,,,,,,,57997,"<span lang=""EN-GB"">Suppose you want to a view a text message when you are alone at a street.<o:p></o:p></span>"
10/31/2018 15:55,10/31/2018 16:03,0,196.16.108.64,100,483,1,10/31/2018 16:03,R_bHowElQyBcrEyrv,,,,,34.05439758,-118.2440033,anonymous,EN,"2,5,6","2,4",,3,,"1,2",,1,,"3,4",,2,2,,"1,2",,2,"3,4",,2,,3,,2,,1,,2,,2,,,,,,,,,,,,,,,,,,,,,,,,,,,,,,3,,2,,"2,3",,1,,"3,4",,"2,3","1,2",,1,,"2,3",,"2,3",,"2,4",,1,,"2,3",,2,,"1,2",,,,,,,,,,,,,,,,,,,,,,,,,,,,,,,,,,,,,,,,,,,,,,,,,,,,,,,,,,,,,,,,,,,,,,,,,,,,,,,,,,,,,,,,,,,,,,,,,,,,,,,,,,,,,,,,,,,,,,,,,,,,,67101,"<span lang=""EN-GB"">Suppose you want to browse the internet when you alone at a park.<o:p></o:p></span>"
10/31/2018 15:57,10/31/2018 16:08,0,71.176.70.228,100,685,1,10/31/2018 16:08,R_XUpRGc8zmw5AaRP,,,,,43.03540039,-76.12819672,anonymous,EN,"1,2,3,5","1,2",,5,,"2,3,4",,1,,1,,"1,2",5,,5,,"1,2","3,4",,"1,2,3",,"1,2",,"1,2,3",,5,,4,,"1,5",4,,1,,"2,3",,3,,1,,4,5,,5,,5,,3,,3,,2,,3,,5,,1,,,,,,,,,,,,,,,,,,,,,,,,,,,,,,,,,,,,,,,,,,,,,,,,,,,,,,,,,,,,,,,,,,,,,,,,,,,,,,,,,,,,,,,,,1,,5,,4,,3,,1,,"1,2",5,,2,,2,,4,,2,,3,,2,,5,,4,,,,,,,,,,,,,,,,,,,,,,,,,,,,,,,female,56,retired,4,1,,3,92009,"<span style=""color: rgb(0, 0, 0); font-family: Times; font-size: 16px;"">Suppose you want control some devices/appliances (e.g., smart lights) when you are with people you know (e.g., acquaintances, colleagues).</span>"
10/31/2018 16:09,10/31/2018 16:13,0,108.202.89.175,100,222,1,10/31/2018 16:13,R_3JEP78Qvbaqvbtv,,,,,39.07499695,-94.44989777,anonymous,EN,"1,2,3,4,5,6","1,2,5",,1,,"1,2,3,4",,1,,1,,"1,3","1,2,3",,"1,2",,"1,2,3","3,4",,1,,1,,1,,"1,3",,4,,,,,,,,,,,,,,,,,,,,,,,,,,,,,,,,,,,,,,,,,,,,,,,,,,,,,,,,,,,,,,,,,,,,,,,,,,,,,,,,,,,,,,,,,,,,,,,,,,,,,,,,,,,,,,,,,,,,,,,,,,,,,,,,,,,,,,,,,,,,,,,,,,,,,,,,,,,,,,,,,,,,,,,,,,,,,,,,,,,,,,,,21026,"<span lang=""EN-GB"">Suppose you want to call your mother for sharing an important
     update about your life&nbsp; when you
     with people you know (e.g., acquaintances, colleagues) at a park<o:p></o:p></span>"
10/31/2018 16:11,10/31/2018 16:14,0,76.113.17.163,100,171,1,10/31/2018 16:14,R_1jf7bBmlyffyBs0,,,,,32.31610107,-106.7991028,anonymous,EN,"2,3,4",2,,1,,2,,1,,1,,2,"1,2",,2,,2,3,,2,,6,,1,,1,,2,,,,,,,,,,,,,,,,,,,,,,,,,,,,,,,,,,,,,,,,,,,,,,,,,,,,,,,,,,,,,,,,,,,,,,,,,,,,,,,,,,,,,,,,,,,,,,,,,,,,,,,,,,,,,,,,,,,,,,,,,,,,,,,,,,,,,,,,,,,,,,,,,,,,,,,,,,,,,,,,,,,,,,,,,,,,,,,,,,,,,,,,72108,"<span lang=""EN-GB"">Suppose
     you want to listen to some audio when you with people you know (e.g.,
     acquaintances, colleagues) at Starbucks<o:p></o:p></span>"
10/31/2018 16:19,10/31/2018 16:20,0,216.107.34.29,100,13,1,10/31/2018 16:20,R_2dRQZvA1hJc5mUn,,,,,37.75100708,-97.8219986,anonymous,EN,"1,3",,,,,,,,,,,,,,,,,,,,,,,,,,,,,,,,,,,,,,,,,,,,,,,,,,,,,,,,,,,,,,,,,,,,,,,,,,,,,,,,,,,,,,,,,,,,,,,,,,,,,,,,,,,,,,,,,,,,,,,,,,,,,,,,,,,,,,,,,,,,,,,,,,,,,,,,,,,,,,,,,,,,,,,,,,,,,,,,,,,,,,,,,,,,,,,,,,,,,,,,,,,,,,,,,,,61965,"<span lang=""EN-GB"">Suppose you want to a send a text message when you are surrounded with people you are close to (e.g., friends, family members) at your home.<strong><o:p></o:p></strong></span>"
10/31/2018 16:10,10/31/2018 16:21,0,71.176.70.228,100,676,1,10/31/2018 16:21,R_3kOiTR88UoMWrD4,,,,,43.03540039,-76.12819672,anonymous,EN,"1,2,3,4,5,6","1,2",,5,,"3,4",,3,,1,,1,5,,5,,1,3,,"2,3",,"2,3",,"2,3",,1,,4,,"1,3,5,6","1,2",,5,,"3,4",,1,,1,,1,5,,5,,5,,"3,4",,"2,3",,"1,2",,"2,3",,1,,"1,2",,,,,,,,,,,,,,,,,,,,,,,,,,,,,,,"2,5",,3,,3,,1,,1,,1,5,,2,,2,,"2,3",,"2,3",,"1,2",,"2,3",,5,,4,,,,,,,,,,,,,,,,,,,,,,,,,,,,,,,1,,2,,"3,4",,1,,"2,3,4",,"2,3",5,,5,,5,,4,,2,,"2,3",,2,,5,,4,,"1,2",,5,,"1,2,3",,3,,1,,2,3,,5,,5,,"3,4",,"2,3",,2,,"2,3",,1,,4,,male,37,chef,4,2,,4,58080,"<span lang=""EN-GB"">Suppose
     you want to call your mother for sharing an important update about your
     life yourself when you are with a very close friend at a park.&nbsp;<o:p></o:p></span>"
10/31/2018 16:24,10/31/2018 16:24,0,96.227.244.170,100,25,1,10/31/2018 16:24,R_3FXveOYg5MLXKbT,,,,,40.14959717,-75.37960052,anonymous,EN,"1,4",,,,,,,,,,,,,,,,,,,,,,,,,,,,,,,,,,,,,,,,,,,,,,,,,,,,,,,,,,,,,,,,,,,,,,,,,,,,,,,,,,,,,,,,,,,,,,,,,,,,,,,,,,,,,,,,,,,,,,,,,,,,,,,,,,,,,,,,,,,,,,,,,,,,,,,,,,,,,,,,,,,,,,,,,,,,,,,,,,,,,,,,,,,,,,,,,,,,,,,,,,,,,,,,,,,49586,"<span lang=""EN-GB"" style=""font-size:11.0pt;line-height:115%;
font-family:&quot;Arial&quot;,sans-serif;mso-fareast-font-family:Arial;mso-ansi-language:
EN-GB;mso-fareast-language:EN-US;mso-bidi-language:AR-SA"">Suppose you want to a
send a text message when you are alone at Starbucks.</span>"
10/31/2018 16:15,10/31/2018 16:24,0,99.194.98.243,100,565,1,10/31/2018 16:24,R_2wigrRGHPAYXyT3,,,,,31.89619446,-81.29399872,anonymous,EN,"1,2,3,4","2,5",,5,,2,,1,,1,,3,5,,5,,3,3,,2,,3,,2,,"1,2",,2,,2,,,,,,,,,,,,,,,,,,,,,,,,,,,,,,"1,2,5",,1,,"1,3",,1,,"1,2",,1,"1,2,3",,3,,"1,2",,"1,2",,"1,3,4",,2,,"3,4",,"1,2,3",,2,,,,,,,,,,,,,,,,,,,,,,,,,,,,,,,,,,,,,,,,,,,,,,,,,,,,,,,,,,,,,,,,,,,,,,,,,,,,,,,,,,,,,,,,,,,,,,,,,,,,,,,,,,,,,,,,,,,,,,,,,,,,,632,"<span lang=""EN-GB"" style=""font-size:11.0pt;line-height:115%;
font-family:&quot;Arial&quot;,sans-serif;mso-fareast-font-family:Arial;mso-ansi-language:
EN-GB;mso-fareast-language:EN-US;mso-bidi-language:AR-SA"">Suppose you want to
take a click a photo when you are at Starbucks.</span>"
10/31/2018 16:16,10/31/2018 16:26,0,185.245.87.163,100,588,1,10/31/2018 16:26,R_3hARqRqqhaAji1C,,,,,34.0493927,-118.2640991,anonymous,EN,"1,2,3,4",2,,1,,1,,1,,1,,4,2,,5,,4,6,,5,,"3,4",,1,,1,,4,,,,,,,,,,,,,,,,,,,,,,,,,,,,,,,,,,,,,,,,,,,,,,,,,,,,,,,,,,,,,,,,,,,,,,,,,,,,,,,,,,,,,,,,,,,,,,,,,,,,,,,,,,,,,,,,,,,,,,,,,,,,,,,,,,,,,,,,,,,,,,,,,,,,,,,,,,,,,,,,,,,,,,,,,,,,,,,,,,,,,,,,88174,"<span lang=""EN-GB"">Suppose you are at a coffee shop, you have just read a book you loved and now&nbsp;</span>you want to write a review for it to share with your close family and friends."
10/31/2018 16:26,10/31/2018 16:26,0,52.95.75.10,100,16,1,10/31/2018 16:26,R_3n1rEcoIlGnssOU,,,,,18.9750061,72.82580566,anonymous,EN,"1,2",,,,,,,,,,,,,,,,,,,,,,,,,,,,,,,,,,,,,,,,,,,,,,,,,,,,,,,,,,,,,,,,,,,,,,,,,,,,,,,,,,,,,,,,,,,,,,,,,,,,,,,,,,,,,,,,,,,,,,,,,,,,,,,,,,,,,,,,,,,,,,,,,,,,,,,,,,,,,,,,,,,,,,,,,,,,,,,,,,,,,,,,,,,,,,,,,,,,,,,,,,,,,,,,,,,29348,"<span lang=""EN-GB"">Suppose you want to watch some video when you are alone in a park.<o:p></o:p></span>"
10/31/2018 16:22,10/31/2018 16:29,0,71.176.70.228,100,426,1,10/31/2018 16:29,R_3plizdqsrxB39EQ,,,,,43.03540039,-76.12819672,anonymous,EN,"1,2,4,5,6",2,,1,,3,,3,,1,,"1,2","1,2,3",,"2,3",,"1,2",3,,"1,2",,"2,3",,"1,2",,5,,4,,"1,4,6","2,4",,1,,"2,3",,1,,1,,4,1,,5,,5,,"1,3",,3,,2,,3,,5,,4,,,,,,,,,,,,,,,,,,,,,,,,,,,,,,,,,,,,,,,,,,,,,,,,,,,,,,,,,,,,"1,2",,3,,"2,3",,3,,1,,1,1,,5,,5,,2,,3,,2,,3,,5,,1,,,,,,,,,,,,,,,,,,,,,,,,,,,,,,,2,,1,,"1,3",,3,,1,,4,"1,2",,5,,5,,"1,3",,"1,2,3",,"1,2",,"1,2,3",,5,,4,,male,22,student,3,3,,3,27219,"<span lang=""EN-GB"">Suppose
     you want to purchase something online when you are alone at Starbucks.<o:p></o:p></span>"
10/31/2018 16:37,10/31/2018 16:39,0,172.58.45.155,100,149,1,10/31/2018 16:39,R_RlFcxfGgasklrGN,,,,,45.45199585,-122.789299,anonymous,EN,"1,2,3",2,,5,,1,,1,,1,,1,3,,5,,1,6,,5,,7,,1,,1,,4,,,,,,,,,,,,,,,,,,,,,,,,,,,,,,,,,,,,,,,,,,,,,,,,,,,,,,,,,,,,,,,,,,,,,,,,,,,,,,,,,,,,,,,,,,,,,,,,,,,,,,,,,,,,,,,,,,,,,,,,,,,,,,,,,,,,,,,,,,,,,,,,,,,,,,,,,,,,,,,,,,,,,,,,,,,,,,,,,,,,,,,,86671,"<span lang=""EN-GB"">Suppose you want to find a route to home while walking on a street.<o:p></o:p></span>"
10/31/2018 16:36,10/31/2018 16:40,0,70.190.149.208,100,225,1,10/31/2018 16:40,R_BDQ09zb2rqXHIbL,,,,,33.63150024,-112.052002,anonymous,EN,"1,2,3,6","2,5",,"1,2",,1,,1,,"1,3",,"2,3",2,,"1,2",,"1,2","2,4",,"1,2",,2,,"1,2",,"1,2",,2,,,,,,,,,,,,,,,,,,,,,,,,,,,,,,,,,,,,,,,,,,,,,,,,,,,,,,,,,,,,,,,,,,,,,,,,,,,,,,,,,,,,,,,,,,,,,,,,,,,,,,,,,,,,,,,,,,,,,,,,,,,,,,,,,,,,,,,,,,,,,,,,,,,,,,,,,,,,,,,,,,,,,,,,,,,,,,,,,,,,,,,,74888,"<span lang=""EN-GB"">Suppose
     you want to find a route to home when you are alone at Starbucks.<o:p></o:p></span>"
10/31/2018 16:30,10/31/2018 16:41,0,71.176.70.228,100,676,1,10/31/2018 16:41,R_1pQjc4Mv7l4xFw7,,,,,43.03540039,-76.12819672,anonymous,EN,"1,2,3,4,6","1,2,3,4,5",,"1,2",,"1,2,3",,1,,1,,"1,2,3",3,,"1,2",,"1,2,3",3,,"1,2",,"2,3",,"1,2",,5,,4,,"1,3,4,6","2,4",,5,,"1,3",,3,,1,,1,5,,5,,5,,3,,3,,2,,3,,5,,4,,,,,,,,,,,,,,,,,,,,,,,,,,,,,,,7,,1,,"2,3",,3,,1,,1,5,,5,,5,,"1,3",,3,,"1,2",,3,,5,,4,,"2,3",,5,,3,,3,,1,,4,3,,5,,5,,3,,3,,"1,2",,3,,5,,4,,,,,,,,,,,,,,,,,,,,,,,,,,,,,,,"2,5",,5,,3,,3,,"1,3",,1,5,,5,,5,,"1,3",,3,,"1,2",,3,,"1,2",,4,,male,50,counselor,3,2,,4,75533,"<span lang=""EN-GB"">Suppose
     you want to a send an email when you are surrounded by people you know
     (e.g., acquaintances, colleagues) your home.<o:p></o:p></span>"
10/31/2018 16:41,10/31/2018 16:42,0,73.87.118.68,100,79,1,10/31/2018 16:42,R_20lykhZ1hZyI6Pf,,,,,39.12080383,-76.84349823,anonymous,EN,"2,3,4,6","1,2,3",,"1,2",,"1,2,4",,1,,"2,3",,"2,3","1,2,3",,2,,"1,3","1,2",,"2,3",,"1,2",,1,,"1,2",,"1,2",,,,,,,,,,,,,,,,,,,,,,,,,,,,,,,,,,,,,,,,,,,,,,,,,,,,,,,,,,,,,,,,,,,,,,,,,,,,,,,,,,,,,,,,,,,,,,,,,,,,,,,,,,,,,,,,,,,,,,,,,,,,,,,,,,,,,,,,,,,,,,,,,,,,,,,,,,,,,,,,,,,,,,,,,,,,,,,,,,,,,,,,78685,"<span lang=""EN-GB"">Suppose
     you want to call your mother for sharing an important update about your
     life when you are alone at Starbucks.<o:p></o:p></span>"
10/31/2018 16:40,10/31/2018 16:43,0,71.58.211.129,100,132,1,10/31/2018 16:43,R_1CqH8DqAeM3T5Sj,,,,,40.79249573,-77.85230255,anonymous,EN,"1,2,3,4,5,6","2,4",,1,,"1,2",,3,,1,,1,"1,2",,"1,2,3",,1,"1,2,3",,"1,2",,6,,"1,2,3",,"1,2,3",,"1,2",,,,,,,,,,,,,,,,,,,,,,,,,,,,,,,,,,,,,,,,,,,,,,,,,,,,,,,,,,,,,,,,,,,,,,,,,,,,,,,,,,,,,,,,,,,,,,,,,,,,,,,,,,,,,,,,,,,,,,,,,,,,,,,,,,,,,,,,,,,,,,,,,,,,,,,,,,,,,,,,,,,,,,,,,,,,,,,,,,,,,,,,18081,"<span lang=""EN-GB"">Suppose
     you want to read a digital document when you are at home with people you
     are close to (e.g., friends, family members).<strong><o:p></o:p></strong></span>"
10/31/2018 16:35,10/31/2018 16:43,0,70.186.223.228,100,510,1,10/31/2018 16:43,R_1Leazvia88J26rz,,,,,36.73410034,-76.0358963,anonymous,EN,"2,3,4,5","1,2,5",,1,,"1,2,3,4",,1,,3,,2,"1,2",,3,,3,"1,2,3",,2,,"2,3",,2,,5,,4,,,,,,,,,,,,,,,,,,,,,,,,,,,,,,,,,,,,,,,,,,,,,,,,,,,,,,,,,,,,,,,,,,,,,,,,,,,,,,,,,,,,,,,,,,,,,,,,,,,,,,,,,,,,,,,,,,,,,,,,,,,,,,,,,,,,,,,,,,,,,,,,,,,,,,,,,,,,,,,,,,,,,,,,,,,,,,,,,,,,,,,,60924,"<span lang=""EN-GB"">Suppose you want to find a route to home while walking on a street with your close friends.<o:p></o:p></span>"
10/31/2018 16:42,10/31/2018 16:44,0,75.39.85.140,100,128,1,10/31/2018 16:44,R_1MR4iIwf6iSvLdN,,,,,41.36759949,-81.86180115,anonymous,EN,3,,,,,,,,,,,,,,,,,,,,,,,,,,,,,,,,,,,,,,,,,,,,,,,,,,,,,,,,,,,,,,,,,,,,,,,,,,,,,,,,,,,,,,,,,,,,,,,,,,,,,,,,,,,,,,,,,,,,,,,,,,,,,,,,,,,,,,,,,,,,,,,,,,,,,,,,,,,,,,,,,,,,,,,,,,,,,,,,,,,,,,,,,,,,,,,,,,,,,,,,,,,,,,,,,,,55169,"<span lang=""EN-GB"">Suppose
     you want&nbsp; to a send a text message
     when you are walking with a very close friend on a street<o:p></o:p></span>"
10/31/2018 16:45,10/31/2018 16:45,0,68.104.153.225,100,7,1,10/31/2018 16:45,R_3DhBCWnaYOLwdlE,,,,,33.49130249,-112.2468033,anonymous,EN,1,,,,,,,,,,,,,,,,,,,,,,,,,,,,,,,,,,,,,,,,,,,,,,,,,,,,,,,,,,,,,,,,,,,,,,,,,,,,,,,,,,,,,,,,,,,,,,,,,,,,,,,,,,,,,,,,,,,,,,,,,,,,,,,,,,,,,,,,,,,,,,,,,,,,,,,,,,,,,,,,,,,,,,,,,,,,,,,,,,,,,,,,,,,,,,,,,,,,,,,,,,,,,,,,,,,669,"<span lang=""EN-GB"">Suppose
     you want to set up a reminder when you are alone at your home.<strong><o:p></o:p></strong></span>"
10/31/2018 16:45,10/31/2018 16:45,0,199.66.171.39,100,16,1,10/31/2018 16:45,R_2xJFKIV26nzJ06t,,,,,32.89840698,-111.6260986,anonymous,EN,"2,4",,,,,,,,,,,,,,,,,,,,,,,,,,,,,,,,,,,,,,,,,,,,,,,,,,,,,,,,,,,,,,,,,,,,,,,,,,,,,,,,,,,,,,,,,,,,,,,,,,,,,,,,,,,,,,,,,,,,,,,,,,,,,,,,,,,,,,,,,,,,,,,,,,,,,,,,,,,,,,,,,,,,,,,,,,,,,,,,,,,,,,,,,,,,,,,,,,,,,,,,,,,,,,,,,,,6644,"Suppose you want to purchase something online when
     you are with people you know (e.g., acquaintances,
     colleagues) at a park.<o:p></o:p>"
10/31/2018 16:50,10/31/2018 16:50,0,71.183.92.137,100,8,1,10/31/2018 16:50,R_2U5dLGeIjsEIfGw,,,,,40.78160095,-73.95110321,anonymous,EN,3,,,,,,,,,,,,,,,,,,,,,,,,,,,,,,,,,,,,,,,,,,,,,,,,,,,,,,,,,,,,,,,,,,,,,,,,,,,,,,,,,,,,,,,,,,,,,,,,,,,,,,,,,,,,,,,,,,,,,,,,,,,,,,,,,,,,,,,,,,,,,,,,,,,,,,,,,,,,,,,,,,,,,,,,,,,,,,,,,,,,,,,,,,,,,,,,,,,,,,,,,,,,,,,,,,,62212,"<span lang=""EN-GB"">Suppose
     you want to purchase something (e.g., book, household items) online when
     you are with your close friends at a park.<o:p></o:p></span>"
10/31/2018 16:50,10/31/2018 16:51,0,99.19.72.18,100,41,1,10/31/2018 16:51,R_1LtdK4npINYQrdo,,,,,34.75100708,-92.34549713,anonymous,EN,2,,,,,,,,,,,,,,,,,,,,,,,,,,,,,,,,,,,,,,,,,,,,,,,,,,,,,,,,,,,,,,,,,,,,,,,,,,,,,,,,,,,,,,,,,,,,,,,,,,,,,,,,,,,,,,,,,,,,,,,,,,,,,,,,,,,,,,,,,,,,,,,,,,,,,,,,,,,,,,,,,,,,,,,,,,,,,,,,,,,,,,,,,,,,,,,,,,,,,,,,,,,,,,,,,,,6406,"<span lang=""EN-GB"" style=""font-size:11.0pt;line-height:115%;
font-family:&quot;Arial&quot;,sans-serif;mso-fareast-font-family:Arial;mso-ansi-language:
EN-GB;mso-fareast-language:EN-US;mso-bidi-language:AR-SA"">Suppose you want to a
view a text message when you are alone at home</span>"
10/31/2018 16:51,10/31/2018 16:54,0,107.140.191.176,100,214,1,10/31/2018 16:54,R_2Cfjdbaw1OsYsW0,,,,,30.4420929,-97.62989807,anonymous,EN,"3,5,6",5,,"1,3",,3,,1,,4,,3,3,,3,,"2,3",3,,2,,3,,"2,3",,3,,2,,,,,,,,,,,,,,,,,,,,,,,,,,,,,,,,,,,,,,,,,,,,,,,,,,,,,,,,,,,,,,,,,,,,,,,,,,,,,,,,,,,,,,,,,,,,,,,,,,,,,,,,,,,,,,,,,,,,,,,,,,,,,,,,,,,,,,,,,,,,,,,,,,,,,,,,,,,,,,,,,,,,,,,,,,,,,,,,,,,,,,,,6658,"<span lang=""EN-GB"">Suppose you want to browse the internet when you are with people you know (e.g., acquaintances, colleagues) at a park.<o:p></o:p></span>"
10/31/2018 16:55,10/31/2018 16:55,0,99.136.126.13,100,19,1,10/31/2018 16:55,R_1QN2vjvoXKWEHa5,,,,,42.8894043,-85.62190247,anonymous,EN,"2,4",,,,,,,,,,,,,,,,,,,,,,,,,,,,,,,,,,,,,,,,,,,,,,,,,,,,,,,,,,,,,,,,,,,,,,,,,,,,,,,,,,,,,,,,,,,,,,,,,,,,,,,,,,,,,,,,,,,,,,,,,,,,,,,,,,,,,,,,,,,,,,,,,,,,,,,,,,,,,,,,,,,,,,,,,,,,,,,,,,,,,,,,,,,,,,,,,,,,,,,,,,,,,,,,,,,74725,"<span lang=""EN-GB"">Suppose
     you want to set up a reminder about something when you are at Starbucks by
     yourself.<o:p></o:p></span>"
10/31/2018 16:48,10/31/2018 16:59,0,199.80.74.66,100,647,1,10/31/2018 16:59,R_1LkaaNpqK5TI28G,,,,,29.98710632,-90.16950226,anonymous,EN,"1,2,3,4","1,2",,1,,"1,2,3,4",,1,,3,,3,"1,2",,"2,3",,3,3,,2,,"1,3,4",,2,,5,,4,,"2,4",,,,,,,,,,,,,,,,,,,,,,,,,,,,,,"1,2",,5,,6,,1,,6,,4,5,,5,,5,,6,,"1,3,4",,5,,7,,5,,4,,,,,,,,,,,,,,,,,,,,,,,,,,,,,,,7,,5,,6,,1,,6,,4,5,,5,,5,,6,,7,,5,,7,,5,,4,,,,,,,,,,,,,,,,,,,,,,,,,,,,,,,,,,,,,,,,,,,,,,,,,,,,,,,,,,,,,,,,,,,4741,"<span lang=""EN-GB"">Suppose
     you want to set up a reminder when you are with people you know (e.g.,
     acquaintances, colleagues) at your home.<o:p></o:p></span>"
10/24/2018 17:01,10/24/2018 17:01,0,76.124.133.50,1,6,0,10/31/2018 17:01,R_1f2xP4CPuAyf8Zk,,,,,,,anonymous,EN,,,,,,,,,,,,,,,,,,,,,,,,,,,,,,,,,,,,,,,,,,,,,,,,,,,,,,,,,,,,,,,,,,,,,,,,,,,,,,,,,,,,,,,,,,,,,,,,,,,,,,,,,,,,,,,,,,,,,,,,,,,,,,,,,,,,,,,,,,,,,,,,,,,,,,,,,,,,,,,,,,,,,,,,,,,,,,,,,,,,,,,,,,,,,,,,,,,,,,,,,,,,,,,,,,,,6030,"<span lang=""EN-GB"">Suppose
     you want to read a digital document) when you are at home with people you
     know (e.g., acquaintances, colleagues).<o:p></o:p></span>"
10/24/2018 16:57,10/24/2018 17:01,0,73.70.155.232,78,247,0,10/31/2018 17:02,R_1IT7xuHL4XCd8sy,,,,,,,anonymous,EN,"1,2,4",,,,,,,,,,,,,,,,,,,,,,,,,,,,,,,,,,,,,,,,,,,,,,,,,,,,,,,,,,,,,,,,,,,,,,,,,,,,,,,,,,,,,,,,,,,,,,,,,,,,,,,,,,,,,,,,,,,,,,,,,,,,,,,,,,,,,,,,,,,,,,,,,,,,,,,,,,,,,,,,,,,,,,,,,,,,,,,,,,,,,,,,,,,,,,,,,,,,,,,,,,,,,,,,,,,43765,"<span lang=""EN-GB"">Suppose
     you want to find a route to home when you are alone at Starbucks.<o:p></o:p></span>"
10/31/2018 17:02,10/31/2018 17:02,0,24.73.15.118,100,18,1,10/31/2018 17:02,R_3L1iR71Vyhk903k,,,,,28.33180237,-82.24459839,anonymous,EN,"1,4",,,,,,,,,,,,,,,,,,,,,,,,,,,,,,,,,,,,,,,,,,,,,,,,,,,,,,,,,,,,,,,,,,,,,,,,,,,,,,,,,,,,,,,,,,,,,,,,,,,,,,,,,,,,,,,,,,,,,,,,,,,,,,,,,,,,,,,,,,,,,,,,,,,,,,,,,,,,,,,,,,,,,,,,,,,,,,,,,,,,,,,,,,,,,,,,,,,,,,,,,,,,,,,,,,,70591,"<span lang=""EN-GB"">Suppose you want to read a digital document when you are in a park surrounded by your close friends.<o:p></o:p></span>"
10/31/2018 16:56,10/31/2018 17:03,0,134.228.30.216,100,399,1,10/31/2018 17:03,R_3TTmidG8CF5ptgB,,,,,41.64920044,-83.67060089,anonymous,EN,"2,3,4","1,2",,"1,2",,"1,3,4",,3,,1,,2,"1,2",,2,,2,"1,2,3,4",,"1,2,3",,"1,2,3",,"1,2",,"1,3",,2,,,,,,,,,,,,,,,,,,,,,,,,,,,,,,,,,,,,,,,,,,,,,,,,,,,,,,,,,,,,,,,,,,,,,,,,,,,,,,,,,,,,,,,,,,,,,,,,,,,,,,,,,,,,,,,,,,,,,,,,,,,,,,,,,,,,,,,,,,,,,,,,,,,,,,,,,,,,,,,,,,,,,,,,,,,,,,,,,,,,,,,,8841,"<span lang=""EN-GB"">Suppose you want to watch some video when you are alone at your home.<strong><o:p></o:p></strong></span>"
10/31/2018 17:02,10/31/2018 17:03,0,72.184.249.113,100,64,1,10/31/2018 17:03,R_1gI5UdYsVEmxraK,,,,,28.02839661,-82.77940369,anonymous,EN,"1,2,5,6","2,3,5",,"2,3",,"1,3",,1,,"3,4",,"2,3","1,2",,"2,3",,"2,3","2,4",,"1,2",,"3,4",,"1,2,3",,"1,2",,"1,2",,,,,,,,,,,,,,,,,,,,,,,,,,,,,,,,,,,,,,,,,,,,,,,,,,,,,,,,,,,,,,,,,,,,,,,,,,,,,,,,,,,,,,,,,,,,,,,,,,,,,,,,,,,,,,,,,,,,,,,,,,,,,,,,,,,,,,,,,,,,,,,,,,,,,,,,,,,,,,,,,,,,,,,,,,,,,,,,,,,,,,,,10999,"<span lang=""EN-GB"">Suppose you want to take a click a photo when you are with your close friends&nbsp;</span>and family members at Starbucks"
10/24/2018 17:03,10/24/2018 17:04,0,107.77.237.37,78,57,0,10/31/2018 17:04,R_30dRE8xYI4JhUv9,,,,,,,anonymous,EN,"1,2,3,4",,,,,,,,,,,,,,,,,,,,,,,,,,,,,,,,,,,,,,,,,,,,,,,,,,,,,,,,,,,,,,,,,,,,,,,,,,,,,,,,,,,,,,,,,,,,,,,,,,,,,,,,,,,,,,,,,,,,,,,,,,,,,,,,,,,,,,,,,,,,,,,,,,,,,,,,,,,,,,,,,,,,,,,,,,,,,,,,,,,,,,,,,,,,,,,,,,,,,,,,,,,,,,,,,,,82300,"<span lang=""EN-GB"">Suppose
     you are at home with some people you know (e.g., acquaintances,
     colleagues) when you realize today is the last day to pay one of your
     bills online.<o:p></o:p></span>"
10/31/2018 17:05,10/31/2018 17:08,0,184.176.100.226,100,170,1,10/31/2018 17:08,R_9AcRHWBiOROezpT,,,,,33.4367981,-112.3834,anonymous,EN,"1,2,3","1,2",,"1,3",,"1,2,3",,1,,1,,2,"1,2,3",,1,,"1,2",1,,"1,2",,3,,"1,2",,"1,2,3",,"1,2",,,,,,,,,,,,,,,,,,,,,,,,,,,,,,,,,,,,,,,,,,,,,,,,,,,,,,,,,,,,,,,,,,,,,,,,,,,,,,,,,,,,,,,,,,,,,,,,,,,,,,,,,,,,,,,,,,,,,,,,,,,,,,,,,,,,,,,,,,,,,,,,,,,,,,,,,,,,,,,,,,,,,,,,,,,,,,,,,,,,,,,,93658,"<span lang=""EN-GB"">Suppose
     you want to call your mother for sharing an important update about your
     life when you are with a very close friend at a restaurant&nbsp;<o:p></o:p></span>"
10/31/2018 17:05,10/31/2018 17:08,0,68.104.153.225,100,176,1,10/31/2018 17:08,R_1QoaJ5M4c94KEFC,,,,,33.49130249,-112.2468033,anonymous,EN,"1,3,4,5",2,,"1,2",,2,,1,,1,,3,1,,1,,3,2,,1,,3,,2,,1,,2,,,,,,,,,,,,,,,,,,,,,,,,,,,,,,,,,,,,,,,,,,,,,,,,,,,,,,,,,,,,,,,,,,,,,,,,,,,,,,,,,,,,,,,,,,,,,,,,,,,,,,,,,,,,,,,,,,,,,,,,,,,,,,,,,,,,,,,,,,,,,,,,,,,,,,,,,,,,,,,,,,,,,,,,,,,,,,,,,,,,,,,,37122,"<span lang=""EN-GB"" style=""font-size:11.0pt;line-height:115%;
font-family:&quot;Arial&quot;,sans-serif;mso-fareast-font-family:Arial;mso-ansi-language:
EN-GB;mso-fareast-language:EN-US;mso-bidi-language:AR-SA"">Suppose you have
planned to meet a friend next week and you want put this on your calendar<span style=""color:#434343""> when you with </span>people you know (e.g.,
acquaintances, colleagues)<span style=""color:#434343""> at a park</span></span>"
10/24/2018 17:08,10/24/2018 17:09,0,74.124.130.194,78,77,0,10/31/2018 17:10,R_10YSiqeWsDoHAxa,,,,,,,anonymous,EN,"1,2,3",,,,,,,,,,,,,,,,,,,,,,,,,,,,,,,,,,,,,,,,,,,,,,,,,,,,,,,,,,,,,,,,,,,,,,,,,,,,,,,,,,,,,,,,,,,,,,,,,,,,,,,,,,,,,,,,,,,,,,,,,,,,,,,,,,,,,,,,,,,,,,,,,,,,,,,,,,,,,,,,,,,,,,,,,,,,,,,,,,,,,,,,,,,,,,,,,,,,,,,,,,,,,,,,,,,90611,"<span lang=""EN-GB"">Suppose you want to a send an email when you are surrounded with people you are close to (e.g., friends, family members) at your home.<strong><o:p></o:p></strong></span>"
10/31/2018 17:09,10/31/2018 17:10,0,68.231.83.206,100,75,1,10/31/2018 17:10,R_3HB557YdxNNVdCs,,,,,33.61650085,-111.9553986,anonymous,EN,"1,2,3,4,5,6",4,,3,,4,,1,,4,,2,3,,3,,3,4,,3,,4,,3,,3,,2,,,,,,,,,,,,,,,,,,,,,,,,,,,,,,,,,,,,,,,,,,,,,,,,,,,,,,,,,,,,,,,,,,,,,,,,,,,,,,,,,,,,,,,,,,,,,,,,,,,,,,,,,,,,,,,,,,,,,,,,,,,,,,,,,,,,,,,,,,,,,,,,,,,,,,,,,,,,,,,,,,,,,,,,,,,,,,,,,,,,,,,,43836,"<span lang=""EN-GB"">Suppose
     you want to take a click a photo when you are alone at home.<o:p></o:p></span>"
10/31/2018 17:10,10/31/2018 17:11,0,100.8.26.233,100,10,1,10/31/2018 17:11,R_t0bZSO6doDtDRhT,,,,,40.76739502,-74.03230286,anonymous,EN,"2,4",,,,,,,,,,,,,,,,,,,,,,,,,,,,,,,,,,,,,,,,,,,,,,,,,,,,,,,,,,,,,,,,,,,,,,,,,,,,,,,,,,,,,,,,,,,,,,,,,,,,,,,,,,,,,,,,,,,,,,,,,,,,,,,,,,,,,,,,,,,,,,,,,,,,,,,,,,,,,,,,,,,,,,,,,,,,,,,,,,,,,,,,,,,,,,,,,,,,,,,,,,,,,,,,,,,81912,"<span lang=""EN-GB"">Suppose
     you want to purchase something online when you are with people you are
     close to (e.g., friends, family members) at home.<o:p></o:p></span>"
10/24/2018 17:11,10/24/2018 17:11,0,172.58.12.186,1,9,0,10/31/2018 17:12,R_3Es7Kjs8NsWUGNK,,,,,,,anonymous,EN,,,,,,,,,,,,,,,,,,,,,,,,,,,,,,,,,,,,,,,,,,,,,,,,,,,,,,,,,,,,,,,,,,,,,,,,,,,,,,,,,,,,,,,,,,,,,,,,,,,,,,,,,,,,,,,,,,,,,,,,,,,,,,,,,,,,,,,,,,,,,,,,,,,,,,,,,,,,,,,,,,,,,,,,,,,,,,,,,,,,,,,,,,,,,,,,,,,,,,,,,,,,,,,,,,,,47050,"<span lang=""EN-GB"">Suppose you want to a send a text message when you are surrounded with people you are close to (e.g., friends, family members) at your home.<strong><o:p></o:p></strong></span>"
10/31/2018 17:13,10/31/2018 17:13,0,68.5.61.79,100,12,1,10/31/2018 17:13,R_1gwMmsUcOKN6ZCF,,,,,33.50849915,-117.6565018,anonymous,EN,3,,,,,,,,,,,,,,,,,,,,,,,,,,,,,,,,,,,,,,,,,,,,,,,,,,,,,,,,,,,,,,,,,,,,,,,,,,,,,,,,,,,,,,,,,,,,,,,,,,,,,,,,,,,,,,,,,,,,,,,,,,,,,,,,,,,,,,,,,,,,,,,,,,,,,,,,,,,,,,,,,,,,,,,,,,,,,,,,,,,,,,,,,,,,,,,,,,,,,,,,,,,,,,,,,,,80030,"<span lang=""EN-GB"">Suppose
     you want to purchase something online when you are alone at your home.<o:p></o:p></span>"
10/31/2018 17:13,10/31/2018 17:16,0,68.5.61.79,100,150,1,10/31/2018 17:16,R_3qD2EyNmqdwFNGm,,,,,33.50849915,-117.6565018,anonymous,EN,"1,2,3,4,5,6",1,,2,,2,,3,,"2,3",,1,"1,3",,"1,2",,1,"2,3",,2,,"2,3,4",,"1,2",,2,,1,,,,,,,,,,,,,,,,,,,,,,,,,,,,,,,,,,,,,,,,,,,,,,,,,,,,,,,,,,,,,,,,,,,,,,,,,,,,,,,,,,,,,,,,,,,,,,,,,,,,,,,,,,,,,,,,,,,,,,,,,,,,,,,,,,,,,,,,,,,,,,,,,,,,,,,,,,,,,,,,,,,,,,,,,,,,,,,,,,,,,,,,26912,"<span lang=""EN-GB"">Suppose you want to control some devices/appliances (e.g., smart lights) when you are alone at home.<o:p></o:p></span>"
10/24/2018 17:16,10/24/2018 17:16,0,184.176.100.178,78,51,0,10/31/2018 17:17,R_31QsY03Yd6ZRNl3,,,,,,,anonymous,EN,"1,4,5",,,,,,,,,,,,,,,,,,,,,,,,,,,,,,,,,,,,,,,,,,,,,,,,,,,,,,,,,,,,,,,,,,,,,,,,,,,,,,,,,,,,,,,,,,,,,,,,,,,,,,,,,,,,,,,,,,,,,,,,,,,,,,,,,,,,,,,,,,,,,,,,,,,,,,,,,,,,,,,,,,,,,,,,,,,,,,,,,,,,,,,,,,,,,,,,,,,,,,,,,,,,,,,,,,,64771,"<span lang=""EN-GB"">Suppose
     you want to a send an email when you are walking on a street with people
     you know (e.g., acquaintances, colleagues)<strong>.</strong><o:p></o:p></span>"
10/31/2018 17:18,10/31/2018 17:19,0,162.207.225.80,100,46,1,10/31/2018 17:19,R_3sbTjZDsg1zBnuL,,,,,33.76989746,-84.29499817,anonymous,EN,"2,4",,,,,,,,,,,,,,,,,,,,,,,,,,,,,,,,,,,,,,,,,,,,,,,,,,,,,,,,,,,,,,,,,,,,,,,,,,,,,,,,,,,,,,,,,,,,,,,,,,,,,,,,,,,,,,,,,,,,,,,,,,,,,,,,,,,,,,,,,,,,,,,,,,,,,,,,,,,,,,,,,,,,,,,,,,,,,,,,,,,,,,,,,,,,,,,,,,,,,,,,,,,,,,,,,,,13297,"<span lang=""EN-GB"">Suppose you want to browse internet when you are with your close friends at a restaurant.<o:p></o:p></span>"
10/31/2018 17:12,10/31/2018 17:21,0,67.86.159.108,100,560,1,10/31/2018 17:21,R_2wBsAhBika10LIU,,,,,40.62809753,-73.94670105,anonymous,EN,"1,2,3,4","1,2,3,4,5",,"1,2,3",,"1,2,3,4",,1,,"3,4",,"1,2,3","1,2,3",,"1,2,3",,"1,2,3","1,2,3,4",,"1,2,3",,"1,2,3,4",,"1,2,3",,"2,3",,"1,2",,"1,2,3,4","2,3,4,5",,"1,2,3",,"1,2,3,4",,1,,"1,2,3,4",,"1,2,3","1,2,3",,"1,2,3",,"1,2,3",,"1,2,3,4",,"2,3,4",,"2,3",,"1,2,3,4",,"1,2,3",,"1,2",,"1,2,3,4,5",,"1,2,3",,"1,2,3,4",,1,,"2,3,4",,"1,2,3","1,2,3",,"2,3",,"1,2,3",,"1,2,3,4",,"1,2,3,4",,"1,2,3",,"1,2,3,4",,"1,2,3",,2,,"2,3,4",,"1,2,3",,"1,2,3,4",,1,,"1,2,3",,"1,2,3","1,2,3",,"1,2,3",,"1,2,3",,"2,3,4",,"2,3,4",,"1,2",,"2,3,4",,"1,2,3",,"1,2",,"2,3,4,5",,"2,3",,"2,3,4",,1,,2,,"1,2,3",5,,"1,2,3",,"2,3",,"3,4",,"2,3,4",,"1,2",,"2,3,4",,"2,3",,2,,,,,,,,,,,,,,,,,,,,,,,,,,,,,,,,,,,,,,,,,,,,,,,,,,,,,,,,,,,,,,,,,,,62394,"<span lang=""EN-GB"">Suppose you want to a send an email when you are surrounded with people you are close to (e.g., friends, family members) at your home.<strong><o:p></o:p></strong></span>"
10/31/2018 17:24,10/31/2018 17:25,0,31.13.189.67,100,72,1,10/31/2018 17:25,R_3RrPtpDLwI2fldO,,,,,37.75100708,-97.8219986,anonymous,EN,3,,,,,,,,,,,,,,,,,,,,,,,,,,,,,,,,,,,,,,,,,,,,,,,,,,,,,,,,,,,,,,,,,,,,,,,,,,,,,,,,,,,,,,,,,,,,,,,,,,,,,,,,,,,,,,,,,,,,,,,,,,,,,,,,,,,,,,,,,,,,,,,,,,,,,,,,,,,,,,,,,,,,,,,,,,,,,,,,,,,,,,,,,,,,,,,,,,,,,,,,,,,,,,,,,,,97200,"<span lang=""EN-GB"">Suppose
     you want to read a digital document when you are alone at home.<strong><o:p></o:p></strong></span>"
10/31/2018 17:24,10/31/2018 17:25,0,207.38.167.197,100,90,1,10/31/2018 17:25,R_bf8DiTxDB1dJxMR,,,,,40.77059937,-73.92649841,anonymous,EN,"1,3,4,6",4,,1,,1,,1,,4,,3,1,,1,,3,3,,2,,1,,1,,2,,4,,,,,,,,,,,,,,,,,,,,,,,,,,,,,,,,,,,,,,,,,,,,,,,,,,,,,,,,,,,,,,,,,,,,,,,,,,,,,,,,,,,,,,,,,,,,,,,,,,,,,,,,,,,,,,,,,,,,,,,,,,,,,,,,,,,,,,,,,,,,,,,,,,,,,,,,,,,,,,,,,,,,,,,,,,,,,,,,,,,,,,,,4990,"<span lang=""EN-GB"">Suppose
     you want to a send a text message when you are with a very close friend at
     a restaurant&nbsp;<o:p></o:p></span>"
10/31/2018 17:15,10/31/2018 17:28,0,71.176.70.228,100,766,1,10/31/2018 17:28,R_818ukOSeELaa6bL,,,,,43.03540039,-76.12819672,anonymous,EN,"1,2,4,5,6","1,2",,5,,2,,3,,1,,4,3,,5,,4,"2,3",,"1,2",,"2,3",,"1,2",,5,,4,,"4,6",,,,,,,,,,,,,,,,,,,,,,,,,,,,,,,,,,,,,,,,,,,,,,,,,,,,,,,,,,,,,,,,,,,,,,,,,,,,,,,,,,,,,,,,"2,5",,1,,"1,2",,3,,1,,4,5,,5,,5,,3,,3,,2,,3,,1,,4,,,,,,,,,,,,,,,,,,,,,,,,,,,,,,,2,,5,,3,,3,,1,,2,1,,5,,5,,6,,3,,2,,3,,5,,4,,male,34,chef,3,2,,1,35754,"<span lang=""EN-GB"">Suppose
     you want to a view a text message
     when you are walking with a very close friend on a street<o:p></o:p></span>"
10/31/2018 17:28,10/31/2018 17:30,0,75.108.55.13,100,93,1,10/31/2018 17:30,R_1CanRW4eWgMBFMH,,,,,35.61920166,-77.39749908,anonymous,EN,"1,2",,,,,,,,,,,,,,,,,,,,,,,,,,,,,,,,,,,,,,,,,,,,,,,,,,,,,,,,,,,,,,,,,,,,,,,,,,,,,,,,,,,,,,,,,,,,,,,,,,,,,,,,,,,,,,,,,,,,,,,,,,,,,,,,,,,,,,,,,,,,,,,,,,,,,,,,,,,,,,,,,,,,,,,,,,,,,,,,,,,,,,,,,,,,,,,,,,,,,,,,,,,,,,,,,,,41854,"<span lang=""EN-GB"">Suppose you are at a park with some people you know (e.g., acquaintances, colleagues) when you realize that you have to immediately pay one of your bills online.<o:p></o:p></span>"
10/31/2018 17:16,10/31/2018 17:33,0,68.5.61.79,100,1034,1,10/31/2018 17:33,R_1f74wYX7ftBjORQ,,,,,33.50849915,-117.6565018,anonymous,EN,"1,2,3,4,5,6",2,,2,,1,,1,,1,,2,"1,2",,"1,3",,2,"1,3",,"2,3",,"1,3",,"1,2",,2,,2,,,,,,,,,,,,,,,,,,,,,,,,,,,,,,,,,,,,,,,,,,,,,,,,,,,,,,,,,,,,,,,,,,,,,,,,,,,,,,,,,,,,,,,,,,,,,,,,,,,,,,,,,,,,,,,,,,,,,,,,,,,,,,,,,,,,,,,,,,,,,,,,,,,,,,,,,,,,,,,,,,,,,,,,,,,,,,,,,,,,,,,,91578,"<span lang=""EN-GB"">Suppose you have planned to meet a friend next week and you want to put this on your calendar when you are alone at Starbucks.<o:p></o:p></span>"
10/31/2018 17:34,10/31/2018 17:36,0,12.168.212.5,100,151,1,10/31/2018 17:36,R_3PvhX7DC5aI4Kr6,,,,,33.76019287,-118.0807953,anonymous,EN,"1,2,6",2,,1,,"1,3",,1,,1,,1,"1,2",,"1,3",,1,"1,3",,"1,3",,6,,1,,1,,2,,,,,,,,,,,,,,,,,,,,,,,,,,,,,,,,,,,,,,,,,,,,,,,,,,,,,,,,,,,,,,,,,,,,,,,,,,,,,,,,,,,,,,,,,,,,,,,,,,,,,,,,,,,,,,,,,,,,,,,,,,,,,,,,,,,,,,,,,,,,,,,,,,,,,,,,,,,,,,,,,,,,,,,,,,,,,,,,,,,,,,,,40552,"<span lang=""EN-GB"">Suppose you are at a park, you have just read a book you loved and now you&nbsp;</span>want to write a review for it to share with people you are close to (e.g., friends, family members)"
10/31/2018 17:29,10/31/2018 17:37,0,196.16.109.107,100,489,1,10/31/2018 17:37,R_1IWrVoJ6NyrlvrZ,,,,,34.05439758,-118.2440033,anonymous,EN,"1,2,5,6","3,4,5",,"1,2,3",,1,,1,,1,,3,1,,"2,3",,"1,3",4,,2,,"2,4",,2,,"1,2,3",,"1,2",,,,,,,,,,,,,,,,,,,,,,,,,,,,,,,,,,,,,,,,,,,,,,,,,,,,,,,,,,,,,,,,,,,,,,,,,,,,,,,,,,,,,,,,,,,,,,,,,,,,,,,,,,,,,,,,,,,,,,,,,,,,,,,,,,,,,,,,,,,,,,,,,,,,,,,,,,,,,,,,,,,,,,,,,,,,,,,,,,,,,,,,28791,"<span lang=""EN-GB"">Suppose you want to watch some video when you are with your close friends at Starbucks.<o:p></o:p></span>"
10/31/2018 17:35,10/31/2018 17:39,0,75.109.225.4,100,222,1,10/31/2018 17:39,R_Ap5qihTcYmmpLUZ,,,,,38.42570496,-81.99430084,anonymous,EN,"1,2,3","1,2,4",,3,,"1,2",,3,,"1,4",,"1,2","1,2,3",,"1,2",,"1,2",2,,2,,6,,"1,2",,"1,2",,"1,2",,,,,,,,,,,,,,,,,,,,,,,,,,,,,,,,,,,,,,,,,,,,,,,,,,,,,,,,,,,,,,,,,,,,,,,,,,,,,,,,,,,,,,,,,,,,,,,,,,,,,,,,,,,,,,,,,,,,,,,,,,,,,,,,,,,,,,,,,,,,,,,,,,,,,,,,,,,,,,,,,,,,,,,,,,,,,,,,,,,,,,,,63003,"<span lang=""EN-GB"">Suppose
     you want to set up a reminder when you are at home with people you are
     close to (e.g., friends, family members).<strong><o:p></o:p></strong></span>"
10/24/2018 17:37,10/24/2018 17:38,0,104.53.195.124,78,66,0,10/31/2018 17:39,R_O8PZz0M5B4an3G1,,,,,,,anonymous,EN,"1,2,3,4,6",,,,,,,,,,,,,,,,,,,,,,,,,,,,,,,,,,,,,,,,,,,,,,,,,,,,,,,,,,,,,,,,,,,,,,,,,,,,,,,,,,,,,,,,,,,,,,,,,,,,,,,,,,,,,,,,,,,,,,,,,,,,,,,,,,,,,,,,,,,,,,,,,,,,,,,,,,,,,,,,,,,,,,,,,,,,,,,,,,,,,,,,,,,,,,,,,,,,,,,,,,,,,,,,,,,58863,"<span lang=""EN-GB"">Suppose
     you want to listen to some audio when you are with people you know (e.g.,
     acquaintances, colleagues) at your home.<o:p></o:p></span>"
10/31/2018 17:39,10/31/2018 17:39,0,104.231.99.74,100,15,1,10/31/2018 17:39,R_1ib9eYgqDzrRN8D,,,,,41.6894989,-81.34210205,anonymous,EN,"1,2",,,,,,,,,,,,,,,,,,,,,,,,,,,,,,,,,,,,,,,,,,,,,,,,,,,,,,,,,,,,,,,,,,,,,,,,,,,,,,,,,,,,,,,,,,,,,,,,,,,,,,,,,,,,,,,,,,,,,,,,,,,,,,,,,,,,,,,,,,,,,,,,,,,,,,,,,,,,,,,,,,,,,,,,,,,,,,,,,,,,,,,,,,,,,,,,,,,,,,,,,,,,,,,,,,,92735,"<span lang=""EN-GB"">Suppose you have planned to meet a friend next week and you want to put this on your calendar when you are with a very close friend at a park.&nbsp;<o:p></o:p></span>"
10/31/2018 17:42,10/31/2018 17:43,0,24.49.50.100,100,43,1,10/31/2018 17:43,R_2SkOqGJDMsFdsOA,,,,,39.65730286,-77.69210052,anonymous,EN,"1,2",,,,,,,,,,,,,,,,,,,,,,,,,,,,,,,,,,,,,,,,,,,,,,,,,,,,,,,,,,,,,,,,,,,,,,,,,,,,,,,,,,,,,,,,,,,,,,,,,,,,,,,,,,,,,,,,,,,,,,,,,,,,,,,,,,,,,,,,,,,,,,,,,,,,,,,,,,,,,,,,,,,,,,,,,,,,,,,,,,,,,,,,,,,,,,,,,,,,,,,,,,,,,,,,,,,20623,"<span lang=""EN-GB"" style=""font-size:11.0pt;line-height:115%;
font-family:&quot;Arial&quot;,sans-serif;mso-fareast-font-family:Arial;mso-ansi-language:
EN-GB;mso-fareast-language:EN-US;mso-bidi-language:AR-SA"">Suppose you want to check your social media when you are alone in a park.</span>"
10/31/2018 17:44,10/31/2018 17:44,0,162.223.82.214,100,17,1,10/31/2018 17:44,R_2BlhBeo1ogJgn1I,,,,,40.21710205,-74.74289703,anonymous,EN,2,,,,,,,,,,,,,,,,,,,,,,,,,,,,,,,,,,,,,,,,,,,,,,,,,,,,,,,,,,,,,,,,,,,,,,,,,,,,,,,,,,,,,,,,,,,,,,,,,,,,,,,,,,,,,,,,,,,,,,,,,,,,,,,,,,,,,,,,,,,,,,,,,,,,,,,,,,,,,,,,,,,,,,,,,,,,,,,,,,,,,,,,,,,,,,,,,,,,,,,,,,,,,,,,,,,67845,"<span lang=""EN-GB"">Suppose
     you want to set up a reminder when you are at a park by yourself.<o:p></o:p></span>"
10/31/2018 17:45,10/31/2018 17:47,0,98.200.13.191,100,95,1,10/31/2018 17:47,R_1ib7kZCsLoVM970,,,,,29.69900513,-95.5861969,anonymous,EN,"1,3,4,6","2,4",,"1,2",,"1,3",,1,,3,,4,"2,3",,"1,2",,3,6,,5,,"3,4",,"2,3",,"1,3",,"1,2",,,,,,,,,,,,,,,,,,,,,,,,,,,,,,,,,,,,,,,,,,,,,,,,,,,,,,,,,,,,,,,,,,,,,,,,,,,,,,,,,,,,,,,,,,,,,,,,,,,,,,,,,,,,,,,,,,,,,,,,,,,,,,,,,,,,,,,,,,,,,,,,,,,,,,,,,,,,,,,,,,,,,,,,,,,,,,,,,,,,,,,,83496,"<span lang=""EN-GB"">Suppose you are alone at home when you realize today is the last day to pay one of your bills online.<o:p></o:p></span>"
10/31/2018 17:29,10/31/2018 17:48,0,71.176.70.228,100,1181,1,10/31/2018 17:48,R_1IT1AjMry5bfmWd,,,,,43.03540039,-76.12819672,anonymous,EN,"1,2,4,5,6","2,3,4,5",,1,,6,,3,,1,,4,2,,5,,4,3,,"1,2",,"2,3",,"1,2",,"1,3",,2,,"1,4,6","1,4",,5,,"1,2,3",,3,,1,,1,5,,5,,5,,"1,3",,3,,1,,3,,1,,4,,,,,,,,,,,,,,,,,,,,,,,,,,,,,,,,,,,,,,,,,,,,,,,,,,,,,,,,,,,,2,,1,,"1,2,3",,1,,1,,4,5,,5,,5,,3,,3,,"1,2",,3,,5,,4,,,,,,,,,,,,,,,,,,,,,,,,,,,,,,,"1,2",,3,,3,,3,,1,,4,5,,5,,5,,"1,3",,"1,2,3",,"1,2",,"1,2,3",,1,,1,,male,36,support engineer,3,3,,3,57551,"<span lang=""EN-GB"">Suppose
     you want to a send an email when you are with a very close friend at a
     restaurant&nbsp;<o:p></o:p></span>"
10/24/2018 17:48,10/24/2018 17:49,0,71.64.98.218,78,73,0,10/31/2018 17:49,R_3NVQUM0HuPZmXFB,,,,,,,anonymous,EN,"1,2,3",,,,,,,,,,,,,,,,,,,,,,,,,,,,,,,,,,,,,,,,,,,,,,,,,,,,,,,,,,,,,,,,,,,,,,,,,,,,,,,,,,,,,,,,,,,,,,,,,,,,,,,,,,,,,,,,,,,,,,,,,,,,,,,,,,,,,,,,,,,,,,,,,,,,,,,,,,,,,,,,,,,,,,,,,,,,,,,,,,,,,,,,,,,,,,,,,,,,,,,,,,,,,,,,,,,58232,"<span lang=""EN-GB"">Suppose
     you want to listen to some audio when you are alone at your home.<strong><o:p></o:p></strong></span>"
10/31/2018 17:57,10/31/2018 17:57,0,73.220.63.40,100,26,1,10/31/2018 17:57,R_3fTqa8gbQYVkxdc,,,,,37.9624939,-121.2624054,anonymous,EN,"1,4",,,,,,,,,,,,,,,,,,,,,,,,,,,,,,,,,,,,,,,,,,,,,,,,,,,,,,,,,,,,,,,,,,,,,,,,,,,,,,,,,,,,,,,,,,,,,,,,,,,,,,,,,,,,,,,,,,,,,,,,,,,,,,,,,,,,,,,,,,,,,,,,,,,,,,,,,,,,,,,,,,,,,,,,,,,,,,,,,,,,,,,,,,,,,,,,,,,,,,,,,,,,,,,,,,,44613,"<span lang=""EN-GB"">Suppose
     you want to a send a text message when you are surrounded by people you
     know (e.g., acquaintances, colleagues) at your home.<o:p></o:p></span>"
10/31/2018 17:53,10/31/2018 17:58,0,172.58.201.3,100,283,1,10/31/2018 17:58,R_3e3T6TgnF4HVEFq,,,,,39.9611969,-75.2303009,anonymous,EN,"2,3,4","1,2,3,4,5",,1,,"1,2,3,4",,1,,1,,3,"1,2,3",,"1,2,3",,"2,3","1,2,3",,"1,2,3",,"1,2,3,6",,"1,2,3",,1,,"1,2",,,,,,,,,,,,,,,,,,,,,,,,,,,,,,,,,,,,,,,,,,,,,,,,,,,,,,,,,,,,,,,,,,,,,,,,,,,,,,,,,,,,,,,,,,,,,,,,,,,,,,,,,,,,,,,,,,,,,,,,,,,,,,,,,,,,,,,,,,,,,,,,,,,,,,,,,,,,,,,,,,,,,,,,,,,,,,,,,,,,,,,,5480,"<span lang=""EN-GB"">Suppose
     you want to watch some video when you are alone at Starbucks.<o:p></o:p></span>"
10/31/2018 17:50,10/31/2018 18:00,0,71.176.70.228,100,609,1,10/31/2018 18:00,R_WvR3RkxszE3LhzH,,,,,43.03540039,-76.12819672,anonymous,EN,"1,2,4,5","1,2,4,5",,1,,6,,3,,1,,"1,2,3",5,,5,,"1,2,3",3,,"1,2",,3,,"1,2",,1,,4,,"1,4,5","2,4",,3,,3,,3,,1,,3,2,,5,,5,,3,,3,,"1,2",,3,,1,,1,,,,,,,,,,,,,,,,,,,,,,,,,,,,,,,,,,,,,,,,,,,,,,,,,,,,,,,,,,,,"2,3",,1,,3,,1,,1,,2,3,,5,,5,,"1,3,4",,3,,2,,3,,1,,"1,2",,1,,2,,4,,1,,"2,3,4",,"1,2,3",5,,5,,5,,4,,2,,3,,2,,2,,4,,,,,,,,,,,,,,,,,,,,,,,,,,,,,,,female,45,journalist,4,4,,3,8872,"<span lang=""EN-GB"" style=""font-size:11.0pt;line-height:115%;
font-family:&quot;Arial&quot;,sans-serif;mso-fareast-font-family:Arial;mso-ansi-language:
EN-GB;mso-fareast-language:EN-US;mso-bidi-language:AR-SA"">Suppose you want to browse the internet when you are alone at your home.</span>"
10/31/2018 17:57,10/31/2018 18:05,0,68.34.71.225,100,492,1,10/31/2018 18:05,R_3DpFzvct2XtFImv,,,,,42.19490051,-83.48539734,anonymous,EN,"1,2,3,4,5","1,2,5",,1,,"1,2,3",,1,,3,,"2,3","1,2",,"1,3",,"2,3","1,2,3",,"1,2,3",,"1,3,4",,"2,3",,"1,2,3",,4,,,,,,,,,,,,,,,,,,,,,,,,,,,,,,,,,,,,,,,,,,,,,,,,,,,,,,,,,,,,,,,,,,,,,,,,,,,,,,,,,,,,,,,,,,,,,,,,,,,,,,,,,,,,,,,,,,,,,,,,,,,,,,,,,,,,,,,,,,,,,,,,,,,,,,,,,,,,,,,,,,,,,,,,,,,,,,,,,,,,,,,,33360,"<span lang=""EN-GB"">Suppose you are at your gym and you want to track the amount of calories&nbsp;</span>you have burnt your workout.&nbsp;"
10/31/2018 18:03,10/31/2018 18:06,0,184.176.100.178,100,194,1,10/31/2018 18:06,R_si06CXrjyWfOwMx,,,,,33.4367981,-112.3834,anonymous,EN,"1,2,4,6","3,5",,2,,"1,4",,1,,"2,4",,3,2,,3,,2,4,,"2,3",,3,,2,,2,,4,,,,,,,,,,,,,,,,,,,,,,,,,,,,,,,,,,,,,,,,,,,,,,,,,,,,,,,,,,,,,,,,,,,,,,,,,,,,,,,,,,,,,,,,,,,,,,,,,,,,,,,,,,,,,,,,,,,,,,,,,,,,,,,,,,,,,,,,,,,,,,,,,,,,,,,,,,,,,,,,,,,,,,,,,,,,,,,,,,,,,,,,17643,"<span lang=""EN-GB"">Suppose
     you want to a send a text message when you are surrounded by people you
     know (e.g., acquaintances, colleagues) at a restaurant.<o:p></o:p></span>"
10/31/2018 18:07,10/31/2018 18:08,0,73.195.189.73,100,32,1,10/31/2018 18:08,R_1IsYQ5tvvfzymQ5,,,,,39.97149658,-74.25119781,anonymous,EN,"2,4",,,,,,,,,,,,,,,,,,,,,,,,,,,,,,,,,,,,,,,,,,,,,,,,,,,,,,,,,,,,,,,,,,,,,,,,,,,,,,,,,,,,,,,,,,,,,,,,,,,,,,,,,,,,,,,,,,,,,,,,,,,,,,,,,,,,,,,,,,,,,,,,,,,,,,,,,,,,,,,,,,,,,,,,,,,,,,,,,,,,,,,,,,,,,,,,,,,,,,,,,,,,,,,,,,,68420,"<span lang=""EN-GB"">Suppose you want to find a route to a coffee shop when you are
     at home </span><span lang=""EN-GB"">with
     people you are close to (e.g., friends, family members)</span><strong><span lang=""EN-GB""><o:p></o:p></span></strong>"
10/31/2018 18:07,10/31/2018 18:08,0,24.38.196.246,100,47,1,10/31/2018 18:08,R_1ddceD13H5K6bU6,,,,,40.62049866,-73.92389679,anonymous,EN,"1,2",,,,,,,,,,,,,,,,,,,,,,,,,,,,,,,,,,,,,,,,,,,,,,,,,,,,,,,,,,,,,,,,,,,,,,,,,,,,,,,,,,,,,,,,,,,,,,,,,,,,,,,,,,,,,,,,,,,,,,,,,,,,,,,,,,,,,,,,,,,,,,,,,,,,,,,,,,,,,,,,,,,,,,,,,,,,,,,,,,,,,,,,,,,,,,,,,,,,,,,,,,,,,,,,,,,32719,"<span lang=""EN-GB"" style=""font-size:11.0pt;line-height:115%;
font-family:&quot;Arial&quot;,sans-serif;mso-fareast-font-family:Arial;mso-ansi-language:
EN-GB;mso-fareast-language:EN-US;mso-bidi-language:AR-SA"">Suppose you want to
read a digital document when you are at Starbucks surrounded with your close
friends.</span>"
10/31/2018 18:08,10/31/2018 18:09,0,67.161.81.229,100,13,1,10/31/2018 18:09,R_1o4Fy1TXWMBhQ7H,,,,,48.74899292,-122.4887009,anonymous,EN,1,,,,,,,,,,,,,,,,,,,,,,,,,,,,,,,,,,,,,,,,,,,,,,,,,,,,,,,,,,,,,,,,,,,,,,,,,,,,,,,,,,,,,,,,,,,,,,,,,,,,,,,,,,,,,,,,,,,,,,,,,,,,,,,,,,,,,,,,,,,,,,,,,,,,,,,,,,,,,,,,,,,,,,,,,,,,,,,,,,,,,,,,,,,,,,,,,,,,,,,,,,,,,,,,,,,36925,"<span lang=""EN-GB"">Suppose
     you want to a send a text message when you are alone at home<strong><o:p></o:p></strong></span>"
10/31/2018 18:09,10/31/2018 18:10,0,67.161.81.229,100,45,1,10/31/2018 18:10,R_26gXlRSPsappCxg,,,,,48.74899292,-122.4887009,anonymous,EN,"1,2,3,6","4,5",,"1,3",,"2,4",,1,,"3,4",,2,"2,3",,"2,3",,3,"2,3",,"1,3",,"3,4",,1,,3,,1,,,,,,,,,,,,,,,,,,,,,,,,,,,,,,,,,,,,,,,,,,,,,,,,,,,,,,,,,,,,,,,,,,,,,,,,,,,,,,,,,,,,,,,,,,,,,,,,,,,,,,,,,,,,,,,,,,,,,,,,,,,,,,,,,,,,,,,,,,,,,,,,,,,,,,,,,,,,,,,,,,,,,,,,,,,,,,,,,,,,,,,,43613,"<span lang=""EN-GB"">Suppose you have planned to meet a friend next week and you want to put this on your calendar when you are surrounded with people you are close to (e.g., friends, family members) at your home.<strong><o:p></o:p></strong></span>"
10/31/2018 18:09,10/31/2018 18:12,0,192.12.221.51,100,140,1,10/31/2018 18:12,R_8HcPNZrAMSBhloR,,,,,40.29949951,-75.98760223,anonymous,EN,"1,2,3","2,3,4",,"2,3",,"1,3",,1,,"3,4",,2,2,,"2,3",,"2,3","2,3",,2,,3,,"2,3",,2,,2,,,,,,,,,,,,,,,,,,,,,,,,,,,,,,,,,,,,,,,,,,,,,,,,,,,,,,,,,,,,,,,,,,,,,,,,,,,,,,,,,,,,,,,,,,,,,,,,,,,,,,,,,,,,,,,,,,,,,,,,,,,,,,,,,,,,,,,,,,,,,,,,,,,,,,,,,,,,,,,,,,,,,,,,,,,,,,,,,,,,,,,,67832,"<span lang=""EN-GB"">Suppose you are at sitting in a park and you want to play a digital/online game&nbsp;</span>with some close friends."
10/31/2018 7:23,10/31/2018 18:13,0,196.17.64.26,100,39004,1,10/31/2018 18:13,R_3GfU6hnmYuNactK,,,,,34.05439758,-118.2440033,anonymous,EN,"2,6",,,,,,,,,,,,,,,,,,,,,,,,,,,,,,,,,,,,,,,,,,,,,,,,,,,,,,,,,,,,,,,,,,,,,,,,,,,,,,,,,,,,,,,,,,,,,,,,,,,,,,,,,,,,,,,,,,,,,,,,,,,,,,,,,,,,,,,,,,,,,,,,,,,,,,,,,,,,,,,,,,,,,,,,,,,,,,,,,,,,,,,,,,,,,,,,,,,,,,,,,,,,,,,,,,,78037,"<span lang=""EN-GB"">Suppose
     you want to set up a reminder when you with people you know (e.g.,
     acquaintances, colleagues) at a park.<o:p></o:p></span>"
10/31/2018 18:13,10/31/2018 18:16,0,196.17.64.26,100,165,1,10/31/2018 18:16,R_3ithou3Dg4jRLlz,,,,,34.05439758,-118.2440033,anonymous,EN,"1,2,3,4,5,6","3,4",,3,,"2,3",,1,,4,,4,3,,2,,"1,2,3",1,,3,,"3,4",,"2,3",,"1,2",,"1,2",,,,,,,,,,,,,,,,,,,,,,,,,,,,,,,,,,,,,,,,,,,,,,,,,,,,,,,,,,,,,,,,,,,,,,,,,,,,,,,,,,,,,,,,,,,,,,,,,,,,,,,,,,,,,,,,,,,,,,,,,,,,,,,,,,,,,,,,,,,,,,,,,,,,,,,,,,,,,,,,,,,,,,,,,,,,,,,,,,,,,,,,99404,"<span lang=""EN-GB"">Suppose
     you want to a send an email when you are walking on a street.<o:p></o:p></span>"
10/31/2018 18:04,10/31/2018 18:18,0,71.176.70.228,100,848,1,10/31/2018 18:18,R_3M9EtCth6muJ4IS,,,,,43.03540039,-76.12819672,anonymous,EN,"1,2,3,4,5,6","1,2,3",,1,,6,,3,,1,,1,5,,5,,1,3,,"1,2",,"2,3",,"1,2",,5,,4,,"4,6",,,,,,,,,,,,,,,,,,,,,,,,,,,,,,,,,,,,,,,,,,,,,,,,,,,,,,,,,,,,,,,,,,,,,,,,,,,,,,,,,,,,,,,,"2,3",,5,,1,,3,,1,,2,2,,5,,5,,3,,"2,3",,"1,2",,"2,3",,5,,4,,,,,,,,,,,,,,,,,,,,,,,,,,,,,,,2,,3,,"2,3",,3,,1,,4,5,,5,,5,,6,,"1,3",,2,,"1,3",,2,,1,,female,41,educator,5,1,,5,9667,"<span lang=""EN-GB"">Suppose you have planned to meet a friend next week and you want to put this on your calendar when you are with a very close friend at a restaurant&nbsp;<o:p></o:p></span>"
10/31/2018 18:20,10/31/2018 18:20,0,108.250.111.64,100,11,1,10/31/2018 18:20,R_1MX9Io21DzRmBAJ,,,,,32.59140015,-96.77279663,anonymous,EN,1,,,,,,,,,,,,,,,,,,,,,,,,,,,,,,,,,,,,,,,,,,,,,,,,,,,,,,,,,,,,,,,,,,,,,,,,,,,,,,,,,,,,,,,,,,,,,,,,,,,,,,,,,,,,,,,,,,,,,,,,,,,,,,,,,,,,,,,,,,,,,,,,,,,,,,,,,,,,,,,,,,,,,,,,,,,,,,,,,,,,,,,,,,,,,,,,,,,,,,,,,,,,,,,,,,,87770,"<span lang=""EN-GB"">Suppose
     you want to listen to some audio when you are at home with people you are
     close to (e.g., friends, family members).<strong><o:p></o:p></strong></span>"
10/31/2018 18:22,10/31/2018 18:22,0,172.58.173.211,100,14,1,10/31/2018 18:22,R_D0H0mtD3R5eCllD,,,,,28.01730347,-82.45780182,anonymous,EN,4,,,,,,,,,,,,,,,,,,,,,,,,,,,,,,,,,,,,,,,,,,,,,,,,,,,,,,,,,,,,,,,,,,,,,,,,,,,,,,,,,,,,,,,,,,,,,,,,,,,,,,,,,,,,,,,,,,,,,,,,,,,,,,,,,,,,,,,,,,,,,,,,,,,,,,,,,,,,,,,,,,,,,,,,,,,,,,,,,,,,,,,,,,,,,,,,,,,,,,,,,,,,,,,,,,,95355,"<span lang=""EN-GB"">Suppose
     you want to find a route to home when you are at Starbucks with your close
     friends.<o:p></o:p></span>"
10/31/2018 18:22,10/31/2018 18:22,0,172.58.173.211,100,13,1,10/31/2018 18:22,R_2wKLrlJDCaXWQGi,,,,,28.01730347,-82.45780182,anonymous,EN,3,,,,,,,,,,,,,,,,,,,,,,,,,,,,,,,,,,,,,,,,,,,,,,,,,,,,,,,,,,,,,,,,,,,,,,,,,,,,,,,,,,,,,,,,,,,,,,,,,,,,,,,,,,,,,,,,,,,,,,,,,,,,,,,,,,,,,,,,,,,,,,,,,,,,,,,,,,,,,,,,,,,,,,,,,,,,,,,,,,,,,,,,,,,,,,,,,,,,,,,,,,,,,,,,,,,57094,"<span lang=""EN-GB"">Suppose you want to browse the internet when you are with people you know (e.g., acquaintances, colleagues) at a restaurant.<o:p></o:p></span>"
10/31/2018 18:21,10/31/2018 18:22,0,69.10.195.232,100,75,1,10/31/2018 18:22,R_27ItT4SfbrVQLcG,,,,,46.87080383,-122.2695999,anonymous,EN,3,,,,,,,,,,,,,,,,,,,,,,,,,,,,,,,,,,,,,,,,,,,,,,,,,,,,,,,,,,,,,,,,,,,,,,,,,,,,,,,,,,,,,,,,,,,,,,,,,,,,,,,,,,,,,,,,,,,,,,,,,,,,,,,,,,,,,,,,,,,,,,,,,,,,,,,,,,,,,,,,,,,,,,,,,,,,,,,,,,,,,,,,,,,,,,,,,,,,,,,,,,,,,,,,,,,61497,"<span lang=""EN-GB"">Suppose you want to set up a reminder when you are at a park with close friends.<o:p></o:p></span>"
10/31/2018 18:22,10/31/2018 18:22,0,172.58.173.211,100,7,1,10/31/2018 18:22,R_2TGYvpktNVDU6DD,,,,,28.01730347,-82.45780182,anonymous,EN,6,,,,,,,,,,,,,,,,,,,,,,,,,,,,,,,,,,,,,,,,,,,,,,,,,,,,,,,,,,,,,,,,,,,,,,,,,,,,,,,,,,,,,,,,,,,,,,,,,,,,,,,,,,,,,,,,,,,,,,,,,,,,,,,,,,,,,,,,,,,,,,,,,,,,,,,,,,,,,,,,,,,,,,,,,,,,,,,,,,,,,,,,,,,,,,,,,,,,,,,,,,,,,,,,,,,33650,"<span lang=""EN-GB"">Suppose you want to control some devices/appliances (e.g., smart lights) when you are at home with people you are close to (e.g., friends, family members)<strong><o:p></o:p></strong></span>"
10/31/2018 18:22,10/31/2018 18:23,0,172.58.173.211,100,9,1,10/31/2018 18:23,R_ON1virfhizuKUqB,,,,,28.01730347,-82.45780182,anonymous,EN,6,,,,,,,,,,,,,,,,,,,,,,,,,,,,,,,,,,,,,,,,,,,,,,,,,,,,,,,,,,,,,,,,,,,,,,,,,,,,,,,,,,,,,,,,,,,,,,,,,,,,,,,,,,,,,,,,,,,,,,,,,,,,,,,,,,,,,,,,,,,,,,,,,,,,,,,,,,,,,,,,,,,,,,,,,,,,,,,,,,,,,,,,,,,,,,,,,,,,,,,,,,,,,,,,,,,4942,"<span lang=""EN-GB"">Suppose
     you want to a view a text message when you are surrounded by people you
     know (e.g., acquaintances, colleagues) at your home.<o:p></o:p></span>"
10/31/2018 18:23,10/31/2018 18:23,0,172.58.173.211,100,7,1,10/31/2018 18:23,R_25SMfRKEmvRfvwZ,,,,,28.01730347,-82.45780182,anonymous,EN,2,,,,,,,,,,,,,,,,,,,,,,,,,,,,,,,,,,,,,,,,,,,,,,,,,,,,,,,,,,,,,,,,,,,,,,,,,,,,,,,,,,,,,,,,,,,,,,,,,,,,,,,,,,,,,,,,,,,,,,,,,,,,,,,,,,,,,,,,,,,,,,,,,,,,,,,,,,,,,,,,,,,,,,,,,,,,,,,,,,,,,,,,,,,,,,,,,,,,,,,,,,,,,,,,,,,28373,"<span lang=""EN-GB"">Suppose you want to a send an email when you are walking with a very close friend on a street.&nbsp;<o:p></o:p></span>"
10/31/2018 18:23,10/31/2018 18:23,0,172.58.173.211,100,14,1,10/31/2018 18:23,R_3maxeFMulvvf821,,,,,28.01730347,-82.45780182,anonymous,EN,6,,,,,,,,,,,,,,,,,,,,,,,,,,,,,,,,,,,,,,,,,,,,,,,,,,,,,,,,,,,,,,,,,,,,,,,,,,,,,,,,,,,,,,,,,,,,,,,,,,,,,,,,,,,,,,,,,,,,,,,,,,,,,,,,,,,,,,,,,,,,,,,,,,,,,,,,,,,,,,,,,,,,,,,,,,,,,,,,,,,,,,,,,,,,,,,,,,,,,,,,,,,,,,,,,,,20668,"<span lang=""EN-GB"">Suppose you are on a short vacation and you want to take a picture in front&nbsp;</span>of an iconic monument when you are surrounded by many people."
10/31/2018 18:23,10/31/2018 18:23,0,172.58.173.211,100,6,1,10/31/2018 18:23,R_7VgRkgTDcaN7oAN,,,,,28.01730347,-82.45780182,anonymous,EN,6,,,,,,,,,,,,,,,,,,,,,,,,,,,,,,,,,,,,,,,,,,,,,,,,,,,,,,,,,,,,,,,,,,,,,,,,,,,,,,,,,,,,,,,,,,,,,,,,,,,,,,,,,,,,,,,,,,,,,,,,,,,,,,,,,,,,,,,,,,,,,,,,,,,,,,,,,,,,,,,,,,,,,,,,,,,,,,,,,,,,,,,,,,,,,,,,,,,,,,,,,,,,,,,,,,,3378,"<span lang=""EN-GB"">Suppose
     you want to call your mother for sharing an important update about your
     life&nbsp; when you are alone at a park<o:p></o:p></span>"
10/31/2018 18:23,10/31/2018 18:24,0,172.58.173.211,100,15,1,10/31/2018 18:24,R_2q2Sjl6ez1nXDqH,,,,,28.01730347,-82.45780182,anonymous,EN,1,,,,,,,,,,,,,,,,,,,,,,,,,,,,,,,,,,,,,,,,,,,,,,,,,,,,,,,,,,,,,,,,,,,,,,,,,,,,,,,,,,,,,,,,,,,,,,,,,,,,,,,,,,,,,,,,,,,,,,,,,,,,,,,,,,,,,,,,,,,,,,,,,,,,,,,,,,,,,,,,,,,,,,,,,,,,,,,,,,,,,,,,,,,,,,,,,,,,,,,,,,,,,,,,,,,639,"<span id=""docs-internal-guid-5a7e3441-7fff-9d1f-10e6-454a1d940975""><span style=""font-size: 11pt; font-family: Arial; color: rgb(0, 0, 0); background-color: transparent; font-variant-numeric: normal; font-variant-east-asian: normal; vertical-align: baseline; white-space: pre-wrap;"">Suppose you want to call your mother for sharing an important update about your life &nbsp;when you are alone at home</span><br> <br><br></span>"
10/31/2018 18:18,10/31/2018 18:25,0,71.176.70.228,100,404,1,10/31/2018 18:25,R_1kIaoiozzTN4ocm,,,,,43.03540039,-76.12819672,anonymous,EN,"1,2,3,4,5","1,2",,5,,"2,3",,1,,1,,2,1,,2,,2,3,,"1,2",,"1,2,3",,"1,2",,5,,2,,"1,3,4,5","2,4",,1,,1,,1,,1,,"1,2",5,,5,,5,,3,,"2,3",,"1,2",,"2,3",,5,,1,,,,,,,,,,,,,,,,,,,,,,,,,,,,,,,4,,1,,"1,2,3",,3,,1,,"1,2",5,,5,,5,,"1,3,4",,"2,3",,"1,2",,"2,3",,5,,1,,"2,5",,3,,2,,1,,1,,4,5,,5,,5,,"2,3",,"2,3",,2,,"2,3",,5,,4,,2,,2,,4,,1,,"2,3,4",,1,3,,"1,2,3",,"1,2,3",,4,,2,,"1,3",,2,,5,,4,,,,,,,,,,,,,,,,,,,,,,,,,,,,,,,male,31,cleaner,3,2,,2,88056,"Suppose you are alone at home, you want to take a break from studying/working&nbsp;<p>so you decide to play a video game with some with some people you know (e.g., acquaintances, colleagues).<o:p></o:p></p>"
10/31/2018 18:16,10/31/2018 18:26,0,184.54.30.221,100,582,1,10/31/2018 18:26,R_333yY8X0eL4jFqZ,,,,,39.11039734,-84.57569885,anonymous,EN,"2,3,4",2,,5,,2,,1,,1,,3,1,,2,,3,2,,1,,3,,1,,"1,3",,1,,3,,,,,,,,,,,,,,,,,,,,,,,,,,,,,,,,,,,,,,,,,,,,,,,,,,,,,,,,,,,4,,5,,1,,1,,1,,3,3,,1,,1,,2,,3,,2,,3,,3,,"1,2",,,,,,,,,,,,,,,,,,,,,,,,,,,,,,,,,,,,,,,,,,,,,,,,,,,,,,,,,,,,,,,,,,,,,,,,,,,,,,,,,,,,,,,,,female,43,independent contractor,4,1,,3,95023,"<span lang=""EN-GB"">Suppose you want to take a click a photo when you with </span><span lang=""EN-GB"">some people you know (e.g.,
     acquaintances, colleagues)</span><span lang=""EN-GB""> at home<o:p></o:p></span>"
10/31/2018 18:21,10/31/2018 18:27,0,192.40.59.158,100,351,1,10/31/2018 18:27,R_1jvbtU6GuqLH0QK,,,,,34.0493927,-118.2640991,anonymous,EN,"1,2,3,4","1,2,5",,"1,2",,"1,4",,1,,"2,3",,2,"1,3",,"1,3",,2,"1,2,4",,"2,3",,"2,4",,2,,1,,4,,,,,,,,,,,,,,,,,,,,,,,,,,,,,,,,,,,,,,,,,,,,,,,,,,,,,,,,,,,,,,,,,,,,,,,,,,,,,,,,,,,,,,,,,,,,,,,,,,,,,,,,,,,,,,,,,,,,,,,,,,,,,,,,,,,,,,,,,,,,,,,,,,,,,,,,,,,,,,,,,,,,,,,,,,,,,,,,,,,,,,,,12380,"<span lang=""EN-GB"">Suppose
     you want to watch some video when
     you are at home with people you are close to (e.g., friends, family
     members)<strong><o:p></o:p></strong></span>"
10/31/2018 18:27,10/31/2018 18:28,0,73.209.168.89,100,32,1,10/31/2018 18:28,R_1E6d7OipnTlru0J,,,,,41.95629883,-87.86920166,anonymous,EN,"1,2",,,,,,,,,,,,,,,,,,,,,,,,,,,,,,,,,,,,,,,,,,,,,,,,,,,,,,,,,,,,,,,,,,,,,,,,,,,,,,,,,,,,,,,,,,,,,,,,,,,,,,,,,,,,,,,,,,,,,,,,,,,,,,,,,,,,,,,,,,,,,,,,,,,,,,,,,,,,,,,,,,,,,,,,,,,,,,,,,,,,,,,,,,,,,,,,,,,,,,,,,,,,,,,,,,,22097,"<span lang=""EN-GB"">Suppose
     you want to watch some video when you are with your close friends in a
     park.<o:p></o:p></span>"
10/24/2018 18:26,10/24/2018 18:28,0,73.245.212.156,78,79,0,10/31/2018 18:28,R_1Hek6Kq1gJQUgPf,,,,,,,anonymous,EN,"1,2,3",,,,,,,,,,,,,,,,,,,,,,,,,,,,,,,,,,,,,,,,,,,,,,,,,,,,,,,,,,,,,,,,,,,,,,,,,,,,,,,,,,,,,,,,,,,,,,,,,,,,,,,,,,,,,,,,,,,,,,,,,,,,,,,,,,,,,,,,,,,,,,,,,,,,,,,,,,,,,,,,,,,,,,,,,,,,,,,,,,,,,,,,,,,,,,,,,,,,,,,,,,,,,,,,,,,73063,"<span lang=""EN-GB"">Suppose
     you want to set up a reminder about something when you are with people you
     know (e.g., acquaintances, colleagues) at Starbucks.<o:p></o:p></span>"
10/31/2018 18:31,10/31/2018 18:35,0,65.255.92.147,100,234,1,10/31/2018 18:35,R_2P7oJHvtlF80eGi,,,,,35.11920166,-97.64009857,anonymous,EN,"1,2,3","1,2",,1,,"1,2,3,4",,1,,1,,1,"1,2,3",,3,,1,6,,"1,3",,2,,3,,1,,4,,,,,,,,,,,,,,,,,,,,,,,,,,,,,,,,,,,,,,,,,,,,,,,,,,,,,,,,,,,,,,,,,,,,,,,,,,,,,,,,,,,,,,,,,,,,,,,,,,,,,,,,,,,,,,,,,,,,,,,,,,,,,,,,,,,,,,,,,,,,,,,,,,,,,,,,,,,,,,,,,,,,,,,,,,,,,,,,,,,,,,,,89661,"<span lang=""EN-GB"">Suppose
     you want to find a route to home when you are alone at Starbucks.<o:p></o:p></span>"
10/31/2018 18:32,10/31/2018 18:36,0,23.88.172.224,100,268,1,10/31/2018 18:36,R_1kICt75gR1xS5xk,,,,,41.82400513,-71.41280365,anonymous,EN,"1,2,3,4,6","1,2",,"1,2,3",,"1,2",,1,,1,,"2,3","1,2,3",,"1,3",,"2,3","3,4",,"1,3",,4,,"1,3",,"2,3",,2,,1,"2,4,5",,"1,3",,"2,3,4",,1,,1,,"2,3","1,2,3",,"1,2,3",,"1,2,3",,"1,2,3",,"2,4",,"1,2,3",,"1,4",,"1,2,3",,"1,2",,,,,,,,,,,,,,,,,,,,,,,,,,,,,,,,,,,,,,,,,,,,,,,,,,,,,,,,,,,,,,,,,,,,,,,,,,,,,,,,,,,,,,,,,,,,,,,,,,,,,,,,,,,,,,,,,,,,,,,,,,,,,,,,,,,,,,,,,,,,,,,,,,,,,,,,,,5574,"<span lang=""EN-GB"">Suppose you want to find a route to home while walking on a street with people you know (e.g., acquaintances, colleagues).<o:p></o:p></span>"
10/31/2018 18:28,10/31/2018 18:37,0,71.176.70.228,100,567,1,10/31/2018 18:37,R_2eQ37uhJWIcvw2w,,,,,43.03540039,-76.12819672,anonymous,EN,"1,2,3,4,5,6","1,2",,1,,6,,1,,1,,1,"1,2",,"1,2",,1,"1,2,3,4",,"1,2",,"2,3",,"1,2",,5,,4,,"1,3,4,5","2,4",,1,,"2,3",,3,,1,,1,2,,5,,5,,3,,2,,"1,2",,2,,5,,"1,2",,,,,,,,,,,,,,,,,,,,,,,,,,,,,,,"1,2",,1,,3,,3,,1,,1,5,,"2,3",,"2,3",,"1,3",,2,,"1,2",,2,,5,,1,,"2,5",,1,,"2,3,4",,1,,1,,2,5,,5,,5,,3,,2,,2,,2,,5,,4,,1,,2,,4,,1,,"2,3",,"1,2",5,,5,,5,,4,,2,,"1,3",,2,,5,,4,,,,,,,,,,,,,,,,,,,,,,,,,,,,,,,male,23,student,3,2,,2,24181,"<span id=""docs-internal-guid-5a7e3441-7fff-9d1f-10e6-454a1d940975""><span style=""font-size: 11pt; font-family: Arial; color: rgb(0, 0, 0); background-color: transparent; font-variant-numeric: normal; font-variant-east-asian: normal; vertical-align: baseline; white-space: pre-wrap;"">Suppose you want to call your mother for sharing an important update about your life &nbsp;when you are alone at home</span><br> <br><br></span>"
10/31/2018 18:37,10/31/2018 18:38,0,38.124.248.110,100,60,1,10/31/2018 18:38,R_3Ebb2D8GyQmJdR7,,,,,34.73750305,-77.46279907,anonymous,EN,"1,2,6",1,,1,,2,,1,,1,,1,3,,2,,1,3,,2,,4,,1,,3,,1,,,,,,,,,,,,,,,,,,,,,,,,,,,,,,,,,,,,,,,,,,,,,,,,,,,,,,,,,,,,,,,,,,,,,,,,,,,,,,,,,,,,,,,,,,,,,,,,,,,,,,,,,,,,,,,,,,,,,,,,,,,,,,,,,,,,,,,,,,,,,,,,,,,,,,,,,,,,,,,,,,,,,,,,,,,,,,,,,,,,,,,,14820,"<span id=""docs-internal-guid-5a7e3441-7fff-9d1f-10e6-454a1d940975""><span style=""font-size: 11pt; font-family: Arial; color: rgb(0, 0, 0); background-color: transparent; font-variant-numeric: normal; font-variant-east-asian: normal; vertical-align: baseline; white-space: pre-wrap;"">Suppose you want to call your mother for sharing an important update about your life &nbsp;when you are alone at home</span><br> <br><br></span>"
10/31/2018 18:37,10/31/2018 18:38,0,67.44.192.103,100,62,1,10/31/2018 18:38,R_2WCNoN11XnMs8DV,,,,,37.75100708,-97.8219986,anonymous,EN,"1,2",,,,,,,,,,,,,,,,,,,,,,,,,,,,,,,,,,,,,,,,,,,,,,,,,,,,,,,,,,,,,,,,,,,,,,,,,,,,,,,,,,,,,,,,,,,,,,,,,,,,,,,,,,,,,,,,,,,,,,,,,,,,,,,,,,,,,,,,,,,,,,,,,,,,,,,,,,,,,,,,,,,,,,,,,,,,,,,,,,,,,,,,,,,,,,,,,,,,,,,,,,,,,,,,,,,84962,"<span lang=""EN-GB"">Suppose
     you want to call your mother for sharing an important update about your
     life when you are alone at Starbucks.<o:p></o:p></span>"
10/31/2018 18:33,10/31/2018 18:39,0,64.138.238.73,100,397,1,10/31/2018 18:39,R_1Eg721OYDwB0Kni,,,,,33.55070496,-79.05280304,anonymous,EN,"1,2,3,4","2,4",,1,,"1,3,4",,1,,1,,1,"1,2,3",,"2,3",,1,2,,2,,3,,2,,5,,4,,"2,4",,,,,,,,,,,,,,,,,,,,,,,,,,,,,,"2,5",,1,,1,,1,,1,,1,3,,2,,3,,2,,"1,3,4",,"1,2",,"1,3",,5,,2,,,,,,,,,,,,,,,,,,,,,,,,,,,,,,,7,,5,,6,,3,,1,,4,5,,5,,5,,6,,7,,5,,7,,5,,2,,,,,,,,,,,,,,,,,,,,,,,,,,,,,,,,,,,,,,,,,,,,,,,,,,,,,,,,,,,,,,,,,,,45021,"<span lang=""EN-GB"">Suppose you have planned to meet a friend next week and you want to put this on your calendar when you are alone at a park<o:p></o:p></span>"
10/24/2018 18:41,10/24/2018 18:42,0,174.87.254.199,78,48,0,10/31/2018 18:42,R_1pKdHVHWUMV1pEY,,,,,,,anonymous,EN,"1,2,3,4,5",,,,,,,,,,,,,,,,,,,,,,,,,,,,,,,,,,,,,,,,,,,,,,,,,,,,,,,,,,,,,,,,,,,,,,,,,,,,,,,,,,,,,,,,,,,,,,,,,,,,,,,,,,,,,,,,,,,,,,,,,,,,,,,,,,,,,,,,,,,,,,,,,,,,,,,,,,,,,,,,,,,,,,,,,,,,,,,,,,,,,,,,,,,,,,,,,,,,,,,,,,,,,,,,,,,87267,"<span lang=""EN-GB"" style=""font-size:11.0pt;line-height:115%;
font-family:&quot;Arial&quot;,sans-serif;mso-fareast-font-family:Arial;mso-ansi-language:
EN-GB;mso-fareast-language:EN-US;mso-bidi-language:AR-SA"">Suppose you have
planned to meet a friend next week and you want put this on your calendar<span style=""color:#434343""> when you with </span>people you know (e.g.,
acquaintances, colleagues)<span style=""color:#434343""> at a park</span></span>"
10/31/2018 18:41,10/31/2018 18:42,0,173.48.66.100,100,67,1,10/31/2018 18:42,R_ZjK5kI8rOiBA1mp,,,,,42.36540222,-71.23169708,anonymous,EN,"1,2",,,,,,,,,,,,,,,,,,,,,,,,,,,,,,,,,,,,,,,,,,,,,,,,,,,,,,,,,,,,,,,,,,,,,,,,,,,,,,,,,,,,,,,,,,,,,,,,,,,,,,,,,,,,,,,,,,,,,,,,,,,,,,,,,,,,,,,,,,,,,,,,,,,,,,,,,,,,,,,,,,,,,,,,,,,,,,,,,,,,,,,,,,,,,,,,,,,,,,,,,,,,,,,,,,,91406,"<span lang=""EN-GB"">Suppose you want to browse the internet when you are with people you know (e.g., acquaintances, colleagues) at a restaurant.<o:p></o:p></span>"
10/31/2018 18:42,10/31/2018 18:42,0,216.107.59.219,100,33,1,10/31/2018 18:42,R_28BPfWHHLH7ZrW0,,,,,37.75100708,-97.8219986,anonymous,EN,1,,,,,,,,,,,,,,,,,,,,,,,,,,,,,,,,,,,,,,,,,,,,,,,,,,,,,,,,,,,,,,,,,,,,,,,,,,,,,,,,,,,,,,,,,,,,,,,,,,,,,,,,,,,,,,,,,,,,,,,,,,,,,,,,,,,,,,,,,,,,,,,,,,,,,,,,,,,,,,,,,,,,,,,,,,,,,,,,,,,,,,,,,,,,,,,,,,,,,,,,,,,,,,,,,,,1655,"<span lang=""EN-GB"">Suppose you are at sitting in a park and you want to play a digital/online game.<o:p></o:p></span>"
10/31/2018 18:38,10/31/2018 18:43,0,74.222.111.95,100,300,1,10/31/2018 18:43,R_zfhfiTIAqn4xhCh,,,,,33.61839294,-80.21160126,anonymous,EN,"1,2,3,4,6","2,5",,3,,"1,2",,1,,3,,1,"1,2,3",,"1,3",,1,"1,2,3,4",,"1,2",,"2,3,4",,"1,2,3",,"1,2,3",,"1,2",,,,,,,,,,,,,,,,,,,,,,,,,,,,,,,,,,,,,,,,,,,,,,,,,,,,,,,,,,,,,,,,,,,,,,,,,,,,,,,,,,,,,,,,,,,,,,,,,,,,,,,,,,,,,,,,,,,,,,,,,,,,,,,,,,,,,,,,,,,,,,,,,,,,,,,,,,,,,,,,,,,,,,,,,,,,,,,,,,,,,,,,2145,"<span lang=""EN-GB"">Suppose
     you want to a view a text message when you are surrounded by people you
     know (e.g., acquaintances, colleagues) at a restaurant.<o:p></o:p></span>"
10/31/2018 18:40,10/31/2018 18:44,0,108.207.17.124,100,226,1,10/31/2018 18:44,R_3htkBqqB00Ew5F7,,,,,38.73779297,-90.62339783,anonymous,EN,"1,2,3,4,5",2,,"1,3",,2,,1,,3,,2,2,,2,,1,3,,2,,3,,2,,"1,2",,2,,,,,,,,,,,,,,,,,,,,,,,,,,,,,,,,,,,,,,,,,,,,,,,,,,,,,,,,,,,,,,,,,,,,,,,,,,,,,,,,,,,,,,,,,,,,,,,,,,,,,,,,,,,,,,,,,,,,,,,,,,,,,,,,,,,,,,,,,,,,,,,,,,,,,,,,,,,,,,,,,,,,,,,,,,,,,,,,,,,,,,,,88883,"<span lang=""EN-GB"">Suppose you want to set up a reminder about something when you are at Starbucks with close friends.<o:p></o:p></span>"
10/31/2018 18:43,10/31/2018 18:45,0,74.118.139.120,100,90,1,10/31/2018 18:45,R_1LbWfMG91HXS2kk,,,,,40.44059753,-79.99590302,anonymous,EN,"1,2,3,4,6","1,2,4",,5,,"1,3,4",,1,,"1,2,3",,4,"1,2",,"2,3",,"2,3",2,,"1,2,3",,"1,4,6",,"1,2",,"1,2,3",,4,,,,,,,,,,,,,,,,,,,,,,,,,,,,,,,,,,,,,,,,,,,,,,,,,,,,,,,,,,,,,,,,,,,,,,,,,,,,,,,,,,,,,,,,,,,,,,,,,,,,,,,,,,,,,,,,,,,,,,,,,,,,,,,,,,,,,,,,,,,,,,,,,,,,,,,,,,,,,,,,,,,,,,,,,,,,,,,,,,,,,,,,10885,"<span lang=""EN-GB"">Suppose
     you want to listen to some audio when you are with people you know (e.g.,
     acquaintances, colleagues) in a park.<o:p></o:p></span>


<p><span lang=""EN-GB"" style=""color:red"">&nbsp;</span></p>"
10/31/2018 18:48,10/31/2018 18:49,0,69.254.32.91,100,9,1,10/31/2018 18:49,R_1fdaJ81fZ6mME6l,,,,,26.73570251,-81.84349823,anonymous,EN,"1,2",,,,,,,,,,,,,,,,,,,,,,,,,,,,,,,,,,,,,,,,,,,,,,,,,,,,,,,,,,,,,,,,,,,,,,,,,,,,,,,,,,,,,,,,,,,,,,,,,,,,,,,,,,,,,,,,,,,,,,,,,,,,,,,,,,,,,,,,,,,,,,,,,,,,,,,,,,,,,,,,,,,,,,,,,,,,,,,,,,,,,,,,,,,,,,,,,,,,,,,,,,,,,,,,,,,39264,"<span lang=""EN-GB"">Suppose
     you want to a view a text message when you are with a very close friend at
     a restaurant&nbsp;<o:p></o:p></span>"
10/31/2018 18:46,10/31/2018 18:51,0,24.128.151.56,100,270,1,10/31/2018 18:51,R_2tytvRPX5NJkV5v,,,,,41.90049744,-84.04460144,anonymous,EN,"1,2,4,5","1,2",,"1,3",,"2,3,4",,1,,1,,"2,3","1,2",,"1,2,3",,2,"1,2,3,4",,"2,3",,"2,3,4",,"2,3",,"1,2,3",,"1,2",,,,,,,,,,,,,,,,,,,,,,,,,,,,,,,,,,,,,,,,,,,,,,,,,,,,,,,,,,,,,,,,,,,,,,,,,,,,,,,,,,,,,,,,,,,,,,,,,,,,,,,,,,,,,,,,,,,,,,,,,,,,,,,,,,,,,,,,,,,,,,,,,,,,,,,,,,,,,,,,,,,,,,,,,,,,,,,,,,,,,,,,43282,"<span lang=""EN-GB"">Suppose
     you want to read a digital document when you are alone at home.<strong><o:p></o:p></strong></span>"
10/24/2018 18:55,10/24/2018 18:57,0,24.32.86.233,78,107,0,10/31/2018 18:57,R_sL7HYSah4oskOZP,,,,,,,anonymous,EN,"1,2,4,6",,,,,,,,,,,,,,,,,,,,,,,,,,,,,,,,,,,,,,,,,,,,,,,,,,,,,,,,,,,,,,,,,,,,,,,,,,,,,,,,,,,,,,,,,,,,,,,,,,,,,,,,,,,,,,,,,,,,,,,,,,,,,,,,,,,,,,,,,,,,,,,,,,,,,,,,,,,,,,,,,,,,,,,,,,,,,,,,,,,,,,,,,,,,,,,,,,,,,,,,,,,,,,,,,,,86233,"<span lang=""EN-GB"">Suppose
     you want to a send a text message when you are alone at home<strong><o:p></o:p></strong></span>"
10/31/2018 18:57,10/31/2018 19:00,0,74.118.139.120,100,184,1,10/31/2018 19:00,R_30kvuQyLBj7P9Lq,,,,,40.44059753,-79.99590302,anonymous,EN,"1,2,3,4,6","1,3",,"1,3",,4,,3,,"1,2,3,4",,"1,3","1,3",,"1,3",,"1,2","1,3",,"1,3",,"1,3",,"1,3",,"1,2,3",,1,,,,,,,,,,,,,,,,,,,,,,,,,,,,,,,,,,,,,,,,,,,,,,,,,,,,,,,,,,,,,,,,,,,,,,,,,,,,,,,,,,,,,,,,,,,,,,,,,,,,,,,,,,,,,,,,,,,,,,,,,,,,,,,,,,,,,,,,,,,,,,,,,,,,,,,,,,,,,,,,,,,,,,,,,,,,,,,,,,,,,,,,17310,"<span lang=""EN-GB"">Suppose you want to read a digital document when you are in a park with people you know (e.g., acquaintances, colleagues).<o:p></o:p></span>"
10/31/2018 18:43,10/31/2018 19:00,0,71.176.70.228,100,994,1,10/31/2018 19:00,R_XuBQxHvOw5LqleF,,,,,43.03540039,-76.12819672,anonymous,EN,"1,2,3,5",2,,1,,"1,2,3",,1,,1,,2,5,,5,,2,3,,2,,"2,3",,2,,2,,4,,"1,2,3",3,,1,,3,,3,,1,,2,1,,2,,2,,3,,"2,3",,"1,2",,"2,3",,5,,4,,"2,5",,1,,3,,3,,1,,1,3,,"2,3",,"2,3",,"1,3,4",,"2,3",,"1,2",,"2,3",,1,,"1,2",,4,,1,,"2,3",,3,,1,,3,3,,5,,5,,3,,"3,4",,"1,2",,"3,4",,5,,4,,,,,,,,,,,,,,,,,,,,,,,,,,,,,,,,,,,,,,,,,,,,,,,,,,,,,,,,,,,,,,,,,,,,,,,,,,,,,,,,,,,,,,,,,female,45,artist,3,2,,3,75547,"<span lang=""EN-GB"">Suppose
     you want to read a digital document when you are at home with people you
     are close to (e.g., friends, family members).<strong><o:p></o:p></strong></span>"
10/31/2018 18:59,10/31/2018 19:01,0,97.70.114.73,100,146,1,10/31/2018 19:01,R_yBCkSWgeCTVqrPX,,,,,42.46560669,-83.36380005,anonymous,EN,"1,2,3,4,6",2,,2,,2,,1,,3,,2,2,,2,,3,2,,5,,1,,2,,1,,1,,,,,,,,,,,,,,,,,,,,,,,,,,,,,,,,,,,,,,,,,,,,,,,,,,,,,,,,,,,,,,,,,,,,,,,,,,,,,,,,,,,,,,,,,,,,,,,,,,,,,,,,,,,,,,,,,,,,,,,,,,,,,,,,,,,,,,,,,,,,,,,,,,,,,,,,,,,,,,,,,,,,,,,,,,,,,,,,,,,,,,,,62125,"<span lang=""EN-GB"" style=""font-size:11.0pt;line-height:115%;
font-family:&quot;Arial&quot;,sans-serif;mso-fareast-font-family:Arial;mso-ansi-language:
EN-GB;mso-fareast-language:EN-US;mso-bidi-language:AR-SA"">Suppose you want to
take a click a photo when you are at Starbucks.</span>"
10/31/2018 18:50,10/31/2018 19:02,0,143.59.27.28,100,692,1,10/31/2018 19:02,R_1LCBtxgUhooZBUm,,,,,37.96780396,-87.48549652,anonymous,EN,"1,2,4","1,2,5",,"1,3",,"1,2",,1,,"1,4",,1,"1,2",,2,,1,"1,3",,2,,"3,4",,"1,2",,"1,2,3",,1,,,,,,,,,,,,,,,,,,,,,,,,,,,,,,,,,,,,,,,,,,,,,,,,,,,,,,,,,,,,,,,,,,,,,,,,,,,,,,,,,,,,,,,,,,,,,,,,,,,,,,,,,,,,,,,,,,,,,,,,,,,,,,,,,,,,,,,,,,,,,,,,,,,,,,,,,,,,,,,,,,,,,,,,,,,,,,,,,,,,,,,,88511,"<span lang=""EN-GB"">Suppose you want to take a click a photo when you with </span><span lang=""EN-GB"">some people you know (e.g.,
     acquaintances, colleagues)</span><span lang=""EN-GB""> at home<o:p></o:p></span>"
10/31/2018 18:57,10/31/2018 19:02,0,72.199.15.160,100,320,1,10/31/2018 19:02,R_XWXKHNxKqFCCgDv,,,,,32.63710022,-117.0675964,anonymous,EN,"1,2,3,4,5,6",1,,5,,3,,1,,1,,3,2,,1,,2,4,,3,,"2,3",,3,,3,,2,,,,,,,,,,,,,,,,,,,,,,,,,,,,,,,,,,,,,,,,,,,,,,,,,,,,,,,,,,,,,,,,,,,,,,,,,,,,,,,,,,,,,,,,,,,,,,,,,,,,,,,,,,,,,,,,,,,,,,,,,,,,,,,,,,,,,,,,,,,,,,,,,,,,,,,,,,,,,,,,,,,,,,,,,,,,,,,,,,,,,,,,21060,"<span style=""color: rgb(0, 0, 0); font-family: Times; font-size: 16px;"">Suppose you want control some devices/appliances (e.g., smart lights) when you are with people you know (e.g., acquaintances, colleagues).</span>"
10/24/2018 19:03,10/24/2018 19:03,0,24.13.239.226,1,41,0,10/31/2018 19:03,R_2e4PKP2j4LSH6EK,,,,,,,anonymous,EN,,,,,,,,,,,,,,,,,,,,,,,,,,,,,,,,,,,,,,,,,,,,,,,,,,,,,,,,,,,,,,,,,,,,,,,,,,,,,,,,,,,,,,,,,,,,,,,,,,,,,,,,,,,,,,,,,,,,,,,,,,,,,,,,,,,,,,,,,,,,,,,,,,,,,,,,,,,,,,,,,,,,,,,,,,,,,,,,,,,,,,,,,,,,,,,,,,,,,,,,,,,,,,,,,,,,48896,"<span lang=""EN-GB"">Suppose
     you want to a view a text message when you are alone at Starbucks.<o:p></o:p></span>"
10/31/2018 18:53,10/31/2018 19:06,0,69.253.159.84,100,762,1,10/31/2018 19:06,R_UJEgfQcoun9u9B7,,,,,40.11659241,-75.01979828,anonymous,EN,"1,2,3,4",2,,1,,"1,2,3",,1,,1,,1,3,,2,,1,"1,2",,2,,6,,2,,5,,2,,2,,,,,,,,,,,,,,,,,,,,,,,,,,,,,,2,,1,,"2,3",,1,,1,,1,5,,5,,5,,3,,7,,5,,7,,2,,2,,,,,,,,,,,,,,,,,,,,,,,,,,,,,,,,,,,,,,,,,,,,,,,,,,,,,,,,,,,,,,,,,,,,,,,,,,,,,,,,,,,,,,,,,,,,,,,,,,,,,,,,,,,,,,,,,,,,,,Female,32,Merchandiser,2,1,,3,17420,"<span lang=""EN-GB"">Suppose you have planned to meet a friend next week and you want to put this on your calendar when you are surrounded by people you know (e.g., acquaintances, colleagues) at a restaurant.<o:p></o:p></span>"
10/31/2018 19:10,10/31/2018 19:10,0,107.77.196.169,100,50,1,10/31/2018 19:10,R_aeYUGoBtRooRdLP,,,,,32.77870178,-96.82170105,anonymous,EN,"2,3,4,6","3,5",,"1,3",,"1,2",,1,,"2,4",,"1,3",3,,2,,"2,3","3,4",,2,,2,,1,,"2,3",,2,,,,,,,,,,,,,,,,,,,,,,,,,,,,,,,,,,,,,,,,,,,,,,,,,,,,,,,,,,,,,,,,,,,,,,,,,,,,,,,,,,,,,,,,,,,,,,,,,,,,,,,,,,,,,,,,,,,,,,,,,,,,,,,,,,,,,,,,,,,,,,,,,,,,,,,,,,,,,,,,,,,,,,,,,,,,,,,,,,,,,,,,69768,"<span lang=""EN-GB"">Suppose
     you want to set up a reminder when you with people you know (e.g.,
     acquaintances, colleagues) at a park.<o:p></o:p></span>"
10/31/2018 19:09,10/31/2018 19:11,0,107.77.199.184,100,95,1,10/31/2018 19:11,R_1dagPMGedC9NV60,,,,,32.73570251,-97.10810089,anonymous,EN,"2,3",,,,,,,,,,,,,,,,,,,,,,,,,,,,,,,,,,,,,,,,,,,,,,,,,,,,,,,,,,,,,,,,,,,,,,,,,,,,,,,,,,,,,,,,,,,,,,,,,,,,,,,,,,,,,,,,,,,,,,,,,,,,,,,,,,,,,,,,,,,,,,,,,,,,,,,,,,,,,,,,,,,,,,,,,,,,,,,,,,,,,,,,,,,,,,,,,,,,,,,,,,,,,,,,,,,52239,"<span lang=""EN-GB"">Suppose
     you want to call your mother for sharing an important update about your
     life&nbsp; when you are alone at a park<o:p></o:p></span>"
10/24/2018 19:08,10/24/2018 19:10,0,24.96.234.72,78,140,0,10/31/2018 19:11,R_NVdLvkqgHECWgfL,,,,,,,anonymous,EN,"1,3,4",,,,,,,,,,,,,,,,,,,,,,,,,,,,,,,,,,,,,,,,,,,,,,,,,,,,,,,,,,,,,,,,,,,,,,,,,,,,,,,,,,,,,,,,,,,,,,,,,,,,,,,,,,,,,,,,,,,,,,,,,,,,,,,,,,,,,,,,,,,,,,,,,,,,,,,,,,,,,,,,,,,,,,,,,,,,,,,,,,,,,,,,,,,,,,,,,,,,,,,,,,,,,,,,,,,23705,"<span lang=""EN-GB"">Suppose you want to a send an email when you are walking with a very close friend on a street.&nbsp;<o:p></o:p></span>"
10/31/2018 19:10,10/31/2018 19:12,0,104.63.235.119,100,128,1,10/31/2018 19:12,R_rkYIce3war5ynUl,,,,,29.88360596,-95.70249939,anonymous,EN,"1,2,3,4",2,,1,,4,,1,,3,,1,2,,1,,3,2,,2,,6,,2,,1,,1,,,,,,,,,,,,,,,,,,,,,,,,,,,,,,,,,,,,,,,,,,,,,,,,,,,,,,,,,,,,,,,,,,,,,,,,,,,,,,,,,,,,,,,,,,,,,,,,,,,,,,,,,,,,,,,,,,,,,,,,,,,,,,,,,,,,,,,,,,,,,,,,,,,,,,,,,,,,,,,,,,,,,,,,,,,,,,,,,,,,,,,,74528,"<span lang=""EN-GB"">Suppose you are alone at home, you want to take a break from studying/working&nbsp;</span>so you decide to play an online/digital game."
10/31/2018 19:14,10/31/2018 19:14,0,128.172.48.58,100,12,1,10/31/2018 19:14,R_10o5yW2MBabPXvN,,,,,37.5493927,-77.45120239,anonymous,EN,"2,3",,,,,,,,,,,,,,,,,,,,,,,,,,,,,,,,,,,,,,,,,,,,,,,,,,,,,,,,,,,,,,,,,,,,,,,,,,,,,,,,,,,,,,,,,,,,,,,,,,,,,,,,,,,,,,,,,,,,,,,,,,,,,,,,,,,,,,,,,,,,,,,,,,,,,,,,,,,,,,,,,,,,,,,,,,,,,,,,,,,,,,,,,,,,,,,,,,,,,,,,,,,,,,,,,,,29888,"<span lang=""EN-GB"">Suppose you want to browse the internet when you are with people you know (e.g., acquaintances, colleagues) at a park.<o:p></o:p></span>"
10/31/2018 19:11,10/31/2018 19:14,0,73.89.223.87,100,203,1,10/31/2018 19:14,R_2UgbdsXWQXQApQb,,,,,41.55029297,-72.99629974,anonymous,EN,"1,3,4,5,6","1,2,3",,"1,2,3",,"1,2,3",,1,,"1,2,3",,"1,2,3","1,2,3",,"1,2,3",,"1,2,3","1,2,3",,"1,2,3",,"1,2,3",,"1,2,3",,"1,2,3",,"1,2",,"3,4,5,6",,,,,,,,,,,,,,,,,,,,,,,,,,,,,,,,,,,,,,,,,,,,,,,,,,,,,,,,,,,"3,4,5",,"1,2",,"1,2,3",,1,,"1,2,3",,"1,2,3","1,2",,"1,2,3",,"1,2,3",,"1,2",,"1,2,4",,"1,2,3",,"1,2,3",,"1,2,3",,"1,2",,"1,2,3",,"1,2,3",,"1,2,3",,1,,"1,2,3",,"1,2,3","1,2",,"1,2,3",,"1,2",,"1,2,3",,"2,3,4",,"1,2,3",,"1,2,3",,"1,2,3",,"1,2",,"1,2,3",,"1,2,3",,"1,2,3",,1,,"1,2,3",,"1,2,3","1,2,3",,"1,3",,"1,2,3",,"1,2,3",,"1,2,3",,"1,2,3",,"1,3,4,6",,"1,2,3",,"1,2",,"1,2,3,4",,"1,2,3",,"1,2,3",,1,,"1,2,3",,"1,2,3","1,2",,"1,2,3",,"1,2",,"1,2,3",,"1,2",,"1,2,3",,"1,2,3",,"1,2,3",,"1,2",,,,,,,,,78177,"<span lang=""EN-GB"" style=""font-size:11.0pt;line-height:115%;
font-family:&quot;Arial&quot;,sans-serif;mso-fareast-font-family:Arial;mso-ansi-language:
EN-GB;mso-fareast-language:EN-US;mso-bidi-language:AR-SA"">Suppose you want to
find a route to a coffee shop when you are alone at home.</span>"
10/31/2018 19:10,10/31/2018 19:14,0,73.213.227.58,100,249,1,10/31/2018 19:14,R_3exepVdy2cJMR4n,,,,,39.34460449,-76.67939758,anonymous,EN,"1,2,4,5","2,3",,5,,1,,3,,2,,1,"1,2,3",,2,,1,1,,"1,2",,3,,"1,2",,1,,"1,2",,4,,,,,,,,,,,,,,,,,,,,,,,,,,,,,,,,,,,,,,,,,,,,,,,,,,,,,,,,,,,,,,,,,,,,,,,,,,,,,,,,,,,,,,,,"2,3,4",,5,,1,,1,,2,,"1,2","1,2,3",,"1,2",,2,,1,,3,,"1,2",,3,,1,,4,,,,,,,,,,,,,,,,,,,,,,,,,,,,,,,,,,,,,,,,,,,,,,,,,,,,,,,,,,,,,,,,,,,21665,"<span lang=""EN-GB"">Suppose
     you want to read a digital document when you are at Starbucks.<o:p></o:p></span>"
10/31/2018 19:07,10/31/2018 19:17,0,108.62.54.238,100,612,1,10/31/2018 19:17,R_1FfGtBZUWokNzyi,,,,,40.86210632,-74.41169739,anonymous,EN,"1,2,3,4,5,6","3,4",,"1,3",,"3,4",,1,,"2,3",,"1,2","2,3",,"2,3",,3,"1,3",,"1,3",,3,,"1,3",,"1,3",,2,,,,,,,,,,,,,,,,,,,,,,,,,,,,,,,,,,,,,,,,,,,,,,,,,,,,,,,,,,,,,,,,,,,,,,,,,,,,,,,,,,,,,,,,,,,,,,,,,,,,,,,,,,,,,,,,,,,,,,,,,,,,,,,,,,,,,,,,,,,,,,,,,,,,,,,,,,,,,,,,,,,,,,,,,,,,,,,,,,,,,,,,93430,"<span lang=""EN-GB"">Suppose
     you want to purchase something online when you are with people you are
     close to (e.g., friends, family members) at home.<o:p></o:p></span>"
10/31/2018 19:17,10/31/2018 19:22,0,172.112.204.3,100,340,1,10/31/2018 19:22,R_1mUe6AephE4cu0Y,,,,,33.71800232,-118.050499,anonymous,EN,"1,2,3","1,2,3,4,5",,1,,"1,2,3",,1,,1,,2,"1,2",,5,,4,2,,"1,2",,"1,3,4,6",,"1,2",,"1,2,3",,"1,2",,,,,,,,,,,,,,,,,,,,,,,,,,,,,,,,,,,,,,,,,,,,,,,,,,,,,,,,,,,,,,,,,,,,,,,,,,,,,,,,,,,,,,,,,,,,,,,,,,,,,,,,,,,,,,,,,,,,,,,,,,,,,,,,,,,,,,,,,,,,,,,,,,,,,,,,,,,,,,,,,,,,,,,,,,,,,,,,,,,,,,,,39420,"<span lang=""EN-GB"">Suppose you are at your gym and you want to track the amount of calories&nbsp;</span>you have burnt your workout.&nbsp;"
10/31/2018 19:22,10/31/2018 19:24,0,76.186.128.145,100,122,1,10/31/2018 19:24,R_2AGP4wCFTdQ7Vxs,,,,,33.19760132,-96.61530304,anonymous,EN,"1,2,3,4,5,6",2,,2,,3,,1,,3,,2,1,,2,,2,2,,2,,3,,2,,2,,2,,2,,,,,,,,,,,,,,,,,,,,,,,,,,,,,,1,,1,,2,,1,,1,,1,2,,1,,1,,2,,1,,1,,2,,2,,2,,,,,,,,,,,,,,,,,,,,,,,,,,,,,,,,,,,,,,,,,,,,,,,,,,,,,,,,,,,,,,,,,,,,,,,,,,,,,,,,,,,,,,,,,,,,,,,,,,,,,,,,,,,,,,,,,,,,,,,,,,,,,36323,"<span lang=""EN-GB"">Suppose you want to browse internet when you are with your close friends at a restaurant.<o:p></o:p></span>"
10/31/2018 19:24,10/31/2018 19:24,0,24.112.224.49,100,15,1,10/31/2018 19:24,R_1FwHBBBMjNgTbr8,,,,,40.855896,-82.31890106,anonymous,EN,2,,,,,,,,,,,,,,,,,,,,,,,,,,,,,,,,,,,,,,,,,,,,,,,,,,,,,,,,,,,,,,,,,,,,,,,,,,,,,,,,,,,,,,,,,,,,,,,,,,,,,,,,,,,,,,,,,,,,,,,,,,,,,,,,,,,,,,,,,,,,,,,,,,,,,,,,,,,,,,,,,,,,,,,,,,,,,,,,,,,,,,,,,,,,,,,,,,,,,,,,,,,,,,,,,,,77357,"<span lang=""EN-GB"">Suppose you are at a park, you have just read a book you loved and now you&nbsp;</span>want to write a review for it to share with people you are close to (e.g., friends, family members)"
10/24/2018 19:12,10/24/2018 19:28,0,73.168.234.52,88,927,0,10/31/2018 19:28,R_2ylzemzUqVNwmpa,,,,,,,anonymous,EN,"1,2,4",2,,1,,2,,1,,1,,3,"1,2",,2,,3,6,,2,,3,,2,,1,,4,,1,,,,,,,,,,,,,,,,,,,,,,,,,,,,,,,,,,,,,,,,,,,,,,,,,,,,,,,,,,,,,,,,,,,,,,,,,,,,,,,,,,,,,,,,,,,,,,,,,,,,,,,,,,,,,,,,,,,,,,,,,,,,,,,,,,,,,,,,,,,,,,,,,,,,,,,,,,,,,,,,,,,,,,,,,,,,,,,,,,,,,,98617,"<span lang=""EN-GB"">Suppose you want to browse the internet when you are with people you know (e.g., acquaintances, colleagues) at a restaurant.<o:p></o:p></span>"
10/31/2018 19:29,10/31/2018 19:29,0,107.173.171.201,100,8,1,10/31/2018 19:29,R_V4HDtKXNeQelhyF,,,,,42.88639832,-78.87809753,anonymous,EN,1,,,,,,,,,,,,,,,,,,,,,,,,,,,,,,,,,,,,,,,,,,,,,,,,,,,,,,,,,,,,,,,,,,,,,,,,,,,,,,,,,,,,,,,,,,,,,,,,,,,,,,,,,,,,,,,,,,,,,,,,,,,,,,,,,,,,,,,,,,,,,,,,,,,,,,,,,,,,,,,,,,,,,,,,,,,,,,,,,,,,,,,,,,,,,,,,,,,,,,,,,,,,,,,,,,,5338,"<span lang=""EN-GB"">Suppose you are at home with people you are close to (e.g., friends, family members) when you realize today is the last day to pay one of your bills online.<o:p></o:p></span>"
10/31/2018 19:22,10/31/2018 19:29,0,173.169.184.41,100,403,1,10/31/2018 19:29,R_2YrhjcSOTmyQNAC,,,,,27.98100281,-81.67359924,anonymous,EN,"1,2,3,4,5,6",5,,1,,4,,1,,1,,2,2,,2,,2,2,,1,,3,,2,,2,,2,,,,,,,,,,,,,,,,,,,,,,,,,,,,,,,,,,,,,,,,,,,,,,,,,,,,,,,,,,,,,,,,,,,,,,,,,,,,,,,,,,,,,,,,,,,,,,,,,,,,,,,,,,,,,,,,,,,,,,,,,,,,,,,,,,,,,,,,,,,,,,,,,,,,,,,,,,,,,,,,,,,,,,,,,,,,,,,,,,,,,,,,66637,"<span lang=""EN-GB"">Suppose
     you want to set up a reminder when you are at a park by yourself.<o:p></o:p></span>"
10/31/2018 19:29,10/31/2018 19:32,0,173.125.36.73,100,222,1,10/31/2018 19:32,R_40lzQEs5WzRp1G9,,,,,33.34489441,-84.09819794,anonymous,EN,"1,2,3,4,5,6","1,2,3,4,5",,"1,2,3",,"1,2,3,4",,1,,1,,"2,3","1,2,3",,"1,2,3",,"2,3","1,2,3,4",,"1,2,3",,"1,2,3,4",,"1,2,3",,"1,2,3",,"1,2",,2,,,,,,,,,,,,,,,,,,,,,,,,,,,,,,"1,2,3,4,5",,"1,2,3",,"1,2,3,4",,1,,"1,2,3",,"1,2,3","1,2,3",,"1,2,3",,"1,2,3",,"1,2,3,4",,"1,2,3,4",,"1,2,3",,"1,2,3,4",,"1,2,3",,"1,2",,,,,,,,,,,,,,,,,,,,,,,,,,,,,,,,,,,,,,,,,,,,,,,,,,,,,,,,,,,,,,,,,,,,,,,,,,,,,,,,,,,,,,,,,,,,,,,,,,,,,,,,,,,,,,,,,,,,,,Female ,36,Manager ,5,3,,2,41312,"<span lang=""EN-GB"" style=""font-size:11.0pt;line-height:115%;
font-family:&quot;Arial&quot;,sans-serif;mso-fareast-font-family:Arial;mso-ansi-language:
EN-GB;mso-fareast-language:EN-US;mso-bidi-language:AR-SA"">Suppose you want to
read a digital document when you are at Starbucks surrounded with your close
friends.</span>"
10/31/2018 19:29,10/31/2018 19:36,0,126.185.76.237,100,388,1,10/31/2018 19:36,R_2ALPbJpqcrsrRk7,,,,,35.60780334,140.126709,anonymous,EN,"1,2,3,4,6",2,,5,,2,,1,,1,,3,2,,2,,3,3,,2,,6,,2,,1,,2,,2,,,,,,,,,,,,,,,,,,,,,,,,,,,,,,2,,5,,1,,1,,1,,1,2,,2,,5,,3,,7,,2,,7,,1,,2,,,,,,,,,,,,,,,,,,,,,,,,,,,,,,,,,,,,,,,,,,,,,,,,,,,,,,,,,,,,,,,,,,,,,,,,,,,,,,,,,,,,,,,,,,,,,,,,,,,,,,,,,,,,,,,,,,,,,,,,,,,,,13935,"<span lang=""EN-GB"">Suppose
     you are at a park and you realize today is the last day to pay one of your
     bills online.<o:p></o:p></span>"
10/31/2018 19:29,10/31/2018 19:38,0,73.47.74.31,100,516,1,10/31/2018 19:38,R_RKzSpJW096UPcEp,,,,,42.8874054,-71.30200195,anonymous,EN,"1,2,4","1,2,3,5",,"1,2",,"1,2,3",,1,,3,,3,"1,2,3",,1,,"1,2","1,2,3,4",,"1,2,3",,"2,3,4",,5,,1,,"1,2",,,,,,,,,,,,,,,,,,,,,,,,,,,,,,,,,,,,,,,,,,,,,,,,,,,,,,,,,,,,,,,,,,,,,,,,,,,,,,,,,,,,,,,,,,,,,,,,,,,,,,,,,,,,,,,,,,,,,,,,,,,,,,,,,,,,,,,,,,,,,,,,,,,,,,,,,,,,,,,,,,,,,,,,,,,,,,,,,,,,,,,,19476,"<span lang=""EN-GB"">Suppose
     you want to set up a reminder about something when you are at Starbucks by
     yourself.<o:p></o:p></span>"
10/31/2018 19:37,10/31/2018 19:40,0,169.233.198.102,100,167,1,10/31/2018 19:40,R_22xzLGGiTM33nGB,,,,,36.99589539,-122.0578003,anonymous,EN,"1,2,4",2,,3,,3,,1,,2,,3,2,,3,,3,3,,3,,4,,3,,2,,1,,1,3,,2,,4,,1,,3,,3,3,,2,,2,,3,,3,,2,,3,,3,,2,,,,,,,,,,,,,,,,,,,,,,,,,,,,,,,,,,,,,,,,,,,,,,,,,,,,,,,,,,,,,,,,,,,,,,,,,,,,,,,,,,,,,,,,,,,,,,,,,,,,,,,,,,,,,,,,,,,,,,,,,,,,,,,,,,,,,,,,,,,,,,,,,,,Female,21,Student,2,5,,8,33592,"<span lang=""EN-GB"">Suppose
     you have planned to meet a friend next week and you want put this on your
     calendar when you are alone at home<strong><o:p></o:p></strong></span>"
10/31/2018 19:41,10/31/2018 19:41,0,99.203.10.160,100,16,1,10/31/2018 19:41,R_SIuDg2SyOhPZZIt,,,,,34.00790405,-118.2582016,anonymous,EN,"2,4",,,,,,,,,,,,,,,,,,,,,,,,,,,,,,,,,,,,,,,,,,,,,,,,,,,,,,,,,,,,,,,,,,,,,,,,,,,,,,,,,,,,,,,,,,,,,,,,,,,,,,,,,,,,,,,,,,,,,,,,,,,,,,,,,,,,,,,,,,,,,,,,,,,,,,,,,,,,,,,,,,,,,,,,,,,,,,,,,,,,,,,,,,,,,,,,,,,,,,,,,,,,,,,,,,,67813,"<span lang=""EN-GB"">Suppose
     you want to purchase something online when you are alone at Starbucks.<o:p></o:p></span>"
10/31/2018 19:41,10/31/2018 19:41,0,24.245.78.230,100,17,1,10/31/2018 19:41,R_3OoY1g743cyr5Hk,,,,,35.32499695,-81.84600067,anonymous,EN,"1,2",,,,,,,,,,,,,,,,,,,,,,,,,,,,,,,,,,,,,,,,,,,,,,,,,,,,,,,,,,,,,,,,,,,,,,,,,,,,,,,,,,,,,,,,,,,,,,,,,,,,,,,,,,,,,,,,,,,,,,,,,,,,,,,,,,,,,,,,,,,,,,,,,,,,,,,,,,,,,,,,,,,,,,,,,,,,,,,,,,,,,,,,,,,,,,,,,,,,,,,,,,,,,,,,,,,44168,"<span lang=""EN-GB"">Suppose you want to read a digital document when you are at Starbucks with people you know (e.g., acquaintances, colleagues).<o:p></o:p></span>"
10/31/2018 19:39,10/31/2018 19:46,0,99.109.250.242,100,444,1,10/31/2018 19:46,R_1hLk6VHYJOUlSoK,,,,,42.89390564,-85.76190186,anonymous,EN,"1,2,4","2,4",,1,,"1,2,3",,1,,"1,3",,3,"1,2",,"2,3",,2,"2,3",,2,,"2,3",,2,,"1,3",,1,,,,,,,,,,,,,,,,,,,,,,,,,,,,,,,,,,,,,,,,,,,,,,,,,,,,,,,,,,,,,,,,,,,,,,,,,,,,,,,,,,,,,,,,,,,,,,,,,,,,,,,,,,,,,,,,,,,,,,,,,,,,,,,,,,,,,,,,,,,,,,,,,,,,,,,,,,,,,,,,,,,,,,,,,,,,,,,,,,,,,,,,761,"<span lang=""EN-GB"">Suppose you are alone at home, you want to take a break from studying/working&nbsp;</span>so you decide to play an online/digital game with some close friends ."
10/31/2018 19:43,10/31/2018 19:47,0,69.50.41.171,100,237,1,10/31/2018 19:47,R_1qWWjFNKv9FnTpz,,,,,38.49620056,-101.7656021,anonymous,EN,"1,2,3,4,6",1,,1,,1,,1,,1,,2,1,,2,,2,1,,1,,3,,5,,1,,"1,2",,,,,,,,,,,,,,,,,,,,,,,,,,,,,,,,,,,,,,,,,,,,,,,,,,,,,,,,,,,,,,,,,,,,,,,,,,,,,,,,,,,,,,,,,,,,,,,,,,,,,,,,,,,,,,,,,,,,,,,,,,,,,,,,,,,,,,,,,,,,,,,,,,,,,,,,,,,,,,,,,,,,,,,,,,,,,,,,,,,,,,,,43085,"<span lang=""EN-GB"">Suppose you want to a send a text message when you are alone at a street.<o:p></o:p></span>"
10/31/2018 19:44,10/31/2018 19:48,0,73.155.137.178,100,276,1,10/31/2018 19:48,R_3PQW87lCKhNBHfx,,,,,29.57850647,-95.6065979,anonymous,EN,"1,2,4,6",2,,1,,"2,3",,1,,1,,"2,3","1,2",,5,,2,"1,2,4",,5,,1,,5,,"1,2",,2,,,,,,,,,,,,,,,,,,,,,,,,,,,,,,,,,,,,,,,,,,,,,,,,,,,,,,,,,,,,,,,,,,,,,,,,,,,,,,,,,,,,,,,,,,,,,,,,,,,,,,,,,,,,,,,,,,,,,,,,,,,,,,,,,,,,,,,,,,,,,,,,,,,,,,,,,,,,,,,,,,,,,,,,,,,,,,,,,,,,,,,,53346,"<span lang=""EN-GB"">Suppose you want to browse the internet when you are alone at a restaurant.<o:p></o:p></span>"
10/24/2018 19:48,10/24/2018 19:49,0,70.176.205.139,1,10,0,10/31/2018 19:49,R_1ifAldVKX3Ygfwi,,,,,,,anonymous,EN,,,,,,,,,,,,,,,,,,,,,,,,,,,,,,,,,,,,,,,,,,,,,,,,,,,,,,,,,,,,,,,,,,,,,,,,,,,,,,,,,,,,,,,,,,,,,,,,,,,,,,,,,,,,,,,,,,,,,,,,,,,,,,,,,,,,,,,,,,,,,,,,,,,,,,,,,,,,,,,,,,,,,,,,,,,,,,,,,,,,,,,,,,,,,,,,,,,,,,,,,,,,,,,,,,,,70790,"<span lang=""EN-GB"">Suppose
     you want to a send a text message when you are with a very close friend at
     a restaurant&nbsp;<o:p></o:p></span>"
10/31/2018 19:48,10/31/2018 19:49,0,142.196.83.21,100,48,1,10/31/2018 19:49,R_3Rk0fC10PlcKifi,,,,,28.80130005,-81.28500366,anonymous,EN,"1,4",,,,,,,,,,,,,,,,,,,,,,,,,,,,,,,,,,,,,,,,,,,,,,,,,,,,,,,,,,,,,,,,,,,,,,,,,,,,,,,,,,,,,,,,,,,,,,,,,,,,,,,,,,,,,,,,,,,,,,,,,,,,,,,,,,,,,,,,,,,,,,,,,,,,,,,,,,,,,,,,,,,,,,,,,,,,,,,,,,,,,,,,,,,,,,,,,,,,,,,,,,,,,,,,,,,14353,"<span lang=""EN-GB"">Suppose you want to watch some video when you are with your close friends at Starbucks.<o:p></o:p></span>"
10/31/2018 19:37,10/31/2018 19:50,0,142.129.208.191,100,765,1,10/31/2018 19:50,R_1jK81fLfBcgHGzV,,,,,33.81100464,-117.2180023,anonymous,EN,"2,3,4,5","2,4,5",,1,,"1,2,3",,1,,1,,3,4,"To have access to a private, secure Internet connection",5,,3,"1,2,3",,"1,2",,6,,"1,2",,"1,2,3",,2,,2,,,,,,,,,,,,,,,,,,,,,,,,,,,,,,"2,5",,1,,"1,2,3",,1,,1,,3,"1,2",,3,,"1,3",,"1,2,3",,6,,2,,6,,"1,2,3",,4,,,,,,,,,,,,,,,,,,,,,,,,,,,,,,,,,,,,,,,,,,,,,,,,,,,,,,,,,,,,,,,,,,,,,,,,,,,,,,,,,,,,,,,,,,,,,,,,,,,,,,,,,,,,,,,,,,,,,,,,,,,,,11476,"<span lang=""EN-GB"">Suppose
     you are at starbucks and you realize today is the last day to pay one of
     your bills online.<o:p></o:p></span>"
10/31/2018 19:39,10/31/2018 19:51,0,45.23.30.121,100,674,1,10/31/2018 19:51,R_25LTsjX8W2yN1Qp,,,,,39.71549988,-84.16369629,anonymous,EN,"1,2,4","1,5",,5,,"1,2,3",,1,,2,,3,"1,2,3",,1,,3,6,,"1,2",,"1,3",,"1,2",,"1,2",,4,,2,,,,,,,,,,,,,,,,,,,,,,,,,,,,,,"1,5",,5,,"1,2,3",,1,,2,,4,"1,2,3",,1,,1,,6,,"1,2,3",,"1,2",,"1,2,3",,1,,4,,,,,,,,,,,,,,,,,,,,,,,,,,,,,,,,,,,,,,,,,,,,,,,,,,,,,,,,,,,,,,,,,,,,,,,,,,,,,,,,,,,,,,,,,,,,,,,,,,,,,,,,,,,,,,,,,,,,,,Female,25,Veterinary Technician,4,1,,4,64567,"<span lang=""EN-GB"">Suppose
     you want to a view a text message
     when you are walking with a very close friend on a street<o:p></o:p></span>"
10/31/2018 19:49,10/31/2018 19:53,0,75.183.92.49,100,226,1,10/31/2018 19:53,R_1FsR2xBuQN3lm1s,,,,,36.03300476,-79.59719849,anonymous,EN,"2,4,5,6","1,2,3",,"1,3",,"2,3,4",,1,,"2,3",,"2,3","1,2,3",,"1,2,3",,"1,3","2,3",,"1,2,3",,"1,3",,"1,2,3",,"2,3",,4,,,,,,,,,,,,,,,,,,,,,,,,,,,,,,,,,,,,,,,,,,,,,,,,,,,,,,,,,,,,,,,,,,,,,,,,,,,,,,,,,,,,,,,,,,,,,,,,,,,,,,,,,,,,,,,,,,,,,,,,,,,,,,,,,,,,,,,,,,,,,,,,,,,,,,,,,,,,,,,,,,,,,,,,,,,,,,,,,,,,,,,,27314,"<span lang=""EN-GB"">Suppose you have planned to meet a friend next week and you want to put this on your calendar when you are alone at Starbucks.<o:p></o:p></span>"
10/31/2018 19:50,10/31/2018 19:57,0,98.5.26.118,100,392,1,10/31/2018 19:57,R_1dajjH9XXGDFm85,,,,,42.90170288,-78.6631012,anonymous,EN,"1,2,4,5","2,4,5",,5,,"1,2,3",,1,,"1,3",,4,"1,2,3",,"2,3",,3,3,,2,,"2,3,4,6",,2,,"1,2",,4,,,,,,,,,,,,,,,,,,,,,,,,,,,,,,,,,,,,,,,,,,,,,,,,,,,,,,,,,,,,,,,,,,,,,,,,,,,,,,,,,,,,,,,,,,,,,,,,,,,,,,,,,,,,,,,,,,,,,,,,,,,,,,,,,,,,,,,,,,,,,,,,,,,,,,,,,,,,,,,,,,,,,,,,,,,,,,,,,,,,,,,,96454,"<span lang=""EN-GB"">Suppose you want to browse through one of your social media profiles when you&nbsp;</span>are at your home."
10/31/2018 19:59,10/31/2018 19:59,0,108.62.142.190,100,10,1,10/31/2018 19:59,R_3iJP7yFiLUNMdCV,,,,,33.6730957,-111.9460983,anonymous,EN,1,,,,,,,,,,,,,,,,,,,,,,,,,,,,,,,,,,,,,,,,,,,,,,,,,,,,,,,,,,,,,,,,,,,,,,,,,,,,,,,,,,,,,,,,,,,,,,,,,,,,,,,,,,,,,,,,,,,,,,,,,,,,,,,,,,,,,,,,,,,,,,,,,,,,,,,,,,,,,,,,,,,,,,,,,,,,,,,,,,,,,,,,,,,,,,,,,,,,,,,,,,,,,,,,,,,63948,"<span lang=""EN-GB"">Suppose you are alone and relaxing at home, you have just read a new book that&nbsp;</span>you loved and now you want a write a review for your close family and friends."
10/31/2018 20:01,10/31/2018 20:01,0,70.121.139.233,100,10,1,10/31/2018 20:01,R_1f25trNjv1F9Z7J,,,,,29.51820374,-98.36270142,anonymous,EN,3,,,,,,,,,,,,,,,,,,,,,,,,,,,,,,,,,,,,,,,,,,,,,,,,,,,,,,,,,,,,,,,,,,,,,,,,,,,,,,,,,,,,,,,,,,,,,,,,,,,,,,,,,,,,,,,,,,,,,,,,,,,,,,,,,,,,,,,,,,,,,,,,,,,,,,,,,,,,,,,,,,,,,,,,,,,,,,,,,,,,,,,,,,,,,,,,,,,,,,,,,,,,,,,,,,,11055,"<span lang=""EN-GB"">Suppose
     you want to watch some video when you are alone at Starbucks.<o:p></o:p></span>"
10/31/2018 20:01,10/31/2018 20:01,0,100.14.74.140,100,19,1,10/31/2018 20:01,R_Rb1v7eE6NozYkuZ,,,,,39.94410706,-75.58820343,anonymous,EN,"1,2",,,,,,,,,,,,,,,,,,,,,,,,,,,,,,,,,,,,,,,,,,,,,,,,,,,,,,,,,,,,,,,,,,,,,,,,,,,,,,,,,,,,,,,,,,,,,,,,,,,,,,,,,,,,,,,,,,,,,,,,,,,,,,,,,,,,,,,,,,,,,,,,,,,,,,,,,,,,,,,,,,,,,,,,,,,,,,,,,,,,,,,,,,,,,,,,,,,,,,,,,,,,,,,,,,,78687,"<span lang=""EN-GB"">Suppose you want to a send an email when you are surrounded with people you are close to (e.g., friends, family members) at your home.<strong><o:p></o:p></strong></span>"
10/31/2018 19:57,10/31/2018 20:02,0,104.34.195.54,100,301,1,10/31/2018 20:02,R_1dcYIdRl98spBAC,,,,,34.17810059,-118.4573975,anonymous,EN,"1,2,3,4","1,2,4,5",,"1,2",,"1,2,3,4",,3,,"1,3",,4,"1,2,3",,"1,2,3",,4,"1,3,4",,"2,3",,"1,3,4",,"1,2,3",,5,,"1,2",,,,,,,,,,,,,,,,,,,,,,,,,,,,,,,,,,,,,,,,,,,,,,,,,,,,,,,,,,,,,,,,,,,,,,,,,,,,,,,,,,,,,,,,,,,,,,,,,,,,,,,,,,,,,,,,,,,,,,,,,,,,,,,,,,,,,,,,,,,,,,,,,,,,,,,,,,,,,,,,,,,,,,,,,,,,,,,,,,,,,,,,98538,"<span lang=""EN-GB"">Suppose
     you want to a send a text message when you are surrounded by people you
     know (e.g., acquaintances, colleagues) at a restaurant.<o:p></o:p></span>"
10/31/2018 20:03,10/31/2018 20:03,0,104.129.18.32,100,9,1,10/31/2018 20:03,R_3npBqu0a4tlXxy6,,,,,33.7480011,-84.38580322,anonymous,EN,3,,,,,,,,,,,,,,,,,,,,,,,,,,,,,,,,,,,,,,,,,,,,,,,,,,,,,,,,,,,,,,,,,,,,,,,,,,,,,,,,,,,,,,,,,,,,,,,,,,,,,,,,,,,,,,,,,,,,,,,,,,,,,,,,,,,,,,,,,,,,,,,,,,,,,,,,,,,,,,,,,,,,,,,,,,,,,,,,,,,,,,,,,,,,,,,,,,,,,,,,,,,,,,,,,,,76564,"<span lang=""EN-GB"">Suppose
     you want to a send an email when you are walking on a street with people
     you know (e.g., acquaintances, colleagues)<strong>.</strong><o:p></o:p></span>"
10/31/2018 20:03,10/31/2018 20:03,0,70.121.139.233,100,11,1,10/31/2018 20:03,R_3DuP9wSkEXnsbEu,,,,,29.51820374,-98.36270142,anonymous,EN,5,,,,,,,,,,,,,,,,,,,,,,,,,,,,,,,,,,,,,,,,,,,,,,,,,,,,,,,,,,,,,,,,,,,,,,,,,,,,,,,,,,,,,,,,,,,,,,,,,,,,,,,,,,,,,,,,,,,,,,,,,,,,,,,,,,,,,,,,,,,,,,,,,,,,,,,,,,,,,,,,,,,,,,,,,,,,,,,,,,,,,,,,,,,,,,,,,,,,,,,,,,,,,,,,,,,64609,"<span lang=""EN-GB"">Suppose you want to find a route to home while walking on a street.<o:p></o:p></span>"
10/31/2018 20:06,10/31/2018 20:07,0,24.130.253.48,100,53,1,10/31/2018 20:07,R_2OUQcmN6PjQSB9S,,,,,37.78779602,-122.1884003,anonymous,EN,"1,2,4,5,6","2,3,4,5",,2,,"2,3,4",,1,,"3,4",,2,"2,3",,"2,3",,3,"2,3",,"2,3",,"2,3",,"1,2",,"2,3",,"1,2",,,,,,,,,,,,,,,,,,,,,,,,,,,,,,,,,,,,,,,,,,,,,,,,,,,,,,,,,,,,,,,,,,,,,,,,,,,,,,,,,,,,,,,,,,,,,,,,,,,,,,,,,,,,,,,,,,,,,,,,,,,,,,,,,,,,,,,,,,,,,,,,,,,,,,,,,,,,,,,,,,,,,,,,,,,,,,,,,,,,,,,,23936,"<span lang=""EN-GB"">Suppose you are at sitting at Starbucks and you want to play a digital/online&nbsp;</span>game."
10/31/2018 20:09,10/31/2018 20:09,0,172.58.158.185,100,13,1,10/31/2018 20:09,R_3I5z1zs5sFbqyjH,,,,,35.05270386,-78.87840271,anonymous,EN,2,,,,,,,,,,,,,,,,,,,,,,,,,,,,,,,,,,,,,,,,,,,,,,,,,,,,,,,,,,,,,,,,,,,,,,,,,,,,,,,,,,,,,,,,,,,,,,,,,,,,,,,,,,,,,,,,,,,,,,,,,,,,,,,,,,,,,,,,,,,,,,,,,,,,,,,,,,,,,,,,,,,,,,,,,,,,,,,,,,,,,,,,,,,,,,,,,,,,,,,,,,,,,,,,,,,90048,"<span lang=""EN-GB"">Suppose
     you are at home with some people you know (e.g., acquaintances,
     colleagues) when you realize today is the last day to pay one of your
     bills online.<o:p></o:p></span>"
10/31/2018 20:07,10/31/2018 20:12,0,172.88.17.192,100,297,1,10/31/2018 20:12,R_z8azusADMbN7Lnr,,,,,34.20069885,-118.5391006,anonymous,EN,"1,2,3,4,5,6",3,,2,,"1,2",,1,,3,,1,"1,2",,1,,3,2,,"1,2",,1,,1,,2,,2,,,,,,,,,,,,,,,,,,,,,,,,,,,,,,,,,,,,,,,,,,,,,,,,,,,,,,,,,,,,,,,,,,,,,,,,,,,,,,,,,,,,,,,,,,,,,,,,,,,,,,,,,,,,,,,,,,,,,,,,,,,,,,,,,,,,,,,,,,,,,,,,,,,,,,,,,,,,,,,,,,,,,,,,,,,,,,,,,,,,,,,,63463,"<span lang=""EN-GB"">Suppose
     you want to purchase something (e.g., book, household items) online when
     you are with your close friends at a park.<o:p></o:p></span>"
10/31/2018 20:13,10/31/2018 20:15,0,172.11.220.144,100,100,1,10/31/2018 20:15,R_3qe2dlC9Pm5xkq8,,,,,39.60620117,-84.16950226,anonymous,EN,"1,2,3,4,5,6",3,,1,,1,,1,,4,,2,2,,1,,1,2,,2,,4,,2,,2,,1,,,,,,,,,,,,,,,,,,,,,,,,,,,,,,,,,,,,,,,,,,,,,,,,,,,,,,,,,,,,,,,,,,,,,,,,,,,,,,,,,,,,,,,,,,,,,,,,,,,,,,,,,,,,,,,,,,,,,,,,,,,,,,,,,,,,,,,,,,,,,,,,,,,,,,,,,,,,,,,,,,,,,,,,,,,,,,,,,,,,,,,,87719,"<span lang=""EN-GB"">Suppose you are at a park with some people you know (e.g., acquaintances, colleagues) when you realize that you have to immediately pay one of your bills online.<o:p></o:p></span>"
10/31/2018 20:15,10/31/2018 20:16,0,73.160.155.33,100,92,1,10/31/2018 20:16,R_21Ff00NEoB8kpkO,,,,,39.75390625,-74.9960022,anonymous,EN,"1,2,6",2,,1,,1,,1,,2,,1,1,,2,,1,1,,1,,2,,2,,1,,1,,,,,,,,,,,,,,,,,,,,,,,,,,,,,,,,,,,,,,,,,,,,,,,,,,,,,,,,,,,,,,,,,,,,,,,,,,,,,,,,,,,,,,,,,,,,,,,,,,,,,,,,,,,,,,,,,,,,,,,,,,,,,,,,,,,,,,,,,,,,,,,,,,,,,,,,,,,,,,,,,,,,,,,,,,,,,,,,,,,,,,,,57760,"<span lang=""EN-GB"">Suppose you are at sitting in a park and you want to play a digital/online game&nbsp;</span>with some close friends."
10/31/2018 20:19,10/31/2018 20:20,0,104.200.37.139,100,44,1,10/31/2018 20:20,R_RCgicnYhmluRzSF,,,,,35.66650391,-97.4654007,anonymous,EN,1,,,,,,,,,,,,,,,,,,,,,,,,,,,,,,,,,,,,,,,,,,,,,,,,,,,,,,,,,,,,,,,,,,,,,,,,,,,,,,,,,,,,,,,,,,,,,,,,,,,,,,,,,,,,,,,,,,,,,,,,,,,,,,,,,,,,,,,,,,,,,,,,,,,,,,,,,,,,,,,,,,,,,,,,,,,,,,,,,,,,,,,,,,,,,,,,,,,,,,,,,,,,,,,,,,,15096,"<span lang=""EN-GB"">Suppose you want to watch some video when you are alone at your home.<strong><o:p></o:p></strong></span>"
10/31/2018 20:20,10/31/2018 20:20,0,104.200.37.139,100,23,1,10/31/2018 20:20,R_3HZa5ogV5r4Mg10,,,,,35.66650391,-97.4654007,anonymous,EN,2,,,,,,,,,,,,,,,,,,,,,,,,,,,,,,,,,,,,,,,,,,,,,,,,,,,,,,,,,,,,,,,,,,,,,,,,,,,,,,,,,,,,,,,,,,,,,,,,,,,,,,,,,,,,,,,,,,,,,,,,,,,,,,,,,,,,,,,,,,,,,,,,,,,,,,,,,,,,,,,,,,,,,,,,,,,,,,,,,,,,,,,,,,,,,,,,,,,,,,,,,,,,,,,,,,,16607,"<span lang=""EN-GB"">Suppose you want to a send a text message when you are surrounded with people you are close to (e.g., friends, family members) at your home.<strong><o:p></o:p></strong></span>"
10/31/2018 20:20,10/31/2018 20:21,0,104.200.37.139,100,23,1,10/31/2018 20:21,R_wY6vZgkbqZbypgt,,,,,35.66650391,-97.4654007,anonymous,EN,"3,5",,,,,,,,,,,,,,,,,,,,,,,,,,,,,,,,,,,,,,,,,,,,,,,,,,,,,,,,,,,,,,,,,,,,,,,,,,,,,,,,,,,,,,,,,,,,,,,,,,,,,,,,,,,,,,,,,,,,,,,,,,,,,,,,,,,,,,,,,,,,,,,,,,,,,,,,,,,,,,,,,,,,,,,,,,,,,,,,,,,,,,,,,,,,,,,,,,,,,,,,,,,,,,,,,,,59635,"<span lang=""EN-GB"">Suppose you are alone at home when you realize today is the last day to pay one of your bills online.<o:p></o:p></span>"
10/31/2018 20:20,10/31/2018 20:21,0,97.85.228.182,100,35,1,10/31/2018 20:21,R_3Ny5G1l0Xe5DApq,,,,,38.60910034,-90.55979919,anonymous,EN,2,,,,,,,,,,,,,,,,,,,,,,,,,,,,,,,,,,,,,,,,,,,,,,,,,,,,,,,,,,,,,,,,,,,,,,,,,,,,,,,,,,,,,,,,,,,,,,,,,,,,,,,,,,,,,,,,,,,,,,,,,,,,,,,,,,,,,,,,,,,,,,,,,,,,,,,,,,,,,,,,,,,,,,,,,,,,,,,,,,,,,,,,,,,,,,,,,,,,,,,,,,,,,,,,,,,83841,"<span lang=""EN-GB"" style=""font-size:11.0pt;line-height:115%;
font-family:&quot;Arial&quot;,sans-serif;mso-fareast-font-family:Arial;mso-ansi-language:
EN-GB;mso-fareast-language:EN-US;mso-bidi-language:AR-SA"">Suppose you want to check your social media when you are alone in a park.</span>"
10/31/2018 20:21,10/31/2018 20:22,0,104.200.37.139,100,69,1,10/31/2018 20:22,R_1F3ZxsYIUkx4hqy,,,,,35.66650391,-97.4654007,anonymous,EN,6,,,,,,,,,,,,,,,,,,,,,,,,,,,,,,,,,,,,,,,,,,,,,,,,,,,,,,,,,,,,,,,,,,,,,,,,,,,,,,,,,,,,,,,,,,,,,,,,,,,,,,,,,,,,,,,,,,,,,,,,,,,,,,,,,,,,,,,,,,,,,,,,,,,,,,,,,,,,,,,,,,,,,,,,,,,,,,,,,,,,,,,,,,,,,,,,,,,,,,,,,,,,,,,,,,,92155,"<span lang=""EN-GB"">Suppose
     you want to listen to some audio when you are at home with people you are
     close to (e.g., friends, family members).<strong><o:p></o:p></strong></span>"
10/31/2018 20:22,10/31/2018 20:22,0,173.49.254.51,100,7,1,10/31/2018 20:22,R_2w6u9mWVel57PP8,,,,,40.08459473,-75.77110291,anonymous,EN,2,,,,,,,,,,,,,,,,,,,,,,,,,,,,,,,,,,,,,,,,,,,,,,,,,,,,,,,,,,,,,,,,,,,,,,,,,,,,,,,,,,,,,,,,,,,,,,,,,,,,,,,,,,,,,,,,,,,,,,,,,,,,,,,,,,,,,,,,,,,,,,,,,,,,,,,,,,,,,,,,,,,,,,,,,,,,,,,,,,,,,,,,,,,,,,,,,,,,,,,,,,,,,,,,,,,77063,"Suppose
     you want to call your mother for sharing an important update about your
     life when you are surrounded by people you
     know (e.g., acquaintances, colleagues) at a restaurant.<o:p></o:p>"
10/31/2018 20:21,10/31/2018 20:25,0,97.85.228.182,100,251,1,10/31/2018 20:25,R_Xnd4RKGHaBZqkb7,,,,,38.60910034,-90.55979919,anonymous,EN,"1,2,4,5,6","1,5",,1,,1,,1,,1,,2,1,,2,,1,3,,2,,6,,"1,2",,1,,4,,,,,,,,,,,,,,,,,,,,,,,,,,,,,,,,,,,,,,,,,,,,,,,,,,,,,,,,,,,,,,,,,,,,,,,,,,,,,,,,,,,,,,,,,,,,,,,,,,,,,,,,,,,,,,,,,,,,,,,,,,,,,,,,,,,,,,,,,,,,,,,,,,,,,,,,,,,,,,,,,,,,,,,,,,,,,,,,,,,,,,,,18524,"<span lang=""EN-GB"">Suppose
     you want to a view a text message when you with people you know (e.g.,
     acquaintances, colleagues) at a street<strong>.</strong><o:p></o:p></span>"
10/31/2018 20:22,10/31/2018 20:26,0,173.49.254.51,100,215,1,10/31/2018 20:26,R_cXR6KOAVyyu6hMd,,,,,40.08459473,-75.77110291,anonymous,EN,"1,2,3,4,5,6","2,3",,1,,"1,2",,1,,"2,3",,"1,2",2,,"1,2",,"1,3","1,3,4",,2,,"1,2",,"1,2",,"1,2",,"1,2",,,,,,,,,,,,,,,,,,,,,,,,,,,,,,,,,,,,,,,,,,,,,,,,,,,,,,,,,,,,,,,,,,,,,,,,,,,,,,,,,,,,,,,,,,,,,,,,,,,,,,,,,,,,,,,,,,,,,,,,,,,,,,,,,,,,,,,,,,,,,,,,,,,,,,,,,,,,,,,,,,,,,,,,,,,,,,,,,,,,,,,,48022,"<span lang=""EN-GB"">Suppose
     you want to a send a text message when you are alone at home<strong><o:p></o:p></strong></span>"
10/31/2018 20:07,10/31/2018 20:28,0,67.44.209.83,100,1267,1,10/31/2018 20:28,R_2VPhdEMTQMF0xwg,,,,,37.75100708,-97.8219986,anonymous,EN,"1,2,4,5,6","1,2,4,5",,3,,3,,1,,1,,"2,3","1,2,3",,"1,2,3",,2,"1,2",,"1,3",,"2,3,4",,1,,"1,2,3",,"1,2",,,,,,,,,,,,,,,,,,,,,,,,,,,,,,,,,,,,,,,,,,,,,,,,,,,,,,,,,,,,,,,,,,,,,,,,,,,,,,,,,,,,,,,,,,,,,,,,,,,,,,,,,,,,,,,,,,,,,,,,,,,,,,,,,,,,,,,,,,,,,,,,,,,,,,,,,,,,,,,,,,,,,,,,,,,,,,,,,,,,,,,,75469,"<span lang=""EN-GB"" style=""font-size:11.0pt;line-height:115%;
font-family:&quot;Arial&quot;,sans-serif;mso-fareast-font-family:Arial;mso-ansi-language:
EN-GB;mso-fareast-language:EN-US;mso-bidi-language:AR-SA"">Suppose you want to a
send an email when you are alone at home</span>"
10/31/2018 20:29,10/31/2018 20:29,0,216.107.59.222,100,34,1,10/31/2018 20:29,R_1lrti1vyoV3ZMCL,,,,,37.75100708,-97.8219986,anonymous,EN,1,,,,,,,,,,,,,,,,,,,,,,,,,,,,,,,,,,,,,,,,,,,,,,,,,,,,,,,,,,,,,,,,,,,,,,,,,,,,,,,,,,,,,,,,,,,,,,,,,,,,,,,,,,,,,,,,,,,,,,,,,,,,,,,,,,,,,,,,,,,,,,,,,,,,,,,,,,,,,,,,,,,,,,,,,,,,,,,,,,,,,,,,,,,,,,,,,,,,,,,,,,,,,,,,,,,32211,"<span lang=""EN-GB"">Suppose
     you want to set up a reminder about something when you are with people you
     know (e.g., acquaintances, colleagues) at Starbucks.<o:p></o:p></span>"
10/31/2018 20:30,10/31/2018 20:32,0,216.107.59.222,100,146,1,10/31/2018 20:32,R_wRDhF59bGy0m05r,,,,,37.75100708,-97.8219986,anonymous,EN,2,,,,,,,,,,,,,,,,,,,,,,,,,,,,,,,,,,,,,,,,,,,,,,,,,,,,,,,,,,,,,,,,,,,,,,,,,,,,,,,,,,,,,,,,,,,,,,,,,,,,,,,,,,,,,,,,,,,,,,,,,,,,,,,,,,,,,,,,,,,,,,,,,,,,,,,,,,,,,,,,,,,,,,,,,,,,,,,,,,,,,,,,,,,,,,,,,,,,,,,,,,,,,,,,,,,70442,"<span lang=""EN-GB"">Suppose you have planned to meet a friend next week and you want to&nbsp;put this on your calendar </span><span lang=""EN-GB"">when</span><span lang=""EN-GB""> you are surrounded by people you know (e.g., acquaintances, colleagues) at your home.</span><span lang=""EN-GB""><o:p></o:p></span>"
10/31/2018 20:29,10/31/2018 20:33,0,172.56.37.248,100,209,1,10/31/2018 20:33,R_XTZYlOgg1ruo41j,,,,,40.72360229,-74.20149994,anonymous,EN,"1,2,3",2,,1,,"1,2",,1,,"1,3",,"2,3","2,3",,"2,3",,2,2,,2,,1,,1,,1,,2,,,,,,,,,,,,,,,,,,,,,,,,,,,,,,,,,,,,,,,,,,,,,,,,,,,,,,,,,,,,,,,,,,,,,,,,,,,,,,,,,,,,,,,,,,,,,,,,,,,,,,,,,,,,,,,,,,,,,,,,,,,,,,,,,,,,,,,,,,,,,,,,,,,,,,,,,,,,,,,,,,,,,,,,,,,,,,,,,,,,,,,,32839,"<span lang=""EN-GB"">Suppose you are on a short vacation and you want to take a picture in front&nbsp;</span>of an iconic monument when you are surrounded by many people."
10/31/2018 20:32,10/31/2018 20:35,0,174.20.145.164,100,212,1,10/31/2018 20:35,R_O7nMJZb8Yn30kA9,,,,,45.16810608,-93.25039673,anonymous,EN,"1,2,3,4,5",3,,1,,2,,1,,2,,2,1,,2,,2,2,,2,,2,,2,,1,,1,,2,,,,,,,,,,,,,,,,,,,,,,,,,,,,,,1,,2,,3,,1,,1,,1,1,,2,,1,,1,,1,,2,,1,,1,,2,,,,,,,,,,,,,,,,,,,,,,,,,,,,,,,,,,,,,,,,,,,,,,,,,,,,,,,,,,,,,,,,,,,,,,,,,,,,,,,,,,,,,,,,,,,,,,,,,,,,,,,,,,,,,,,,,,,,,,,,,,,,,17652,"<span lang=""EN-GB"">Suppose
     you want to call your mother for sharing an important update about your
     life when you are with a very close friend at a restaurant&nbsp;<o:p></o:p></span>"
10/31/2018 20:32,10/31/2018 20:37,0,216.107.59.222,100,291,1,10/31/2018 20:37,R_31T9LnhhTBC3U3s,,,,,37.75100708,-97.8219986,anonymous,EN,"1,2,3,4,5,6",2,,2,,3,,1,,4,,"2,3",2,,2,,3,2,,2,,2,,2,,1,,2,,,,,,,,,,,,,,,,,,,,,,,,,,,,,,,,,,,,,,,,,,,,,,,,,,,,,,,,,,,,,,,,,,,,,,,,,,,,,,,,,,,,,,,,,,,,,,,,,,,,,,,,,,,,,,,,,,,,,,,,,,,,,,,,,,,,,,,,,,,,,,,,,,,,,,,,,,,,,,,,,,,,,,,,,,,,,,,,,,,,,,,,74997,"<span lang=""EN-GB"">Suppose
     you want to listen to some audio when you are with your friends at
     Starbucks.<o:p></o:p></span>"
10/31/2018 20:38,10/31/2018 20:38,0,99.140.92.221,100,16,1,10/31/2018 20:38,R_3koIL2vTBBIvkDS,,,,,41.45350647,-81.92179871,anonymous,EN,"1,2",,,,,,,,,,,,,,,,,,,,,,,,,,,,,,,,,,,,,,,,,,,,,,,,,,,,,,,,,,,,,,,,,,,,,,,,,,,,,,,,,,,,,,,,,,,,,,,,,,,,,,,,,,,,,,,,,,,,,,,,,,,,,,,,,,,,,,,,,,,,,,,,,,,,,,,,,,,,,,,,,,,,,,,,,,,,,,,,,,,,,,,,,,,,,,,,,,,,,,,,,,,,,,,,,,,92958,"<span lang=""EN-GB"">Suppose you are at sitting at Starbucks and you want to play a digital/online&nbsp;</span>game with some close friends."
10/31/2018 20:49,10/31/2018 20:50,0,192.210.132.201,100,43,1,10/31/2018 20:50,R_22A1IG08NnXEOSb,,,,,41.10339355,-104.905899,anonymous,EN,3,,,,,,,,,,,,,,,,,,,,,,,,,,,,,,,,,,,,,,,,,,,,,,,,,,,,,,,,,,,,,,,,,,,,,,,,,,,,,,,,,,,,,,,,,,,,,,,,,,,,,,,,,,,,,,,,,,,,,,,,,,,,,,,,,,,,,,,,,,,,,,,,,,,,,,,,,,,,,,,,,,,,,,,,,,,,,,,,,,,,,,,,,,,,,,,,,,,,,,,,,,,,,,,,,,,40916,"<span lang=""EN-GB"">Suppose you want to browse the internet when you are with your close friends at a park.<o:p></o:p></span>"
10/31/2018 20:54,10/31/2018 21:03,0,65.130.217.166,100,533,1,10/31/2018 21:03,R_2zATUku8d8lfOHH,,,,,40.73719788,-111.8581009,anonymous,EN,"1,2,4","1,2,3,5",,"1,2",,"1,2",,1,,"3,4",,1,"1,2",,2,,3,"1,3",,"1,2",,"3,6",,2,,5,,"1,2",,,,,,,,,,,,,,,,,,,,,,,,,,,,,,,,,,,,,,,,,,,,,,,,,,,,,,,,,,,,,,,,,,,,,,,,,,,,,,,,,,,,,,,,,,,,,,,,,,,,,,,,,,,,,,,,,,,,,,,,,,,,,,,,,,,,,,,,,,,,,,,,,,,,,,,,,,,,,,,,,,,,,,,,,,,,,,,,,,,,,,,,16728,"<span lang=""EN-GB"">Suppose you want to watch some video when you are alone at your home.<strong><o:p></o:p></strong></span>"
10/30/2018 11:39,10/31/2018 21:05,0,104.227.86.168,100,120338,1,10/31/2018 21:05,R_1Ng3ckn2A4m9lQG,,,,,34.1072998,-118.2266006,anonymous,EN,"1,2,3,4,5,6","1,2,3,4,5",,"1,2,3",,"1,2,3,4",,1,,"1,2,3,4",,"1,2,3","1,2,3",,"1,2,3",,"1,2,3","1,2,3,4",,"1,2,3",,"1,2,3,4",,"1,2,3",,"1,2,3",,"1,2",,"1,2,3,4,5,6","1,2,3,4,5",,"1,2,3",,"1,2,3,4",,1,,"1,2,3,4",,"1,2,3","1,2,3",,"1,2,3",,"1,2,3",,"1,2,3,4",,"1,2,3,4,6",,"1,2,3",,"1,2,3,6",,"1,2,3",,"1,2",,"1,2,3,4,5",,"1,2,3",,"1,2,3,4",,1,,"1,2,3,4",,"1,2,3","1,2,3",,"1,2,3",,"1,2,3",,"1,2,3,4",,"1,2,3,4,6",,"1,2,3",,"1,2,3,4",,"1,2,3",,"1,2",,"1,2,3,4,5",,"1,2,3",,"1,2,3,4",,1,,"1,2,3,4",,"1,2,3","1,2,3",,"1,2,3",,"1,2,3",,"1,2,3,4",,"1,2,3,4",,"1,2,3",,"1,2,3,4",,"1,2,3",,"1,2",,"1,2,3,4,5",,"1,2,3",,"1,2,3,4",,1,,"1,2,3,4",,"1,2,3","1,2,3",,"1,2,3",,"1,2,3",,"1,2,3,4",,"1,2,3,4",,"1,2,3",,"1,2,3,4",,"1,2,3",,"1,2",,"1,2,3,4,5",,"1,2,3",,"1,2,3,4",,1,,"1,2,3,4",,"1,2,3","1,2,3",,"1,2,3",,"1,2,3",,"1,2,3,4",,"1,2,3,4,6",,"1,2,3",,"1,2,3,4",,"1,2,3",,"1,2",,"1,2,3,4,5",,"1,2,3",,"1,2,3,4",,1,,"1,2,3,4",,"1,2,3","1,2,3",,"1,2,3",,"1,2,3",,"1,2,3,4",,"5,6",Timer,"1,2,3",,"1,2,3,4",,"1,2,3",,"1,2",,,,,,,,,1875,"<span lang=""EN-GB"">Suppose you are on a short vacation and you want to take a picture in front&nbsp;</span>of an iconic monument when you are surrounded by many people."
10/31/2018 21:07,10/31/2018 21:14,0,162.231.124.10,100,441,1,10/31/2018 21:14,R_1F4flXt06HZmzVt,,,,,33.93429565,-84.60759735,anonymous,EN,"1,2,4",1,,3,,1,,1,,1,,4,5,,2,,3,3,,2,,3,,2,,1,,4,,,,,,,,,,,,,,,,,,,,,,,,,,,,,,,,,,,,,,,,,,,,,,,,,,,,,,,,,,,,,,,,,,,,,,,,,,,,,,,,,,,,,,,,,,,,,,,,,,,,,,,,,,,,,,,,,,,,,,,,,,,,,,,,,,,,,,,,,,,,,,,,,,,,,,,,,,,,,,,,,,,,,,,,,,,,,,,,,,,,,,,,85863,"<span lang=""EN-GB"" style=""font-size:11.0pt;line-height:115%;
font-family:&quot;Arial&quot;,sans-serif;mso-fareast-font-family:Arial;mso-ansi-language:
EN-GB;mso-fareast-language:EN-US;mso-bidi-language:AR-SA"">Suppose you want to a
view a text message when you are alone at home</span>"
10/31/2018 21:14,10/31/2018 21:16,0,27.34.109.32,100,86,1,10/31/2018 21:16,R_2dL0xAa8AYrRB7a,,,,,27.71670532,85.31671143,anonymous,EN,"1,2,3","1,2,3",,"1,2",,1,,1,,"1,2,3",,"1,2","1,2",,"1,2",,"2,3","1,2",,1,,"1,2",,"1,2",,"1,2,3",,"1,2",,,,,,,,,,,,,,,,,,,,,,,,,,,,,,,,,,,,,,,,,,,,,,,,,,,,,,,,,,,,,,,,,,,,,,,,,,,,,,,,,,,,,,,,,,,,,,,,,,,,,,,,,,,,,,,,,,,,,,,,,,,,,,,,,,,,,,,,,,,,,,,,,,,,,,,,,,,,,,,,,,,,,,,,,,,,,,,,,,,,,,,,54701,"<span lang=""EN-GB"">Suppose
     you want to set up a reminder when you are with people you know (e.g.,
     acquaintances, colleagues) at your home.<o:p></o:p></span>"
10/31/2018 21:15,10/31/2018 21:16,0,172.58.143.100,100,27,1,10/31/2018 21:16,R_sUmrqRM19kOLjln,,,,,41.94630432,-87.80609894,anonymous,EN,"2,3",,,,,,,,,,,,,,,,,,,,,,,,,,,,,,,,,,,,,,,,,,,,,,,,,,,,,,,,,,,,,,,,,,,,,,,,,,,,,,,,,,,,,,,,,,,,,,,,,,,,,,,,,,,,,,,,,,,,,,,,,,,,,,,,,,,,,,,,,,,,,,,,,,,,,,,,,,,,,,,,,,,,,,,,,,,,,,,,,,,,,,,,,,,,,,,,,,,,,,,,,,,,,,,,,,,43484,"<span lang=""EN-GB"">Suppose
     you want to listen to some audio when you are at home with people you are
     close to (e.g., friends, family members).<strong><o:p></o:p></strong></span>"
10/31/2018 21:13,10/31/2018 21:16,0,64.130.184.152,100,180,1,10/31/2018 21:16,R_2fBhdpEqc0UcrWm,,,,,36.98820496,-85.92209625,anonymous,EN,"1,2,3,4,5,6","1,2",,3,,4,,1,,4,,2,3,,3,,2,4,,"2,3",,6,,2,,"1,3",,2,,,,,,,,,,,,,,,,,,,,,,,,,,,,,,,,,,,,,,,,,,,,,,,,,,,,,,,,,,,,,,,,,,,,,,,,,,,,,,,,,,,,,,,,,,,,,,,,,,,,,,,,,,,,,,,,,,,,,,,,,,,,,,,,,,,,,,,,,,,,,,,,,,,,,,,,,,,,,,,,,,,,,,,,,,,,,,,,,,,,,,,,33905,"<span lang=""EN-GB"">Suppose
     you want to watch some video when you are with your close friends in a
     park.<o:p></o:p></span>"
10/31/2018 21:20,10/31/2018 21:20,0,23.90.51.148,100,37,1,10/31/2018 21:20,R_3KITmWNcJ2km412,,,,,36.12339783,-115.1428986,anonymous,EN,1,,,,,,,,,,,,,,,,,,,,,,,,,,,,,,,,,,,,,,,,,,,,,,,,,,,,,,,,,,,,,,,,,,,,,,,,,,,,,,,,,,,,,,,,,,,,,,,,,,,,,,,,,,,,,,,,,,,,,,,,,,,,,,,,,,,,,,,,,,,,,,,,,,,,,,,,,,,,,,,,,,,,,,,,,,,,,,,,,,,,,,,,,,,,,,,,,,,,,,,,,,,,,,,,,,,34752,"<span lang=""EN-GB"">Suppose
     you want to a send an email when you are surrounded by people you know
     (e.g., acquaintances, colleagues) at a restaurant.<o:p></o:p></span>"
10/31/2018 21:20,10/31/2018 21:22,0,108.197.126.101,100,154,1,10/31/2018 21:22,R_1jPsy914hQ7tNuc,,,,,35.38659668,-119.0171051,anonymous,EN,"1,2,3,6","2,4,5",,5,,6,,1,,6,,4,5,,5,,4,6,,5,,7,,5,,1,,4,,2,,,,,,,,,,,,,,,,,,,,,,,,,,,,,,"2,5",,5,,6,,1,,6,,4,5,,5,,5,,6,,7,,5,,7,,1,,4,,,,,,,,,,,,,,,,,,,,,,,,,,,,,,,,,,,,,,,,,,,,,,,,,,,,,,,,,,,,,,,,,,,,,,,,,,,,,,,,,,,,,,,,,,,,,,,,,,,,,,,,,,,,,,,,,,,,,,male,26,art,4,2,,1,84788,"<span lang=""EN-GB"">Suppose you want to browse the internet when you are at home with people you know (e.g., acquaintances, colleagues).<o:p></o:p></span>"
10/31/2018 21:23,10/31/2018 21:24,0,65.34.128.117,100,28,1,10/31/2018 21:24,R_1E9Zl3hS2MolZW4,,,,,25.59599304,-80.50700378,anonymous,EN,1,,,,,,,,,,,,,,,,,,,,,,,,,,,,,,,,,,,,,,,,,,,,,,,,,,,,,,,,,,,,,,,,,,,,,,,,,,,,,,,,,,,,,,,,,,,,,,,,,,,,,,,,,,,,,,,,,,,,,,,,,,,,,,,,,,,,,,,,,,,,,,,,,,,,,,,,,,,,,,,,,,,,,,,,,,,,,,,,,,,,,,,,,,,,,,,,,,,,,,,,,,,,,,,,,,,78186,"<span lang=""EN-GB"">Suppose you want to browse the internet when you are with your close friends at a park.<o:p></o:p></span>"
10/31/2018 21:21,10/31/2018 21:34,0,173.114.255.118,100,782,1,10/31/2018 21:34,R_3Hnbu7MlkSHeRYx,,,,,32.71530151,-117.1573029,anonymous,EN,"1,2,3,4,6","1,2,3,4,5",,"1,2,3",,"1,2,3,4",,1,,1,,3,"1,2,3",,"1,2,3",,3,"1,2,3,4",,2,,"1,2,4",,"1,2",,"1,2,3",,"1,2",,,,,,,,,,,,,,,,,,,,,,,,,,,,,,,,,,,,,,,,,,,,,,,,,,,,,,,,,,,,,,,,,,,,,,,,,,,,,,,,,,,,,,,,,,,,,,,,,,,,,,,,,,,,,,,,,,,,,,,,,,,,,,,,,,,,,,,,,,,,,,,,,,,,,,,,,,,,,,,,,,,,,,,,,,,,,,,,,,,,,,,,91292,"<span lang=""EN-GB"">Suppose
     you want to read a digital document) when you are at home with people you
     know (e.g., acquaintances, colleagues).<o:p></o:p></span>"
10/31/2018 21:33,10/31/2018 21:34,0,75.44.90.111,100,86,1,10/31/2018 21:34,R_2f2NrJVRWzqnBlh,,,,,41.47140503,-81.58390045,anonymous,EN,"1,2,3,4","1,2,3,4,5",,"1,2,3",,"1,2,3,4",,1,,"1,2,3,4",,"1,2,3","1,2,3",,"1,2,3",,"1,2,3","1,2,3,4",,"1,2",,"1,2,4",,"1,2,3",,"1,2,3",,2,,,,,,,,,,,,,,,,,,,,,,,,,,,,,,,,,,,,,,,,,,,,,,,,,,,,,,,,,,,,,,,,,,,,,,,,,,,,,,,,,,,,,,,,,,,,,,,,,,,,,,,,,,,,,,,,,,,,,,,,,,,,,,,,,,,,,,,,,,,,,,,,,,,,,,,,,,,,,,,,,,,,,,,,,,,,,,,,,,,,,,,,97199,"<span lang=""EN-GB"">Suppose
     you want to find a route to home when you are at Starbucks with people you
     know (e.g., acquaintances, colleagues).<o:p></o:p></span>"
10/31/2018 21:34,10/31/2018 21:34,0,23.90.51.148,100,16,1,10/31/2018 21:34,R_ekPO8h8OQpFVDWh,,,,,36.12339783,-115.1428986,anonymous,EN,1,,,,,,,,,,,,,,,,,,,,,,,,,,,,,,,,,,,,,,,,,,,,,,,,,,,,,,,,,,,,,,,,,,,,,,,,,,,,,,,,,,,,,,,,,,,,,,,,,,,,,,,,,,,,,,,,,,,,,,,,,,,,,,,,,,,,,,,,,,,,,,,,,,,,,,,,,,,,,,,,,,,,,,,,,,,,,,,,,,,,,,,,,,,,,,,,,,,,,,,,,,,,,,,,,,,99749,"<span lang=""EN-GB"">Suppose you are at home with people you are close to (e.g., friends, family members) when you realize today is the last day to pay one of your bills online.<o:p></o:p></span>"
10/31/2018 21:35,10/31/2018 21:36,0,71.207.8.22,100,32,1,10/31/2018 21:36,R_2zkn8q86Ex69iqy,,,,,40.79249573,-77.85230255,anonymous,EN,3,,,,,,,,,,,,,,,,,,,,,,,,,,,,,,,,,,,,,,,,,,,,,,,,,,,,,,,,,,,,,,,,,,,,,,,,,,,,,,,,,,,,,,,,,,,,,,,,,,,,,,,,,,,,,,,,,,,,,,,,,,,,,,,,,,,,,,,,,,,,,,,,,,,,,,,,,,,,,,,,,,,,,,,,,,,,,,,,,,,,,,,,,,,,,,,,,,,,,,,,,,,,,,,,,,,23381,"<span lang=""EN-GB"">Suppose you want to browse through one of your social media profiles when you&nbsp;</span>are at your home."
10/31/2018 21:37,10/31/2018 21:38,0,107.170.145.187,100,60,1,10/31/2018 21:38,R_1n7njva7yUICOkj,,,,,40.73080444,-73.99749756,anonymous,EN,"1,2,3,4,5,6",1,,2,,2,,1,,1,,2,2,,2,,1,"1,2,3",,1,,2,,1,,1,,1,,,,,,,,,,,,,,,,,,,,,,,,,,,,,,,,,,,,,,,,,,,,,,,,,,,,,,,,,,,,,,,,,,,,,,,,,,,,,,,,,,,,,,,,,,,,,,,,,,,,,,,,,,,,,,,,,,,,,,,,,,,,,,,,,,,,,,,,,,,,,,,,,,,,,,,,,,,,,,,,,,,,,,,,,,,,,,,,,,,,,,,,1607,"<span lang=""EN-GB"">Suppose
     you want to a view a text message
     when you are walking with a very close friend on a street<o:p></o:p></span>"
10/31/2018 21:38,10/31/2018 21:39,0,174.194.21.77,100,56,1,10/31/2018 21:39,R_29abZhq3mN5QWTT,,,,,35.40109253,-80.86949921,anonymous,EN,"1,2,4,5,6","2,3",,"2,3",,"2,3",,1,,1,,"1,3",3,,"1,3",,4,1,,1,,2,,"2,3",,2,,1,,,,,,,,,,,,,,,,,,,,,,,,,,,,,,,,,,,,,,,,,,,,,,,,,,,,,,,,,,,,,,,,,,,,,,,,,,,,,,,,,,,,,,,,,,,,,,,,,,,,,,,,,,,,,,,,,,,,,,,,,,,,,,,,,,,,,,,,,,,,,,,,,,,,,,,,,,,,,,,,,,,,,,,,,,,,,,,,,,,,,,,,10748,"<span lang=""EN-GB"" style=""font-size:11.0pt;line-height:115%;
font-family:&quot;Arial&quot;,sans-serif;mso-fareast-font-family:Arial;mso-ansi-language:
EN-GB;mso-fareast-language:EN-US;mso-bidi-language:AR-SA"">Suppose you want to
read a digital document when you are at Starbucks surrounded with your close
friends.</span>"
10/31/2018 21:53,10/31/2018 21:54,0,71.208.41.48,100,65,1,10/31/2018 21:54,R_3KoPVnLU0Z0PBDq,,,,,26.63879395,-81.69920349,anonymous,EN,"1,2",,,,,,,,,,,,,,,,,,,,,,,,,,,,,,,,,,,,,,,,,,,,,,,,,,,,,,,,,,,,,,,,,,,,,,,,,,,,,,,,,,,,,,,,,,,,,,,,,,,,,,,,,,,,,,,,,,,,,,,,,,,,,,,,,,,,,,,,,,,,,,,,,,,,,,,,,,,,,,,,,,,,,,,,,,,,,,,,,,,,,,,,,,,,,,,,,,,,,,,,,,,,,,,,,,,11942,"<span lang=""EN-GB"">Suppose
     you want to watch some video when you are with people you know (e.g.,
     acquaintances, colleagues) at your home.<o:p></o:p></span>"
10/31/2018 21:56,10/31/2018 21:56,0,137.198.208.75,100,16,1,10/31/2018 21:56,R_NWRMrZBAJcS0QuJ,,,,,37.02990723,-76.34519958,anonymous,EN,"2,3",,,,,,,,,,,,,,,,,,,,,,,,,,,,,,,,,,,,,,,,,,,,,,,,,,,,,,,,,,,,,,,,,,,,,,,,,,,,,,,,,,,,,,,,,,,,,,,,,,,,,,,,,,,,,,,,,,,,,,,,,,,,,,,,,,,,,,,,,,,,,,,,,,,,,,,,,,,,,,,,,,,,,,,,,,,,,,,,,,,,,,,,,,,,,,,,,,,,,,,,,,,,,,,,,,,11561,"<span lang=""EN-GB"">Suppose you want to read a digital document when you are in a park surrounded by your close friends.<o:p></o:p></span>"
10/31/2018 22:06,10/31/2018 22:06,0,75.97.228.18,100,24,1,10/31/2018 22:06,R_3dHafS7VNqf91OA,,,,,40.89990234,-75.47599792,anonymous,EN,"1,3",,,,,,,,,,,,,,,,,,,,,,,,,,,,,,,,,,,,,,,,,,,,,,,,,,,,,,,,,,,,,,,,,,,,,,,,,,,,,,,,,,,,,,,,,,,,,,,,,,,,,,,,,,,,,,,,,,,,,,,,,,,,,,,,,,,,,,,,,,,,,,,,,,,,,,,,,,,,,,,,,,,,,,,,,,,,,,,,,,,,,,,,,,,,,,,,,,,,,,,,,,,,,,,,,,,76464,"<span lang=""EN-GB"">Suppose you are at sitting in a park and you want to play a digital/online game&nbsp;</span>with some close friends."
10/31/2018 22:06,10/31/2018 22:07,0,23.89.222.120,100,14,1,10/31/2018 22:07,R_1dH2LNUO1W7Vs8y,,,,,45.52340698,-122.6762009,anonymous,EN,3,,,,,,,,,,,,,,,,,,,,,,,,,,,,,,,,,,,,,,,,,,,,,,,,,,,,,,,,,,,,,,,,,,,,,,,,,,,,,,,,,,,,,,,,,,,,,,,,,,,,,,,,,,,,,,,,,,,,,,,,,,,,,,,,,,,,,,,,,,,,,,,,,,,,,,,,,,,,,,,,,,,,,,,,,,,,,,,,,,,,,,,,,,,,,,,,,,,,,,,,,,,,,,,,,,,96286,"<span lang=""EN-GB"">Suppose
     you want to a send a text message when you with people you know (e.g., acquaintances,
     colleagues) at a street<strong>.</strong><o:p></o:p></span>"
10/31/2018 22:07,10/31/2018 22:07,0,23.89.222.120,100,25,1,10/31/2018 22:07,R_1DTELOhus5XOEZj,,,,,45.52340698,-122.6762009,anonymous,EN,2,,,,,,,,,,,,,,,,,,,,,,,,,,,,,,,,,,,,,,,,,,,,,,,,,,,,,,,,,,,,,,,,,,,,,,,,,,,,,,,,,,,,,,,,,,,,,,,,,,,,,,,,,,,,,,,,,,,,,,,,,,,,,,,,,,,,,,,,,,,,,,,,,,,,,,,,,,,,,,,,,,,,,,,,,,,,,,,,,,,,,,,,,,,,,,,,,,,,,,,,,,,,,,,,,,,47713,"<span lang=""EN-GB"">Suppose
     you want to call your mother for sharing an important update about your
     life&nbsp; when you are alone at a park<o:p></o:p></span>"
10/31/2018 22:07,10/31/2018 22:08,0,23.89.222.120,100,25,1,10/31/2018 22:08,R_x33zw8AquACXDC9,,,,,45.52340698,-122.6762009,anonymous,EN,1,,,,,,,,,,,,,,,,,,,,,,,,,,,,,,,,,,,,,,,,,,,,,,,,,,,,,,,,,,,,,,,,,,,,,,,,,,,,,,,,,,,,,,,,,,,,,,,,,,,,,,,,,,,,,,,,,,,,,,,,,,,,,,,,,,,,,,,,,,,,,,,,,,,,,,,,,,,,,,,,,,,,,,,,,,,,,,,,,,,,,,,,,,,,,,,,,,,,,,,,,,,,,,,,,,,81012,"<span lang=""EN-GB"" style=""font-size:11.0pt;line-height:115%;
font-family:&quot;Arial&quot;,sans-serif;mso-fareast-font-family:Arial;mso-ansi-language:
EN-GB;mso-fareast-language:EN-US;mso-bidi-language:AR-SA"">Suppose you want to
find a route to a coffee shop when you are alone at home.</span>"
10/31/2018 22:08,10/31/2018 22:09,0,23.89.222.120,100,18,1,10/31/2018 22:09,R_3FXpb8KYi3Xdbtk,,,,,45.52340698,-122.6762009,anonymous,EN,4,,,,,,,,,,,,,,,,,,,,,,,,,,,,,,,,,,,,,,,,,,,,,,,,,,,,,,,,,,,,,,,,,,,,,,,,,,,,,,,,,,,,,,,,,,,,,,,,,,,,,,,,,,,,,,,,,,,,,,,,,,,,,,,,,,,,,,,,,,,,,,,,,,,,,,,,,,,,,,,,,,,,,,,,,,,,,,,,,,,,,,,,,,,,,,,,,,,,,,,,,,,,,,,,,,,34973,"<span lang=""EN-GB"">Suppose you want to find a route to home while walking on a street with your close friends.<o:p></o:p></span>"
10/31/2018 22:08,10/31/2018 22:09,0,23.89.222.120,100,22,1,10/31/2018 22:09,R_3pmrVmJEuvvodTm,,,,,45.52340698,-122.6762009,anonymous,EN,6,,,,,,,,,,,,,,,,,,,,,,,,,,,,,,,,,,,,,,,,,,,,,,,,,,,,,,,,,,,,,,,,,,,,,,,,,,,,,,,,,,,,,,,,,,,,,,,,,,,,,,,,,,,,,,,,,,,,,,,,,,,,,,,,,,,,,,,,,,,,,,,,,,,,,,,,,,,,,,,,,,,,,,,,,,,,,,,,,,,,,,,,,,,,,,,,,,,,,,,,,,,,,,,,,,,15020,"<span lang=""EN-GB"">Suppose
     you want&nbsp; to a send a text message
     when you are walking with a very close friend on a street<o:p></o:p></span>"
10/31/2018 22:08,10/31/2018 22:09,0,23.89.222.120,100,40,1,10/31/2018 22:09,R_3dEUV13IBn3oZle,,,,,45.52340698,-122.6762009,anonymous,EN,5,,,,,,,,,,,,,,,,,,,,,,,,,,,,,,,,,,,,,,,,,,,,,,,,,,,,,,,,,,,,,,,,,,,,,,,,,,,,,,,,,,,,,,,,,,,,,,,,,,,,,,,,,,,,,,,,,,,,,,,,,,,,,,,,,,,,,,,,,,,,,,,,,,,,,,,,,,,,,,,,,,,,,,,,,,,,,,,,,,,,,,,,,,,,,,,,,,,,,,,,,,,,,,,,,,,92276,"Suppose you want to purchase something (e.g., book,
     household items) online when you are with people
     you know (e.g., acquaintances, colleagues) at
     Starbucks.<o:p></o:p>"
10/31/2018 22:09,10/31/2018 22:11,0,23.89.222.120,100,114,1,10/31/2018 22:11,R_2VDSNoaWo2BGSXM,,,,,45.52340698,-122.6762009,anonymous,EN,"1,2,4,5,6","1,2,3",,1,,"2,3",,1,,4,,2,"1,3",,"1,2",,1,"2,3",,"1,2",,"1,2",,"1,2",,"2,3",,1,,,,,,,,,,,,,,,,,,,,,,,,,,,,,,,,,,,,,,,,,,,,,,,,,,,,,,,,,,,,,,,,,,,,,,,,,,,,,,,,,,,,,,,,,,,,,,,,,,,,,,,,,,,,,,,,,,,,,,,,,,,,,,,,,,,,,,,,,,,,,,,,,,,,,,,,,,,,,,,,,,,,,,,,,,,,,,,,,,,,,,,,52452,"<span lang=""EN-GB"">Suppose you have planned to meet a friend next week and you want to put this on your calendar when you are surrounded by people you know (e.g., acquaintances, colleagues) at a restaurant.<o:p></o:p></span>"
10/31/2018 22:17,10/31/2018 22:17,0,131.191.40.107,100,21,1,10/31/2018 22:17,R_3iOR8r4GHYPyTge,,,,,47.26319885,-122.4992981,anonymous,EN,"1,2",,,,,,,,,,,,,,,,,,,,,,,,,,,,,,,,,,,,,,,,,,,,,,,,,,,,,,,,,,,,,,,,,,,,,,,,,,,,,,,,,,,,,,,,,,,,,,,,,,,,,,,,,,,,,,,,,,,,,,,,,,,,,,,,,,,,,,,,,,,,,,,,,,,,,,,,,,,,,,,,,,,,,,,,,,,,,,,,,,,,,,,,,,,,,,,,,,,,,,,,,,,,,,,,,,,11282,"<span lang=""EN-GB"">Suppose
     you want to find a route to home when you are at Starbucks with your close
     friends.<o:p></o:p></span>"
10/31/2018 22:19,10/31/2018 22:20,0,104.200.37.120,100,67,1,10/31/2018 22:20,R_2Y9XniPJdD28IuZ,,,,,35.66650391,-97.4654007,anonymous,EN,3,,,,,,,,,,,,,,,,,,,,,,,,,,,,,,,,,,,,,,,,,,,,,,,,,,,,,,,,,,,,,,,,,,,,,,,,,,,,,,,,,,,,,,,,,,,,,,,,,,,,,,,,,,,,,,,,,,,,,,,,,,,,,,,,,,,,,,,,,,,,,,,,,,,,,,,,,,,,,,,,,,,,,,,,,,,,,,,,,,,,,,,,,,,,,,,,,,,,,,,,,,,,,,,,,,,31448,"<span lang=""EN-GB"">Suppose
     you want to read a digital document when you are at Starbucks.<o:p></o:p></span>"
10/31/2018 22:20,10/31/2018 22:30,0,75.113.101.60,100,602,1,10/31/2018 22:30,R_0c7uBH8fSQrakSt,,,,,35.13220215,-118.4490051,anonymous,EN,"1,3,4",7,,1,,6,,3,,"2,3",,4,5,,5,,4,"1,2",,5,,"1,2",,5,,2,,1,,4,,,,,,,,,,,,,,,,,,,,,,,,,,,,,,,,,,,,,,,,,,,,,,,,,,,,,,,,,,,,,,,,,,,,,,,,,,,,,,,,,,,,,,,,1,,2,,3,,1,,1,,2,1,,1,,2,,2,,2,,2,,3,,1,,2,,,,,,,,,,,,,,,,,,,,,,,,,,,,,,,,,,,,,,,,,,,,,,,,,,,,,,,,,,,,,,,,,,,50092,"<span lang=""EN-GB"">Suppose you want to watch some video when you are alone in a park.<o:p></o:p></span>"
10/31/2018 22:29,10/31/2018 22:30,0,68.7.45.60,100,49,1,10/31/2018 22:30,R_2b2inKo9eLKq6VJ,,,,,32.69700623,-117.1152954,anonymous,EN,2,,,,,,,,,,,,,,,,,,,,,,,,,,,,,,,,,,,,,,,,,,,,,,,,,,,,,,,,,,,,,,,,,,,,,,,,,,,,,,,,,,,,,,,,,,,,,,,,,,,,,,,,,,,,,,,,,,,,,,,,,,,,,,,,,,,,,,,,,,,,,,,,,,,,,,,,,,,,,,,,,,,,,,,,,,,,,,,,,,,,,,,,,,,,,,,,,,,,,,,,,,,,,,,,,,,80597,"<span lang=""EN-GB"">Suppose
     you want to a send an email when you are walking on a street with people
     you know (e.g., acquaintances, colleagues)<strong>.</strong><o:p></o:p></span>"
10/31/2018 22:32,10/31/2018 22:32,0,64.53.247.220,100,10,1,10/31/2018 22:32,R_1LGws4SAxBQa4ZM,,,,,42.0144043,-88.09349823,anonymous,EN,1,,,,,,,,,,,,,,,,,,,,,,,,,,,,,,,,,,,,,,,,,,,,,,,,,,,,,,,,,,,,,,,,,,,,,,,,,,,,,,,,,,,,,,,,,,,,,,,,,,,,,,,,,,,,,,,,,,,,,,,,,,,,,,,,,,,,,,,,,,,,,,,,,,,,,,,,,,,,,,,,,,,,,,,,,,,,,,,,,,,,,,,,,,,,,,,,,,,,,,,,,,,,,,,,,,,60810,"<span lang=""EN-GB"">Suppose
     you want to a send an email when you are surrounded by people you know
     (e.g., acquaintances, colleagues) your home.<o:p></o:p></span>"
10/31/2018 22:35,10/31/2018 22:35,0,107.140.26.187,100,12,1,10/31/2018 22:35,R_3OiaRmF3b5di07R,,,,,33.29200745,-96.98789978,anonymous,EN,2,,,,,,,,,,,,,,,,,,,,,,,,,,,,,,,,,,,,,,,,,,,,,,,,,,,,,,,,,,,,,,,,,,,,,,,,,,,,,,,,,,,,,,,,,,,,,,,,,,,,,,,,,,,,,,,,,,,,,,,,,,,,,,,,,,,,,,,,,,,,,,,,,,,,,,,,,,,,,,,,,,,,,,,,,,,,,,,,,,,,,,,,,,,,,,,,,,,,,,,,,,,,,,,,,,,61523,"<span lang=""EN-GB"">Suppose you want to take a click a photo when you with </span><span lang=""EN-GB"">some people you know (e.g.,
     acquaintances, colleagues)</span><span lang=""EN-GB""> at home<o:p></o:p></span>"
10/31/2018 22:32,10/31/2018 22:37,0,64.53.247.220,100,247,1,10/31/2018 22:37,R_2CrhvKgJqtnkCGS,,,,,42.0144043,-88.09349823,anonymous,EN,"1,2,3,6","1,2,3,4,5",,"1,3",,"1,2,3,4",,3,,"1,2,3,4",,"1,2,3","1,2",,"1,2,3",,"1,2,3","1,2,3",,"1,2,3",,"2,3,4",,"1,2,3",,"1,2",,4,,1,"1,2,3,4,5",,"1,2,3",,"2,3",,3,,"1,3,4",,"1,2,3","1,2",,"1,2,3",,"1,2,3",,"1,2,3,4",,"1,2,3,4",,"1,2,3",,"1,3,4",,"1,2,3",,4,,,,,,,,,,,,,,,,,,,,,,,,,,,,,,,,,,,,,,,,,,,,,,,,,,,,,,,,,,,,,,,,,,,,,,,,,,,,,,,,,,,,,,,,,,,,,,,,,,,,,,,,,,,,,,,,,,,,,,,,,,,,,,,,,,,,,,,,,,,,,,,,,,,,,,,,,,1348,"<span lang=""EN-GB"">Suppose you have planned to meet a friend next week and you want to put this on your calendar when you are with a very close friend at a park.&nbsp;<o:p></o:p></span>"
10/26/2018 22:09,10/31/2018 22:43,0,23.249.187.141,100,434051,1,10/31/2018 22:43,R_2QojVv9jNTBOLlb,,,,,37.75100708,-97.8219986,anonymous,EN,"1,2,3,4,5,6",7,,5,,6,,3,,6,,4,5,,5,,4,6,,5,,7,,5,,5,,4,,"1,2,3,4,5,6","2,3",,"1,2",,"2,3,4",,1,,"1,3",,"1,2","1,2",,"2,3",,"1,2,3",,"2,3,4",,"1,2,4",,"1,2",,"1,2,3",,"2,3",,"1,2",,"1,2,4",,"1,2,3",,"1,2,4",,1,,"1,3",,"1,3","1,2",,"1,3",,"1,2",,"1,2,3",,"1,2,3",,"1,3",,"1,3",,"1,2,3",,"1,2",,"2,3",,"2,3",,"2,3",,3,,"1,3",,3,2,,"1,2",,1,,3,,1,,"1,2",,"2,3",,2,,2,,7,,5,,6,,3,,6,,4,5,,5,,5,,6,,7,,5,,7,,5,,4,,3,,2,,2,,1,,"2,3,4",,3,1,,2,,"2,3",,3,,"2,4",,"2,3",,"2,3",,1,,"1,2",,"1,2,3",,"1,2,3",,"1,2,3",,3,,"2,3,4",,"1,2,3","1,2,3",,"1,3",,"1,3",,"2,3,4",,"1,2,3",,"1,2,3",,"2,3,4",,"2,3",,"1,2",,,,,,,,,18061,"<span lang=""EN-GB"">Suppose
     you want to a send a text message when you are with a very close friend at
     a restaurant&nbsp;<o:p></o:p></span>"
10/31/2018 22:43,10/31/2018 22:43,0,23.249.187.141,100,9,1,10/31/2018 22:43,R_1FaIWWi5L5Ew2Ah,,,,,37.75100708,-97.8219986,anonymous,EN,1,,,,,,,,,,,,,,,,,,,,,,,,,,,,,,,,,,,,,,,,,,,,,,,,,,,,,,,,,,,,,,,,,,,,,,,,,,,,,,,,,,,,,,,,,,,,,,,,,,,,,,,,,,,,,,,,,,,,,,,,,,,,,,,,,,,,,,,,,,,,,,,,,,,,,,,,,,,,,,,,,,,,,,,,,,,,,,,,,,,,,,,,,,,,,,,,,,,,,,,,,,,,,,,,,,,99140,"<span lang=""EN-GB"">Suppose
     you want to a send an email when you are with a very close friend at a
     restaurant&nbsp;<o:p></o:p></span>"
10/31/2018 22:43,10/31/2018 22:43,0,23.249.187.141,100,12,1,10/31/2018 22:43,R_T7AJ4c2JdUk9WMx,,,,,37.75100708,-97.8219986,anonymous,EN,3,,,,,,,,,,,,,,,,,,,,,,,,,,,,,,,,,,,,,,,,,,,,,,,,,,,,,,,,,,,,,,,,,,,,,,,,,,,,,,,,,,,,,,,,,,,,,,,,,,,,,,,,,,,,,,,,,,,,,,,,,,,,,,,,,,,,,,,,,,,,,,,,,,,,,,,,,,,,,,,,,,,,,,,,,,,,,,,,,,,,,,,,,,,,,,,,,,,,,,,,,,,,,,,,,,,81882,"<span lang=""EN-GB"">Suppose you are at Starbucks with your close friends and you realize today is the last day to pay one of your bills online.<o:p></o:p></span>"
10/31/2018 22:44,10/31/2018 22:44,0,138.128.18.216,100,15,1,10/31/2018 22:44,R_3Dp858q28NKyJ6g,,,,,34.05839539,-118.2779999,anonymous,EN,3,,,,,,,,,,,,,,,,,,,,,,,,,,,,,,,,,,,,,,,,,,,,,,,,,,,,,,,,,,,,,,,,,,,,,,,,,,,,,,,,,,,,,,,,,,,,,,,,,,,,,,,,,,,,,,,,,,,,,,,,,,,,,,,,,,,,,,,,,,,,,,,,,,,,,,,,,,,,,,,,,,,,,,,,,,,,,,,,,,,,,,,,,,,,,,,,,,,,,,,,,,,,,,,,,,,1371,"<span lang=""EN-GB"">Suppose
     you want to a send a text message when you are alone at home<strong><o:p></o:p></strong></span>"
10/31/2018 22:44,10/31/2018 22:44,0,23.249.187.141,100,21,1,10/31/2018 22:44,R_8HQhQPMMCeEbF7z,,,,,37.75100708,-97.8219986,anonymous,EN,"2,4",,,,,,,,,,,,,,,,,,,,,,,,,,,,,,,,,,,,,,,,,,,,,,,,,,,,,,,,,,,,,,,,,,,,,,,,,,,,,,,,,,,,,,,,,,,,,,,,,,,,,,,,,,,,,,,,,,,,,,,,,,,,,,,,,,,,,,,,,,,,,,,,,,,,,,,,,,,,,,,,,,,,,,,,,,,,,,,,,,,,,,,,,,,,,,,,,,,,,,,,,,,,,,,,,,,89902,"<span lang=""EN-GB"">Suppose you want to browse the internet when you are at home with people you are close to (e.g., friends, family members)<strong><o:p></o:p></strong></span>"
10/31/2018 22:44,10/31/2018 22:47,0,138.128.18.216,100,163,1,10/31/2018 22:47,R_r8r4YlMXaa3ghUt,,,,,34.05839539,-118.2779999,anonymous,EN,"2,5,6","1,2,3",,2,,"1,2,3",,1,,1,,3,1,,1,,1,1,,1,,1,,2,,1,,1,,,,,,,,,,,,,,,,,,,,,,,,,,,,,,,,,,,,,,,,,,,,,,,,,,,,,,,,,,,,,,,,,,,,,,,,,,,,,,,,,,,,,,,,,,,,,,,,,,,,,,,,,,,,,,,,,,,,,,,,,,,,,,,,,,,,,,,,,,,,,,,,,,,,,,,,,,,,,,,,,,,,,,,,,,,,,,,,,,,,,,,,55589,"<span lang=""EN-GB"">Suppose you want to control some devices/appliances (e.g., smart lights) when you are alone at home.<o:p></o:p></span>"
10/31/2018 22:46,10/31/2018 22:48,0,24.28.188.96,100,127,1,10/31/2018 22:48,R_21Hx0e2yflgqmx8,,,,,31.83830261,-106.5363998,anonymous,EN,"1,2,4,6",1,,2,,1,,1,,1,,2,2,,1,,2,2,,2,,2,,"1,2",,1,,1,,,,,,,,,,,,,,,,,,,,,,,,,,,,,,,,,,,,,,,,,,,,,,,,,,,,,,,,,,,,,,,,,,,,,,,,,,,,,,,,,,,,,,,,,,,,,,,,,,,,,,,,,,,,,,,,,,,,,,,,,,,,,,,,,,,,,,,,,,,,,,,,,,,,,,,,,,,,,,,,,,,,,,,,,,,,,,,,,,,,,,,,21106,"<span lang=""EN-GB"">Suppose
     you want to a view a text message when you are with a very close friend at
     a restaurant&nbsp;<o:p></o:p></span>"
10/24/2018 22:50,10/24/2018 22:51,0,99.25.7.143,78,35,0,10/31/2018 22:51,R_1qfiqaofkLvKmCr,,,,,,,anonymous,EN,"1,2,3,4,6",,,,,,,,,,,,,,,,,,,,,,,,,,,,,,,,,,,,,,,,,,,,,,,,,,,,,,,,,,,,,,,,,,,,,,,,,,,,,,,,,,,,,,,,,,,,,,,,,,,,,,,,,,,,,,,,,,,,,,,,,,,,,,,,,,,,,,,,,,,,,,,,,,,,,,,,,,,,,,,,,,,,,,,,,,,,,,,,,,,,,,,,,,,,,,,,,,,,,,,,,,,,,,,,,,,23435,"<span lang=""EN-GB"">Suppose you are alone at home, you want to take a break from studying/working&nbsp;</span>so you decide to play an online/digital game."
10/31/2018 22:47,10/31/2018 22:51,0,138.128.18.216,100,258,1,10/31/2018 22:51,R_1mmaYGoADRCp2R8,,,,,34.05839539,-118.2779999,anonymous,EN,"2,5,6",7,,5,,6,,3,,6,,4,5,,"1,2,3",,4,6,,5,,7,,5,,5,,4,,2,,,,,,,,,,,,,,,,,,,,,,,,,,,,,,7,,5,,6,,3,,6,,4,5,,5,,5,,6,,7,,5,,7,,5,,4,,,,,,,,,,,,,,,,,,,,,,,,,,,,,,,,,,,,,,,,,,,,,,,,,,,,,,,,,,,,,,,,,,,,,,,,,,,,,,,,,,,,,,,,,,,,,,,,,,,,,,,,,,,,,,,,,,,,,,MALE,47,ENGINEER,5,1,,3,50279,"<span lang=""EN-GB"" style=""font-size:11.0pt;line-height:115%;
font-family:&quot;Arial&quot;,sans-serif;mso-fareast-font-family:Arial;mso-ansi-language:
EN-GB;mso-fareast-language:EN-US;mso-bidi-language:AR-SA"">Suppose you want to a
send an email when you are at Starbucks.</span>"
10/31/2018 22:43,10/31/2018 22:52,0,45.50.31.113,100,549,1,10/31/2018 22:52,R_2AHhmipBn0bl40t,,,,,33.93310547,-117.949295,anonymous,EN,"1,2,3,4,6",2,,1,,1,,1,,1,,1,3,,1,,1,3,,2,,3,,2,,1,,4,,2,,,,,,,,,,,,,,,,,,,,,,,,,,,,,,2,,1,,1,,1,,1,,1,3,,1,,1,,3,,3,,2,,"3,4",,1,,4,,,,,,,,,,,,,,,,,,,,,,,,,,,,,,,,,,,,,,,,,,,,,,,,,,,,,,,,,,,,,,,,,,,,,,,,,,,,,,,,,,,,,,,,,,,,,,,,,,,,,,,,,,,,,,,,,,,,,,,,,,,,,78797,"<span lang=""EN-GB"">Suppose you want to call your mother for sharing an important
     update about your life&nbsp; when you
     with people you know (e.g., acquaintances, colleagues) at a park<o:p></o:p></span>"
10/31/2018 22:52,10/31/2018 22:53,0,104.200.37.219,100,31,1,10/31/2018 22:53,R_7ZFDlL5HfoT8Nln,,,,,35.66650391,-97.4654007,anonymous,EN,1,,,,,,,,,,,,,,,,,,,,,,,,,,,,,,,,,,,,,,,,,,,,,,,,,,,,,,,,,,,,,,,,,,,,,,,,,,,,,,,,,,,,,,,,,,,,,,,,,,,,,,,,,,,,,,,,,,,,,,,,,,,,,,,,,,,,,,,,,,,,,,,,,,,,,,,,,,,,,,,,,,,,,,,,,,,,,,,,,,,,,,,,,,,,,,,,,,,,,,,,,,,,,,,,,,,93901,"<span lang=""EN-GB"">Suppose you have planned to meet a friend next week and you want to put this on your calendar when you are with a very close friend at a restaurant&nbsp;<o:p></o:p></span>"
10/31/2018 22:46,10/31/2018 22:58,0,98.246.225.183,100,676,1,10/31/2018 22:58,R_2AF2mNmfmDRJtmx,,,,,44.53930664,-123.2798996,anonymous,EN,"1,2,3,4",2,,3,,"1,2",,3,,1,,"2,3","1,3",,2,,"2,3",1,,2,,"1,3",,2,,1,,2,,2,,,,,,,,,,,,,,,,,,,,,,,,,,,,,,"2,5",,1,,1,,3,,2,,2,"1,3",,5,,1,,3,,2,,2,,2,,1,,2,,,,,,,,,,,,,,,,,,,,,,,,,,,,,,,,,,,,,,,,,,,,,,,,,,,,,,,,,,,,,,,,,,,,,,,,,,,,,,,,,,,,,,,,,,,,,,,,,,,,,,,,,,,,,,,,,,,,,,,,,,,,,63339,"<span lang=""EN-GB"" style=""font-size:11.0pt;line-height:115%;
font-family:&quot;Arial&quot;,sans-serif;mso-fareast-font-family:Arial;mso-ansi-language:
EN-GB;mso-fareast-language:EN-US;mso-bidi-language:AR-SA"">Suppose you want to
take a click a photo when you are at Starbucks.</span>"
10/31/2018 22:57,10/31/2018 22:58,0,104.200.38.75,100,93,1,10/31/2018 22:58,R_RE52PRLBeSQHh3X,,,,,35.66650391,-97.4654007,anonymous,EN,"1,2,3,4,5,6","4,5",,1,,3,,1,,3,,1,1,,1,,2,2,,1,,"3,4",,2,,2,,1,,,,,,,,,,,,,,,,,,,,,,,,,,,,,,,,,,,,,,,,,,,,,,,,,,,,,,,,,,,,,,,,,,,,,,,,,,,,,,,,,,,,,,,,,,,,,,,,,,,,,,,,,,,,,,,,,,,,,,,,,,,,,,,,,,,,,,,,,,,,,,,,,,,,,,,,,,,,,,,,,,,,,,,,,,,,,,,,,,,,,,,,53969,"<span lang=""EN-GB"" style=""font-size:11.0pt;line-height:115%;
font-family:&quot;Arial&quot;,sans-serif;mso-fareast-font-family:Arial;mso-ansi-language:
EN-GB;mso-fareast-language:EN-US;mso-bidi-language:AR-SA"">Suppose you want to browse the internet when you are alone at your home.</span>"
10/31/2018 22:59,10/31/2018 22:59,0,104.200.38.75,100,9,1,10/31/2018 22:59,R_3NDk395fA65jsb4,,,,,35.66650391,-97.4654007,anonymous,EN,"1,4",,,,,,,,,,,,,,,,,,,,,,,,,,,,,,,,,,,,,,,,,,,,,,,,,,,,,,,,,,,,,,,,,,,,,,,,,,,,,,,,,,,,,,,,,,,,,,,,,,,,,,,,,,,,,,,,,,,,,,,,,,,,,,,,,,,,,,,,,,,,,,,,,,,,,,,,,,,,,,,,,,,,,,,,,,,,,,,,,,,,,,,,,,,,,,,,,,,,,,,,,,,,,,,,,,,81168,"<span lang=""EN-GB"">Suppose you want to browse internet when you are with your close friends at a restaurant.<o:p></o:p></span>"
10/31/2018 23:00,10/31/2018 23:00,0,104.227.86.38,100,17,1,10/31/2018 23:00,R_2z6B4jfWvDFmz7b,,,,,34.1072998,-118.2266006,anonymous,EN,5,,,,,,,,,,,,,,,,,,,,,,,,,,,,,,,,,,,,,,,,,,,,,,,,,,,,,,,,,,,,,,,,,,,,,,,,,,,,,,,,,,,,,,,,,,,,,,,,,,,,,,,,,,,,,,,,,,,,,,,,,,,,,,,,,,,,,,,,,,,,,,,,,,,,,,,,,,,,,,,,,,,,,,,,,,,,,,,,,,,,,,,,,,,,,,,,,,,,,,,,,,,,,,,,,,,81480,"<span lang=""EN-GB"">Suppose
     you want to watch some video when
     you are at home with people you are close to (e.g., friends, family
     members)<strong><o:p></o:p></strong></span>"
10/31/2018 22:59,10/31/2018 23:01,0,104.200.38.75,100,125,1,10/31/2018 23:01,R_1ePleZukX7mLSFV,,,,,35.66650391,-97.4654007,anonymous,EN,"2,5,6",7,,"1,2,3",,"1,2,3,4",,3,,6,,4,5,,5,,4,6,,5,,"1,2",,5,,"1,2,3",,4,,6,,,,,,,,,,,,,,,,,,,,,,,,,,,,,,,,,,,,,,,,,,,,,,,,,,,,,,,,,,,,,,,,,,,,,,,,,,,,,,,,,,,,,,,,,,,,,,,,,,,,,,,,,,,,,,,,,,,,,,,,,,,,,,,,,,,,,,,,,,,,,,,,,,7,,"1,2",,"1,2,3,4",,3,,"1,2,3",,4,5,,5,,"1,2,3",,6,,"1,2,3,4",,5,,7,,5,,"1,2",,,,,,,,,1854,"<span lang=""EN-GB"">Suppose you have planned to meet a friend next week and you want to put this on your calendar when you are alone at Starbucks.<o:p></o:p></span>"
10/31/2018 23:01,10/31/2018 23:03,0,104.200.38.75,100,146,1,10/31/2018 23:03,R_1ie636HBcNHYPYG,,,,,35.66650391,-97.4654007,anonymous,EN,"2,5,6",7,,5,,6,,3,,6,,4,5,,5,,4,6,,5,,7,,5,,5,,4,,2,,,,,,,,,,,,,,,,,,,,,,,,,,,,,,7,,5,,6,,3,,6,,4,"1,2,3",,5,,5,,6,,7,,"1,2,3",,7,,5,,4,,,,,,,,,,,,,,,,,,,,,,,,,,,,,,,,,,,,,,,,,,,,,,,,,,,,,,,,,,,,,,,,,,,,,,,,,,,,,,,,,,,,,,,,,,,,,,,,,,,,,,,,,,,,,,,,,,,,,,MALE,36,ASSOCIATES,5,1,,3,69460,"<span lang=""EN-GB"">Suppose
     you want to take a click a photo when you are alone at home.<o:p></o:p></span>"
10/31/2018 23:03,10/31/2018 23:06,0,138.128.93.96,100,146,1,10/31/2018 23:06,R_BKEZnns9qgSi9ih,,,,,30.290802,-81.63210297,anonymous,EN,"2,5,6",7,,5,,6,,3,,6,,4,5,,5,,4,6,,5,,7,,5,,5,,4,,2,,,,,,,,,,,,,,,,,,,,,,,,,,,,,,7,,5,,6,,3,,6,,4,5,,5,,5,,6,,7,,5,,7,,5,,4,,,,,,,,,,,,,,,,,,,,,,,,,,,,,,,,,,,,,,,,,,,,,,,,,,,,,,,,,,,,,,,,,,,,,,,,,,,,,,,,,,,,,,,,,,,,,,,,,,,,,,,,,,,,,,,,,,,,,,Male,50,Software developer,5,1,,3,48141,"<span lang=""EN-GB"">Suppose you are alone at home, you want to take a break from studying/working&nbsp;</span>so you decide to play an online/digital game."
10/31/2018 23:03,10/31/2018 23:06,0,104.227.86.38,100,142,1,10/31/2018 23:06,R_viDSdlvUndqVY65,,,,,34.1072998,-118.2266006,anonymous,EN,"2,5,6",7,,5,,6,,3,,6,,4,5,,5,,4,6,,5,,7,,5,,5,,4,,2,,,,,,,,,,,,,,,,,,,,,,,,,,,,,,7,,5,,6,,3,,6,,4,5,,5,,5,,6,,7,,5,,7,,5,,4,,,,,,,,,,,,,,,,,,,,,,,,,,,,,,,,,,,,,,,,,,,,,,,,,,,,,,,,,,,,,,,,,,,,,,,,,,,,,,,,,,,,,,,,,,,,,,,,,,,,,,,,,,,,,,,,,,,,,,male,53,manager,5,1,,4,70908,"<span lang=""EN-GB"">Suppose
     you want to purchase something online when you are with people you know
     (e.g., acquaintances, colleagues) at your home.<o:p></o:p></span>"
10/31/2018 23:09,10/31/2018 23:09,0,138.128.93.200,100,14,1,10/31/2018 23:09,R_2b3R4zMjfAf0rdy,,,,,30.290802,-81.63210297,anonymous,EN,"2,6",,,,,,,,,,,,,,,,,,,,,,,,,,,,,,,,,,,,,,,,,,,,,,,,,,,,,,,,,,,,,,,,,,,,,,,,,,,,,,,,,,,,,,,,,,,,,,,,,,,,,,,,,,,,,,,,,,,,,,,,,,,,,,,,,,,,,,,,,,,,,,,,,,,,,,,,,,,,,,,,,,,,,,,,,,,,,,,,,,,,,,,,,,,,,,,,,,,,,,,,,,,,,,,,,,,8447,"<span lang=""EN-GB"">Suppose
     you want to a send a text message when you are with a very close friend at
     a restaurant&nbsp;<o:p></o:p></span>"
10/31/2018 23:09,10/31/2018 23:11,0,138.128.93.200,100,129,1,10/31/2018 23:11,R_2zZOD7XbIq0Zlyh,,,,,30.290802,-81.63210297,anonymous,EN,"2,5,6","1,2",,1,,"1,2",,1,,3,,1,1,,1,,1,"2,3",,2,,3,,1,,1,,1,,,,,,,,,,,,,,,,,,,,,,,,,,,,,,,,,,,,,,,,,,,,,,,,,,,,,,,,,,,,,,,,,,,,,,,,,,,,,,,,,,,,,,,,,,,,,,,,,,,,,,,,,,,,,,,,,,,,,,,,,,,,,,,,,,,,,,,,,,,,,,,,,,,,,,,,,,,,,,,,,,,,,,,,,,,,,,,,,,,,,,,,30575,"<span lang=""EN-GB"">Suppose
     you want to set up a reminder when you are alone at your home.<strong><o:p></o:p></strong></span>"
10/31/2018 22:53,10/31/2018 23:14,0,104.200.37.219,100,1270,1,10/31/2018 23:14,R_2timPMH23G6Mfe1,,,,,35.66650391,-97.4654007,anonymous,EN,"1,3,4","1,2,3",,"1,2,3",,"1,2,3",,1,,"1,2",,"1,2,3","1,2,3",,"1,2,3",,"1,2,3","1,2,3",,"1,2,3",,"1,2,3",,"1,2,3",,"1,3",,"1,2",,1,"1,2,3",,"1,3",,"1,3",,1,,"2,3",,"1,2,3","1,2,3",,"1,2,3",,"1,3",,"1,3",,"1,2,4",,"1,2",,"1,3,4",,1,,"1,2",,,,,,,,,,,,,,,,,,,,,,,,,,,,,,,,,,,,,,,,,,,,,,,,,,,,,,,,,,,,,,,,,,,,,,,,,,,,,,,,,,,,,,,,,,,,,,,,,,,,,,,,,,,,,,,,,,,,,,,,,,,,,,,,,,,,,,,,,,,,,,,,,,,,,,,,,,68052,"<span lang=""EN-GB"">Suppose
     you want to watch some video when you are with people you know (e.g.,
     acquaintances, colleagues) in a park.<o:p></o:p></span>"
10/31/2018 23:14,10/31/2018 23:15,0,104.200.37.64,100,25,1,10/31/2018 23:15,R_77Epr1QzmKlZNNn,,,,,35.66650391,-97.4654007,anonymous,EN,1,,,,,,,,,,,,,,,,,,,,,,,,,,,,,,,,,,,,,,,,,,,,,,,,,,,,,,,,,,,,,,,,,,,,,,,,,,,,,,,,,,,,,,,,,,,,,,,,,,,,,,,,,,,,,,,,,,,,,,,,,,,,,,,,,,,,,,,,,,,,,,,,,,,,,,,,,,,,,,,,,,,,,,,,,,,,,,,,,,,,,,,,,,,,,,,,,,,,,,,,,,,,,,,,,,,6308,"<span lang=""EN-GB"">Suppose
     you want to listen to some audio when you with people you know (e.g.,
     acquaintances, colleagues) at Starbucks<o:p></o:p></span>"
10/31/2018 23:15,10/31/2018 23:15,0,104.200.37.64,100,11,1,10/31/2018 23:15,R_3LhVjAD1h2R3oeh,,,,,35.66650391,-97.4654007,anonymous,EN,6,,,,,,,,,,,,,,,,,,,,,,,,,,,,,,,,,,,,,,,,,,,,,,,,,,,,,,,,,,,,,,,,,,,,,,,,,,,,,,,,,,,,,,,,,,,,,,,,,,,,,,,,,,,,,,,,,,,,,,,,,,,,,,,,,,,,,,,,,,,,,,,,,,,,,,,,,,,,,,,,,,,,,,,,,,,,,,,,,,,,,,,,,,,,,,,,,,,,,,,,,,,,,,,,,,,55356,"<span lang=""EN-GB"">Suppose
     you want to set up a reminder about something when you are at Starbucks by
     yourself.<o:p></o:p></span>"
10/31/2018 20:13,10/31/2018 23:15,0,75.65.5.150,100,10958,1,10/31/2018 23:15,R_Z9IEWcDIO3713jP,,,,,32.37390137,-90.12930298,anonymous,EN,"2,3,4","2,3,4,5",,"1,2,3",,"1,2,3,4",,"1,2",perform tasks without lost of data or files. Able to save files easily.,"1,3",,4,"1,2,3,4",delete cookies or history permanent and easily,"1,2,3",,"2,3","2,3,4",,"1,2,3",,"2,3,4,5",via email messages,"1,2,3",,"1,3",,"1,2",,,,,,,,,,,,,,,,,,,,,,,,,,,,,,,,,,,,,,,,,,,,,,,,,,,,,,,,,,,,,,,,,,,,,,,,,,,,,,,,,,,,,,,,,,,,,,,,,,,,,,,,,,,,,,,,,,,,,,,,,,,,,,,,,,,,,,,,,,,,,,,,,,,,,,,,,,,,,,,,,,,,,,,,,,,,,,,,,,,,,,,,88737,"<span lang=""EN-GB"">Suppose
     you want to set up a reminder when you are alone at your home.<strong><o:p></o:p></strong></span>"
10/31/2018 23:14,10/31/2018 23:16,0,138.128.93.200,100,142,1,10/31/2018 23:16,R_1iqUrlXbiS8CAqW,,,,,30.290802,-81.63210297,anonymous,EN,"2,5,6",2,,1,,1,,1,,1,,1,1,,1,,1,2,,2,,2,,1,,1,,1,,,,,,,,,,,,,,,,,,,,,,,,,,,,,,,,,,,,,,,,,,,,,,,,,,,,,,,,,,,,,,,,,,,,,,,,,,,,,,,,,,,,,,,,,,,,,,,,,,,,,,,,,,,,,,,,,,,,,,,,,,,,,,,,,,,,,,,,,,,,,,,,,,,,,,,,,,,,,,,,,,,,,,,,,,,,,,,,,,,,,,,,79835,"<span lang=""EN-GB"">Suppose
     you want to call your mother for sharing an important update about your
     life when you are with a very close friend at a restaurant&nbsp;<o:p></o:p></span>"
10/24/2018 23:16,10/24/2018 23:17,0,76.22.73.76,78,53,0,10/31/2018 23:17,R_293RWjYmk5nGPIS,,,,,,,anonymous,EN,"1,2,3",,,,,,,,,,,,,,,,,,,,,,,,,,,,,,,,,,,,,,,,,,,,,,,,,,,,,,,,,,,,,,,,,,,,,,,,,,,,,,,,,,,,,,,,,,,,,,,,,,,,,,,,,,,,,,,,,,,,,,,,,,,,,,,,,,,,,,,,,,,,,,,,,,,,,,,,,,,,,,,,,,,,,,,,,,,,,,,,,,,,,,,,,,,,,,,,,,,,,,,,,,,,,,,,,,,55518,"<span lang=""EN-GB"">Suppose you want to read a digital document when you are in a park with people you know (e.g., acquaintances, colleagues).<o:p></o:p></span>"
10/31/2018 23:15,10/31/2018 23:18,0,104.200.37.64,100,203,1,10/31/2018 23:18,R_231YYwVmVbC9JD4,,,,,35.66650391,-97.4654007,anonymous,EN,"2,5,6","1,2",,"1,2",,"1,2,3",,1,,"1,2",,"1,2","1,2",,1,,"1,2","1,2",,"1,2",,"1,2",,"1,2",,"1,2",,"1,2",,"2,5,6",,,,,,,,,,,,,,,,,,,,,,,,,,,,,,"1,2",,"1,2",,"1,2",,1,,"1,2",,"1,2","1,2",,"1,2",,"1,2",,"1,2",,"1,2",,"1,2",,"1,2",,"1,2",,"1,2",,,,,,,,,,,,,,,,,,,,,,,,,,,,,,,,,,,,,,,,,,,,,,,,,,,,,,,,,,,,"1,3",,"1,2",,"1,3",,1,,"1,3",,"1,2","2,3",,"1,3",,"1,2",,"1,2",,"1,3",,"1,2",,"1,3",,"1,2",,"1,2",,"1,3",,"1,3",,"1,2",,1,,"1,2",,"1,2","1,3",,"1,2",,"1,2",,"1,3",,"1,2",,"1,3",,"1,3",,"1,3",,"1,2",,,,,,,,,18970,"<span lang=""EN-GB"">Suppose you are at work with some people you know (e.g., acquaintances, colleagues) when you realize that you have to immediately pay one of your bills online.<o:p></o:p></span>"
10/31/2018 23:19,10/31/2018 23:23,0,104.200.37.64,100,236,1,10/31/2018 23:23,R_1OoQwHbgHDKVsHm,,,,,35.66650391,-97.4654007,anonymous,EN,"2,5,6",7,,5,,6,,3,,6,,4,5,,5,,4,6,,5,,7,,5,,5,,4,,"2,5,6",,,,,,,,,,,,,,,,,,,,,,,,,,,,,,7,,5,,6,,3,,6,,4,5,,5,,5,,6,,7,,5,,7,,5,,4,,,,,,,,,,,,,,,,,,,,,,,,,,,,,,,,,,,,,,,,,,,,,,,,,,,,,,,,,,,,7,,5,,6,,3,,6,,4,5,,5,,5,,6,,7,,5,,7,,5,,4,,7,,5,,6,,3,,6,,4,5,,5,,5,,6,,7,,5,,7,,5,,4,,female,52,software engineer,5,1,,3,26026,"Suppose you want to purchase something online when
     you are with people you know (e.g., acquaintances,
     colleagues) at a park.<o:p></o:p>"
10/31/2018 23:18,10/31/2018 23:26,0,138.128.93.200,100,492,1,10/31/2018 23:26,R_1FsVw9h8MBuGXzv,,,,,30.290802,-81.63210297,anonymous,EN,"2,5,6",7,,5,,6,,3,,6,,4,5,,5,,4,6,,5,,7,,5,,5,,4,,2,,,,,,,,,,,,,,,,,,,,,,,,,,,,,,7,,5,,6,,3,,6,,4,5,,5,,5,,6,,7,,5,,7,,5,,4,,,,,,,,,,,,,,,,,,,,,,,,,,,,,,,,,,,,,,,,,,,,,,,,,,,,,,,,,,,,,,,,,,,,,,,,,,,,,,,,,,,,,,,,,,,,,,,,,,,,,,,,,,,,,,,,,,,,,,FEMALE,47,SOFTWARE ENGINEER,5,1,,3,14163,"<span lang=""EN-GB"">Suppose you are alone and relaxing at home, you have just read a new book that&nbsp;</span>you loved and now you want a write a review for your close family and friends."
10/31/2018 23:55,11/1/2018 0:09,0,107.77.237.218,100,884,1,11/1/2018 0:09,R_s7oxpJjU8pX4u1X,,,,,33.74899292,-84.38800049,anonymous,EN,"1,2,3",2,,1,,6,,3,,6,,3,"1,2,3",,"1,3",,4,6,,2,,"1,2",,"1,2",,5,,4,,,,,,,,,,,,,,,,,,,,,,,,,,,,,,,,,,,,,,,,,,,,,,,,,,,,,,,,,,,,,,,,,,,,,,,,,,,,,,,,,,,,,,,,,,,,,,,,,,,,,,,,,,,,,,,,,,,,,,,,,,,,,,,,,,,,,,,,,,,,,,,,,,,,,,,,,,,,,,,,,,,,,,,,,,,,,,,,,,,,,,,,1574,"<span lang=""EN-GB"">Suppose you are at a coffee shop, you have just read a book you loved and now&nbsp;</span>you want to write a review for it to share with your close family and friends."
11/1/2018 0:41,11/1/2018 0:42,0,23.244.246.46,100,18,1,11/1/2018 0:42,R_10MWtZvTNq2KlD3,,,,,32.75889587,-97.32800293,anonymous,EN,1,,,,,,,,,,,,,,,,,,,,,,,,,,,,,,,,,,,,,,,,,,,,,,,,,,,,,,,,,,,,,,,,,,,,,,,,,,,,,,,,,,,,,,,,,,,,,,,,,,,,,,,,,,,,,,,,,,,,,,,,,,,,,,,,,,,,,,,,,,,,,,,,,,,,,,,,,,,,,,,,,,,,,,,,,,,,,,,,,,,,,,,,,,,,,,,,,,,,,,,,,,,,,,,,,,,23841,"<span lang=""EN-GB"">Suppose
     you want to a send a text message when you are surrounded by people you
     know (e.g., acquaintances, colleagues) at your home.<o:p></o:p></span>"
11/1/2018 0:42,11/1/2018 0:44,0,23.244.246.46,100,114,1,11/1/2018 0:44,R_NUQmR70FObtYCtP,,,,,32.75889587,-97.32800293,anonymous,EN,"2,5,6",7,,5,,6,,3,,6,,4,5,,5,,4,6,,5,,7,,5,,5,,4,,2,,,,,,,,,,,,,,,,,,,,,,,,,,,,,,7,,5,,6,,3,,6,,4,5,,5,,5,,6,,7,,5,,7,,5,,4,,,,,,,,,,,,,,,,,,,,,,,,,,,,,,,,,,,,,,,,,,,,,,,,,,,,,,,,,,,,,,,,,,,,,,,,,,,,,,,,,,,,,,,,,,,,,,,,,,,,,,,,,,,,,,,,,,,,,,female,55,Software Engineer,5,1,,3,66741,"<span lang=""EN-GB"">Suppose
     you want to listen to some audio when you are with people you know (e.g.,
     acquaintances, colleagues) at your home.<o:p></o:p></span>"
11/1/2018 0:44,11/1/2018 0:44,0,23.244.246.46,100,26,1,11/1/2018 0:44,R_2VgVCO5Y0n1GRK0,,,,,32.75889587,-97.32800293,anonymous,EN,3,,,,,,,,,,,,,,,,,,,,,,,,,,,,,,,,,,,,,,,,,,,,,,,,,,,,,,,,,,,,,,,,,,,,,,,,,,,,,,,,,,,,,,,,,,,,,,,,,,,,,,,,,,,,,,,,,,,,,,,,,,,,,,,,,,,,,,,,,,,,,,,,,,,,,,,,,,,,,,,,,,,,,,,,,,,,,,,,,,,,,,,,,,,,,,,,,,,,,,,,,,,,,,,,,,,70865,"<span lang=""EN-GB"">Suppose you have planned to meet a friend next week and you want to put this on your calendar when you are surrounded with people you are close to (e.g., friends, family members) at your home.<strong><o:p></o:p></strong></span>"
11/1/2018 0:53,11/1/2018 1:10,0,71.30.26.202,100,1042,1,11/1/2018 1:10,R_30wV9T9W08ECenx,,,,,33.01719666,-83.54000092,anonymous,EN,"1,3,4","1,2",,"2,3",,"1,2,3",,"1,2",able to hear it clearly,"2,3",,"2,3",3,,5,,"2,3",1,,"1,2,3",,"1,2,3",,"1,2,3",,"1,2",,"1,2",,4,,,,,,,,,,,,,,,,,,,,,,,,,,,,,,,,,,,,,,,,,,,,,,,,,,,,,,,,,,,,,,,,,,,,,,,,,,,,,,,,,,,,,,,,"2,3,4",,1,,"1,2,3",,1,,1,,2,3,,3,,3,,"1,3",,4,,2,,5,writen text,1,,"1,2",,,,,,,,,,,,,,,,,,,,,,,,,,,,,,,,,,,,,,,,,,,,,,,,,,,,,,,,,,,,,,,,,,,4404,"<span lang=""EN-GB"">Suppose
     you want to listen to some audio when you are with your close friends in a
     park.<o:p></o:p></span>"
11/1/2018 1:40,11/1/2018 1:40,0,76.20.68.2,100,21,1,11/1/2018 1:40,R_3huvnIKNhogGwDa,,,,,38.00239563,-121.3237991,anonymous,EN,1,,,,,,,,,,,,,,,,,,,,,,,,,,,,,,,,,,,,,,,,,,,,,,,,,,,,,,,,,,,,,,,,,,,,,,,,,,,,,,,,,,,,,,,,,,,,,,,,,,,,,,,,,,,,,,,,,,,,,,,,,,,,,,,,,,,,,,,,,,,,,,,,,,,,,,,,,,,,,,,,,,,,,,,,,,,,,,,,,,,,,,,,,,,,,,,,,,,,,,,,,,,,,,,,,,,3976,"<span lang=""EN-GB"">Suppose you want to listen to some audio when you are alone in a park.<o:p></o:p></span>"
11/1/2018 2:08,11/1/2018 2:13,0,170.83.232.69,100,287,1,11/1/2018 2:13,R_3Ga0g1tvDLTpXIa,,,,,15,-86.5,anonymous,EN,"1,2,3,6","2,3",,"1,3",,"2,3,4",,1,,"1,3",,"2,3","2,3",,"2,3",,"2,3","2,4",,5,,"1,2,3",,5,,"2,3",,"1,2",,"2,6",,,,,,,,,,,,,,,,,,,,,,,,,,,,,,"2,3",,"1,2",,"1,2,3",,1,,"2,3",,"1,2","1,2",,"1,2",,"1,3",,"2,3",,"1,2,3",,"1,2",,"1,2,3",,"1,2",,"1,2",,,,,,,,,,,,,,,,,,,,,,,,,,,,,,,,,,,,,,,,,,,,,,,,,,,,,,,,,,,,,,,,,,,,,,,,,,,,,,,,,,,,,,,,,"2,3",,"1,2,3",,"2,4",,1,,"1,3",,"2,3","2,3",,"1,2",,"2,3",,"1,2",,"1,2,3",,"1,2",,"1,2,3",,"1,2",,"1,2",,,,,,,,,27737,"<span lang=""EN-GB"">Suppose you want to find a route to home while walking on a street with people you know (e.g., acquaintances, colleagues).<o:p></o:p></span>"
10/25/2018 2:55,10/25/2018 2:55,0,173.91.205.6,1,30,0,11/1/2018 2:55,R_1DOT7vIKSwR5noR,,,,,,,anonymous,EN,,,,,,,,,,,,,,,,,,,,,,,,,,,,,,,,,,,,,,,,,,,,,,,,,,,,,,,,,,,,,,,,,,,,,,,,,,,,,,,,,,,,,,,,,,,,,,,,,,,,,,,,,,,,,,,,,,,,,,,,,,,,,,,,,,,,,,,,,,,,,,,,,,,,,,,,,,,,,,,,,,,,,,,,,,,,,,,,,,,,,,,,,,,,,,,,,,,,,,,,,,,,,,,,,,,,29289,"<span lang=""EN-GB"">Suppose you want to find a route to home while walking on a street.<o:p></o:p></span>"
11/1/2018 3:18,11/1/2018 3:19,0,192.171.19.130,100,44,1,11/1/2018 3:19,R_2yrXDczcGSeGKBb,,,,,25.78059387,-80.18260193,anonymous,EN,1,,,,,,,,,,,,,,,,,,,,,,,,,,,,,,,,,,,,,,,,,,,,,,,,,,,,,,,,,,,,,,,,,,,,,,,,,,,,,,,,,,,,,,,,,,,,,,,,,,,,,,,,,,,,,,,,,,,,,,,,,,,,,,,,,,,,,,,,,,,,,,,,,,,,,,,,,,,,,,,,,,,,,,,,,,,,,,,,,,,,,,,,,,,,,,,,,,,,,,,,,,,,,,,,,,,79947,"Suppose you want to find a route to a coffee shop
     when you are at home with your by your colleagues<o:p></o:p>"
11/1/2018 3:37,11/1/2018 3:37,0,104.129.131.125,100,12,1,11/1/2018 3:37,R_2aXCsVjxJZYZfXw,,,,,33.0249939,-96.73970032,anonymous,EN,"3,5",,,,,,,,,,,,,,,,,,,,,,,,,,,,,,,,,,,,,,,,,,,,,,,,,,,,,,,,,,,,,,,,,,,,,,,,,,,,,,,,,,,,,,,,,,,,,,,,,,,,,,,,,,,,,,,,,,,,,,,,,,,,,,,,,,,,,,,,,,,,,,,,,,,,,,,,,,,,,,,,,,,,,,,,,,,,,,,,,,,,,,,,,,,,,,,,,,,,,,,,,,,,,,,,,,,48026,"<span style=""color: rgb(0, 0, 0); font-family: Times; font-size: 16px;"">Suppose you want control some devices/appliances (e.g., smart lights) when you are with people you know (e.g., acquaintances, colleagues).</span>"
11/1/2018 3:37,11/1/2018 3:37,0,162.248.134.239,100,16,1,11/1/2018 3:37,R_1g2xMM4UORhiZqe,,,,,37.75100708,-97.8219986,anonymous,EN,1,,,,,,,,,,,,,,,,,,,,,,,,,,,,,,,,,,,,,,,,,,,,,,,,,,,,,,,,,,,,,,,,,,,,,,,,,,,,,,,,,,,,,,,,,,,,,,,,,,,,,,,,,,,,,,,,,,,,,,,,,,,,,,,,,,,,,,,,,,,,,,,,,,,,,,,,,,,,,,,,,,,,,,,,,,,,,,,,,,,,,,,,,,,,,,,,,,,,,,,,,,,,,,,,,,,71838,"<span lang=""EN-GB"" style=""font-size:11.0pt;line-height:115%;
font-family:&quot;Arial&quot;,sans-serif;mso-fareast-font-family:Arial;mso-ansi-language:
EN-GB;mso-fareast-language:EN-US;mso-bidi-language:AR-SA"">Suppose you want to a
send an email when you are alone at home</span>"
11/1/2018 3:37,11/1/2018 3:37,0,104.129.131.125,100,8,1,11/1/2018 3:37,R_PZYFdUmm7aajpqF,,,,,33.0249939,-96.73970032,anonymous,EN,2,,,,,,,,,,,,,,,,,,,,,,,,,,,,,,,,,,,,,,,,,,,,,,,,,,,,,,,,,,,,,,,,,,,,,,,,,,,,,,,,,,,,,,,,,,,,,,,,,,,,,,,,,,,,,,,,,,,,,,,,,,,,,,,,,,,,,,,,,,,,,,,,,,,,,,,,,,,,,,,,,,,,,,,,,,,,,,,,,,,,,,,,,,,,,,,,,,,,,,,,,,,,,,,,,,,52448,"<span lang=""EN-GB"">Suppose you want to control some devices/appliances (e.g., smart lights) when you are at home with people you are close to (e.g., friends, family members)<strong><o:p></o:p></strong></span>"
11/1/2018 3:37,11/1/2018 3:37,0,162.248.134.239,100,16,1,11/1/2018 3:37,R_1o0i7S46131CuJl,,,,,37.75100708,-97.8219986,anonymous,EN,"2,5",,,,,,,,,,,,,,,,,,,,,,,,,,,,,,,,,,,,,,,,,,,,,,,,,,,,,,,,,,,,,,,,,,,,,,,,,,,,,,,,,,,,,,,,,,,,,,,,,,,,,,,,,,,,,,,,,,,,,,,,,,,,,,,,,,,,,,,,,,,,,,,,,,,,,,,,,,,,,,,,,,,,,,,,,,,,,,,,,,,,,,,,,,,,,,,,,,,,,,,,,,,,,,,,,,,796,"<span lang=""EN-GB"">Suppose you want to set up a reminder when you are at a park with close friends.<o:p></o:p></span>"
11/1/2018 3:37,11/1/2018 3:38,0,50.3.247.133,100,49,1,11/1/2018 3:38,R_ekWcJuzUaGdrV5f,,,,,32.81520081,-96.87030029,anonymous,EN,"1,4",,,,,,,,,,,,,,,,,,,,,,,,,,,,,,,,,,,,,,,,,,,,,,,,,,,,,,,,,,,,,,,,,,,,,,,,,,,,,,,,,,,,,,,,,,,,,,,,,,,,,,,,,,,,,,,,,,,,,,,,,,,,,,,,,,,,,,,,,,,,,,,,,,,,,,,,,,,,,,,,,,,,,,,,,,,,,,,,,,,,,,,,,,,,,,,,,,,,,,,,,,,,,,,,,,,32935,"<span lang=""EN-GB"">Suppose
     you are at starbucks and you realize today is the last day to pay one of
     your bills online.<o:p></o:p></span>"
11/1/2018 3:37,11/1/2018 3:38,0,104.129.131.125,100,11,1,11/1/2018 3:38,R_1ilAp1JHNXIZfO6,,,,,33.0249939,-96.73970032,anonymous,EN,6,,,,,,,,,,,,,,,,,,,,,,,,,,,,,,,,,,,,,,,,,,,,,,,,,,,,,,,,,,,,,,,,,,,,,,,,,,,,,,,,,,,,,,,,,,,,,,,,,,,,,,,,,,,,,,,,,,,,,,,,,,,,,,,,,,,,,,,,,,,,,,,,,,,,,,,,,,,,,,,,,,,,,,,,,,,,,,,,,,,,,,,,,,,,,,,,,,,,,,,,,,,,,,,,,,,63474,"<span lang=""EN-GB"">Suppose
     you want to listen to some audio when you are with your friends at
     Starbucks.<o:p></o:p></span>"
11/1/2018 3:38,11/1/2018 3:38,0,50.3.247.133,100,21,1,11/1/2018 3:38,R_2s6jEMNXjfYAXjN,,,,,32.81520081,-96.87030029,anonymous,EN,5,,,,,,,,,,,,,,,,,,,,,,,,,,,,,,,,,,,,,,,,,,,,,,,,,,,,,,,,,,,,,,,,,,,,,,,,,,,,,,,,,,,,,,,,,,,,,,,,,,,,,,,,,,,,,,,,,,,,,,,,,,,,,,,,,,,,,,,,,,,,,,,,,,,,,,,,,,,,,,,,,,,,,,,,,,,,,,,,,,,,,,,,,,,,,,,,,,,,,,,,,,,,,,,,,,,23182,"<span lang=""EN-GB"">Suppose
     you want to a send a text message when you are surrounded by people you
     know (e.g., acquaintances, colleagues) at a restaurant.<o:p></o:p></span>"
11/1/2018 3:36,11/1/2018 3:39,0,104.227.86.92,100,130,1,11/1/2018 3:39,R_3j7l8keMrffDb0s,,,,,34.1072998,-118.2266006,anonymous,EN,"2,5,6",7,,5,,6,,3,,6,,4,5,,5,,4,6,,5,,7,,5,,5,,4,,2,,,,,,,,,,,,,,,,,,,,,,,,,,,,,,7,,5,,6,,3,,6,,4,5,,5,,5,,6,,7,,5,,7,,5,,4,,,,,,,,,,,,,,,,,,,,,,,,,,,,,,,,,,,,,,,,,,,,,,,,,,,,,,,,,,,,,,,,,,,,,,,,,,,,,,,,,,,,,,,,,,,,,,,,,,,,,,,,,,,,,,,,,,,,,,female,34,associates,5,1,,3,79114,"<span lang=""EN-GB"">Suppose
     you want to a view a text message when you are surrounded by people you
     know (e.g., acquaintances, colleagues) at a restaurant.<o:p></o:p></span>"
11/1/2018 3:38,11/1/2018 3:39,0,104.129.131.181,100,47,1,11/1/2018 3:39,R_YbjOD9jtHW4OMsF,,,,,33.0249939,-96.73970032,anonymous,EN,3,,,,,,,,,,,,,,,,,,,,,,,,,,,,,,,,,,,,,,,,,,,,,,,,,,,,,,,,,,,,,,,,,,,,,,,,,,,,,,,,,,,,,,,,,,,,,,,,,,,,,,,,,,,,,,,,,,,,,,,,,,,,,,,,,,,,,,,,,,,,,,,,,,,,,,,,,,,,,,,,,,,,,,,,,,,,,,,,,,,,,,,,,,,,,,,,,,,,,,,,,,,,,,,,,,,25426,"<span lang=""EN-GB"">Suppose
     you want to purchase something online when you are alone at Starbucks.<o:p></o:p></span>"
11/1/2018 3:37,11/1/2018 3:39,0,174.229.4.174,100,126,1,11/1/2018 3:39,R_3MKaM3oSoRNQgf5,,,,,40.47520447,-79.95279694,anonymous,EN,"1,2,3,4,5,6",2,,"1,2",,1,,1,,"1,2,3",,"1,2","1,2",,"1,2,3",,"1,2","2,3",,"1,2",,"1,2,3",,"1,2",,"1,2",,"1,2",,2,,,,,,,,,,,,,,,,,,,,,,,,,,,,,,"2,4",,"1,2",,"1,2",,1,,"1,2,3",,"1,2","1,2",,"1,2",,"1,2",,"1,2",,"1,2",,"1,2",,"1,2",,"1,2",,1,,,,,,,,,,,,,,,,,,,,,,,,,,,,,,,,,,,,,,,,,,,,,,,,,,,,,,,,,,,,,,,,,,,,,,,,,,,,,,,,,,,,,,,,,,,,,,,,,,,,,,,,,,,,,,,,,,,,,,Male,44,Claimsmanager,5,1,,3,35235,"<span lang=""EN-GB"">Suppose
     you have planned to meet a friend next week and you want put this on your
     calendar when you are alone at home<strong><o:p></o:p></strong></span>"
11/1/2018 3:39,11/1/2018 3:40,0,50.3.247.133,100,38,1,11/1/2018 3:40,R_1LbzsRjh291PdIM,,,,,32.81520081,-96.87030029,anonymous,EN,2,,,,,,,,,,,,,,,,,,,,,,,,,,,,,,,,,,,,,,,,,,,,,,,,,,,,,,,,,,,,,,,,,,,,,,,,,,,,,,,,,,,,,,,,,,,,,,,,,,,,,,,,,,,,,,,,,,,,,,,,,,,,,,,,,,,,,,,,,,,,,,,,,,,,,,,,,,,,,,,,,,,,,,,,,,,,,,,,,,,,,,,,,,,,,,,,,,,,,,,,,,,,,,,,,,,70265,"<span lang=""EN-GB"">Suppose
     you want to a view a text message when you are surrounded with people you
     are close to (e.g., friends, family members) at your home.<strong><o:p></o:p></strong></span>"
11/1/2018 3:37,11/1/2018 3:40,0,162.248.134.239,100,170,1,11/1/2018 3:40,R_268YwDwZqGGSLNX,,,,,37.75100708,-97.8219986,anonymous,EN,6,,,,,,,,,,,,,,,,,,,,,,,,,,,,,,,,,,,,,,,,,,,,,,,,,,,,,,,,,,,,,,,,,,,,,,,,,,,,,,,,,,,,,,,,,,,,,,,,,,,,,,,,,,,,,,,,,,,,,,,,,,,,,,,,,,,,,,,,,,,,,,,,,,,,,,,,,,,,,,,,,,,,,,,,,,,,,,,,,,,,,,,,,,,,,,,,,,,,,,,,,,,,,,,,,,,51417,"<span lang=""EN-GB"">Suppose
     you want to set up a reminder about something when you are with people you
     know (e.g., acquaintances, colleagues) at Starbucks.<o:p></o:p></span>"
11/1/2018 3:40,11/1/2018 3:41,0,104.129.131.125,100,80,1,11/1/2018 3:41,R_6FfP1Wh9t4P7tvP,,,,,33.0249939,-96.73970032,anonymous,EN,"1,2,3,4,5,6",1,,2,,2,,1,,1,,1,2,,2,,2,2,,2,,2,,2,,2,,1,,,,,,,,,,,,,,,,,,,,,,,,,,,,,,,,,,,,,,,,,,,,,,,,,,,,,,,,,,,,,,,,,,,,,,,,,,,,,,,,,,,,,,,,,,,,,,,,,,,,,,,,,,,,,,,,,,,,,,,,,,,,,,,,,,,,,,,,,,,,,,,,,,,,,,,,,,,,,,,,,,,,,,,,,,,,,,,,,,,,,,,,42823,"<span lang=""EN-GB"">Suppose you want to browse the internet when you are with people you know (e.g., acquaintances, colleagues) at a park.<o:p></o:p></span>"
11/1/2018 3:38,11/1/2018 3:41,0,104.200.37.219,100,182,1,11/1/2018 3:41,R_2cdcJ0F9bw7Glbe,,,,,35.66650391,-97.4654007,anonymous,EN,"1,3",,,,,,,,,,,,,,,,,,,,,,,,,,,,,,,,,,,,,,,,,,,,,,,,,,,,,,,,,,,,,,,,,,,,,,,,,,,,,,,,,,,,,,,,,,,,,,,,,,,,,,,,,,,,,,,,,,,,,,,,,,,,,,,,,,,,,,,,,,,,,,,,,,,,,,,,,,,,,,,,,,,,,,,,,,,,,,,,,,,,,,,,,,,,,,,,,,,,,,,,,,,,,,,,,,,611,"<span lang=""EN-GB"">Suppose you want to read a digital document when you are at Starbucks with people you know (e.g., acquaintances, colleagues).<o:p></o:p></span>"
11/1/2018 3:41,11/1/2018 3:42,0,104.200.37.219,100,12,1,11/1/2018 3:42,R_AzfAypnfHLj8XBL,,,,,35.66650391,-97.4654007,anonymous,EN,1,,,,,,,,,,,,,,,,,,,,,,,,,,,,,,,,,,,,,,,,,,,,,,,,,,,,,,,,,,,,,,,,,,,,,,,,,,,,,,,,,,,,,,,,,,,,,,,,,,,,,,,,,,,,,,,,,,,,,,,,,,,,,,,,,,,,,,,,,,,,,,,,,,,,,,,,,,,,,,,,,,,,,,,,,,,,,,,,,,,,,,,,,,,,,,,,,,,,,,,,,,,,,,,,,,,95346,"<span id=""docs-internal-guid-5a7e3441-7fff-9d1f-10e6-454a1d940975""><span style=""font-size: 11pt; font-family: Arial; color: rgb(0, 0, 0); background-color: transparent; font-variant-numeric: normal; font-variant-east-asian: normal; vertical-align: baseline; white-space: pre-wrap;"">Suppose you want to call your mother for sharing an important update about your life &nbsp;when you are alone at home</span><br> <br><br></span>"
11/1/2018 3:40,11/1/2018 3:42,0,104.200.38.75,100,134,1,11/1/2018 3:42,R_RCFf4dzK57vPBcJ,,,,,35.66650391,-97.4654007,anonymous,EN,"2,5,6",7,,5,,6,,3,,6,,4,5,,5,,4,6,,5,,7,,5,,5,,4,,2,,,,,,,,,,,,,,,,,,,,,,,,,,,,,,7,,5,,6,,3,,6,,4,5,,5,,5,,6,,7,,5,,7,,5,,4,,,,,,,,,,,,,,,,,,,,,,,,,,,,,,,,,,,,,,,,,,,,,,,,,,,,,,,,,,,,,,,,,,,,,,,,,,,,,,,,,,,,,,,,,,,,,,,,,,,,,,,,,,,,,,,,,,,,,,male,36,associates,5,1,,3,55278,"<span lang=""EN-GB"">Suppose you are at sitting at Starbucks and you want to play a digital/online&nbsp;</span>game."
11/1/2018 3:42,11/1/2018 3:43,0,104.200.37.219,100,92,1,11/1/2018 3:43,R_3oNFY8JNgQBDaK0,,,,,35.66650391,-97.4654007,anonymous,EN,"1,3,4,5,6","1,2,4",,"1,3",,"1,2,3",,3,,"1,2,3",,"1,3","1,2,3",,"1,2,3",,"1,2,3","2,3",,"1,3",,"1,3",,"1,3",,"1,3",,"1,2",,,,,,,,,,,,,,,,,,,,,,,,,,,,,,,,,,,,,,,,,,,,,,,,,,,,,,,,,,,,,,,,,,,,,,,,,,,,,,,,,,,,,,,,,,,,,,,,,,,,,,,,,,,,,,,,,,,,,,,,,,,,,,,,,,,,,,,,,,,,,,,,,,,,,,,,,,,,,,,,,,,,,,,,,,,,,,,,,,,,,,,,22946,"<span lang=""EN-GB"">Suppose you are at a park, you have just read a book you loved and now you&nbsp;</span>want to write a review for it to share with people you are close to (e.g., friends, family members)"
11/1/2018 3:40,11/1/2018 3:43,0,162.248.134.239,100,191,1,11/1/2018 3:43,R_38DfAchuqMPonxn,,,,,37.75100708,-97.8219986,anonymous,EN,3,,,,,,,,,,,,,,,,,,,,,,,,,,,,,,,,,,,,,,,,,,,,,,,,,,,,,,,,,,,,,,,,,,,,,,,,,,,,,,,,,,,,,,,,,,,,,,,,,,,,,,,,,,,,,,,,,,,,,,,,,,,,,,,,,,,,,,,,,,,,,,,,,,,,,,,,,,,,,,,,,,,,,,,,,,,,,,,,,,,,,,,,,,,,,,,,,,,,,,,,,,,,,,,,,,,35890,"<span lang=""EN-GB"">Suppose you want to browse the internet when you are with people you know (e.g., acquaintances, colleagues) at a restaurant.<o:p></o:p></span>"
11/1/2018 3:40,11/1/2018 3:44,0,50.3.247.133,100,263,1,11/1/2018 3:44,R_3Leel7HePWVRcRU,,,,,32.81520081,-96.87030029,anonymous,EN,"2,3,5,6","1,2",,1,,1,,1,,2,,1,1,,1,,1,1,,1,,1,,1,,1,,2,,3,,,,,,,,,,,,,,,,,,,,,,,,,,,,,,,,,,,,,,,,,,,,,,,,,,,,,,,,,,,"1,2",,1,,2,,1,,1,,1,1,,2,,1,,2,,1,,1,,1,,2,,1,,,,,,,,,,,,,,,,,,,,,,,,,,,,,,,,,,,,,,,,,,,,,,,,,,,,,,,,,,,,,,,,,,,,,,,,,,,,,,,,,,,,,,,,,,,,,,,,95150,"Suppose
     you want to call your mother for sharing an important update about your
     life when you are surrounded by people you
     know (e.g., acquaintances, colleagues) at a restaurant.<o:p></o:p>"
11/1/2018 3:42,11/1/2018 3:44,0,104.227.86.38,100,136,1,11/1/2018 3:44,R_2sXweT6dfXsEhg1,,,,,34.1072998,-118.2266006,anonymous,EN,"2,5,6",7,,5,,6,,3,,6,,4,5,,5,,4,6,,5,,7,,5,,5,,4,,2,,,,,,,,,,,,,,,,,,,,,,,,,,,,,,7,,5,,6,,3,,6,,4,5,,5,,5,,6,,7,,5,,7,,5,,4,,,,,,,,,,,,,,,,,,,,,,,,,,,,,,,,,,,,,,,,,,,,,,,,,,,,,,,,,,,,,,,,,,,,,,,,,,,,,,,,,,,,,,,,,,,,,,,,,,,,,,,,,,,,,,,,,,,,,,male,53,manager,5,1,,3,37536,"<span lang=""EN-GB"">Suppose you want to read a digital document when you are at a park.<o:p></o:p></span>"
11/1/2018 3:41,11/1/2018 3:45,0,104.129.131.125,100,215,1,11/1/2018 3:45,R_2vkKQvYWXt7RnK4,,,,,33.0249939,-96.73970032,anonymous,EN,"1,2,3,4,5",1,,1,,6,,3,,1,,1,1,,2,,1,1,,3,,2,,1,,2,,4,,,,,,,,,,,,,,,,,,,,,,,,,,,,,,,,,,,,,,,,,,,,,,,,,,,,,,,,,,,,,,,,,,,,,,,,,,,,,,,,,,,,,,,,,,,,,,,,,,,,,,,,,,,,,,,,,,,,,,,,,,,,,,,,,,,,,,,,,,,,,,,,,,,,,,,,,,,,,,,,,,,,,,,,,,,,,,,,,,,,,,,,43810,"<span lang=""EN-GB"">Suppose you are on a short vacation alone and you want to take a picture in front&nbsp;</span>of an iconic monument."
11/1/2018 3:39,11/1/2018 3:45,0,104.129.131.181,100,371,1,11/1/2018 3:45,R_3s1DMoIG021an3W,,,,,33.0249939,-96.73970032,anonymous,EN,"1,2,3,4,5",3,,3,,3,,3,,4,,3,2,,5,,2,"2,4",,3,,2,,3,,1,,2,,,,,,,,,,,,,,,,,,,,,,,,,,,,,,,,,,,,,,,,,,,,,,,,,,,,,,,,,,,,,,,,,,,,,,,,,,,,,,,,,,,,,,,,,,,,,,,,,,,,,,,,,,,,,,,,,,,,,,,,,,,,,,,,,,,,,,,,,,,,,,,,,,,,,,,,,,,,,,,,,,,,,,,,,,,,,,,,,,,,,,,,80446,"<span lang=""EN-GB"">Suppose you are at a park with some people you know (e.g., acquaintances, colleagues) when you realize that you have to immediately pay one of your bills online.<o:p></o:p></span>"
11/1/2018 3:45,11/1/2018 3:45,0,50.3.247.133,100,14,1,11/1/2018 3:45,R_124pP9G5Mdnzvqy,,,,,32.81520081,-96.87030029,anonymous,EN,3,,,,,,,,,,,,,,,,,,,,,,,,,,,,,,,,,,,,,,,,,,,,,,,,,,,,,,,,,,,,,,,,,,,,,,,,,,,,,,,,,,,,,,,,,,,,,,,,,,,,,,,,,,,,,,,,,,,,,,,,,,,,,,,,,,,,,,,,,,,,,,,,,,,,,,,,,,,,,,,,,,,,,,,,,,,,,,,,,,,,,,,,,,,,,,,,,,,,,,,,,,,,,,,,,,,15931,"<span lang=""EN-GB"">Suppose you want to a send a text message when you are surrounded with people you are close to (e.g., friends, family members) at your home.<strong><o:p></o:p></strong></span>"
11/1/2018 3:44,11/1/2018 3:47,0,162.248.134.239,100,196,1,11/1/2018 3:47,R_3D13iXRGWbFpCdx,,,,,37.75100708,-97.8219986,anonymous,EN,4,,,,,,,,,,,,,,,,,,,,,,,,,,,,,,,,,,,,,,,,,,,,,,,,,,,,,,,,,,,,,,,,,,,,,,,,,,,,,,,,,,,,,,,,,,,,,,,,,,,,,,,,,,,,,,,,,,,,,,,,,,,,,,,,,,,,,,,,,,,,,,,,,,,,,,,,,,,,,,,,,,,,,,,,,,,,,,,,,,,,,,,,,,,,,,,,,,,,,,,,,,,,,,,,,,,92416,"<span lang=""EN-GB"">Suppose
     you are at home with some people you know (e.g., acquaintances,
     colleagues) when you realize today is the last day to pay one of your
     bills online.<o:p></o:p></span>"
11/1/2018 3:47,11/1/2018 3:48,0,162.248.134.239,100,81,1,11/1/2018 3:48,R_3rOEGNNJ6R5hvOo,,,,,37.75100708,-97.8219986,anonymous,EN,"2,5,6",3,,3,,4,,1,,4,,2,3,,3,,3,4,,2,,4,,2,,"1,2",,2,,,,,,,,,,,,,,,,,,,,,,,,,,,,,,,,,,,,,,,,,,,,,,,,,,,,,,,,,,,,,,,,,,,,,,,,,,,,,,,,,,,,,,,,,,,,,,,,,,,,,,,,,,,,,,,,,,,,,,,,,,,,,,,,,,,,,,,,,,,,,,,,,,,,,,,,,,,,,,,,,,,,,,,,,,,,,,,,,,,,,,,,86918,"<span lang=""EN-GB"">Suppose
     you want to call your mother for sharing an important update about your
     life when you are alone at Starbucks.<o:p></o:p></span>"
11/1/2018 3:47,11/1/2018 3:49,0,138.128.18.216,100,99,1,11/1/2018 3:49,R_2wtRvlx3x25nhco,,,,,34.05839539,-118.2779999,anonymous,EN,"2,5,6",7,,5,,6,,3,,6,,4,5,,5,,4,6,,5,,7,,5,,5,,4,,2,,,,,,,,,,,,,,,,,,,,,,,,,,,,,,7,,5,,6,,3,,6,,4,5,,5,,5,,6,,7,,5,,7,,5,,4,,,,,,,,,,,,,,,,,,,,,,,,,,,,,,,,,,,,,,,,,,,,,,,,,,,,,,,,,,,,,,,,,,,,,,,,,,,,,,,,,,,,,,,,,,,,,,,,,,,,,,,,,,,,,,,,,,,,,,male,47,engineer,5,1,,3,96694,"<span lang=""EN-GB"">Suppose you are alone at home when you realize today is the last day to pay one of your bills online.<o:p></o:p></span>"
11/1/2018 3:49,11/1/2018 3:50,0,162.248.134.239,100,59,1,11/1/2018 3:50,R_TuxuKXU18Ffbltf,,,,,37.75100708,-97.8219986,anonymous,EN,"2,5,6",4,,2,,2,,1,,3,,2,3,,2,,3,"3,4",,2,,4,,3,,3,,1,,,,,,,,,,,,,,,,,,,,,,,,,,,,,,,,,,,,,,,,,,,,,,,,,,,,,,,,,,,,,,,,,,,,,,,,,,,,,,,,,,,,,,,,,,,,,,,,,,,,,,,,,,,,,,,,,,,,,,,,,,,,,,,,,,,,,,,,,,,,,,,,,,,,,,,,,,,,,,,,,,,,,,,,,,,,,,,,,,,,,,,,12694,"<span lang=""EN-GB"">Suppose
     you want to a send an email when you are walking on a street.<o:p></o:p></span>"
11/1/2018 3:50,11/1/2018 3:51,0,162.248.134.239,100,69,1,11/1/2018 3:51,R_x63rR14M09GVTwd,,,,,37.75100708,-97.8219986,anonymous,EN,"2,5,6",1,,1,,2,,1,,3,,1,2,,2,,2,2,,2,,3,,2,,1,,1,,,,,,,,,,,,,,,,,,,,,,,,,,,,,,,,,,,,,,,,,,,,,,,,,,,,,,,,,,,,,,,,,,,,,,,,,,,,,,,,,,,,,,,,,,,,,,,,,,,,,,,,,,,,,,,,,,,,,,,,,,,,,,,,,,,,,,,,,,,,,,,,,,,,,,,,,,,,,,,,,,,,,,,,,,,,,,,,,,,,,,,,41231,"<span lang=""EN-GB"">Suppose
     you want to find a route to home when you are alone at Starbucks.<o:p></o:p></span>"
11/1/2018 3:46,11/1/2018 3:53,0,50.3.247.133,100,401,1,11/1/2018 3:53,R_2WJDGr7SPAfskNM,,,,,32.81520081,-96.87030029,anonymous,EN,"2,3,5,6",1,,2,,4,,1,,2,,3,1,,1,,3,2,,1,,2,,1,,2,,2,,"2,3",,,,,,,,,,,,,,,,,,,,,,,,,,,,,,3,,3,,2,,1,,3,,2,3,,"2,3",,3,,4,,"1,3",,2,,3,,"1,3",,2,,2,,1,,4,,1,,2,,2,2,,2,,3,,3,,1,,3,,4,,3,,"1,2",,,,,,,,,,,,,,,,,,,,,,,,,,,,,,,,,,,,,,,,,,,,,,,,,,,,,,,,,,,,,,,,,,,,,,,,,,,,,,,,,,,,,,,,,,,,,,,,82768,"<span lang=""EN-GB"">Suppose
     you want to listen to some audio when you are with people you know (e.g.,
     acquaintances, colleagues) in a park.<o:p></o:p></span>


<p><span lang=""EN-GB"" style=""color:red"">&nbsp;</span></p>"
11/1/2018 3:52,11/1/2018 3:53,0,41.218.219.59,100,53,1,11/1/2018 3:53,R_21FEISRoLrCK5ao,,,,,5.550003052,-0.216705322,anonymous,EN,"1,3",,,,,,,,,,,,,,,,,,,,,,,,,,,,,,,,,,,,,,,,,,,,,,,,,,,,,,,,,,,,,,,,,,,,,,,,,,,,,,,,,,,,,,,,,,,,,,,,,,,,,,,,,,,,,,,,,,,,,,,,,,,,,,,,,,,,,,,,,,,,,,,,,,,,,,,,,,,,,,,,,,,,,,,,,,,,,,,,,,,,,,,,,,,,,,,,,,,,,,,,,,,,,,,,,,,89980,"<span lang=""EN-GB"">Suppose
     you want to a view a text message when you are alone at Starbucks.<o:p></o:p></span>"
11/1/2018 3:54,11/1/2018 3:54,0,41.218.219.59,100,30,1,11/1/2018 3:54,R_31mcEEt74FScuI5,,,,,5.550003052,-0.216705322,anonymous,EN,5,,,,,,,,,,,,,,,,,,,,,,,,,,,,,,,,,,,,,,,,,,,,,,,,,,,,,,,,,,,,,,,,,,,,,,,,,,,,,,,,,,,,,,,,,,,,,,,,,,,,,,,,,,,,,,,,,,,,,,,,,,,,,,,,,,,,,,,,,,,,,,,,,,,,,,,,,,,,,,,,,,,,,,,,,,,,,,,,,,,,,,,,,,,,,,,,,,,,,,,,,,,,,,,,,,,65164,"<span lang=""EN-GB"" style=""font-size:11.0pt;line-height:115%;
font-family:&quot;Arial&quot;,sans-serif;mso-fareast-font-family:Arial;mso-ansi-language:
EN-GB;mso-fareast-language:EN-US;mso-bidi-language:AR-SA"">Suppose you have
planned to meet a friend next week and you want put this on your calendar<span style=""color:#434343""> when you with </span>people you know (e.g.,
acquaintances, colleagues)<span style=""color:#434343""> at a park</span></span>"
10/25/2018 3:56,10/25/2018 3:57,0,108.219.51.154,1,9,0,11/1/2018 3:57,R_3PHVpBbIJfOZ5iP,,,,,,,anonymous,EN,,,,,,,,,,,,,,,,,,,,,,,,,,,,,,,,,,,,,,,,,,,,,,,,,,,,,,,,,,,,,,,,,,,,,,,,,,,,,,,,,,,,,,,,,,,,,,,,,,,,,,,,,,,,,,,,,,,,,,,,,,,,,,,,,,,,,,,,,,,,,,,,,,,,,,,,,,,,,,,,,,,,,,,,,,,,,,,,,,,,,,,,,,,,,,,,,,,,,,,,,,,,,,,,,,,,26767,"<span lang=""EN-GB"">Suppose
     you want to read a digital document) when you are at home with people you
     know (e.g., acquaintances, colleagues).<o:p></o:p></span>"
11/1/2018 3:52,11/1/2018 3:59,0,162.248.134.239,100,393,1,11/1/2018 3:59,R_1eEoihghELkTRNe,,,,,37.75100708,-97.8219986,anonymous,EN,"2,5,6","1,2,3,4,5",,"1,2,3",,"1,2,3,4",,1,,"1,2,3,4",,"1,2,3","1,2,3",,"1,2,3",,"1,2,3","1,2,3,4",,"1,2,3",,"1,2,3,4",,"1,2,3",,"1,2,3",,"1,2",,"2,5,6",,,,,,,,,,,,,,,,,,,,,,,,,,,,,,"1,2,3,4,5",,"1,2,3",,"1,2,3,4",,1,,"1,2,3,4",,"1,2,3","1,2,3",,"1,2,3",,"1,2,3",,"1,2,3,4",,"1,2,3,4",,"1,2,3",,"1,2,3,4",,"1,2,3",,"1,2",,,,,,,,,,,,,,,,,,,,,,,,,,,,,,,,,,,,,,,,,,,,,,,,,,,,,,,,,,,,"1,2,3,4,5",,"1,2,3",,"1,2,3,4",,1,,"1,2,3,4",,"1,2,3","1,2,3",,"1,2,3",,"1,2,3",,"1,2,3,4",,"1,2,3,4",,"1,2,3",,"1,2,3,4",,"1,2,3",,"1,2",,"1,2,3,4,5",,"1,2,3",,"1,2,3,4",,1,,"1,2,3,4",,"1,2,3","1,2,3",,"1,2,3",,"1,2,3",,"1,2,3,4",,"1,2,3,4",,"1,2,3",,"1,2,3,4",,"1,2,3",,"1,2",,male,28,Employee,5,1,,5,89689,"<span lang=""EN-GB"">Suppose you are at sitting in a park and you want to play a digital/online game.<o:p></o:p></span>"
11/1/2018 3:55,11/1/2018 3:59,0,41.218.219.59,100,271,1,11/1/2018 3:59,R_RDKQqKmPuFUZIGd,,,,,5.550003052,-0.216705322,anonymous,EN,"2,3,4",4,,3,,2,,1,,3,,3,2,,2,,2,2,,2,,3,,2,,1,,2,,,,,,,,,,,,,,,,,,,,,,,,,,,,,,,,,,,,,,,,,,,,,,,,,,,,,,,,,,,,,,,,,,,,,,,,,,,,,,,,,,,,,,,,,,,,,,,,,,,,,,,,,,,,,,,,,,,,,,,,,,,,,,,,,,,,,,,,,,,,,,,,,,,,,,,,,,,,,,,,,,,,,,,,,,,,,,,,,,,,,,,,87668,"Suppose you are alone at home, you want to take a break from studying/working&nbsp;<p>so you decide to play a video game with some with some people you know (e.g., acquaintances, colleagues).<o:p></o:p></p>"
11/1/2018 4:02,11/1/2018 4:02,0,71.53.146.34,100,17,1,11/1/2018 4:02,R_3m7EKBAWfZmnsI8,,,,,41.22920227,-74.59919739,anonymous,EN,"1,2",,,,,,,,,,,,,,,,,,,,,,,,,,,,,,,,,,,,,,,,,,,,,,,,,,,,,,,,,,,,,,,,,,,,,,,,,,,,,,,,,,,,,,,,,,,,,,,,,,,,,,,,,,,,,,,,,,,,,,,,,,,,,,,,,,,,,,,,,,,,,,,,,,,,,,,,,,,,,,,,,,,,,,,,,,,,,,,,,,,,,,,,,,,,,,,,,,,,,,,,,,,,,,,,,,,26283,"<span lang=""EN-GB"">Suppose it is a regular working day, you want to track the total amount of calories&nbsp;</span>you consume and burn off during the day.&nbsp;"
11/1/2018 4:06,11/1/2018 4:09,0,104.238.213.248,100,211,1,11/1/2018 4:09,R_21B1DmJUanm3MiT,,,,,40.75169373,-73.97070313,anonymous,EN,"1,2,3,4,5,6","1,2,3,4",,"1,2",,"1,2",,1,,"1,2,3",,"1,2",2,,"1,2",,"1,2","1,2",,"1,2",,"2,3",,"1,2",,"1,2",,"1,2",,2,,,,,,,,,,,,,,,,,,,,,,,,,,,,,,"1,2,3,4",,"1,2",,"1,2",,1,,"1,2",,"1,2","1,2",,"1,2",,"1,2",,"1,2",,"1,2",,"1,2",,"1,2,3",,"1,2",,"1,2",,,,,,,,,,,,,,,,,,,,,,,,,,,,,,,,,,,,,,,,,,,,,,,,,,,,,,,,,,,,,,,,,,,,,,,,,,,,,,,,,,,,,,,,,,,,,,,,,,,,,,,,,,,,,,,,,,,,,,,,,,,,,68627,"<span lang=""EN-GB"">Suppose you want to call your mother for sharing an important
     update about your life when you are surrounded by people you know (e.g.,
     acquaintances, colleagues) at your home.<o:p></o:p></span>"
11/1/2018 4:26,11/1/2018 4:28,0,138.128.93.96,100,112,1,11/1/2018 4:28,R_2rPy42CRD5mHX81,,,,,30.290802,-81.63210297,anonymous,EN,"2,5,6",7,,5,,6,,3,,6,,4,5,,5,,4,6,,5,,7,,5,,5,,4,,2,,,,,,,,,,,,,,,,,,,,,,,,,,,,,,7,,5,,6,,3,,6,,4,5,,5,,5,,6,,7,,5,,7,,5,,4,,,,,,,,,,,,,,,,,,,,,,,,,,,,,,,,,,,,,,,,,,,,,,,,,,,,,,,,,,,,,,,,,,,,,,,,,,,,,,,,,,,,,,,,,,,,,,,,,,,,,,,,,,,,,,,,,,,,,,Male,50,Software developer,5,1,,3,40037,"<span lang=""EN-GB"">Suppose
     you want to set up a reminder when you with people you know (e.g.,
     acquaintances, colleagues) at a park.<o:p></o:p></span>"
11/1/2018 4:34,11/1/2018 4:34,0,108.187.204.115,100,16,1,11/1/2018 4:34,R_Zyp5nn1PvnrIqlP,,,,,37.75100708,-97.8219986,anonymous,EN,1,,,,,,,,,,,,,,,,,,,,,,,,,,,,,,,,,,,,,,,,,,,,,,,,,,,,,,,,,,,,,,,,,,,,,,,,,,,,,,,,,,,,,,,,,,,,,,,,,,,,,,,,,,,,,,,,,,,,,,,,,,,,,,,,,,,,,,,,,,,,,,,,,,,,,,,,,,,,,,,,,,,,,,,,,,,,,,,,,,,,,,,,,,,,,,,,,,,,,,,,,,,,,,,,,,,89906,"<span lang=""EN-GB"">Suppose you want to watch some video when you are alone in a park.<o:p></o:p></span>"
11/1/2018 4:35,11/1/2018 4:35,0,108.187.204.115,100,34,1,11/1/2018 4:35,R_2ZIbCjhWkvqBgET,,,,,37.75100708,-97.8219986,anonymous,EN,2,,,,,,,,,,,,,,,,,,,,,,,,,,,,,,,,,,,,,,,,,,,,,,,,,,,,,,,,,,,,,,,,,,,,,,,,,,,,,,,,,,,,,,,,,,,,,,,,,,,,,,,,,,,,,,,,,,,,,,,,,,,,,,,,,,,,,,,,,,,,,,,,,,,,,,,,,,,,,,,,,,,,,,,,,,,,,,,,,,,,,,,,,,,,,,,,,,,,,,,,,,,,,,,,,,,20741,"<span lang=""EN-GB"">Suppose you want to a send a text message when you are surrounded with people you are close to (e.g., friends, family members) at your home.<strong><o:p></o:p></strong></span>"
11/1/2018 4:36,11/1/2018 4:37,0,108.187.204.115,100,71,1,11/1/2018 4:37,R_3k19LKoyq2ri0AH,,,,,37.75100708,-97.8219986,anonymous,EN,"3,4",,,,,,,,,,,,,,,,,,,,,,,,,,,,,,,,,,,,,,,,,,,,,,,,,,,,,,,,,,,,,,,,,,,,,,,,,,,,,,,,,,,,,,,,,,,,,,,,,,,,,,,,,,,,,,,,,,,,,,,,,,,,,,,,,,,,,,,,,,,,,,,,,,,,,,,,,,,,,,,,,,,,,,,,,,,,,,,,,,,,,,,,,,,,,,,,,,,,,,,,,,,,,,,,,,,98041,"<span id=""docs-internal-guid-5a7e3441-7fff-9d1f-10e6-454a1d940975""><span style=""font-size: 11pt; font-family: Arial; color: rgb(0, 0, 0); background-color: transparent; font-variant-numeric: normal; font-variant-east-asian: normal; vertical-align: baseline; white-space: pre-wrap;"">Suppose you want to call your mother for sharing an important update about your life &nbsp;when you are alone at home</span><br> <br><br></span>"
11/1/2018 4:37,11/1/2018 4:38,0,108.187.204.115,100,73,1,11/1/2018 4:38,R_2WGvhlfKHIapGBO,,,,,37.75100708,-97.8219986,anonymous,EN,"1,2,4",2,,2,,2,,1,,2,,1,3,,2,,1,2,,3,,4,,2,,3,,2,,,,,,,,,,,,,,,,,,,,,,,,,,,,,,,,,,,,,,,,,,,,,,,,,,,,,,,,,,,,,,,,,,,,,,,,,,,,,,,,,,,,,,,,,,,,,,,,,,,,,,,,,,,,,,,,,,,,,,,,,,,,,,,,,,,,,,,,,,,,,,,,,,,,,,,,,,,,,,,,,,,,,,,,,,,,,,,,,,,,,,,,15539,"<span lang=""EN-GB"">Suppose you want to take a click a photo when you are with your close friends&nbsp;</span>and family members at Starbucks"
11/1/2018 4:38,11/1/2018 4:40,0,108.187.204.115,100,77,1,11/1/2018 4:40,R_2Siu3i9qEe1oKKW,,,,,37.75100708,-97.8219986,anonymous,EN,"1,2,4","2,4",,"1,3",,"1,3",,1,,"2,3",,"2,3","1,3",,"1,3",,"1,2","2,3",,"1,3",,"1,3",,"1,2",,"1,3",,"1,2",,,,,,,,,,,,,,,,,,,,,,,,,,,,,,,,,,,,,,,,,,,,,,,,,,,,,,,,,,,,,,,,,,,,,,,,,,,,,,,,,,,,,,,,,,,,,,,,,,,,,,,,,,,,,,,,,,,,,,,,,,,,,,,,,,,,,,,,,,,,,,,,,,,,,,,,,,,,,,,,,,,,,,,,,,,,,,,,,,,,,,,,76926,"<span lang=""EN-GB"">Suppose you want to find a route to a coffee shop when you are
     at home </span><span lang=""EN-GB"">with
     people you are close to (e.g., friends, family members)</span><strong><span lang=""EN-GB""><o:p></o:p></span></strong>"
11/1/2018 4:42,11/1/2018 4:43,0,68.63.164.6,100,14,1,11/1/2018 4:43,R_5irDhduv4y5wbjb,,,,,36.10549927,-83.94599915,anonymous,EN,"1,2",,,,,,,,,,,,,,,,,,,,,,,,,,,,,,,,,,,,,,,,,,,,,,,,,,,,,,,,,,,,,,,,,,,,,,,,,,,,,,,,,,,,,,,,,,,,,,,,,,,,,,,,,,,,,,,,,,,,,,,,,,,,,,,,,,,,,,,,,,,,,,,,,,,,,,,,,,,,,,,,,,,,,,,,,,,,,,,,,,,,,,,,,,,,,,,,,,,,,,,,,,,,,,,,,,,72910,"<span lang=""EN-GB"">Suppose
     you want to read a digital document when you are alone at home.<strong><o:p></o:p></strong></span>"
11/1/2018 4:54,11/1/2018 4:58,0,157.46.47.104,100,219,1,11/1/2018 4:58,R_2VlTw77d17oC63N,,,,,10.99249268,76.96139526,anonymous,EN,"1,2,6","3,4",,"1,2,3",,"2,3",,1,,"1,3",,4,"2,3",,2,,2,"1,3,4",,1,,"2,3",,"1,3",,"1,2",,"1,2",,,,,,,,,,,,,,,,,,,,,,,,,,,,,,,,,,,,,,,,,,,,,,,,,,,,,,,,,,,,,,,,,,,,,,,,,,,,,,,,,,,,,,,,,,,,,,,,,,,,,,,,,,,,,,,,,,,,,,,,,,,,,,,,,,,,,,,,,,,,,,,,,,,,,,,,,,,,,,,,,,,,,,,,,,,,,,,,,,,,,,,,98889,"<span lang=""EN-GB"">Suppose
     you want to a send a text message when you with people you know (e.g., acquaintances,
     colleagues) at a street<strong>.</strong><o:p></o:p></span>"
11/1/2018 4:58,11/1/2018 4:59,0,73.55.32.154,100,35,1,11/1/2018 4:59,R_8dgQH5Dkz0SktPj,,,,,27.06059265,-82.35199738,anonymous,EN,2,,,,,,,,,,,,,,,,,,,,,,,,,,,,,,,,,,,,,,,,,,,,,,,,,,,,,,,,,,,,,,,,,,,,,,,,,,,,,,,,,,,,,,,,,,,,,,,,,,,,,,,,,,,,,,,,,,,,,,,,,,,,,,,,,,,,,,,,,,,,,,,,,,,,,,,,,,,,,,,,,,,,,,,,,,,,,,,,,,,,,,,,,,,,,,,,,,,,,,,,,,,,,,,,,,,31376,"<span lang=""EN-GB"">Suppose you want to a view a text message when you are alone at a street.<o:p></o:p></span>"
11/1/2018 5:19,11/1/2018 5:19,0,172.3.149.50,100,15,1,11/1/2018 5:19,R_3EikoxMpVrGnaZ5,,,,,26.65870667,-80.24140167,anonymous,EN,3,,,,,,,,,,,,,,,,,,,,,,,,,,,,,,,,,,,,,,,,,,,,,,,,,,,,,,,,,,,,,,,,,,,,,,,,,,,,,,,,,,,,,,,,,,,,,,,,,,,,,,,,,,,,,,,,,,,,,,,,,,,,,,,,,,,,,,,,,,,,,,,,,,,,,,,,,,,,,,,,,,,,,,,,,,,,,,,,,,,,,,,,,,,,,,,,,,,,,,,,,,,,,,,,,,,72762,"<span lang=""EN-GB"">Suppose
     you want to a view a text message when you are surrounded with people you
     are close to (e.g., friends, family members) at your home.<strong><o:p></o:p></strong></span>"
11/1/2018 5:21,11/1/2018 5:22,0,198.46.189.179,100,14,1,11/1/2018 5:22,R_1FR3mXauosvtMNl,,,,,42.88639832,-78.87809753,anonymous,EN,2,,,,,,,,,,,,,,,,,,,,,,,,,,,,,,,,,,,,,,,,,,,,,,,,,,,,,,,,,,,,,,,,,,,,,,,,,,,,,,,,,,,,,,,,,,,,,,,,,,,,,,,,,,,,,,,,,,,,,,,,,,,,,,,,,,,,,,,,,,,,,,,,,,,,,,,,,,,,,,,,,,,,,,,,,,,,,,,,,,,,,,,,,,,,,,,,,,,,,,,,,,,,,,,,,,,6344,"<span lang=""EN-GB"" style=""font-size:11.0pt;line-height:115%;
font-family:&quot;Arial&quot;,sans-serif;mso-fareast-font-family:Arial;mso-ansi-language:
EN-GB;mso-fareast-language:EN-US;mso-bidi-language:AR-SA"">Suppose you want to
read a digital document when you are at Starbucks surrounded with your close
friends.</span>"
11/1/2018 5:22,11/1/2018 5:22,0,157.46.56.23,100,12,1,11/1/2018 5:22,R_QfV8LW6ovvLzAl3,,,,,11.6499939,78.16668701,anonymous,EN,1,,,,,,,,,,,,,,,,,,,,,,,,,,,,,,,,,,,,,,,,,,,,,,,,,,,,,,,,,,,,,,,,,,,,,,,,,,,,,,,,,,,,,,,,,,,,,,,,,,,,,,,,,,,,,,,,,,,,,,,,,,,,,,,,,,,,,,,,,,,,,,,,,,,,,,,,,,,,,,,,,,,,,,,,,,,,,,,,,,,,,,,,,,,,,,,,,,,,,,,,,,,,,,,,,,,88805,"<span lang=""EN-GB"" style=""font-size:11.0pt;line-height:115%;
font-family:&quot;Arial&quot;,sans-serif;mso-fareast-font-family:Arial;mso-ansi-language:
EN-GB;mso-fareast-language:EN-US;mso-bidi-language:AR-SA"">Suppose you want to a
view a text message when you are alone at home</span>"
11/1/2018 5:22,11/1/2018 5:22,0,198.46.189.179,100,20,1,11/1/2018 5:22,R_3lKzf0hLHbE0mgv,,,,,42.88639832,-78.87809753,anonymous,EN,6,,,,,,,,,,,,,,,,,,,,,,,,,,,,,,,,,,,,,,,,,,,,,,,,,,,,,,,,,,,,,,,,,,,,,,,,,,,,,,,,,,,,,,,,,,,,,,,,,,,,,,,,,,,,,,,,,,,,,,,,,,,,,,,,,,,,,,,,,,,,,,,,,,,,,,,,,,,,,,,,,,,,,,,,,,,,,,,,,,,,,,,,,,,,,,,,,,,,,,,,,,,,,,,,,,,41940,"<span lang=""EN-GB"">Suppose you are at a park with some people you know (e.g., acquaintances, colleagues) when you realize that you have to immediately pay one of your bills online.<o:p></o:p></span>"
11/1/2018 5:22,11/1/2018 5:23,0,198.46.189.179,100,8,1,11/1/2018 5:23,R_3EG4C26Pg0r2LMG,,,,,42.88639832,-78.87809753,anonymous,EN,5,,,,,,,,,,,,,,,,,,,,,,,,,,,,,,,,,,,,,,,,,,,,,,,,,,,,,,,,,,,,,,,,,,,,,,,,,,,,,,,,,,,,,,,,,,,,,,,,,,,,,,,,,,,,,,,,,,,,,,,,,,,,,,,,,,,,,,,,,,,,,,,,,,,,,,,,,,,,,,,,,,,,,,,,,,,,,,,,,,,,,,,,,,,,,,,,,,,,,,,,,,,,,,,,,,,83929,"<span lang=""EN-GB"">Suppose
     you want to set up a reminder when you are at a park by yourself.<o:p></o:p></span>"
11/1/2018 5:23,11/1/2018 5:23,0,198.46.189.179,100,9,1,11/1/2018 5:23,R_11YfrGtTUW5R1is,,,,,42.88639832,-78.87809753,anonymous,EN,4,,,,,,,,,,,,,,,,,,,,,,,,,,,,,,,,,,,,,,,,,,,,,,,,,,,,,,,,,,,,,,,,,,,,,,,,,,,,,,,,,,,,,,,,,,,,,,,,,,,,,,,,,,,,,,,,,,,,,,,,,,,,,,,,,,,,,,,,,,,,,,,,,,,,,,,,,,,,,,,,,,,,,,,,,,,,,,,,,,,,,,,,,,,,,,,,,,,,,,,,,,,,,,,,,,,51831,"<span lang=""EN-GB"">Suppose you have planned to meet a friend next week and you want to put this on your calendar when you are surrounded with people you are close to (e.g., friends, family members) at your home.<strong><o:p></o:p></strong></span>"
11/1/2018 5:22,11/1/2018 5:23,0,157.46.56.23,100,34,1,11/1/2018 5:23,R_1DOqUar95JfsDTB,,,,,11.6499939,78.16668701,anonymous,EN,2,,,,,,,,,,,,,,,,,,,,,,,,,,,,,,,,,,,,,,,,,,,,,,,,,,,,,,,,,,,,,,,,,,,,,,,,,,,,,,,,,,,,,,,,,,,,,,,,,,,,,,,,,,,,,,,,,,,,,,,,,,,,,,,,,,,,,,,,,,,,,,,,,,,,,,,,,,,,,,,,,,,,,,,,,,,,,,,,,,,,,,,,,,,,,,,,,,,,,,,,,,,,,,,,,,,4862,"<span lang=""EN-GB"">Suppose
     you want to a send an email when you are with a very close friend at a
     restaurant&nbsp;<o:p></o:p></span>"
11/1/2018 5:23,11/1/2018 5:24,0,157.46.56.23,100,83,1,11/1/2018 5:24,R_r7419DEtxoB7LAl,,,,,11.6499939,78.16668701,anonymous,EN,3,,,,,,,,,,,,,,,,,,,,,,,,,,,,,,,,,,,,,,,,,,,,,,,,,,,,,,,,,,,,,,,,,,,,,,,,,,,,,,,,,,,,,,,,,,,,,,,,,,,,,,,,,,,,,,,,,,,,,,,,,,,,,,,,,,,,,,,,,,,,,,,,,,,,,,,,,,,,,,,,,,,,,,,,,,,,,,,,,,,,,,,,,,,,,,,,,,,,,,,,,,,,,,,,,,,4757,"<span lang=""EN-GB"">Suppose
     you want to purchase something (e.g., book, household items) online when
     you are with your close friends at a park.<o:p></o:p></span>"
11/1/2018 5:25,11/1/2018 5:26,0,23.236.128.65,100,16,1,11/1/2018 5:26,R_1CfOh8J4hZljcdO,,,,,30.290802,-81.63210297,anonymous,EN,2,,,,,,,,,,,,,,,,,,,,,,,,,,,,,,,,,,,,,,,,,,,,,,,,,,,,,,,,,,,,,,,,,,,,,,,,,,,,,,,,,,,,,,,,,,,,,,,,,,,,,,,,,,,,,,,,,,,,,,,,,,,,,,,,,,,,,,,,,,,,,,,,,,,,,,,,,,,,,,,,,,,,,,,,,,,,,,,,,,,,,,,,,,,,,,,,,,,,,,,,,,,,,,,,,,,91482,"<span lang=""EN-GB"">Suppose
     you want to a view a text message when you are alone at Starbucks.<o:p></o:p></span>"
11/1/2018 5:26,11/1/2018 5:26,0,23.236.128.65,100,23,1,11/1/2018 5:26,R_2DRJKoqOY2rSxSR,,,,,30.290802,-81.63210297,anonymous,EN,2,,,,,,,,,,,,,,,,,,,,,,,,,,,,,,,,,,,,,,,,,,,,,,,,,,,,,,,,,,,,,,,,,,,,,,,,,,,,,,,,,,,,,,,,,,,,,,,,,,,,,,,,,,,,,,,,,,,,,,,,,,,,,,,,,,,,,,,,,,,,,,,,,,,,,,,,,,,,,,,,,,,,,,,,,,,,,,,,,,,,,,,,,,,,,,,,,,,,,,,,,,,,,,,,,,,14622,"<span lang=""EN-GB"">Suppose you are at sitting in a park and you want to play a digital/online game.<o:p></o:p></span>"
11/1/2018 5:26,11/1/2018 5:27,0,23.236.128.65,100,21,1,11/1/2018 5:27,R_81tN3gZF0n2EWch,,,,,30.290802,-81.63210297,anonymous,EN,1,,,,,,,,,,,,,,,,,,,,,,,,,,,,,,,,,,,,,,,,,,,,,,,,,,,,,,,,,,,,,,,,,,,,,,,,,,,,,,,,,,,,,,,,,,,,,,,,,,,,,,,,,,,,,,,,,,,,,,,,,,,,,,,,,,,,,,,,,,,,,,,,,,,,,,,,,,,,,,,,,,,,,,,,,,,,,,,,,,,,,,,,,,,,,,,,,,,,,,,,,,,,,,,,,,,85839,"Suppose you are alone at home, you want to take a break from studying/working&nbsp;<p>so you decide to play a video game with some with some people you know (e.g., acquaintances, colleagues).<o:p></o:p></p>"
11/1/2018 5:27,11/1/2018 5:27,0,23.236.128.65,100,12,1,11/1/2018 5:27,R_9u8Neoh1LbaxgQh,,,,,30.290802,-81.63210297,anonymous,EN,6,,,,,,,,,,,,,,,,,,,,,,,,,,,,,,,,,,,,,,,,,,,,,,,,,,,,,,,,,,,,,,,,,,,,,,,,,,,,,,,,,,,,,,,,,,,,,,,,,,,,,,,,,,,,,,,,,,,,,,,,,,,,,,,,,,,,,,,,,,,,,,,,,,,,,,,,,,,,,,,,,,,,,,,,,,,,,,,,,,,,,,,,,,,,,,,,,,,,,,,,,,,,,,,,,,,10882,"<span lang=""EN-GB"">Suppose you have planned to meet a friend next week and you want to put this on your calendar when you are alone at a park<o:p></o:p></span>"
11/1/2018 5:27,11/1/2018 5:28,0,23.236.128.65,100,34,1,11/1/2018 5:28,R_28J7xLaVww71EAZ,,,,,30.290802,-81.63210297,anonymous,EN,3,,,,,,,,,,,,,,,,,,,,,,,,,,,,,,,,,,,,,,,,,,,,,,,,,,,,,,,,,,,,,,,,,,,,,,,,,,,,,,,,,,,,,,,,,,,,,,,,,,,,,,,,,,,,,,,,,,,,,,,,,,,,,,,,,,,,,,,,,,,,,,,,,,,,,,,,,,,,,,,,,,,,,,,,,,,,,,,,,,,,,,,,,,,,,,,,,,,,,,,,,,,,,,,,,,,54284,"<span lang=""EN-GB"">Suppose you are at sitting at Starbucks and you want to play a digital/online&nbsp;</span>game."
11/1/2018 5:30,11/1/2018 5:32,0,63.142.246.13,100,108,1,11/1/2018 5:32,R_1K6ZTpYiMP13scy,,,,,37.75100708,-97.8219986,anonymous,EN,"1,2,3,4,5,6",3,,3,,3,,1,,4,,2,1,,2,,2,2,,1,,2,,2,,1,,2,,,,,,,,,,,,,,,,,,,,,,,,,,,,,,,,,,,,,,,,,,,,,,,,,,,,,,,,,,,,,,,,,,,,,,,,,,,,,,,,,,,,,,,,,,,,,,,,,,,,,,,,,,,,,,,,,,,,,,,,,,,,,,,,,,,,,,,,,,,,,,,,,,,,,,,,,,,,,,,,,,,,,,,,,,,,,,,,,,,,,,,,8559,"<span lang=""EN-GB"">Suppose
     you want to listen to some audio when you are alone at Starbucks.<o:p></o:p></span>"
11/1/2018 5:33,11/1/2018 5:33,0,50.88.120.94,100,11,1,11/1/2018 5:33,R_3fVpd0S4qBLtAuR,,,,,28.26800537,-81.46749878,anonymous,EN,1,,,,,,,,,,,,,,,,,,,,,,,,,,,,,,,,,,,,,,,,,,,,,,,,,,,,,,,,,,,,,,,,,,,,,,,,,,,,,,,,,,,,,,,,,,,,,,,,,,,,,,,,,,,,,,,,,,,,,,,,,,,,,,,,,,,,,,,,,,,,,,,,,,,,,,,,,,,,,,,,,,,,,,,,,,,,,,,,,,,,,,,,,,,,,,,,,,,,,,,,,,,,,,,,,,,15061,"<span lang=""EN-GB"">Suppose you are at your gym and you want to track the amount of calories&nbsp;</span>you have burnt your workout.&nbsp;"
11/1/2018 5:33,11/1/2018 5:35,0,50.88.120.94,100,111,1,11/1/2018 5:35,R_pghyvXjt5BTwO8p,,,,,28.26800537,-81.46749878,anonymous,EN,"1,2,3,4,5,6","1,2,3,4",,"1,2,3",,"1,2,3,4",,1,,"1,2,3,4",,"1,2,3","1,2,3",,"1,2,3",,"1,2,3","1,2,3,4",,"1,2,3",,"1,2,3,4",,"1,2",,"1,2,3",,"1,2",,,,,,,,,,,,,,,,,,,,,,,,,,,,,,,,,,,,,,,,,,,,,,,,,,,,,,,,,,,,,,,,,,,,,,,,,,,,,,,,,,,,,,,,,,,,,,,,,,,,,,,,,,,,,,,,,,,,,,,,,,,,,,,,,,,,,,,,,,,,,,,,,,,,,,,,,,,,,,,,,,,,,,,,,,,,,,,,,,,,,,,,51550,"<span lang=""EN-GB"">Suppose you want to browse the internet when you are with people you know (e.g., acquaintances, colleagues) at a park.<o:p></o:p></span>"
11/1/2018 5:36,11/1/2018 5:36,0,157.50.246.164,100,16,1,11/1/2018 5:36,R_1hSbKCz9ClFnloF,,,,,10.99249268,76.96139526,anonymous,EN,3,,,,,,,,,,,,,,,,,,,,,,,,,,,,,,,,,,,,,,,,,,,,,,,,,,,,,,,,,,,,,,,,,,,,,,,,,,,,,,,,,,,,,,,,,,,,,,,,,,,,,,,,,,,,,,,,,,,,,,,,,,,,,,,,,,,,,,,,,,,,,,,,,,,,,,,,,,,,,,,,,,,,,,,,,,,,,,,,,,,,,,,,,,,,,,,,,,,,,,,,,,,,,,,,,,,54992,"<span lang=""EN-GB"">Suppose
     you want to find a route to home when you are alone at Starbucks.<o:p></o:p></span>"
11/1/2018 5:44,11/1/2018 5:44,0,41.42.139.74,100,36,1,11/1/2018 5:44,R_3PBQOq5Kwk1q7cs,,,,,31.21560669,29.95530701,anonymous,EN,3,,,,,,,,,,,,,,,,,,,,,,,,,,,,,,,,,,,,,,,,,,,,,,,,,,,,,,,,,,,,,,,,,,,,,,,,,,,,,,,,,,,,,,,,,,,,,,,,,,,,,,,,,,,,,,,,,,,,,,,,,,,,,,,,,,,,,,,,,,,,,,,,,,,,,,,,,,,,,,,,,,,,,,,,,,,,,,,,,,,,,,,,,,,,,,,,,,,,,,,,,,,,,,,,,,,11345,"<span lang=""EN-GB"">Suppose you want to a send a text message when you are alone at a street.<o:p></o:p></span>"
11/1/2018 5:44,11/1/2018 5:45,0,41.42.139.74,100,65,1,11/1/2018 5:45,R_a90r1wZoNMLNgqJ,,,,,31.21560669,29.95530701,anonymous,EN,1,,,,,,,,,,,,,,,,,,,,,,,,,,,,,,,,,,,,,,,,,,,,,,,,,,,,,,,,,,,,,,,,,,,,,,,,,,,,,,,,,,,,,,,,,,,,,,,,,,,,,,,,,,,,,,,,,,,,,,,,,,,,,,,,,,,,,,,,,,,,,,,,,,,,,,,,,,,,,,,,,,,,,,,,,,,,,,,,,,,,,,,,,,,,,,,,,,,,,,,,,,,,,,,,,,,83554,"<span lang=""EN-GB"">Suppose
     you want to find a route to home when you are at Starbucks with your close
     friends.<o:p></o:p></span>"
11/1/2018 6:07,11/1/2018 6:10,0,207.255.97.42,100,194,1,11/1/2018 6:10,R_sMV0NGwwFCwSY6J,,,,,39.88969421,-79.72820282,anonymous,EN,"1,2,3","1,2,3,4",,"1,2",,1,,1,,1,,2,"1,2,3",,"1,2",,3,4,,"1,2",,"1,2,3,4",,"1,2",,"1,2",,"1,2",,,,,,,,,,,,,,,,,,,,,,,,,,,,,,,,,,,,,,,,,,,,,,,,,,,,,,,,,,,,,,,,,,,,,,,,,,,,,,,,,,,,,,,,,,,,,,,,,,,,,,,,,,,,,,,,,,,,,,,,,,,,,,,,,,,,,,,,,,,,,,,,,,,,,,,,,,,,,,,,,,,,,,,,,,,,,,,,,,,,,,,,3478,"<span lang=""EN-GB"">Suppose you want to control some devices/appliances (e.g., smart lights) when you are alone at home.<o:p></o:p></span>"
11/1/2018 5:58,11/1/2018 6:11,0,41.218.219.59,100,800,1,11/1/2018 6:11,R_10u5ocOuGQSP5AP,,,,,5.550003052,-0.216705322,anonymous,EN,"1,2,3,4,6","1,2,3,5",,3,,4,,1,,1,,3,3,,1,,"2,3",2,,3,,6,,"1,2,3",,"1,2,3",,"1,2",,,,,,,,,,,,,,,,,,,,,,,,,,,,,,,,,,,,,,,,,,,,,,,,,,,,,,,,,,,,,,,,,,,,,,,,,,,,,,,,,,,,,,,,,,,,,,,,,,,,,,,,,,,,,,,,,,,,,,,,,,,,,,,,,,,,,,,,,,,,,,,,,,,,,,,,,,,,,,,,,,,,,,,,,,,,,,,,,,,,,,,,49871,"<span lang=""EN-GB"">Suppose
     you want to listen to some audio when you are with people you know (e.g.,
     acquaintances, colleagues) in a park.<o:p></o:p></span>


<p><span lang=""EN-GB"" style=""color:red"">&nbsp;</span></p>"
11/1/2018 6:13,11/1/2018 6:19,0,108.71.8.249,100,389,1,11/1/2018 6:19,R_wNV5xgNe9gJaulj,,,,,29.87440491,-95.52780151,anonymous,EN,"2,3,4","1,2,4,5",,2,,"1,2,3,4",,1,,"1,3",,4,"1,2",,"1,2,3",,"2,3","1,2,3,4",,"1,2,3",,"2,3,4",,"1,2,3",,"1,2,3",,2,,,,,,,,,,,,,,,,,,,,,,,,,,,,,,,,,,,,,,,,,,,,,,,,,,,,,,,,,,,,,,,,,,,,,,,,,,,,,,,,,,,,,,,,,,,,,,,,,,,,,,,,,,,,,,,,,,,,,,,,,,,,,,,,,,,,,,,,,,,,,,,,,,,,,,,,,,,,,,,,,,,,,,,,,,,,,,,,,,,,,,,,36127,"<span lang=""EN-GB"" style=""font-size:11.0pt;line-height:115%;
font-family:&quot;Arial&quot;,sans-serif;mso-fareast-font-family:Arial;mso-ansi-language:
EN-GB;mso-fareast-language:EN-US;mso-bidi-language:AR-SA"">Suppose you want to
find a route to a coffee shop when you are alone at home.</span>"
10/22/2018 6:35,10/25/2018 6:21,0,70.188.166.96,78,258331,0,11/1/2018 6:21,R_2uVBZdZO5B80YYm,,,,,,,anonymous,EN,"1,2,3,4",,,,,,,,,,,,,,,,,,,,,,,,,,,,,,,,,,,,,,,,,,,,,,,,,,,,,,,,,,,,,,,,,,,,,,,,,,,,,,,,,,,,,,,,,,,,,,,,,,,,,,,,,,,,,,,,,,,,,,,,,,,,,,,,,,,,,,,,,,,,,,,,,,,,,,,,,,,,,,,,,,,,,,,,,,,,,,,,,,,,,,,,,,,,,,,,,,,,,,,,,,,,,,,,,,,88006,"<span lang=""EN-GB"">Suppose
     you want to read a digital document) when you are at home with people you
     know (e.g., acquaintances, colleagues).<o:p></o:p></span>"
11/1/2018 6:26,11/1/2018 6:27,0,47.32.4.227,100,49,1,11/1/2018 6:27,R_3Oq3ygSUArr6AN8,,,,,45.25340271,-93.64689636,anonymous,EN,"2,3,4,6","1,3,4",,"1,2",,"2,3",,1,,"2,4",,"1,3",2,,"1,2",,2,"1,3",,"2,3",,"1,2",,"2,3",,2,,2,,,,,,,,,,,,,,,,,,,,,,,,,,,,,,,,,,,,,,,,,,,,,,,,,,,,,,,,,,,,,,,,,,,,,,,,,,,,,,,,,,,,,,,,,,,,,,,,,,,,,,,,,,,,,,,,,,,,,,,,,,,,,,,,,,,,,,,,,,,,,,,,,,,,,,,,,,,,,,,,,,,,,,,,,,,,,,,,,,,,,,,,75251,"<span lang=""EN-GB"">Suppose it is a regular working day, you want to track the total amount of calories&nbsp;</span>you consume and burn off during the day.&nbsp;"
11/1/2018 6:27,11/1/2018 6:28,0,47.32.4.227,100,63,1,11/1/2018 6:28,R_3EMY1UsgdyMQ38p,,,,,45.25340271,-93.64689636,anonymous,EN,"2,3,4,5,6","2,3",,"1,3",,"1,2,4",,3,,"1,3",,"1,3","2,3",,"1,3",,"2,3","1,2",,2,,"1,2,3",,"1,2",,"1,3",,"1,2",,,,,,,,,,,,,,,,,,,,,,,,,,,,,,,,,,,,,,,,,,,,,,,,,,,,,,,,,,,,,,,,,,,,,,,,,,,,,,,,,,,,,,,,,,,,,,,,,,,,,,,,,,,,,,,,,,,,,,,,,,,,,,,,,,,,,,,,,,,,,,,,,,,,,,,,,,,,,,,,,,,,,,,,,,,,,,,,,,,,,,,,49054,"<span lang=""EN-GB"">Suppose you want to listen to some audio when you are alone in a park.<o:p></o:p></span>"
11/1/2018 6:37,11/1/2018 6:38,0,196.17.64.26,100,15,1,11/1/2018 6:38,R_TsUcbFRCUiqD9FD,,,,,34.05439758,-118.2440033,anonymous,EN,"2,4",,,,,,,,,,,,,,,,,,,,,,,,,,,,,,,,,,,,,,,,,,,,,,,,,,,,,,,,,,,,,,,,,,,,,,,,,,,,,,,,,,,,,,,,,,,,,,,,,,,,,,,,,,,,,,,,,,,,,,,,,,,,,,,,,,,,,,,,,,,,,,,,,,,,,,,,,,,,,,,,,,,,,,,,,,,,,,,,,,,,,,,,,,,,,,,,,,,,,,,,,,,,,,,,,,,80379,"<span lang=""EN-GB"">Suppose
     you want to read a digital document when you are at home with people you
     are close to (e.g., friends, family members).<strong><o:p></o:p></strong></span>"
11/1/2018 6:38,11/1/2018 6:39,0,196.17.64.26,100,79,1,11/1/2018 6:39,R_1ikTzQUwo2QHR6W,,,,,34.05439758,-118.2440033,anonymous,EN,2,,,,,,,,,,,,,,,,,,,,,,,,,,,,,,,,,,,,,,,,,,,,,,,,,,,,,,,,,,,,,,,,,,,,,,,,,,,,,,,,,,,,,,,,,,,,,,,,,,,,,,,,,,,,,,,,,,,,,,,,,,,,,,,,,,,,,,,,,,,,,,,,,,,,,,,,,,,,,,,,,,,,,,,,,,,,,,,,,,,,,,,,,,,,,,,,,,,,,,,,,,,,,,,,,,,73971,"<span lang=""EN-GB"">Suppose
     you want to call your mother for sharing an important update about your
     life&nbsp; when you are alone at a park<o:p></o:p></span>"
11/1/2018 6:40,11/1/2018 6:40,0,196.17.64.26,100,14,1,11/1/2018 6:40,R_1mXcaTRsaoDh0yz,,,,,34.05439758,-118.2440033,anonymous,EN,3,,,,,,,,,,,,,,,,,,,,,,,,,,,,,,,,,,,,,,,,,,,,,,,,,,,,,,,,,,,,,,,,,,,,,,,,,,,,,,,,,,,,,,,,,,,,,,,,,,,,,,,,,,,,,,,,,,,,,,,,,,,,,,,,,,,,,,,,,,,,,,,,,,,,,,,,,,,,,,,,,,,,,,,,,,,,,,,,,,,,,,,,,,,,,,,,,,,,,,,,,,,,,,,,,,,99642,"<span lang=""EN-GB"">Suppose
     you want to a view a text message
     when you are walking with a very close friend on a street<o:p></o:p></span>"
11/1/2018 6:40,11/1/2018 6:41,0,196.17.64.26,100,35,1,11/1/2018 6:41,R_2y1HtOC0uT27V1K,,,,,34.05439758,-118.2440033,anonymous,EN,4,,,,,,,,,,,,,,,,,,,,,,,,,,,,,,,,,,,,,,,,,,,,,,,,,,,,,,,,,,,,,,,,,,,,,,,,,,,,,,,,,,,,,,,,,,,,,,,,,,,,,,,,,,,,,,,,,,,,,,,,,,,,,,,,,,,,,,,,,,,,,,,,,,,,,,,,,,,,,,,,,,,,,,,,,,,,,,,,,,,,,,,,,,,,,,,,,,,,,,,,,,,,,,,,,,,41482,"<span lang=""EN-GB"">Suppose you are at sitting in a park and you want to play a digital/online game&nbsp;</span>with some close friends."
11/1/2018 6:41,11/1/2018 6:41,0,196.17.64.26,100,16,1,11/1/2018 6:41,R_3I3ufB3TifbKu2F,,,,,34.05439758,-118.2440033,anonymous,EN,6,,,,,,,,,,,,,,,,,,,,,,,,,,,,,,,,,,,,,,,,,,,,,,,,,,,,,,,,,,,,,,,,,,,,,,,,,,,,,,,,,,,,,,,,,,,,,,,,,,,,,,,,,,,,,,,,,,,,,,,,,,,,,,,,,,,,,,,,,,,,,,,,,,,,,,,,,,,,,,,,,,,,,,,,,,,,,,,,,,,,,,,,,,,,,,,,,,,,,,,,,,,,,,,,,,,9566,"<span lang=""EN-GB"">Suppose
     you want to purchase something online when you are with people you are
     close to (e.g., friends, family members) at home.<o:p></o:p></span>"
11/1/2018 6:41,11/1/2018 6:42,0,196.17.64.26,100,38,1,11/1/2018 6:42,R_12JbKVIPWDrfnaY,,,,,34.05439758,-118.2440033,anonymous,EN,1,,,,,,,,,,,,,,,,,,,,,,,,,,,,,,,,,,,,,,,,,,,,,,,,,,,,,,,,,,,,,,,,,,,,,,,,,,,,,,,,,,,,,,,,,,,,,,,,,,,,,,,,,,,,,,,,,,,,,,,,,,,,,,,,,,,,,,,,,,,,,,,,,,,,,,,,,,,,,,,,,,,,,,,,,,,,,,,,,,,,,,,,,,,,,,,,,,,,,,,,,,,,,,,,,,,20674,"<span lang=""EN-GB"">Suppose
     you want to listen to some audio when you are with your close friends in a
     park.<o:p></o:p></span>"
11/1/2018 6:42,11/1/2018 6:43,0,196.17.64.26,100,37,1,11/1/2018 6:43,R_28D1ku9CroJ7pFC,,,,,34.05439758,-118.2440033,anonymous,EN,5,,,,,,,,,,,,,,,,,,,,,,,,,,,,,,,,,,,,,,,,,,,,,,,,,,,,,,,,,,,,,,,,,,,,,,,,,,,,,,,,,,,,,,,,,,,,,,,,,,,,,,,,,,,,,,,,,,,,,,,,,,,,,,,,,,,,,,,,,,,,,,,,,,,,,,,,,,,,,,,,,,,,,,,,,,,,,,,,,,,,,,,,,,,,,,,,,,,,,,,,,,,,,,,,,,,39919,"<span lang=""EN-GB"" style=""font-size:11.0pt;line-height:115%;
font-family:&quot;Arial&quot;,sans-serif;mso-fareast-font-family:Arial;mso-ansi-language:
EN-GB;mso-fareast-language:EN-US;mso-bidi-language:AR-SA"">Suppose you want to a
send an email when you are at Starbucks.</span>"
11/1/2018 6:43,11/1/2018 6:45,0,196.17.64.26,100,143,1,11/1/2018 6:45,R_cSebU3DTONV01gd,,,,,34.05439758,-118.2440033,anonymous,EN,4,,,,,,,,,,,,,,,,,,,,,,,,,,,,,,,,,,,,,,,,,,,,,,,,,,,,,,,,,,,,,,,,,,,,,,,,,,,,,,,,,,,,,,,,,,,,,,,,,,,,,,,,,,,,,,,,,,,,,,,,,,,,,,,,,,,,,,,,,,,,,,,,,,,,,,,,,,,,,,,,,,,,,,,,,,,,,,,,,,,,,,,,,,,,,,,,,,,,,,,,,,,,,,,,,,,28982,"<span lang=""EN-GB"">Suppose you want to watch some video when you are alone at your home.<strong><o:p></o:p></strong></span>"
11/1/2018 6:46,11/1/2018 6:46,0,196.17.64.26,100,20,1,11/1/2018 6:46,R_1Lil76IQ8d1JaA9,,,,,34.05439758,-118.2440033,anonymous,EN,5,,,,,,,,,,,,,,,,,,,,,,,,,,,,,,,,,,,,,,,,,,,,,,,,,,,,,,,,,,,,,,,,,,,,,,,,,,,,,,,,,,,,,,,,,,,,,,,,,,,,,,,,,,,,,,,,,,,,,,,,,,,,,,,,,,,,,,,,,,,,,,,,,,,,,,,,,,,,,,,,,,,,,,,,,,,,,,,,,,,,,,,,,,,,,,,,,,,,,,,,,,,,,,,,,,,34743,"<span lang=""EN-GB"">Suppose
     you want to listen to some audio when you are with your friends at
     Starbucks.<o:p></o:p></span>"
11/1/2018 6:46,11/1/2018 6:47,0,196.17.64.26,100,17,1,11/1/2018 6:47,R_1ewStdv809owiNE,,,,,34.05439758,-118.2440033,anonymous,EN,2,,,,,,,,,,,,,,,,,,,,,,,,,,,,,,,,,,,,,,,,,,,,,,,,,,,,,,,,,,,,,,,,,,,,,,,,,,,,,,,,,,,,,,,,,,,,,,,,,,,,,,,,,,,,,,,,,,,,,,,,,,,,,,,,,,,,,,,,,,,,,,,,,,,,,,,,,,,,,,,,,,,,,,,,,,,,,,,,,,,,,,,,,,,,,,,,,,,,,,,,,,,,,,,,,,,37526,"<span lang=""EN-GB"">Suppose you are at work with some people you know (e.g., acquaintances, colleagues) when you realize that you have to immediately pay one of your bills online.<o:p></o:p></span>"
11/1/2018 6:47,11/1/2018 6:47,0,196.17.64.26,100,13,1,11/1/2018 6:47,R_31jyqg2BPxzgU4M,,,,,34.05439758,-118.2440033,anonymous,EN,3,,,,,,,,,,,,,,,,,,,,,,,,,,,,,,,,,,,,,,,,,,,,,,,,,,,,,,,,,,,,,,,,,,,,,,,,,,,,,,,,,,,,,,,,,,,,,,,,,,,,,,,,,,,,,,,,,,,,,,,,,,,,,,,,,,,,,,,,,,,,,,,,,,,,,,,,,,,,,,,,,,,,,,,,,,,,,,,,,,,,,,,,,,,,,,,,,,,,,,,,,,,,,,,,,,,74488,"<span lang=""EN-GB"">Suppose you want to call your mother for sharing an important
     update about your life&nbsp; when you
     with people you know (e.g., acquaintances, colleagues) at a park<o:p></o:p></span>"
11/1/2018 6:47,11/1/2018 6:48,0,196.17.64.26,100,24,1,11/1/2018 6:48,R_2V2BdkFOcNw1ncL,,,,,34.05439758,-118.2440033,anonymous,EN,1,,,,,,,,,,,,,,,,,,,,,,,,,,,,,,,,,,,,,,,,,,,,,,,,,,,,,,,,,,,,,,,,,,,,,,,,,,,,,,,,,,,,,,,,,,,,,,,,,,,,,,,,,,,,,,,,,,,,,,,,,,,,,,,,,,,,,,,,,,,,,,,,,,,,,,,,,,,,,,,,,,,,,,,,,,,,,,,,,,,,,,,,,,,,,,,,,,,,,,,,,,,,,,,,,,,52193,"<span lang=""EN-GB"">Suppose you want to browse through one of your social media profiles when you&nbsp;</span>are at your home."
11/1/2018 6:48,11/1/2018 6:48,0,196.17.64.26,100,29,1,11/1/2018 6:48,R_2QxL2BD3DpMKzQB,,,,,34.05439758,-118.2440033,anonymous,EN,6,,,,,,,,,,,,,,,,,,,,,,,,,,,,,,,,,,,,,,,,,,,,,,,,,,,,,,,,,,,,,,,,,,,,,,,,,,,,,,,,,,,,,,,,,,,,,,,,,,,,,,,,,,,,,,,,,,,,,,,,,,,,,,,,,,,,,,,,,,,,,,,,,,,,,,,,,,,,,,,,,,,,,,,,,,,,,,,,,,,,,,,,,,,,,,,,,,,,,,,,,,,,,,,,,,,65386,"<span lang=""EN-GB"">Suppose
     you want to purchase something online when you are alone at Starbucks.<o:p></o:p></span>"
11/1/2018 7:01,11/1/2018 7:01,0,107.178.131.110,100,23,1,11/1/2018 7:01,R_2w1y9KRCKWh9BhK,,,,,37.75100708,-97.8219986,anonymous,EN,2,,,,,,,,,,,,,,,,,,,,,,,,,,,,,,,,,,,,,,,,,,,,,,,,,,,,,,,,,,,,,,,,,,,,,,,,,,,,,,,,,,,,,,,,,,,,,,,,,,,,,,,,,,,,,,,,,,,,,,,,,,,,,,,,,,,,,,,,,,,,,,,,,,,,,,,,,,,,,,,,,,,,,,,,,,,,,,,,,,,,,,,,,,,,,,,,,,,,,,,,,,,,,,,,,,,56856,"<span lang=""EN-GB"">Suppose you have planned to meet a friend next week and you want to put this on your calendar when you are surrounded by people you know (e.g., acquaintances, colleagues) at a restaurant.<o:p></o:p></span>"
11/1/2018 7:11,11/1/2018 7:11,0,73.152.56.226,100,17,1,11/1/2018 7:11,R_0eJDMK2QOO8rwch,,,,,37.51579285,-77.50469971,anonymous,EN,"2,3",,,,,,,,,,,,,,,,,,,,,,,,,,,,,,,,,,,,,,,,,,,,,,,,,,,,,,,,,,,,,,,,,,,,,,,,,,,,,,,,,,,,,,,,,,,,,,,,,,,,,,,,,,,,,,,,,,,,,,,,,,,,,,,,,,,,,,,,,,,,,,,,,,,,,,,,,,,,,,,,,,,,,,,,,,,,,,,,,,,,,,,,,,,,,,,,,,,,,,,,,,,,,,,,,,,40844,"<span lang=""EN-GB"">Suppose
     you are at home with some people you know (e.g., acquaintances,
     colleagues) when you realize today is the last day to pay one of your
     bills online.<o:p></o:p></span>"
11/1/2018 7:15,11/1/2018 7:15,0,216.107.42.160,100,22,1,11/1/2018 7:15,R_1Qo2u9tX0TfsNX1,,,,,37.75100708,-97.8219986,anonymous,EN,1,,,,,,,,,,,,,,,,,,,,,,,,,,,,,,,,,,,,,,,,,,,,,,,,,,,,,,,,,,,,,,,,,,,,,,,,,,,,,,,,,,,,,,,,,,,,,,,,,,,,,,,,,,,,,,,,,,,,,,,,,,,,,,,,,,,,,,,,,,,,,,,,,,,,,,,,,,,,,,,,,,,,,,,,,,,,,,,,,,,,,,,,,,,,,,,,,,,,,,,,,,,,,,,,,,,29912,"<span lang=""EN-GB"">Suppose you want to browse the internet when you are at home with people you are close to (e.g., friends, family members)<strong><o:p></o:p></strong></span>"
11/1/2018 7:15,11/1/2018 7:17,0,216.107.42.160,100,96,1,11/1/2018 7:17,R_2V1Qoh5lKzvpOAc,,,,,37.75100708,-97.8219986,anonymous,EN,2,,,,,,,,,,,,,,,,,,,,,,,,,,,,,,,,,,,,,,,,,,,,,,,,,,,,,,,,,,,,,,,,,,,,,,,,,,,,,,,,,,,,,,,,,,,,,,,,,,,,,,,,,,,,,,,,,,,,,,,,,,,,,,,,,,,,,,,,,,,,,,,,,,,,,,,,,,,,,,,,,,,,,,,,,,,,,,,,,,,,,,,,,,,,,,,,,,,,,,,,,,,,,,,,,,,92342,"<span lang=""EN-GB"">Suppose you want to control some devices/appliances (e.g., smart lights) when you are at home with people you are close to (e.g., friends, family members)<strong><o:p></o:p></strong></span>"
11/1/2018 7:18,11/1/2018 7:19,0,96.237.52.167,100,19,1,11/1/2018 7:19,R_1LqecIY94Q7t5Jb,,,,,42.42909241,-71.0605011,anonymous,EN,"1,2",,,,,,,,,,,,,,,,,,,,,,,,,,,,,,,,,,,,,,,,,,,,,,,,,,,,,,,,,,,,,,,,,,,,,,,,,,,,,,,,,,,,,,,,,,,,,,,,,,,,,,,,,,,,,,,,,,,,,,,,,,,,,,,,,,,,,,,,,,,,,,,,,,,,,,,,,,,,,,,,,,,,,,,,,,,,,,,,,,,,,,,,,,,,,,,,,,,,,,,,,,,,,,,,,,,14741,"<span lang=""EN-GB"">Suppose
     you want to purchase something online when you are with people you know
     (e.g., acquaintances, colleagues) at your home.<o:p></o:p></span>"
11/1/2018 7:23,11/1/2018 7:23,0,172.58.99.33,100,32,1,11/1/2018 7:23,R_23w9Z5jjvbX8Z4B,,,,,29.85339355,-95.4434967,anonymous,EN,"1,2",,,,,,,,,,,,,,,,,,,,,,,,,,,,,,,,,,,,,,,,,,,,,,,,,,,,,,,,,,,,,,,,,,,,,,,,,,,,,,,,,,,,,,,,,,,,,,,,,,,,,,,,,,,,,,,,,,,,,,,,,,,,,,,,,,,,,,,,,,,,,,,,,,,,,,,,,,,,,,,,,,,,,,,,,,,,,,,,,,,,,,,,,,,,,,,,,,,,,,,,,,,,,,,,,,,77754,"<span lang=""EN-GB"" style=""font-size:11.0pt;line-height:115%;
font-family:&quot;Arial&quot;,sans-serif;mso-fareast-font-family:Arial;mso-ansi-language:
EN-GB;mso-fareast-language:EN-US;mso-bidi-language:AR-SA"">Suppose you want to check your social media when you are alone in a park.</span>"
11/1/2018 7:26,11/1/2018 7:37,0,52.90.166.101,100,636,1,11/1/2018 7:37,R_2SkRTCUkKzjh2ti,,,,,39.0480957,-77.47280121,anonymous,EN,"2,3,4","2,3",,1,,2,,1,,"1,3",,2,"2,3",,"1,3",,"2,3",2,,"1,2,3",,"2,3,4",,"1,2,3",,"1,3",,"1,2",,,,,,,,,,,,,,,,,,,,,,,,,,,,,,,,,,,,,,,,,,,,,,,,,,,,,,,,,,,,,,,,,,,,,,,,,,,,,,,,,,,,,,,,,,,,,,,,,,,,,,,,,,,,,,,,,,,,,,,,,,,,,,,,,,,,,,,,,,,,,,,,,,,,,,,,,,,,,,,,,,,,,,,,,,,,,,,,,,,,,,,,88465,"<span lang=""EN-GB"">Suppose you want to find a route to home while walking on a street.<o:p></o:p></span>"
11/1/2018 7:39,11/1/2018 7:42,0,64.39.84.19,100,183,1,11/1/2018 7:42,R_RzB2N52EfuIfH5T,,,,,44.77720642,-69.69760132,anonymous,EN,"2,3,4",2,,1,,1,,3,,1,,1,2,,5,,4,6,,2,,6,,2,,1,,1,,,,,,,,,,,,,,,,,,,,,,,,,,,,,,,,,,,,,,,,,,,,,,,,,,,,,,,,,,,,,,,,,,,,,,,,,,,,,,,,,,,,,,,,,,,,,,,,,,,,,,,,,,,,,,,,,,,,,,,,,,,,,,,,,,,,,,,,,,,,,,,,,,,,,,,,,,,,,,,,,,,,,,,,,,,,,,,,,,,,,,,,7106,"<span lang=""EN-GB"">Suppose
     you are at a park and you realize today is the last day to pay one of your
     bills online.<o:p></o:p></span>"
10/31/2018 14:36,11/1/2018 7:46,0,174.220.23.196,100,61805,1,11/1/2018 7:46,R_yNKfHQc5n52PPa1,,,,,42.12669373,-75.96849823,anonymous,EN,"1,2,4,6","1,2",,1,,"1,2,3,4",,1,,1,,2,3,,2,,2,"2,3",,"1,2",,"2,3",,"1,2",,1,,1,,"2,4,6",,,,,,,,,,,,,,,,,,,,,,,,,,,,,,"2,3",,1,,2,,3,,1,,1,5,,5,,5,,"1,2,3",,"2,3",,"1,2",,"2,3",,5,,4,,,,,,,,,,,,,,,,,,,,,,,,,,,,,,,"1,2",,1,,"1,4",,1,,1,,2,5,,5,,5,,"2,3",,"2,3",,"1,2",,"2,3",,1,,4,,,,,,,,,,,,,,,,,,,,,,,,,,,,,,,"1,2",,5,,6,,1,,1,,1,5,,2,,2,,"2,3",,2,,"1,2",,2,,1,,"1,2",,Female,45,Teacher,3,3,,2,26440,"<span id=""docs-internal-guid-5a7e3441-7fff-9d1f-10e6-454a1d940975""><span style=""font-size: 11pt; font-family: Arial; color: rgb(0, 0, 0); background-color: transparent; font-variant-numeric: normal; font-variant-east-asian: normal; vertical-align: baseline; white-space: pre-wrap;"">Suppose you want to call your mother for sharing an important update about your life &nbsp;when you are alone at home</span><br> <br><br></span>"
11/1/2018 7:46,11/1/2018 7:47,0,216.107.59.82,100,96,1,11/1/2018 7:47,R_2Pe5clDy6cfkk4L,,,,,37.75100708,-97.8219986,anonymous,EN,"1,3",,,,,,,,,,,,,,,,,,,,,,,,,,,,,,,,,,,,,,,,,,,,,,,,,,,,,,,,,,,,,,,,,,,,,,,,,,,,,,,,,,,,,,,,,,,,,,,,,,,,,,,,,,,,,,,,,,,,,,,,,,,,,,,,,,,,,,,,,,,,,,,,,,,,,,,,,,,,,,,,,,,,,,,,,,,,,,,,,,,,,,,,,,,,,,,,,,,,,,,,,,,,,,,,,,,22005,"<span lang=""EN-GB"">Suppose
     you want to set up a reminder when you are with people you know (e.g.,
     acquaintances, colleagues) at your home.<o:p></o:p></span>"
11/1/2018 7:40,11/1/2018 7:54,0,73.139.19.187,100,831,1,11/1/2018 7:54,R_1GVyKACCMMJmIY4,,,,,25.60620117,-80.34259796,anonymous,EN,4,,,,,,,,,,,,,,,,,,,,,,,,,,,,,,,,,,,,,,,,,,,,,,,,,,,,,,,,,,,,,,,,,,,,,,,,,,,,,,,,,,,,,,,,,,,,,,,,,,,,,,,,,,,,,,,,,,,,,,,,,,,,,,,,,,,,,,,,,,,,,,,,,,,,,,,,,,,,,,,,,,,,,,,,,,,,,,,,,,,,,,,,,,,,,,,,,,,,,,,,,,,,,,,,,,,33646,"<span lang=""EN-GB"">Suppose
     you want to watch some video when
     you are at home with people you are close to (e.g., friends, family
     members)<strong><o:p></o:p></strong></span>"
11/1/2018 8:00,11/1/2018 8:00,0,216.107.59.82,100,15,1,11/1/2018 8:00,R_1Ii4l26iPyyQ551,,,,,37.75100708,-97.8219986,anonymous,EN,3,,,,,,,,,,,,,,,,,,,,,,,,,,,,,,,,,,,,,,,,,,,,,,,,,,,,,,,,,,,,,,,,,,,,,,,,,,,,,,,,,,,,,,,,,,,,,,,,,,,,,,,,,,,,,,,,,,,,,,,,,,,,,,,,,,,,,,,,,,,,,,,,,,,,,,,,,,,,,,,,,,,,,,,,,,,,,,,,,,,,,,,,,,,,,,,,,,,,,,,,,,,,,,,,,,,59598,"<span lang=""EN-GB"" style=""font-size:11.0pt;line-height:115%;
font-family:&quot;Arial&quot;,sans-serif;mso-fareast-font-family:Arial;mso-ansi-language:
EN-GB;mso-fareast-language:EN-US;mso-bidi-language:AR-SA"">Suppose you want to browse the internet when you are alone at your home.</span>"
11/1/2018 8:07,11/1/2018 8:07,0,216.107.59.82,100,23,1,11/1/2018 8:07,R_2xRfgRwITUSzapd,,,,,37.75100708,-97.8219986,anonymous,EN,3,,,,,,,,,,,,,,,,,,,,,,,,,,,,,,,,,,,,,,,,,,,,,,,,,,,,,,,,,,,,,,,,,,,,,,,,,,,,,,,,,,,,,,,,,,,,,,,,,,,,,,,,,,,,,,,,,,,,,,,,,,,,,,,,,,,,,,,,,,,,,,,,,,,,,,,,,,,,,,,,,,,,,,,,,,,,,,,,,,,,,,,,,,,,,,,,,,,,,,,,,,,,,,,,,,,64603,"<span lang=""EN-GB"">Suppose you want to set up a reminder about something when you are at Starbucks with close friends.<o:p></o:p></span>"
11/1/2018 8:24,11/1/2018 8:24,0,75.97.71.117,100,7,1,11/1/2018 8:24,R_tEQfnStkMSmue65,,,,,41.03669739,-75.17350006,anonymous,EN,1,,,,,,,,,,,,,,,,,,,,,,,,,,,,,,,,,,,,,,,,,,,,,,,,,,,,,,,,,,,,,,,,,,,,,,,,,,,,,,,,,,,,,,,,,,,,,,,,,,,,,,,,,,,,,,,,,,,,,,,,,,,,,,,,,,,,,,,,,,,,,,,,,,,,,,,,,,,,,,,,,,,,,,,,,,,,,,,,,,,,,,,,,,,,,,,,,,,,,,,,,,,,,,,,,,,74903,"<span lang=""EN-GB"">Suppose
     you want to a send an email when you are surrounded by people you know
     (e.g., acquaintances, colleagues) at a restaurant.<o:p></o:p></span>"
11/1/2018 8:25,11/1/2018 8:25,0,76.122.83.89,100,10,1,11/1/2018 8:25,R_O2utCW9Sd6jrSUx,,,,,33.87130737,-84.46289825,anonymous,EN,1,,,,,,,,,,,,,,,,,,,,,,,,,,,,,,,,,,,,,,,,,,,,,,,,,,,,,,,,,,,,,,,,,,,,,,,,,,,,,,,,,,,,,,,,,,,,,,,,,,,,,,,,,,,,,,,,,,,,,,,,,,,,,,,,,,,,,,,,,,,,,,,,,,,,,,,,,,,,,,,,,,,,,,,,,,,,,,,,,,,,,,,,,,,,,,,,,,,,,,,,,,,,,,,,,,,25167,"<span lang=""EN-GB"">Suppose
     you want to set up a reminder when you are alone at your home.<strong><o:p></o:p></strong></span>"
11/1/2018 8:28,11/1/2018 8:31,0,173.251.90.109,100,199,1,11/1/2018 8:31,R_3jfBomIX71ZhD3y,,,,,40.63180542,-74.51049805,anonymous,EN,"1,2,3,4","2,3",,"1,2,3",,"2,3",,1,,"3,4",,4,3,,2,,"2,3","2,3",,2,,"3,4",,2,,3,,2,,,,,,,,,,,,,,,,,,,,,,,,,,,,,,,,,,,,,,,,,,,,,,,,,,,,,,,,,,,,,,,,,,,,,,,,,,,,,,,,,,,,,,,,,,,,,,,,,,,,,,,,,,,,,,,,,,,,,,,,,,,,,,,,,,,,,,,,,,,,,,,,,,,,,,,,,,,,,,,,,,,,,,,,,,,,,,,,,,,,,,,,59952,"<span lang=""EN-GB"">Suppose
     you want to read a digital document) when you are at home with people you
     know (e.g., acquaintances, colleagues).<o:p></o:p></span>"
11/1/2018 8:31,11/1/2018 8:34,0,173.251.90.109,100,164,1,11/1/2018 8:34,R_3R2ywLu2iDmbtlh,,,,,40.63180542,-74.51049805,anonymous,EN,"1,2,3,4","1,2,5",,3,,6,,1,,4,,4,"1,3",,1,,2,2,,"1,2",,4,,5,,3,,1,,,,,,,,,,,,,,,,,,,,,,,,,,,,,,,,,,,,,,,,,,,,,,,,,,,,,,,,,,,,,,,,,,,,,,,,,,,,,,,,,,,,,,,,,,,,,,,,,,,,,,,,,,,,,,,,,,,,,,,,,,,,,,,,,,,,,,,,,,,,,,,,,,,,,,,,,,,,,,,,,,,,,,,,,,,,,,,,,,,,,,,,31924,"<span lang=""EN-GB"">Suppose you are at Starbucks with your close friends and you realize today is the last day to pay one of your bills online.<o:p></o:p></span>"
11/1/2018 8:36,11/1/2018 8:36,0,98.227.21.111,100,47,1,11/1/2018 8:36,R_10qPCM9iGnyIQRA,,,,,40.76609802,-89.64499664,anonymous,EN,"1,2,3","2,3,4",,"2,3",,"1,2,3",,1,,"1,3",,"1,2,3","1,2",,"2,3",,"2,3","2,3",,"2,3",,1,,"2,3",,"1,2",,"1,2",,,,,,,,,,,,,,,,,,,,,,,,,,,,,,,,,,,,,,,,,,,,,,,,,,,,,,,,,,,,,,,,,,,,,,,,,,,,,,,,,,,,,,,,,,,,,,,,,,,,,,,,,,,,,,,,,,,,,,,,,,,,,,,,,,,,,,,,,,,,,,,,,,,,,,,,,,,,,,,,,,,,,,,,,,,,,,,,,,,,,,,,28697,"<span lang=""EN-GB"">Suppose
     you want to listen to some audio when you are with people you know (e.g.,
     acquaintances, colleagues) at your home.<o:p></o:p></span>"
11/1/2018 8:35,11/1/2018 8:46,0,208.114.63.4,100,645,1,11/1/2018 8:46,R_8uDvbMZGhOp2Ptf,,,,,40.4723053,-79.91320038,anonymous,EN,"1,2,4","1,2,5",,5,,2,,1,,3,,3,2,,"2,3",,2,"1,2,3",,"2,3",,"2,4",,"1,3",,"2,3",,2,,,,,,,,,,,,,,,,,,,,,,,,,,,,,,,,,,,,,,,,,,,,,,,,,,,,,,,,,,,,,,,,,,,,,,,,,,,,,,,,,,,,,,,,,,,,,,,,,,,,,,,,,,,,,,,,,,,,,,,,,,,,,,,,,,,,,,,,,,,,,,,,,,,,,,,,,,,,,,,,,,,,,,,,,,,,,,,,,,,,,,,,70763,"<span lang=""EN-GB"">Suppose
     you want to read a digital document when you are at Starbucks.<o:p></o:p></span>"
11/1/2018 8:44,11/1/2018 8:46,0,104.218.62.40,100,139,1,11/1/2018 8:46,R_2TutozWw9gU6LOK,,,,,49.22720337,-122.9573975,anonymous,EN,3,,,,,,,,,,,,,,,,,,,,,,,,,,,,,,,,,,,,,,,,,,,,,,,,,,,,,,,,,,,,,,,,,,,,,,,,,,,,,,,,,,,,,,,,,,,,,,,,,,,,,,,,,,,,,,,,,,,,,,,,,,,,,,,,,,,,,,,,,,,,,,,,,,,,,,,,,,,,,,,,,,,,,,,,,,,,,,,,,,,,,,,,,,,,,,,,,,,,,,,,,,,,,,,,,,,62587,"<span lang=""EN-GB"">Suppose you want to read a digital document when you are at a park.<o:p></o:p></span>"
11/1/2018 8:46,11/1/2018 8:48,0,104.218.62.40,100,114,1,11/1/2018 8:48,R_5cKBbo0KrelFlVT,,,,,49.22720337,-122.9573975,anonymous,EN,"1,2,3,4",3,,"1,2,3",,"1,2",,1,,"2,3",,"1,2","2,3",,"2,3",,"1,2","1,3",,"1,2",,"1,3",,"1,2,3",,3,,2,,,,,,,,,,,,,,,,,,,,,,,,,,,,,,,,,,,,,,,,,,,,,,,,,,,,,,,,,,,,,,,,,,,,,,,,,,,,,,,,,,,,,,,,,,,,,,,,,,,,,,,,,,,,,,,,,,,,,,,,,,,,,,,,,,,,,,,,,,,,,,,,,,,,,,,,,,,,,,,,,,,,,,,,,,,,,,,,,,,,,,,,70367,"<span lang=""EN-GB"">Suppose you want to set up a reminder when you are at a park with close friends.<o:p></o:p></span>"
11/1/2018 8:49,11/1/2018 8:49,0,47.200.6.31,100,9,1,11/1/2018 8:49,R_2Vg9jqkS1U217hs,,,,,28.11470032,-82.36779785,anonymous,EN,2,,,,,,,,,,,,,,,,,,,,,,,,,,,,,,,,,,,,,,,,,,,,,,,,,,,,,,,,,,,,,,,,,,,,,,,,,,,,,,,,,,,,,,,,,,,,,,,,,,,,,,,,,,,,,,,,,,,,,,,,,,,,,,,,,,,,,,,,,,,,,,,,,,,,,,,,,,,,,,,,,,,,,,,,,,,,,,,,,,,,,,,,,,,,,,,,,,,,,,,,,,,,,,,,,,,66085,"<span lang=""EN-GB"">Suppose
     you want to listen to some audio when you are alone at your home.<strong><o:p></o:p></strong></span>"
10/25/2018 9:01,10/25/2018 9:04,0,75.109.121.57,88,219,0,11/1/2018 9:05,R_ZC4oEioGXN0MNPz,,,,,,,anonymous,EN,"1,2,4",2,,5,,"1,2,3",,1,,1,,2,"1,2,3",,"1,2",,2,6,,"1,2",,7,,"1,2",,"1,2",,2,,2,,,,,,,,,,,,,,,,,,,,,,,,,,,,,,,,,,,,,,,,,,,,,,,,,,,,,,,,,,,,,,,,,,,,,,,,,,,,,,,,,,,,,,,,,,,,,,,,,,,,,,,,,,,,,,,,,,,,,,,,,,,,,,,,,,,,,,,,,,,,,,,,,,,,,,,,,,,,,,,,,,,,,,,,,,,,,,,,,,,,,,90635,"<span lang=""EN-GB"">Suppose you have planned to meet a friend next week and you want to put this on your calendar when you are surrounded by people you know (e.g., acquaintances, colleagues) at a restaurant.<o:p></o:p></span>"
10/21/2018 16:25,10/25/2018 9:07,0,96.19.230.179,78,319337,0,11/1/2018 9:07,R_6ilNu19O9rXIwYF,,,,,,,anonymous,EN,"1,2,3,4,5,6",,,,,,,,,,,,,,,,,,,,,,,,,,,,,,,,,,,,,,,,,,,,,,,,,,,,,,,,,,,,,,,,,,,,,,,,,,,,,,,,,,,,,,,,,,,,,,,,,,,,,,,,,,,,,,,,,,,,,,,,,,,,,,,,,,,,,,,,,,,,,,,,,,,,,,,,,,,,,,,,,,,,,,,,,,,,,,,,,,,,,,,,,,,,,,,,,,,,,,,,,,,,,,,,,,,43960,"<span lang=""EN-GB"">Suppose you have planned to meet a friend next week and you want to put this on your calendar when you are surrounded by people you know (e.g., acquaintances, colleagues) at a restaurant.<o:p></o:p></span>"
11/1/2018 9:11,11/1/2018 9:19,0,68.205.176.174,100,530,1,11/1/2018 9:19,R_1q3UlilIlxH6rWz,,,,,29.13830566,-80.99559784,anonymous,EN,"1,2,6",2,,1,,3,,1,,1,,3,3,,2,,3,3,,2,,1,,2,,1,,4,,2,,,,,,,,,,,,,,,,,,,,,,,,,,,,,,2,,1,,1,,1,,1,,3,3,,2,,5,,6,,1,,2,,1,,1,,4,,,,,,,,,,,,,,,,,,,,,,,,,,,,,,,,,,,,,,,,,,,,,,,,,,,,,,,,,,,,,,,,,,,,,,,,,,,,,,,,,,,,,,,,,,,,,,,,,,,,,,,,,,,,,,,,,,,,,,,,,,,,,83673,"<span lang=""EN-GB"" style=""font-size:11.0pt;line-height:115%;
font-family:&quot;Arial&quot;,sans-serif;mso-fareast-font-family:Arial;mso-ansi-language:
EN-GB;mso-fareast-language:EN-US;mso-bidi-language:AR-SA"">Suppose you want to a
send an email when you are alone at home</span>"
10/25/2018 9:27,10/25/2018 9:27,0,98.115.181.61,1,5,0,11/1/2018 9:28,R_2z7l4O80jO0fJC9,,,,,,,anonymous,EN,,,,,,,,,,,,,,,,,,,,,,,,,,,,,,,,,,,,,,,,,,,,,,,,,,,,,,,,,,,,,,,,,,,,,,,,,,,,,,,,,,,,,,,,,,,,,,,,,,,,,,,,,,,,,,,,,,,,,,,,,,,,,,,,,,,,,,,,,,,,,,,,,,,,,,,,,,,,,,,,,,,,,,,,,,,,,,,,,,,,,,,,,,,,,,,,,,,,,,,,,,,,,,,,,,,,16828,"<span lang=""EN-GB"">Suppose you want to call your mother for sharing an important
     update about your life when you are surrounded by people you know (e.g.,
     acquaintances, colleagues) at your home.<o:p></o:p></span>"
11/1/2018 9:31,11/1/2018 9:36,0,128.230.139.36,100,275,1,11/1/2018 9:36,R_3GleUTgtkz52OzB,,,,,43.03770447,-76.13960266,anonymous,EN,"1,2,3,4,5",7,,5,,2,,3,,1,,1,5,,5,,1,"1,2,3",,"1,2",,"2,3",,"1,2",,5,,"1,2",,"1,3,4,5","2,3,4",,5,,6,,3,,1,,2,2,,5,,5,,"2,3",,3,,2,,3,,5,,1,,,,,,,,,,,,,,,,,,,,,,,,,,,,,,,4,,5,,"2,3",,3,,1,,4,2,,5,,5,,"1,3",,3,,2,,3,,5,,4,,"1,2",,1,,"2,3",,1,,1,,4,5,,5,,5,,6,,3,,"1,2",,3,,5,,4,,1,,5,,"2,4",,3,,1,,2,3,,1,,1,,"2,4",,"2,4",,"1,3",,"2,4",,5,,4,,,,,,,,,,,,,,,,,,,,,,,,,,,,,,,male,22,student,3,3,,2,78180,"Suppose you want to find a route to a coffee shop
     when you are at home with your by your colleagues<o:p></o:p>"
10/21/2018 15:30,10/25/2018 9:37,0,70.162.165.42,78,324405,0,11/1/2018 9:37,R_vTgczqBhQfFufol,,,,,,,anonymous,EN,"1,2,3,5",,,,,,,,,,,,,,,,,,,,,,,,,,,,,,,,,,,,,,,,,,,,,,,,,,,,,,,,,,,,,,,,,,,,,,,,,,,,,,,,,,,,,,,,,,,,,,,,,,,,,,,,,,,,,,,,,,,,,,,,,,,,,,,,,,,,,,,,,,,,,,,,,,,,,,,,,,,,,,,,,,,,,,,,,,,,,,,,,,,,,,,,,,,,,,,,,,,,,,,,,,,,,,,,,,,17624,"<span lang=""EN-GB"">Suppose
     you want&nbsp; to a send a text message
     when you are walking with a very close friend on a street<o:p></o:p></span>"
11/1/2018 9:36,11/1/2018 9:39,0,128.230.139.36,100,196,1,11/1/2018 9:39,R_1B3P5LyMpeJF7hv,,,,,43.03770447,-76.13960266,anonymous,EN,"2,3,4,5,6",2,,5,,2,,3,,1,,4,5,,5,,4,"1,3",,2,,3,,2,,1,,4,,"4,6",,,,,,,,,,,,,,,,,,,,,,,,,,,,,,,,,,,,,,,,,,,,,,,,,,,,,,,,,,,,,,,,,,,,,,,,,,,,,,,,,,,,,,,,"1,2",,5,,3,,1,,1,,1,2,,5,,5,,3,,3,,"1,2",,3,,1,,4,,,,,,,,,,,,,,,,,,,,,,,,,,,,,,,"2,5",,1,,3,,1,,1,,1,3,,2,,2,,3,,3,,2,,3,,1,,"1,2",,male,45,Veteran,4,1,,4,58696,"<span lang=""EN-GB"">Suppose you are at a park, you have just read a book you loved and now you&nbsp;</span>want to write a review for it to share with people you are close to (e.g., friends, family members)"
11/1/2018 9:49,11/1/2018 9:49,0,97.115.235.48,100,14,1,11/1/2018 9:49,R_2VlPfjxlC9gx4fJ,,,,,45.78460693,-122.6934052,anonymous,EN,"1,2",,,,,,,,,,,,,,,,,,,,,,,,,,,,,,,,,,,,,,,,,,,,,,,,,,,,,,,,,,,,,,,,,,,,,,,,,,,,,,,,,,,,,,,,,,,,,,,,,,,,,,,,,,,,,,,,,,,,,,,,,,,,,,,,,,,,,,,,,,,,,,,,,,,,,,,,,,,,,,,,,,,,,,,,,,,,,,,,,,,,,,,,,,,,,,,,,,,,,,,,,,,,,,,,,,,20545,"<span lang=""EN-GB"">Suppose you want to browse the internet when you are at home with people you know (e.g., acquaintances, colleagues).<o:p></o:p></span>"
10/25/2018 9:47,10/25/2018 9:53,0,172.243.30.88,88,371,0,11/1/2018 9:53,R_uab3Ltp8YFPolMt,,,,,,,anonymous,EN,"1,2,3,4","1,2,4,5",,"1,2",,"1,2,3,4",,1,,1,,3,"1,2",,"1,2,3",,3,"1,2,3,4",,"1,2,3",,"3,4",,"1,2,3",,"1,2,3",,"1,2",,2,,,,,,,,,,,,,,,,,,,,,,,,,,,,,,,,,,,,,,,,,,,,,,,,,,,,,,,,,,,,,,,,,,,,,,,,,,,,,,,,,,,,,,,,,,,,,,,,,,,,,,,,,,,,,,,,,,,,,,,,,,,,,,,,,,,,,,,,,,,,,,,,,,,,,,,,,,,,,,,,,,,,,,,,,,,,,,,,,,,,,,11626,"<span lang=""EN-GB"">Suppose you are at sitting in a park and you want to play a digital/online game&nbsp;</span>with some close friends."
11/1/2018 7:46,11/1/2018 9:56,0,174.220.23.196,100,7817,1,11/1/2018 9:56,R_psGFJTpSGiemfrH,,,,,42.12669373,-75.96849823,anonymous,EN,"1,2,3,4,5","2,3",,5,,1,,3,,1,,"1,2",1,,5,,"1,2","2,3",,"1,2",,"2,3",,"1,2",,5,,4,,"1,4",4,,1,,"2,3",,3,,1,,4,5,,5,,5,,"1,2",,3,,2,,3,,1,,4,,,,,,,,,,,,,,,,,,,,,,,,,,,,,,,,,,,,,,,,,,,,,,,,,,,,,,,,,,,,"2,5",,1,,3,,3,,1,,4,5,,5,,5,,"1,2",,"2,3",,"1,2",,"2,3",,1,,4,,,,,,,,,,,,,,,,,,,,,,,,,,,,,,,,,,,,,,,,,,,,,,,,,,,,,,,,,,,,Female,34,Home maker,3,1,,2,35076,"Suppose you want to purchase something (e.g., book,
     household items) online when you are with people
     you know (e.g., acquaintances, colleagues) at
     Starbucks.<o:p></o:p>"
11/1/2018 10:11,11/1/2018 10:12,0,24.46.117.154,100,65,1,11/1/2018 10:12,R_2pQ3JHIkLU1dbsW,,,,,40.62049866,-73.92389679,anonymous,EN,"1,2,3,5,6","1,3",,1,,"1,2",,1,,"1,4",,"1,2","1,2",,"2,3",,"1,3","2,3",,1,,1,,2,,1,,1,,,,,,,,,,,,,,,,,,,,,,,,,,,,,,,,,,,,,,,,,,,,,,,,,,,,,,,,,,,,,,,,,,,,,,,,,,,,,,,,,,,,,,,,,,,,,,,,,,,,,,,,,,,,,,,,,,,,,,,,,,,,,,,,,,,,,,,,,,,,,,,,,,,,,,,,,,,,,,,,,,,,,,,,,,,,,,,,,,,,,,,,50405,"<span lang=""EN-GB"">Suppose
     you want to set up a reminder about something when you are at Starbucks by
     yourself.<o:p></o:p></span>"
11/1/2018 10:21,11/1/2018 10:22,0,196.16.109.190,100,77,1,11/1/2018 10:22,R_s5b0KAxzkgUwuZz,,,,,34.05439758,-118.2440033,anonymous,EN,1,,,,,,,,,,,,,,,,,,,,,,,,,,,,,,,,,,,,,,,,,,,,,,,,,,,,,,,,,,,,,,,,,,,,,,,,,,,,,,,,,,,,,,,,,,,,,,,,,,,,,,,,,,,,,,,,,,,,,,,,,,,,,,,,,,,,,,,,,,,,,,,,,,,,,,,,,,,,,,,,,,,,,,,,,,,,,,,,,,,,,,,,,,,,,,,,,,,,,,,,,,,,,,,,,,,76085,"<span lang=""EN-GB"">Suppose you want to watch some video when you are with your close friends at Starbucks.<o:p></o:p></span>"
11/1/2018 10:22,11/1/2018 10:28,0,47.41.89.123,100,377,1,11/1/2018 10:28,R_2VyU7pXTWWMWWEm,,,,,45.31359863,-93.58139801,anonymous,EN,"1,2,3,4",2,,1,,"1,2",,1,,1,,1,"1,2,3",,"2,3",,1,3,,2,,6,,2,,"1,2",,2,,2,,,,,,,,,,,,,,,,,,,,,,,,,,,,,,2,,5,,2,,1,,1,,1,"1,2,3",,5,,5,,6,,6,,5,,7,,5,,4,,,,,,,,,,,,,,,,,,,,,,,,,,,,,,,,,,,,,,,,,,,,,,,,,,,,,,,,,,,,,,,,,,,,,,,,,,,,,,,,,,,,,,,,,,,,,,,,,,,,,,,,,,,,,,,,,,,,,,,,,,,,,81589,"<span lang=""EN-GB"">Suppose
     you want to a send an email when you are walking on a street with people
     you know (e.g., acquaintances, colleagues)<strong>.</strong><o:p></o:p></span>"
11/1/2018 10:32,11/1/2018 10:40,0,204.193.117.66,100,466,1,11/1/2018 10:40,R_1mmEiiwe4q7awQh,,,,,27.3368988,-82.51280212,anonymous,EN,"1,2,3,5,6","3,4,5",,1,,"2,3",,3,,3,,3,"1,2",,3,,3,2,,2,,1,,2,,"1,2",,"1,2",,1,4,,1,,"1,2,3",,1,,1,,4,"1,2,3",,2,,2,,6,,6,,2,,6,,1,,4,,,,,,,,,,,,,,,,,,,,,,,,,,,,,,,,,,,,,,,,,,,,,,,,,,,,,,,,,,,,,,,,,,,,,,,,,,,,,,,,,,,,,,,,,,,,,,,,,,,,,,,,,,,,,,,,,,,,,,,,,,,,,,,,,,,,,,,,,,,,,,,,,,,Female,28,Home health aide,3,1,,3,65496,"<span lang=""EN-GB"">Suppose you are at a coffee shop, you have just read a book you loved and now&nbsp;</span>you want to write a review for it to share with your close family and friends."
11/1/2018 11:20,11/1/2018 11:24,0,173.211.16.126,100,280,1,11/1/2018 11:24,R_7NYyX6TGv5sLOSt,,,,,32.29350281,-90.18669891,anonymous,EN,"1,2,3,4,5,6","1,4",,"1,2,3",,"1,3",,1,,"2,3",,"1,2","1,2",,"1,3",,"2,3",3,,2,,"2,4",,"1,2",,1,,2,,,,,,,,,,,,,,,,,,,,,,,,,,,,,,,,,,,,,,,,,,,,,,,,,,,,,,,,,,,,,,,,,,,,,,,,,,,,,,,,,,,,,,,,,,,,,,,,,,,,,,,,,,,,,,,,,,,,,,,,,,,,,,,,,,,,,,,,,,,,,,,,,,,,,,,,,,,,,,,,,,,,,,,,,,,,,,,,,,,,,,,,41597,"<span lang=""EN-GB"">Suppose
     you want to take a click a photo when you are alone at home.<o:p></o:p></span>"
11/1/2018 11:09,11/1/2018 11:29,0,104.236.205.233,100,1213,1,11/1/2018 11:29,R_2amKQjqM5PboQSb,,,,,40.83439636,-74.13770294,anonymous,EN,"1,2,3,4",4,,1,,1,,1,,"1,3",,1,2,,2,,2,4,,2,,"1,4",,2,,2,,1,,,,,,,,,,,,,,,,,,,,,,,,,,,,,,,,,,,,,,,,,,,,,,,,,,,,,,,,,,,,,,,,,,,,,,,,,,,,,,,,,,,,,,,,,,,,,,,,,,,,,,,,,,,,,,,,,,,,,,,,,,,,,,,,,,,,,,,,,,,,,,,,,,,,,,,,,,,,,,,,,,,,,,,,,,,,,,,,,,,,,,,,53841,"<span lang=""EN-GB"">Suppose
     you want to take a click a photo when you are with people you are close to
     (e.g., friends, family members) at home<o:p></o:p></span>"
11/1/2018 11:32,11/1/2018 11:32,0,73.96.104.139,100,16,1,11/1/2018 11:32,R_1Q6MCZw5sXoV2Xx,,,,,45.52870178,-122.6362991,anonymous,EN,"1,2",,,,,,,,,,,,,,,,,,,,,,,,,,,,,,,,,,,,,,,,,,,,,,,,,,,,,,,,,,,,,,,,,,,,,,,,,,,,,,,,,,,,,,,,,,,,,,,,,,,,,,,,,,,,,,,,,,,,,,,,,,,,,,,,,,,,,,,,,,,,,,,,,,,,,,,,,,,,,,,,,,,,,,,,,,,,,,,,,,,,,,,,,,,,,,,,,,,,,,,,,,,,,,,,,,,32266,"<span lang=""EN-GB"">Suppose
     you want to a view a text message when you with people you know (e.g.,
     acquaintances, colleagues) at a street<strong>.</strong><o:p></o:p></span>"
11/1/2018 11:34,11/1/2018 11:38,0,198.74.47.159,100,244,1,11/1/2018 11:38,R_3G8L3Z9Q5WlJ6cG,,,,,33.42280579,-112.9527969,anonymous,EN,"1,2,4,5,6",7,,1,,3,,1,,6,,4,5,,2,,1,6,,5,,1,,2,,1,,4,,,,,,,,,,,,,,,,,,,,,,,,,,,,,,,,,,,,,,,,,,,,,,,,,,,,,,,,,,,,,,,,,,,,,,,,,,,,,,,,,,,,,,,,,,,,,,,,,,,,,,,,,,,,,,,,,,,,,,,,,,,,,,,,,,,,,,,,,,,,,,,,,,,,,,,,,,,,,,,,,,,,,,,,,,,,,,,,,,,,,,,,94745,"<span lang=""EN-GB"">Suppose
     you want to listen to some audio when you are at home with people you are
     close to (e.g., friends, family members).<strong><o:p></o:p></strong></span>"
11/1/2018 11:40,11/1/2018 11:43,0,65.128.25.100,100,173,1,11/1/2018 11:43,R_31n1agIm7XiCMnS,,,,,44.93840027,-93.2213974,anonymous,EN,"1,2,3,4,5",5,,5,,3,,3,,1,,2,"2,3",,5,,2,2,,2,,7,,2,,5,,4,,2,,,,,,,,,,,,,,,,,,,,,,,,,,,,,,5,,5,,2,,3,,1,,4,"2,3",,5,,5,,2,,7,,2,,7,,5,,4,,,,,,,,,,,,,,,,,,,,,,,,,,,,,,,,,,,,,,,,,,,,,,,,,,,,,,,,,,,,,,,,,,,,,,,,,,,,,,,,,,,,,,,,,,,,,,,,,,,,,,,,,,,,,,,,,,,,,,male,51,sales manager,5,1,,7,8558,"<span lang=""EN-GB"">Suppose you want to read a digital document when you are in a park with people you know (e.g., acquaintances, colleagues).<o:p></o:p></span>"
11/1/2018 9:56,11/1/2018 12:06,0,174.220.23.196,100,7779,1,11/1/2018 12:06,R_3gZN5zhBw9LMKGj,,,,,42.12669373,-75.96849823,anonymous,EN,"1,2,3,5,6",2,,5,,6,,3,,1,,4,"2,3",,5,,4,"1,2",,5,,"1,2",,"1,2",,1,,"1,2",,,,,,,,,,,,,,,,,,,,,,,,,,,,,,,,,,,,,,,,,,,,,,,,,,,,,,,,,,,,,,,,,,,,,,,,,,,,,,,,,,,,,,,,,,,,,,,,,,,,,,,,,,,,,,,,,,,,,,,,,,,,,,,,,,,,,,,,,,,,,,,,,,,,,,,,,,,,,,,,,,,,,,,,,,,,,,,,,,,,,,,,72386,"<span lang=""EN-GB"">Suppose you want to take a click a photo when you with </span><span lang=""EN-GB"">some people you know (e.g.,
     acquaintances, colleagues)</span><span lang=""EN-GB""> at home<o:p></o:p></span>"
11/1/2018 9:40,11/1/2018 12:08,0,128.230.139.36,100,8858,1,11/1/2018 12:08,R_32Mk1d7SUfIlJg4,,,,,43.03770447,-76.13960266,anonymous,EN,"1,2,3,5","1,2",,1,,"1,3",,3,,1,,2,5,,"1,2",,2,3,,"1,2",,3,,"1,2",,5,,4,,"1,3,5",2,,3,,"1,3",,1,,1,,4,5,,5,,5,,3,,3,,"1,2",,3,,5,,4,,,,,,,,,,,,,,,,,,,,,,,,,,,,,,,7,,1,,"2,3",,3,,1,,4,5,,5,,5,,"1,2,3",,"2,3",,"1,2",,"2,3",,5,,4,,,,,,,,,,,,,,,,,,,,,,,,,,,,,,,7,,5,,3,,1,,1,,3,5,,5,,5,,"2,4",,2,,"1,2",,2,,2,,4,,,,,,,,,,,,,,,,,,,,,,,,,,,,,,,female,21,student,2,3,,1,66588,"<span lang=""EN-GB"">Suppose
     you want to a send an email when you are surrounded by people you know
     (e.g., acquaintances, colleagues) your home.<o:p></o:p></span>"
11/1/2018 12:08,11/1/2018 12:16,0,128.230.139.36,100,501,1,11/1/2018 12:16,R_23ftKZLJckWHME7,,,,,43.03770447,-76.13960266,anonymous,EN,"1,2,3,6",2,,1,,6,,3,,1,,2,5,,5,,2,3,,"1,2",,7,,"1,2",,5,,4,,"1,6",4,,5,,"1,2,3",,3,,1,,2,5,,5,,5,,"1,3",,3,,"1,2",,3,,2,,4,,,,,,,,,,,,,,,,,,,,,,,,,,,,,,,,,,,,,,,,,,,,,,,,,,,,,,,,,,,,,,,,,,,,,,,,,,,,,,,,,,,,,,,,,,,,,,,,,,,,,,,,,,,,,,,,,,,,,,2,,5,,"2,3",,1,,1,,4,"2,3",,2,,2,,3,,"1,2,3",,5,,"1,2,3",,1,,4,,male,45,freelancer,3,4,,3,72443,"<span lang=""EN-GB"" style=""font-size:11.0pt;line-height:115%;
font-family:&quot;Arial&quot;,sans-serif;mso-fareast-font-family:Arial;mso-ansi-language:
EN-GB;mso-fareast-language:EN-US;mso-bidi-language:AR-SA"">Suppose you have
planned to meet a friend next week and you want put this on your calendar<span style=""color:#434343""> when you with </span>people you know (e.g.,
acquaintances, colleagues)<span style=""color:#434343""> at a park</span></span>"
11/1/2018 12:19,11/1/2018 12:32,0,128.230.139.36,100,778,1,11/1/2018 12:32,R_1GvwbmTHYY71fci,,,,,43.03770447,-76.13960266,anonymous,EN,"1,2,4,5,6",2,,5,,2,,3,,1,,"1,2",5,,5,,"1,2",3,,"1,2",,"2,3",,"1,2",,5,,4,,"1,4,6",2,,1,,"1,3",,3,,1,,3,5,,5,,5,,3,,3,,1,,3,,5,,"1,2",,,,,,,,,,,,,,,,,,,,,,,,,,,,,,,,,,,,,,,,,,,,,,,,,,,,,,,,,,,,"2,3,4",,1,,3,,1,,1,,4,5,,5,,5,,3,,3,,2,,3,,5,,4,,,,,,,,,,,,,,,,,,,,,,,,,,,,,,,2,,1,,"1,2,3",,1,,1,,"1,2,3",5,,2,,2,,3,,"1,3",,2,,"1,3",,"1,3",,4,,female,39,cleaner,3,3,,2,51588,"<span lang=""EN-GB"">Suppose you are alone and relaxing at home, you have just read a new book that&nbsp;</span>you loved and now you want a write a review for your close family and friends."
10/23/2018 8:39,10/25/2018 12:34,0,68.205.81.224,78,186941,0,11/1/2018 12:41,R_qI1bssrrLwaDIxb,,,,,,,anonymous,EN,"1,2,4",,,,,,,,,,,,,,,,,,,,,,,,,,,,,,,,,,,,,,,,,,,,,,,,,,,,,,,,,,,,,,,,,,,,,,,,,,,,,,,,,,,,,,,,,,,,,,,,,,,,,,,,,,,,,,,,,,,,,,,,,,,,,,,,,,,,,,,,,,,,,,,,,,,,,,,,,,,,,,,,,,,,,,,,,,,,,,,,,,,,,,,,,,,,,,,,,,,,,,,,,,,,,,,,,,,23326,"<span lang=""EN-GB"">Suppose you have planned to meet a friend next week and you want to put this on your calendar when you are alone at a park<o:p></o:p></span>"
11/1/2018 12:46,11/1/2018 12:52,0,174.220.23.196,100,330,1,11/1/2018 12:52,R_3IQM37zwtLQV6u7,,,,,42.12669373,-75.96849823,anonymous,EN,"1,2,3,5,6",2,,1,,"1,3",,3,,1,,1,5,,5,,1,6,,"1,2",,3,,"1,2",,2,,4,,1,"2,4",,1,,1,,3,,1,,"1,2",5,,5,,5,,1,,6,,"1,2",,6,,5,,"1,2",,,,,,,,,,,,,,,,,,,,,,,,,,,,,,,,,,,,,,,,,,,,,,,,,,,,,,,,,,,,,,,,,,,,,,,,,,,,,,,,,,,,,,,,,,,,,,,,,,,,,,,,,,,,,,,,,,,,,,,,,,,,,,,,,,,,,,,,,,,,,,,,,,,Male,45,Chef,2,2,,2,70903,"<span lang=""EN-GB"">Suppose
     you want to purchase something online when you are alone at a park.<o:p></o:p></span>"
11/1/2018 12:32,11/1/2018 12:58,0,128.230.139.36,100,1550,1,11/1/2018 12:58,R_2w1c6vLmOQwfZ0h,,,,,43.03770447,-76.13960266,anonymous,EN,"1,2,4,5,6","2,4,5",,1,,6,,3,,1,,4,5,,"1,2",,4,3,,2,,"2,3",,2,,"1,3",,4,,"1,4,6","2,4",,5,,"2,3",,3,,1,,4,1,,5,,5,,"2,3",,"2,3",,3,,"2,3",,1,,4,,,,,,,,,,,,,,,,,,,,,,,,,,,,,,,,,,,,,,,,,,,,,,,,,,,,,,,,,,,,"2,3,4",,3,,6,,3,,1,,2,5,,"1,2",,"1,2",,"2,3",,"2,3",,"1,2",,"2,3",,5,,4,,,,,,,,,,,,,,,,,,,,,,,,,,,,,,,2,,1,,"2,3",,1,,1,,"2,3",5,,3,,3,,"1,2,3",,"1,2,3",,2,,"1,2,3",,5,,4,,female,34,freelance developer,3,1,,3,36785,"<span lang=""EN-GB"">Suppose
     you want to watch some video when you are alone at Starbucks.<o:p></o:p></span>"
10/25/2018 13:01,10/25/2018 13:02,0,67.212.62.22,78,46,0,11/1/2018 13:03,R_Dp16cPJKHi09m3n,,,,,,,anonymous,EN,"1,2,3,4",,,,,,,,,,,,,,,,,,,,,,,,,,,,,,,,,,,,,,,,,,,,,,,,,,,,,,,,,,,,,,,,,,,,,,,,,,,,,,,,,,,,,,,,,,,,,,,,,,,,,,,,,,,,,,,,,,,,,,,,,,,,,,,,,,,,,,,,,,,,,,,,,,,,,,,,,,,,,,,,,,,,,,,,,,,,,,,,,,,,,,,,,,,,,,,,,,,,,,,,,,,,,,,,,,,17824,"<span lang=""EN-GB"">Suppose
     you want to a send an email when you are walking on a street.<o:p></o:p></span>"
11/1/2018 12:59,11/1/2018 13:08,0,128.230.139.36,100,538,1,11/1/2018 13:08,R_2SDNn7SYv1fu5ca,,,,,43.03770447,-76.13960266,anonymous,EN,"1,3,4,5,6","1,2,3,5",,1,,"1,3",,1,,1,,1,"1,2,3",,5,,1,"1,3",,"1,2",,"1,2,3",,"1,2",,5,,"1,2",,"4,5,6",,,,,,,,,,,,,,,,,,,,,,,,,,,,,,,,,,,,,,,,,,,,,,,,,,,,,,,,,,,,,,,,,,,,,,,,,,,,,,,,,,,,,,,,"1,2,3",,1,,"2,3",,1,,1,,"1,2",3,,5,,5,,3,,"2,3",,5,,"2,3",,5,,4,,1,,5,,"1,4",,1,,"2,3,4",,3,3,,5,,5,,4,,2,,"1,3",,2,,5,,4,,"1,2",,5,,"1,3",,3,,1,,1,5,,5,,5,,3,,"1,3",,"1,2",,"1,3",,5,,4,,female,45,cleaner,2,2,,3,45793,"<span lang=""EN-GB"">Suppose
     you want to a send a text message when you are surrounded by people you
     know (e.g., acquaintances, colleagues) at your home.<o:p></o:p></span>"
10/25/2018 13:08,10/25/2018 13:08,0,174.230.22.108,1,16,0,11/1/2018 13:08,R_3O2rtdUygxqNd2f,,,,,,,anonymous,EN,,,,,,,,,,,,,,,,,,,,,,,,,,,,,,,,,,,,,,,,,,,,,,,,,,,,,,,,,,,,,,,,,,,,,,,,,,,,,,,,,,,,,,,,,,,,,,,,,,,,,,,,,,,,,,,,,,,,,,,,,,,,,,,,,,,,,,,,,,,,,,,,,,,,,,,,,,,,,,,,,,,,,,,,,,,,,,,,,,,,,,,,,,,,,,,,,,,,,,,,,,,,,,,,,,,,94429,"<span lang=""EN-GB"">Suppose you want to a send an email when you are surrounded with people you are close to (e.g., friends, family members) at your home.<strong><o:p></o:p></strong></span>"
11/1/2018 13:08,11/1/2018 13:19,0,128.230.139.36,100,676,1,11/1/2018 13:19,R_332QMTeCTYyKbt8,,,,,43.03770447,-76.13960266,anonymous,EN,"1,2,3,4,5,6","1,2,5",,1,,"2,3",,3,,2,,"1,2","1,2,3",,5,,"1,2","2,3",,"1,2",,7,,"1,2",,5,,"1,2",,"1,4,6","1,2",,1,,"2,3",,3,,1,,1,1,,5,,5,,2,,"2,3",,"1,2",,"2,3",,5,,"1,2",,,,,,,,,,,,,,,,,,,,,,,,,,,,,,,,,,,,,,,,,,,,,,,,,,,,,,,,,,,,2,,1,,6,,1,,1,,1,5,,5,,5,,4,,"2,3",,2,,"2,3",,5,,4,,,,,,,,,,,,,,,,,,,,,,,,,,,,,,,2,,5,,"2,3",,3,,1,,1,3,,5,,5,,3,,"2,3",,"1,2",,"2,3",,5,,4,,female,consultant,30,4,1,,4,4197,"<span lang=""EN-GB"">Suppose
     you want to watch some video when you are with your close friends in a
     park.<o:p></o:p></span>"
10/19/2018 12:34,10/25/2018 13:19,0,66.76.245.61,78,521105,0,11/1/2018 13:19,R_10IXIvItZIzpQ0S,,,,,,,anonymous,EN,"1,2,3",,,,,,,,,,,,,,,,,,,,,,,,,,,,,,,,,,,,,,,,,,,,,,,,,,,,,,,,,,,,,,,,,,,,,,,,,,,,,,,,,,,,,,,,,,,,,,,,,,,,,,,,,,,,,,,,,,,,,,,,,,,,,,,,,,,,,,,,,,,,,,,,,,,,,,,,,,,,,,,,,,,,,,,,,,,,,,,,,,,,,,,,,,,,,,,,,,,,,,,,,,,,,,,,,,,99435,"<span lang=""EN-GB"">Suppose you want to set up a reminder when you are at a park with close friends.<o:p></o:p></span>"
11/1/2018 13:20,11/1/2018 13:30,0,128.230.139.36,100,606,1,11/1/2018 13:30,R_2VgvGQf1kVnVdJ0,,,,,43.03770447,-76.13960266,anonymous,EN,"1,2,3,4,5,6","2,4,5",,1,,3,,3,,1,,3,5,,2,,3,"1,3",,"1,2,3",,3,,"1,2,3",,5,,4,,"1,3,4,5,6","2,4",,3,,"2,3",,3,,1,,3,5,,2,,2,,"1,3",,"2,3",,2,,"2,3",,5,,4,,,,,,,,,,,,,,,,,,,,,,,,,,,,,,,4,,5,,"2,3",,3,,1,,3,"2,3",,5,,5,,6,,3,,5,,3,,1,,1,,"4,5",,5,,"3,4",,3,,1,,1,5,,5,,5,,3,,3,,"1,2",,3,,"1,2",,4,,1,,5,,6,,3,,"2,3,4",,1,5,,5,,5,,3,,2,,"1,3",,2,,5,,4,,2,,5,,3,,3,,1,,4,"1,3",,5,,5,,3,,"2,3",,"2,3",,"2,3",,1,,4,,female,50,home maker,3,2,,2,70800,"<span lang=""EN-GB"">Suppose
     you want to purchase something online when you are alone at your home.<o:p></o:p></span>"
10/25/2018 13:32,10/25/2018 13:36,0,99.203.29.156,88,282,0,11/1/2018 13:37,R_aaQN7mk3aNZkZ1v,,,,,,,anonymous,EN,"1,2,3,4",2,,1,,1,,1,,1,,3,2,,5,,3,2,,2,,3,,2,,3,,1,,2,,,,,,,,,,,,,,,,,,,,,,,,,,,,,,,,,,,,,,,,,,,,,,,,,,,,,,,,,,,,,,,,,,,,,,,,,,,,,,,,,,,,,,,,,,,,,,,,,,,,,,,,,,,,,,,,,,,,,,,,,,,,,,,,,,,,,,,,,,,,,,,,,,,,,,,,,,,,,,,,,,,,,,,,,,,,,,,,,,,,,,25771,"<span lang=""EN-GB"">Suppose
     you want to purchase something online when you are alone at your home.<o:p></o:p></span>"
11/1/2018 13:40,11/1/2018 13:49,0,174.220.23.196,100,529,1,11/1/2018 13:49,R_279TfL8akFpFLVC,,,,,42.12669373,-75.96849823,anonymous,EN,"1,2,3,4,6","1,2",,1,,"2,3",,3,,1,,1,"1,2",,5,,1,"1,2,3",,"1,2",,"1,2,3",,"1,2",,5,,4,,"1,4,6","2,4",,1,,"1,3",,3,,1,,3,5,,5,,5,,"1,2,3",,3,,"1,2",,3,,1,,4,,,,,,,,,,,,,,,,,,,,,,,,,,,,,,,,,,,,,,,,,,,,,,,,,,,,,,,,,,,,2,,1,,6,,1,,1,,4,5,,5,,5,,"1,2",,3,,"1,2",,3,,1,,4,,,,,,,,,,,,,,,,,,,,,,,,,,,,,,,2,,5,,"2,3",,1,,1,,1,"1,2",,2,,2,,"1,3",,"1,2,3",,"1,2",,"1,2,3",,1,,4,,Male,36,Manager,5,3,,3,23757,"<span lang=""EN-GB"">Suppose you want to browse the internet when you are with your close friends at a park.<o:p></o:p></span>"
11/1/2018 13:49,11/1/2018 13:54,0,174.220.23.196,100,255,1,11/1/2018 13:54,R_9NoNOC0Ks2oGdC9,,,,,42.12669373,-75.96849823,anonymous,EN,"1,2,3,4,6","2,3,4,5",,3,,"1,2",,3,,1,,1,1,,5,,1,"1,2",,"1,2",,"2,3",,"1,2",,1,,4,,"4,6",,,,,,,,,,,,,,,,,,,,,,,,,,,,,,,,,,,,,,,,,,,,,,,,,,,,,,,,,,,,,,,,,,,,,,,,,,,,,,,,,,,,,,,,"2,3",,5,,"1,2",,1,,1,,1,"1,2",,2,,2,,"1,2",,"2,3",,5,,"2,3",,5,,4,,,,,,,,,,,,,,,,,,,,,,,,,,,,,,,"1,2",,1,,"2,3",,3,,1,,1,1,,2,,2,,"1,2",,"2,3",,5,,"2,3",,5,,4,,Female,45,Engineer,5,3,,3,4752,"<span lang=""EN-GB"">Suppose
     you want to find a route to home when you are at Starbucks with people you
     know (e.g., acquaintances, colleagues).<o:p></o:p></span>"
11/1/2018 14:03,11/1/2018 14:03,0,209.95.56.51,100,20,1,11/1/2018 14:03,R_1FD0BmdpxbNzXWs,,,,,40.75590515,-111.896698,anonymous,EN,1,,,,,,,,,,,,,,,,,,,,,,,,,,,,,,,,,,,,,,,,,,,,,,,,,,,,,,,,,,,,,,,,,,,,,,,,,,,,,,,,,,,,,,,,,,,,,,,,,,,,,,,,,,,,,,,,,,,,,,,,,,,,,,,,,,,,,,,,,,,,,,,,,,,,,,,,,,,,,,,,,,,,,,,,,,,,,,,,,,,,,,,,,,,,,,,,,,,,,,,,,,,,,,,,,,,20730,"<span lang=""EN-GB"">Suppose you are at a coffee shop, you have just read a book you loved and now&nbsp;</span>you want to write a review for it to share with your close family and friends."
11/1/2018 13:54,11/1/2018 14:14,0,71.176.70.228,100,1228,1,11/1/2018 14:14,R_3lMqZJ7gwzLG2N4,,,,,43.03540039,-76.12819672,anonymous,EN,"1,2,3,4,5","1,2",,5,,1,,3,,1,,4,"2,3",,5,,4,"1,2,3",,"1,2",,7,,"1,2",,5,,1,,"2,4",,,,,,,,,,,,,,,,,,,,,,,,,,,,,,"3,5",,5,,2,,1,,1,,1,5,,"2,3",,"2,3",,6,,"1,2,3",,"1,2",,"1,2,3",,5,,4,,,,,,,,,,,,,,,,,,,,,,,,,,,,,,,7,,1,,"1,2",,1,,1,,1,5,,5,,5,,2,,"2,3",,"1,2",,"2,3",,5,,4,,,,,,,,,,,,,,,,,,,,,,,,,,,,,,,,,,,,,,,,,,,,,,,,,,,,,,,,,,,,Male,34,Cleaner,3,3,,2,16542,"<span lang=""EN-GB"">Suppose
     you want&nbsp; to a send a text message
     when you are walking with a very close friend on a street<o:p></o:p></span>"
11/1/2018 14:17,11/1/2018 14:18,0,198.12.82.237,100,11,1,11/1/2018 14:18,R_1cRN0PKjVL5rKGw,,,,,42.88639832,-78.87809753,anonymous,EN,3,,,,,,,,,,,,,,,,,,,,,,,,,,,,,,,,,,,,,,,,,,,,,,,,,,,,,,,,,,,,,,,,,,,,,,,,,,,,,,,,,,,,,,,,,,,,,,,,,,,,,,,,,,,,,,,,,,,,,,,,,,,,,,,,,,,,,,,,,,,,,,,,,,,,,,,,,,,,,,,,,,,,,,,,,,,,,,,,,,,,,,,,,,,,,,,,,,,,,,,,,,,,,,,,,,,43875,"<span lang=""EN-GB"">Suppose you are at home with people you are close to (e.g., friends, family members) when you realize today is the last day to pay one of your bills online.<o:p></o:p></span>"
11/1/2018 14:20,11/1/2018 14:20,0,70.112.174.247,100,17,1,11/1/2018 14:20,R_4MHbyfphp56ivcd,,,,,30.3085022,-97.68489838,anonymous,EN,"1,2",,,,,,,,,,,,,,,,,,,,,,,,,,,,,,,,,,,,,,,,,,,,,,,,,,,,,,,,,,,,,,,,,,,,,,,,,,,,,,,,,,,,,,,,,,,,,,,,,,,,,,,,,,,,,,,,,,,,,,,,,,,,,,,,,,,,,,,,,,,,,,,,,,,,,,,,,,,,,,,,,,,,,,,,,,,,,,,,,,,,,,,,,,,,,,,,,,,,,,,,,,,,,,,,,,,80427,"<span lang=""EN-GB"">Suppose
     you want to a send a text message when you are surrounded by people you
     know (e.g., acquaintances, colleagues) at a restaurant.<o:p></o:p></span>"
11/1/2018 14:19,11/1/2018 14:25,0,71.176.70.228,100,349,1,11/1/2018 14:25,R_es8tXHVM2p746vn,,,,,43.03540039,-76.12819672,anonymous,EN,"1,2,4,5,6",2,,5,,"2,3",,1,,1,,4,5,,5,,4,"1,3",,"1,2",,"2,3",,"1,2",,5,,4,,"1,4,6",4,,5,,3,,1,,1,,"1,2",5,,5,,5,,"1,3",,"2,3",,5,,"2,3",,5,,4,,,,,,,,,,,,,,,,,,,,,,,,,,,,,,,,,,,,,,,,,,,,,,,,,,,,,,,,,,,,"2,3",,1,,"3,4",,1,,1,,"1,2",1,,"1,2",,"1,2",,"1,3",,"2,3",,"1,2",,"2,3",,5,,4,,,,,,,,,,,,,,,,,,,,,,,,,,,,,,,2,,1,,"2,3",,3,,1,,1,5,,5,,5,,3,,"1,2,3",,5,,"1,2,3",,5,,4,,male,33,educator,5,2,,3,73358,"<span lang=""EN-GB"">Suppose
     you want to listen to some audio when you with people you know (e.g.,
     acquaintances, colleagues) at Starbucks<o:p></o:p></span>"
10/25/2018 14:12,10/25/2018 14:24,0,173.93.66.58,78,717,0,11/1/2018 14:25,R_xo0dqWUSN8p9bzP,,,,,,,anonymous,EN,"1,2,3",,,,,,,,,,,,,,,,,,,,,,,,,,,,,,,,,,,,,,,,,,,,,,,,,,,,,,,,,,,,,,,,,,,,,,,,,,,,,,,,,,,,,,,,,,,,,,,,,,,,,,,,,,,,,,,,,,,,,,,,,,,,,,,,,,,,,,,,,,,,,,,,,,,,,,,,,,,,,,,,,,,,,,,,,,,,,,,,,,,,,,,,,,,,,,,,,,,,,,,,,,,,,,,,,,,21250,"<span lang=""EN-GB"">Suppose you are at work with some people you know (e.g., acquaintances, colleagues) when you realize that you have to immediately pay one of your bills online.<o:p></o:p></span>"
11/1/2018 14:27,11/1/2018 14:34,0,71.176.70.228,100,411,1,11/1/2018 14:34,R_2aklnxjPXsoeQNM,,,,,43.03540039,-76.12819672,anonymous,EN,"1,2,3,4,5,6",7,,3,,"3,4",,1,,1,,1,2,,2,,1,"2,3",,"1,2",,2,,"1,2",,5,,4,,"1,3,4,5",2,,3,,"2,3",,3,,1,,1,1,,5,,5,,"1,3",,3,,2,,3,,"1,3",,4,,,,,,,,,,,,,,,,,,,,,,,,,,,,,,,4,,3,,"1,2,3",,3,,1,,"2,3",5,,5,,5,,"1,3",,3,,5,,3,,"1,2,3",,4,,2,,3,,"2,3",,3,,1,,1,1,,"2,3",,"2,3",,"2,3",,"2,3",,"1,2",,"2,3",,"1,2",,"1,2",,1,,5,,"2,4",,3,,"2,3,4",,3,5,,"2,3",,"2,3",,4,,2,,5,,2,,5,,4,,,,,,,,,,,,,,,,,,,,,,,,,,,,,,,male,43,manager,4,2,,4,42105,"<span lang=""EN-GB"">Suppose
     you want to read a digital document when you are at home with people you
     are close to (e.g., friends, family members).<strong><o:p></o:p></strong></span>"
10/25/2018 14:33,10/25/2018 14:37,0,76.31.254.195,88,277,0,11/1/2018 14:38,R_3R9qwaNn9Ah2XTE,,,,,,,anonymous,EN,"1,2,3,4","2,3",,1,,"2,3",,1,,3,,3,5,,1,,3,3,,2,,6,,2,,1,,4,,2,,,,,,,,,,,,,,,,,,,,,,,,,,,,,,,,,,,,,,,,,,,,,,,,,,,,,,,,,,,,,,,,,,,,,,,,,,,,,,,,,,,,,,,,,,,,,,,,,,,,,,,,,,,,,,,,,,,,,,,,,,,,,,,,,,,,,,,,,,,,,,,,,,,,,,,,,,,,,,,,,,,,,,,,,,,,,,,,,,,,,,1964,"<span lang=""EN-GB"">Suppose
     you want to a send a text message when you with people you know (e.g., acquaintances,
     colleagues) at a street<strong>.</strong><o:p></o:p></span>"
11/1/2018 14:35,11/1/2018 14:38,0,71.176.70.228,100,188,1,11/1/2018 14:38,R_3pr7uPDHdub5N1A,,,,,43.03540039,-76.12819672,anonymous,EN,"1,2,3,4,5,6","1,2",,3,,"1,2,3",,1,,1,,1,5,,5,,1,"1,2,3",,"1,2",,"2,3",,"1,2",,1,,"1,2",,"4,6",,,,,,,,,,,,,,,,,,,,,,,,,,,,,,,,,,,,,,,,,,,,,,,,,,,,,,,,,,,,,,,,,,,,,,,,,,,,,,,,,,,,,,,,"2,3",,5,,"2,3",,1,,1,,3,5,,5,,5,,"1,3",,"2,3",,"1,2",,"2,3",,5,,4,,,,,,,,,,,,,,,,,,,,,,,,,,,,,,,"1,2",,1,,"2,3",,1,,1,,1,5,,5,,5,,3,,"2,3",,"1,2",,"2,3",,5,,4,,females,20,Student,2,1,,1,48087,"<span lang=""EN-GB"">Suppose
     you want to a send an email when you are surrounded by people you know
     (e.g., acquaintances, colleagues) at a restaurant.<o:p></o:p></span>"
11/1/2018 14:40,11/1/2018 14:41,0,24.208.131.223,100,44,1,11/1/2018 14:41,R_2WPD5cqLeFr9c65,,,,,39.95509338,-82.80349731,anonymous,EN,"1,2,3,4,5,6",1,,1,,2,,1,,1,,1,1,,3,,2,2,,1,,2,,1,,2,,2,,,,,,,,,,,,,,,,,,,,,,,,,,,,,,,,,,,,,,,,,,,,,,,,,,,,,,,,,,,,,,,,,,,,,,,,,,,,,,,,,,,,,,,,,,,,,,,,,,,,,,,,,,,,,,,,,,,,,,,,,,,,,,,,,,,,,,,,,,,,,,,,,,,,,,,,,,,,,,,,,,,,,,,,,,,,,,,,,,,,,,,,18143,"<span lang=""EN-GB"">Suppose you are alone at home, you want to take a break from studying/working&nbsp;</span>so you decide to play an online/digital game with some close friends ."
11/1/2018 14:46,11/1/2018 14:47,0,67.181.174.153,100,46,1,11/1/2018 14:47,R_ZEw6Cp9VwpWUWGd,,,,,38.58039856,-121.4922028,anonymous,EN,"1,2,3,4",3,,"1,2",,"1,2",,1,,"3,4",,"2,3","1,2",,"1,2",,"2,3","2,3,4",,"1,2",,"2,3",,1,,"1,2",,"1,2",,,,,,,,,,,,,,,,,,,,,,,,,,,,,,,,,,,,,,,,,,,,,,,,,,,,,,,,,,,,,,,,,,,,,,,,,,,,,,,,,,,,,,,,,,,,,,,,,,,,,,,,,,,,,,,,,,,,,,,,,,,,,,,,,,,,,,,,,,,,,,,,,,,,,,,,,,,,,,,,,,,,,,,,,,,,,,,,,,,,,,,,12503,"<span lang=""EN-GB"">Suppose you are alone at home, you want to take a break from studying/working&nbsp;</span>so you decide to play an online/digital game."
11/1/2018 14:46,11/1/2018 14:49,0,47.220.23.57,100,195,1,11/1/2018 14:49,R_3QKJ3URQZob6UyS,,,,,30.3125,-95.45269775,anonymous,EN,"1,4,5",7,,5,,2,,1,,"2,3",,"1,2","2,3",,"1,3",,"2,3",6,,1,,"2,3",,"1,2",,"1,2",,4,,,,,,,,,,,,,,,,,,,,,,,,,,,,,,,,,,,,,,,,,,,,,,,,,,,,,,,,,,,,,,,,,,,,,,,,,,,,,,,,,,,,,,,,,,,,,,,,,,,,,,,,,,,,,,,,,,,,,,,,,,,,,,,,,,,,,,,,,,,,,,,,,,,,,,,,,,,,,,,,,,,,,,,,,,,,,,,,,,,,,,,,96948,"<span lang=""EN-GB"">Suppose
     you want to purchase something online when you are alone at your home.<o:p></o:p></span>"
11/1/2018 14:49,11/1/2018 14:50,0,64.134.168.221,100,22,1,11/1/2018 14:50,R_1dzUC43GmTYhCyY,,,,,38.76089478,-89.97059631,anonymous,EN,2,,,,,,,,,,,,,,,,,,,,,,,,,,,,,,,,,,,,,,,,,,,,,,,,,,,,,,,,,,,,,,,,,,,,,,,,,,,,,,,,,,,,,,,,,,,,,,,,,,,,,,,,,,,,,,,,,,,,,,,,,,,,,,,,,,,,,,,,,,,,,,,,,,,,,,,,,,,,,,,,,,,,,,,,,,,,,,,,,,,,,,,,,,,,,,,,,,,,,,,,,,,,,,,,,,,19694,"<span lang=""EN-GB"">Suppose
     you are at a park and you realize today is the last day to pay one of your
     bills online.<o:p></o:p></span>"
11/1/2018 14:51,11/1/2018 14:55,0,208.71.132.21,100,260,1,11/1/2018 14:55,R_ZsmOLEXq7FwfeJr,,,,,38.70230103,-90.36440277,anonymous,EN,"1,2,3,4","2,5",,5,,1,,1,,1,,4,1,,"1,3",,4,3,,2,,6,,2,,"1,2",,4,,"2,4",,,,,,,,,,,,,,,,,,,,,,,,,,,,,,2,,5,,1,,1,,1,,4,5,,5,,5,,3,,3,,5,,7,,5,,4,,,,,,,,,,,,,,,,,,,,,,,,,,,,,,,2,,5,,1,,1,,1,,4,5,,5,,1,,6,,3,,3,,1,,5,,4,,,,,,,,,,,,,,,,,,,,,,,,,,,,,,,,,,,,,,,,,,,,,,,,,,,,,,,,,,,,,,,,,,,6544,"<span lang=""EN-GB"">Suppose you want to a view a text message when you are alone at a street.<o:p></o:p></span>"
11/1/2018 15:02,11/1/2018 15:03,0,68.41.82.191,100,39,1,11/1/2018 15:03,R_2BqHE5xvjUYvitm,,,,,42.94400024,-85.62129974,anonymous,EN,"1,2,3,5,6","1,2",,1,,"1,2",,1,,2,,"2,3",1,,2,,3,3,,2,,2,,2,,"1,2",,2,,,,,,,,,,,,,,,,,,,,,,,,,,,,,,,,,,,,,,,,,,,,,,,,,,,,,,,,,,,,,,,,,,,,,,,,,,,,,,,,,,,,,,,,,,,,,,,,,,,,,,,,,,,,,,,,,,,,,,,,,,,,,,,,,,,,,,,,,,,,,,,,,,,,,,,,,,,,,,,,,,,,,,,,,,,,,,,,,,,,,,,,61100,"<span lang=""EN-GB"">Suppose you want to find a route to home while walking on a street with your close friends.<o:p></o:p></span>"
11/1/2018 15:11,11/1/2018 15:12,0,192.171.19.130,100,71,1,11/1/2018 15:12,R_1EYHGbDJf3hL1JY,,,,,25.78059387,-80.18260193,anonymous,EN,"2,6",,,,,,,,,,,,,,,,,,,,,,,,,,,,,,,,,,,,,,,,,,,,,,,,,,,,,,,,,,,,,,,,,,,,,,,,,,,,,,,,,,,,,,,,,,,,,,,,,,,,,,,,,,,,,,,,,,,,,,,,,,,,,,,,,,,,,,,,,,,,,,,,,,,,,,,,,,,,,,,,,,,,,,,,,,,,,,,,,,,,,,,,,,,,,,,,,,,,,,,,,,,,,,,,,,,34339,"<span lang=""EN-GB"">Suppose
     you want to set up a reminder when you are at home with people you are
     close to (e.g., friends, family members).<strong><o:p></o:p></strong></span>"
11/1/2018 15:14,11/1/2018 15:18,0,196.17.64.26,100,222,1,11/1/2018 15:18,R_2RX0f2oH0Sry3Yl,,,,,34.05439758,-118.2440033,anonymous,EN,"1,2,6",2,,3,,2,,1,,1,,3,2,,2,,3,4,,3,,4,,2,,1,,2,,,,,,,,,,,,,,,,,,,,,,,,,,,,,,,,,,,,,,,,,,,,,,,,,,,,,,,,,,,,,,,,,,,,,,,,,,,,,,,,,,,,,,,,,,,,,,,,,,,,,,,,,,,,,,,,,,,,,,,,,,,,,,,,,,,,,,,,,,,,,,,,,,,,,,,,,,,,,,,,,,,,,,,,,,,,,,,,,,,,,,,,41497,"<span lang=""EN-GB"">Suppose you want to call your mother for sharing an important
     update about your life when you are surrounded by people you know (e.g.,
     acquaintances, colleagues) at your home.<o:p></o:p></span>"
11/1/2018 15:20,11/1/2018 15:20,0,69.85.255.82,100,7,1,11/1/2018 15:20,R_3mn2cYV8WIKqHP4,,,,,30.52409363,-87.21669769,anonymous,EN,2,,,,,,,,,,,,,,,,,,,,,,,,,,,,,,,,,,,,,,,,,,,,,,,,,,,,,,,,,,,,,,,,,,,,,,,,,,,,,,,,,,,,,,,,,,,,,,,,,,,,,,,,,,,,,,,,,,,,,,,,,,,,,,,,,,,,,,,,,,,,,,,,,,,,,,,,,,,,,,,,,,,,,,,,,,,,,,,,,,,,,,,,,,,,,,,,,,,,,,,,,,,,,,,,,,,44135,"<span lang=""EN-GB"" style=""font-size:11.0pt;line-height:115%;
font-family:&quot;Arial&quot;,sans-serif;mso-fareast-font-family:Arial;mso-ansi-language:
EN-GB;mso-fareast-language:EN-US;mso-bidi-language:AR-SA"">Suppose you want to a
view a text message when you are alone at home</span>"
11/1/2018 15:25,11/1/2018 15:25,0,172.58.99.248,100,18,1,11/1/2018 15:25,R_27UqEJZNVRdeEzc,,,,,29.85339355,-95.4434967,anonymous,EN,"1,2",,,,,,,,,,,,,,,,,,,,,,,,,,,,,,,,,,,,,,,,,,,,,,,,,,,,,,,,,,,,,,,,,,,,,,,,,,,,,,,,,,,,,,,,,,,,,,,,,,,,,,,,,,,,,,,,,,,,,,,,,,,,,,,,,,,,,,,,,,,,,,,,,,,,,,,,,,,,,,,,,,,,,,,,,,,,,,,,,,,,,,,,,,,,,,,,,,,,,,,,,,,,,,,,,,,22037,"<span lang=""EN-GB"">Suppose you are alone at home, you want to take a break from studying/working&nbsp;</span>so you decide to play an online/digital game with some close friends ."
11/1/2018 15:29,11/1/2018 15:29,0,72.176.120.33,100,16,1,11/1/2018 15:29,R_1Hhim3KU5iiJLZO,,,,,27.73109436,-97.38770294,anonymous,EN,"2,3",,,,,,,,,,,,,,,,,,,,,,,,,,,,,,,,,,,,,,,,,,,,,,,,,,,,,,,,,,,,,,,,,,,,,,,,,,,,,,,,,,,,,,,,,,,,,,,,,,,,,,,,,,,,,,,,,,,,,,,,,,,,,,,,,,,,,,,,,,,,,,,,,,,,,,,,,,,,,,,,,,,,,,,,,,,,,,,,,,,,,,,,,,,,,,,,,,,,,,,,,,,,,,,,,,,71782,"<span lang=""EN-GB"">Suppose you want to browse the internet when you are alone at a restaurant.<o:p></o:p></span>"
11/1/2018 15:28,11/1/2018 15:32,0,76.112.167.128,100,232,1,11/1/2018 15:32,R_3m2nmwtSP8FFLYw,,,,,42.3769989,-83.07959747,anonymous,EN,"2,3,4,5",2,,3,,3,,1,,1,,"2,3",1,,3,,3,2,,2,,4,,2,,3,,1,,,,,,,,,,,,,,,,,,,,,,,,,,,,,,,,,,,,,,,,,,,,,,,,,,,,,,,,,,,,,,,,,,,,,,,,,,,,,,,,,,,,,,,,,,,,,,,,,,,,,,,,,,,,,,,,,,,,,,,,,,,,,,,,,,,,,,,,,,,,,,,,,,,,,,,,,,,,,,,,,,,,,,,,,,,,,,,,,,,,,,,,22842,"<span lang=""EN-GB"">Suppose you want to read a digital document when you are at Starbucks with people you know (e.g., acquaintances, colleagues).<o:p></o:p></span>"
10/25/2018 15:30,10/25/2018 15:35,0,67.11.50.189,88,290,0,11/1/2018 15:35,R_28IC1Zj3sFQAiUt,,,,,,,anonymous,EN,"1,2,3,4",2,,5,,"1,2",,1,,1,,1,5,,"2,3",,1,6,,2,,2,,2,,1,,4,,2,,,,,,,,,,,,,,,,,,,,,,,,,,,,,,,,,,,,,,,,,,,,,,,,,,,,,,,,,,,,,,,,,,,,,,,,,,,,,,,,,,,,,,,,,,,,,,,,,,,,,,,,,,,,,,,,,,,,,,,,,,,,,,,,,,,,,,,,,,,,,,,,,,,,,,,,,,,,,,,,,,,,,,,,,,,,,,,,,,,,,,89419,"<span lang=""EN-GB"">Suppose
     you want to call your mother for sharing an important update about your
     life when you are with a very close friend at a restaurant&nbsp;<o:p></o:p></span>"
10/25/2018 15:27,10/25/2018 15:35,0,155.74.255.65,88,512,0,11/1/2018 15:35,R_2VwrxovtWlRf0Cp,,,,,,,anonymous,EN,"1,2,3,4","2,3,4,5",,1,,"1,2,4",,3,,1,,"2,3",5,,"2,3",,"2,3","1,2",,2,,6,,2,,2,,2,,"1,2,3",,,,,,,,,,,,,,,,,,,,,,,,,,,,,,,,,,,,,,,,,,,,,,,,,,,,,,,,,,,,,,,,,,,,,,,,,,,,,,,,,,,,,,,,,,,,,,,,,,,,,,,,,,,,,,,,,,,,,,,,,,,,,,,,,,,,,,,,,,,,,,,,,,,,,,,,,,,,,,,,,,,,,,,,,,,,,,,,,,,,,,44813,"<span lang=""EN-GB"">Suppose
     you want to set up a reminder about something when you are with people you
     know (e.g., acquaintances, colleagues) at Starbucks.<o:p></o:p></span>"
11/1/2018 15:35,11/1/2018 15:37,0,134.139.34.35,100,66,1,11/1/2018 15:37,R_a44k6ZHoTxJ36Vz,,,,,33.79389954,-118.1192017,anonymous,EN,"1,2,3,4,5,6",1,,1,,1,,1,,1,,1,1,,1,,1,1,,1,,1,,1,,1,,1,,2,,,,,,,,,,,,,,,,,,,,,,,,,,,,,,1,,1,,1,,1,,1,,1,1,,1,,1,,1,,1,,1,,1,,1,,1,,,,,,,,,,,,,,,,,,,,,,,,,,,,,,,,,,,,,,,,,,,,,,,,,,,,,,,,,,,,,,,,,,,,,,,,,,,,,,,,,,,,,,,,,,,,,,,,,,,,,,,,,,,,,,,,,,,,,,Female,45,Marketing director,7,3,,11,85831,"<span lang=""EN-GB"">Suppose you have planned to meet a friend next week and you want to put this on your calendar when you are with a very close friend at a park.&nbsp;<o:p></o:p></span>"
11/1/2018 15:36,11/1/2018 15:37,0,98.200.14.134,100,82,1,11/1/2018 15:37,R_1jOhh0Rx2rbVszI,,,,,29.74040222,-95.55889893,anonymous,EN,"1,2,3,4,6","2,4",,3,,2,,3,,1,,2,"2,3",,3,,"1,2",3,,2,,2,,1,,3,,2,,,,,,,,,,,,,,,,,,,,,,,,,,,,,,,,,,,,,,,,,,,,,,,,,,,,,,,,,,,,,,,,,,,,,,,,,,,,,,,,,,,,,,,,,,,,,,,,,,,,,,,,,,,,,,,,,,,,,,,,,,,,,,,,,,,,,,,,,,,,,,,,,,,,,,,,,,,,,,,,,,,,,,,,,,,,,,,,,,,,,,,,22383,"<span lang=""EN-GB"">Suppose you want to watch some video when you are with your close friends at Starbucks.<o:p></o:p></span>"
11/1/2018 15:40,11/1/2018 15:41,0,172.58.46.180,100,22,1,11/1/2018 15:41,R_RFwmhSQ4yqNok25,,,,,47.54130554,-122.3128967,anonymous,EN,2,,,,,,,,,,,,,,,,,,,,,,,,,,,,,,,,,,,,,,,,,,,,,,,,,,,,,,,,,,,,,,,,,,,,,,,,,,,,,,,,,,,,,,,,,,,,,,,,,,,,,,,,,,,,,,,,,,,,,,,,,,,,,,,,,,,,,,,,,,,,,,,,,,,,,,,,,,,,,,,,,,,,,,,,,,,,,,,,,,,,,,,,,,,,,,,,,,,,,,,,,,,,,,,,,,,29228,"<span lang=""EN-GB"">Suppose
     you want to a view a text message when you are with a very close friend at
     a restaurant&nbsp;<o:p></o:p></span>"
11/1/2018 15:43,11/1/2018 15:43,0,181.225.47.153,100,21,1,11/1/2018 15:43,R_2f3OY4Ubc3QhgJI,,,,,9.983306885,-72.03330231,anonymous,EN,1,,,,,,,,,,,,,,,,,,,,,,,,,,,,,,,,,,,,,,,,,,,,,,,,,,,,,,,,,,,,,,,,,,,,,,,,,,,,,,,,,,,,,,,,,,,,,,,,,,,,,,,,,,,,,,,,,,,,,,,,,,,,,,,,,,,,,,,,,,,,,,,,,,,,,,,,,,,,,,,,,,,,,,,,,,,,,,,,,,,,,,,,,,,,,,,,,,,,,,,,,,,,,,,,,,,98396,"<span lang=""EN-GB"">Suppose
     you want to a send an email when you are surrounded by people you know
     (e.g., acquaintances, colleagues) at a restaurant.<o:p></o:p></span>"
11/1/2018 15:43,11/1/2018 15:43,0,75.174.91.23,100,9,1,11/1/2018 15:43,R_2rorLQrIOA4cQCd,,,,,43.58509827,-116.219101,anonymous,EN,3,,,,,,,,,,,,,,,,,,,,,,,,,,,,,,,,,,,,,,,,,,,,,,,,,,,,,,,,,,,,,,,,,,,,,,,,,,,,,,,,,,,,,,,,,,,,,,,,,,,,,,,,,,,,,,,,,,,,,,,,,,,,,,,,,,,,,,,,,,,,,,,,,,,,,,,,,,,,,,,,,,,,,,,,,,,,,,,,,,,,,,,,,,,,,,,,,,,,,,,,,,,,,,,,,,,55147,"<span lang=""EN-GB"">Suppose
     you want to a send an email when you are with a very close friend at a
     restaurant&nbsp;<o:p></o:p></span>"
10/25/2018 15:40,10/25/2018 15:46,0,174.81.35.26,88,361,0,11/1/2018 15:46,R_2rTJ8PJlPL8skXJ,,,,,,,anonymous,EN,"1,2,4",2,,1,,1,,3,,1,,3,"1,2,3",,5,,3,6,,5,,"3,6",,5,,"1,3",,1,,2,,,,,,,,,,,,,,,,,,,,,,,,,,,,,,,,,,,,,,,,,,,,,,,,,,,,,,,,,,,,,,,,,,,,,,,,,,,,,,,,,,,,,,,,,,,,,,,,,,,,,,,,,,,,,,,,,,,,,,,,,,,,,,,,,,,,,,,,,,,,,,,,,,,,,,,,,,,,,,,,,,,,,,,,,,,,,,,,,,,,,,87607,"<span lang=""EN-GB"">Suppose
     you want to a view a text message when you are alone at Starbucks.<o:p></o:p></span>"
11/1/2018 15:47,11/1/2018 15:47,0,154.122.69.236,100,24,1,11/1/2018 15:47,R_1dt0yf4SqGXiefX,,,,,-1.283294678,36.81669617,anonymous,EN,2,,,,,,,,,,,,,,,,,,,,,,,,,,,,,,,,,,,,,,,,,,,,,,,,,,,,,,,,,,,,,,,,,,,,,,,,,,,,,,,,,,,,,,,,,,,,,,,,,,,,,,,,,,,,,,,,,,,,,,,,,,,,,,,,,,,,,,,,,,,,,,,,,,,,,,,,,,,,,,,,,,,,,,,,,,,,,,,,,,,,,,,,,,,,,,,,,,,,,,,,,,,,,,,,,,,41995,"<span lang=""EN-GB"">Suppose
     you want to a send a text message when you are alone at home<strong><o:p></o:p></strong></span>"
11/1/2018 15:47,11/1/2018 15:47,0,154.122.69.236,100,8,1,11/1/2018 15:47,R_aVRkr0qKy92ePiF,,,,,-1.283294678,36.81669617,anonymous,EN,1,,,,,,,,,,,,,,,,,,,,,,,,,,,,,,,,,,,,,,,,,,,,,,,,,,,,,,,,,,,,,,,,,,,,,,,,,,,,,,,,,,,,,,,,,,,,,,,,,,,,,,,,,,,,,,,,,,,,,,,,,,,,,,,,,,,,,,,,,,,,,,,,,,,,,,,,,,,,,,,,,,,,,,,,,,,,,,,,,,,,,,,,,,,,,,,,,,,,,,,,,,,,,,,,,,,42760,"<span lang=""EN-GB"">Suppose you want to find a route to a coffee shop when you are
     at home </span><span lang=""EN-GB"">with
     people you are close to (e.g., friends, family members)</span><strong><span lang=""EN-GB""><o:p></o:p></span></strong>"
11/1/2018 15:46,11/1/2018 15:47,0,181.225.47.153,100,78,1,11/1/2018 15:47,R_242acBUoRFecjEa,,,,,9.983306885,-72.03330231,anonymous,EN,1,,,,,,,,,,,,,,,,,,,,,,,,,,,,,,,,,,,,,,,,,,,,,,,,,,,,,,,,,,,,,,,,,,,,,,,,,,,,,,,,,,,,,,,,,,,,,,,,,,,,,,,,,,,,,,,,,,,,,,,,,,,,,,,,,,,,,,,,,,,,,,,,,,,,,,,,,,,,,,,,,,,,,,,,,,,,,,,,,,,,,,,,,,,,,,,,,,,,,,,,,,,,,,,,,,,10669,"<span lang=""EN-GB"">Suppose
     you want to set up a reminder when you are alone at your home.<strong><o:p></o:p></strong></span>"
11/1/2018 15:47,11/1/2018 15:48,0,154.122.69.236,100,31,1,11/1/2018 15:48,R_2BgRaaxGX1xD9Bc,,,,,-1.283294678,36.81669617,anonymous,EN,5,,,,,,,,,,,,,,,,,,,,,,,,,,,,,,,,,,,,,,,,,,,,,,,,,,,,,,,,,,,,,,,,,,,,,,,,,,,,,,,,,,,,,,,,,,,,,,,,,,,,,,,,,,,,,,,,,,,,,,,,,,,,,,,,,,,,,,,,,,,,,,,,,,,,,,,,,,,,,,,,,,,,,,,,,,,,,,,,,,,,,,,,,,,,,,,,,,,,,,,,,,,,,,,,,,,71648,"<span lang=""EN-GB"">Suppose you are at Starbucks with your close friends and you realize today is the last day to pay one of your bills online.<o:p></o:p></span>"
11/1/2018 15:48,11/1/2018 15:48,0,154.122.69.236,100,16,1,11/1/2018 15:48,R_XHwIbiYOFZRlOOR,,,,,-1.283294678,36.81669617,anonymous,EN,6,,,,,,,,,,,,,,,,,,,,,,,,,,,,,,,,,,,,,,,,,,,,,,,,,,,,,,,,,,,,,,,,,,,,,,,,,,,,,,,,,,,,,,,,,,,,,,,,,,,,,,,,,,,,,,,,,,,,,,,,,,,,,,,,,,,,,,,,,,,,,,,,,,,,,,,,,,,,,,,,,,,,,,,,,,,,,,,,,,,,,,,,,,,,,,,,,,,,,,,,,,,,,,,,,,,44727,"<span lang=""EN-GB"">Suppose you are alone at home when you realize today is the last day to pay one of your bills online.<o:p></o:p></span>"
11/1/2018 15:44,11/1/2018 15:50,0,72.218.65.216,100,338,1,11/1/2018 15:50,R_BJtNZbQJOnobuzD,,,,,37.3177948,-76.76339722,anonymous,EN,"1,2,3,4,5,6","2,5",,1,,"1,3",,1,,1,,1,"1,2",,"1,2,3",,1,"1,3",,"1,2",,"3,4",,"1,2",,"1,2,3",,2,,2,,,,,,,,,,,,,,,,,,,,,,,,,,,,,,"2,5",,"1,3",,"1,3",,1,,1,,1,"1,2",,"2,3",,"2,3",,"1,3",,"2,3",,"1,2",,3,,"1,2,3",,2,,,,,,,,,,,,,,,,,,,,,,,,,,,,,,,,,,,,,,,,,,,,,,,,,,,,,,,,,,,,,,,,,,,,,,,,,,,,,,,,,,,,,,,,,,,,,,,,,,,,,,,,,,,,,,,,,,,,,,,,,,,,,38096,"<span lang=""EN-GB"">Suppose you are at your gym and you want to track the amount of calories&nbsp;</span>you have burnt your workout.&nbsp;"
10/25/2018 15:50,10/25/2018 15:50,0,69.73.78.226,78,46,0,11/1/2018 15:51,R_3efr2bmZfNzlPtA,,,,,,,anonymous,EN,"1,2,4,5,6",,,,,,,,,,,,,,,,,,,,,,,,,,,,,,,,,,,,,,,,,,,,,,,,,,,,,,,,,,,,,,,,,,,,,,,,,,,,,,,,,,,,,,,,,,,,,,,,,,,,,,,,,,,,,,,,,,,,,,,,,,,,,,,,,,,,,,,,,,,,,,,,,,,,,,,,,,,,,,,,,,,,,,,,,,,,,,,,,,,,,,,,,,,,,,,,,,,,,,,,,,,,,,,,,,,47721,"<span lang=""EN-GB"">Suppose you want to find a route to home while walking on a street with your close friends.<o:p></o:p></span>"
11/1/2018 15:59,11/1/2018 16:00,0,107.77.217.149,100,19,1,11/1/2018 16:00,R_3DcNWUTJCPaBuBw,,,,,29.83399963,-95.43419647,anonymous,EN,"1,2",,,,,,,,,,,,,,,,,,,,,,,,,,,,,,,,,,,,,,,,,,,,,,,,,,,,,,,,,,,,,,,,,,,,,,,,,,,,,,,,,,,,,,,,,,,,,,,,,,,,,,,,,,,,,,,,,,,,,,,,,,,,,,,,,,,,,,,,,,,,,,,,,,,,,,,,,,,,,,,,,,,,,,,,,,,,,,,,,,,,,,,,,,,,,,,,,,,,,,,,,,,,,,,,,,,27123,"Suppose
     you want to call your mother for sharing an important update about your
     life when you are surrounded by people you
     know (e.g., acquaintances, colleagues) at a restaurant.<o:p></o:p>"
11/1/2018 15:48,11/1/2018 16:01,0,38.132.120.79,100,808,1,11/1/2018 16:01,R_RQqNnHGh4w7SCqZ,,,,,25.78059387,-80.18260193,anonymous,EN,"1,3,4,6","1,2,3,4",,"1,3",,"1,2,4",,1,,"1,3",,"1,3","2,3",,"1,2,3",,"1,3","1,3",,"1,3",,3,,"1,2",,"1,3",,2,,,,,,,,,,,,,,,,,,,,,,,,,,,,,,,,,,,,,,,,,,,,,,,,,,,,,,,,,,,,,,,,,,,,,,,,,,,,,,,,,,,,,,,,,,,,,,,,,,,,,,,,,,,,,,,,,,,,,,,,,,,,,,,,,,,,,,,,,,,,,,,,,,,,,,,,,,,,,,,,,,,,,,,,,,,,,,,,,,,,,,,,75996,"<span lang=""EN-GB"">Suppose
     you want to call your mother for sharing an important update about your
     life when you are with a very close friend at a restaurant&nbsp;<o:p></o:p></span>"
10/25/2018 15:59,10/25/2018 16:01,0,99.203.16.23,78,85,0,11/1/2018 16:02,R_2rJHpMXRsj4PSR7,,,,,,,anonymous,EN,"2,3,4",,,,,,,,,,,,,,,,,,,,,,,,,,,,,,,,,,,,,,,,,,,,,,,,,,,,,,,,,,,,,,,,,,,,,,,,,,,,,,,,,,,,,,,,,,,,,,,,,,,,,,,,,,,,,,,,,,,,,,,,,,,,,,,,,,,,,,,,,,,,,,,,,,,,,,,,,,,,,,,,,,,,,,,,,,,,,,,,,,,,,,,,,,,,,,,,,,,,,,,,,,,,,,,,,,,42057,"<span lang=""EN-GB"">Suppose
     you want to listen to some audio when you are with people you know (e.g.,
     acquaintances, colleagues) in a park.<o:p></o:p></span>


<p><span lang=""EN-GB"" style=""color:red"">&nbsp;</span></p>"
10/25/2018 15:59,10/25/2018 16:10,0,205.144.211.64,88,648,0,11/1/2018 16:10,R_6Sc0M0NONRa6OeB,,,,,,,anonymous,EN,"1,2,3,4,5,6",2,,1,,1,,1,,1,,2,2,,1,,2,2,,2,,3,,2,,1,,2,,"1,2,4",,,,,,,,,,,,,,,,,,,,,,,,,,,,,,2,,1,,1,,1,,1,,2,2,,2,,2,,2,,3,,2,,3,,1,,2,,,,,,,,,,,,,,,,,,,,,,,,,,,,,,,2,,1,,1,,1,,1,,2,2,,2,,2,,3,,3,,2,,3,,1,,2,,,,,,,,,,,,,,,,,,,,,,,,,,,,,,,,,,,,,,,,,,,,,,,,,,,,,,,,,,,,,,,,,,,94866,"<span lang=""EN-GB"">Suppose
     you want to purchase something online when you are alone at Starbucks.<o:p></o:p></span>"
11/1/2018 15:59,11/1/2018 16:12,0,66.169.138.220,100,761,1,11/1/2018 16:12,R_4ZyOLhoEiyMlEpr,,,,,32.65260315,-97.37580109,anonymous,EN,"1,2,3",2,,1,,2,,3,,2,,4,3,,5,,2,2,,2,,2,,2,,5,,4,,,,,,,,,,,,,,,,,,,,,,,,,,,,,,,,,,,,,,,,,,,,,,,,,,,,,,,,,,,,,,,,,,,,,,,,,,,,,,,,,,,,,,,,,,,,,,,,,,,,,,,,,,,,,,,,,,,,,,,,,,,,,,,,,,,,,,,,,,,,,,,,,,,,,,,,,,,,,,,,,,,,,,,,,,,,,,,,,,,,,,,,31239,"<span lang=""EN-GB"">Suppose
     you want to purchase something online when you are alone at Starbucks.<o:p></o:p></span>"
11/1/2018 16:20,11/1/2018 16:21,0,162.207.225.80,100,42,1,11/1/2018 16:21,R_1mVKRS0BUBT4Fhn,,,,,33.76989746,-84.29499817,anonymous,EN,"2,4",,,,,,,,,,,,,,,,,,,,,,,,,,,,,,,,,,,,,,,,,,,,,,,,,,,,,,,,,,,,,,,,,,,,,,,,,,,,,,,,,,,,,,,,,,,,,,,,,,,,,,,,,,,,,,,,,,,,,,,,,,,,,,,,,,,,,,,,,,,,,,,,,,,,,,,,,,,,,,,,,,,,,,,,,,,,,,,,,,,,,,,,,,,,,,,,,,,,,,,,,,,,,,,,,,,84993,"<span lang=""EN-GB"">Suppose you are at sitting at Starbucks and you want to play a digital/online&nbsp;</span>game with some close friends."
11/1/2018 16:24,11/1/2018 16:24,0,73.199.25.33,100,10,1,11/1/2018 16:24,R_s6BeGzCUJgQSWrv,,,,,40.02900696,-74.88349915,anonymous,EN,"1,2",,,,,,,,,,,,,,,,,,,,,,,,,,,,,,,,,,,,,,,,,,,,,,,,,,,,,,,,,,,,,,,,,,,,,,,,,,,,,,,,,,,,,,,,,,,,,,,,,,,,,,,,,,,,,,,,,,,,,,,,,,,,,,,,,,,,,,,,,,,,,,,,,,,,,,,,,,,,,,,,,,,,,,,,,,,,,,,,,,,,,,,,,,,,,,,,,,,,,,,,,,,,,,,,,,,31521,"<span lang=""EN-GB"">Suppose you want to browse the internet when you are at home with people you are close to (e.g., friends, family members)<strong><o:p></o:p></strong></span>"
11/1/2018 16:18,11/1/2018 16:26,0,108.246.14.143,100,439,1,11/1/2018 16:26,R_1JDBnTx3BSZsKDp,,,,,38.71949768,-120.8045959,anonymous,EN,"1,2,3,4",2,,1,,3,,1,,1,,2,2,,2,,2,2,,2,,3,,2,,1,,1,,2,,,,,,,,,,,,,,,,,,,,,,,,,,,,,,2,,1,,2,,1,,1,,2,"2,3",,2,,2,,2,,3,,2,,3,,1,,1,,,,,,,,,,,,,,,,,,,,,,,,,,,,,,,,,,,,,,,,,,,,,,,,,,,,,,,,,,,,,,,,,,,,,,,,,,,,,,,,,,,,,,,,,,,,,,,,,,,,,,,,,,,,,,,,,,,,,,female,30,Nurse,4,1,,2,53576,"<span lang=""EN-GB"">Suppose you want to control some devices/appliances (e.g., smart lights) when you are at home with people you are close to (e.g., friends, family members)<strong><o:p></o:p></strong></span>"
11/1/2018 16:28,11/1/2018 16:29,0,99.116.23.82,100,35,1,11/1/2018 16:29,R_2eVFGwjVcEdmYad,,,,,38.67089844,-121.1529007,anonymous,EN,"1,2,4",4,,2,,3,,1,,4,,2,2,,3,,2,3,,1,,4,,2,,1,,2,,,,,,,,,,,,,,,,,,,,,,,,,,,,,,,,,,,,,,,,,,,,,,,,,,,,,,,,,,,,,,,,,,,,,,,,,,,,,,,,,,,,,,,,,,,,,,,,,,,,,,,,,,,,,,,,,,,,,,,,,,,,,,,,,,,,,,,,,,,,,,,,,,,,,,,,,,,,,,,,,,,,,,,,,,,,,,,,,,,,,,,,67054,"<span lang=""EN-GB"">Suppose
     you want to listen to some audio when you with people you know (e.g.,
     acquaintances, colleagues) at Starbucks<o:p></o:p></span>"
10/25/2018 16:26,10/25/2018 16:31,0,73.228.132.19,87,270,0,11/1/2018 16:31,R_3n0Ih0wMzpVqW23,,,,,,,anonymous,EN,"1,2,3,6",5,,5,,2,,3,,1,,3,3,,5,,3,6,,2,,6,,2,,1,,4,,,,,,,,,,,,,,,,,,,,,,,,,,,,,,,,,,,,,,,,,,,,,,,,,,,,,,,,,,,,,,,,,,,,,,,,,,,,,,,,,,,,,,,,,,,,,,,,,,,,,,,,,,,,,,,,,,,,,,,,,,,,,,,,,,,,,,,,,,,,,,,,,,,,,,,,,,,,,,,,,,,,,,,,,,,,,,,,,,,,,,,,29151,"<span lang=""EN-GB"">Suppose you have planned to meet a friend next week and you want to put this on your calendar when you are alone at a park<o:p></o:p></span>"
11/1/2018 16:31,11/1/2018 16:33,0,67.197.2.89,100,132,1,11/1/2018 16:33,R_cUgnBBdCxDi0QRX,,,,,34.96809387,-81.04889679,anonymous,EN,"1,2,3,4","1,2,3,4,5",,"1,2,3",,"1,2,3,4",,1,,"1,2,3,4",,"1,2,3","1,2,3",,"1,2,3",,"1,2,3","1,2,3,4",,"1,2,3",,"1,2,3,4",,"1,2,3",,"1,2,3",,"1,2",,2,,,,,,,,,,,,,,,,,,,,,,,,,,,,,,"1,2,3,4,5",,"1,3",,"1,2,3,4",,1,,"1,2,3,4",,"1,2,3","1,2,3",,"1,2,3",,"1,2,3",,"1,2,3,4",,"1,2,3,4",,"1,2,3",,"1,2,3,4",,"1,2,3",,"1,2",,,,,,,,,,,,,,,,,,,,,,,,,,,,,,,,,,,,,,,,,,,,,,,,,,,,,,,,,,,,,,,,,,,,,,,,,,,,,,,,,,,,,,,,,,,,,,,,,,,,,,,,,,,,,,,,,,,,,,female,24,sales,3,1,,2,32623,"<span lang=""EN-GB"">Suppose
     you want to a view a text message when you with people you know (e.g.,
     acquaintances, colleagues) at a street<strong>.</strong><o:p></o:p></span>"
11/1/2018 16:37,11/1/2018 16:41,0,73.217.134.109,100,222,1,11/1/2018 16:41,R_qObdUR0V1rN9jAR,,,,,32.79240417,-80.10810089,anonymous,EN,"1,2,3,4,5","1,2",,"2,3",,"2,3",,3,,6,,2,2,,3,,2,2,,2,,"1,2",,"1,2",,2,,1,,,,,,,,,,,,,,,,,,,,,,,,,,,,,,,,,,,,,,,,,,,,,,,,,,,,,,,,,,,,,,,,,,,,,,,,,,,,,,,,,,,,,,,,,,,,,,,,,,,,,,,,,,,,,,,,,,,,,,,,,,,,,,,,,,,,,,,,,,,,,,,,,,,,,,,,,,,,,,,,,,,,,,,,,,,,,,,,,,,,,,,,11757,"<span lang=""EN-GB"">Suppose you want to find a route to home while walking on a street with people you know (e.g., acquaintances, colleagues).<o:p></o:p></span>"
11/1/2018 16:45,11/1/2018 16:45,0,75.163.142.121,100,30,1,11/1/2018 16:45,R_2TTp0czPSV1wrEu,,,,,38.91290283,-104.7733994,anonymous,EN,"1,2",,,,,,,,,,,,,,,,,,,,,,,,,,,,,,,,,,,,,,,,,,,,,,,,,,,,,,,,,,,,,,,,,,,,,,,,,,,,,,,,,,,,,,,,,,,,,,,,,,,,,,,,,,,,,,,,,,,,,,,,,,,,,,,,,,,,,,,,,,,,,,,,,,,,,,,,,,,,,,,,,,,,,,,,,,,,,,,,,,,,,,,,,,,,,,,,,,,,,,,,,,,,,,,,,,,77865,"<span lang=""EN-GB"">Suppose
     you want to a send an email when you are walking on a street with people
     you know (e.g., acquaintances, colleagues)<strong>.</strong><o:p></o:p></span>"
11/1/2018 16:48,11/1/2018 16:49,0,192.210.226.116,100,15,1,11/1/2018 16:49,R_1Lu88IAFDQjL2oB,,,,,41.10339355,-104.905899,anonymous,EN,1,,,,,,,,,,,,,,,,,,,,,,,,,,,,,,,,,,,,,,,,,,,,,,,,,,,,,,,,,,,,,,,,,,,,,,,,,,,,,,,,,,,,,,,,,,,,,,,,,,,,,,,,,,,,,,,,,,,,,,,,,,,,,,,,,,,,,,,,,,,,,,,,,,,,,,,,,,,,,,,,,,,,,,,,,,,,,,,,,,,,,,,,,,,,,,,,,,,,,,,,,,,,,,,,,,,97202,"<span lang=""EN-GB"" style=""font-size:11.0pt;line-height:115%;
font-family:&quot;Arial&quot;,sans-serif;mso-fareast-font-family:Arial;mso-ansi-language:
EN-GB;mso-fareast-language:EN-US;mso-bidi-language:AR-SA"">Suppose you want to
take a click a photo when you are at Starbucks.</span>"
10/25/2018 16:46,10/25/2018 16:52,0,96.44.12.103,88,306,0,11/1/2018 16:52,R_26lnyZCPdHQwxV7,,,,,,,anonymous,EN,"1,2,4","2,3,4,5",,"1,2",,"1,2,3",,3,,1,,"2,3","1,2",,"1,2",,"2,3","1,2",,"1,2,3",,"2,3,4",,"1,2,3",,"1,2,3",,4,,1,,,,,,,,,,,,,,,,,,,,,,,,,,,,,,,,,,,,,,,,,,,,,,,,,,,,,,,,,,,,,,,,,,,,,,,,,,,,,,,,,,,,,,,,,,,,,,,,,,,,,,,,,,,,,,,,,,,,,,,,,,,,,,,,,,,,,,,,,,,,,,,,,,,,,,,,,,,,,,,,,,,,,,,,,,,,,,,,,,,,,,28382,"<span lang=""EN-GB"">Suppose
     you are at home with some people you know (e.g., acquaintances,
     colleagues) when you realize today is the last day to pay one of your
     bills online.<o:p></o:p></span>"
11/1/2018 16:50,11/1/2018 16:52,0,192.210.226.116,100,123,1,11/1/2018 16:52,R_3PTA9fzPf3yc1c1,,,,,41.10339355,-104.905899,anonymous,EN,"1,2,6","2,3,4",,"1,2",,"1,2,3",,1,,"1,2,4",,"1,2","1,2,3",,"1,2,3",,"1,2,3","2,3",,"1,2,3",,"2,3",,2,,"1,2,3",,1,,,,,,,,,,,,,,,,,,,,,,,,,,,,,,,,,,,,,,,,,,,,,,,,,,,,,,,,,,,,,,,,,,,,,,,,,,,,,,,,,,,,,,,,,,,,,,,,,,,,,,,,,,,,,,,,,,,,,,,,,,,,,,,,,,,,,,,,,,,,,,,,,,,,,,,,,,,,,,,,,,,,,,,,,,,,,,,,,,,,,,,,19064,"<span lang=""EN-GB"">Suppose
     you want to a send a text message when you with people you know (e.g., acquaintances,
     colleagues) at a street<strong>.</strong><o:p></o:p></span>"
11/1/2018 16:56,11/1/2018 16:56,0,104.129.18.43,100,23,1,11/1/2018 16:57,R_stGhHicq6e5a4U1,,,,,33.7480011,-84.38580322,anonymous,EN,1,,,,,,,,,,,,,,,,,,,,,,,,,,,,,,,,,,,,,,,,,,,,,,,,,,,,,,,,,,,,,,,,,,,,,,,,,,,,,,,,,,,,,,,,,,,,,,,,,,,,,,,,,,,,,,,,,,,,,,,,,,,,,,,,,,,,,,,,,,,,,,,,,,,,,,,,,,,,,,,,,,,,,,,,,,,,,,,,,,,,,,,,,,,,,,,,,,,,,,,,,,,,,,,,,,,45123,"<span lang=""EN-GB"">Suppose you want to browse the internet when you are with your close friends at a park.<o:p></o:p></span>"
11/1/2018 16:58,11/1/2018 16:58,0,108.75.129.138,100,16,1,11/1/2018 16:58,R_3ekxvA94hqPvjod,,,,,32.78349304,-117.0189056,anonymous,EN,"2,6",,,,,,,,,,,,,,,,,,,,,,,,,,,,,,,,,,,,,,,,,,,,,,,,,,,,,,,,,,,,,,,,,,,,,,,,,,,,,,,,,,,,,,,,,,,,,,,,,,,,,,,,,,,,,,,,,,,,,,,,,,,,,,,,,,,,,,,,,,,,,,,,,,,,,,,,,,,,,,,,,,,,,,,,,,,,,,,,,,,,,,,,,,,,,,,,,,,,,,,,,,,,,,,,,,,88705,"<span lang=""EN-GB"">Suppose you want to set up a reminder when you are at a park with close friends.<o:p></o:p></span>"
11/1/2018 16:59,11/1/2018 17:02,0,104.129.196.181,100,175,1,11/1/2018 17:02,R_2xG0pkXKUmvff9x,,,,,41.84829712,-87.65170288,anonymous,EN,"1,2,3,4",2,,1,,3,,1,,1,,2,"2,3",,2,,3,6,,1,,"1,2,3",,"1,2",,1,,4,,,,,,,,,,,,,,,,,,,,,,,,,,,,,,,,,,,,,,,,,,,,,,,,,,,,,,,,,,,,,,,,,,,,,,,,,,,,,,,,,,,,,,,,,,,,,,,,,,,,,,,,,,,,,,,,,,,,,,,,,,,,,,,,,,,,,,,,,,,,,,,,,,,,,,,,,,,,,,,,,,,,,,,,,,,,,,,,,,,,,,,,79336,"<span lang=""EN-GB"">Suppose
     you want to listen to some audio when you are at home with people you are
     close to (e.g., friends, family members).<strong><o:p></o:p></strong></span>"
11/1/2018 17:01,11/1/2018 17:06,0,73.28.132.137,100,283,1,11/1/2018 17:06,R_1MS3sowvDiTyMjd,,,,,27.2427063,-82.47509766,anonymous,EN,"1,2,4,5",2,,1,,1,,3,,1,,3,2,,1,,3,3,,2,,3,,2,,1,,1,,1,2,,1,,1,,3,,1,,2,2,,5,,2,,3,,3,,2,,3,,1,,1,,,,,,,,,,,,,,,,,,,,,,,,,,,,,,,,,,,,,,,,,,,,,,,,,,,,,,,,,,,,,,,,,,,,,,,,,,,,,,,,,,,,,,,,,,,,,,,,,,,,,,,,,,,,,,,,,,,,,,,,,,,,,,,,,,,,,,,,,,,,,,,,,,,,,,,,,,11868,"<span lang=""EN-GB"">Suppose you want to a send an email when you are surrounded with people you are close to (e.g., friends, family members) at your home.<strong><o:p></o:p></strong></span>"
10/25/2018 17:28,10/25/2018 17:29,0,68.10.23.218,78,63,0,11/1/2018 17:30,R_1MXHjLR3ZUNCkVq,,,,,,,anonymous,EN,"1,2,4",,,,,,,,,,,,,,,,,,,,,,,,,,,,,,,,,,,,,,,,,,,,,,,,,,,,,,,,,,,,,,,,,,,,,,,,,,,,,,,,,,,,,,,,,,,,,,,,,,,,,,,,,,,,,,,,,,,,,,,,,,,,,,,,,,,,,,,,,,,,,,,,,,,,,,,,,,,,,,,,,,,,,,,,,,,,,,,,,,,,,,,,,,,,,,,,,,,,,,,,,,,,,,,,,,,21220,"<span lang=""EN-GB"">Suppose you want to browse the internet when you are at home with people you are close to (e.g., friends, family members)<strong><o:p></o:p></strong></span>"
11/1/2018 17:35,11/1/2018 17:36,0,104.236.53.155,100,67,1,11/1/2018 17:36,R_2S60ADNWNonl5Mb,,,,,40.83439636,-74.13770294,anonymous,EN,3,,,,,,,,,,,,,,,,,,,,,,,,,,,,,,,,,,,,,,,,,,,,,,,,,,,,,,,,,,,,,,,,,,,,,,,,,,,,,,,,,,,,,,,,,,,,,,,,,,,,,,,,,,,,,,,,,,,,,,,,,,,,,,,,,,,,,,,,,,,,,,,,,,,,,,,,,,,,,,,,,,,,,,,,,,,,,,,,,,,,,,,,,,,,,,,,,,,,,,,,,,,,,,,,,,,92362,"<span lang=""EN-GB"" style=""font-size:11.0pt;line-height:115%;
font-family:&quot;Arial&quot;,sans-serif;mso-fareast-font-family:Arial;mso-ansi-language:
EN-GB;mso-fareast-language:EN-US;mso-bidi-language:AR-SA"">Suppose you want to
read a digital document when you are at Starbucks surrounded with your close
friends.</span>"
10/25/2018 17:36,10/25/2018 17:36,0,8.37.190.217,78,42,0,11/1/2018 17:37,R_2tDygfDdm9lwa0c,,,,,,,anonymous,EN,"1,2,3,4",,,,,,,,,,,,,,,,,,,,,,,,,,,,,,,,,,,,,,,,,,,,,,,,,,,,,,,,,,,,,,,,,,,,,,,,,,,,,,,,,,,,,,,,,,,,,,,,,,,,,,,,,,,,,,,,,,,,,,,,,,,,,,,,,,,,,,,,,,,,,,,,,,,,,,,,,,,,,,,,,,,,,,,,,,,,,,,,,,,,,,,,,,,,,,,,,,,,,,,,,,,,,,,,,,,79313,"<span lang=""EN-GB"">Suppose
     you want to a view a text message when you are surrounded by people you
     know (e.g., acquaintances, colleagues) at a restaurant.<o:p></o:p></span>"
11/1/2018 17:37,11/1/2018 17:37,0,69.7.116.77,100,48,1,11/1/2018 17:37,R_3lWfLZHVhnm9675,,,,,39.55889893,-106.1332016,anonymous,EN,"1,2",,,,,,,,,,,,,,,,,,,,,,,,,,,,,,,,,,,,,,,,,,,,,,,,,,,,,,,,,,,,,,,,,,,,,,,,,,,,,,,,,,,,,,,,,,,,,,,,,,,,,,,,,,,,,,,,,,,,,,,,,,,,,,,,,,,,,,,,,,,,,,,,,,,,,,,,,,,,,,,,,,,,,,,,,,,,,,,,,,,,,,,,,,,,,,,,,,,,,,,,,,,,,,,,,,,71638,"<span lang=""EN-GB"">Suppose
     you want to watch some video when you are with your close friends in a
     park.<o:p></o:p></span>"
10/21/2018 13:54,10/25/2018 17:38,0,24.116.234.17,78,359045,0,11/1/2018 17:38,R_1GN9pfHIN5tCgWH,,,,,,,anonymous,EN,"1,2,3",,,,,,,,,,,,,,,,,,,,,,,,,,,,,,,,,,,,,,,,,,,,,,,,,,,,,,,,,,,,,,,,,,,,,,,,,,,,,,,,,,,,,,,,,,,,,,,,,,,,,,,,,,,,,,,,,,,,,,,,,,,,,,,,,,,,,,,,,,,,,,,,,,,,,,,,,,,,,,,,,,,,,,,,,,,,,,,,,,,,,,,,,,,,,,,,,,,,,,,,,,,,,,,,,,,10654,"<span id=""docs-internal-guid-5a7e3441-7fff-9d1f-10e6-454a1d940975""><span style=""font-size: 11pt; font-family: Arial; color: rgb(0, 0, 0); background-color: transparent; font-variant-numeric: normal; font-variant-east-asian: normal; vertical-align: baseline; white-space: pre-wrap;"">Suppose you want to call your mother for sharing an important update about your life &nbsp;when you are alone at home</span><br> <br><br></span>"
10/25/2018 17:40,10/25/2018 17:41,0,69.180.153.211,78,55,0,11/1/2018 17:41,R_2CyzybgLzlZIjCm,,,,,,,anonymous,EN,"1,3,4",,,,,,,,,,,,,,,,,,,,,,,,,,,,,,,,,,,,,,,,,,,,,,,,,,,,,,,,,,,,,,,,,,,,,,,,,,,,,,,,,,,,,,,,,,,,,,,,,,,,,,,,,,,,,,,,,,,,,,,,,,,,,,,,,,,,,,,,,,,,,,,,,,,,,,,,,,,,,,,,,,,,,,,,,,,,,,,,,,,,,,,,,,,,,,,,,,,,,,,,,,,,,,,,,,,20227,"<span lang=""EN-GB"">Suppose
     you want to listen to some audio when you are with your close friends in a
     park.<o:p></o:p></span>"
11/1/2018 17:42,11/1/2018 17:46,0,68.13.6.36,100,275,1,11/1/2018 17:46,R_xfqf68Mn0a5kBMZ,,,,,41.23379517,-96.04949951,anonymous,EN,"1,2,4","2,3,5",,3,,2,,3,,1,,3,2,,3,,2,"1,2",,2,,3,,"2,3",,3,,1,,,,,,,,,,,,,,,,,,,,,,,,,,,,,,,,,,,,,,,,,,,,,,,,,,,,,,,,,,,,,,,,,,,,,,,,,,,,,,,,,,,,,,,,,,,,,,,,,,,,,,,,,,,,,,,,,,,,,,,,,,,,,,,,,,,,,,,,,,,,,,,,,,,,,,,,,,,,,,,,,,,,,,,,,,,,,,,,,,,,,,,,64968,"<span lang=""EN-GB"">Suppose
     you want to a send an email when you are surrounded by people you know
     (e.g., acquaintances, colleagues) your home.<o:p></o:p></span>"
11/1/2018 17:48,11/1/2018 17:48,0,68.40.112.181,100,13,1,11/1/2018 17:48,R_3MoCXOihQHPcI6m,,,,,42.36880493,-83.47989655,anonymous,EN,"1,2",,,,,,,,,,,,,,,,,,,,,,,,,,,,,,,,,,,,,,,,,,,,,,,,,,,,,,,,,,,,,,,,,,,,,,,,,,,,,,,,,,,,,,,,,,,,,,,,,,,,,,,,,,,,,,,,,,,,,,,,,,,,,,,,,,,,,,,,,,,,,,,,,,,,,,,,,,,,,,,,,,,,,,,,,,,,,,,,,,,,,,,,,,,,,,,,,,,,,,,,,,,,,,,,,,,60484,"<span lang=""EN-GB"">Suppose you want to read a digital document when you are in a park surrounded by your close friends.<o:p></o:p></span>"
10/25/2018 17:46,10/25/2018 17:48,0,47.215.216.113,78,158,0,11/1/2018 17:49,R_1lgAepzHQRtZUul,,,,,,,anonymous,EN,"1,2,5",,,,,,,,,,,,,,,,,,,,,,,,,,,,,,,,,,,,,,,,,,,,,,,,,,,,,,,,,,,,,,,,,,,,,,,,,,,,,,,,,,,,,,,,,,,,,,,,,,,,,,,,,,,,,,,,,,,,,,,,,,,,,,,,,,,,,,,,,,,,,,,,,,,,,,,,,,,,,,,,,,,,,,,,,,,,,,,,,,,,,,,,,,,,,,,,,,,,,,,,,,,,,,,,,,,23064,"<span lang=""EN-GB"">Suppose you have planned to meet a friend next week and you want to put this on your calendar when you are surrounded with people you are close to (e.g., friends, family members) at your home.<strong><o:p></o:p></strong></span>"
11/1/2018 17:44,11/1/2018 17:49,0,70.161.169.92,100,303,1,11/1/2018 17:49,R_2rGtSvoVe6jjYjj,,,,,36.8914032,-76.23960114,anonymous,EN,"1,2,4","1,2",,5,,1,,1,,1,,4,"1,2",,5,,1,6,,5,,6,,5,,5,,1,,,,,,,,,,,,,,,,,,,,,,,,,,,,,,,,,,,,,,,,,,,,,,,,,,,,,,,,,,,,,,,,,,,,,,,,,,,,,,,,,,,,,,,,,,,,,,,,,,,,,,,,,,,,,,,,,,,,,,,,,,,,,,,,,,,,,,,,,,,,,,,,,,,,,,,,,,,,,,,,,,,,,,,,,,,,,,,,,,,,,,,,18961,"<span lang=""EN-GB"">Suppose
     you want to take a click a photo when you are alone at home.<o:p></o:p></span>"
10/25/2018 17:47,10/25/2018 17:50,0,99.12.149.131,78,196,0,11/1/2018 17:50,R_6Wirfjh7uUR8G2J,,,,,,,anonymous,EN,"2,3,4",,,,,,,,,,,,,,,,,,,,,,,,,,,,,,,,,,,,,,,,,,,,,,,,,,,,,,,,,,,,,,,,,,,,,,,,,,,,,,,,,,,,,,,,,,,,,,,,,,,,,,,,,,,,,,,,,,,,,,,,,,,,,,,,,,,,,,,,,,,,,,,,,,,,,,,,,,,,,,,,,,,,,,,,,,,,,,,,,,,,,,,,,,,,,,,,,,,,,,,,,,,,,,,,,,,82906,"<span lang=""EN-GB"">Suppose
     you want to set up a reminder when you are at a park by yourself.<o:p></o:p></span>"
11/1/2018 17:52,11/1/2018 17:52,0,107.77.206.24,100,50,1,11/1/2018 17:52,R_DdSQMOu9wu24SUV,,,,,41.84829712,-87.65170288,anonymous,EN,2,,,,,,,,,,,,,,,,,,,,,,,,,,,,,,,,,,,,,,,,,,,,,,,,,,,,,,,,,,,,,,,,,,,,,,,,,,,,,,,,,,,,,,,,,,,,,,,,,,,,,,,,,,,,,,,,,,,,,,,,,,,,,,,,,,,,,,,,,,,,,,,,,,,,,,,,,,,,,,,,,,,,,,,,,,,,,,,,,,,,,,,,,,,,,,,,,,,,,,,,,,,,,,,,,,,17725,"<span lang=""EN-GB"">Suppose you are at a coffee shop, you have just read a book you loved and now&nbsp;</span>you want to write a review for it to share with your close family and friends."
11/1/2018 17:51,11/1/2018 17:57,0,108.88.55.185,100,346,1,11/1/2018 17:57,R_3isTZRQc6TpFVY8,,,,,34.73629761,-92.27410126,anonymous,EN,"1,2,4,5",2,,1,,"1,2",,1,,1,,"2,3","1,2",,1,,"2,3",2,,"2,3",,6,,2,,"1,3",,1,,,,,,,,,,,,,,,,,,,,,,,,,,,,,,,,,,,,,,,,,,,,,,,,,,,,,,,,,,,,,,,,,,,,,,,,,,,,,,,,,,,,,,,,,,,,,,,,,,,,,,,,,,,,,,,,,,,,,,,,,,,,,,,,,,,,,,,,,,,,,,,,,,,,,,,,,,,,,,,,,,,,,,,,,,,,,,,,,,,,,,,,5178,"Suppose you want to purchase something (e.g., book,
     household items) online when you are with people
     you know (e.g., acquaintances, colleagues) at
     Starbucks.<o:p></o:p>"
10/25/2018 17:55,10/25/2018 17:59,0,24.20.59.209,88,183,0,11/1/2018 17:59,R_3oSDH4ML295Jzxz,,,,,,,anonymous,EN,"1,2,4,5",1,,1,,2,,1,,1,,2,2,,2,,2,4,,2,,1,,2,,1,,1,,2,,,,,,,,,,,,,,,,,,,,,,,,,,,,,,,,,,,,,,,,,,,,,,,,,,,,,,,,,,,,,,,,,,,,,,,,,,,,,,,,,,,,,,,,,,,,,,,,,,,,,,,,,,,,,,,,,,,,,,,,,,,,,,,,,,,,,,,,,,,,,,,,,,,,,,,,,,,,,,,,,,,,,,,,,,,,,,,,,,,,,,65149,"<span lang=""EN-GB"">Suppose
     you want to a view a text message when you are surrounded with people you
     are close to (e.g., friends, family members) at your home.<strong><o:p></o:p></strong></span>"
10/21/2018 14:30,10/25/2018 18:00,0,99.150.227.99,88,358208,0,11/1/2018 18:00,R_enX6if9IgC0EfFT,,,,,,,anonymous,EN,"1,2,3,4","1,2,3,4,5",,"1,2,3",,"2,3,4",,1,,"2,3,4",,4,"1,2,3",,"1,2,3",,4,"2,4",,"1,2,3",,"1,2,3",,"1,2,3",,"1,2,3",,"1,2",,2,,,,,,,,,,,,,,,,,,,,,,,,,,,,,,,,,,,,,,,,,,,,,,,,,,,,,,,,,,,,,,,,,,,,,,,,,,,,,,,,,,,,,,,,,,,,,,,,,,,,,,,,,,,,,,,,,,,,,,,,,,,,,,,,,,,,,,,,,,,,,,,,,,,,,,,,,,,,,,,,,,,,,,,,,,,,,,,,,,,,,,26513,"Suppose you want to find a route to a coffee shop
     when you are at home with your by your colleagues<o:p></o:p>"
11/1/2018 17:57,11/1/2018 18:08,0,71.228.146.92,100,614,1,11/1/2018 18:08,R_3eqaQ6WiWCNx6ag,,,,,32.14219666,-111.0505981,anonymous,EN,"1,2,4",2,,5,,1,,1,,3,,2,2,,1,,3,6,,2,,2,,3,,2,,2,,,,,,,,,,,,,,,,,,,,,,,,,,,,,,,,,,,,,,,,,,,,,,,,,,,,,,,,,,,,,,,,,,,,,,,,,,,,,,,,,,,,,,,,,,,,,,,,,,,,,,,,,,,,,,,,,,,,,,,,,,,,,,,,,,,,,,,,,,,,,,,,,,,,,,,,,,,,,,,,,,,,,,,,,,,,,,,,,,,,,,,,12700,"<span lang=""EN-GB"">Suppose
     you want to a send a text message when you are with a very close friend at
     a restaurant&nbsp;<o:p></o:p></span>"
11/1/2018 18:09,11/1/2018 18:09,0,131.108.235.180,100,17,1,11/1/2018 18:09,R_1DSvk4rrTV4XNdY,,,,,37.75100708,-97.8219986,anonymous,EN,2,,,,,,,,,,,,,,,,,,,,,,,,,,,,,,,,,,,,,,,,,,,,,,,,,,,,,,,,,,,,,,,,,,,,,,,,,,,,,,,,,,,,,,,,,,,,,,,,,,,,,,,,,,,,,,,,,,,,,,,,,,,,,,,,,,,,,,,,,,,,,,,,,,,,,,,,,,,,,,,,,,,,,,,,,,,,,,,,,,,,,,,,,,,,,,,,,,,,,,,,,,,,,,,,,,,20161,"<span lang=""EN-GB"">Suppose you are at a park, you have just read a book you loved and now you&nbsp;</span>want to write a review for it to share with people you are close to (e.g., friends, family members)"
11/1/2018 18:09,11/1/2018 18:10,0,131.108.235.180,100,21,1,11/1/2018 18:10,R_11c2lesYcGPsFma,,,,,37.75100708,-97.8219986,anonymous,EN,4,,,,,,,,,,,,,,,,,,,,,,,,,,,,,,,,,,,,,,,,,,,,,,,,,,,,,,,,,,,,,,,,,,,,,,,,,,,,,,,,,,,,,,,,,,,,,,,,,,,,,,,,,,,,,,,,,,,,,,,,,,,,,,,,,,,,,,,,,,,,,,,,,,,,,,,,,,,,,,,,,,,,,,,,,,,,,,,,,,,,,,,,,,,,,,,,,,,,,,,,,,,,,,,,,,,18569,"<span lang=""EN-GB"">Suppose you have planned to meet a friend next week and you want to put this on your calendar when you are surrounded with people you are close to (e.g., friends, family members) at your home.<strong><o:p></o:p></strong></span>"
11/1/2018 18:10,11/1/2018 18:10,0,131.108.235.180,100,8,1,11/1/2018 18:10,R_SOAO6gs5OL8T9uh,,,,,37.75100708,-97.8219986,anonymous,EN,3,,,,,,,,,,,,,,,,,,,,,,,,,,,,,,,,,,,,,,,,,,,,,,,,,,,,,,,,,,,,,,,,,,,,,,,,,,,,,,,,,,,,,,,,,,,,,,,,,,,,,,,,,,,,,,,,,,,,,,,,,,,,,,,,,,,,,,,,,,,,,,,,,,,,,,,,,,,,,,,,,,,,,,,,,,,,,,,,,,,,,,,,,,,,,,,,,,,,,,,,,,,,,,,,,,,50314,"<span lang=""EN-GB"">Suppose you want to a send a text message when you are surrounded with people you are close to (e.g., friends, family members) at your home.<strong><o:p></o:p></strong></span>"
11/1/2018 18:10,11/1/2018 18:10,0,131.108.235.180,100,12,1,11/1/2018 18:10,R_2YxNEQPBOfMov2t,,,,,37.75100708,-97.8219986,anonymous,EN,5,,,,,,,,,,,,,,,,,,,,,,,,,,,,,,,,,,,,,,,,,,,,,,,,,,,,,,,,,,,,,,,,,,,,,,,,,,,,,,,,,,,,,,,,,,,,,,,,,,,,,,,,,,,,,,,,,,,,,,,,,,,,,,,,,,,,,,,,,,,,,,,,,,,,,,,,,,,,,,,,,,,,,,,,,,,,,,,,,,,,,,,,,,,,,,,,,,,,,,,,,,,,,,,,,,,98351,"<span lang=""EN-GB"">Suppose
     you want to a send a text message when you are surrounded by people you
     know (e.g., acquaintances, colleagues) at your home.<o:p></o:p></span>"
11/1/2018 18:11,11/1/2018 18:11,0,131.108.235.180,100,12,1,11/1/2018 18:11,R_1GEvRMOI1SkzDVo,,,,,37.75100708,-97.8219986,anonymous,EN,1,,,,,,,,,,,,,,,,,,,,,,,,,,,,,,,,,,,,,,,,,,,,,,,,,,,,,,,,,,,,,,,,,,,,,,,,,,,,,,,,,,,,,,,,,,,,,,,,,,,,,,,,,,,,,,,,,,,,,,,,,,,,,,,,,,,,,,,,,,,,,,,,,,,,,,,,,,,,,,,,,,,,,,,,,,,,,,,,,,,,,,,,,,,,,,,,,,,,,,,,,,,,,,,,,,,49963,"<span lang=""EN-GB"">Suppose
     you want to find a route to home when you are alone at Starbucks.<o:p></o:p></span>"
11/1/2018 18:11,11/1/2018 18:11,0,131.108.235.180,100,11,1,11/1/2018 18:11,R_2cemwcPN1KwxuYO,,,,,37.75100708,-97.8219986,anonymous,EN,6,,,,,,,,,,,,,,,,,,,,,,,,,,,,,,,,,,,,,,,,,,,,,,,,,,,,,,,,,,,,,,,,,,,,,,,,,,,,,,,,,,,,,,,,,,,,,,,,,,,,,,,,,,,,,,,,,,,,,,,,,,,,,,,,,,,,,,,,,,,,,,,,,,,,,,,,,,,,,,,,,,,,,,,,,,,,,,,,,,,,,,,,,,,,,,,,,,,,,,,,,,,,,,,,,,,51070,"<span lang=""EN-GB"">Suppose you want to browse through one of your social media profiles when you&nbsp;</span>are at your home."
11/1/2018 18:10,11/1/2018 18:14,0,73.152.91.100,100,215,1,11/1/2018 18:14,R_3fpMbLE9TqerwEs,,,,,39.15010071,-78.26899719,anonymous,EN,"2,4,5,6",1,,2,,2,,1,,1,,1,2,,1,,1,6,,3,,"1,2",,5,,3,,4,,,,,,,,,,,,,,,,,,,,,,,,,,,,,,,,,,,,,,,,,,,,,,,,,,,,,,,,,,,,,,,,,,,,,,,,,,,,,,,,,,,,,,,,,,,,,,,,,,,,,,,,,,,,,,,,,,,,,,,,,,,,,,,,,,,,,,,,,,,,,,,,,,,,,,,,,,,,,,,,,,,,,,,,,,,,,,,,,,,,,,,,2166,"<span lang=""EN-GB"">Suppose
     you want to purchase something online when you are alone at your home.<o:p></o:p></span>"
10/25/2018 18:15,10/25/2018 18:15,0,198.15.118.141,78,29,0,11/1/2018 18:16,R_1FG8OYf3EDHsuNH,,,,,,,anonymous,EN,"1,2,3,4,5",,,,,,,,,,,,,,,,,,,,,,,,,,,,,,,,,,,,,,,,,,,,,,,,,,,,,,,,,,,,,,,,,,,,,,,,,,,,,,,,,,,,,,,,,,,,,,,,,,,,,,,,,,,,,,,,,,,,,,,,,,,,,,,,,,,,,,,,,,,,,,,,,,,,,,,,,,,,,,,,,,,,,,,,,,,,,,,,,,,,,,,,,,,,,,,,,,,,,,,,,,,,,,,,,,,58937,"<span lang=""EN-GB"">Suppose you have planned to meet a friend next week and you want to put this on your calendar when you are with a very close friend at a park.&nbsp;<o:p></o:p></span>"
10/25/2018 18:21,10/25/2018 18:22,0,174.223.137.42,78,25,0,11/1/2018 18:22,R_bIdECpWOT4LpS8N,,,,,,,anonymous,EN,"1,4,6",,,,,,,,,,,,,,,,,,,,,,,,,,,,,,,,,,,,,,,,,,,,,,,,,,,,,,,,,,,,,,,,,,,,,,,,,,,,,,,,,,,,,,,,,,,,,,,,,,,,,,,,,,,,,,,,,,,,,,,,,,,,,,,,,,,,,,,,,,,,,,,,,,,,,,,,,,,,,,,,,,,,,,,,,,,,,,,,,,,,,,,,,,,,,,,,,,,,,,,,,,,,,,,,,,,75784,"<span lang=""EN-GB"">Suppose you are on a short vacation alone and you want to take a picture in front&nbsp;</span>of an iconic monument."
10/25/2018 18:17,10/25/2018 18:23,0,172.73.42.170,78,387,0,11/1/2018 18:23,R_eROTWtReL1Iae0p,,,,,,,anonymous,EN,"1,2,3,4",,,,,,,,,,,,,,,,,,,,,,,,,,,,,,,,,,,,,,,,,,,,,,,,,,,,,,,,,,,,,,,,,,,,,,,,,,,,,,,,,,,,,,,,,,,,,,,,,,,,,,,,,,,,,,,,,,,,,,,,,,,,,,,,,,,,,,,,,,,,,,,,,,,,,,,,,,,,,,,,,,,,,,,,,,,,,,,,,,,,,,,,,,,,,,,,,,,,,,,,,,,,,,,,,,,19071,"<span lang=""EN-GB"">Suppose you want to browse the internet when you alone at a park.<o:p></o:p></span>"
11/1/2018 18:25,11/1/2018 18:25,0,190.218.90.188,100,11,1,11/1/2018 18:25,R_pM2EYvvdI5I26Ih,,,,,8.399993896,-82.3167038,anonymous,EN,1,,,,,,,,,,,,,,,,,,,,,,,,,,,,,,,,,,,,,,,,,,,,,,,,,,,,,,,,,,,,,,,,,,,,,,,,,,,,,,,,,,,,,,,,,,,,,,,,,,,,,,,,,,,,,,,,,,,,,,,,,,,,,,,,,,,,,,,,,,,,,,,,,,,,,,,,,,,,,,,,,,,,,,,,,,,,,,,,,,,,,,,,,,,,,,,,,,,,,,,,,,,,,,,,,,,78521,"<span lang=""EN-GB"">Suppose
     you want to set up a reminder when you are at home with people you are
     close to (e.g., friends, family members).<strong><o:p></o:p></strong></span>"
11/1/2018 18:33,11/1/2018 18:35,0,75.39.85.140,100,119,1,11/1/2018 18:35,R_3FJNrXhUP0h7Vjk,,,,,41.36759949,-81.86180115,anonymous,EN,5,,,,,,,,,,,,,,,,,,,,,,,,,,,,,,,,,,,,,,,,,,,,,,,,,,,,,,,,,,,,,,,,,,,,,,,,,,,,,,,,,,,,,,,,,,,,,,,,,,,,,,,,,,,,,,,,,,,,,,,,,,,,,,,,,,,,,,,,,,,,,,,,,,,,,,,,,,,,,,,,,,,,,,,,,,,,,,,,,,,,,,,,,,,,,,,,,,,,,,,,,,,,,,,,,,,35627,"<span lang=""EN-GB"">Suppose
     you want to purchase something online when you are alone at a park.<o:p></o:p></span>"
11/1/2018 18:27,11/1/2018 18:37,0,67.44.209.218,100,603,1,11/1/2018 18:37,R_2rxrbFNWbQMYYOO,,,,,37.75100708,-97.8219986,anonymous,EN,"1,2,4",2,,1,,6,,1,,6,,4,1,,5,,4,6,,5,,3,,5,,1,,2,,4,,,,,,,,,,,,,,,,,,,,,,,,,,,,,,,,,,,,,,,,,,,,,,,,,,,,,,,,,,,,,,,,,,,,,,,,,,,,,,,,,,,,,,,,7,,1,,6,,1,,6,,4,5,,5,,5,,6,,6,,5,,3,,"1,3",,2,,,,,,,,,,,,,,,,,,,,,,,,,,,,,,,,,,,,,,,,,,,,,,,,,,,,,,,,,,,,,,,,,,,85603,"<span lang=""EN-GB"">Suppose
     you want to listen to some audio when you are with your close friends in a
     park.<o:p></o:p></span>"
11/1/2018 18:37,11/1/2018 18:38,0,73.91.206.91,100,71,1,11/1/2018 18:38,R_CeIqqYKRG2Tzqsp,,,,,35.25100708,-90.02960205,anonymous,EN,"1,2,6",4,,2,,1,,1,,3,,1,1,,3,,2,3,,1,,1,,1,,2,,1,,,,,,,,,,,,,,,,,,,,,,,,,,,,,,,,,,,,,,,,,,,,,,,,,,,,,,,,,,,,,,,,,,,,,,,,,,,,,,,,,,,,,,,,,,,,,,,,,,,,,,,,,,,,,,,,,,,,,,,,,,,,,,,,,,,,,,,,,,,,,,,,,,,,,,,,,,,,,,,,,,,,,,,,,,,,,,,,,,,,,,,,85348,"<span lang=""EN-GB"">Suppose
     you want to watch some video when you are with people you know (e.g.,
     acquaintances, colleagues) at your home.<o:p></o:p></span>"
11/1/2018 18:44,11/1/2018 18:45,0,160.2.247.96,100,60,1,11/1/2018 18:45,R_2CH3KnNuiJ8I7WY,,,,,28.60110474,-96.62590027,anonymous,EN,"1,2,3,4,5,6","1,2",,1,,4,,1,,2,,3,1,,2,,2,1,,1,,3,,2,,3,,1,,,,,,,,,,,,,,,,,,,,,,,,,,,,,,,,,,,,,,,,,,,,,,,,,,,,,,,,,,,,,,,,,,,,,,,,,,,,,,,,,,,,,,,,,,,,,,,,,,,,,,,,,,,,,,,,,,,,,,,,,,,,,,,,,,,,,,,,,,,,,,,,,,,,,,,,,,,,,,,,,,,,,,,,,,,,,,,,,,,,,,,,92507,"<span lang=""EN-GB"">Suppose you want to take a click a photo when you with </span><span lang=""EN-GB"">some people you know (e.g.,
     acquaintances, colleagues)</span><span lang=""EN-GB""> at home<o:p></o:p></span>"
11/1/2018 18:42,11/1/2018 18:45,0,75.111.239.251,100,209,1,11/1/2018 18:45,R_pob0iDsltpAajmN,,,,,33.54660034,-101.8871002,anonymous,EN,"1,2,4",1,,1,,1,,1,,1,,4,2,,3,,2,2,,2,,2,,1,,1,,2,,,,,,,,,,,,,,,,,,,,,,,,,,,,,,,,,,,,,,,,,,,,,,,,,,,,,,,,,,,,,,,,,,,,,,,,,,,,,,,,,,,,,,,,,,,,,,,,,,,,,,,,,,,,,,,,,,,,,,,,,,,,,,,,,,,,,,,,,,,,,,,,,,,,,,,,,,,,,,,,,,,,,,,,,,,,,,,,,,,,,,,,86972,"<span lang=""EN-GB"">Suppose
     you want to listen to some audio when you are alone at your home.<strong><o:p></o:p></strong></span>"
11/1/2018 18:45,11/1/2018 18:46,0,160.2.247.96,100,85,1,11/1/2018 18:46,R_OIo5qLXXPazvVlL,,,,,28.60110474,-96.62590027,anonymous,EN,"1,2,3,4,5,6",2,,1,,6,,3,,6,,4,5,,5,,1,4,,2,,3,,1,,1,,2,,,,,,,,,,,,,,,,,,,,,,,,,,,,,,,,,,,,,,,,,,,,,,,,,,,,,,,,,,,,,,,,,,,,,,,,,,,,,,,,,,,,,,,,,,,,,,,,,,,,,,,,,,,,,,,,,,,,,,,,,,,,,,,,,,,,,,,,,,,,,,,,,,,,,,,,,,,,,,,,,,,,,,,,,,,,,,,,,,,,,,,,44419,"<span lang=""EN-GB"">Suppose you want to watch some video when you are alone in a park.<o:p></o:p></span>"
11/1/2018 18:43,11/1/2018 18:48,0,68.84.231.232,100,303,1,11/1/2018 18:48,R_3g7ca3EJJvrteFz,,,,,39.58810425,-74.36460114,anonymous,EN,"1,2,4",2,,"1,3",,"2,3",,3,,1,,2,"1,2",,3,,3,2,,2,,4,,2,,2,,2,,,,,,,,,,,,,,,,,,,,,,,,,,,,,,,,,,,,,,,,,,,,,,,,,,,,,,,,,,,,,,,,,,,,,,,,,,,,,,,,,,,,,,,,,,,,,,,,,,,,,,,,,,,,,,,,,,,,,,,,,,,,,,,,,,,,,,,,,,,,,,,,,,,,,,,,,,,,,,,,,,,,,,,,,,,,,,,,,,,,,,,,12574,"<span lang=""EN-GB"">Suppose
     you want to set up a reminder about something when you are with people you
     know (e.g., acquaintances, colleagues) at Starbucks.<o:p></o:p></span>"
11/1/2018 18:52,11/1/2018 18:56,0,173.61.254.154,100,228,1,11/1/2018 18:56,R_vohGi0WIyzuOEKJ,,,,,39.70680237,-75.11720276,anonymous,EN,"1,2,5","1,2,5",,"1,2",,"1,2",,1,,1,,3,1,,1,,3,"2,3,4",,1,,"2,3",,1,,3,,"1,2",,2,,,,,,,,,,,,,,,,,,,,,,,,,,,,,,"1,2,5",,"1,2",,1,,1,,1,,2,1,,1,,1,,"2,3,4",,"2,3",,2,,"2,3",,1,,2,,,,,,,,,,,,,,,,,,,,,,,,,,,,,,,,,,,,,,,,,,,,,,,,,,,,,,,,,,,,,,,,,,,,,,,,,,,,,,,,,,,,,,,,,,,,,,,,,,,,,,,,,,,,,,,,,,,,,,Male,23,Freelancer,5,3,,5,24140,"<span lang=""EN-GB"" style=""font-size:11.0pt;line-height:115%;
font-family:&quot;Arial&quot;,sans-serif;mso-fareast-font-family:Arial;mso-ansi-language:
EN-GB;mso-fareast-language:EN-US;mso-bidi-language:AR-SA"">Suppose you want to
find a route to a coffee shop when you are alone at home.</span>"
10/25/2018 19:26,10/25/2018 19:28,0,71.8.0.133,78,143,0,11/1/2018 19:28,R_1rIVY2YNbVnCbsN,,,,,,,anonymous,EN,"1,3,4",,,,,,,,,,,,,,,,,,,,,,,,,,,,,,,,,,,,,,,,,,,,,,,,,,,,,,,,,,,,,,,,,,,,,,,,,,,,,,,,,,,,,,,,,,,,,,,,,,,,,,,,,,,,,,,,,,,,,,,,,,,,,,,,,,,,,,,,,,,,,,,,,,,,,,,,,,,,,,,,,,,,,,,,,,,,,,,,,,,,,,,,,,,,,,,,,,,,,,,,,,,,,,,,,,,23921,"<span lang=""EN-GB"">Suppose you want to take a click a photo when you with </span><span lang=""EN-GB"">some people you know (e.g.,
     acquaintances, colleagues)</span><span lang=""EN-GB""> at home<o:p></o:p></span>"
11/1/2018 19:33,11/1/2018 19:35,0,108.52.84.144,100,128,1,11/1/2018 19:35,R_R372Q2GFsgGQoHn,,,,,40.04679871,-75.53099823,anonymous,EN,"1,2,4,6",2,,1,,1,,1,,1,,1,1,,1,,1,1,,1,,3,,1,,1,,2,,2,,,,,,,,,,,,,,,,,,,,,,,,,,,,,,"2,3",,1,,1,,1,,1,,1,1,,1,,1,,1,,2,,1,,2,,1,,1,,,,,,,,,,,,,,,,,,,,,,,,,,,,,,,,,,,,,,,,,,,,,,,,,,,,,,,,,,,,,,,,,,,,,,,,,,,,,,,,,,,,,,,,,,,,,,,,,,,,,,,,,,,,,,,,,,,,,,female,30,mental health technician,6,1,,6,99163,"<span lang=""EN-GB"">Suppose you want to find a route to home while walking on a street.<o:p></o:p></span>"
10/25/2018 19:36,10/25/2018 19:37,0,104.1.236.22,78,45,0,11/1/2018 19:37,R_1Hoa4qiVOo1HUtg,,,,,,,anonymous,EN,"2,3,4,6",,,,,,,,,,,,,,,,,,,,,,,,,,,,,,,,,,,,,,,,,,,,,,,,,,,,,,,,,,,,,,,,,,,,,,,,,,,,,,,,,,,,,,,,,,,,,,,,,,,,,,,,,,,,,,,,,,,,,,,,,,,,,,,,,,,,,,,,,,,,,,,,,,,,,,,,,,,,,,,,,,,,,,,,,,,,,,,,,,,,,,,,,,,,,,,,,,,,,,,,,,,,,,,,,,,96349,"<span lang=""EN-GB"">Suppose you want to take a click a photo when you are with your close friends&nbsp;</span>and family members at Starbucks"
11/1/2018 19:39,11/1/2018 19:40,0,73.87.118.68,100,74,1,11/1/2018 19:40,R_yqqbi8IbtlxqN0Z,,,,,39.12080383,-76.84349823,anonymous,EN,"1,2,3,4,5,6","1,2",,2,,"1,2,3",,1,,"1,3",,"2,3","1,2",,"1,2,3",,4,"1,3",,"1,2",,"1,4",,"1,2",,"1,2",,"1,2",,,,,,,,,,,,,,,,,,,,,,,,,,,,,,,,,,,,,,,,,,,,,,,,,,,,,,,,,,,,,,,,,,,,,,,,,,,,,,,,,,,,,,,,,,,,,,,,,,,,,,,,,,,,,,,,,,,,,,,,,,,,,,,,,,,,,,,,,,,,,,,,,,,,,,,,,,,,,,,,,,,,,,,,,,,,,,,,,,,,,,,,570,"<span lang=""EN-GB"" style=""font-size:11.0pt;line-height:115%;
font-family:&quot;Arial&quot;,sans-serif;mso-fareast-font-family:Arial;mso-ansi-language:
EN-GB;mso-fareast-language:EN-US;mso-bidi-language:AR-SA"">Suppose you want to browse the internet when you are alone at your home.</span>"
11/1/2018 19:41,11/1/2018 19:43,0,76.168.192.179,100,88,1,11/1/2018 19:43,R_dbTnSAZhQzkrWRr,,,,,34.04510498,-118.1858978,anonymous,EN,"1,2,3,4,5,6","1,4",,"2,3",,"1,4",,1,,"3,4",,"1,2","1,3",,"2,3",,"1,3","1,3",,"2,3",,"3,4",,"1,2",,"1,3",,"1,2",,,,,,,,,,,,,,,,,,,,,,,,,,,,,,,,,,,,,,,,,,,,,,,,,,,,,,,,,,,,,,,,,,,,,,,,,,,,,,,,,,,,,,,,,,,,,,,,,,,,,,,,,,,,,,,,,,,,,,,,,,,,,,,,,,,,,,,,,,,,,,,,,,,,,,,,,,,,,,,,,,,,,,,,,,,,,,,,,,,,,,,,65322,"<span lang=""EN-GB"">Suppose you are on a short vacation alone and you want to take a picture in front&nbsp;</span>of an iconic monument."
11/1/2018 19:43,11/1/2018 19:43,0,98.210.114.225,100,11,1,11/1/2018 19:43,R_1f3mN20N3jzVlUv,,,,,37.89889526,-121.6054001,anonymous,EN,"1,3",,,,,,,,,,,,,,,,,,,,,,,,,,,,,,,,,,,,,,,,,,,,,,,,,,,,,,,,,,,,,,,,,,,,,,,,,,,,,,,,,,,,,,,,,,,,,,,,,,,,,,,,,,,,,,,,,,,,,,,,,,,,,,,,,,,,,,,,,,,,,,,,,,,,,,,,,,,,,,,,,,,,,,,,,,,,,,,,,,,,,,,,,,,,,,,,,,,,,,,,,,,,,,,,,,,47298,"<span lang=""EN-GB"">Suppose you are alone at home, you want to take a break from studying/working&nbsp;</span>so you decide to play an online/digital game."
10/24/2018 18:58,10/25/2018 19:44,0,73.177.202.122,78,89135,0,11/1/2018 19:44,R_SDlNdCyA4JhqtSV,,,,,,,anonymous,EN,"1,2,3,4,6",,,,,,,,,,,,,,,,,,,,,,,,,,,,,,,,,,,,,,,,,,,,,,,,,,,,,,,,,,,,,,,,,,,,,,,,,,,,,,,,,,,,,,,,,,,,,,,,,,,,,,,,,,,,,,,,,,,,,,,,,,,,,,,,,,,,,,,,,,,,,,,,,,,,,,,,,,,,,,,,,,,,,,,,,,,,,,,,,,,,,,,,,,,,,,,,,,,,,,,,,,,,,,,,,,,90347,"<span lang=""EN-GB"" style=""font-size:11.0pt;line-height:115%;
font-family:&quot;Arial&quot;,sans-serif;mso-fareast-font-family:Arial;mso-ansi-language:
EN-GB;mso-fareast-language:EN-US;mso-bidi-language:AR-SA"">Suppose you want to check your social media when you are alone in a park.</span>"
10/25/2018 19:44,10/25/2018 19:45,0,24.187.109.203,78,70,0,11/1/2018 19:45,R_1obPatMATf0pfP9,,,,,,,anonymous,EN,"1,2,3,4,5,6",,,,,,,,,,,,,,,,,,,,,,,,,,,,,,,,,,,,,,,,,,,,,,,,,,,,,,,,,,,,,,,,,,,,,,,,,,,,,,,,,,,,,,,,,,,,,,,,,,,,,,,,,,,,,,,,,,,,,,,,,,,,,,,,,,,,,,,,,,,,,,,,,,,,,,,,,,,,,,,,,,,,,,,,,,,,,,,,,,,,,,,,,,,,,,,,,,,,,,,,,,,,,,,,,,,38971,"<span lang=""EN-GB"">Suppose you want to browse through one of your social media profiles when you&nbsp;</span>are at your home."
10/25/2018 19:46,10/25/2018 19:46,0,174.223.137.42,1,11,0,11/1/2018 19:46,R_2WIporhXePG8eYE,,,,,,,anonymous,EN,,,,,,,,,,,,,,,,,,,,,,,,,,,,,,,,,,,,,,,,,,,,,,,,,,,,,,,,,,,,,,,,,,,,,,,,,,,,,,,,,,,,,,,,,,,,,,,,,,,,,,,,,,,,,,,,,,,,,,,,,,,,,,,,,,,,,,,,,,,,,,,,,,,,,,,,,,,,,,,,,,,,,,,,,,,,,,,,,,,,,,,,,,,,,,,,,,,,,,,,,,,,,,,,,,,,58255,"Suppose you want to call your mother for sharing an important update about your life when you are surrounded with people you are close to (e.g., friends, family members)at your home."
11/1/2018 19:45,11/1/2018 19:46,0,104.131.92.125,100,39,1,11/1/2018 19:46,R_21Hb8HORVVmhhvm,,,,,40.83439636,-74.13770294,anonymous,EN,"1,2,3,4,5,6",4,,1,,1,,1,,1,,1,1,,2,,2,1,,1,,2,,1,,1,,2,,,,,,,,,,,,,,,,,,,,,,,,,,,,,,,,,,,,,,,,,,,,,,,,,,,,,,,,,,,,,,,,,,,,,,,,,,,,,,,,,,,,,,,,,,,,,,,,,,,,,,,,,,,,,,,,,,,,,,,,,,,,,,,,,,,,,,,,,,,,,,,,,,,,,,,,,,,,,,,,,,,,,,,,,,,,,,,,,,,,,,,,48236,"<span lang=""EN-GB"">Suppose you have planned to meet a friend next week and you want to put this on your calendar when you are surrounded by people you know (e.g., acquaintances, colleagues) at a restaurant.<o:p></o:p></span>"
11/1/2018 19:34,11/1/2018 19:48,0,71.176.70.228,100,846,1,11/1/2018 19:48,R_1lAn0LVvgO1xCiM,,,,,43.03540039,-76.12819672,anonymous,EN,"1,2,4,5,6",7,,1,,"1,2,3",,3,,1,,"1,2",5,,5,,"1,2",3,,"1,2",,"2,3",,"1,2",,1,,4,,"1,4,6",5,,1,,"2,3",,1,,1,,1,2,,5,,5,,"3,4",,"2,3",,"1,2",,"2,3",,"1,3",,1,,,,,,,,,,,,,,,,,,,,,,,,,,,,,,,,,,,,,,,,,,,,,,,,,,,,,,,,,,,,7,,3,,"1,2",,1,,1,,1,1,,5,,5,,3,,"1,2",,"1,2",,"1,2",,"1,2",,4,,,,,,,,,,,,,,,,,,,,,,,,,,,,,,,2,,"1,3",,"1,2",,1,,1,,1,3,,5,,5,,3,,"2,3",,2,,"2,3",,5,,"1,2",,male,34,chef,2,2,,2,16607,"<span lang=""EN-GB"">Suppose you want to watch some video when you are alone at your home.<strong><o:p></o:p></strong></span>"
10/25/2018 19:52,10/25/2018 19:52,0,50.225.48.162,1,5,0,11/1/2018 19:52,R_0SZ9VAzzpFPsIA9,,,,,,,anonymous,EN,,,,,,,,,,,,,,,,,,,,,,,,,,,,,,,,,,,,,,,,,,,,,,,,,,,,,,,,,,,,,,,,,,,,,,,,,,,,,,,,,,,,,,,,,,,,,,,,,,,,,,,,,,,,,,,,,,,,,,,,,,,,,,,,,,,,,,,,,,,,,,,,,,,,,,,,,,,,,,,,,,,,,,,,,,,,,,,,,,,,,,,,,,,,,,,,,,,,,,,,,,,,,,,,,,,,8298,"<span lang=""EN-GB"">Suppose you are at sitting in a park and you want to play a digital/online game&nbsp;</span>with some close friends."
10/25/2018 19:47,10/25/2018 19:56,0,174.55.101.55,88,534,0,11/1/2018 19:57,R_4PEliwiBNg8zMel,,,,,,,anonymous,EN,"1,2,3,4,6","2,3,5",,1,,3,,1,,"1,3,4",,2,"1,2",,"2,3",,2,"2,3",,2,,1,,2,,"1,2,3",,2,,3,,,,,,,,,,,,,,,,,,,,,,,,,,,,,,,,,,,,,,,,,,,,,,,,,,,,,,,,,,,,,,,,,,,,,,,,,,,,,,,,,,,,,,,,,,,,,,,,,,,,,,,,,,,,,,,,,,,,,,,,,,,,,,,,,,,,,,,,,,,,,,,,,,,,,,,,,,,,,,,,,,,,,,,,,,,,,,,,,,,,,,97383,"Suppose you are alone at home, you want to take a break from studying/working&nbsp;<p>so you decide to play a video game with some with some people you know (e.g., acquaintances, colleagues).<o:p></o:p></p>"
10/25/2018 19:52,10/25/2018 20:00,0,73.44.148.28,88,478,0,11/1/2018 20:00,R_3OjHCMaBQ31J157,,,,,,,anonymous,EN,"1,2,3","2,4,5",,5,,"1,2,3",,1,,1,,"2,3","2,3",,1,,"2,3","2,3",,2,,3,,2,,"1,2,3",,1,,"2,3",,,,,,,,,,,,,,,,,,,,,,,,,,,,,,,,,,,,,,,,,,,,,,,,,,,,,,,,,,,,,,,,,,,,,,,,,,,,,,,,,,,,,,,,,,,,,,,,,,,,,,,,,,,,,,,,,,,,,,,,,,,,,,,,,,,,,,,,,,,,,,,,,,,,,,,,,,,,,,,,,,,,,,,,,,,,,,,,,,,,,,57828,"<span lang=""EN-GB"">Suppose you want to a send a text message when you are surrounded with people you are close to (e.g., friends, family members) at your home.<strong><o:p></o:p></strong></span>"
11/1/2018 19:49,11/1/2018 20:01,0,71.176.70.228,100,749,1,11/1/2018 20:01,R_vp3ZmoqRi092FOx,,,,,43.03540039,-76.12819672,anonymous,EN,"1,2,3,4,6",7,,1,,"2,3",,1,,1,,1,5,,5,,1,"1,2,3",,"1,2",,"1,2,3",,"1,2",,5,,"1,2",,"1,4,6",4,,3,,3,,1,,1,,1,5,,5,,5,,"1,3",,3,,"1,2",,3,,5,,1,,,,,,,,,,,,,,,,,,,,,,,,,,,,,,,,,,,,,,,,,,,,,,,,,,,,,,,,,,,,"2,3,4",,1,,1,,1,,1,,3,5,,5,,5,,3,,"2,3",,2,,"2,3",,5,,4,,,,,,,,,,,,,,,,,,,,,,,,,,,,,,,2,,"1,3",,"2,3",,3,,1,,1,5,,5,,5,,3,,"1,2,3",,"1,2",,"1,2,3",,2,,4,,female,45,driver,3,3,,2,49990,"<span lang=""EN-GB"">Suppose
     you want to listen to some audio when you are with people you know (e.g.,
     acquaintances, colleagues) in a park.<o:p></o:p></span>


<p><span lang=""EN-GB"" style=""color:red"">&nbsp;</span></p>"
11/1/2018 19:56,11/1/2018 20:03,0,97.80.213.201,100,402,1,11/1/2018 20:03,R_1jN9PVjV6WBST0o,,,,,34.50579834,-87.22239685,anonymous,EN,"1,2,3,5","2,5",,5,,"1,3",,1,,"2,4",,4,"1,2,3",,5,,4,2,,2,,"1,3",,2,,"1,2,3",,4,,2,,,,,,,,,,,,,,,,,,,,,,,,,,,,,,"2,5",,1,,"1,3",,1,,2,,4,2,,5,,5,,2,,"1,3",,2,,"1,3",,1,,1,,,,,,,,,,,,,,,,,,,,,,,,,,,,,,,,,,,,,,,,,,,,,,,,,,,,,,,,,,,,,,,,,,,,,,,,,,,,,,,,,,,,,,,,,,,,,,,,,,,,,,,,,,,,,,,,,,,,,,Female,26,Line cook,3,1,,1,74338,"<span lang=""EN-GB"">Suppose
     you want to find a route to home when you are at Starbucks with your close
     friends.<o:p></o:p></span>"
10/25/2018 20:03,10/25/2018 20:03,0,108.56.192.241,1,7,0,11/1/2018 20:04,R_ezV6ay5N8ZS3fFf,,,,,,,anonymous,EN,,,,,,,,,,,,,,,,,,,,,,,,,,,,,,,,,,,,,,,,,,,,,,,,,,,,,,,,,,,,,,,,,,,,,,,,,,,,,,,,,,,,,,,,,,,,,,,,,,,,,,,,,,,,,,,,,,,,,,,,,,,,,,,,,,,,,,,,,,,,,,,,,,,,,,,,,,,,,,,,,,,,,,,,,,,,,,,,,,,,,,,,,,,,,,,,,,,,,,,,,,,,,,,,,,,,84732,"Suppose
     you want to call your mother for sharing an important update about your
     life when you are surrounded by people you
     know (e.g., acquaintances, colleagues) at a restaurant.<o:p></o:p>"
11/1/2018 19:51,11/1/2018 20:10,0,98.212.246.35,100,1124,1,11/1/2018 20:10,R_2YzFdbjue3vdUp8,,,,,40.13699341,-87.62169647,anonymous,EN,"1,2,6","2,3,5",,"1,2",,"2,4",,1,,1,,3,"1,2,3",,"1,2",,"2,3",2,,"1,2",,"3,4",,"1,2",,"1,2",,2,,,,,,,,,,,,,,,,,,,,,,,,,,,,,,,,,,,,,,,,,,,,,,,,,,,,,,,,,,,,,,,,,,,,,,,,,,,,,,,,,,,,,,,,,,,,,,,,,,,,,,,,,,,,,,,,,,,,,,,,,,,,,,,,,,,,,,,,,,,,,,,,,,,,,,,,,,,,,,,,,,,,,,,,,,,,,,,,,,,,,,,,16635,"<span lang=""EN-GB"">Suppose
     you want to set up a reminder when you with people you know (e.g.,
     acquaintances, colleagues) at a park.<o:p></o:p></span>"
10/25/2018 20:10,10/25/2018 20:10,0,24.5.216.204,1,11,0,11/1/2018 20:10,R_XAPqExYkliryJBn,,,,,,,anonymous,EN,,,,,,,,,,,,,,,,,,,,,,,,,,,,,,,,,,,,,,,,,,,,,,,,,,,,,,,,,,,,,,,,,,,,,,,,,,,,,,,,,,,,,,,,,,,,,,,,,,,,,,,,,,,,,,,,,,,,,,,,,,,,,,,,,,,,,,,,,,,,,,,,,,,,,,,,,,,,,,,,,,,,,,,,,,,,,,,,,,,,,,,,,,,,,,,,,,,,,,,,,,,,,,,,,,,,32084,"<span lang=""EN-GB"">Suppose
     you want to listen to some audio when you are alone at Starbucks.<o:p></o:p></span>"
11/1/2018 19:46,11/1/2018 20:13,0,73.13.143.73,100,1649,1,11/1/2018 20:14,R_3qEX3oqixKsrt6Z,,,,,39.95970154,-75.20240021,anonymous,EN,"1,2,3,4,6",2,,2,,1,,1,,3,,1,1,,3,,1,3,,2,,2,,5,,3,,2,,,,,,,,,,,,,,,,,,,,,,,,,,,,,,,,,,,,,,,,,,,,,,,,,,,,,,,,,,,,,,,,,,,,,,,,,,,,,,,,,,,,,,,,,,,,,,,,,,,,,,,,,,,,,,,,,,,,,,,,,,,,,,,,,,,,,,,,,,,,,,,,,,,,,,,,,,,,,,,,,,,,,,,,,,,,,,,,,,,,,,,,90773,"<span lang=""EN-GB"">Suppose you have planned to meet a friend next week and you want to put this on your calendar when you are alone at Starbucks.<o:p></o:p></span>"
11/1/2018 20:14,11/1/2018 20:14,0,73.13.143.73,100,6,1,11/1/2018 20:14,R_VPxADkm9QuqSEkV,,,,,39.95970154,-75.20240021,anonymous,EN,"2,3",,,,,,,,,,,,,,,,,,,,,,,,,,,,,,,,,,,,,,,,,,,,,,,,,,,,,,,,,,,,,,,,,,,,,,,,,,,,,,,,,,,,,,,,,,,,,,,,,,,,,,,,,,,,,,,,,,,,,,,,,,,,,,,,,,,,,,,,,,,,,,,,,,,,,,,,,,,,,,,,,,,,,,,,,,,,,,,,,,,,,,,,,,,,,,,,,,,,,,,,,,,,,,,,,,,9483,"<span lang=""EN-GB"">Suppose
     you want to set up a reminder about something when you are at Starbucks by
     yourself.<o:p></o:p></span>"
11/1/2018 20:14,11/1/2018 20:15,0,73.13.143.73,100,41,1,11/1/2018 20:15,R_2YQbCPpaRg3GqEj,,,,,39.95970154,-75.20240021,anonymous,EN,"1,2,3,4,5,6",1,,2,,2,,1,,3,,1,2,,3,,2,2,,3,,2,,1,,2,,1,,,,,,,,,,,,,,,,,,,,,,,,,,,,,,,,,,,,,,,,,,,,,,,,,,,,,,,,,,,,,,,,,,,,,,,,,,,,,,,,,,,,,,,,,,,,,,,,,,,,,,,,,,,,,,,,,,,,,,,,,,,,,,,,,,,,,,,,,,,,,,,,,,,,,,,,,,,,,,,,,,,,,,,,,,,,,,,,,,,,,,,,48204,"<span lang=""EN-GB"">Suppose
     you want to watch some video when you are with people you know (e.g.,
     acquaintances, colleagues) in a park.<o:p></o:p></span>"
10/25/2018 20:16,10/25/2018 20:17,0,207.255.41.108,78,23,0,11/1/2018 20:17,R_BXRZscP2BoGmU5r,,,,,,,anonymous,EN,"2,3,5",,,,,,,,,,,,,,,,,,,,,,,,,,,,,,,,,,,,,,,,,,,,,,,,,,,,,,,,,,,,,,,,,,,,,,,,,,,,,,,,,,,,,,,,,,,,,,,,,,,,,,,,,,,,,,,,,,,,,,,,,,,,,,,,,,,,,,,,,,,,,,,,,,,,,,,,,,,,,,,,,,,,,,,,,,,,,,,,,,,,,,,,,,,,,,,,,,,,,,,,,,,,,,,,,,,19484,"<span lang=""EN-GB"">Suppose
     you want to a view a text message when you are surrounded by people you
     know (e.g., acquaintances, colleagues) at your home.<o:p></o:p></span>"
10/25/2018 20:22,10/25/2018 20:22,0,76.255.28.176,1,11,0,11/1/2018 20:22,R_Ahw0xEH3oGeoX8B,,,,,,,anonymous,EN,,,,,,,,,,,,,,,,,,,,,,,,,,,,,,,,,,,,,,,,,,,,,,,,,,,,,,,,,,,,,,,,,,,,,,,,,,,,,,,,,,,,,,,,,,,,,,,,,,,,,,,,,,,,,,,,,,,,,,,,,,,,,,,,,,,,,,,,,,,,,,,,,,,,,,,,,,,,,,,,,,,,,,,,,,,,,,,,,,,,,,,,,,,,,,,,,,,,,,,,,,,,,,,,,,,,30035,"<span lang=""EN-GB"" style=""font-size:11.0pt;line-height:115%;
font-family:&quot;Arial&quot;,sans-serif;mso-fareast-font-family:Arial;mso-ansi-language:
EN-GB;mso-fareast-language:EN-US;mso-bidi-language:AR-SA"">Suppose you want to
find a route to a coffee shop when you are alone at home.</span>"
11/1/2018 20:22,11/1/2018 20:23,0,67.149.245.114,100,5,1,11/1/2018 20:23,R_1d15ezyoPg5asUN,,,,,42.2940979,-83.25360107,anonymous,EN,3,,,,,,,,,,,,,,,,,,,,,,,,,,,,,,,,,,,,,,,,,,,,,,,,,,,,,,,,,,,,,,,,,,,,,,,,,,,,,,,,,,,,,,,,,,,,,,,,,,,,,,,,,,,,,,,,,,,,,,,,,,,,,,,,,,,,,,,,,,,,,,,,,,,,,,,,,,,,,,,,,,,,,,,,,,,,,,,,,,,,,,,,,,,,,,,,,,,,,,,,,,,,,,,,,,,67282,"<span lang=""EN-GB"">Suppose you are at sitting at Starbucks and you want to play a digital/online&nbsp;</span>game."
11/1/2018 20:03,11/1/2018 20:32,0,71.176.70.228,100,1715,1,11/1/2018 20:32,R_2dzGQswx8jQEfEe,,,,,43.03540039,-76.12819672,anonymous,EN,"1,3,4,5,6","2,3",,1,,6,,3,,1,,1,5,,5,,1,3,,"1,2",,"1,3",,"1,2",,5,,4,,"1,3,4,5",5,,1,,3,,3,,1,,"1,2",2,,5,,5,,3,,3,,"1,2",,3,,5,,4,,,,,,,,,,,,,,,,,,,,,,,,,,,,,,,4,,3,,"1,2",,3,,1,,"1,2",3,,5,,5,,"1,3",,3,,"1,2",,3,,5,,4,,"2,4",,5,,"2,3",,1,,1,,4,5,,"2,3",,"2,3",,"1,3",,3,,5,,3,,5,,4,,1,,2,,4,,3,,"2,3,4",,"1,2",5,,5,,5,,4,,2,,5,,2,,5,,4,,,,,,,,,,,,,,,,,,,,,,,,,,,,,,,male,45,manager,4,1,,4,65856,"<span lang=""EN-GB"">Suppose you want to browse the internet when you are at home with people you know (e.g., acquaintances, colleagues).<o:p></o:p></span>"
11/1/2018 20:34,11/1/2018 20:42,0,71.176.70.228,100,480,1,11/1/2018 20:42,R_1g0js4uPUgYuycg,,,,,43.03540039,-76.12819672,anonymous,EN,"1,2,3,4,5",2,,3,,6,,3,,1,,1,5,,5,,1,"1,2,3",,"1,2",,3,,"1,2",,5,,4,,"1,4",4,,1,,"1,2,3",,1,,1,,1,5,,5,,5,,"1,3",,3,,"1,2",,3,,5,,4,,,,,,,,,,,,,,,,,,,,,,,,,,,,,,,,,,,,,,,,,,,,,,,,,,,,,,,,,,,,3,,3,,"1,3",,1,,1,,1,3,,5,,5,,"1,3",,3,,5,,3,,5,,4,,,,,,,,,,,,,,,,,,,,,,,,,,,,,,,,,,,,,,,,,,,,,,,,,,,,,,,,,,,,male,45,veteran,4,1,,3,24097,"<span lang=""EN-GB"">Suppose you want to read a digital document when you are at a park.<o:p></o:p></span>"
11/1/2018 20:42,11/1/2018 20:46,0,68.4.165.74,100,219,1,11/1/2018 20:46,R_C7d4LCM5nGZZdOF,,,,,33.61279297,-117.6622009,anonymous,EN,"2,3,4","3,5",,5,,"1,2,3",,1,,1,,2,"1,2",,5,,3,6,,2,,"3,4",,2,,"1,3",,"1,2",,,,,,,,,,,,,,,,,,,,,,,,,,,,,,,,,,,,,,,,,,,,,,,,,,,,,,,,,,,,,,,,,,,,,,,,,,,,,,,,,,,,,,,,,,,,,,,,,,,,,,,,,,,,,,,,,,,,,,,,,,,,,,,,,,,,,,,,,,,,,,,,,,,,,,,,,,,,,,,,,,,,,,,,,,,,,,,,,,,,,,,,6026,"<span lang=""EN-GB"">Suppose you want to browse the internet when you are with people you know (e.g., acquaintances, colleagues) at a park.<o:p></o:p></span>"
11/1/2018 20:48,11/1/2018 20:49,0,74.215.61.31,100,57,1,11/1/2018 20:49,R_20O3pcrhte1GNNr,,,,,39.15240479,-84.59670258,anonymous,EN,"1,2",,,,,,,,,,,,,,,,,,,,,,,,,,,,,,,,,,,,,,,,,,,,,,,,,,,,,,,,,,,,,,,,,,,,,,,,,,,,,,,,,,,,,,,,,,,,,,,,,,,,,,,,,,,,,,,,,,,,,,,,,,,,,,,,,,,,,,,,,,,,,,,,,,,,,,,,,,,,,,,,,,,,,,,,,,,,,,,,,,,,,,,,,,,,,,,,,,,,,,,,,,,,,,,,,,,47089,"<span lang=""EN-GB"">Suppose
     you have planned to meet a friend next week and you want put this on your
     calendar when you are alone at home<strong><o:p></o:p></strong></span>"
11/1/2018 20:54,11/1/2018 20:55,0,24.130.253.48,100,61,1,11/1/2018 20:55,R_doiqxtyor6YiRdT,,,,,37.78779602,-122.1884003,anonymous,EN,"1,2,4,5",7,,2,,6,,1,,6,,2,3,,"2,3",,4,"3,4",,5,,7,,"1,3",,5,,4,,,,,,,,,,,,,,,,,,,,,,,,,,,,,,,,,,,,,,,,,,,,,,,,,,,,,,,,,,,,,,,,,,,,,,,,,,,,,,,,,,,,,,,,,,,,,,,,,,,,,,,,,,,,,,,,,,,,,,,,,,,,,,,,,,,,,,,,,,,,,,,,,,,,,,,,,,,,,,,,,,,,,,,,,,,,,,,,,,,,,,,,33828,"<span lang=""EN-GB"">Suppose you want to a view a text message when you are alone at a street.<o:p></o:p></span>"
10/25/2018 20:56,10/25/2018 20:56,0,72.220.126.46,1,12,0,11/1/2018 20:57,R_tY8oB9aOzkH06yt,,,,,,,anonymous,EN,,,,,,,,,,,,,,,,,,,,,,,,,,,,,,,,,,,,,,,,,,,,,,,,,,,,,,,,,,,,,,,,,,,,,,,,,,,,,,,,,,,,,,,,,,,,,,,,,,,,,,,,,,,,,,,,,,,,,,,,,,,,,,,,,,,,,,,,,,,,,,,,,,,,,,,,,,,,,,,,,,,,,,,,,,,,,,,,,,,,,,,,,,,,,,,,,,,,,,,,,,,,,,,,,,,,32081,"<span lang=""EN-GB"">Suppose you have planned to meet a friend next week and you want to put this on your calendar when you are alone at a park<o:p></o:p></span>"
11/1/2018 20:45,11/1/2018 20:58,0,71.176.70.228,100,826,1,11/1/2018 20:58,R_PFZ9HriH9tqrcdz,,,,,43.03540039,-76.12819672,anonymous,EN,"1,2,4,6","2,5",,5,,3,,1,,1,,1,5,,5,,1,"2,3",,"1,2",,"2,3",,"1,2",,5,,4,,"1,4",7,,5,,2,,1,,1,,1,1,,5,,5,,2,,"2,3",,"1,2",,"2,3",,5,,4,,,,,,,,,,,,,,,,,,,,,,,,,,,,,,,,,,,,,,,,,,,,,,,,,,,,,,,,,,,,3,,3,,3,,3,,1,,1,"1,2",,5,,5,,"1,3",,3,,2,,3,,5,,"1,2",,,,,,,,,,,,,,,,,,,,,,,,,,,,,,,,,,,,,,,,,,,,,,,,,,,,,,,,,,,,female,34,esthetician,4,1,,3,83088,"<span lang=""EN-GB"">Suppose
     you want to read a digital document when you are at Starbucks.<o:p></o:p></span>"
11/1/2018 21:00,11/1/2018 21:08,0,107.188.145.222,100,456,1,11/1/2018 21:08,R_24NVdVEZ9m2tGbA,,,,,40.23190308,-111.675499,anonymous,EN,"1,2,4",5,,5,,1,,1,,1,,3,5,,1,,3,6,,2,,3,,1,,5,,4,,,,,,,,,,,,,,,,,,,,,,,,,,,,,,,,,,,,,,,,,,,,,,,,,,,,,,,,,,,,,,,,,,,,,,,,,,,,,,,,,,,,,,,,,,,,,,,,,,,,,,,,,,,,,,,,,,,,,,,,,,,,,,,,,,,,,,,,,,,,,,,,,,,,,,,,,,,,,,,,,,,,,,,,,,,,,,,,,,,,,,,,59397,"<span lang=""EN-GB"">Suppose you have planned to meet a friend next week and you want to&nbsp;put this on your calendar </span><span lang=""EN-GB"">when</span><span lang=""EN-GB""> you are surrounded by people you know (e.g., acquaintances, colleagues) at your home.</span><span lang=""EN-GB""><o:p></o:p></span>"
11/1/2018 21:05,11/1/2018 21:09,0,72.130.2.161,100,252,1,11/1/2018 21:09,R_3MfdEaHiypj4UeI,,,,,20.74409485,-156.4474945,anonymous,EN,"1,2,4",2,,1,,1,,1,,1,,1,5,,5,,4,6,,5,,6,,2,,1,,2,,,,,,,,,,,,,,,,,,,,,,,,,,,,,,,,,,,,,,,,,,,,,,,,,,,,,,,,,,,,,,,,,,,,,,,,,,,,,,,,,,,,,,,,,,,,,,,,,,,,,,,,,,,,,,,,,,,,,,,,,,,,,,,,,,,,,,,,,,,,,,,,,,,,,,,,,,,,,,,,,,,,,,,,,,,,,,,,,,,,,,,,65748,"<span lang=""EN-GB"">Suppose
     you want to listen to some audio when you are with your friends at
     Starbucks.<o:p></o:p></span>"
10/25/2018 21:09,10/25/2018 21:09,0,209.122.210.230,1,8,0,11/1/2018 21:09,R_3egX5V7oVEohyId,,,,,,,anonymous,EN,,,,,,,,,,,,,,,,,,,,,,,,,,,,,,,,,,,,,,,,,,,,,,,,,,,,,,,,,,,,,,,,,,,,,,,,,,,,,,,,,,,,,,,,,,,,,,,,,,,,,,,,,,,,,,,,,,,,,,,,,,,,,,,,,,,,,,,,,,,,,,,,,,,,,,,,,,,,,,,,,,,,,,,,,,,,,,,,,,,,,,,,,,,,,,,,,,,,,,,,,,,,,,,,,,,,16108,"<span lang=""EN-GB"">Suppose
     you want to listen to some audio when you are with people you know (e.g.,
     acquaintances, colleagues) at your home.<o:p></o:p></span>"
11/1/2018 21:04,11/1/2018 21:16,0,71.176.70.228,100,699,1,11/1/2018 21:16,R_2QnbCoP0Kgaovsr,,,,,43.03540039,-76.12819672,anonymous,EN,"1,2,4,5,6",2,,5,,1,,3,,1,,1,5,,5,,1,"1,2,3",,"1,2",,"2,3",,"1,2",,5,,4,,"1,2,4,6",2,,1,,3,,3,,1,,1,5,,5,,5,,6,,3,,2,,3,,5,,4,,7,,5,,3,,3,,1,,1,5,,5,,5,,6,,3,,2,,3,,1,,1,,,,,,,,,,,,,,,,,,,,,,,,,,,,,,,2,,5,,"2,3",,1,,1,,1,5,,5,,5,,3,,7,,2,,7,,"1,3",,"1,2",,,,,,,,,,,,,,,,,,,,,,,,,,,,,,,2,,5,,"2,3",,1,,1,,4,5,,5,,5,,3,,3,,5,,3,,5,,4,,male,34,constructor worker,2,2,,2,57079,"<span lang=""EN-GB"">Suppose
     you want to take a click a photo when you are with people you are close to
     (e.g., friends, family members) at home<o:p></o:p></span>"
11/1/2018 21:19,11/1/2018 21:20,0,75.44.90.111,100,36,1,11/1/2018 21:20,R_1DPeHyk1iJprD2Y,,,,,41.47140503,-81.58390045,anonymous,EN,"1,2,3,4,5","2,3,4",,2,,2,,1,,"3,4",,"1,2",2,,"1,2,3",,1,2,,1,,2,,1,,3,,"1,2",,,,,,,,,,,,,,,,,,,,,,,,,,,,,,,,,,,,,,,,,,,,,,,,,,,,,,,,,,,,,,,,,,,,,,,,,,,,,,,,,,,,,,,,,,,,,,,,,,,,,,,,,,,,,,,,,,,,,,,,,,,,,,,,,,,,,,,,,,,,,,,,,,,,,,,,,,,,,,,,,,,,,,,,,,,,,,,,,,,,,,,,94141,"<span lang=""EN-GB"">Suppose you want to browse internet when you are with your close friends at a restaurant.<o:p></o:p></span>"
11/1/2018 21:21,11/1/2018 21:22,0,42.111.130.242,100,76,1,11/1/2018 21:22,R_2qlUfhoRAzQ8yz8,,,,,13.08329773,80.28329468,anonymous,EN,"1,2,4,5,6","2,4",,2,,2,,1,,"1,3",,2,"2,3",,2,,"2,3",3,,"2,3",,"2,4",,"2,3",,"1,2",,2,,,,,,,,,,,,,,,,,,,,,,,,,,,,,,,,,,,,,,,,,,,,,,,,,,,,,,,,,,,,,,,,,,,,,,,,,,,,,,,,,,,,,,,,,,,,,,,,,,,,,,,,,,,,,,,,,,,,,,,,,,,,,,,,,,,,,,,,,,,,,,,,,,,,,,,,,,,,,,,,,,,,,,,,,,,,,,,,,,,,,,,,12050,"<span lang=""EN-GB"">Suppose you are at a park with some people you know (e.g., acquaintances, colleagues) when you realize that you have to immediately pay one of your bills online.<o:p></o:p></span>"
10/25/2018 21:18,10/25/2018 21:25,0,76.195.237.92,88,420,0,11/1/2018 21:25,R_3ixnJbAx4jHSykK,,,,,,,anonymous,EN,"1,2,3,4","1,2,3,4,5",,"1,2",,"1,3,4",,1,,"2,3",,"2,3","1,2,3",,"1,2,3",,"2,3","1,2,3,4",,"1,2,3",,"2,3,4",,"1,2,3",,"1,2,3",,"1,2",,"1,2,4",,,,,,,,,,,,,,,,,,,,,,,,,,,,,,,,,,,,,,,,,,,,,,,,,,,,,,,,,,,,,,,,,,,,,,,,,,,,,,,,,,,,,,,,,,,,,,,,,,,,,,,,,,,,,,,,,,,,,,,,,,,,,,,,,,,,,,,,,,,,,,,,,,,,,,,,,,,,,,,,,,,,,,,,,,,,,,,,,,,,,,28609,"Suppose you want to purchase something online when
     you are with people you know (e.g., acquaintances,
     colleagues) at a park.<o:p></o:p>"
11/1/2018 21:23,11/1/2018 21:30,0,172.58.172.135,100,415,1,11/1/2018 21:30,R_w0M6TOSesUgVvfb,,,,,28.6625061,-81.41169739,anonymous,EN,"1,2,4","1,2",,5,,"1,2,3",,1,,"1,2",,3,2,,2,,3,"1,2",,2,,"1,3",,"1,2",,"1,2,3",,"1,2",,,,,,,,,,,,,,,,,,,,,,,,,,,,,,,,,,,,,,,,,,,,,,,,,,,,,,,,,,,,,,,,,,,,,,,,,,,,,,,,,,,,,,,,,,,,,,,,,,,,,,,,,,,,,,,,,,,,,,,,,,,,,,,,,,,,,,,,,,,,,,,,,,,,,,,,,,,,,,,,,,,,,,,,,,,,,,,,,,,,,,,,72066,"<span lang=""EN-GB"">Suppose you are on a short vacation and you want to take a picture in front&nbsp;</span>of an iconic monument when you are surrounded by many people."
10/31/2018 16:54,11/1/2018 21:37,0,174.208.11.19,100,103333,1,11/1/2018 21:37,R_3e4yHAnFLBGPClv,,,,,40.76080322,-111.891098,anonymous,EN,"1,2,4,5,6","1,2,4,5",,"1,2",,"1,2",,1,,1,,1,2,,1,,1,"2,4",,"2,3",,"1,2,3,4",,2,,"1,2,3",,2,,,,,,,,,,,,,,,,,,,,,,,,,,,,,,,,,,,,,,,,,,,,,,,,,,,,,,,,,,,,,,,,,,,,,,,,,,,,,,,,,,,,,,,,,,,,,,,,,,,,,,,,,,,,,,,,,,,,,,,,,,,,,,,,,,,,,,,,,,,,,,,,,,,,,,,,,,,,,,,,,,,,,,,,,,,,,,,,,,,,,,,,43572,"<span lang=""EN-GB"">Suppose
     you want to find a route to home when you are at Starbucks with people you
     know (e.g., acquaintances, colleagues).<o:p></o:p></span>"
11/1/2018 21:32,11/1/2018 21:37,0,71.176.70.228,100,317,1,11/1/2018 21:37,R_1DGzWVj0A4jXeOM,,,,,43.03540039,-76.12819672,anonymous,EN,"1,2,4,5",2,,5,,6,,1,,1,,1,5,,"2,3",,1,3,,"1,2",,2,,"1,2",,5,,4,,"1,4",2,,5,,3,,1,,1,,1,5,,5,,5,,3,,2,,5,,2,,1,,4,,,,,,,,,,,,,,,,,,,,,,,,,,,,,,,,,,,,,,,,,,,,,,,,,,,,,,,,,,,,2,,5,,3,,1,,1,,4,5,,5,,5,,3,,2,,"1,2",,2,,5,,4,,,,,,,,,,,,,,,,,,,,,,,,,,,,,,,,,,,,,,,,,,,,,,,,,,,,,,,,,,,,female,manager,40,5,1,,5,74427,"<span lang=""EN-GB"">Suppose you are at sitting in a park and you want to play a digital/online game.<o:p></o:p></span>"
11/1/2018 21:49,11/1/2018 21:54,0,75.97.228.18,100,295,1,11/1/2018 21:54,R_vqVNioazab7F9uN,,,,,40.89990234,-75.47599792,anonymous,EN,"1,2,3,4","2,4,5",,"1,3",,"1,2,3",,1,,1,,"2,3","1,2,3",,"2,3",,"1,2,3","1,2,3",,"1,2",,"3,6",,"1,2",,"1,2",,"1,2",,,,,,,,,,,,,,,,,,,,,,,,,,,,,,,,,,,,,,,,,,,,,,,,,,,,,,,,,,,,,,,,,,,,,,,,,,,,,,,,,,,,,,,,,,,,,,,,,,,,,,,,,,,,,,,,,,,,,,,,,,,,,,,,,,,,,,,,,,,,,,,,,,,,,,,,,,,,,,,,,,,,,,,,,,,,,,,,,,,,,,,,64033,"<span lang=""EN-GB"" style=""font-size:11.0pt;line-height:115%;
font-family:&quot;Arial&quot;,sans-serif;mso-fareast-font-family:Arial;mso-ansi-language:
EN-GB;mso-fareast-language:EN-US;mso-bidi-language:AR-SA"">Suppose you want to a
send an email when you are at Starbucks.</span>"
10/25/2018 22:11,10/25/2018 22:12,0,23.254.217.199,78,69,0,11/1/2018 22:12,R_3MtlstCgCbTZI3V,,,,,,,anonymous,EN,"1,2,3,4,6",,,,,,,,,,,,,,,,,,,,,,,,,,,,,,,,,,,,,,,,,,,,,,,,,,,,,,,,,,,,,,,,,,,,,,,,,,,,,,,,,,,,,,,,,,,,,,,,,,,,,,,,,,,,,,,,,,,,,,,,,,,,,,,,,,,,,,,,,,,,,,,,,,,,,,,,,,,,,,,,,,,,,,,,,,,,,,,,,,,,,,,,,,,,,,,,,,,,,,,,,,,,,,,,,,,63838,"<span lang=""EN-GB"">Suppose
     you want to a send a text message when you are with a very close friend at
     a restaurant&nbsp;<o:p></o:p></span>"
11/1/2018 22:17,11/1/2018 22:24,0,66.78.41.33,100,392,1,11/1/2018 22:24,R_1E5wFzlxd9biwea,,,,,43.63220215,-116.2052002,anonymous,EN,"1,2,4",3,,2,,2,,1,,3,,2,2,,2,,2,2,,2,,2,,2,,2,,1,,1,2,,1,,2,,1,,3,,2,2,,2,,2,,2,,"2,3",,2,,2,,2,,1,,,,,,,,,,,,,,,,,,,,,,,,,,,,,,,,,,,,,,,,,,,,,,,,,,,,,,,,,,,,,,,,,,,,,,,,,,,,,,,,,,,,,,,,,,,,,,,,,,,,,,,,,,,,,,,,,,,,,,,,,,,,,,,,,,,,,,,,,,,,,,,,,,,,,,,,,,2807,"<span lang=""EN-GB"">Suppose
     you want to listen to some audio when you are with your close friends in a
     park.<o:p></o:p></span>"
10/25/2018 22:24,10/25/2018 22:30,0,171.61.237.185,88,348,0,11/1/2018 22:30,R_2U5jOp0UDm8wPQd,,,,,,,anonymous,EN,"2,5,6","2,3",,2,,"1,2,4",,3,,"1,3,4",,4,"1,2,3",,5,,4,"1,2,3,4",,"1,2,3",,"1,2,3,4",,"1,2,3",,"1,2",,4,,"2,6",,,,,,,,,,,,,,,,,,,,,,,,,,,,,,,,,,,,,,,,,,,,,,,,,,,,,,,,,,,,,,,,,,,,,,,,,,,,,,,,,,,,,,,,,,,,,,,,,,,,,,,,,,,,,,,,,,,,,,,,,,,,,,,,,,,,,,,,,,,,,,,,,,,,,,,,,,,,,,,,,,,,,,,,,,,,,,,,,,,,,,33807,"<span lang=""EN-GB"">Suppose you want to browse through one of your social media profiles when you&nbsp;</span>are at your home."
10/25/2018 22:23,10/25/2018 22:30,0,186.179.48.111,78,415,0,11/1/2018 22:31,R_1jVsMyfU3l57Vql,,,,,,,anonymous,EN,"1,2,5,6",,,,,,,,,,,,,,,,,,,,,,,,,,,,,,,,,,,,,,,,,,,,,,,,,,,,,,,,,,,,,,,,,,,,,,,,,,,,,,,,,,,,,,,,,,,,,,,,,,,,,,,,,,,,,,,,,,,,,,,,,,,,,,,,,,,,,,,,,,,,,,,,,,,,,,,,,,,,,,,,,,,,,,,,,,,,,,,,,,,,,,,,,,,,,,,,,,,,,,,,,,,,,,,,,,,84871,"<span lang=""EN-GB"">Suppose you want to call your mother for sharing an important
     update about your life&nbsp; when you
     with people you know (e.g., acquaintances, colleagues) at a park<o:p></o:p></span>"
11/1/2018 22:30,11/1/2018 22:31,0,107.77.209.157,100,26,1,11/1/2018 22:31,R_24dtJDGxCUbH9D3,,,,,41.84829712,-87.65170288,anonymous,EN,"2,4",,,,,,,,,,,,,,,,,,,,,,,,,,,,,,,,,,,,,,,,,,,,,,,,,,,,,,,,,,,,,,,,,,,,,,,,,,,,,,,,,,,,,,,,,,,,,,,,,,,,,,,,,,,,,,,,,,,,,,,,,,,,,,,,,,,,,,,,,,,,,,,,,,,,,,,,,,,,,,,,,,,,,,,,,,,,,,,,,,,,,,,,,,,,,,,,,,,,,,,,,,,,,,,,,,,53817,"<span lang=""EN-GB"">Suppose you want to a view a text message when you are alone at a street.<o:p></o:p></span>"
11/1/2018 22:35,11/1/2018 22:35,0,108.62.142.190,100,20,1,11/1/2018 22:35,R_1pYFFTuOpv3izwN,,,,,33.6730957,-111.9460983,anonymous,EN,2,,,,,,,,,,,,,,,,,,,,,,,,,,,,,,,,,,,,,,,,,,,,,,,,,,,,,,,,,,,,,,,,,,,,,,,,,,,,,,,,,,,,,,,,,,,,,,,,,,,,,,,,,,,,,,,,,,,,,,,,,,,,,,,,,,,,,,,,,,,,,,,,,,,,,,,,,,,,,,,,,,,,,,,,,,,,,,,,,,,,,,,,,,,,,,,,,,,,,,,,,,,,,,,,,,,85622,"<span lang=""EN-GB"" style=""font-size:11.0pt;line-height:115%;
font-family:&quot;Arial&quot;,sans-serif;mso-fareast-font-family:Arial;mso-ansi-language:
EN-GB;mso-fareast-language:EN-US;mso-bidi-language:AR-SA"">Suppose you want to
take a click a photo when you are at Starbucks.</span>"
11/1/2018 22:36,11/1/2018 22:38,0,138.128.18.216,100,108,1,11/1/2018 22:38,R_XpQad5nld3kXw0p,,,,,34.05839539,-118.2779999,anonymous,EN,"2,5,6",7,,5,,6,,3,,6,,4,5,,5,,4,6,,5,,7,,5,,5,,4,,2,,,,,,,,,,,,,,,,,,,,,,,,,,,,,,7,,5,,6,,3,,6,,4,5,,5,,5,,6,,7,,5,,7,,5,,4,,,,,,,,,,,,,,,,,,,,,,,,,,,,,,,,,,,,,,,,,,,,,,,,,,,,,,,,,,,,,,,,,,,,,,,,,,,,,,,,,,,,,,,,,,,,,,,,,,,,,,,,,,,,,,,,,,,,,,male,47,manager ,5,1,,3,41143,"<span lang=""EN-GB"">Suppose you are at sitting at Starbucks and you want to play a digital/online&nbsp;</span>game with some close friends."
10/25/2018 22:30,10/25/2018 22:41,0,99.8.28.198,88,649,0,11/1/2018 22:41,R_2urLEwivmNngGnF,,,,,,,anonymous,EN,"1,2,4","1,5",,5,,"1,2,3",,1,,1,,3,5,,5,,3,6,,2,,3,,2,,1,,4,,"1,2",,,,,,,,,,,,,,,,,,,,,,,,,,,,,,,,,,,,,,,,,,,,,,,,,,,,,,,,,,,,,,,,,,,,,,,,,,,,,,,,,,,,,,,,,,,,,,,,,,,,,,,,,,,,,,,,,,,,,,,,,,,,,,,,,,,,,,,,,,,,,,,,,,,,,,,,,,,,,,,,,,,,,,,,,,,,,,,,,,,,,,41200,"Suppose you want to find a route to a coffee shop
     when you are at home with your by your colleagues<o:p></o:p>"
11/1/2018 22:41,11/1/2018 22:43,0,104.200.38.75,100,166,1,11/1/2018 22:43,R_3L4Qwyc2ZOXN1ge,,,,,35.66650391,-97.4654007,anonymous,EN,"2,5,6",7,,5,,6,,3,,6,,4,5,,5,,4,6,,5,,7,,5,,5,,4,,2,,,,,,,,,,,,,,,,,,,,,,,,,,,,,,7,,5,,6,,3,,6,,4,5,,5,,5,,6,,7,,5,,7,,5,,4,,,,,,,,,,,,,,,,,,,,,,,,,,,,,,,,,,,,,,,,,,,,,,,,,,,,,,,,,,,,,,,,,,,,,,,,,,,,,,,,,,,,,,,,,,,,,,,,,,,,,,,,,,,,,,,,,,,,,,male,36,associates,5,1,,3,52880,"<span lang=""EN-GB"">Suppose you have planned to meet a friend next week and you want to put this on your calendar when you are surrounded by people you know (e.g., acquaintances, colleagues) at a restaurant.<o:p></o:p></span>"
10/25/2018 22:45,10/25/2018 22:46,0,107.77.210.186,78,33,0,11/1/2018 22:46,R_xbe9TtUJWU8tKFz,,,,,,,anonymous,EN,"1,2,4,5,6",,,,,,,,,,,,,,,,,,,,,,,,,,,,,,,,,,,,,,,,,,,,,,,,,,,,,,,,,,,,,,,,,,,,,,,,,,,,,,,,,,,,,,,,,,,,,,,,,,,,,,,,,,,,,,,,,,,,,,,,,,,,,,,,,,,,,,,,,,,,,,,,,,,,,,,,,,,,,,,,,,,,,,,,,,,,,,,,,,,,,,,,,,,,,,,,,,,,,,,,,,,,,,,,,,,81237,"<span lang=""EN-GB"">Suppose you are at sitting at Starbucks and you want to play a digital/online&nbsp;</span>game."
11/1/2018 23:10,11/1/2018 23:11,0,72.206.10.19,100,21,1,11/1/2018 23:11,R_3HuxUTPw9LBL0ZI,,,,,35.45399475,-94.32779694,anonymous,EN,2,,,,,,,,,,,,,,,,,,,,,,,,,,,,,,,,,,,,,,,,,,,,,,,,,,,,,,,,,,,,,,,,,,,,,,,,,,,,,,,,,,,,,,,,,,,,,,,,,,,,,,,,,,,,,,,,,,,,,,,,,,,,,,,,,,,,,,,,,,,,,,,,,,,,,,,,,,,,,,,,,,,,,,,,,,,,,,,,,,,,,,,,,,,,,,,,,,,,,,,,,,,,,,,,,,,37897,"<span lang=""EN-GB"">Suppose you want to a send a text message when you are surrounded with people you are close to (e.g., friends, family members) at your home.<strong><o:p></o:p></strong></span>"
10/25/2018 23:07,10/25/2018 23:07,0,108.23.143.82,78,39,0,11/1/2018 23:21,R_2EclFpFjCdwqqVq,,,,,,,anonymous,EN,"1,2,4",,,,,,,,,,,,,,,,,,,,,,,,,,,,,,,,,,,,,,,,,,,,,,,,,,,,,,,,,,,,,,,,,,,,,,,,,,,,,,,,,,,,,,,,,,,,,,,,,,,,,,,,,,,,,,,,,,,,,,,,,,,,,,,,,,,,,,,,,,,,,,,,,,,,,,,,,,,,,,,,,,,,,,,,,,,,,,,,,,,,,,,,,,,,,,,,,,,,,,,,,,,,,,,,,,,94502,"<span lang=""EN-GB"">Suppose
     you want to find a route to home when you are at Starbucks with your close
     friends.<o:p></o:p></span>"
11/1/2018 23:17,11/1/2018 23:22,0,67.81.125.226,100,310,1,11/1/2018 23:22,R_3qP9RWaGUdri4u4,,,,,40.873703,-73.87120056,anonymous,EN,"1,2,3,4,5,6","2,3",,2,,2,,1,,2,,1,"1,2",,2,,4,2,,"1,3",,"2,3",,2,,3,,1,,,,,,,,,,,,,,,,,,,,,,,,,,,,,,,,,,,,,,,,,,,,,,,,,,,,,,,,,,,,,,,,,,,,,,,,,,,,,,,,,,,,,,,,,,,,,,,,,,,,,,,,,,,,,,,,,,,,,,,,,,,,,,,,,,,,,,,,,,,,,,,,,,,,,,,,,,,,,,,,,,,,,,,,,,,,,,,,,,,,,,,,14496,"Suppose
     you want to call your mother for sharing an important update about your
     life when you are surrounded by people you
     know (e.g., acquaintances, colleagues) at a restaurant.<o:p></o:p>"
11/1/2018 23:15,11/2/2018 0:24,0,104.200.37.64,100,4101,1,11/2/2018 0:24,R_3MrRnkWEBIxSTLD,,,,,35.66650391,-97.4654007,anonymous,EN,"2,5,6",7,,5,,6,,3,,6,,4,5,,5,,4,6,,5,,7,,5,,5,,4,,"2,5,6",,,,,,,,,,,,,,,,,,,,,,,,,,,,,,7,,5,,6,,3,,6,,4,5,,5,,5,,6,,7,,5,,7,,5,,4,,,,,,,,,,,,,,,,,,,,,,,,,,,,,,,,,,,,,,,,,,,,,,,,,,,,,,,,,,,,7,,5,,6,,3,,6,,4,5,,5,,5,,6,,7,,5,,7,,5,,4,,7,,5,,6,,3,,6,,4,5,,5,,5,,6,,7,,5,,7,,5,,4,,female,52,software engineer,5,1,,3,1972,"<span lang=""EN-GB"">Suppose you want to watch some video when you are alone in a park.<o:p></o:p></span>"
10/26/2018 0:59,10/26/2018 0:59,0,198.134.125.76,1,8,0,11/2/2018 0:59,R_3339F24dEK3GUPv,,,,,,,anonymous,EN,,,,,,,,,,,,,,,,,,,,,,,,,,,,,,,,,,,,,,,,,,,,,,,,,,,,,,,,,,,,,,,,,,,,,,,,,,,,,,,,,,,,,,,,,,,,,,,,,,,,,,,,,,,,,,,,,,,,,,,,,,,,,,,,,,,,,,,,,,,,,,,,,,,,,,,,,,,,,,,,,,,,,,,,,,,,,,,,,,,,,,,,,,,,,,,,,,,,,,,,,,,,,,,,,,,,31418,"<span lang=""EN-GB"">Suppose
     you are at starbucks and you realize today is the last day to pay one of
     your bills online.<o:p></o:p></span>"
10/26/2018 3:02,10/26/2018 3:03,0,73.70.132.76,78,23,0,11/2/2018 3:03,R_enb3O6QQwR82B45,,,,,,,anonymous,EN,"1,2,3,4,5,6",,,,,,,,,,,,,,,,,,,,,,,,,,,,,,,,,,,,,,,,,,,,,,,,,,,,,,,,,,,,,,,,,,,,,,,,,,,,,,,,,,,,,,,,,,,,,,,,,,,,,,,,,,,,,,,,,,,,,,,,,,,,,,,,,,,,,,,,,,,,,,,,,,,,,,,,,,,,,,,,,,,,,,,,,,,,,,,,,,,,,,,,,,,,,,,,,,,,,,,,,,,,,,,,,,,98863,"<span lang=""EN-GB"">Suppose
     you want to read a digital document) when you are at home with people you
     know (e.g., acquaintances, colleagues).<o:p></o:p></span>"
10/26/2018 4:19,10/26/2018 4:22,0,75.165.104.143,78,190,0,11/2/2018 4:23,R_1hALCnSkC3R8Y1n,,,,,,,anonymous,EN,"1,2,3,4",,,,,,,,,,,,,,,,,,,,,,,,,,,,,,,,,,,,,,,,,,,,,,,,,,,,,,,,,,,,,,,,,,,,,,,,,,,,,,,,,,,,,,,,,,,,,,,,,,,,,,,,,,,,,,,,,,,,,,,,,,,,,,,,,,,,,,,,,,,,,,,,,,,,,,,,,,,,,,,,,,,,,,,,,,,,,,,,,,,,,,,,,,,,,,,,,,,,,,,,,,,,,,,,,,,57511,"<span lang=""EN-GB"">Suppose you want to browse the internet when you alone at a park.<o:p></o:p></span>"
10/26/2018 4:50,10/26/2018 4:59,0,99.189.184.91,88,580,0,11/2/2018 5:00,R_doPqKDyTKgn6GHf,,,,,,,anonymous,EN,"1,2,4",4,,5,,"1,2,3",,3,,1,,1,3,,5,,1,3,,2,,3,,2,,1,,1,,2,,,,,,,,,,,,,,,,,,,,,,,,,,,,,,,,,,,,,,,,,,,,,,,,,,,,,,,,,,,,,,,,,,,,,,,,,,,,,,,,,,,,,,,,,,,,,,,,,,,,,,,,,,,,,,,,,,,,,,,,,,,,,,,,,,,,,,,,,,,,,,,,,,,,,,,,,,,,,,,,,,,,,,,,,,,,,,,,,,,,,,12789,"<span lang=""EN-GB"" style=""font-size:11.0pt;line-height:115%;
font-family:&quot;Arial&quot;,sans-serif;mso-fareast-font-family:Arial;mso-ansi-language:
EN-GB;mso-fareast-language:EN-US;mso-bidi-language:AR-SA"">Suppose you want to check your social media when you are alone in a park.</span>"
10/26/2018 5:08,10/26/2018 5:09,0,173.218.64.206,78,25,0,11/2/2018 5:09,R_2wH6nCXIhQY3QpC,,,,,,,anonymous,EN,"1,2,3,4",,,,,,,,,,,,,,,,,,,,,,,,,,,,,,,,,,,,,,,,,,,,,,,,,,,,,,,,,,,,,,,,,,,,,,,,,,,,,,,,,,,,,,,,,,,,,,,,,,,,,,,,,,,,,,,,,,,,,,,,,,,,,,,,,,,,,,,,,,,,,,,,,,,,,,,,,,,,,,,,,,,,,,,,,,,,,,,,,,,,,,,,,,,,,,,,,,,,,,,,,,,,,,,,,,,34191,"<span lang=""EN-GB"">Suppose you are at sitting at Starbucks and you want to play a digital/online&nbsp;</span>game with some close friends."
10/26/2018 5:15,10/26/2018 5:16,0,45.36.153.18,78,17,0,11/2/2018 5:16,R_1pLscsZJqWSBDBs,,,,,,,anonymous,EN,"1,2,4",,,,,,,,,,,,,,,,,,,,,,,,,,,,,,,,,,,,,,,,,,,,,,,,,,,,,,,,,,,,,,,,,,,,,,,,,,,,,,,,,,,,,,,,,,,,,,,,,,,,,,,,,,,,,,,,,,,,,,,,,,,,,,,,,,,,,,,,,,,,,,,,,,,,,,,,,,,,,,,,,,,,,,,,,,,,,,,,,,,,,,,,,,,,,,,,,,,,,,,,,,,,,,,,,,,67862,"<span lang=""EN-GB"">Suppose
     you want to watch&nbsp; some video when
     you are with people you know (e.g., acquaintances, colleagues) at
     Starbucks<o:p></o:p></span>"
10/26/2018 5:31,10/26/2018 5:32,0,72.198.74.135,78,64,0,11/2/2018 5:32,R_22ysKL7iDVCYkGa,,,,,,,anonymous,EN,"1,2,4,5",,,,,,,,,,,,,,,,,,,,,,,,,,,,,,,,,,,,,,,,,,,,,,,,,,,,,,,,,,,,,,,,,,,,,,,,,,,,,,,,,,,,,,,,,,,,,,,,,,,,,,,,,,,,,,,,,,,,,,,,,,,,,,,,,,,,,,,,,,,,,,,,,,,,,,,,,,,,,,,,,,,,,,,,,,,,,,,,,,,,,,,,,,,,,,,,,,,,,,,,,,,,,,,,,,,99947,"<span lang=""EN-GB"">Suppose you are at a park with some people you know (e.g., acquaintances, colleagues) when you realize that you have to immediately pay one of your bills online.<o:p></o:p></span>"
10/26/2018 6:39,10/26/2018 6:40,0,47.157.255.222,78,49,0,11/2/2018 6:40,R_1Camg3wj6kjkL9w,,,,,,,anonymous,EN,"1,2,3,4",,,,,,,,,,,,,,,,,,,,,,,,,,,,,,,,,,,,,,,,,,,,,,,,,,,,,,,,,,,,,,,,,,,,,,,,,,,,,,,,,,,,,,,,,,,,,,,,,,,,,,,,,,,,,,,,,,,,,,,,,,,,,,,,,,,,,,,,,,,,,,,,,,,,,,,,,,,,,,,,,,,,,,,,,,,,,,,,,,,,,,,,,,,,,,,,,,,,,,,,,,,,,,,,,,,41030,"<span lang=""EN-GB"">Suppose you are at your gym and you want to track the amount of calories&nbsp;</span>you have burnt your workout.&nbsp;"
10/26/2018 6:05,10/26/2018 6:40,0,108.203.100.224,78,2102,0,11/2/2018 6:40,R_soobUcRVWe1Un61,,,,,,,anonymous,EN,"1,2,4,5",,,,,,,,,,,,,,,,,,,,,,,,,,,,,,,,,,,,,,,,,,,,,,,,,,,,,,,,,,,,,,,,,,,,,,,,,,,,,,,,,,,,,,,,,,,,,,,,,,,,,,,,,,,,,,,,,,,,,,,,,,,,,,,,,,,,,,,,,,,,,,,,,,,,,,,,,,,,,,,,,,,,,,,,,,,,,,,,,,,,,,,,,,,,,,,,,,,,,,,,,,,,,,,,,,,99017,"<span lang=""EN-GB"">Suppose you are at a park, you have just read a book you loved and now you&nbsp;</span>want to write a review for it to share with people you are close to (e.g., friends, family members)"
10/26/2018 6:47,10/26/2018 6:48,0,76.25.129.168,78,50,0,11/2/2018 6:48,R_3EQGgPNGD5pDEyg,,,,,,,anonymous,EN,"2,3,4,5",,,,,,,,,,,,,,,,,,,,,,,,,,,,,,,,,,,,,,,,,,,,,,,,,,,,,,,,,,,,,,,,,,,,,,,,,,,,,,,,,,,,,,,,,,,,,,,,,,,,,,,,,,,,,,,,,,,,,,,,,,,,,,,,,,,,,,,,,,,,,,,,,,,,,,,,,,,,,,,,,,,,,,,,,,,,,,,,,,,,,,,,,,,,,,,,,,,,,,,,,,,,,,,,,,,20615,"<span lang=""EN-GB"">Suppose you want to control some devices/appliances (e.g., smart lights) when you are at home with people you are close to (e.g., friends, family members)<strong><o:p></o:p></strong></span>"
10/26/2018 6:55,10/26/2018 6:55,0,99.203.0.40,1,9,0,11/2/2018 6:55,R_3P4QFtOeAnAZkvy,,,,,,,anonymous,EN,,,,,,,,,,,,,,,,,,,,,,,,,,,,,,,,,,,,,,,,,,,,,,,,,,,,,,,,,,,,,,,,,,,,,,,,,,,,,,,,,,,,,,,,,,,,,,,,,,,,,,,,,,,,,,,,,,,,,,,,,,,,,,,,,,,,,,,,,,,,,,,,,,,,,,,,,,,,,,,,,,,,,,,,,,,,,,,,,,,,,,,,,,,,,,,,,,,,,,,,,,,,,,,,,,,,81636,"<span lang=""EN-GB"">Suppose
     you want to find a route to home when you are alone at Starbucks.<o:p></o:p></span>"
10/26/2018 7:05,10/26/2018 7:07,0,47.41.110.65,78,119,0,11/2/2018 7:08,R_1hYBCtHWjLaj1F6,,,,,,,anonymous,EN,"1,2,3,4",,,,,,,,,,,,,,,,,,,,,,,,,,,,,,,,,,,,,,,,,,,,,,,,,,,,,,,,,,,,,,,,,,,,,,,,,,,,,,,,,,,,,,,,,,,,,,,,,,,,,,,,,,,,,,,,,,,,,,,,,,,,,,,,,,,,,,,,,,,,,,,,,,,,,,,,,,,,,,,,,,,,,,,,,,,,,,,,,,,,,,,,,,,,,,,,,,,,,,,,,,,,,,,,,,,12165,"<span lang=""EN-GB"" style=""font-size:11.0pt;line-height:115%;
font-family:&quot;Arial&quot;,sans-serif;mso-fareast-font-family:Arial;mso-ansi-language:
EN-GB;mso-fareast-language:EN-US;mso-bidi-language:AR-SA"">Suppose you want to
find a route to a coffee shop when you are alone at home.</span>"
10/26/2018 7:35,10/26/2018 7:36,0,67.11.50.189,78,46,0,11/2/2018 7:36,R_3kdDJCirLc1WN0J,,,,,,,anonymous,EN,"1,2,3",,,,,,,,,,,,,,,,,,,,,,,,,,,,,,,,,,,,,,,,,,,,,,,,,,,,,,,,,,,,,,,,,,,,,,,,,,,,,,,,,,,,,,,,,,,,,,,,,,,,,,,,,,,,,,,,,,,,,,,,,,,,,,,,,,,,,,,,,,,,,,,,,,,,,,,,,,,,,,,,,,,,,,,,,,,,,,,,,,,,,,,,,,,,,,,,,,,,,,,,,,,,,,,,,,,67643,"<span lang=""EN-GB"">Suppose you are alone at home, you want to take a break from studying/working&nbsp;</span>so you decide to play an online/digital game."
10/22/2018 9:28,10/26/2018 7:42,0,65.199.27.9,88,339228,0,11/2/2018 7:42,R_T1PehOHYfcKtVpT,,,,,,,anonymous,EN,"1,2,4","2,5",,1,,"1,2",,1,,1,,"1,2","1,2",,"2,3",,"1,2","1,2,3",,"1,2",,"3,4",,"1,2",,"1,2",,2,,2,,,,,,,,,,,,,,,,,,,,,,,,,,,,,,,,,,,,,,,,,,,,,,,,,,,,,,,,,,,,,,,,,,,,,,,,,,,,,,,,,,,,,,,,,,,,,,,,,,,,,,,,,,,,,,,,,,,,,,,,,,,,,,,,,,,,,,,,,,,,,,,,,,,,,,,,,,,,,,,,,,,,,,,,,,,,,,,,,,,,,,33045,"<span lang=""EN-GB"" style=""font-size:11.0pt;line-height:115%;
font-family:&quot;Arial&quot;,sans-serif;mso-fareast-font-family:Arial;mso-ansi-language:
EN-GB;mso-fareast-language:EN-US;mso-bidi-language:AR-SA"">Suppose you want to check your social media when you are alone in a park.</span>"
10/22/2018 11:54,10/26/2018 7:49,0,172.77.53.62,78,330902,0,11/2/2018 7:49,R_3kB1YhKoPYmmdbX,,,,,,,anonymous,EN,"1,2,4,5",,,,,,,,,,,,,,,,,,,,,,,,,,,,,,,,,,,,,,,,,,,,,,,,,,,,,,,,,,,,,,,,,,,,,,,,,,,,,,,,,,,,,,,,,,,,,,,,,,,,,,,,,,,,,,,,,,,,,,,,,,,,,,,,,,,,,,,,,,,,,,,,,,,,,,,,,,,,,,,,,,,,,,,,,,,,,,,,,,,,,,,,,,,,,,,,,,,,,,,,,,,,,,,,,,,31028,"<span lang=""EN-GB"">Suppose you have planned to meet a friend next week and you want to put this on your calendar when you are alone at Starbucks.<o:p></o:p></span>"
10/26/2018 7:50,10/26/2018 7:51,0,152.16.191.122,78,71,0,11/2/2018 7:51,R_3KqBU3R9976rwEm,,,,,,,anonymous,EN,"1,2,3",,,,,,,,,,,,,,,,,,,,,,,,,,,,,,,,,,,,,,,,,,,,,,,,,,,,,,,,,,,,,,,,,,,,,,,,,,,,,,,,,,,,,,,,,,,,,,,,,,,,,,,,,,,,,,,,,,,,,,,,,,,,,,,,,,,,,,,,,,,,,,,,,,,,,,,,,,,,,,,,,,,,,,,,,,,,,,,,,,,,,,,,,,,,,,,,,,,,,,,,,,,,,,,,,,,54932,"<span lang=""EN-GB"">Suppose you want to a send a text message when you are surrounded with people you are close to (e.g., friends, family members) at your home.<strong><o:p></o:p></strong></span>"
11/2/2018 7:51,11/2/2018 7:51,0,162.248.134.222,100,21,1,11/2/2018 7:51,R_2rPjSa7SsPeQTcr,,,,,37.75100708,-97.8219986,anonymous,EN,1,,,,,,,,,,,,,,,,,,,,,,,,,,,,,,,,,,,,,,,,,,,,,,,,,,,,,,,,,,,,,,,,,,,,,,,,,,,,,,,,,,,,,,,,,,,,,,,,,,,,,,,,,,,,,,,,,,,,,,,,,,,,,,,,,,,,,,,,,,,,,,,,,,,,,,,,,,,,,,,,,,,,,,,,,,,,,,,,,,,,,,,,,,,,,,,,,,,,,,,,,,,,,,,,,,,92721,"<span lang=""EN-GB"">Suppose you want to set up a reminder when you are at a park with close friends.<o:p></o:p></span>"
11/2/2018 7:52,11/2/2018 7:52,0,192.80.139.37,100,24,1,11/2/2018 7:52,R_T1SN7kDZyCv4y7n,,,,,34.0007019,-81.03479767,anonymous,EN,1,,,,,,,,,,,,,,,,,,,,,,,,,,,,,,,,,,,,,,,,,,,,,,,,,,,,,,,,,,,,,,,,,,,,,,,,,,,,,,,,,,,,,,,,,,,,,,,,,,,,,,,,,,,,,,,,,,,,,,,,,,,,,,,,,,,,,,,,,,,,,,,,,,,,,,,,,,,,,,,,,,,,,,,,,,,,,,,,,,,,,,,,,,,,,,,,,,,,,,,,,,,,,,,,,,,66505,"<span id=""docs-internal-guid-5a7e3441-7fff-9d1f-10e6-454a1d940975""><span style=""font-size: 11pt; font-family: Arial; color: rgb(0, 0, 0); background-color: transparent; font-variant-numeric: normal; font-variant-east-asian: normal; vertical-align: baseline; white-space: pre-wrap;"">Suppose you want to call your mother for sharing an important update about your life &nbsp;when you are alone at home</span><br> <br><br></span>"
11/2/2018 7:52,11/2/2018 7:54,0,162.248.134.222,100,92,1,11/2/2018 7:54,R_2uBvNn0AT1RLqHX,,,,,37.75100708,-97.8219986,anonymous,EN,"1,2,3,4",2,,2,,2,,1,,"2,3",,2,1,,"1,2",,"2,3","2,3",,1,,3,,2,,2,,"1,2",,,,,,,,,,,,,,,,,,,,,,,,,,,,,,,,,,,,,,,,,,,,,,,,,,,,,,,,,,,,,,,,,,,,,,,,,,,,,,,,,,,,,,,,,,,,,,,,,,,,,,,,,,,,,,,,,,,,,,,,,,,,,,,,,,,,,,,,,,,,,,,,,,,,,,,,,,,,,,,,,,,,,,,,,,,,,,,,,,,,,,,,61614,"<span lang=""EN-GB"">Suppose
     you want to a send an email when you are walking on a street with people
     you know (e.g., acquaintances, colleagues)<strong>.</strong><o:p></o:p></span>"
11/2/2018 7:50,11/2/2018 7:54,0,71.161.71.235,100,186,1,11/2/2018 7:54,R_3kKRhe5oGxQ9wPp,,,,,42.24090576,-79.49629974,anonymous,EN,"1,2,3,4",2,,1,,"1,2,3",,1,,1,,2,"1,2,3",,1,,1,"1,2",,"1,2",,3,,2,,1,,2,,,,,,,,,,,,,,,,,,,,,,,,,,,,,,,,,,,,,,,,,,,,,,,,,,,,,,,,,,,,,,,,,,,,,,,,,,,,,,,,,,,,,,,,,,,,,,,,,,,,,,,,,,,,,,,,,,,,,,,,,,,,,,,,,,,,,,,,,,,,,,,,,,,,,,,,,,,,,,,,,,,,,,,,,,,,,,,,,,,,,,,,20799,"<span lang=""EN-GB"">Suppose you want to set up a reminder about something when you are at Starbucks with close friends.<o:p></o:p></span>"
11/2/2018 7:53,11/2/2018 7:55,0,192.80.139.37,100,124,1,11/2/2018 7:55,R_1kObIIGYsXTSgSI,,,,,34.0007019,-81.03479767,anonymous,EN,2,,,,,,,,,,,,,,,,,,,,,,,,,,,,,,,,,,,,,,,,,,,,,,,,,,,,,,,,,,,,,,,,,,,,,,,,,,,,,,,,,,,,,,,,,,,,,,,,,,,,,,,,,,,,,,,,,,,,,,,,,,,,,,,,,,,,,,,,,,,,,,,,,,,,,,,,,,,,,,,,,,,,,,,,,,,,,,,,,,,,,,,,,,,,,,,,,,,,,,,,,,,,,,,,,,,69856,"<span lang=""EN-GB"">Suppose
     you want to watch some video when you are with people you know (e.g.,
     acquaintances, colleagues) at your home.<o:p></o:p></span>"
11/2/2018 7:55,11/2/2018 7:55,0,104.200.37.120,100,17,1,11/2/2018 7:55,R_1k19PmkLhgoQmWL,,,,,35.66650391,-97.4654007,anonymous,EN,2,,,,,,,,,,,,,,,,,,,,,,,,,,,,,,,,,,,,,,,,,,,,,,,,,,,,,,,,,,,,,,,,,,,,,,,,,,,,,,,,,,,,,,,,,,,,,,,,,,,,,,,,,,,,,,,,,,,,,,,,,,,,,,,,,,,,,,,,,,,,,,,,,,,,,,,,,,,,,,,,,,,,,,,,,,,,,,,,,,,,,,,,,,,,,,,,,,,,,,,,,,,,,,,,,,,61791,"<span lang=""EN-GB"">Suppose you are at a coffee shop, you have just read a book you loved and now&nbsp;</span>you want to write a review for it to share with your close family and friends."
10/26/2018 7:55,10/26/2018 7:55,0,162.213.133.122,1,4,0,11/2/2018 7:55,R_1mIBo0PBVJcv1Iz,,,,,,,anonymous,EN,,,,,,,,,,,,,,,,,,,,,,,,,,,,,,,,,,,,,,,,,,,,,,,,,,,,,,,,,,,,,,,,,,,,,,,,,,,,,,,,,,,,,,,,,,,,,,,,,,,,,,,,,,,,,,,,,,,,,,,,,,,,,,,,,,,,,,,,,,,,,,,,,,,,,,,,,,,,,,,,,,,,,,,,,,,,,,,,,,,,,,,,,,,,,,,,,,,,,,,,,,,,,,,,,,,,96842,"<span lang=""EN-GB"">Suppose
     you want to set up a reminder about something when you are at Starbucks by
     yourself.<o:p></o:p></span>"
11/2/2018 7:56,11/2/2018 7:56,0,196.17.64.26,100,9,1,11/2/2018 7:56,R_RmJGFPhVhZ9fZG9,,,,,34.05439758,-118.2440033,anonymous,EN,1,,,,,,,,,,,,,,,,,,,,,,,,,,,,,,,,,,,,,,,,,,,,,,,,,,,,,,,,,,,,,,,,,,,,,,,,,,,,,,,,,,,,,,,,,,,,,,,,,,,,,,,,,,,,,,,,,,,,,,,,,,,,,,,,,,,,,,,,,,,,,,,,,,,,,,,,,,,,,,,,,,,,,,,,,,,,,,,,,,,,,,,,,,,,,,,,,,,,,,,,,,,,,,,,,,,70426,"<span lang=""EN-GB"">Suppose
     you want to a view a text message when you are surrounded by people you
     know (e.g., acquaintances, colleagues) at a restaurant.<o:p></o:p></span>"
11/2/2018 7:55,11/2/2018 7:56,0,104.200.37.120,100,14,1,11/2/2018 7:56,R_1Ii1EKboCh5eueL,,,,,35.66650391,-97.4654007,anonymous,EN,1,,,,,,,,,,,,,,,,,,,,,,,,,,,,,,,,,,,,,,,,,,,,,,,,,,,,,,,,,,,,,,,,,,,,,,,,,,,,,,,,,,,,,,,,,,,,,,,,,,,,,,,,,,,,,,,,,,,,,,,,,,,,,,,,,,,,,,,,,,,,,,,,,,,,,,,,,,,,,,,,,,,,,,,,,,,,,,,,,,,,,,,,,,,,,,,,,,,,,,,,,,,,,,,,,,,84819,"<span lang=""EN-GB"">Suppose you are at Starbucks with your close friends and you realize today is the last day to pay one of your bills online.<o:p></o:p></span>"
11/2/2018 7:56,11/2/2018 7:58,0,192.80.139.37,100,119,1,11/2/2018 7:58,R_25WT1cr795cIfYV,,,,,34.0007019,-81.03479767,anonymous,EN,4,,,,,,,,,,,,,,,,,,,,,,,,,,,,,,,,,,,,,,,,,,,,,,,,,,,,,,,,,,,,,,,,,,,,,,,,,,,,,,,,,,,,,,,,,,,,,,,,,,,,,,,,,,,,,,,,,,,,,,,,,,,,,,,,,,,,,,,,,,,,,,,,,,,,,,,,,,,,,,,,,,,,,,,,,,,,,,,,,,,,,,,,,,,,,,,,,,,,,,,,,,,,,,,,,,,39730,"<span lang=""EN-GB"">Suppose you want to call your mother for sharing an important
     update about your life&nbsp; when you
     with people you know (e.g., acquaintances, colleagues) at a park<o:p></o:p></span>"
11/2/2018 7:56,11/2/2018 7:58,0,104.200.37.120,100,117,1,11/2/2018 7:58,R_1hZsjvMr5kF2Y9Q,,,,,35.66650391,-97.4654007,anonymous,EN,5,,,,,,,,,,,,,,,,,,,,,,,,,,,,,,,,,,,,,,,,,,,,,,,,,,,,,,,,,,,,,,,,,,,,,,,,,,,,,,,,,,,,,,,,,,,,,,,,,,,,,,,,,,,,,,,,,,,,,,,,,,,,,,,,,,,,,,,,,,,,,,,,,,,,,,,,,,,,,,,,,,,,,,,,,,,,,,,,,,,,,,,,,,,,,,,,,,,,,,,,,,,,,,,,,,,65864,"<span lang=""EN-GB"">Suppose
     you want to a view a text message when you are surrounded with people you
     are close to (e.g., friends, family members) at your home.<strong><o:p></o:p></strong></span>"
11/2/2018 7:58,11/2/2018 7:58,0,104.200.37.120,100,13,1,11/2/2018 7:58,R_3EJVQKh9DhT4MZZ,,,,,35.66650391,-97.4654007,anonymous,EN,3,,,,,,,,,,,,,,,,,,,,,,,,,,,,,,,,,,,,,,,,,,,,,,,,,,,,,,,,,,,,,,,,,,,,,,,,,,,,,,,,,,,,,,,,,,,,,,,,,,,,,,,,,,,,,,,,,,,,,,,,,,,,,,,,,,,,,,,,,,,,,,,,,,,,,,,,,,,,,,,,,,,,,,,,,,,,,,,,,,,,,,,,,,,,,,,,,,,,,,,,,,,,,,,,,,,74685,"<span lang=""EN-GB"">Suppose
     you want to a send an email when you are surrounded by people you know
     (e.g., acquaintances, colleagues) at a restaurant.<o:p></o:p></span>"
11/2/2018 7:58,11/2/2018 7:58,0,104.200.37.120,100,7,1,11/2/2018 7:58,R_238ZNky7ziIqrYt,,,,,35.66650391,-97.4654007,anonymous,EN,6,,,,,,,,,,,,,,,,,,,,,,,,,,,,,,,,,,,,,,,,,,,,,,,,,,,,,,,,,,,,,,,,,,,,,,,,,,,,,,,,,,,,,,,,,,,,,,,,,,,,,,,,,,,,,,,,,,,,,,,,,,,,,,,,,,,,,,,,,,,,,,,,,,,,,,,,,,,,,,,,,,,,,,,,,,,,,,,,,,,,,,,,,,,,,,,,,,,,,,,,,,,,,,,,,,,20686,"<span lang=""EN-GB"">Suppose
     you want to a send an email when you are walking on a street.<o:p></o:p></span>"
10/22/2018 13:23,10/26/2018 7:58,0,38.127.173.16,88,326067,0,11/2/2018 7:58,R_2EAWXTvb9658DAh,,,,,,,anonymous,EN,"1,3,4,5,6","1,2,3,4,5",,"1,2,3",,"1,2,3",,1,,"1,2,3",,"1,2,3","1,2,3",,"1,2,3",,"1,2,3","1,2,3",,"1,2,3",,"1,2,3",,"1,2,3",,"1,2,3",,"1,2",,"1,3,4,5,6","1,2,3,4,5",,"1,2,3",,"1,2,3,4",,1,,"1,2,3,4",,"1,2,3","1,2,3",,"1,2",,"1,2,3",,"1,2,3,4",,"2,3,4",,"1,2,3",,"1,2,3,4",,"1,2,3",,"1,2",,,,,,,,,,,,,,,,,,,,,,,,,,,,,,,2,,"1,2,3",,"1,2,3",,3,,3,,3,"1,2,3",,"2,3",,"2,3",,"1,2,4",,3,,"1,2,3",,"1,2,3,4",,"1,2,3",,2,,,,,,,,,,,,,,,,,,,,,,,,,,,,,,,"1,2,3,5",,"1,2",,"1,2,3,4",,3,,"1,2,3,4",,"1,2,3","1,2,3",,"1,2,3",,"1,2,3",,"1,2,3,4",,"2,3,4",,"1,2,3",,"1,2,3",,"1,2,3",,4,,,,,,,,,,,,,,,,,,,,,,,,,,,,,,,,,,,,,,54188,"<span lang=""EN-GB"">Suppose you want to browse through one of your social media profiles when you&nbsp;</span>are at your home."
11/2/2018 7:54,11/2/2018 7:59,0,162.248.134.222,100,294,1,11/2/2018 7:59,R_1mqshmcPesQ4WKb,,,,,37.75100708,-97.8219986,anonymous,EN,"3,4,5,6",2,,2,,1,,1,,3,,1,2,,2,,3,2,,2,,2,,5,,2,,2,,,,,,,,,,,,,,,,,,,,,,,,,,,,,,,,,,,,,,,,,,,,,,,,,,,,,,,,,,,,,,,,,,,,,,,,,,,,,,,,,,,,,,,,,,,,,,,,,,,,,,,,,,,,,,,,,,,,,,,,,,,,,,,,,,,,,,,,,,,,,,,,,,,,,,,,,,,,,,,,,,,,,,,,,,,,,,,,,,,,,,,,16833,"<span lang=""EN-GB"">Suppose you want to browse the internet when you are with people you know (e.g., acquaintances, colleagues) at a park.<o:p></o:p></span>"
11/2/2018 7:59,11/2/2018 7:59,0,162.248.134.222,100,19,1,11/2/2018 7:59,R_2CqQ5OZZBEsO7Oz,,,,,37.75100708,-97.8219986,anonymous,EN,"1,3",,,,,,,,,,,,,,,,,,,,,,,,,,,,,,,,,,,,,,,,,,,,,,,,,,,,,,,,,,,,,,,,,,,,,,,,,,,,,,,,,,,,,,,,,,,,,,,,,,,,,,,,,,,,,,,,,,,,,,,,,,,,,,,,,,,,,,,,,,,,,,,,,,,,,,,,,,,,,,,,,,,,,,,,,,,,,,,,,,,,,,,,,,,,,,,,,,,,,,,,,,,,,,,,,,,99207,"<span lang=""EN-GB"">Suppose you want to find a route to home while walking on a street with your close friends.<o:p></o:p></span>"
11/2/2018 7:59,11/2/2018 8:01,0,162.248.134.222,100,117,1,11/2/2018 8:01,R_2DSnYpqFbB72UW5,,,,,37.75100708,-97.8219986,anonymous,EN,"1,4,5,6","2,3",,3,,1,,1,,3,,2,1,,1,,4,2,,2,,3,,1,,3,,2,,,,,,,,,,,,,,,,,,,,,,,,,,,,,,,,,,,,,,,,,,,,,,,,,,,,,,,,,,,,,,,,,,,,,,,,,,,,,,,,,,,,,,,,,,,,,,,,,,,,,,,,,,,,,,,,,,,,,,,,,,,,,,,,,,,,,,,,,,,,,,,,,,,,,,,,,,,,,,,,,,,,,,,,,,,,,,,,,,,,,,,,18844,"<span lang=""EN-GB"">Suppose you are alone and relaxing at home, you have just read a new book that&nbsp;</span>you loved and now you want a write a review for your close family and friends."
11/2/2018 7:58,11/2/2018 8:02,0,104.200.37.120,100,188,1,11/2/2018 8:02,R_33l6PfkJOczHONR,,,,,35.66650391,-97.4654007,anonymous,EN,"1,2,3",1,,2,,2,,3,,3,,1,1,,1,,3,6,,1,,4,,2,,3,,1,,,,,,,,,,,,,,,,,,,,,,,,,,,,,,,,,,,,,,,,,,,,,,,,,,,,,,,,,,,,,,,,,,,,,,,,,,,,,,,,,,,,,,,,,,,,,,,,,,,,,,,,,,,,,,,,,,,,,,,,,,,,,,,,,,,,,,,,,,,,,,,,,,,,,,,,,,,,,,,,,,,,,,,,,,,,,,,,,,,,,,,,69222,"<span lang=""EN-GB"">Suppose
     you want to set up a reminder when you are alone at your home.<strong><o:p></o:p></strong></span>"
10/26/2018 7:56,10/26/2018 8:03,0,68.1.89.240,78,387,0,11/2/2018 8:03,R_2xCXMqxJG5s0MVh,,,,,,,anonymous,EN,"1,2,3,4",,,,,,,,,,,,,,,,,,,,,,,,,,,,,,,,,,,,,,,,,,,,,,,,,,,,,,,,,,,,,,,,,,,,,,,,,,,,,,,,,,,,,,,,,,,,,,,,,,,,,,,,,,,,,,,,,,,,,,,,,,,,,,,,,,,,,,,,,,,,,,,,,,,,,,,,,,,,,,,,,,,,,,,,,,,,,,,,,,,,,,,,,,,,,,,,,,,,,,,,,,,,,,,,,,,85624,"<span lang=""EN-GB"">Suppose you are on a short vacation and you want to take a picture in front&nbsp;</span>of an iconic monument when you are surrounded by many people."
11/2/2018 8:06,11/2/2018 8:11,0,41.66.233.3,100,324,1,11/2/2018 8:11,R_3l08XfMPSXKePmN,,,,,5.550003052,-0.216705322,anonymous,EN,"2,3,4","1,2",,"1,2",,"1,2,3,4",,1,,"1,2,3,4",,"1,2,3","1,2,3",,"1,2,3",,"2,3","1,2,3,4",,"1,2,3",,"1,3,4",,"1,2,3",,"1,2,3",,2,,,,,,,,,,,,,,,,,,,,,,,,,,,,,,,,,,,,,,,,,,,,,,,,,,,,,,,,,,,,,,,,,,,,,,,,,,,,,,,,,,,,,,,,,,,,,,,,,,,,,,,,,,,,,,,,,,,,,,,,,,,,,,,,,,,,,,,,,,,,,,,,,,,,,,,,,,,,,,,,,,,,,,,,,,,,,,,,,,,,,,,,14900,"<span lang=""EN-GB"">Suppose you want to find a route to home while walking on a street.<o:p></o:p></span>"
10/26/2018 8:10,10/26/2018 8:12,0,209.194.199.4,78,106,0,11/2/2018 8:12,R_UGSoNN1b4WdSbAt,,,,,,,anonymous,EN,"1,2,3,5,6",,,,,,,,,,,,,,,,,,,,,,,,,,,,,,,,,,,,,,,,,,,,,,,,,,,,,,,,,,,,,,,,,,,,,,,,,,,,,,,,,,,,,,,,,,,,,,,,,,,,,,,,,,,,,,,,,,,,,,,,,,,,,,,,,,,,,,,,,,,,,,,,,,,,,,,,,,,,,,,,,,,,,,,,,,,,,,,,,,,,,,,,,,,,,,,,,,,,,,,,,,,,,,,,,,,69421,"<span lang=""EN-GB"">Suppose
     you want to listen to some audio when you are alone at Starbucks.<o:p></o:p></span>"
11/2/2018 8:13,11/2/2018 8:13,0,172.82.162.82,100,8,1,11/2/2018 8:13,R_2D18yiI2SAqUXBe,,,,,34.0493927,-118.2640991,anonymous,EN,1,,,,,,,,,,,,,,,,,,,,,,,,,,,,,,,,,,,,,,,,,,,,,,,,,,,,,,,,,,,,,,,,,,,,,,,,,,,,,,,,,,,,,,,,,,,,,,,,,,,,,,,,,,,,,,,,,,,,,,,,,,,,,,,,,,,,,,,,,,,,,,,,,,,,,,,,,,,,,,,,,,,,,,,,,,,,,,,,,,,,,,,,,,,,,,,,,,,,,,,,,,,,,,,,,,,95101,"<span lang=""EN-GB"">Suppose
     you want to take a click a photo when you are with people you are close to
     (e.g., friends, family members) at home<o:p></o:p></span>"
11/2/2018 8:15,11/2/2018 8:15,0,76.122.83.89,100,10,1,11/2/2018 8:15,R_1kHBCvNCVWDeihv,,,,,33.87130737,-84.46289825,anonymous,EN,1,,,,,,,,,,,,,,,,,,,,,,,,,,,,,,,,,,,,,,,,,,,,,,,,,,,,,,,,,,,,,,,,,,,,,,,,,,,,,,,,,,,,,,,,,,,,,,,,,,,,,,,,,,,,,,,,,,,,,,,,,,,,,,,,,,,,,,,,,,,,,,,,,,,,,,,,,,,,,,,,,,,,,,,,,,,,,,,,,,,,,,,,,,,,,,,,,,,,,,,,,,,,,,,,,,,74057,"<span lang=""EN-GB"">Suppose
     you want to purchase something online when you are with people you know
     (e.g., acquaintances, colleagues) at your home.<o:p></o:p></span>"
11/2/2018 8:15,11/2/2018 8:15,0,73.152.56.226,100,8,1,11/2/2018 8:15,R_Qb7GzGOH53dwJDb,,,,,37.51579285,-77.50469971,anonymous,EN,"2,3",,,,,,,,,,,,,,,,,,,,,,,,,,,,,,,,,,,,,,,,,,,,,,,,,,,,,,,,,,,,,,,,,,,,,,,,,,,,,,,,,,,,,,,,,,,,,,,,,,,,,,,,,,,,,,,,,,,,,,,,,,,,,,,,,,,,,,,,,,,,,,,,,,,,,,,,,,,,,,,,,,,,,,,,,,,,,,,,,,,,,,,,,,,,,,,,,,,,,,,,,,,,,,,,,,,6619,"<span lang=""EN-GB"">Suppose
     you want to purchase something online when you are alone at Starbucks.<o:p></o:p></span>"
11/2/2018 8:13,11/2/2018 8:16,0,69.112.252.56,100,193,1,11/2/2018 8:16,R_1PcJhd2j0GWwvZW,,,,,41.30230713,-74.7539978,anonymous,EN,"1,2,3,4",3,,1,,"1,2",,1,,1,,3,2,,3,,2,4,,2,,4,,2,,1,,4,,,,,,,,,,,,,,,,,,,,,,,,,,,,,,,,,,,,,,,,,,,,,,,,,,,,,,,,,,,,,,,,,,,,,,,,,,,,,,,,,,,,,,,,,,,,,,,,,,,,,,,,,,,,,,,,,,,,,,,,,,,,,,,,,,,,,,,,,,,,,,,,,,,,,,,,,,,,,,,,,,,,,,,,,,,,,,,,,,,,,,,,18964,"<span lang=""EN-GB"">Suppose
     you want to find a route to home when you are at Starbucks with your close
     friends.<o:p></o:p></span>"
11/2/2018 7:37,11/2/2018 8:18,0,71.176.70.228,100,2448,1,11/2/2018 8:18,R_dhGoB4a6jzV27Pb,,,,,43.03540039,-76.12819672,anonymous,EN,"1,2,3,4,5","2,3,5",,5,,2,,3,,1,,1,5,,"1,2",,1,3,,"1,2",,"1,3",,"1,2",,"1,2",,4,,"1,3,4,5",1,,1,,"3,4",,3,,1,,3,5,,5,,5,,2,,"2,3",,"1,2",,"2,3",,1,,4,,,,,,,,,,,,,,,,,,,,,,,,,,,,,,,"1,4",,1,,3,,1,,1,,4,2,,5,,5,,2,,"2,3",,"1,2",,"2,3",,5,,4,,"1,2,3",,1,,3,,1,,1,,1,"1,3",,2,,2,,1,,"2,3",,"1,2",,"2,3",,1,,4,,1,,5,,4,,1,,1,,"1,2",1,,5,,5,,4,,2,,1,,2,,5,,4,,,,,,,,,,,,,,,,,,,,,,,,,,,,,,,female,34,nurse,4,5,,4,63192,"<span lang=""EN-GB"">Suppose
     you have planned to meet a friend next week and you want put this on your
     calendar when you are alone at home<strong><o:p></o:p></strong></span>"
11/2/2018 7:58,11/2/2018 8:18,0,192.80.139.37,100,1170,1,11/2/2018 8:18,R_XvuFmCyJrflh4Wt,,,,,34.0007019,-81.03479767,anonymous,EN,"1,2,3,4,5,6",1,,1,,1,,1,,1,,1,1,,1,,1,1,,1,,1,,1,,1,,1,,"1,2,3,4,5,6","1,2,3",,"1,2,3",,"1,2,3",,1,,"1,2,3",,"1,2,3","1,2,3",,"1,2,3",,"1,2,3",,"1,2,3",,"1,2,3",,"1,2,3",,"1,2,3",,"1,2,3",,"1,2",,"1,2,3",,"1,2,3",,"1,2,3",,1,,"1,2,3",,"1,2,3","1,2,3",,"1,2,3",,"1,2,3",,"1,2,3",,"1,2,3",,"1,2,3",,"1,2,3",,"1,2,3",,"1,2",,"1,2,3",,"1,2,3",,"1,2,3",,1,,"1,2,3",,"1,2,3","1,2,3",,"1,2,3",,"1,2,3",,"1,2,3",,"1,2,3",,"1,2,3",,"1,2,3",,"1,2,3",,"1,2",,1,,1,,1,,1,,1,,1,1,,1,,1,,1,,1,,1,,1,,1,,1,,"1,2,3",,"1,2,3",,"1,2,3",,1,,"1,2,3",,"1,2,3","1,2,3",,"1,2,3",,"1,2,3",,"1,2,3",,"1,2,3",,"1,2,3",,"1,2,3",,"1,2,3",,"1,2",,"1,2",,"1,2",,"1,2",,1,,"1,2",,"1,2","1,2",,"1,2",,"1,2",,"1,2",,"1,2",,"1,2",,"1,2",,"1,2",,"1,2",,FEMALE,26,MANAGER ,6,1,,5,40271,"<span lang=""EN-GB"">Suppose
     you want to read a digital document when you are at Starbucks.<o:p></o:p></span>"
11/2/2018 8:19,11/2/2018 8:20,0,157.51.65.114,100,64,1,11/2/2018 8:20,R_24cSs0A6fITkXYG,,,,,11.6499939,78.16668701,anonymous,EN,1,,,,,,,,,,,,,,,,,,,,,,,,,,,,,,,,,,,,,,,,,,,,,,,,,,,,,,,,,,,,,,,,,,,,,,,,,,,,,,,,,,,,,,,,,,,,,,,,,,,,,,,,,,,,,,,,,,,,,,,,,,,,,,,,,,,,,,,,,,,,,,,,,,,,,,,,,,,,,,,,,,,,,,,,,,,,,,,,,,,,,,,,,,,,,,,,,,,,,,,,,,,,,,,,,,,70340,"<span lang=""EN-GB"">Suppose you want to read a digital document when you are at a park.<o:p></o:p></span>"
10/26/2018 8:13,10/26/2018 8:22,0,107.130.159.70,78,531,0,11/2/2018 8:24,R_DqTOeJgWC9eVWx3,,,,,,,anonymous,EN,"2,3,6",,,,,,,,,,,,,,,,,,,,,,,,,,,,,,,,,,,,,,,,,,,,,,,,,,,,,,,,,,,,,,,,,,,,,,,,,,,,,,,,,,,,,,,,,,,,,,,,,,,,,,,,,,,,,,,,,,,,,,,,,,,,,,,,,,,,,,,,,,,,,,,,,,,,,,,,,,,,,,,,,,,,,,,,,,,,,,,,,,,,,,,,,,,,,,,,,,,,,,,,,,,,,,,,,,,97155,"<span lang=""EN-GB"">Suppose you want to read a digital document when you are in a park with people you know (e.g., acquaintances, colleagues).<o:p></o:p></span>"
11/2/2018 8:26,11/2/2018 8:27,0,38.132.117.195,100,47,1,11/2/2018 8:27,R_2sShMlcs1seLTDE,,,,,37.75100708,-97.8219986,anonymous,EN,1,,,,,,,,,,,,,,,,,,,,,,,,,,,,,,,,,,,,,,,,,,,,,,,,,,,,,,,,,,,,,,,,,,,,,,,,,,,,,,,,,,,,,,,,,,,,,,,,,,,,,,,,,,,,,,,,,,,,,,,,,,,,,,,,,,,,,,,,,,,,,,,,,,,,,,,,,,,,,,,,,,,,,,,,,,,,,,,,,,,,,,,,,,,,,,,,,,,,,,,,,,,,,,,,,,,7635,"<span lang=""EN-GB"">Suppose
     you want to set up a reminder when you are at home with people you are
     close to (e.g., friends, family members).<strong><o:p></o:p></strong></span>"
11/2/2018 8:24,11/2/2018 8:27,0,75.177.98.242,100,191,1,11/2/2018 8:27,R_3IQwsPz8TW9aa8N,,,,,36.5007019,-80.61190033,anonymous,EN,"1,2,4",2,,5,,1,,1,,1,,2,5,,5,,2,6,,"1,2",,3,,"1,2",,5,,4,,2,,,,,,,,,,,,,,,,,,,,,,,,,,,,,,2,,5,,"1,2,3",,1,,1,,2,5,,5,,5,,6,,3,,"1,2",,3,,5,,4,,,,,,,,,,,,,,,,,,,,,,,,,,,,,,,,,,,,,,,,,,,,,,,,,,,,,,,,,,,,,,,,,,,,,,,,,,,,,,,,,,,,,,,,,,,,,,,,,,,,,,,,,,,,,,,,,,,,,,female,37,retail,6,1,,3,38280,"<span lang=""EN-GB"">Suppose
     you want to set up a reminder when you are at a park by yourself.<o:p></o:p></span>"
11/2/2018 8:27,11/2/2018 8:28,0,50.77.19.53,100,11,1,11/2/2018 8:28,R_3rG18Zbe91toWBk,,,,,40.06340027,-74.99900055,anonymous,EN,"1,2",,,,,,,,,,,,,,,,,,,,,,,,,,,,,,,,,,,,,,,,,,,,,,,,,,,,,,,,,,,,,,,,,,,,,,,,,,,,,,,,,,,,,,,,,,,,,,,,,,,,,,,,,,,,,,,,,,,,,,,,,,,,,,,,,,,,,,,,,,,,,,,,,,,,,,,,,,,,,,,,,,,,,,,,,,,,,,,,,,,,,,,,,,,,,,,,,,,,,,,,,,,,,,,,,,,37315,"<span lang=""EN-GB"">Suppose
     you are at starbucks and you realize today is the last day to pay one of
     your bills online.<o:p></o:p></span>"
11/2/2018 8:28,11/2/2018 8:28,0,50.77.19.53,100,9,1,11/2/2018 8:28,R_WCkU0FKuQh3bnyh,,,,,40.06340027,-74.99900055,anonymous,EN,6,,,,,,,,,,,,,,,,,,,,,,,,,,,,,,,,,,,,,,,,,,,,,,,,,,,,,,,,,,,,,,,,,,,,,,,,,,,,,,,,,,,,,,,,,,,,,,,,,,,,,,,,,,,,,,,,,,,,,,,,,,,,,,,,,,,,,,,,,,,,,,,,,,,,,,,,,,,,,,,,,,,,,,,,,,,,,,,,,,,,,,,,,,,,,,,,,,,,,,,,,,,,,,,,,,,84157,"<span lang=""EN-GB"">Suppose you are alone at home, you want to take a break from studying/working&nbsp;</span>so you decide to play an online/digital game with some close friends ."
11/2/2018 8:18,11/2/2018 8:29,0,71.176.70.228,100,656,1,11/2/2018 8:29,R_125skFl6yyPkVXA,,,,,43.03540039,-76.12819672,anonymous,EN,"1,2,3,4,5,6","2,3,4,5",,5,,"2,3",,3,,1,,3,"2,3",,5,,3,"1,2",,"1,2",,"2,3",,"1,2",,5,,4,,"1,4",4,,3,,"1,3",,3,,1,,1,5,,5,,5,,3,,3,,"1,2",,3,,1,,4,,,,,,,,,,,,,,,,,,,,,,,,,,,,,,,,,,,,,,,,,,,,,,,,,,,,,,,,,,,,3,,1,,3,,3,,1,,3,"2,3",,5,,5,,3,,"2,3",,"1,2",,"2,3",,5,,4,,,,,,,,,,,,,,,,,,,,,,,,,,,,,,,,,,,,,,,,,,,,,,,,,,,,,,,,,,,,female,34,home maker,1,3,,1,68738,"<span lang=""EN-GB"">Suppose
     you want to purchase something (e.g., book, household items) online when
     you are with your close friends at a park.<o:p></o:p></span>"
11/2/2018 8:28,11/2/2018 8:29,0,50.77.19.53,100,89,1,11/2/2018 8:29,R_2BrnD27NfyDazZY,,,,,40.06340027,-74.99900055,anonymous,EN,"2,3,5","1,2,3,5",,"1,3",,"1,2,3",,1,,"1,4",,"1,3","1,2,3",,3,,1,"2,3",,"1,2,3",,"1,2,3,4",,"2,3",,"1,2,3",,2,,,,,,,,,,,,,,,,,,,,,,,,,,,,,,,,,,,,,,,,,,,,,,,,,,,,,,,,,,,,,,,,,,,,,,,,,,,,,,,,,,,,,,,,,,,,,,,,,,,,,,,,,,,,,,,,,,,,,,,,,,,,,,,,,,,,,,,,,,,,,,,,,,,,,,,,,,,,,,,,,,,,,,,,,,,,,,,,,,,,,,,,14809,"<span lang=""EN-GB"">Suppose you want to watch some video when you are alone at your home.<strong><o:p></o:p></strong></span>"
10/26/2018 8:32,10/26/2018 8:33,0,216.107.42.51,1,24,0,11/2/2018 8:33,R_1g0mzIho8pVbTZC,,,,,,,anonymous,EN,,,,,,,,,,,,,,,,,,,,,,,,,,,,,,,,,,,,,,,,,,,,,,,,,,,,,,,,,,,,,,,,,,,,,,,,,,,,,,,,,,,,,,,,,,,,,,,,,,,,,,,,,,,,,,,,,,,,,,,,,,,,,,,,,,,,,,,,,,,,,,,,,,,,,,,,,,,,,,,,,,,,,,,,,,,,,,,,,,,,,,,,,,,,,,,,,,,,,,,,,,,,,,,,,,,,76845,"<span lang=""EN-GB"">Suppose you want to watch some video when you are alone in a park.<o:p></o:p></span>"
11/2/2018 8:06,11/2/2018 8:34,0,107.139.92.71,100,1684,1,11/2/2018 8:34,R_2pQsmcszg54O3kG,,,,,36.33630371,-94.1147995,anonymous,EN,"1,2,3,4",2,,2,,1,,1,,1,,2,3,,2,,2,2,,2,,2,,1,,2,,2,,,,,,,,,,,,,,,,,,,,,,,,,,,,,,,,,,,,,,,,,,,,,,,,,,,,,,,,,,,,,,,,,,,,,,,,,,,,,,,,,,,,,,,,,,,,,,,,,,,,,,,,,,,,,,,,,,,,,,,,,,,,,,,,,,,,,,,,,,,,,,,,,,,,,,,,,,,,,,,,,,,,,,,,,,,,,,,,,,,,,,,,50071,"<span lang=""EN-GB"" style=""font-size:11.0pt;line-height:115%;
font-family:&quot;Arial&quot;,sans-serif;mso-fareast-font-family:Arial;mso-ansi-language:
EN-GB;mso-fareast-language:EN-US;mso-bidi-language:AR-SA"">Suppose you have
planned to meet a friend next week and you want put this on your calendar<span style=""color:#434343""> when you with </span>people you know (e.g.,
acquaintances, colleagues)<span style=""color:#434343""> at a park</span></span>"
11/2/2018 8:33,11/2/2018 8:34,0,173.136.82.181,100,12,1,11/2/2018 8:34,R_2w5kHu5mQtv9qEr,,,,,41.95959473,-85.63710022,anonymous,EN,1,,,,,,,,,,,,,,,,,,,,,,,,,,,,,,,,,,,,,,,,,,,,,,,,,,,,,,,,,,,,,,,,,,,,,,,,,,,,,,,,,,,,,,,,,,,,,,,,,,,,,,,,,,,,,,,,,,,,,,,,,,,,,,,,,,,,,,,,,,,,,,,,,,,,,,,,,,,,,,,,,,,,,,,,,,,,,,,,,,,,,,,,,,,,,,,,,,,,,,,,,,,,,,,,,,,56316,"<span lang=""EN-GB"">Suppose
     you want to read a digital document when you are alone at home.<strong><o:p></o:p></strong></span>"
11/2/2018 8:34,11/2/2018 8:36,0,173.136.82.181,100,134,1,11/2/2018 8:36,R_WxtMOa37VzR2sud,,,,,41.95959473,-85.63710022,anonymous,EN,"1,2,4",2,,1,,1,,1,,1,,1,1,,2,,3,3,,1,,1,,"1,2",,1,,1,,,,,,,,,,,,,,,,,,,,,,,,,,,,,,,,,,,,,,,,,,,,,,,,,,,,,,,,,,,,,,,,,,,,,,,,,,,,,,,,,,,,,,,,,,,,,,,,,,,,,,,,,,,,,,,,,,,,,,,,,,,,,,,,,,,,,,,,,,,,,,,,,,,,,,,,,,,,,,,,,,,,,,,,,,,,,,,,,,,,,,,,5656,"<span lang=""EN-GB"">Suppose you want to take a click a photo when you are with your close friends&nbsp;</span>and family members at Starbucks"
10/26/2018 8:37,10/26/2018 8:38,0,172.58.11.130,1,17,0,11/2/2018 8:38,R_3Kr5anvvfJ9aFp4,,,,,,,anonymous,EN,,,,,,,,,,,,,,,,,,,,,,,,,,,,,,,,,,,,,,,,,,,,,,,,,,,,,,,,,,,,,,,,,,,,,,,,,,,,,,,,,,,,,,,,,,,,,,,,,,,,,,,,,,,,,,,,,,,,,,,,,,,,,,,,,,,,,,,,,,,,,,,,,,,,,,,,,,,,,,,,,,,,,,,,,,,,,,,,,,,,,,,,,,,,,,,,,,,,,,,,,,,,,,,,,,,,32818,"<span lang=""EN-GB"">Suppose you want to read a digital document when you are at Starbucks with people you know (e.g., acquaintances, colleagues).<o:p></o:p></span>"
11/2/2018 8:30,11/2/2018 8:38,0,71.176.70.228,100,511,1,11/2/2018 8:39,R_2QhUZ8MeTLsVLqp,,,,,43.03540039,-76.12819672,anonymous,EN,"1,2,3,4,5","2,3,4",,3,,"3,4",,3,,1,,1,"2,3",,3,,1,3,,"1,2",,"2,3",,"1,2",,5,,4,,"1,2,4",4,,1,,3,,3,,1,,4,3,,3,,3,,3,,3,,"1,2",,3,,1,,1,,"1,2",,1,,3,,1,,1,,4,5,,5,,5,,3,,"2,3",,2,,"2,3",,5,,1,,,,,,,,,,,,,,,,,,,,,,,,,,,,,,,2,,5,,3,,1,,1,,3,3,,5,,5,,3,,"2,3",,"1,2",,"2,3",,1,,"1,2",,,,,,,,,,,,,,,,,,,,,,,,,,,,,,,,,,,,,,,,,,,,,,,,,,,,,,,,,,,,female,realtor,34,4,2,,4,42511,"<span lang=""EN-GB"">Suppose
     you want to find a route to home when you are at Starbucks with people you
     know (e.g., acquaintances, colleagues).<o:p></o:p></span>"
10/26/2018 8:38,10/26/2018 8:41,0,198.49.31.143,78,154,0,11/2/2018 8:41,R_3IXzF6vslDEMhJk,,,,,,,anonymous,EN,"1,2,4",,,,,,,,,,,,,,,,,,,,,,,,,,,,,,,,,,,,,,,,,,,,,,,,,,,,,,,,,,,,,,,,,,,,,,,,,,,,,,,,,,,,,,,,,,,,,,,,,,,,,,,,,,,,,,,,,,,,,,,,,,,,,,,,,,,,,,,,,,,,,,,,,,,,,,,,,,,,,,,,,,,,,,,,,,,,,,,,,,,,,,,,,,,,,,,,,,,,,,,,,,,,,,,,,,,62145,"<span lang=""EN-GB"">Suppose
     you want to set up a reminder when you with people you know (e.g.,
     acquaintances, colleagues) at a park.<o:p></o:p></span>"
11/2/2018 8:45,11/2/2018 8:45,0,73.1.76.197,100,18,1,11/2/2018 8:45,R_O7LZUabKEaHKPPX,,,,,26.92120361,-80.21440125,anonymous,EN,3,,,,,,,,,,,,,,,,,,,,,,,,,,,,,,,,,,,,,,,,,,,,,,,,,,,,,,,,,,,,,,,,,,,,,,,,,,,,,,,,,,,,,,,,,,,,,,,,,,,,,,,,,,,,,,,,,,,,,,,,,,,,,,,,,,,,,,,,,,,,,,,,,,,,,,,,,,,,,,,,,,,,,,,,,,,,,,,,,,,,,,,,,,,,,,,,,,,,,,,,,,,,,,,,,,,20578,"<span lang=""EN-GB"">Suppose you are at your gym and you want to track the amount of calories&nbsp;</span>you have burnt your workout.&nbsp;"
11/2/2018 8:39,11/2/2018 8:47,0,71.176.70.228,100,469,1,11/2/2018 8:47,R_STf9iRf9E15tyJH,,,,,43.03540039,-76.12819672,anonymous,EN,"1,2,3,4,5,6","2,3,4,5",,3,,"2,3",,3,,1,,3,5,,2,,3,6,,"1,2",,3,,"1,2",,5,,2,,"1,3,4,6",7,,5,,6,,3,,1,,1,3,,"2,3",,"2,3",,3,,"2,3",,"1,2",,"2,3",,5,,4,,,,,,,,,,,,,,,,,,,,,,,,,,,,,,,7,,5,,"2,3",,3,,1,,4,"1,2,3",,5,,5,,6,,3,,"1,2",,3,,3,,4,,3,,5,,"1,3",,1,,1,,4,5,,2,,2,,1,,3,,2,,3,,5,,4,,,,,,,,,,,,,,,,,,,,,,,,,,,,,,,2,,5,,2,,1,,1,,4,5,,"2,3",,"2,3",,3,,"2,3",,5,,"2,3",,5,,4,,female,35,nurse,4,1,,4,41393,"<span lang=""EN-GB"">Suppose
     you want to a send an email when you are surrounded by people you know
     (e.g., acquaintances, colleagues) your home.<o:p></o:p></span>"
11/2/2018 8:52,11/2/2018 8:52,0,99.178.255.235,100,14,1,11/2/2018 8:53,R_23s34AB3nrzwT61,,,,,38.64419556,-90.20819855,anonymous,EN,1,,,,,,,,,,,,,,,,,,,,,,,,,,,,,,,,,,,,,,,,,,,,,,,,,,,,,,,,,,,,,,,,,,,,,,,,,,,,,,,,,,,,,,,,,,,,,,,,,,,,,,,,,,,,,,,,,,,,,,,,,,,,,,,,,,,,,,,,,,,,,,,,,,,,,,,,,,,,,,,,,,,,,,,,,,,,,,,,,,,,,,,,,,,,,,,,,,,,,,,,,,,,,,,,,,,27780,"<span lang=""EN-GB"" style=""font-size:11.0pt;line-height:115%;
font-family:&quot;Arial&quot;,sans-serif;mso-fareast-font-family:Arial;mso-ansi-language:
EN-GB;mso-fareast-language:EN-US;mso-bidi-language:AR-SA"">Suppose you want to a
send an email when you are alone at home</span>"
11/2/2018 8:55,11/2/2018 8:55,0,74.137.60.167,100,13,1,11/2/2018 8:55,R_2ZQaynmfcvOd52W,,,,,38.30290222,-85.96170044,anonymous,EN,"2,3",,,,,,,,,,,,,,,,,,,,,,,,,,,,,,,,,,,,,,,,,,,,,,,,,,,,,,,,,,,,,,,,,,,,,,,,,,,,,,,,,,,,,,,,,,,,,,,,,,,,,,,,,,,,,,,,,,,,,,,,,,,,,,,,,,,,,,,,,,,,,,,,,,,,,,,,,,,,,,,,,,,,,,,,,,,,,,,,,,,,,,,,,,,,,,,,,,,,,,,,,,,,,,,,,,,13418,"<span lang=""EN-GB"">Suppose
     you want to set up a reminder about something when you are with people you
     know (e.g., acquaintances, colleagues) at Starbucks.<o:p></o:p></span>"
11/2/2018 8:55,11/2/2018 8:56,0,207.255.166.202,100,16,1,11/2/2018 8:56,R_TtPjzalxdstif6N,,,,,41.84359741,-79.17259979,anonymous,EN,"1,2",,,,,,,,,,,,,,,,,,,,,,,,,,,,,,,,,,,,,,,,,,,,,,,,,,,,,,,,,,,,,,,,,,,,,,,,,,,,,,,,,,,,,,,,,,,,,,,,,,,,,,,,,,,,,,,,,,,,,,,,,,,,,,,,,,,,,,,,,,,,,,,,,,,,,,,,,,,,,,,,,,,,,,,,,,,,,,,,,,,,,,,,,,,,,,,,,,,,,,,,,,,,,,,,,,,76331,"<span lang=""EN-GB"">Suppose you want to read a digital document when you are in a park with people you know (e.g., acquaintances, colleagues).<o:p></o:p></span>"
11/2/2018 8:55,11/2/2018 8:56,0,107.14.54.4,100,50,1,11/2/2018 8:56,R_1mQbvEyo1MZSkVM,,,,,40.70120239,-73.94360352,anonymous,EN,"1,2,3,4",4,,2,,3,,1,,2,,3,3,,2,,1,3,,2,,3,,2,,2,,2,,,,,,,,,,,,,,,,,,,,,,,,,,,,,,,,,,,,,,,,,,,,,,,,,,,,,,,,,,,,,,,,,,,,,,,,,,,,,,,,,,,,,,,,,,,,,,,,,,,,,,,,,,,,,,,,,,,,,,,,,,,,,,,,,,,,,,,,,,,,,,,,,,,,,,,,,,,,,,,,,,,,,,,,,,,,,,,,,,,,,,,,84807,"<span lang=""EN-GB"">Suppose
     you are at home with some people you know (e.g., acquaintances,
     colleagues) when you realize today is the last day to pay one of your
     bills online.<o:p></o:p></span>"
11/2/2018 8:57,11/2/2018 8:58,0,24.112.224.49,100,16,1,11/2/2018 8:58,R_1cYt1We9EHzF0nt,,,,,40.855896,-82.31890106,anonymous,EN,"1,2",,,,,,,,,,,,,,,,,,,,,,,,,,,,,,,,,,,,,,,,,,,,,,,,,,,,,,,,,,,,,,,,,,,,,,,,,,,,,,,,,,,,,,,,,,,,,,,,,,,,,,,,,,,,,,,,,,,,,,,,,,,,,,,,,,,,,,,,,,,,,,,,,,,,,,,,,,,,,,,,,,,,,,,,,,,,,,,,,,,,,,,,,,,,,,,,,,,,,,,,,,,,,,,,,,,87093,"<span lang=""EN-GB"">Suppose
     you want to listen to some audio when you are with people you know (e.g.,
     acquaintances, colleagues) at your home.<o:p></o:p></span>"
11/2/2018 8:55,11/2/2018 9:07,0,99.59.205.14,100,744,1,11/2/2018 9:07,R_1N50epsvrViL0D1,,,,,38.80690002,-90.34010315,anonymous,EN,"1,2,4,5","1,2,3,4,5",,1,,1,,1,,3,,3,"1,2,3",,"1,2,3",,"2,3","1,2,3,4",,"1,2,3",,"1,2,3,4",,"1,2,3",,"1,2,3",,"1,2",,,,,,,,,,,,,,,,,,,,,,,,,,,,,,,,,,,,,,,,,,,,,,,,,,,,,,,,,,,,,,,,,,,,,,,,,,,,,,,,,,,,,,,,,,,,,,,,,,,,,,,,,,,,,,,,,,,,,,,,,,,,,,,,,,,,,,,,,,,,,,,,,,,,,,,,,,,,,,,,,,,,,,,,,,,,,,,,,,,,,,,,59605,"<span lang=""EN-GB"">Suppose you want to read a digital document when you are in a park surrounded by your close friends.<o:p></o:p></span>"
11/2/2018 9:04,11/2/2018 9:09,0,192.180.202.87,100,312,1,11/2/2018 9:09,R_2Y8QQphpH5WmBou,,,,,38.01019287,-84.42739868,anonymous,EN,"1,2,4",2,,3,,1,,1,,1,,4,3,,5,,1,"1,3",,"1,2",,3,,2,,1,,2,,,,,,,,,,,,,,,,,,,,,,,,,,,,,,,,,,,,,,,,,,,,,,,,,,,,,,,,,,,,,,,,,,,,,,,,,,,,,,,,,,,,,,,,,,,,,,,,,,,,,,,,,,,,,,,,,,,,,,,,,,,,,,,,,,,,,,,,,,,,,,,,,,,,,,,,,,,,,,,,,,,,,,,,,,,,,,,,,,,,,,,,86555,"<span lang=""EN-GB"">Suppose
     you want to a view a text message when you are surrounded by people you
     know (e.g., acquaintances, colleagues) at your home.<o:p></o:p></span>"
11/2/2018 9:08,11/2/2018 9:09,0,24.104.154.2,100,53,1,11/2/2018 9:09,R_2PhQNnZFOpP7fUa,,,,,39.7684021,-86.15799713,anonymous,EN,"1,2,3,5,6",4,,3,,3,,1,,3,,2,2,,3,,1,2,,2,,4,,1,,2,,2,,,,,,,,,,,,,,,,,,,,,,,,,,,,,,,,,,,,,,,,,,,,,,,,,,,,,,,,,,,,,,,,,,,,,,,,,,,,,,,,,,,,,,,,,,,,,,,,,,,,,,,,,,,,,,,,,,,,,,,,,,,,,,,,,,,,,,,,,,,,,,,,,,,,,,,,,,,,,,,,,,,,,,,,,,,,,,,,,,,,,,,,35198,"<span lang=""EN-GB"">Suppose you want to browse through one of your social media profiles when you&nbsp;</span>are at your home."
11/2/2018 9:10,11/2/2018 9:12,0,107.77.224.183,100,73,1,11/2/2018 9:12,R_3jUs8EnaThO29pU,,,,,40.72720337,-73.94979858,anonymous,EN,1,,,,,,,,,,,,,,,,,,,,,,,,,,,,,,,,,,,,,,,,,,,,,,,,,,,,,,,,,,,,,,,,,,,,,,,,,,,,,,,,,,,,,,,,,,,,,,,,,,,,,,,,,,,,,,,,,,,,,,,,,,,,,,,,,,,,,,,,,,,,,,,,,,,,,,,,,,,,,,,,,,,,,,,,,,,,,,,,,,,,,,,,,,,,,,,,,,,,,,,,,,,,,,,,,,,47326,"<span lang=""EN-GB"">Suppose
     you want to listen to some audio when you are at home with people you are
     close to (e.g., friends, family members).<strong><o:p></o:p></strong></span>"
10/26/2018 9:14,10/26/2018 9:14,0,108.196.95.141,1,7,0,11/2/2018 9:15,R_3elch62CxhKZTy3,,,,,,,anonymous,EN,,,,,,,,,,,,,,,,,,,,,,,,,,,,,,,,,,,,,,,,,,,,,,,,,,,,,,,,,,,,,,,,,,,,,,,,,,,,,,,,,,,,,,,,,,,,,,,,,,,,,,,,,,,,,,,,,,,,,,,,,,,,,,,,,,,,,,,,,,,,,,,,,,,,,,,,,,,,,,,,,,,,,,,,,,,,,,,,,,,,,,,,,,,,,,,,,,,,,,,,,,,,,,,,,,,,33219,"<span lang=""EN-GB"">Suppose it is a regular working day, you want to track the total amount of calories&nbsp;</span>you consume and burn off during the day.&nbsp;"
11/2/2018 9:01,11/2/2018 9:15,0,71.176.70.228,100,835,1,11/2/2018 9:15,R_1BVGDQ7Vd1XWXls,,,,,43.03540039,-76.12819672,anonymous,EN,"1,2,3,4,6",2,,3,,2,,3,,1,,4,5,,5,,4,3,,"1,2",,"2,3",,"1,2",,5,,4,,"1,2,3,4",2,,1,,6,,3,,1,,4,5,,5,,5,,3,,3,,"1,2",,3,,5,,4,,2,,5,,3,,3,,1,,4,5,,5,,5,,6,,3,,"1,2",,3,,1,,4,,4,,1,,"1,3",,3,,1,,3,5,,2,,2,,3,,3,,"1,2",,3,,3,,4,,"2,3",,5,,"2,3",,3,,1,,4,5,,5,,5,,"2,3",,3,,"1,2",,3,,5,,4,,,,,,,,,,,,,,,,,,,,,,,,,,,,,,,,,,,,,,,,,,,,,,,,,,,,,,,,,,,,male,20,student,3,2,,2,12918,"<span lang=""EN-GB"">Suppose you have planned to meet a friend next week and you want to put this on your calendar when you are surrounded with people you are close to (e.g., friends, family members) at your home.<strong><o:p></o:p></strong></span>"
10/26/2018 9:16,10/26/2018 9:16,0,107.213.216.165,1,17,0,11/2/2018 9:16,R_3stcZaBCRq4LTAg,,,,,,,anonymous,EN,,,,,,,,,,,,,,,,,,,,,,,,,,,,,,,,,,,,,,,,,,,,,,,,,,,,,,,,,,,,,,,,,,,,,,,,,,,,,,,,,,,,,,,,,,,,,,,,,,,,,,,,,,,,,,,,,,,,,,,,,,,,,,,,,,,,,,,,,,,,,,,,,,,,,,,,,,,,,,,,,,,,,,,,,,,,,,,,,,,,,,,,,,,,,,,,,,,,,,,,,,,,,,,,,,,,69590,"Suppose you want to check your social media status
     when you are at Starbucks.<o:p></o:p>"
11/2/2018 9:14,11/2/2018 9:16,0,99.203.21.33,100,130,1,11/2/2018 9:16,R_86OYyAnMEq5sVlT,,,,,36.07260132,-79.79199982,anonymous,EN,"2,3,4,5",4,,3,,3,,1,,3,,"2,3",1,,1,,2,2,,1,,"3,4",,1,,3,,"1,2",,,,,,,,,,,,,,,,,,,,,,,,,,,,,,,,,,,,,,,,,,,,,,,,,,,,,,,,,,,,,,,,,,,,,,,,,,,,,,,,,,,,,,,,,,,,,,,,,,,,,,,,,,,,,,,,,,,,,,,,,,,,,,,,,,,,,,,,,,,,,,,,,,,,,,,,,,,,,,,,,,,,,,,,,,,,,,,,,,,,,,,,88537,"<span lang=""EN-GB"">Suppose
     you are at a park and you realize today is the last day to pay one of your
     bills online.<o:p></o:p></span>"
11/2/2018 9:14,11/2/2018 9:18,0,96.73.97.29,100,289,1,11/2/2018 9:18,R_3kum5Jm5xh9tY23,,,,,29.68760681,-95.30110168,anonymous,EN,"1,2,3,4,5,6","1,2,3",,"1,2,3",,1,,1,,3,,1,1,,3,,1,4,,2,,7,,"2,3",,5,,4,,,,,,,,,,,,,,,,,,,,,,,,,,,,,,,,,,,,,,,,,,,,,,,,,,,,,,,,,,,,,,,,,,,,,,,,,,,,,,,,,,,,,,,,,,,,,,,,,,,,,,,,,,,,,,,,,,,,,,,,,,,,,,,,,,,,,,,,,,,,,,,,,,,,,,,,,,,,,,,,,,,,,,,,,,,,,,,,,,,,,,,,26333,"<span lang=""EN-GB"">Suppose
     you want to a view a text message
     when you are walking with a very close friend on a street<o:p></o:p></span>"
10/26/2018 9:18,10/26/2018 9:18,0,74.235.99.130,1,18,0,11/2/2018 9:19,R_2fdg4HDXYE3V4Bb,,,,,,,anonymous,EN,,,,,,,,,,,,,,,,,,,,,,,,,,,,,,,,,,,,,,,,,,,,,,,,,,,,,,,,,,,,,,,,,,,,,,,,,,,,,,,,,,,,,,,,,,,,,,,,,,,,,,,,,,,,,,,,,,,,,,,,,,,,,,,,,,,,,,,,,,,,,,,,,,,,,,,,,,,,,,,,,,,,,,,,,,,,,,,,,,,,,,,,,,,,,,,,,,,,,,,,,,,,,,,,,,,,53114,"<span lang=""EN-GB"">Suppose you want to a send a text message when you are alone at a street.<o:p></o:p></span>"
11/2/2018 9:15,11/2/2018 9:21,0,71.176.70.228,100,365,1,11/2/2018 9:21,R_3nu6jRiMhhp07Yx,,,,,43.03540039,-76.12819672,anonymous,EN,"1,2,3,4,5",2,,"1,2",,3,,3,,1,,1,5,,"1,2",,1,3,,"1,2",,3,,"1,2",,5,,"1,2",,"1,4","3,4",,5,,1,,1,,1,,1,5,,5,,5,,"1,3",,3,,"1,2",,3,,5,,4,,,,,,,,,,,,,,,,,,,,,,,,,,,,,,,,,,,,,,,,,,,,,,,,,,,,,,,,,,,,7,,1,,"2,3",,3,,1,,4,5,,5,,5,,3,,3,,"1,2",,3,,5,,4,,,,,,,,,,,,,,,,,,,,,,,,,,,,,,,,,,,,,,,,,,,,,,,,,,,,,,,,,,,,female,40,home maker,3,3,,4,28054,"<span lang=""EN-GB"">Suppose
     you want to listen to some audio when you with people you know (e.g.,
     acquaintances, colleagues) at Starbucks<o:p></o:p></span>"
10/26/2018 9:24,10/26/2018 9:26,0,104.223.8.103,78,84,0,11/2/2018 9:26,R_2EirAwHrmh2UWIN,,,,,,,anonymous,EN,"1,2,4",,,,,,,,,,,,,,,,,,,,,,,,,,,,,,,,,,,,,,,,,,,,,,,,,,,,,,,,,,,,,,,,,,,,,,,,,,,,,,,,,,,,,,,,,,,,,,,,,,,,,,,,,,,,,,,,,,,,,,,,,,,,,,,,,,,,,,,,,,,,,,,,,,,,,,,,,,,,,,,,,,,,,,,,,,,,,,,,,,,,,,,,,,,,,,,,,,,,,,,,,,,,,,,,,,,66608,"<span lang=""EN-GB"">Suppose
     you want to watch some video when you are with people you know (e.g.,
     acquaintances, colleagues) in a park.<o:p></o:p></span>"
11/2/2018 9:19,11/2/2018 9:29,0,76.109.77.236,100,571,1,11/2/2018 9:29,R_32IUtlQCPndwFZW,,,,,26.45170593,-80.15799713,anonymous,EN,"1,2,4",2,,1,,1,,1,,3,,1,"1,2",,"1,2",,2,4,,2,,"1,2",,2,,"1,2,3",,1,,,,,,,,,,,,,,,,,,,,,,,,,,,,,,,,,,,,,,,,,,,,,,,,,,,,,,,,,,,,,,,,,,,,,,,,,,,,,,,,,,,,,,,,,,,,,,,,,,,,,,,,,,,,,,,,,,,,,,,,,,,,,,,,,,,,,,,,,,,,,,,,,,,,,,,,,,,,,,,,,,,,,,,,,,,,,,,,,,,,,,,,95382,"<span lang=""EN-GB"">Suppose
     you want to a send a text message when you with people you know (e.g., acquaintances,
     colleagues) at a street<strong>.</strong><o:p></o:p></span>"
11/2/2018 9:29,11/2/2018 9:30,0,24.104.154.2,100,48,1,11/2/2018 9:30,R_1EbR171bWANrSs4,,,,,39.7684021,-86.15799713,anonymous,EN,"2,3,4,6",3,,1,,1,,1,,2,,2,2,,2,,2,2,,3,,3,,1,,3,,1,,,,,,,,,,,,,,,,,,,,,,,,,,,,,,,,,,,,,,,,,,,,,,,,,,,,,,,,,,,,,,,,,,,,,,,,,,,,,,,,,,,,,,,,,,,,,,,,,,,,,,,,,,,,,,,,,,,,,,,,,,,,,,,,,,,,,,,,,,,,,,,,,,,,,,,,,,,,,,,,,,,,,,,,,,,,,,,,,,,,,,,,56427,"<span lang=""EN-GB"">Suppose you want to browse the internet when you alone at a park.<o:p></o:p></span>"
11/2/2018 9:21,11/2/2018 9:33,0,71.176.70.228,100,706,1,11/2/2018 9:33,R_2OHMekXi6vKBmKk,,,,,43.03540039,-76.12819672,anonymous,EN,"1,2,3,4,6",7,,1,,6,,3,,1,,4,5,,5,,4,3,,"1,2",,"2,3",,"1,2",,5,,4,,"1,4,6",7,,5,,3,,1,,1,,1,5,,5,,5,,1,,3,,"1,2",,3,,5,,4,,,,,,,,,,,,,,,,,,,,,,,,,,,,,,,,,,,,,,,,,,,,,,,,,,,,,,,,,,,,7,,3,,3,,3,,1,,1,5,,5,,5,,3,,3,,2,,3,,5,,4,,,,,,,,,,,,,,,,,,,,,,,,,,,,,,,"2,3",,3,,3,,3,,1,,4,5,,5,,5,,3,,3,,5,,3,,5,,4,,male,45,veteran,4,2,,2,95515,"<span lang=""EN-GB"">Suppose you are at a park with some people you know (e.g., acquaintances, colleagues) when you realize that you have to immediately pay one of your bills online.<o:p></o:p></span>"
11/1/2018 7:20,11/2/2018 9:36,0,67.165.77.204,100,94548,1,11/2/2018 9:36,R_3F4FKDuHOLqCtPU,,,,,40.30740356,-79.54239655,anonymous,EN,"1,2,4,6","1,2",,2,,"1,2,4",,1,,1,,"1,3",3,,1,,1,"2,3",,"1,2",,"2,3",,2,,"1,2",,"1,2",,,,,,,,,,,,,,,,,,,,,,,,,,,,,,,,,,,,,,,,,,,,,,,,,,,,,,,,,,,,,,,,,,,,,,,,,,,,,,,,,,,,,,,,,,,,,,,,,,,,,,,,,,,,,,,,,,,,,,,,,,,,,,,,,,,,,,,,,,,,,,,,,,,,,,,,,,,,,,,,,,,,,,,,,,,,,,,,,,,,,,,,10677,"Suppose you want to purchase something online when
     you are with people you know (e.g., acquaintances,
     colleagues) at a park.<o:p></o:p>"
10/26/2018 9:38,10/26/2018 9:39,0,173.95.134.235,78,45,0,11/2/2018 9:40,R_3NCJDPDSp9bIG3T,,,,,,,anonymous,EN,"1,2,4,5",,,,,,,,,,,,,,,,,,,,,,,,,,,,,,,,,,,,,,,,,,,,,,,,,,,,,,,,,,,,,,,,,,,,,,,,,,,,,,,,,,,,,,,,,,,,,,,,,,,,,,,,,,,,,,,,,,,,,,,,,,,,,,,,,,,,,,,,,,,,,,,,,,,,,,,,,,,,,,,,,,,,,,,,,,,,,,,,,,,,,,,,,,,,,,,,,,,,,,,,,,,,,,,,,,,21037,"<span lang=""EN-GB"">Suppose
     you want to take a click a photo when you are with people you are close to
     (e.g., friends, family members) at home<o:p></o:p></span>"
11/2/2018 9:38,11/2/2018 9:40,0,108.187.204.115,100,160,1,11/2/2018 9:40,R_31KvEWjuLwmeaVG,,,,,37.75100708,-97.8219986,anonymous,EN,"2,3,4",3,,3,,2,,1,,4,,2,3,,1,,2,2,,2,,"2,3",,2,,1,,4,,"2,3",,,,,,,,,,,,,,,,,,,,,,,,,,,,,,3,,2,,2,,1,,2,,2,2,,1,,1,,3,,3,,1,,4,,1,,2,,4,,2,,1,,1,,3,,2,1,,3,,2,,2,,1,,2,,3,,2,,1,,,,,,,,,,,,,,,,,,,,,,,,,,,,,,,,,,,,,,,,,,,,,,,,,,,,,,,,,,,,,,,,,,,,,,,,,,,,,,,,,,,,,,,,,,,,,,,,33267,"<span lang=""EN-GB"">Suppose
     you want to a view a text message when you are alone at Starbucks.<o:p></o:p></span>"
11/2/2018 9:33,11/2/2018 9:41,0,71.176.70.228,100,444,1,11/2/2018 9:41,R_3O9tniQJRV54noT,,,,,43.03540039,-76.12819672,anonymous,EN,"1,2,3,4,5",2,,5,,3,,3,,1,,1,5,,1,,1,"1,2,3",,"1,2",,"2,3",,"1,2",,5,,4,,"1,2,4",3,,5,,"1,3",,3,,1,,1,5,,5,,5,,"1,3",,3,,"1,2",,3,,1,,4,,"2,3",,5,,3,,1,,1,,"1,2","1,2",,5,,5,,3,,3,,"1,2",,3,,3,,4,,,,,,,,,,,,,,,,,,,,,,,,,,,,,,,2,,5,,3,,1,,1,,1,"2,3",,5,,5,,3,,"2,3",,2,,"2,3",,5,,4,,,,,,,,,,,,,,,,,,,,,,,,,,,,,,,,,,,,,,,,,,,,,,,,,,,,,,,,,,,,female,34,home maker,3,3,,2,92987,"<span lang=""EN-GB"">Suppose you are at work with some people you know (e.g., acquaintances, colleagues) when you realize that you have to immediately pay one of your bills online.<o:p></o:p></span>"
11/2/2018 9:39,11/2/2018 9:43,0,73.107.18.77,100,290,1,11/2/2018 9:43,R_20Nj8AFmaCbN05S,,,,,26.62649536,-81.96769714,anonymous,EN,"1,2,3,4",7,,5,,6,,1,,3,,1,3,,5,,1,6,,2,,7,,2,,5,,4,,2,,,,,,,,,,,,,,,,,,,,,,,,,,,,,,4,,1,,6,,1,,6,,1,5,,5,,1,,6,,7,,5,,7,,5,,4,,,,,,,,,,,,,,,,,,,,,,,,,,,,,,,,,,,,,,,,,,,,,,,,,,,,,,,,,,,,,,,,,,,,,,,,,,,,,,,,,,,,,,,,,,,,,,,,,,,,,,,,,,,,,,,,,,,,,,,,,,,,,65988,"<span lang=""EN-GB"">Suppose
     you want to a send a text message when you are alone at home<strong><o:p></o:p></strong></span>"
11/2/2018 9:45,11/2/2018 9:45,0,66.147.105.33,100,8,1,11/2/2018 9:45,R_3h6d81LzOv602Pf,,,,,34.02130127,-84.31040192,anonymous,EN,5,,,,,,,,,,,,,,,,,,,,,,,,,,,,,,,,,,,,,,,,,,,,,,,,,,,,,,,,,,,,,,,,,,,,,,,,,,,,,,,,,,,,,,,,,,,,,,,,,,,,,,,,,,,,,,,,,,,,,,,,,,,,,,,,,,,,,,,,,,,,,,,,,,,,,,,,,,,,,,,,,,,,,,,,,,,,,,,,,,,,,,,,,,,,,,,,,,,,,,,,,,,,,,,,,,,67677,"<span lang=""EN-GB"">Suppose
     you want to listen to some audio when you are alone at your home.<strong><o:p></o:p></strong></span>"
11/2/2018 9:42,11/2/2018 9:46,0,161.129.68.83,100,185,1,11/2/2018 9:46,R_RlZLY37x3AYkJZ7,,,,,33.86349487,-84.00810242,anonymous,EN,"1,2,4","1,2,3",,"1,3",,"1,2,3",,1,,"2,3,4",,2,"2,3",,"1,2,3",,"2,3","2,3,4",,"1,2,3",,"2,3",,"1,2,3",,2,,"1,2",,,,,,,,,,,,,,,,,,,,,,,,,,,,,,,,,,,,,,,,,,,,,,,,,,,,,,,,,,,,,,,,,,,,,,,,,,,,,,,,,,,,,,,,,,,,,,,,,,,,,,,,,,,,,,,,,,,,,,,,,,,,,,,,,,,,,,,,,,,,,,,,,,,,,,,,,,,,,,,,,,,,,,,,,,,,,,,,,,,,,,,,95587,"<span lang=""EN-GB"">Suppose it is a regular working day, you want to track the total amount of calories&nbsp;</span>you consume and burn off during the day.&nbsp;"
10/26/2018 9:48,10/26/2018 9:48,0,167.160.136.78,1,9,0,11/2/2018 9:49,R_1fa1iOLp1T2NDuR,,,,,,,anonymous,EN,,,,,,,,,,,,,,,,,,,,,,,,,,,,,,,,,,,,,,,,,,,,,,,,,,,,,,,,,,,,,,,,,,,,,,,,,,,,,,,,,,,,,,,,,,,,,,,,,,,,,,,,,,,,,,,,,,,,,,,,,,,,,,,,,,,,,,,,,,,,,,,,,,,,,,,,,,,,,,,,,,,,,,,,,,,,,,,,,,,,,,,,,,,,,,,,,,,,,,,,,,,,,,,,,,,,93936,"<span lang=""EN-GB"">Suppose
     you want to purchase something (e.g., book, household items) online when
     you are with your close friends at a park.<o:p></o:p></span>"
11/2/2018 9:45,11/2/2018 9:49,0,71.176.70.228,100,293,1,11/2/2018 9:49,R_11bTZI2VgbgqhVj,,,,,43.03540039,-76.12819672,anonymous,EN,"1,2,3,4,6","2,3,4",,5,,"2,3",,3,,1,,1,5,,"2,3",,1,"1,2,3",,"1,2",,"1,2,3,4",,"1,2",,5,,4,,"1,3,4",2,,5,,"2,3",,3,,6,,1,5,,"2,3",,"2,3",,3,,"2,3",,2,,"2,3",,5,,4,,,,,,,,,,,,,,,,,,,,,,,,,,,,,,,4,,3,,"2,3",,3,,1,,1,5,,5,,5,,3,,"2,3",,5,,"2,3",,5,,4,,2,,1,,3,,3,,1,,1,5,,5,,5,,3,,3,,5,,3,,5,,4,,,,,,,,,,,,,,,,,,,,,,,,,,,,,,,,,,,,,,,,,,,,,,,,,,,,,,,,,,,,female,50,home maker,3,2,,2,99550,"<span lang=""EN-GB"">Suppose you want to browse the internet when you are at home with people you are close to (e.g., friends, family members)<strong><o:p></o:p></strong></span>"
11/2/2018 9:49,11/2/2018 9:50,0,174.70.158.188,100,40,1,11/2/2018 9:50,R_3ozuiaGGSAcBAfm,,,,,39.02990723,-96.83959961,anonymous,EN,"1,2",,,,,,,,,,,,,,,,,,,,,,,,,,,,,,,,,,,,,,,,,,,,,,,,,,,,,,,,,,,,,,,,,,,,,,,,,,,,,,,,,,,,,,,,,,,,,,,,,,,,,,,,,,,,,,,,,,,,,,,,,,,,,,,,,,,,,,,,,,,,,,,,,,,,,,,,,,,,,,,,,,,,,,,,,,,,,,,,,,,,,,,,,,,,,,,,,,,,,,,,,,,,,,,,,,,91016,"<span lang=""EN-GB"">Suppose you want to listen to some audio when you are alone in a park.<o:p></o:p></span>"
11/2/2018 9:50,11/2/2018 9:57,0,71.176.70.228,100,428,1,11/2/2018 9:57,R_1P6HJ1vLKhvFdqP,,,,,43.03540039,-76.12819672,anonymous,EN,"1,2,4,6","2,3",,5,,6,,3,,1,,1,5,,"2,3",,1,"2,3",,"1,2",,3,,"1,2",,5,,4,,"1,4,6","2,3",,5,,1,,3,,1,,4,5,,5,,5,,"2,3",,"2,3",,"1,2",,"2,3",,5,,4,,,,,,,,,,,,,,,,,,,,,,,,,,,,,,,,,,,,,,,,,,,,,,,,,,,,,,,,,,,,7,,5,,"1,2,3,4",,1,,1,,3,5,,5,,5,,3,,3,,"1,2",,3,,1,,1,,,,,,,,,,,,,,,,,,,,,,,,,,,,,,,"2,3,4",,5,,"2,3",,1,,"1,2",,1,5,,5,,5,,6,,"1,2,3",,5,,"1,2,3",,5,,4,,female,34,nurse,4,3,,2,40136,"<span lang=""EN-GB"">Suppose you have planned to meet a friend next week and you want to put this on your calendar when you are alone at Starbucks.<o:p></o:p></span>"
11/2/2018 9:51,11/2/2018 9:58,0,157.130.169.134,100,370,1,11/2/2018 9:58,R_OybKG2awhxPfEg9,,,,,39.01229858,-94.59380341,anonymous,EN,"1,2,3,5",2,,1,,1,,1,,1,,2,2,,3,,2,6,,2,,6,,2,,"1,2",,4,,2,,,,,,,,,,,,,,,,,,,,,,,,,,,,,,2,,1,,"1,2,3",,1,,1,,2,"1,2,3",,5,,5,,2,,"3,6",,2,,"3,6",,"1,2",,4,,,,,,,,,,,,,,,,,,,,,,,,,,,,,,,,,,,,,,,,,,,,,,,,,,,,,,,,,,,,,,,,,,,,,,,,,,,,,,,,,,,,,,,,,,,,,,,,,,,,,,,,,,,,,,,,,,,,,,Female,27,Paralegal,4,1,,5,8856,"Suppose you want to purchase something (e.g., book,
     household items) online when you are with people
     you know (e.g., acquaintances, colleagues) at
     Starbucks.<o:p></o:p>"
11/2/2018 10:01,11/2/2018 10:03,0,98.200.13.175,100,137,1,11/2/2018 10:03,R_2wvIL0KOTl26mQy,,,,,29.69900513,-95.5861969,anonymous,EN,"1,2,3,4,6","1,2",,1,,2,,1,,1,,2,"1,2,3",,2,,2,2,,3,,2,,1,,"1,3",,"1,2",,,,,,,,,,,,,,,,,,,,,,,,,,,,,,,,,,,,,,,,,,,,,,,,,,,,,,,,,,,,,,,,,,,,,,,,,,,,,,,,,,,,,,,,,,,,,,,,,,,,,,,,,,,,,,,,,,,,,,,,,,,,,,,,,,,,,,,,,,,,,,,,,,,,,,,,,,,,,,,,,,,,,,,,,,,,,,,,,,,,,,,,43224,"<span lang=""EN-GB"">Suppose you have planned to meet a friend next week and you want to put this on your calendar when you are alone at a park<o:p></o:p></span>"
11/2/2018 9:58,11/2/2018 10:06,0,71.176.70.228,100,511,1,11/2/2018 10:06,R_3hEDDs2WtbUCDRB,,,,,43.03540039,-76.12819672,anonymous,EN,"1,2,3,4,5,6",5,,5,,"1,2",,1,,1,,1,5,,5,,1,3,,"1,2",,"2,3",,"1,2",,5,,4,,"1,3,4,5,6","2,3,4",,5,,"2,3",,3,,1,,1,5,,5,,5,,"1,3",,"1,2,3",,5,,"1,2,3",,"1,2",,4,,,,,,,,,,,,,,,,,,,,,,,,,,,,,,,"2,3,4",,"1,3",,"2,3",,3,,"2,3,4",,4,5,,5,,5,,"2,3",,"1,2,3",,"1,2",,"1,2,3",,3,,4,,"1,2,3",,1,,6,,1,,1,,1,"1,2",,5,,5,,"1,2,3",,"1,2,3",,"1,2",,"1,2,3",,5,,4,,2,,5,,3,,3,,6,,1,5,,"1,2",,"1,2",,3,,3,,"1,2",,3,,5,,4,,"2,3,4",,5,,"2,3",,3,,1,,1,5,,5,,5,,1,,"1,2,3",,"1,2",,"1,2,3",,"1,2",,"1,2",,female,34,home maker,3,2,,3,75039,"<span lang=""EN-GB"">Suppose you have planned to meet a friend next week and you want to&nbsp;put this on your calendar </span><span lang=""EN-GB"">when</span><span lang=""EN-GB""> you are surrounded by people you know (e.g., acquaintances, colleagues) at your home.</span><span lang=""EN-GB""><o:p></o:p></span>"
10/26/2018 10:06,10/26/2018 10:08,0,38.83.140.6,78,82,0,11/2/2018 10:08,R_22xJZ8keMW52xgO,,,,,,,anonymous,EN,"1,2,3,6",,,,,,,,,,,,,,,,,,,,,,,,,,,,,,,,,,,,,,,,,,,,,,,,,,,,,,,,,,,,,,,,,,,,,,,,,,,,,,,,,,,,,,,,,,,,,,,,,,,,,,,,,,,,,,,,,,,,,,,,,,,,,,,,,,,,,,,,,,,,,,,,,,,,,,,,,,,,,,,,,,,,,,,,,,,,,,,,,,,,,,,,,,,,,,,,,,,,,,,,,,,,,,,,,,,49320,"<span lang=""EN-GB"">Suppose
     you want to listen to some audio when you are with your close friends in a
     park.<o:p></o:p></span>"
11/2/2018 9:58,11/2/2018 10:08,0,104.129.192.101,100,610,1,11/2/2018 10:08,R_1NytI6yNmYD0wr7,,,,,34.05439758,-118.2440033,anonymous,EN,"1,2,3,4","1,2,4,5",,"1,2,3",,"1,2,3,4",,1,,1,,"1,2,3","1,2,3,4",Firm's policies on retaining my tasks data,"1,2,3",,"1,2,3","1,2,3,4",,"1,2,3",,"1,2,4",,"1,2,3",,"1,2,3,4",how much power consumed by my house,"1,2",,2,,,,,,,,,,,,,,,,,,,,,,,,,,,,,,"1,2,5",,1,,"1,2,3,4,5",It's always with me,1,,1,,"1,2,3","1,2,3",,"1,2,3",,"1,2,3",,"1,2,3,4",,"1,2,3,4",,"1,2",,"1,2,3,4",,"1,2,3",,2,,,,,,,,,,,,,,,,,,,,,,,,,,,,,,,,,,,,,,,,,,,,,,,,,,,,,,,,,,,,,,,,,,,,,,,,,,,,,,,,,,,,,,,,,,,,,,,,,,,,,,,,,,,,,,,,,,,,,,mael,50,government,6,5,,6,45752,"<span lang=""EN-GB"">Suppose you want to control some devices/appliances (e.g., smart lights) when you are at home with people you are close to (e.g., friends, family members)<strong><o:p></o:p></strong></span>"
11/2/2018 10:09,11/2/2018 10:09,0,71.204.61.63,100,8,1,11/2/2018 10:09,R_2uDtFuCU1dYDGQK,,,,,33.769104,-84.33599854,anonymous,EN,1,,,,,,,,,,,,,,,,,,,,,,,,,,,,,,,,,,,,,,,,,,,,,,,,,,,,,,,,,,,,,,,,,,,,,,,,,,,,,,,,,,,,,,,,,,,,,,,,,,,,,,,,,,,,,,,,,,,,,,,,,,,,,,,,,,,,,,,,,,,,,,,,,,,,,,,,,,,,,,,,,,,,,,,,,,,,,,,,,,,,,,,,,,,,,,,,,,,,,,,,,,,,,,,,,,,95744,"<span lang=""EN-GB"">Suppose you want to a send a text message when you are alone at a street.<o:p></o:p></span>"
11/2/2018 10:11,11/2/2018 10:17,0,41.66.233.3,100,361,1,11/2/2018 10:17,R_1IxXZLQPjWmXtvE,,,,,5.550003052,-0.216705322,anonymous,EN,"1,2,3,4,6",1,,"1,2,3",,"1,2,3,4",,1,,1,,"1,2,3","1,2,3",,"1,2,3",,3,"1,2,3,4",,"1,2,3",,6,,"1,2",,"1,2,3",,"1,2",,,,,,,,,,,,,,,,,,,,,,,,,,,,,,,,,,,,,,,,,,,,,,,,,,,,,,,,,,,,,,,,,,,,,,,,,,,,,,,,,,,,,,,,,,,,,,,,,,,,,,,,,,,,,,,,,,,,,,,,,,,,,,,,,,,,,,,,,,,,,,,,,,,,,,,,,,,,,,,,,,,,,,,,,,,,,,,,,,,,,,,,46630,"<span lang=""EN-GB"">Suppose you are on a short vacation alone and you want to take a picture in front&nbsp;</span>of an iconic monument."
10/26/2018 10:17,10/26/2018 10:18,0,75.135.34.206,78,54,0,11/2/2018 10:18,R_3pnlA81XUUXkMa3,,,,,,,anonymous,EN,"1,2,3,4",,,,,,,,,,,,,,,,,,,,,,,,,,,,,,,,,,,,,,,,,,,,,,,,,,,,,,,,,,,,,,,,,,,,,,,,,,,,,,,,,,,,,,,,,,,,,,,,,,,,,,,,,,,,,,,,,,,,,,,,,,,,,,,,,,,,,,,,,,,,,,,,,,,,,,,,,,,,,,,,,,,,,,,,,,,,,,,,,,,,,,,,,,,,,,,,,,,,,,,,,,,,,,,,,,,67633,"<span lang=""EN-GB"">Suppose you want to set up a reminder when you are at a park with close friends.<o:p></o:p></span>"
11/2/2018 10:16,11/2/2018 10:20,0,99.190.204.182,100,258,1,11/2/2018 10:20,R_216ZYrVJXjqe35X,,,,,39.97120667,-86.12449646,anonymous,EN,"1,2,5,6","2,3",,5,,2,,1,,1,,1,"1,2",,"1,2,3",,4,6,,1,,1,,"1,2",,"1,3",,1,,,,,,,,,,,,,,,,,,,,,,,,,,,,,,,,,,,,,,,,,,,,,,,,,,,,,,,,,,,,,,,,,,,,,,,,,,,,,,,,,,,,,,,,,,,,,,,,,,,,,,,,,,,,,,,,,,,,,,,,,,,,,,,,,,,,,,,,,,,,,,,,,,,,,,,,,,,,,,,,,,,,,,,,,,,,,,,,,,,,,,,,42331,"<span lang=""EN-GB"">Suppose you want to read a digital document when you are at Starbucks with people you know (e.g., acquaintances, colleagues).<o:p></o:p></span>"
11/2/2018 10:24,11/2/2018 10:32,0,69.125.99.29,100,489,1,11/2/2018 10:32,R_pi0M5fdUTm5gSE9,,,,,40.80639648,-72.8565979,anonymous,EN,1,,,,,,,,,,,,,,,,,,,,,,,,,,,,,,,,,,,,,,,,,,,,,,,,,,,,,,,,,,,,,,,,,,,,,,,,,,,,,,,,,,,,,,,,,,,,,,,,,,,,,,,,,,,,,,,,,,,,,,,,,,,,,,,,,,,,,,,,,,,,,,,,,,,,,,,,,,,,,,,,,,,,,,,,,,,,,,,,,,,,,,,,,,,,,,,,,,,,,,,,,,,,,,,,,,,14508,"<span lang=""EN-GB"" style=""font-size:11.0pt;line-height:115%;
font-family:&quot;Arial&quot;,sans-serif;mso-fareast-font-family:Arial;mso-ansi-language:
EN-GB;mso-fareast-language:EN-US;mso-bidi-language:AR-SA"">Suppose you want to a
view a text message when you are alone at home</span>"
11/2/2018 10:32,11/2/2018 10:33,0,69.125.99.29,100,38,1,11/2/2018 10:33,R_2Sjj6yNSbPglGP5,,,,,40.80639648,-72.8565979,anonymous,EN,"1,2,3,4","3,4",,2,,"2,3",,1,,"1,2",,"1,2",1,,3,,1,"2,3",,"1,2",,"3,4",,1,,2,,2,,,,,,,,,,,,,,,,,,,,,,,,,,,,,,,,,,,,,,,,,,,,,,,,,,,,,,,,,,,,,,,,,,,,,,,,,,,,,,,,,,,,,,,,,,,,,,,,,,,,,,,,,,,,,,,,,,,,,,,,,,,,,,,,,,,,,,,,,,,,,,,,,,,,,,,,,,,,,,,,,,,,,,,,,,,,,,,,,,,,,,,,12380,"<span lang=""EN-GB"">Suppose
     you want to read a digital document when you are at home with people you
     are close to (e.g., friends, family members).<strong><o:p></o:p></strong></span>"
11/2/2018 10:36,11/2/2018 10:39,0,69.125.99.29,100,172,1,11/2/2018 10:39,R_247U5wfc8r6ReXL,,,,,40.80639648,-72.8565979,anonymous,EN,"1,3,4,5",1,,1,,1,,1,,1,,1,1,,1,,1,1,,1,,"1,2",,1,,1,,2,,1,"1,5",,"1,2",,1,,1,,1,,1,1,,1,,1,,1,,1,,1,,1,,1,,1,,,,,,,,,,,,,,,,,,,,,,,,,,,,,,,,,,,,,,,,,,,,,,,,,,,,,,,,,,,,,,,,,,,,,,,,,,,,,,,,,,,,,,,,,,,,,,,,,,,,,,,,,,,,,,,,,,,,,,,,,,,,,,,,,,,,,,,,,,,,,,,,,,,female,29,sales manager,5,1,,6,60139,"<span lang=""EN-GB"">Suppose
     you want to call your mother for sharing an important update about your
     life when you are alone at Starbucks.<o:p></o:p></span>"
11/2/2018 10:41,11/2/2018 10:41,0,173.18.87.107,100,12,1,11/2/2018 10:41,R_1hXy2Rgx1DysDLS,,,,,41.59300232,-93.85919952,anonymous,EN,"1,2",,,,,,,,,,,,,,,,,,,,,,,,,,,,,,,,,,,,,,,,,,,,,,,,,,,,,,,,,,,,,,,,,,,,,,,,,,,,,,,,,,,,,,,,,,,,,,,,,,,,,,,,,,,,,,,,,,,,,,,,,,,,,,,,,,,,,,,,,,,,,,,,,,,,,,,,,,,,,,,,,,,,,,,,,,,,,,,,,,,,,,,,,,,,,,,,,,,,,,,,,,,,,,,,,,,35940,"<span lang=""EN-GB"">Suppose you want to call your mother for sharing an important
     update about your life when you are surrounded by people you know (e.g.,
     acquaintances, colleagues) at your home.<o:p></o:p></span>"
11/1/2018 16:39,11/2/2018 10:46,0,174.220.15.120,100,65233,1,11/2/2018 10:46,R_yR4FHcarB2dRY7n,,,,,41.61599731,-74.14389801,anonymous,EN,"1,2,3,4,6",7,,3,,"1,2,3",,1,,1,,4,1,,5,,4,"1,3",,"1,2",,6,,"1,2",,5,,4,,"1,3,4",7,,1,,"2,3",,1,,1,,1,5,,5,,5,,6,,3,,1,,3,,1,,4,,,,,,,,,,,,,,,,,,,,,,,,,,,,,,,4,,1,,"2,3",,3,,1,,4,5,,"2,3",,"2,3",,"2,3",,3,,"1,2",,3,,5,,4,,3,,1,,"2,3",,1,,1,,1,5,,5,,5,,"2,3",,"2,3",,"1,2",,"2,3",,5,,4,,,,,,,,,,,,,,,,,,,,,,,,,,,,,,,,,,,,,,,,,,,,,,,,,,,,,,,,,,,,Female,23,Student,3,1,,2,10792,"<span lang=""EN-GB"">Suppose
     you want to read a digital document when you are alone at home.<strong><o:p></o:p></strong></span>"
11/2/2018 10:45,11/2/2018 10:46,0,192.210.132.201,100,65,1,11/2/2018 10:46,R_1H5gh5dwVHwGH0w,,,,,41.10339355,-104.905899,anonymous,EN,"1,2,3,4,5,6",3,,2,,2,,1,,1,,1,3,,2,,1,1,,1,,3,,2,,2,,2,,,,,,,,,,,,,,,,,,,,,,,,,,,,,,,,,,,,,,,,,,,,,,,,,,,,,,,,,,,,,,,,,,,,,,,,,,,,,,,,,,,,,,,,,,,,,,,,,,,,,,,,,,,,,,,,,,,,,,,,,,,,,,,,,,,,,,,,,,,,,,,,,,,,,,,,,,,,,,,,,,,,,,,,,,,,,,,,,,,,,,,,36053,"<span lang=""EN-GB"">Suppose you are alone at home when you realize today is the last day to pay one of your bills online.<o:p></o:p></span>"
11/2/2018 10:49,11/2/2018 10:53,0,73.37.114.204,100,255,1,11/2/2018 10:53,R_12bZiO7qRCwm0I5,,,,,45.5440979,-122.6423035,anonymous,EN,"1,2,3,4,5,6","2,3,5",,"1,2",,"2,3,4",,1,,1,,"2,3","1,2",,"1,2,3",,2,"1,2,3",,2,,"1,2,3",,2,,"1,2,3",,"1,2",,,,,,,,,,,,,,,,,,,,,,,,,,,,,,,,,,,,,,,,,,,,,,,,,,,,,,,,,,,,,,,,,,,,,,,,,,,,,,,,,,,,,,,,,,,,,,,,,,,,,,,,,,,,,,,,,,,,,,,,,,,,,,,,,,,,,,,,,,,,,,,,,,,,,,,,,,,,,,,,,,,,,,,,,,,,,,,,,,,,,,,,1508,"<span lang=""EN-GB"">Suppose you are at a coffee shop, you have just read a book you loved and now&nbsp;</span>you want to write a review for it to share with your close family and friends."
10/26/2018 11:00,10/26/2018 11:01,0,50.192.92.54,78,48,0,11/2/2018 11:01,R_3iWPHVvC6JOKbfe,,,,,,,anonymous,EN,"1,2,3,4,5",,,,,,,,,,,,,,,,,,,,,,,,,,,,,,,,,,,,,,,,,,,,,,,,,,,,,,,,,,,,,,,,,,,,,,,,,,,,,,,,,,,,,,,,,,,,,,,,,,,,,,,,,,,,,,,,,,,,,,,,,,,,,,,,,,,,,,,,,,,,,,,,,,,,,,,,,,,,,,,,,,,,,,,,,,,,,,,,,,,,,,,,,,,,,,,,,,,,,,,,,,,,,,,,,,,12059,"<span lang=""EN-GB"">Suppose you want to browse the internet when you are with people you know (e.g., acquaintances, colleagues) at a park.<o:p></o:p></span>"
10/20/2018 9:28,10/26/2018 11:09,0,75.161.245.144,78,524452,0,11/2/2018 11:09,R_1fZZHBcbhaaVRSb,,,,,,,anonymous,EN,"2,3,4,5",,,,,,,,,,,,,,,,,,,,,,,,,,,,,,,,,,,,,,,,,,,,,,,,,,,,,,,,,,,,,,,,,,,,,,,,,,,,,,,,,,,,,,,,,,,,,,,,,,,,,,,,,,,,,,,,,,,,,,,,,,,,,,,,,,,,,,,,,,,,,,,,,,,,,,,,,,,,,,,,,,,,,,,,,,,,,,,,,,,,,,,,,,,,,,,,,,,,,,,,,,,,,,,,,,,70626,"<span lang=""EN-GB"">Suppose you are at a park with some people you know (e.g., acquaintances, colleagues) when you realize that you have to immediately pay one of your bills online.<o:p></o:p></span>"
11/2/2018 11:10,11/2/2018 11:11,0,208.95.49.163,100,61,1,11/2/2018 11:11,R_1Qu6154BmXjWz0i,,,,,37.38250732,-79.2181015,anonymous,EN,"1,2,3,4,5,6","1,2,5",,"1,2,3",,1,,1,,"1,2,3,4",,"1,2,3","1,2,3",,"1,2,3",,"2,3","1,2,4",,"1,2,3",,"1,2,3",,"1,2,3",,"2,3",,1,,,,,,,,,,,,,,,,,,,,,,,,,,,,,,,,,,,,,,,,,,,,,,,,,,,,,,,,,,,,,,,,,,,,,,,,,,,,,,,,,,,,,,,,,,,,,,,,,,,,,,,,,,,,,,,,,,,,,,,,,,,,,,,,,,,,,,,,,,,,,,,,,,,,,,,,,,,,,,,,,,,,,,,,,,,,,,,,,,,,,,,,41421,"<span lang=""EN-GB"">Suppose you want to browse the internet when you are with your close friends at a park.<o:p></o:p></span>"
11/2/2018 11:11,11/2/2018 11:14,0,148.0.62.123,100,193,1,11/2/2018 11:14,R_DwTLd7LB1X7GXNn,,,,,18.46670532,-69.90000153,anonymous,EN,"1,2,3,6",3,,3,,"3,4",,3,,4,,1,"1,2",,1,,1,2,,3,,1,,2,,1,,1,,,,,,,,,,,,,,,,,,,,,,,,,,,,,,,,,,,,,,,,,,,,,,,,,,,,,,,,,,,,,,,,,,,,,,,,,,,,,,,,,,,,,,,,,,,,,,,,,,,,,,,,,,,,,,,,,,,,,,,,,,,,,,,,,,,,,,,,,,,,,,,,,,,,,,,,,,,,,,,,,,,,,,,,,,,,,,,,,,,,,,,,45823,"<span lang=""EN-GB"">Suppose
     you want to read a digital document when you are alone at home.<strong><o:p></o:p></strong></span>"
11/2/2018 11:16,11/2/2018 11:20,0,75.188.141.50,100,209,1,11/2/2018 11:20,R_26eZA4GhsYQIIo4,,,,,39.94239807,-83.28530121,anonymous,EN,"2,3,4",2,,1,,1,,3,,1,,2,1,,"2,3",,"1,2,3",6,,1,,1,,1,,"1,2",,2,,,,,,,,,,,,,,,,,,,,,,,,,,,,,,,,,,,,,,,,,,,,,,,,,,,,,,,,,,,,,,,,,,,,,,,,,,,,,,,,,,,,,,,,,,,,,,,,,,,,,,,,,,,,,,,,,,,,,,,,,,,,,,,,,,,,,,,,,,,,,,,,,,,,,,,,,,,,,,,,,,,,,,,,,,,,,,,,,,,,,,,,6783,"<span lang=""EN-GB"">Suppose you want to a view a text message when you are alone at a street.<o:p></o:p></span>"
10/26/2018 11:23,10/26/2018 11:25,0,97.92.111.34,78,91,0,11/2/2018 11:25,R_1MXmZwzMzLFMgZj,,,,,,,anonymous,EN,"2,4,6",,,,,,,,,,,,,,,,,,,,,,,,,,,,,,,,,,,,,,,,,,,,,,,,,,,,,,,,,,,,,,,,,,,,,,,,,,,,,,,,,,,,,,,,,,,,,,,,,,,,,,,,,,,,,,,,,,,,,,,,,,,,,,,,,,,,,,,,,,,,,,,,,,,,,,,,,,,,,,,,,,,,,,,,,,,,,,,,,,,,,,,,,,,,,,,,,,,,,,,,,,,,,,,,,,,63506,"<span lang=""EN-GB"">Suppose you have planned to meet a friend next week and you want to&nbsp;put this on your calendar </span><span lang=""EN-GB"">when</span><span lang=""EN-GB""> you are surrounded by people you know (e.g., acquaintances, colleagues) at your home.</span><span lang=""EN-GB""><o:p></o:p></span>"
11/2/2018 11:29,11/2/2018 11:29,0,23.244.246.104,100,13,1,11/2/2018 11:29,R_30vjaOWsmKrwTCT,,,,,32.75889587,-97.32800293,anonymous,EN,4,,,,,,,,,,,,,,,,,,,,,,,,,,,,,,,,,,,,,,,,,,,,,,,,,,,,,,,,,,,,,,,,,,,,,,,,,,,,,,,,,,,,,,,,,,,,,,,,,,,,,,,,,,,,,,,,,,,,,,,,,,,,,,,,,,,,,,,,,,,,,,,,,,,,,,,,,,,,,,,,,,,,,,,,,,,,,,,,,,,,,,,,,,,,,,,,,,,,,,,,,,,,,,,,,,,25462,"<span lang=""EN-GB"">Suppose you are at Starbucks with your close friends and you realize today is the last day to pay one of your bills online.<o:p></o:p></span>"
11/2/2018 11:29,11/2/2018 11:29,0,23.244.246.104,100,29,1,11/2/2018 11:29,R_1rqeSWQa3dVomqi,,,,,32.75889587,-97.32800293,anonymous,EN,2,,,,,,,,,,,,,,,,,,,,,,,,,,,,,,,,,,,,,,,,,,,,,,,,,,,,,,,,,,,,,,,,,,,,,,,,,,,,,,,,,,,,,,,,,,,,,,,,,,,,,,,,,,,,,,,,,,,,,,,,,,,,,,,,,,,,,,,,,,,,,,,,,,,,,,,,,,,,,,,,,,,,,,,,,,,,,,,,,,,,,,,,,,,,,,,,,,,,,,,,,,,,,,,,,,,36093,"<span lang=""EN-GB"">Suppose
     you want to a view a text message
     when you are walking with a very close friend on a street<o:p></o:p></span>"
11/2/2018 11:29,11/2/2018 11:30,0,23.244.246.104,100,10,1,11/2/2018 11:30,R_1PZcvqdFCcJN1m2,,,,,32.75889587,-97.32800293,anonymous,EN,3,,,,,,,,,,,,,,,,,,,,,,,,,,,,,,,,,,,,,,,,,,,,,,,,,,,,,,,,,,,,,,,,,,,,,,,,,,,,,,,,,,,,,,,,,,,,,,,,,,,,,,,,,,,,,,,,,,,,,,,,,,,,,,,,,,,,,,,,,,,,,,,,,,,,,,,,,,,,,,,,,,,,,,,,,,,,,,,,,,,,,,,,,,,,,,,,,,,,,,,,,,,,,,,,,,,912,"<span lang=""EN-GB"">Suppose you have planned to meet a friend next week and you want to put this on your calendar when you are with a very close friend at a restaurant&nbsp;<o:p></o:p></span>"
11/2/2018 11:30,11/2/2018 11:30,0,23.244.246.104,100,14,1,11/2/2018 11:30,R_6P4OEDi6GQ4R7I5,,,,,32.75889587,-97.32800293,anonymous,EN,6,,,,,,,,,,,,,,,,,,,,,,,,,,,,,,,,,,,,,,,,,,,,,,,,,,,,,,,,,,,,,,,,,,,,,,,,,,,,,,,,,,,,,,,,,,,,,,,,,,,,,,,,,,,,,,,,,,,,,,,,,,,,,,,,,,,,,,,,,,,,,,,,,,,,,,,,,,,,,,,,,,,,,,,,,,,,,,,,,,,,,,,,,,,,,,,,,,,,,,,,,,,,,,,,,,,87047,"<span lang=""EN-GB"">Suppose you want to browse the internet when you are at home with people you know (e.g., acquaintances, colleagues).<o:p></o:p></span>"
11/2/2018 11:30,11/2/2018 11:31,0,23.244.246.104,100,47,1,11/2/2018 11:31,R_2rSY6zC3ZYALZG2,,,,,32.75889587,-97.32800293,anonymous,EN,"1,2,3,4,5,6",1,,3,,1,,1,,2,,3,2,,1,,2,1,,2,,1,,2,,2,,1,,,,,,,,,,,,,,,,,,,,,,,,,,,,,,,,,,,,,,,,,,,,,,,,,,,,,,,,,,,,,,,,,,,,,,,,,,,,,,,,,,,,,,,,,,,,,,,,,,,,,,,,,,,,,,,,,,,,,,,,,,,,,,,,,,,,,,,,,,,,,,,,,,,,,,,,,,,,,,,,,,,,,,,,,,,,,,,,,,,,,,,,71902,"Suppose
     you want to call your mother for sharing an important update about your
     life when you are surrounded by people you
     know (e.g., acquaintances, colleagues) at a restaurant.<o:p></o:p>"
10/26/2018 11:33,10/26/2018 11:34,0,108.50.211.110,78,34,0,11/2/2018 11:34,R_1GKvc89LA6BAGEc,,,,,,,anonymous,EN,"1,2,5,6",,,,,,,,,,,,,,,,,,,,,,,,,,,,,,,,,,,,,,,,,,,,,,,,,,,,,,,,,,,,,,,,,,,,,,,,,,,,,,,,,,,,,,,,,,,,,,,,,,,,,,,,,,,,,,,,,,,,,,,,,,,,,,,,,,,,,,,,,,,,,,,,,,,,,,,,,,,,,,,,,,,,,,,,,,,,,,,,,,,,,,,,,,,,,,,,,,,,,,,,,,,,,,,,,,,26437,"<span lang=""EN-GB"">Suppose you have planned to meet a friend next week and you want to put this on your calendar when you are alone at a park<o:p></o:p></span>"
11/2/2018 11:36,11/2/2018 11:36,0,80.187.102.104,100,16,1,11/2/2018 11:36,R_e8tyqaa4kAGp585,,,,,51.21170044,6.807098389,anonymous,EN,"1,2",,,,,,,,,,,,,,,,,,,,,,,,,,,,,,,,,,,,,,,,,,,,,,,,,,,,,,,,,,,,,,,,,,,,,,,,,,,,,,,,,,,,,,,,,,,,,,,,,,,,,,,,,,,,,,,,,,,,,,,,,,,,,,,,,,,,,,,,,,,,,,,,,,,,,,,,,,,,,,,,,,,,,,,,,,,,,,,,,,,,,,,,,,,,,,,,,,,,,,,,,,,,,,,,,,,22130,"<span lang=""EN-GB"">Suppose
     you want to watch some video when you are alone at Starbucks.<o:p></o:p></span>"
11/2/2018 11:40,11/2/2018 11:43,0,68.187.52.154,100,147,1,11/2/2018 11:43,R_Z1TqEqKbGPthJ7j,,,,,34.46980286,-117.1927032,anonymous,EN,"1,2,3,4","1,5",,1,,1,,1,,1,,4,"1,2,3",,"1,2",,"1,2",3,,2,,"1,2,4",,"1,2",,1,,2,,,,,,,,,,,,,,,,,,,,,,,,,,,,,,,,,,,,,,,,,,,,,,,,,,,,,,,,,,,,,,,,,,,,,,,,,,,,,,,,,,,,,,,,,,,,,,,,,,,,,,,,,,,,,,,,,,,,,,,,,,,,,,,,,,,,,,,,,,,,,,,,,,,,,,,,,,,,,,,,,,,,,,,,,,,,,,,,,,,,,,,,82547,"<span lang=""EN-GB"">Suppose
     you want to call your mother for sharing an important update about your
     life when you are with a very close friend at a restaurant&nbsp;<o:p></o:p></span>"
11/2/2018 11:15,11/2/2018 11:44,0,209.95.56.51,100,1773,1,11/2/2018 11:44,R_3mfneIEkcyjcv99,,,,,40.75590515,-111.896698,anonymous,EN,"1,2,6",3,,5,,3,,1,,3,,2,3,,3,,3,4,,3,,3,,3,,3,,2,,,,,,,,,,,,,,,,,,,,,,,,,,,,,,,,,,,,,,,,,,,,,,,,,,,,,,,,,,,,,,,,,,,,,,,,,,,,,,,,,,,,,,,,,,,,,,,,,,,,,,,,,,,,,,,,,,,,,,,,,,,,,,,,,,,,,,,,,,,,,,,,,,,,,,,,,,,,,,,,,,,,,,,,,,,,,,,,,,,,,,,,18143,"<span lang=""EN-GB"">Suppose you want to browse the internet when you are alone at a restaurant.<o:p></o:p></span>"
10/26/2018 11:26,10/26/2018 11:49,0,131.247.56.82,78,1361,0,11/2/2018 11:49,R_2BxqgM4f2VclZMi,,,,,,,anonymous,EN,"1,2,3,4,5,6",,,,,,,,,,,,,,,,,,,,,,,,,,,,,,,,,,,,,,,,,,,,,,,,,,,,,,,,,,,,,,,,,,,,,,,,,,,,,,,,,,,,,,,,,,,,,,,,,,,,,,,,,,,,,,,,,,,,,,,,,,,,,,,,,,,,,,,,,,,,,,,,,,,,,,,,,,,,,,,,,,,,,,,,,,,,,,,,,,,,,,,,,,,,,,,,,,,,,,,,,,,,,,,,,,,83392,"<span lang=""EN-GB"" style=""font-size:11.0pt;line-height:115%;
font-family:&quot;Arial&quot;,sans-serif;mso-fareast-font-family:Arial;mso-ansi-language:
EN-GB;mso-fareast-language:EN-US;mso-bidi-language:AR-SA"">Suppose you want to a
send an email when you are at Starbucks.</span>"
11/2/2018 11:51,11/2/2018 11:54,0,170.185.46.17,100,214,1,11/2/2018 11:54,R_bg9XajRi9KbKT3b,,,,,38.00450134,-85.688797,anonymous,EN,"1,2,3,4",7,,5,,"1,3",,3,,1,,4,"1,2,3",,5,,4,6,,"1,2",,6,,"1,2",,1,,4,,"1,4",7,,5,,6,,1,,1,,4,"1,2,3",,5,,5,,6,,7,,5,,7,,5,,4,,,,,,,,,,,,,,,,,,,,,,,,,,,,,,,,,,,,,,,,,,,,,,,,,,,,,,,,,,,,7,,5,,6,,1,,1,,4,5,,5,,5,,6,,7,,5,,7,,5,,4,,,,,,,,,,,,,,,,,,,,,,,,,,,,,,,,,,,,,,,,,,,,,,,,,,,,,,,,,,,,female,44,teacher,6,1,,4,74062,"<span lang=""EN-GB"">Suppose you want to read a digital document when you are in a park with people you know (e.g., acquaintances, colleagues).<o:p></o:p></span>"
11/2/2018 11:56,11/2/2018 12:04,0,184.16.252.211,100,510,1,11/2/2018 12:04,R_1FPAukzDhZSDRxp,,,,,41.13710022,-85.0684967,anonymous,EN,"1,2,5,6","1,2,5",,3,,1,,3,,1,,1,"1,2",,"1,2,3",,1,"1,2,4",,"1,2",,"2,3,4",,"1,2",,"1,2",,2,,1,2,,1,,1,,1,,2,,4,5,,5,,5,,3,,7,,2,,7,,1,,2,,,,,,,,,,,,,,,,,,,,,,,,,,,,,,,,,,,,,,,,,,,,,,,,,,,,,,,,,,,,,,,,,,,,,,,,,,,,,,,,,,,,,,,,,,,,,,,,,,,,,,,,,,,,,,,,,,,,,,,,,,,,,,,,,,,,,,,,,,,,,,,,,,,female,36,childcare,4,1,,3,72049,"<span lang=""EN-GB"">Suppose
     you want to watch some video when
     you are at home with people you are close to (e.g., friends, family
     members)<strong><o:p></o:p></strong></span>"
11/2/2018 10:46,11/2/2018 12:06,0,71.176.70.228,100,4800,1,11/2/2018 12:06,R_1kH0mdQ6ixsxXsJ,,,,,43.03540039,-76.12819672,anonymous,EN,"1,2,3,4,5,6","2,4",,3,,2,,3,,1,,1,1,,2,,1,2,,"1,2",,3,,"1,2",,1,,4,,"1,4",7,,5,,"1,2",,3,,1,,"1,2",5,,5,,5,,"2,3",,"2,3",,5,,"2,3",,5,,4,,,,,,,,,,,,,,,,,,,,,,,,,,,,,,,,,,,,,,,,,,,,,,,,,,,,,,,,,,,,"2,3",,5,,2,,1,,1,,1,"1,3",,5,,5,,"2,3",,"2,3",,"1,2",,"2,3",,5,,1,,,,,,,,,,,,,,,,,,,,,,,,,,,,,,,,,,,,,,,,,,,,,,,,,,,,,,,,,,,,Female,45,Fashion designer,4,1,,4,46746,"<span lang=""EN-GB"">Suppose
     you are at starbucks and you realize today is the last day to pay one of
     your bills online.<o:p></o:p></span>"
11/2/2018 12:14,11/2/2018 12:16,0,50.227.47.114,100,126,1,11/2/2018 12:16,R_3s5nganTEqELjlC,,,,,40.44059753,-79.99590302,anonymous,EN,"1,2,3,4",2,,5,,6,,3,,6,,4,5,,5,,4,6,,5,,7,,5,,5,,4,,2,,,,,,,,,,,,,,,,,,,,,,,,,,,,,,7,,5,,6,,3,,6,,4,5,,5,,5,,6,,7,,5,,7,,5,,4,,,,,,,,,,,,,,,,,,,,,,,,,,,,,,,,,,,,,,,,,,,,,,,,,,,,,,,,,,,,,,,,,,,,,,,,,,,,,,,,,,,,,,,,,,,,,,,,,,,,,,,,,,,,,,,,,,,,,,female,36,fulltime ticketseller,6,1,,4,95374,"<span lang=""EN-GB"" style=""font-size:11.0pt;line-height:115%;
font-family:&quot;Arial&quot;,sans-serif;mso-fareast-font-family:Arial;mso-ansi-language:
EN-GB;mso-fareast-language:EN-US;mso-bidi-language:AR-SA"">Suppose you want to a
view a text message when you are alone at home</span>"
10/26/2018 12:21,10/26/2018 12:22,0,74.254.158.207,78,31,0,11/2/2018 12:22,R_ClQJUXeA4I1L0Cl,,,,,,,anonymous,EN,"1,2,3,4",,,,,,,,,,,,,,,,,,,,,,,,,,,,,,,,,,,,,,,,,,,,,,,,,,,,,,,,,,,,,,,,,,,,,,,,,,,,,,,,,,,,,,,,,,,,,,,,,,,,,,,,,,,,,,,,,,,,,,,,,,,,,,,,,,,,,,,,,,,,,,,,,,,,,,,,,,,,,,,,,,,,,,,,,,,,,,,,,,,,,,,,,,,,,,,,,,,,,,,,,,,,,,,,,,,84151,"<span lang=""EN-GB"">Suppose you want to a send an email when you are surrounded with people you are close to (e.g., friends, family members) at your home.<strong><o:p></o:p></strong></span>"
11/2/2018 12:28,11/2/2018 12:33,0,107.12.152.238,100,321,1,11/2/2018 12:33,R_3Kv8F8UT5jG6DhZ,,,,,34.77400208,-77.37809753,anonymous,EN,"1,2,4,6","2,4,5",,3,,2,,3,,1,,3,"2,3",,"2,3",,"2,3",3,,2,,"1,3",,2,,2,,"1,2",,,,,,,,,,,,,,,,,,,,,,,,,,,,,,,,,,,,,,,,,,,,,,,,,,,,,,,,,,,,,,,,,,,,,,,,,,,,,,,,,,,,,,,,,,,,,,,,,,,,,,,,,,,,,,,,,,,,,,,,,,,,,,,,,,,,,,,,,,,,,,,,,,,,,,,,,,,,,,,,,,,,,,,,,,,,,,,,,,,,,,,,15258,"<span lang=""EN-GB"">Suppose you want to set up a reminder about something when you are at Starbucks with close friends.<o:p></o:p></span>"
11/2/2018 12:35,11/2/2018 12:36,0,71.46.242.92,100,40,1,11/2/2018 12:36,R_2A1dZZJ3u4qev9r,,,,,28.55589294,-81.35350037,anonymous,EN,"1,2,3,4,5,6",3,,2,,6,,1,,3,,2,1,,2,,4,3,,2,,"1,2",,1,,3,,2,,,,,,,,,,,,,,,,,,,,,,,,,,,,,,,,,,,,,,,,,,,,,,,,,,,,,,,,,,,,,,,,,,,,,,,,,,,,,,,,,,,,,,,,,,,,,,,,,,,,,,,,,,,,,,,,,,,,,,,,,,,,,,,,,,,,,,,,,,,,,,,,,,,,,,,,,,,,,,,,,,,,,,,,,,,,,,,,,,,,,,,,58700,"<span lang=""EN-GB"">Suppose
     you want to read a digital document) when you are at home with people you
     know (e.g., acquaintances, colleagues).<o:p></o:p></span>"
11/2/2018 12:40,11/2/2018 12:40,0,66.78.41.242,100,21,1,11/2/2018 12:40,R_qO6KC4Yj4kpCMGl,,,,,43.63220215,-116.2052002,anonymous,EN,3,,,,,,,,,,,,,,,,,,,,,,,,,,,,,,,,,,,,,,,,,,,,,,,,,,,,,,,,,,,,,,,,,,,,,,,,,,,,,,,,,,,,,,,,,,,,,,,,,,,,,,,,,,,,,,,,,,,,,,,,,,,,,,,,,,,,,,,,,,,,,,,,,,,,,,,,,,,,,,,,,,,,,,,,,,,,,,,,,,,,,,,,,,,,,,,,,,,,,,,,,,,,,,,,,,,2904,"<span lang=""EN-GB"">Suppose you are at your gym and you want to track the amount of calories&nbsp;</span>you have burnt your workout.&nbsp;"
11/2/2018 12:41,11/2/2018 12:41,0,66.78.41.242,100,9,1,11/2/2018 12:41,R_22ojMbucTp2F2SP,,,,,43.63220215,-116.2052002,anonymous,EN,1,,,,,,,,,,,,,,,,,,,,,,,,,,,,,,,,,,,,,,,,,,,,,,,,,,,,,,,,,,,,,,,,,,,,,,,,,,,,,,,,,,,,,,,,,,,,,,,,,,,,,,,,,,,,,,,,,,,,,,,,,,,,,,,,,,,,,,,,,,,,,,,,,,,,,,,,,,,,,,,,,,,,,,,,,,,,,,,,,,,,,,,,,,,,,,,,,,,,,,,,,,,,,,,,,,,13050,"<span lang=""EN-GB"">Suppose
     you want to set up a reminder about something when you are at Starbucks by
     yourself.<o:p></o:p></span>"
11/2/2018 12:41,11/2/2018 12:41,0,66.78.41.242,100,17,1,11/2/2018 12:41,R_9mfNVkICWlQN1nP,,,,,43.63220215,-116.2052002,anonymous,EN,3,,,,,,,,,,,,,,,,,,,,,,,,,,,,,,,,,,,,,,,,,,,,,,,,,,,,,,,,,,,,,,,,,,,,,,,,,,,,,,,,,,,,,,,,,,,,,,,,,,,,,,,,,,,,,,,,,,,,,,,,,,,,,,,,,,,,,,,,,,,,,,,,,,,,,,,,,,,,,,,,,,,,,,,,,,,,,,,,,,,,,,,,,,,,,,,,,,,,,,,,,,,,,,,,,,,9607,"<span lang=""EN-GB"">Suppose it is a regular working day, you want to track the total amount of calories&nbsp;</span>you consume and burn off during the day.&nbsp;"
11/2/2018 12:41,11/2/2018 12:46,0,66.78.41.242,100,266,1,11/2/2018 12:46,R_1IFvPhTkl489sEH,,,,,43.63220215,-116.2052002,anonymous,EN,"1,4,5",2,,2,,3,,1,,2,,2,2,,2,,2,1,,1,,2,,1,,3,,1,,1,4,,1,,2,,1,,1,,3,2,,1,,3,,3,,"1,2",,1,,2,,1,,1,,,,,,,,,,,,,,,,,,,,,,,,,,,,,,,,,,,,,,,,,,,,,,,,,,,,,,,,,,,,,,,,,,,,,,,,,,,,,,,,,,,,,,,,,,,,,,,,,,,,,,,,,,,,,,,,,,,,,,,,,,,,,,,,,,,,,,,,,,,,,,,,,,,,,,,,,,23667,"<span lang=""EN-GB"">Suppose you want to watch some video when you are alone at your home.<strong><o:p></o:p></strong></span>"
11/2/2018 10:07,11/2/2018 12:46,0,71.176.70.228,100,9572,1,11/2/2018 12:46,R_rp52zrfNM99u717,,,,,43.03540039,-76.12819672,anonymous,EN,"1,2,3,4,5",3,,2,,"2,3",,3,,1,,1,5,,5,,1,3,,"1,2",,3,,"1,2",,5,,4,,"1,2,4","2,4",,5,,"1,3",,1,,1,,1,3,,5,,5,,"2,3",,"2,3",,"1,2",,"2,3",,"1,2",,1,,"2,5",,5,,1,,3,,1,,1,5,,5,,5,,"1,3",,3,,2,,3,,1,,4,,,,,,,,,,,,,,,,,,,,,,,,,,,,,,,"2,3",,1,,3,,3,,1,,1,5,,5,,5,,3,,3,,"1,2",,3,,5,,4,,,,,,,,,,,,,,,,,,,,,,,,,,,,,,,,,,,,,,,,,,,,,,,,,,,,,,,,,,,,female,60,retired,4,3,,4,25434,"<span lang=""EN-GB"">Suppose
     you want to listen to some audio when you are with people you know (e.g.,
     acquaintances, colleagues) in a park.<o:p></o:p></span>


<p><span lang=""EN-GB"" style=""color:red"">&nbsp;</span></p>"
11/2/2018 12:51,11/2/2018 12:51,0,104.151.174.16,100,16,1,11/2/2018 12:51,R_1f2eIFlBSqZxByB,,,,,43.66059875,-70.2589035,anonymous,EN,2,,,,,,,,,,,,,,,,,,,,,,,,,,,,,,,,,,,,,,,,,,,,,,,,,,,,,,,,,,,,,,,,,,,,,,,,,,,,,,,,,,,,,,,,,,,,,,,,,,,,,,,,,,,,,,,,,,,,,,,,,,,,,,,,,,,,,,,,,,,,,,,,,,,,,,,,,,,,,,,,,,,,,,,,,,,,,,,,,,,,,,,,,,,,,,,,,,,,,,,,,,,,,,,,,,,23304,"<span lang=""EN-GB"">Suppose
     you want to read a digital document when you are at Starbucks.<o:p></o:p></span>"
11/2/2018 12:52,11/2/2018 12:52,0,104.151.174.16,100,20,1,11/2/2018 12:52,R_306Otd1BRMwIiqK,,,,,43.66059875,-70.2589035,anonymous,EN,1,,,,,,,,,,,,,,,,,,,,,,,,,,,,,,,,,,,,,,,,,,,,,,,,,,,,,,,,,,,,,,,,,,,,,,,,,,,,,,,,,,,,,,,,,,,,,,,,,,,,,,,,,,,,,,,,,,,,,,,,,,,,,,,,,,,,,,,,,,,,,,,,,,,,,,,,,,,,,,,,,,,,,,,,,,,,,,,,,,,,,,,,,,,,,,,,,,,,,,,,,,,,,,,,,,,30096,"<span lang=""EN-GB"">Suppose
     you want to a view a text message when you are surrounded by people you
     know (e.g., acquaintances, colleagues) at a restaurant.<o:p></o:p></span>"
11/2/2018 12:53,11/2/2018 12:53,0,104.151.174.16,100,9,1,11/2/2018 12:53,R_RaZSeS1APUXj2et,,,,,43.66059875,-70.2589035,anonymous,EN,4,,,,,,,,,,,,,,,,,,,,,,,,,,,,,,,,,,,,,,,,,,,,,,,,,,,,,,,,,,,,,,,,,,,,,,,,,,,,,,,,,,,,,,,,,,,,,,,,,,,,,,,,,,,,,,,,,,,,,,,,,,,,,,,,,,,,,,,,,,,,,,,,,,,,,,,,,,,,,,,,,,,,,,,,,,,,,,,,,,,,,,,,,,,,,,,,,,,,,,,,,,,,,,,,,,,68770,"<span lang=""EN-GB"" style=""font-size:11.0pt;line-height:115%;
font-family:&quot;Arial&quot;,sans-serif;mso-fareast-font-family:Arial;mso-ansi-language:
EN-GB;mso-fareast-language:EN-US;mso-bidi-language:AR-SA"">Suppose you want to browse the internet when you are alone at your home.</span>"
11/2/2018 12:53,11/2/2018 12:53,0,104.151.174.16,100,12,1,11/2/2018 12:53,R_1GV1Pt2809z8aEn,,,,,43.66059875,-70.2589035,anonymous,EN,5,,,,,,,,,,,,,,,,,,,,,,,,,,,,,,,,,,,,,,,,,,,,,,,,,,,,,,,,,,,,,,,,,,,,,,,,,,,,,,,,,,,,,,,,,,,,,,,,,,,,,,,,,,,,,,,,,,,,,,,,,,,,,,,,,,,,,,,,,,,,,,,,,,,,,,,,,,,,,,,,,,,,,,,,,,,,,,,,,,,,,,,,,,,,,,,,,,,,,,,,,,,,,,,,,,,16608,"<span lang=""EN-GB"">Suppose
     you want to listen to some audio when you are alone at Starbucks.<o:p></o:p></span>"
11/2/2018 12:53,11/2/2018 12:53,0,104.151.174.16,100,9,1,11/2/2018 12:53,R_3fvCGGIEni0pHS5,,,,,43.66059875,-70.2589035,anonymous,EN,1,,,,,,,,,,,,,,,,,,,,,,,,,,,,,,,,,,,,,,,,,,,,,,,,,,,,,,,,,,,,,,,,,,,,,,,,,,,,,,,,,,,,,,,,,,,,,,,,,,,,,,,,,,,,,,,,,,,,,,,,,,,,,,,,,,,,,,,,,,,,,,,,,,,,,,,,,,,,,,,,,,,,,,,,,,,,,,,,,,,,,,,,,,,,,,,,,,,,,,,,,,,,,,,,,,,15240,"<span lang=""EN-GB"">Suppose you want to browse the internet when you are with people you know (e.g., acquaintances, colleagues) at a restaurant.<o:p></o:p></span>"
11/2/2018 12:53,11/2/2018 12:54,0,104.151.174.16,100,16,1,11/2/2018 12:54,R_31mykVRaNA1Solx,,,,,43.66059875,-70.2589035,anonymous,EN,6,,,,,,,,,,,,,,,,,,,,,,,,,,,,,,,,,,,,,,,,,,,,,,,,,,,,,,,,,,,,,,,,,,,,,,,,,,,,,,,,,,,,,,,,,,,,,,,,,,,,,,,,,,,,,,,,,,,,,,,,,,,,,,,,,,,,,,,,,,,,,,,,,,,,,,,,,,,,,,,,,,,,,,,,,,,,,,,,,,,,,,,,,,,,,,,,,,,,,,,,,,,,,,,,,,,59032,"<span lang=""EN-GB"">Suppose
     you want to watch some video when you are with people you know (e.g.,
     acquaintances, colleagues) in a park.<o:p></o:p></span>"
11/2/2018 12:54,11/2/2018 12:54,0,104.151.174.16,100,14,1,11/2/2018 12:54,R_3fHGLVHLaFX5pua,,,,,43.66059875,-70.2589035,anonymous,EN,1,,,,,,,,,,,,,,,,,,,,,,,,,,,,,,,,,,,,,,,,,,,,,,,,,,,,,,,,,,,,,,,,,,,,,,,,,,,,,,,,,,,,,,,,,,,,,,,,,,,,,,,,,,,,,,,,,,,,,,,,,,,,,,,,,,,,,,,,,,,,,,,,,,,,,,,,,,,,,,,,,,,,,,,,,,,,,,,,,,,,,,,,,,,,,,,,,,,,,,,,,,,,,,,,,,,34449,"<span lang=""EN-GB"">Suppose you want to a send a text message when you are surrounded with people you are close to (e.g., friends, family members) at your home.<strong><o:p></o:p></strong></span>"
11/2/2018 12:59,11/2/2018 13:02,0,71.176.70.228,100,191,1,11/2/2018 13:02,R_294SGSTouXD4yAM,,,,,43.03540039,-76.12819672,anonymous,EN,"1,2,3,4,5,6",2,,1,,"2,3",,3,,1,,1,5,,2,,1,"1,3",,"1,2",,"2,3",,"1,2",,5,,4,,"1,4",4,,5,,3,,3,,1,,"1,3",5,,5,,5,,"1,3",,"2,3",,5,,"2,3",,"1,3",,4,,,,,,,,,,,,,,,,,,,,,,,,,,,,,,,,,,,,,,,,,,,,,,,,,,,,,,,,,,,,2,,3,,3,,3,,1,,4,2,,5,,5,,"1,3",,"2,3",,"1,2",,"2,3",,5,,4,,,,,,,,,,,,,,,,,,,,,,,,,,,,,,,,,,,,,,,,,,,,,,,,,,,,,,,,,,,,agender,34,cleaner,3,1,,2,33126,"<span lang=""EN-GB"">Suppose
     you are at a park and you realize today is the last day to pay one of your
     bills online.<o:p></o:p></span>"
11/2/2018 13:03,11/2/2018 13:07,0,71.176.70.228,100,233,1,11/2/2018 13:07,R_2xYnJC0jmtgaiM9,,,,,43.03540039,-76.12819672,anonymous,EN,"1,2,4","1,2",,5,,"2,3",,3,,1,,3,2,,5,,3,3,,"1,2",,3,,"1,2",,"1,3",,1,,"2,4",,,,,,,,,,,,,,,,,,,,,,,,,,,,,,2,,1,,"2,3",,3,,1,,4,5,,5,,5,,3,,"2,3",,"1,2",,"2,3",,"1,3",,4,,,,,,,,,,,,,,,,,,,,,,,,,,,,,,,2,,5,,3,,1,,1,,3,"2,3",,5,,5,,"1,3",,"2,3",,5,,"2,3",,5,,"1,2",,,,,,,,,,,,,,,,,,,,,,,,,,,,,,,,,,,,,,,,,,,,,,,,,,,,,,,,,,,,male,40,technical support,4,1,,3,62484,"<span lang=""EN-GB"">Suppose you are on a short vacation and you want to take a picture in front&nbsp;</span>of an iconic monument when you are surrounded by many people."
11/2/2018 13:16,11/2/2018 13:23,0,71.176.70.228,100,381,1,11/2/2018 13:23,R_UcBU8bEeMy2IQNP,,,,,43.03540039,-76.12819672,anonymous,EN,"1,2,3,4",7,,1,,6,,1,,1,,"1,2","1,2",,5,,"1,2",3,,"1,2",,2,,"1,2",,5,,4,,"1,4","2,4",,1,,3,,3,,1,,4,5,,5,,5,,3,,"2,3",,2,,"2,3",,1,,4,,,,,,,,,,,,,,,,,,,,,,,,,,,,,,,,,,,,,,,,,,,,,,,,,,,,,,,,,,,,"2,3",,3,,6,,1,,1,,"1,2",5,,5,,5,,3,,3,,"1,2",,3,,"1,3",,4,,,,,,,,,,,,,,,,,,,,,,,,,,,,,,,,,,,,,,,,,,,,,,,,,,,,,,,,,,,,Female,23,student,3,2,,2,93881,"<span lang=""EN-GB"">Suppose you want to watch some video when you are with your close friends at Starbucks.<o:p></o:p></span>"
11/2/2018 13:34,11/2/2018 13:34,0,174.97.245.118,100,37,1,11/2/2018 13:34,R_2dzsM0V9FeaDF7P,,,,,39.40699768,-87.40200043,anonymous,EN,1,,,,,,,,,,,,,,,,,,,,,,,,,,,,,,,,,,,,,,,,,,,,,,,,,,,,,,,,,,,,,,,,,,,,,,,,,,,,,,,,,,,,,,,,,,,,,,,,,,,,,,,,,,,,,,,,,,,,,,,,,,,,,,,,,,,,,,,,,,,,,,,,,,,,,,,,,,,,,,,,,,,,,,,,,,,,,,,,,,,,,,,,,,,,,,,,,,,,,,,,,,,,,,,,,,,84567,"<span lang=""EN-GB"">Suppose
     you want to a view a text message when you are alone at Starbucks.<o:p></o:p></span>"
11/2/2018 13:31,11/2/2018 13:35,0,71.176.70.228,100,244,1,11/2/2018 13:35,R_3EZohN022rUWH7S,,,,,43.03540039,-76.12819672,anonymous,EN,"1,2,3,4,5,6",7,,2,,"2,3",,3,,1,,1,5,,"2,3",,1,"1,3",,"1,2",,"2,3,4",,"1,2",,2,,"1,2",,"4,6",,,,,,,,,,,,,,,,,,,,,,,,,,,,,,,,,,,,,,,,,,,,,,,,,,,,,,,,,,,,,,,,,,,,,,,,,,,,,,,,,,,,,,,,"2,3",,1,,"1,2,3",,3,,1,,1,5,,5,,5,,3,,3,,"1,2",,3,,5,,1,,,,,,,,,,,,,,,,,,,,,,,,,,,,,,,"2,3",,5,,6,,3,,1,,1,5,,5,,5,,"2,3",,"2,3",,"1,2",,"2,3",,5,,4,,female,37,realtor,6,5,,4,17836,"<span lang=""EN-GB"">Suppose you want to browse internet when you are with your close friends at a restaurant.<o:p></o:p></span>"
11/2/2018 13:35,11/2/2018 13:38,0,71.176.70.228,100,177,1,11/2/2018 13:38,R_278nFnxLDHjq9hA,,,,,43.03540039,-76.12819672,anonymous,EN,"1,2,3,4,5,6","2,3",,1,,3,,1,,1,,1,5,,2,,1,6,,"1,2",,"2,3",,"1,2",,5,,4,,"2,6",,,,,,,,,,,,,,,,,,,,,,,,,,,,,,"1,2",,3,,2,,1,,1,,4,"1,3",,2,,2,,3,,"2,3",,1,,"2,3",,1,,1,,,,,,,,,,,,,,,,,,,,,,,,,,,,,,,,,,,,,,,,,,,,,,,,,,,,,,,,,,,,,,,,,,,,,,,,,,,,,,,,,,,,,,,,,"1,2",,1,,3,,1,,1,,1,3,,5,,5,,1,,"1,2",,2,,"1,2",,1,,1,,male,40,real estate agent,5,2,,3,85771,"<span lang=""EN-GB"">Suppose
     you want to call your mother for sharing an important update about your
     life when you are alone at Starbucks.<o:p></o:p></span>"
11/2/2018 13:40,11/2/2018 13:40,0,66.78.41.33,100,11,1,11/2/2018 13:40,R_3fBGUei2yJG4UHt,,,,,43.63220215,-116.2052002,anonymous,EN,"1,3",,,,,,,,,,,,,,,,,,,,,,,,,,,,,,,,,,,,,,,,,,,,,,,,,,,,,,,,,,,,,,,,,,,,,,,,,,,,,,,,,,,,,,,,,,,,,,,,,,,,,,,,,,,,,,,,,,,,,,,,,,,,,,,,,,,,,,,,,,,,,,,,,,,,,,,,,,,,,,,,,,,,,,,,,,,,,,,,,,,,,,,,,,,,,,,,,,,,,,,,,,,,,,,,,,,16423,"<span lang=""EN-GB"">Suppose
     you want to take a click a photo when you are with people you are close to
     (e.g., friends, family members) at home<o:p></o:p></span>"
11/2/2018 13:41,11/2/2018 13:41,0,66.78.41.33,100,11,1,11/2/2018 13:41,R_2CKt8LGmtOgzXhf,,,,,43.63220215,-116.2052002,anonymous,EN,1,,,,,,,,,,,,,,,,,,,,,,,,,,,,,,,,,,,,,,,,,,,,,,,,,,,,,,,,,,,,,,,,,,,,,,,,,,,,,,,,,,,,,,,,,,,,,,,,,,,,,,,,,,,,,,,,,,,,,,,,,,,,,,,,,,,,,,,,,,,,,,,,,,,,,,,,,,,,,,,,,,,,,,,,,,,,,,,,,,,,,,,,,,,,,,,,,,,,,,,,,,,,,,,,,,,2812,"<span lang=""EN-GB"">Suppose you have planned to meet a friend next week and you want to put this on your calendar when you are surrounded by people you know (e.g., acquaintances, colleagues) at a restaurant.<o:p></o:p></span>"
11/2/2018 13:41,11/2/2018 13:41,0,66.78.41.33,100,9,1,11/2/2018 13:41,R_3j7q4eavXUJdTmW,,,,,43.63220215,-116.2052002,anonymous,EN,3,,,,,,,,,,,,,,,,,,,,,,,,,,,,,,,,,,,,,,,,,,,,,,,,,,,,,,,,,,,,,,,,,,,,,,,,,,,,,,,,,,,,,,,,,,,,,,,,,,,,,,,,,,,,,,,,,,,,,,,,,,,,,,,,,,,,,,,,,,,,,,,,,,,,,,,,,,,,,,,,,,,,,,,,,,,,,,,,,,,,,,,,,,,,,,,,,,,,,,,,,,,,,,,,,,,64511,"<span lang=""EN-GB"">Suppose you want to take a click a photo when you are with your close friends&nbsp;</span>and family members at Starbucks"
11/2/2018 13:38,11/2/2018 13:45,0,71.176.70.228,100,400,1,11/2/2018 13:45,R_2Vev19WKRu5kuKc,,,,,43.03540039,-76.12819672,anonymous,EN,"1,2,3,4,5,6","1,2",,5,,6,,3,,1,,3,"2,3",,5,,3,"1,3",,"1,2",,3,,"1,2",,5,,4,,4,,,,,,,,,,,,,,,,,,,,,,,,,,,,,,,,,,,,,,,,,,,,,,,,,,,,,,,,,,,,,,,,,,,,,,,,,,,,,,,,,,,,,,,,2,,5,,"2,3",,3,,1,,1,1,,5,,5,,"1,2,3",,"2,3",,5,,"2,3",,5,,4,,,,,,,,,,,,,,,,,,,,,,,,,,,,,,,,,,,,,,,,,,,,,,,,,,,,,,,,,,,,Male,34,teacher,4,1,,3,37562,"<span lang=""EN-GB"">Suppose you are at a park with some people you know (e.g., acquaintances, colleagues) when you realize that you have to immediately pay one of your bills online.<o:p></o:p></span>"
10/26/2018 13:24,10/26/2018 13:50,0,104.193.28.16,1,1582,0,11/2/2018 13:50,R_3oUfYv4OrJn77rs,,,,,,,anonymous,EN,"2,3,5",,,,,,,,,,,,,,,,,,,,,,,,,,,,,,,,,,,,,,,,,,,,,,,,,,,,,,,,,,,,,,,,,,,,,,,,,,,,,,,,,,,,,,,,,,,,,,,,,,,,,,,,,,,,,,,,,,,,,,,,,,,,,,,,,,,,,,,,,,,,,,,,,,,,,,,,,,,,,,,,,,,,,,,,,,,,,,,,,,,,,,,,,,,,,,,,,,,,,,,,,,,,,,,,,,,87603,"<span lang=""EN-GB"">Suppose you are alone at home when you realize today is the last day to pay one of your bills online.<o:p></o:p></span>"
11/2/2018 13:51,11/2/2018 13:52,0,174.134.172.41,100,74,1,11/2/2018 13:52,R_3nw2Urde0BcVt6b,,,,,35.33959961,-119.0218048,anonymous,EN,"1,2,3,4",3,,3,,3,,1,,3,,4,"2,3",,1,,3,3,,2,,4,,3,,1,,1,,,,,,,,,,,,,,,,,,,,,,,,,,,,,,,,,,,,,,,,,,,,,,,,,,,,,,,,,,,,,,,,,,,,,,,,,,,,,,,,,,,,,,,,,,,,,,,,,,,,,,,,,,,,,,,,,,,,,,,,,,,,,,,,,,,,,,,,,,,,,,,,,,,,,,,,,,,,,,,,,,,,,,,,,,,,,,,,,,,,,,,,35929,"<span id=""docs-internal-guid-5a7e3441-7fff-9d1f-10e6-454a1d940975""><span style=""font-size: 11pt; font-family: Arial; color: rgb(0, 0, 0); background-color: transparent; font-variant-numeric: normal; font-variant-east-asian: normal; vertical-align: baseline; white-space: pre-wrap;"">Suppose you want to call your mother for sharing an important update about your life &nbsp;when you are alone at home</span><br> <br><br></span>"
11/2/2018 13:55,11/2/2018 13:55,0,107.178.131.110,100,11,1,11/2/2018 13:55,R_3MhcZEoaHemj9JD,,,,,37.75100708,-97.8219986,anonymous,EN,3,,,,,,,,,,,,,,,,,,,,,,,,,,,,,,,,,,,,,,,,,,,,,,,,,,,,,,,,,,,,,,,,,,,,,,,,,,,,,,,,,,,,,,,,,,,,,,,,,,,,,,,,,,,,,,,,,,,,,,,,,,,,,,,,,,,,,,,,,,,,,,,,,,,,,,,,,,,,,,,,,,,,,,,,,,,,,,,,,,,,,,,,,,,,,,,,,,,,,,,,,,,,,,,,,,,23134,"<span style=""color: rgb(0, 0, 0); font-family: Times; font-size: 16px;"">Suppose you want control some devices/appliances (e.g., smart lights) when you are with people you know (e.g., acquaintances, colleagues).</span>"
11/2/2018 13:50,11/2/2018 13:57,0,147.133.175.91,100,419,1,11/2/2018 13:57,R_3gR6ZOx937aynmv,,,,,38.19900513,-83.44360352,anonymous,EN,"1,2,3","1,2",,"1,3",,"1,3",,1,,1,,1,"1,2,3",,"2,3",,3,"1,3,4",,"2,3",,"1,2",,"1,2",,1,,2,,,,,,,,,,,,,,,,,,,,,,,,,,,,,,,,,,,,,,,,,,,,,,,,,,,,,,,,,,,,,,,,,,,,,,,,,,,,,,,,,,,,,,,,,,,,,,,,,,,,,,,,,,,,,,,,,,,,,,,,,,,,,,,,,,,,,,,,,,,,,,,,,,,,,,,,,,,,,,,,,,,,,,,,,,,,,,,,,,,,,,,,89696,"<span lang=""EN-GB"">Suppose you want to browse the internet when you are at home with people you are close to (e.g., friends, family members)<strong><o:p></o:p></strong></span>"
11/2/2018 14:02,11/2/2018 14:03,0,162.248.134.222,100,24,1,11/2/2018 14:03,R_1IYHPQqgMkl3fuQ,,,,,37.75100708,-97.8219986,anonymous,EN,"2,3",,,,,,,,,,,,,,,,,,,,,,,,,,,,,,,,,,,,,,,,,,,,,,,,,,,,,,,,,,,,,,,,,,,,,,,,,,,,,,,,,,,,,,,,,,,,,,,,,,,,,,,,,,,,,,,,,,,,,,,,,,,,,,,,,,,,,,,,,,,,,,,,,,,,,,,,,,,,,,,,,,,,,,,,,,,,,,,,,,,,,,,,,,,,,,,,,,,,,,,,,,,,,,,,,,,72405,"<span lang=""EN-GB"">Suppose
     you want to listen to some audio when you are with people you know (e.g.,
     acquaintances, colleagues) in a park.<o:p></o:p></span>


<p><span lang=""EN-GB"" style=""color:red"">&nbsp;</span></p>"
11/2/2018 13:57,11/2/2018 14:04,0,75.137.101.161,100,407,1,11/2/2018 14:04,R_Wlhc9RJZO0bhwnD,,,,,34.92449951,-82.31970215,anonymous,EN,"1,2,4,5","1,2,5",,1,,"1,2,3,4",,1,,1,,3,"1,2",,2,,3,"1,2,3,4",,"2,3",,6,,"2,3",,5,,4,,5,,,,,,,,,,,,,,,,,,,,,,,,,,,,,,,,,,,,,,,,,,,,,,,,,,,,,,,,,,,,,,,,,,,,,,,,,,,,,,,,,,,,,,,,,,,,,,,,,,,,,,,,,,,,,,,,,,,,,1,,5,,4,,1,,1,,3,"1,2,3",,1,,1,,4,,2,,3,,2,,5,,4,,,,,,,,,,,,,,,,,,,,,,,,,,,,,,,Female,67,Retired,5,1,,4,34431,"<span lang=""EN-GB"">Suppose
     you want to set up a reminder when you are alone at your home.<strong><o:p></o:p></strong></span>"
11/2/2018 14:03,11/2/2018 14:05,0,72.94.222.217,100,98,1,11/2/2018 14:05,R_23Vvypyrhicb2Br,,,,,40.58169556,-75.32550049,anonymous,EN,"1,2,3,4,6",2,,1,,2,,1,,3,,2,1,,1,,3,2,,"1,2",,3,,"1,2",,2,,"1,2",,,,,,,,,,,,,,,,,,,,,,,,,,,,,,,,,,,,,,,,,,,,,,,,,,,,,,,,,,,,,,,,,,,,,,,,,,,,,,,,,,,,,,,,,,,,,,,,,,,,,,,,,,,,,,,,,,,,,,,,,,,,,,,,,,,,,,,,,,,,,,,,,,,,,,,,,,,,,,,,,,,,,,,,,,,,,,,,,,,,,,,,93923,"<span lang=""EN-GB"" style=""font-size:11.0pt;line-height:115%;
font-family:&quot;Arial&quot;,sans-serif;mso-fareast-font-family:Arial;mso-ansi-language:
EN-GB;mso-fareast-language:EN-US;mso-bidi-language:AR-SA"">Suppose you want to
read a digital document when you are at Starbucks surrounded with your close
friends.</span>"
11/2/2018 13:51,11/2/2018 14:05,0,71.244.249.28,100,858,1,11/2/2018 14:05,R_2TSNPgXM1AFUeqD,,,,,39.21409607,-76.87879944,anonymous,EN,"1,2,3,4,6","1,2,5",,5,,"1,3",,3,,1,,"2,3","1,2,3",,2,,"2,3","1,2,3",,2,,"1,6",,2,,"1,3",,"1,2",,"1,2,3,4",7,,5,,"1,3",,3,,1,,3,"1,2,3",,3,,5,,"2,3,4",,"4,6",,"1,2",,7,,"1,3",,"1,2",,"2,5",,5,,3,,3,,1,,3,"1,2",,2,,2,,3,,1,,2,,1,,"1,3",,2,,7,,5,,"1,2,3",,3,,1,,3,"1,2,3",,"2,3",,5,,"2,3",,"3,4",,"1,2",,"4,6",,"2,3",,"1,2",,5,,5,,"1,2,3",,1,,1,,2,"1,2,3",,2,,2,,"1,2,3",,4,,"1,2",,4,,"1,3",,2,,,,,,,,,,,,,,,,,,,,,,,,,,,,,,,,,,,,,,,,,,,,,,,,,,,,,,,,,,,,,,,,,,,22446,"<span lang=""EN-GB"">Suppose
     you want to purchase something online when you are with people you know
     (e.g., acquaintances, colleagues) at your home.<o:p></o:p></span>"
11/2/2018 13:57,11/2/2018 14:06,0,32.209.163.50,100,487,1,11/2/2018 14:06,R_1DwZTpJ1iyJeuYr,,,,,41.98899841,-72.56520081,anonymous,EN,"2,3,4",3,,"2,3",,"1,3",,3,,3,,4,"1,3",,2,,4,3,,"1,2",,2,,1,,"1,3",,"1,2",,,,,,,,,,,,,,,,,,,,,,,,,,,,,,,,,,,,,,,,,,,,,,,,,,,,,,,,,,,,,,,,,,,,,,,,,,,,,,,,,,,,,,,,,,,,,,,,,,,,,,,,,,,,,,,,,,,,,,,,,,,,,,,,,,,,,,,,,,,,,,,,,,,,,,,,,,,,,,,,,,,,,,,,,,,,,,,,,,,,,,,,89505,"<span lang=""EN-GB"">Suppose
     you want to set up a reminder when you are at a park by yourself.<o:p></o:p></span>"
11/2/2018 14:06,11/2/2018 14:08,0,23.254.203.122,100,148,1,11/2/2018 14:08,R_3kHhfCXFWhBOPSu,,,,,47.48890686,-122.3012009,anonymous,EN,"1,2,3,4,5,6",2,,3,,3,,1,,2,,3,3,,1,,2,3,,1,,2,,2,,2,,2,,,,,,,,,,,,,,,,,,,,,,,,,,,,,,,,,,,,,,,,,,,,,,,,,,,,,,,,,,,,,,,,,,,,,,,,,,,,,,,,,,,,,,,,,,,,,,,,,,,,,,,,,,,,,,,,,,,,,,,,,,,,,,,,,,,,,,,,,,,,,,,,,,,,,,,,,,,,,,,,,,,,,,,,,,,,,,,,,,,,,,,,84146,"<span lang=""EN-GB"">Suppose you want to find a route to a coffee shop when you are
     at home </span><span lang=""EN-GB"">with
     people you are close to (e.g., friends, family members)</span><strong><span lang=""EN-GB""><o:p></o:p></span></strong>"
11/2/2018 14:06,11/2/2018 14:09,0,208.114.92.157,100,206,1,11/2/2018 14:09,R_26xjnvVAimN3rpL,,,,,34.92619324,-95.75920105,anonymous,EN,"1,2,3",2,,"1,3",,1,,1,,2,,1,"1,2,3",,1,,1,"1,2",,1,,"1,3",,"1,2,3",,"1,2,3",,"1,2",,,,,,,,,,,,,,,,,,,,,,,,,,,,,,,,,,,,,,,,,,,,,,,,,,,,,,,,,,,,,,,,,,,,,,,,,,,,,,,,,,,,,,,,,,,,,,,,,,,,,,,,,,,,,,,,,,,,,,,,,,,,,,,,,,,,,,,,,,,,,,,,,,,,,,,,,,,,,,,,,,,,,,,,,,,,,,,,,,,,,,,,67272,"<span lang=""EN-GB"">Suppose you are at your gym and you want to track the amount of calories&nbsp;</span>you have burnt your workout.&nbsp;"
11/2/2018 14:09,11/2/2018 14:10,0,23.254.203.122,100,74,1,11/2/2018 14:10,R_246IfYWGIb5qlQL,,,,,47.48890686,-122.3012009,anonymous,EN,"1,2,3,4,5,6",1,,3,,2,,1,,2,,1,3,,1,,1,2,,1,,2,,3,,1,,2,,,,,,,,,,,,,,,,,,,,,,,,,,,,,,,,,,,,,,,,,,,,,,,,,,,,,,,,,,,,,,,,,,,,,,,,,,,,,,,,,,,,,,,,,,,,,,,,,,,,,,,,,,,,,,,,,,,,,,,,,,,,,,,,,,,,,,,,,,,,,,,,,,,,,,,,,,,,,,,,,,,,,,,,,,,,,,,,,,,,,,,,89940,"<span lang=""EN-GB"">Suppose you want to control some devices/appliances (e.g., smart lights) when you are alone at home.<o:p></o:p></span>"
11/2/2018 14:11,11/2/2018 14:11,0,216.56.163.42,100,26,1,11/2/2018 14:11,R_3k4zL0BiaIccifH,,,,,44.78509521,-88.60359955,anonymous,EN,"1,3",,,,,,,,,,,,,,,,,,,,,,,,,,,,,,,,,,,,,,,,,,,,,,,,,,,,,,,,,,,,,,,,,,,,,,,,,,,,,,,,,,,,,,,,,,,,,,,,,,,,,,,,,,,,,,,,,,,,,,,,,,,,,,,,,,,,,,,,,,,,,,,,,,,,,,,,,,,,,,,,,,,,,,,,,,,,,,,,,,,,,,,,,,,,,,,,,,,,,,,,,,,,,,,,,,,693,"<span lang=""EN-GB"">Suppose it is a regular working day, you want to track the total amount of calories&nbsp;</span>you consume and burn off during the day.&nbsp;"
11/2/2018 14:11,11/2/2018 14:11,0,69.145.51.135,100,35,1,11/2/2018 14:11,R_yr9h0zja7fY0deF,,,,,45.78129578,-108.5727005,anonymous,EN,"1,2",,,,,,,,,,,,,,,,,,,,,,,,,,,,,,,,,,,,,,,,,,,,,,,,,,,,,,,,,,,,,,,,,,,,,,,,,,,,,,,,,,,,,,,,,,,,,,,,,,,,,,,,,,,,,,,,,,,,,,,,,,,,,,,,,,,,,,,,,,,,,,,,,,,,,,,,,,,,,,,,,,,,,,,,,,,,,,,,,,,,,,,,,,,,,,,,,,,,,,,,,,,,,,,,,,,42275,"<span lang=""EN-GB"">Suppose
     you want to a view a text message when you are with a very close friend at
     a restaurant&nbsp;<o:p></o:p></span>"
11/2/2018 14:11,11/2/2018 14:14,0,23.254.203.122,100,152,1,11/2/2018 14:14,R_2djfiCDQoDmyEPY,,,,,47.48890686,-122.3012009,anonymous,EN,"1,2,3,4,5,6",3,,3,,4,,3,,6,,4,3,,3,,1,4,,5,,1,,1,,3,,1,,,,,,,,,,,,,,,,,,,,,,,,,,,,,,,,,,,,,,,,,,,,,,,,,,,,,,,,,,,,,,,,,,,,,,,,,,,,,,,,,,,,,,,,,,,,,,,,,,,,,,,,,,,,,,,,,,,,,,,,,,,,,,,,,,,,,,,,,,,,,,,,,,,,,,,,,,,,,,,,,,,,,,,,,,,,,,,,,,,,,,,,82821,"<span lang=""EN-GB"">Suppose
     you want to set up a reminder when you with people you know (e.g.,
     acquaintances, colleagues) at a park.<o:p></o:p></span>"
11/2/2018 14:12,11/2/2018 14:18,0,174.58.193.36,100,344,1,11/2/2018 14:18,R_1ezXlG6syQ9L186,,,,,28.25309753,-81.65090179,anonymous,EN,"1,2,3,4",2,,1,,"2,3",,1,,3,,2,5,,3,,2,3,,2,,"1,3",,"1,2",,"1,3",,4,,,,,,,,,,,,,,,,,,,,,,,,,,,,,,,,,,,,,,,,,,,,,,,,,,,,,,,,,,,,,,,,,,,,,,,,,,,,,,,,,,,,,,,,,,,,,,,,,,,,,,,,,,,,,,,,,,,,,,,,,,,,,,,,,,,,,,,,,,,,,,,,,,,,,,,,,,,,,,,,,,,,,,,,,,,,,,,,,,,,,,,,52845,"<span lang=""EN-GB"">Suppose you are at a coffee shop, you have just read a book you loved and now&nbsp;</span>you want to write a review for it to share with your close family and friends."
11/2/2018 14:22,11/2/2018 14:26,0,98.207.126.44,100,235,1,11/2/2018 14:26,R_3PzuGrowne5GpIT,,,,,37.5605011,-121.9999008,anonymous,EN,"1,2,5",1,,3,,"1,2,3,4",,1,,4,,2,2,,3,,2,"2,4",,"2,3",,2,,"1,2,3",,"1,2,3",,"1,2",,,,,,,,,,,,,,,,,,,,,,,,,,,,,,,,,,,,,,,,,,,,,,,,,,,,,,,,,,,,,,,,,,,,,,,,,,,,,,,,,,,,,,,,,,,,,,,,,,,,,,,,,,,,,,,,,,,,,,,,,,,,,,,,,,,,,,,,,,,,,,,,,,,,,,,,,,,,,,,,,,,,,,,,,,,,,,,,,,,,,,,,10491,"<span lang=""EN-GB"">Suppose
     you want to listen to some audio when you are at home with people you are
     close to (e.g., friends, family members).<strong><o:p></o:p></strong></span>"
11/2/2018 14:21,11/2/2018 14:26,0,100.40.219.143,100,299,1,11/2/2018 14:26,R_1OGEbOlu0YWLa3R,,,,,41.96969604,-74.06680298,anonymous,EN,"1,2,4",2,,1,,1,,1,,1,,2,1,,1,,2,1,,2,,3,,2,,1,,1,,2,,,,,,,,,,,,,,,,,,,,,,,,,,,,,,2,,1,,"1,2,3",,1,,1,,4,"1,2,3",,2,,2,,1,,1,,1,,4,,1,,2,,,,,,,,,,,,,,,,,,,,,,,,,,,,,,,,,,,,,,,,,,,,,,,,,,,,,,,,,,,,,,,,,,,,,,,,,,,,,,,,,,,,,,,,,,,,,,,,,,,,,,,,,,,,,,,,,,,,,,,,,,,,,9059,"<span lang=""EN-GB"">Suppose you want to a view a text message when you are alone at a street.<o:p></o:p></span>"
11/2/2018 14:28,11/2/2018 14:29,0,68.59.37.15,100,33,1,11/2/2018 14:29,R_1onBJCJLr0EsnxX,,,,,45.00959778,-93.3423996,anonymous,EN,"2,3",,,,,,,,,,,,,,,,,,,,,,,,,,,,,,,,,,,,,,,,,,,,,,,,,,,,,,,,,,,,,,,,,,,,,,,,,,,,,,,,,,,,,,,,,,,,,,,,,,,,,,,,,,,,,,,,,,,,,,,,,,,,,,,,,,,,,,,,,,,,,,,,,,,,,,,,,,,,,,,,,,,,,,,,,,,,,,,,,,,,,,,,,,,,,,,,,,,,,,,,,,,,,,,,,,,27512,"<span lang=""EN-GB"">Suppose you are alone at home, you want to take a break from studying/working&nbsp;</span>so you decide to play an online/digital game with some close friends ."
11/2/2018 14:25,11/2/2018 14:30,0,174.234.12.157,100,298,1,11/2/2018 14:30,R_2sROkJ27dWxC5mN,,,,,38.89819336,-94.70490265,anonymous,EN,"2,3,5,6","2,5",,1,,"1,2,3",,1,,1,,3,"1,2,3",,2,,2,"1,3",,"1,2,3",,3,,"2,3",,"1,3",,"1,2",,,,,,,,,,,,,,,,,,,,,,,,,,,,,,,,,,,,,,,,,,,,,,,,,,,,,,,,,,,,,,,,,,,,,,,,,,,,,,,,,,,,,,,,,,,,,,,,,,,,,,,,,,,,,,,,,,,,,,,,,,,,,,,,,,,,,,,,,,,,,,,,,,,,,,,,,,,,,,,,,,,,,,,,,,,,,,,,,,,,,,,,28899,"<span lang=""EN-GB"">Suppose
     you want to a send an email when you are surrounded by people you know
     (e.g., acquaintances, colleagues) at a restaurant.<o:p></o:p></span>"
11/2/2018 14:12,11/2/2018 14:34,0,99.173.169.25,100,1292,1,11/2/2018 14:34,R_DM1zi39LkOW4K7T,,,,,35.61869812,-80.40219879,anonymous,EN,"1,2,4,5",5,,1,,2,,1,,1,,3,2,,3,,3,2,,2,,3,,2,,3,,2,,"1,2,4",4,,4,keyboard,"1,3",,3,,2,,1,3,,3,,3,,5,"Google search, if needed",3,,2,,3,,"1,2,3",,2,,"2,5",,1,,"1,2,3",,1,,2,,"1,2","2,3",,"2,3",,"2,3",,"2,3",,3,,2,,3,,"1,2,3",,2,,,,,,,,,,,,,,,,,,,,,,,,,,,,,,,"2,5",,1,,"1,2,3",,1,,2,,"1,2",3,,"2,3",,"2,3",,"2,3",,3,,2,,3,,"1,2,3",,2,,,,,,,,,,,,,,,,,,,,,,,,,,,,,,,,,,,,,,,,,,,,,,,,,,,,,,,,,,,,female,32,Restaurant work,5,1,,2,30591,"<span lang=""EN-GB"">Suppose you want to read a digital document when you are in a park with people you know (e.g., acquaintances, colleagues).<o:p></o:p></span>"
11/2/2018 14:30,11/2/2018 14:37,0,66.78.41.33,100,412,1,11/2/2018 14:37,R_12KMGNBUuBrntFG,,,,,43.63220215,-116.2052002,anonymous,EN,3,,,,,,,,,,,,,,,,,,,,,,,,,,,,,,,,,,,,,,,,,,,,,,,,,,,,,,,,,,,,,,,,,,,,,,,,,,,,,,,,,,,,,,,,,,,,,,,,,,,,,,,,,,,,,,,,,,,,,,,,,,,,,,,,,,,,,,,,,,,,,,,,,,,,,,,,,,,,,,,,,,,,,,,,,,,,,,,,,,,,,,,,,,,,,,,,,,,,,,,,,,,,,,,,,,,42305,"<span lang=""EN-GB"">Suppose you want to a send an email when you are surrounded with people you are close to (e.g., friends, family members) at your home.<strong><o:p></o:p></strong></span>"
11/2/2018 14:41,11/2/2018 14:41,0,71.33.173.236,100,28,1,11/2/2018 14:41,R_2yey6YNMDFSJHRF,,,,,39.82589722,-104.9113007,anonymous,EN,"1,2,3,5,6",3,,2,,2,,1,,"2,3",,2,"1,2",,3,,1,2,,1,,4,,"1,3",,5,,2,,,,,,,,,,,,,,,,,,,,,,,,,,,,,,,,,,,,,,,,,,,,,,,,,,,,,,,,,,,,,,,,,,,,,,,,,,,,,,,,,,,,,,,,,,,,,,,,,,,,,,,,,,,,,,,,,,,,,,,,,,,,,,,,,,,,,,,,,,,,,,,,,,,,,,,,,,,,,,,,,,,,,,,,,,,,,,,,,,,,,,,,63935,"<span lang=""EN-GB"">Suppose you want to take a click a photo when you are with your close friends&nbsp;</span>and family members at Starbucks"
11/2/2018 14:34,11/2/2018 14:46,0,66.195.185.7,100,731,1,11/2/2018 14:46,R_2bJJZNo6IYKwr7V,,,,,47.67329407,-122.3426056,anonymous,EN,"2,3,4,5","1,2",,"1,2",,"1,2,3,4",,1,,"1,4",,"2,3","1,2,3",,"1,3",,"2,3","2,3",,"1,2,3",,6,,"1,2,3",,3,,2,,"2,5",,,,,,,,,,,,,,,,,,,,,,,,,,,,,,"1,2,5",,"1,2",,"3,4,5",Device is mobile/handheld,1,,4,,"2,3",1,,2,,3,,"1,2,3,4",,"2,3,4",,"1,2",,"2,3,4",,"1,3",,2,,,,,,,,,,,,,,,,,,,,,,,,,,,,,,,,,,,,,,,,,,,,,,,,,,,,,,,,,,,,1,,2,,"1,2",,1,,2,,1,5,,1,,5,,4,,"1,2",,3,,"1,2",,"1,2",,4,,,,,,,,,,,,,,,,,,,,,,,,,,,,,,,,,,,,,,44389,"<span style=""color: rgb(0, 0, 0); font-family: Times; font-size: 16px;"">Suppose you want control some devices/appliances (e.g., smart lights) when you are with people you know (e.g., acquaintances, colleagues).</span>"
11/2/2018 14:46,11/2/2018 14:49,0,136.63.108.120,100,175,1,11/2/2018 14:49,R_1kXJ5sgrizFvDLl,,,,,39.0565033,-94.59290314,anonymous,EN,"1,2,3,5",2,,5,,2,,1,,1,,1,2,,2,,"2,3",1,,2,,"1,4,6",,2,,"1,2",,4,,,,,,,,,,,,,,,,,,,,,,,,,,,,,,,,,,,,,,,,,,,,,,,,,,,,,,,,,,,,,,,,,,,,,,,,,,,,,,,,,,,,,,,,,,,,,,,,,,,,,,,,,,,,,,,,,,,,,,,,,,,,,,,,,,,,,,,,,,,,,,,,,,,,,,,,,,,,,,,,,,,,,,,,,,,,,,,,,,,,,,,,15449,"<span lang=""EN-GB"">Suppose you are at a park with some people you know (e.g., acquaintances, colleagues) when you realize that you have to immediately pay one of your bills online.<o:p></o:p></span>"
11/2/2018 14:47,11/2/2018 14:49,0,98.159.19.92,100,95,1,11/2/2018 14:49,R_1iqTzkfrfyW7KWv,,,,,35.3184967,-89.90540314,anonymous,EN,"1,2,3,5,6","1,2,5",,"1,2",,"2,3",,1,,"2,4",,1,2,,"1,2",,1,3,,2,,"1,2,3",,"2,3",,2,,"1,2",,,,,,,,,,,,,,,,,,,,,,,,,,,,,,,,,,,,,,,,,,,,,,,,,,,,,,,,,,,,,,,,,,,,,,,,,,,,,,,,,,,,,,,,,,,,,,,,,,,,,,,,,,,,,,,,,,,,,,,,,,,,,,,,,,,,,,,,,,,,,,,,,,,,,,,,,,,,,,,,,,,,,,,,,,,,,,,,,,,,,,,,5682,"<span lang=""EN-GB"">Suppose
     you want to set up a reminder when you are at home with people you are
     close to (e.g., friends, family members).<strong><o:p></o:p></strong></span>"
11/2/2018 15:00,11/2/2018 15:01,0,174.85.255.66,100,49,1,11/2/2018 15:01,R_3nquX5k75cu45q4,,,,,34.80360413,-86.97070313,anonymous,EN,"1,2,3,4",2,,3,,1,,1,,3,,2,1,,3,,2,3,,2,,2,,1,,2,,2,,,,,,,,,,,,,,,,,,,,,,,,,,,,,,,,,,,,,,,,,,,,,,,,,,,,,,,,,,,,,,,,,,,,,,,,,,,,,,,,,,,,,,,,,,,,,,,,,,,,,,,,,,,,,,,,,,,,,,,,,,,,,,,,,,,,,,,,,,,,,,,,,,,,,,,,,,,,,,,,,,,,,,,,,,,,,,,,,,,,,,,,85557,"<span lang=""EN-GB"">Suppose
     you want to listen to some audio when you are alone at Starbucks.<o:p></o:p></span>"
11/2/2018 14:56,11/2/2018 15:11,0,68.6.171.5,100,930,1,11/2/2018 15:11,R_2qg8SB2xleetCfG,,,,,32.57530212,-117.0707016,anonymous,EN,"1,2,3,4","2,3",,"1,3",,1,,1,,1,,3,3,,3,,2,2,,1,,4,,1,,2,,2,,,,,,,,,,,,,,,,,,,,,,,,,,,,,,,,,,,,,,,,,,,,,,,,,,,,,,,,,,,,,,,,,,,,,,,,,,,,,,,,,,,,,,,,,,,,,,,,,,,,,,,,,,,,,,,,,,,,,,,,,,,,,,,,,,,,,,,,,,,,,,,,,,,,,,,,,,,,,,,,,,,,,,,,,,,,,,,,,,,,,,,,33258,"<span lang=""EN-GB"">Suppose
     you want&nbsp; to a send a text message
     when you are walking with a very close friend on a street<o:p></o:p></span>"
10/30/2018 18:04,11/2/2018 15:12,0,192.146.131.24,100,248840,1,11/2/2018 15:12,R_1rcce7mwovWBGNc,,,,,26.27290344,-80.26029968,anonymous,EN,"1,2,4,5,6",2,,1,,1,,1,,1,,2,3,,2,,2,1,,2,,3,,2,,1,,2,,5,,,,,,,,,,,,,,,,,,,,,,,,,,,,,,,,,,,,,,,,,,,,,,,,,,,,,,,,,,,,,,,,,,,,,,,,,,,,,,,,,,,,,,,,,,,,,,,,,,,,,,,,,,,,,,,,,,,,,1,,2,,1,,1,,1,,2,3,,3,,2,,4,,2,,1,,2,,1,,2,,,,,,,,,,,,,,,,,,,,,,,,,,,,,,,,,,,,,,36805,"<span lang=""EN-GB"">Suppose
     you want to listen to some audio when you are with people you know (e.g.,
     acquaintances, colleagues) in a park.<o:p></o:p></span>


<p><span lang=""EN-GB"" style=""color:red"">&nbsp;</span></p>"
11/2/2018 15:14,11/2/2018 15:14,0,72.211.18.228,100,17,1,11/2/2018 15:14,R_yUuIKwgfF3ERsMp,,,,,33.51530457,-112.1212006,anonymous,EN,"1,2",,,,,,,,,,,,,,,,,,,,,,,,,,,,,,,,,,,,,,,,,,,,,,,,,,,,,,,,,,,,,,,,,,,,,,,,,,,,,,,,,,,,,,,,,,,,,,,,,,,,,,,,,,,,,,,,,,,,,,,,,,,,,,,,,,,,,,,,,,,,,,,,,,,,,,,,,,,,,,,,,,,,,,,,,,,,,,,,,,,,,,,,,,,,,,,,,,,,,,,,,,,,,,,,,,,32115,"<span lang=""EN-GB"">Suppose you have planned to meet a friend next week and you want to put this on your calendar when you are alone at a park<o:p></o:p></span>"
11/2/2018 15:13,11/2/2018 15:16,0,98.159.196.54,100,201,1,11/2/2018 15:16,R_3p8XM2kKSNSVBxR,,,,,34.61799622,-86.05619812,anonymous,EN,"1,2,3,4,5,6",5,,2,,3,,3,,2,,3,1,,2,,2,3,,2,,3,,2,,2,,2,,,,,,,,,,,,,,,,,,,,,,,,,,,,,,,,,,,,,,,,,,,,,,,,,,,,,,,,,,,,,,,,,,,,,,,,,,,,,,,,,,,,,,,,,,,,,,,,,,,,,,,,,,,,,,,,,,,,,,,,,,,,,,,,,,,,,,,,,,,,,,,,,,,,,,,,,,,,,,,,,,,,,,,,,,,,,,,,,,,,,,,,41541,"<span lang=""EN-GB"">Suppose you want to browse the internet when you are with people you know (e.g., acquaintances, colleagues) at a park.<o:p></o:p></span>"
11/2/2018 15:14,11/2/2018 15:21,0,72.241.6.239,100,408,1,11/2/2018 15:21,R_vZyTD1e0r8pFgS5,,,,,41.62980652,-83.57730103,anonymous,EN,"2,3,4",2,,1,,2,,1,,1,,3,2,,3,,3,2,,2,,3,,2,,1,,2,,2,,,,,,,,,,,,,,,,,,,,,,,,,,,,,,2,,1,,3,,1,,1,,3,3,,1,,5,,2,,3,,2,,3,,1,,4,,,,,,,,,,,,,,,,,,,,,,,,,,,,,,,,,,,,,,,,,,,,,,,,,,,,,,,,,,,,,,,,,,,,,,,,,,,,,,,,,,,,,,,,,,,,,,,,,,,,,,,,,,,,,,,,,,,,,,,,,,,,,3118,"<span lang=""EN-GB"">Suppose you want to set up a reminder when you are at a park with close friends.<o:p></o:p></span>"
11/2/2018 15:21,11/2/2018 15:21,0,71.54.135.124,100,18,1,11/2/2018 15:21,R_2TKMliC9qUhOva4,,,,,35.12939453,-78.89820099,anonymous,EN,"2,4",,,,,,,,,,,,,,,,,,,,,,,,,,,,,,,,,,,,,,,,,,,,,,,,,,,,,,,,,,,,,,,,,,,,,,,,,,,,,,,,,,,,,,,,,,,,,,,,,,,,,,,,,,,,,,,,,,,,,,,,,,,,,,,,,,,,,,,,,,,,,,,,,,,,,,,,,,,,,,,,,,,,,,,,,,,,,,,,,,,,,,,,,,,,,,,,,,,,,,,,,,,,,,,,,,,51986,"<span lang=""EN-GB"">Suppose you want to set up a reminder about something when you are at Starbucks with close friends.<o:p></o:p></span>"
11/2/2018 15:22,11/2/2018 15:24,0,24.193.236.235,100,78,1,11/2/2018 15:24,R_ahQiXXJhl3st1h7,,,,,40.70289612,-73.81109619,anonymous,EN,"1,2,3,4,6","1,2",,"1,2,3",,"1,2,3",,1,,"1,2",,4,"1,2,3",,"2,3",,1,3,,1,,"2,3",,"1,2,3",,"2,3",,"1,2",,,,,,,,,,,,,,,,,,,,,,,,,,,,,,,,,,,,,,,,,,,,,,,,,,,,,,,,,,,,,,,,,,,,,,,,,,,,,,,,,,,,,,,,,,,,,,,,,,,,,,,,,,,,,,,,,,,,,,,,,,,,,,,,,,,,,,,,,,,,,,,,,,,,,,,,,,,,,,,,,,,,,,,,,,,,,,,,,,,,,,,,71671,"<span lang=""EN-GB"">Suppose
     you are at home with some people you know (e.g., acquaintances,
     colleagues) when you realize today is the last day to pay one of your
     bills online.<o:p></o:p></span>"
11/2/2018 15:24,11/2/2018 15:25,0,209.95.56.51,100,26,1,11/2/2018 15:25,R_20SPs8G4CkRqsyf,,,,,40.75590515,-111.896698,anonymous,EN,6,,,,,,,,,,,,,,,,,,,,,,,,,,,,,,,,,,,,,,,,,,,,,,,,,,,,,,,,,,,,,,,,,,,,,,,,,,,,,,,,,,,,,,,,,,,,,,,,,,,,,,,,,,,,,,,,,,,,,,,,,,,,,,,,,,,,,,,,,,,,,,,,,,,,,,,,,,,,,,,,,,,,,,,,,,,,,,,,,,,,,,,,,,,,,,,,,,,,,,,,,,,,,,,,,,,1883,"<span lang=""EN-GB"">Suppose
     you want to read a digital document when you are at home with people you
     are close to (e.g., friends, family members).<strong><o:p></o:p></strong></span>"
11/2/2018 15:18,11/2/2018 15:27,0,75.81.217.51,100,557,1,11/2/2018 15:27,R_1j9XDg6CHBOc3jw,,,,,37.5657959,-85.26679993,anonymous,EN,"1,2,3,5",2,,5,,"1,2",,1,,1,,3,3,,3,,3,3,,2,,6,,2,,1,,4,,2,,,,,,,,,,,,,,,,,,,,,,,,,,,,,,2,,5,,1,,1,,1,,3,"1,3",,5,,5,,3,,1,,2,,1,,1,,4,,,,,,,,,,,,,,,,,,,,,,,,,,,,,,,,,,,,,,,,,,,,,,,,,,,,,,,,,,,,,,,,,,,,,,,,,,,,,,,,,,,,,,,,,,,,,,,,,,,,,,,,,,,,,,,,,,,,,,female,21,self-employed,5,1,,4,9816,"<span lang=""EN-GB"">Suppose you are on a short vacation and you want to take a picture in front&nbsp;</span>of an iconic monument when you are surrounded by many people."
10/26/2018 15:26,10/26/2018 15:29,0,174.31.177.105,78,175,0,11/2/2018 15:30,R_1riZUwcUrIn9Py5,,,,,,,anonymous,EN,"1,2,4",,,,,,,,,,,,,,,,,,,,,,,,,,,,,,,,,,,,,,,,,,,,,,,,,,,,,,,,,,,,,,,,,,,,,,,,,,,,,,,,,,,,,,,,,,,,,,,,,,,,,,,,,,,,,,,,,,,,,,,,,,,,,,,,,,,,,,,,,,,,,,,,,,,,,,,,,,,,,,,,,,,,,,,,,,,,,,,,,,,,,,,,,,,,,,,,,,,,,,,,,,,,,,,,,,,99081,"<span lang=""EN-GB"">Suppose you have planned to meet a friend next week and you want to put this on your calendar when you are surrounded by people you know (e.g., acquaintances, colleagues) at a restaurant.<o:p></o:p></span>"
10/26/2018 15:39,10/26/2018 15:40,0,68.186.43.226,78,17,0,11/2/2018 15:40,R_3FetnLXMxRk4Vbj,,,,,,,anonymous,EN,"1,2,5",,,,,,,,,,,,,,,,,,,,,,,,,,,,,,,,,,,,,,,,,,,,,,,,,,,,,,,,,,,,,,,,,,,,,,,,,,,,,,,,,,,,,,,,,,,,,,,,,,,,,,,,,,,,,,,,,,,,,,,,,,,,,,,,,,,,,,,,,,,,,,,,,,,,,,,,,,,,,,,,,,,,,,,,,,,,,,,,,,,,,,,,,,,,,,,,,,,,,,,,,,,,,,,,,,,97108,"<span lang=""EN-GB"">Suppose
     you want to take a click a photo when you are with people you are close to
     (e.g., friends, family members) at home<o:p></o:p></span>"
11/2/2018 15:37,11/2/2018 15:41,0,65.151.16.248,100,193,1,11/2/2018 15:41,R_2D7hjk4WBPGLs4l,,,,,32.77870178,-96.82170105,anonymous,EN,"1,2,3,4,6",2,,"1,3",,3,,1,,3,,2,3,,2,,3,2,,5,,"2,3",,2,,2,,4,,,,,,,,,,,,,,,,,,,,,,,,,,,,,,,,,,,,,,,,,,,,,,,,,,,,,,,,,,,,,,,,,,,,,,,,,,,,,,,,,,,,,,,,,,,,,,,,,,,,,,,,,,,,,,,,,,,,,,,,,,,,,,,,,,,,,,,,,,,,,,,,,,,,,,,,,,,,,,,,,,,,,,,,,,,,,,,,,,,,,,,,26027,"<span lang=""EN-GB"">Suppose
     you want to read a digital document) when you are at home with people you
     know (e.g., acquaintances, colleagues).<o:p></o:p></span>"
11/2/2018 15:44,11/2/2018 15:44,0,74.130.17.233,100,16,1,11/2/2018 15:44,R_3QPDHLQevPFYh1J,,,,,38.22219849,-85.68849945,anonymous,EN,"2,4",,,,,,,,,,,,,,,,,,,,,,,,,,,,,,,,,,,,,,,,,,,,,,,,,,,,,,,,,,,,,,,,,,,,,,,,,,,,,,,,,,,,,,,,,,,,,,,,,,,,,,,,,,,,,,,,,,,,,,,,,,,,,,,,,,,,,,,,,,,,,,,,,,,,,,,,,,,,,,,,,,,,,,,,,,,,,,,,,,,,,,,,,,,,,,,,,,,,,,,,,,,,,,,,,,,99040,"<span lang=""EN-GB"">Suppose you have planned to meet a friend next week and you want to put this on your calendar when you are with a very close friend at a restaurant&nbsp;<o:p></o:p></span>"
11/2/2018 15:48,11/2/2018 15:54,0,107.9.20.27,100,363,1,11/2/2018 15:54,R_3Eoqk6vwPbkSw3p,,,,,39.09570313,-84.14510345,anonymous,EN,"1,2,3","2,4",,3,,"2,3",,3,,"1,3",,3,"1,2,3",,5,,3,"1,2,3",,2,,6,,"2,3",,"2,3",,4,,,,,,,,,,,,,,,,,,,,,,,,,,,,,,,,,,,,,,,,,,,,,,,,,,,,,,,,,,,,,,,,,,,,,,,,,,,,,,,,,,,,,,,,,,,,,,,,,,,,,,,,,,,,,,,,,,,,,,,,,,,,,,,,,,,,,,,,,,,,,,,,,,,,,,,,,,,,,,,,,,,,,,,,,,,,,,,,,,,,,,,,82169,"<span lang=""EN-GB"">Suppose
     you want to a send an email when you are walking on a street with people
     you know (e.g., acquaintances, colleagues)<strong>.</strong><o:p></o:p></span>"
11/2/2018 15:49,11/2/2018 15:57,0,76.255.28.176,100,442,1,11/2/2018 15:57,R_3O9bPFEVkcU0Hja,,,,,43.12049866,-89.35230255,anonymous,EN,"1,2,4",3,,2,,2,,1,,1,,2,1,,2,,2,1,,"1,3",,4,,1,,3,,2,,,,,,,,,,,,,,,,,,,,,,,,,,,,,,,,,,,,,,,,,,,,,,,,,,,,,,,,,,,,,,,,,,,,,,,,,,,,,,,,,,,,,,,,,,,,,,,,,,,,,,,,,,,,,,,,,,,,,,,,,,,,,,,,,,,,,,,,,,,,,,,,,,,,,,,,,,,,,,,,,,,,,,,,,,,,,,,,,,,,,,,,30271,"<span lang=""EN-GB"">Suppose
     you want to a view a text message when you are surrounded by people you
     know (e.g., acquaintances, colleagues) at your home.<o:p></o:p></span>"
11/2/2018 16:00,11/2/2018 16:07,0,186.14.95.41,100,400,1,11/2/2018 16:07,R_1rPvDgWkX36ga6J,,,,,10.24690247,-67.59580231,anonymous,EN,"1,2,3,4",1,,1,,2,,1,,1,,3,1,,2,,3,2,,2,,"1,2,3",,2,,1,,2,,2,,,,,,,,,,,,,,,,,,,,,,,,,,,,,,2,,1,,1,,1,,1,,"1,3",1,,"1,2",,2,,2,,"1,2,3",,2,,"1,2,3",,1,,2,,,,,,,,,,,,,,,,,,,,,,,,,,,,,,,,,,,,,,,,,,,,,,,,,,,,,,,,,,,,,,,,,,,,,,,,,,,,,,,,,,,,,,,,,,,,,,,,,,,,,,,,,,,,,,,,,,,,,,,,,,,,,26795,"<span lang=""EN-GB"">Suppose
     you want to set up a reminder when you are with people you know (e.g.,
     acquaintances, colleagues) at your home.<o:p></o:p></span>"
11/2/2018 16:15,11/2/2018 16:17,0,108.220.223.33,100,95,1,11/2/2018 16:17,R_VXwfzf4ty6ZQLdf,,,,,33.73460388,-117.7868958,anonymous,EN,"1,2,3","1,2",,"1,2",,"1,2,3,4",,1,,"1,2,3,4",,"1,2,3","1,2,3",,"1,2,3",,"2,3","1,2",,"1,2,3",,"2,3",,"2,3",,"2,3",,"1,2",,,,,,,,,,,,,,,,,,,,,,,,,,,,,,,,,,,,,,,,,,,,,,,,,,,,,,,,,,,,,,,,,,,,,,,,,,,,,,,,,,,,,,,,,,,,,,,,,,,,,,,,,,,,,,,,,,,,,,,,,,,,,,,,,,,,,,,,,,,,,,,,,,,,,,,,,,,,,,,,,,,,,,,,,,,,,,,,,,,,,,,,88755,"<span lang=""EN-GB"">Suppose
     you want to call your mother for sharing an important update about your
     life when you are with a very close friend at a restaurant&nbsp;<o:p></o:p></span>"
11/2/2018 16:34,11/2/2018 16:38,0,71.244.135.213,100,242,1,11/2/2018 16:38,R_sLtJNReZw5om6Q1,,,,,39.27259827,-76.86139679,anonymous,EN,"1,2,3","2,5",,1,,1,,1,,1,,1,2,,5,,1,1,,2,,6,,2,,1,,4,,2,,,,,,,,,,,,,,,,,,,,,,,,,,,,,,"2,5",,1,,1,,1,,1,,1,2,,5,,5,,1,,6,,5,,6,,1,,4,,,,,,,,,,,,,,,,,,,,,,,,,,,,,,,,,,,,,,,,,,,,,,,,,,,,,,,,,,,,,,,,,,,,,,,,,,,,,,,,,,,,,,,,,,,,,,,,,,,,,,,,,,,,,,,,,,,,,,female,33,dispatcher,5,1,,5,62377,"<span lang=""EN-GB"">Suppose
     you want to a view a text message when you are surrounded with people you
     are close to (e.g., friends, family members) at your home.<strong><o:p></o:p></strong></span>"
11/2/2018 16:38,11/2/2018 16:43,0,70.190.149.208,100,309,1,11/2/2018 16:43,R_3CIqkfEK9zOJGj6,,,,,33.63150024,-112.052002,anonymous,EN,"1,2,3,6","1,2,5",,1,,1,,1,,1,,3,"1,2,3",,3,,"1,2,3","1,2,3,4",,"1,2,3",,"1,2,3,4",,"1,2",,1,,2,,,,,,,,,,,,,,,,,,,,,,,,,,,,,,,,,,,,,,,,,,,,,,,,,,,,,,,,,,,,,,,,,,,,,,,,,,,,,,,,,,,,,,,,,,,,,,,,,,,,,,,,,,,,,,,,,,,,,,,,,,,,,,,,,,,,,,,,,,,,,,,,,,,,,,,,,,,,,,,,,,,,,,,,,,,,,,,,,,,,,,,,89201,"<span lang=""EN-GB"">Suppose
     you want to watch some video when you are with people you know (e.g.,
     acquaintances, colleagues) at your home.<o:p></o:p></span>"
11/2/2018 16:46,11/2/2018 16:49,0,12.196.174.98,100,142,1,11/2/2018 16:49,R_1dEvX19Tng33fEg,,,,,34.05439758,-118.2440033,anonymous,EN,"1,2,3,4,5",1,,2,,"1,2,3,4",,1,,1,,3,3,,1,,2,"2,4",,"2,3",,2,,"2,3",,"1,3",,"1,2",,,,,,,,,,,,,,,,,,,,,,,,,,,,,,,,,,,,,,,,,,,,,,,,,,,,,,,,,,,,,,,,,,,,,,,,,,,,,,,,,,,,,,,,,,,,,,,,,,,,,,,,,,,,,,,,,,,,,,,,,,,,,,,,,,,,,,,,,,,,,,,,,,,,,,,,,,,,,,,,,,,,,,,,,,,,,,,,,,,,,,,,46183,"<span lang=""EN-GB"">Suppose you want to call your mother for sharing an important
     update about your life when you are surrounded by people you know (e.g.,
     acquaintances, colleagues) at your home.<o:p></o:p></span>"
11/2/2018 17:17,11/2/2018 17:20,0,24.2.129.195,100,175,1,11/2/2018 17:20,R_2cwnylVR7T5yRCv,,,,,41.55690002,-72.66519928,anonymous,EN,"1,2,6","1,2,4",,1,,"1,2,3,4",,1,,"1,2,3,4",,2,"1,2,3",,"1,2",,"2,3","1,2,3",,2,,"1,2,3,4,6",,2,,"1,2,3",,"1,2",,,,,,,,,,,,,,,,,,,,,,,,,,,,,,,,,,,,,,,,,,,,,,,,,,,,,,,,,,,,,,,,,,,,,,,,,,,,,,,,,,,,,,,,,,,,,,,,,,,,,,,,,,,,,,,,,,,,,,,,,,,,,,,,,,,,,,,,,,,,,,,,,,,,,,,,,,,,,,,,,,,,,,,,,,,,,,,,,,,,,,,,63532,"<span lang=""EN-GB"">Suppose
     you want to set up a reminder when you are alone at your home.<strong><o:p></o:p></strong></span>"
11/2/2018 17:24,11/2/2018 17:24,0,65.31.130.79,100,13,1,11/2/2018 17:24,R_VPdqXSkyqSJGfbX,,,,,43.05059814,-87.89679718,anonymous,EN,"1,3",,,,,,,,,,,,,,,,,,,,,,,,,,,,,,,,,,,,,,,,,,,,,,,,,,,,,,,,,,,,,,,,,,,,,,,,,,,,,,,,,,,,,,,,,,,,,,,,,,,,,,,,,,,,,,,,,,,,,,,,,,,,,,,,,,,,,,,,,,,,,,,,,,,,,,,,,,,,,,,,,,,,,,,,,,,,,,,,,,,,,,,,,,,,,,,,,,,,,,,,,,,,,,,,,,,39033,"<span lang=""EN-GB"">Suppose
     you want to watch some video when you are with your close friends in a
     park.<o:p></o:p></span>"
11/2/2018 17:29,11/2/2018 17:33,0,71.173.67.116,100,200,1,11/2/2018 17:33,R_5sYrGIw5kwKlePn,,,,,43.85699463,-70.10310364,anonymous,EN,"1,2,3,4",7,,5,,6,,3,,6,,4,5,,5,,4,6,,5,,7,,5,,5,,4,,2,,,,,,,,,,,,,,,,,,,,,,,,,,,,,,7,,5,,6,,3,,6,,4,5,,5,,5,,6,,7,,5,,7,,5,,4,,,,,,,,,,,,,,,,,,,,,,,,,,,,,,,,,,,,,,,,,,,,,,,,,,,,,,,,,,,,,,,,,,,,,,,,,,,,,,,,,,,,,,,,,,,,,,,,,,,,,,,,,,,,,,,,,,,,,,Male,46,Manufacturing,5,1,,4,12282,"<span lang=""EN-GB"">Suppose you are at your gym and you want to track the amount of calories&nbsp;</span>you have burnt your workout.&nbsp;"
11/2/2018 17:50,11/2/2018 17:50,0,71.183.92.137,100,11,1,11/2/2018 17:50,R_2Pe94DXcQhWK77z,,,,,40.78160095,-73.95110321,anonymous,EN,2,,,,,,,,,,,,,,,,,,,,,,,,,,,,,,,,,,,,,,,,,,,,,,,,,,,,,,,,,,,,,,,,,,,,,,,,,,,,,,,,,,,,,,,,,,,,,,,,,,,,,,,,,,,,,,,,,,,,,,,,,,,,,,,,,,,,,,,,,,,,,,,,,,,,,,,,,,,,,,,,,,,,,,,,,,,,,,,,,,,,,,,,,,,,,,,,,,,,,,,,,,,,,,,,,,,2925,"<span lang=""EN-GB"">Suppose
     you want to find a route to home when you are alone at Starbucks.<o:p></o:p></span>"
11/2/2018 17:57,11/2/2018 17:57,0,137.186.213.200,100,12,1,11/2/2018 17:57,R_1IsIP7wJuqAc9CO,,,,,51.06210327,-114.1158981,anonymous,EN,1,,,,,,,,,,,,,,,,,,,,,,,,,,,,,,,,,,,,,,,,,,,,,,,,,,,,,,,,,,,,,,,,,,,,,,,,,,,,,,,,,,,,,,,,,,,,,,,,,,,,,,,,,,,,,,,,,,,,,,,,,,,,,,,,,,,,,,,,,,,,,,,,,,,,,,,,,,,,,,,,,,,,,,,,,,,,,,,,,,,,,,,,,,,,,,,,,,,,,,,,,,,,,,,,,,,83690,"<span lang=""EN-GB"" style=""font-size:11.0pt;line-height:115%;
font-family:&quot;Arial&quot;,sans-serif;mso-fareast-font-family:Arial;mso-ansi-language:
EN-GB;mso-fareast-language:EN-US;mso-bidi-language:AR-SA"">Suppose you have
planned to meet a friend next week and you want put this on your calendar<span style=""color:#434343""> when you with </span>people you know (e.g.,
acquaintances, colleagues)<span style=""color:#434343""> at a park</span></span>"
11/2/2018 17:55,11/2/2018 17:58,0,73.61.250.63,100,221,1,11/2/2018 17:58,R_BWI2ojlRIeMIZt7,,,,,41.31539917,-72.69680023,anonymous,EN,"1,2,3,4,5,6",2,,1,,2,,1,,3,,"1,3",2,,"1,2,3",,1,2,,1,,"1,2,3,4",,1,,"1,2,3",,2,,,,,,,,,,,,,,,,,,,,,,,,,,,,,,,,,,,,,,,,,,,,,,,,,,,,,,,,,,,,,,,,,,,,,,,,,,,,,,,,,,,,,,,,,,,,,,,,,,,,,,,,,,,,,,,,,,,,,,,,,,,,,,,,,,,,,,,,,,,,,,,,,,,,,,,,,,,,,,,,,,,,,,,,,,,,,,,,,,,,,,,,76991,"<span lang=""EN-GB"">Suppose
     you want to listen to some audio when you are with people you know (e.g.,
     acquaintances, colleagues) in a park.<o:p></o:p></span>


<p><span lang=""EN-GB"" style=""color:red"">&nbsp;</span></p>"
11/2/2018 17:58,11/2/2018 18:02,0,24.25.209.32,100,237,1,11/2/2018 18:02,R_dm2HptQbLOSyzap,,,,,33.09539795,-117.2619019,anonymous,EN,"1,2,3","2,4,5",,1,,1,,1,,1,,3,"1,2",,"1,3",,1,3,,"1,2",,"3,4",,"1,2",,"1,3",,2,,,,,,,,,,,,,,,,,,,,,,,,,,,,,,,,,,,,,,,,,,,,,,,,,,,,,,,,,,,,,,,,,,,,,,,,,,,,,,,,,,,,,,,,,,,,,,,,,,,,,,,,,,,,,,,,,,,,,,,,,,,,,,,,,,,,,,,,,,,,,,,,,,,,,,,,,,,,,,,,,,,,,,,,,,,,,,,,,,,,,,,,54453,"<span lang=""EN-GB"">Suppose
     you want to a send an email when you are surrounded by people you know
     (e.g., acquaintances, colleagues) your home.<o:p></o:p></span>"
11/2/2018 17:59,11/2/2018 18:03,0,50.89.213.70,100,220,1,11/2/2018 18:03,R_1r9CMebQAJr66tA,,,,,29.16000366,-81.02690125,anonymous,EN,"1,2,3,4,5,6","1,2,3",,1,,1,,3,,1,,3,"1,2",,1,,3,"1,2",,1,,"2,3",,1,,"1,2",,1,,2,,,,,,,,,,,,,,,,,,,,,,,,,,,,,,"1,2,3",,1,,1,,1,,1,,3,1,,1,,1,,"1,2",,"2,3",,1,,"2,3",,1,,1,,,,,,,,,,,,,,,,,,,,,,,,,,,,,,,,,,,,,,,,,,,,,,,,,,,,,,,,,,,,,,,,,,,,,,,,,,,,,,,,,,,,,,,,,,,,,,,,,,,,,,,,,,,,,,,,,,,,,,Male,23,Retail sales associate,2,1,,3,28783,"<span lang=""EN-GB"">Suppose
     you want to call your mother for sharing an important update about your
     life yourself when you are with a very close friend at a park.&nbsp;<o:p></o:p></span>"
11/2/2018 18:03,11/2/2018 18:06,0,143.59.53.170,100,232,1,11/2/2018 18:06,R_25GHKzCvqvCHisF,,,,,33.36959839,-84.81939697,anonymous,EN,"1,2,3,4,5",4,,3,,1,,1,,2,,2,3,,3,,2,3,,3,,4,,2,,2,,2,,,,,,,,,,,,,,,,,,,,,,,,,,,,,,,,,,,,,,,,,,,,,,,,,,,,,,,,,,,,,,,,,,,,,,,,,,,,,,,,,,,,,,,,,,,,,,,,,,,,,,,,,,,,,,,,,,,,,,,,,,,,,,,,,,,,,,,,,,,,,,,,,,,,,,,,,,,,,,,,,,,,,,,,,,,,,,,,,,,,,,,,42838,"<span lang=""EN-GB"">Suppose you are at work with some people you know (e.g., acquaintances, colleagues) when you realize that you have to immediately pay one of your bills online.<o:p></o:p></span>"
11/2/2018 18:01,11/2/2018 18:10,0,108.91.68.91,100,556,1,11/2/2018 18:10,R_tLjlufeyUWKQ3Xb,,,,,37.76409912,-122.1632996,anonymous,EN,"1,2,4","1,4",,5,,"1,2,3,4",,1,,1,,"2,3",5,,"2,3",,"2,3",3,,"1,2",,3,,"1,2",,1,,2,,2,,,,,,,,,,,,,,,,,,,,,,,,,,,,,,"1,4",,3,,"1,2,3,4",,1,,2,,1,2,,"2,3",,"2,3",,"2,4",,3,,"1,2",,"2,3",,"1,2",,"1,2",,,,,,,,,,,,,,,,,,,,,,,,,,,,,,,,,,,,,,,,,,,,,,,,,,,,,,,,,,,,,,,,,,,,,,,,,,,,,,,,,,,,,,,,,,,,,,,,,,,,,,,,,,,,,,,,,,,,,,,,,,,,,81793,"<span lang=""EN-GB"">Suppose you want to find a route to home while walking on a street with your close friends.<o:p></o:p></span>"
11/2/2018 18:22,11/2/2018 18:22,0,107.77.235.5,100,30,1,11/2/2018 18:22,R_2aaulVRcElpvUgo,,,,,37.75100708,-97.8219986,anonymous,EN,"1,2",,,,,,,,,,,,,,,,,,,,,,,,,,,,,,,,,,,,,,,,,,,,,,,,,,,,,,,,,,,,,,,,,,,,,,,,,,,,,,,,,,,,,,,,,,,,,,,,,,,,,,,,,,,,,,,,,,,,,,,,,,,,,,,,,,,,,,,,,,,,,,,,,,,,,,,,,,,,,,,,,,,,,,,,,,,,,,,,,,,,,,,,,,,,,,,,,,,,,,,,,,,,,,,,,,,31743,"<span lang=""EN-GB"">Suppose
     you want to watch some video when
     you are at home with people you are close to (e.g., friends, family
     members)<strong><o:p></o:p></strong></span>"
11/2/2018 18:27,11/2/2018 18:27,0,72.83.146.96,100,18,1,11/2/2018 18:27,R_2Cw80PbXmY6aoUC,,,,,38.98390198,-77.36750031,anonymous,EN,"2,6",,,,,,,,,,,,,,,,,,,,,,,,,,,,,,,,,,,,,,,,,,,,,,,,,,,,,,,,,,,,,,,,,,,,,,,,,,,,,,,,,,,,,,,,,,,,,,,,,,,,,,,,,,,,,,,,,,,,,,,,,,,,,,,,,,,,,,,,,,,,,,,,,,,,,,,,,,,,,,,,,,,,,,,,,,,,,,,,,,,,,,,,,,,,,,,,,,,,,,,,,,,,,,,,,,,28394,"<span lang=""EN-GB"">Suppose
     you want to a view a text message when you are alone at Starbucks.<o:p></o:p></span>"
11/2/2018 18:38,11/2/2018 18:39,0,99.19.72.18,100,20,1,11/2/2018 18:39,R_2afQZpOBPlYuG7T,,,,,34.75100708,-92.34549713,anonymous,EN,"2,3",,,,,,,,,,,,,,,,,,,,,,,,,,,,,,,,,,,,,,,,,,,,,,,,,,,,,,,,,,,,,,,,,,,,,,,,,,,,,,,,,,,,,,,,,,,,,,,,,,,,,,,,,,,,,,,,,,,,,,,,,,,,,,,,,,,,,,,,,,,,,,,,,,,,,,,,,,,,,,,,,,,,,,,,,,,,,,,,,,,,,,,,,,,,,,,,,,,,,,,,,,,,,,,,,,,1587,"<span lang=""EN-GB"">Suppose
     you want to listen to some audio when you are with your friends at
     Starbucks.<o:p></o:p></span>"
10/26/2018 19:05,10/26/2018 19:09,0,24.179.90.57,88,209,0,11/2/2018 19:09,R_2wGruIFjdnd7Ohv,,,,,,,anonymous,EN,"2,3,4",3,,2,,3,,3,,4,,3,2,,3,,3,4,,3,,4,,3,,5,,4,,2,,,,,,,,,,,,,,,,,,,,,,,,,,,,,,,,,,,,,,,,,,,,,,,,,,,,,,,,,,,,,,,,,,,,,,,,,,,,,,,,,,,,,,,,,,,,,,,,,,,,,,,,,,,,,,,,,,,,,,,,,,,,,,,,,,,,,,,,,,,,,,,,,,,,,,,,,,,,,,,,,,,,,,,,,,,,,,,,,,,,,,96476,"Suppose you want to purchase something (e.g., book,
     household items) online when you are with people
     you know (e.g., acquaintances, colleagues) at
     Starbucks.<o:p></o:p>"
11/2/2018 19:21,11/2/2018 19:24,0,76.103.55.77,100,208,1,11/2/2018 19:24,R_6ExwLCd7EGWuRvr,,,,,37.93240356,-121.6893997,anonymous,EN,"1,2,4,5","2,5",,"1,3",,"1,3,4",,1,,1,,"1,3","1,2,3",,"1,3",,"2,3",6,,"1,2",,"3,4",,1,,5,,2,,,,,,,,,,,,,,,,,,,,,,,,,,,,,,,,,,,,,,,,,,,,,,,,,,,,,,,,,,,,,,,,,,,,,,,,,,,,,,,,,,,,,,,,,,,,,,,,,,,,,,,,,,,,,,,,,,,,,,,,,,,,,,,,,,,,,,,,,,,,,,,,,,,,,,,,,,,,,,,,,,,,,,,,,,,,,,,,,,,,,,,,70521,"<span lang=""EN-GB"">Suppose
     you want to a send a text message when you are with a very close friend at
     a restaurant&nbsp;<o:p></o:p></span>"
11/2/2018 19:15,11/2/2018 19:25,0,71.176.70.228,100,568,1,11/2/2018 19:25,R_2TmxxIfSclzaC6g,,,,,43.03540039,-76.12819672,anonymous,EN,"1,2,3,4,5",2,,5,,2,,1,,1,,1,5,,5,,1,3,,"1,2",,2,,"1,2",,1,,1,,"1,2,4",2,,5,,"1,2",,1,,1,,4,5,,5,,5,,3,,3,,"1,2",,3,,1,,4,,2,,5,,2,,1,,1,,3,5,,5,,5,,"2,3",,2,,5,,2,,1,,1,,,,,,,,,,,,,,,,,,,,,,,,,,,,,,,2,,5,,1,,1,,1,,1,5,,2,,2,,3,,3,,"1,2",,3,,5,,4,,,,,,,,,,,,,,,,,,,,,,,,,,,,,,,,,,,,,,,,,,,,,,,,,,,,,,,,,,,,Female,34,Nurse,5,1,,4,68954,"<span lang=""EN-GB"">Suppose
     you want to take a click a photo when you are with people you are close to
     (e.g., friends, family members) at home<o:p></o:p></span>"
11/2/2018 19:28,11/2/2018 19:28,0,24.128.196.239,100,29,1,11/2/2018 19:28,R_22CUtB90BK1FsQk,,,,,42.67349243,-82.91629791,anonymous,EN,3,,,,,,,,,,,,,,,,,,,,,,,,,,,,,,,,,,,,,,,,,,,,,,,,,,,,,,,,,,,,,,,,,,,,,,,,,,,,,,,,,,,,,,,,,,,,,,,,,,,,,,,,,,,,,,,,,,,,,,,,,,,,,,,,,,,,,,,,,,,,,,,,,,,,,,,,,,,,,,,,,,,,,,,,,,,,,,,,,,,,,,,,,,,,,,,,,,,,,,,,,,,,,,,,,,,86552,"<span lang=""EN-GB"">Suppose you are at sitting in a park and you want to play a digital/online game.<o:p></o:p></span>"
11/2/2018 19:28,11/2/2018 19:29,0,24.128.196.239,100,12,1,11/2/2018 19:29,R_ymfzBwOHaVJhXKF,,,,,42.67349243,-82.91629791,anonymous,EN,2,,,,,,,,,,,,,,,,,,,,,,,,,,,,,,,,,,,,,,,,,,,,,,,,,,,,,,,,,,,,,,,,,,,,,,,,,,,,,,,,,,,,,,,,,,,,,,,,,,,,,,,,,,,,,,,,,,,,,,,,,,,,,,,,,,,,,,,,,,,,,,,,,,,,,,,,,,,,,,,,,,,,,,,,,,,,,,,,,,,,,,,,,,,,,,,,,,,,,,,,,,,,,,,,,,,19364,"<span lang=""EN-GB"">Suppose you want to read a digital document when you are at Starbucks with people you know (e.g., acquaintances, colleagues).<o:p></o:p></span>"
11/2/2018 19:24,11/2/2018 19:30,0,142.129.208.191,100,343,1,11/2/2018 19:30,R_3031JK3atvGQPZw,,,,,33.81100464,-117.2180023,anonymous,EN,"2,3,4,5","2,3,4,5",,"1,4",a mouse or stylus,"1,2,3",,1,,1,,3,"1,2,3",,"2,3",,"2,3","1,2,3",,"1,2,3",,"3,4",,"1,2,3",,"1,2,3",,1,,,,,,,,,,,,,,,,,,,,,,,,,,,,,,,,,,,,,,,,,,,,,,,,,,,,,,,,,,,,,,,,,,,,,,,,,,,,,,,,,,,,,,,,,,,,,,,,,,,,,,,,,,,,,,,,,,,,,,,,,,,,,,,,,,,,,,,,,,,,,,,,,,,,,,,,,,,,,,,,,,,,,,,,,,,,,,,,,,,,,,,,30201,"<span lang=""EN-GB"">Suppose you want to browse the internet when you are at home with people you know (e.g., acquaintances, colleagues).<o:p></o:p></span>"
11/2/2018 19:39,11/2/2018 19:40,0,64.53.70.241,100,44,1,11/2/2018 19:40,R_uhahcIpsC7VHbqh,,,,,32.251297,-80.87210083,anonymous,EN,"2,3",,,,,,,,,,,,,,,,,,,,,,,,,,,,,,,,,,,,,,,,,,,,,,,,,,,,,,,,,,,,,,,,,,,,,,,,,,,,,,,,,,,,,,,,,,,,,,,,,,,,,,,,,,,,,,,,,,,,,,,,,,,,,,,,,,,,,,,,,,,,,,,,,,,,,,,,,,,,,,,,,,,,,,,,,,,,,,,,,,,,,,,,,,,,,,,,,,,,,,,,,,,,,,,,,,,27817,"<span lang=""EN-GB"">Suppose
     you want to set up a reminder when you are at a park by yourself.<o:p></o:p></span>"
11/2/2018 19:48,11/2/2018 19:49,0,68.13.242.115,100,48,1,11/2/2018 19:49,R_1HcU8cKzPLMAieC,,,,,36.0605011,-95.94519806,anonymous,EN,"1,2,3,4,6","2,4",,"2,3",,"1,3",,1,,2,,3,"2,3",,2,,2,"3,4",,3,,"3,4",,"1,2",,"2,3",,2,,,,,,,,,,,,,,,,,,,,,,,,,,,,,,,,,,,,,,,,,,,,,,,,,,,,,,,,,,,,,,,,,,,,,,,,,,,,,,,,,,,,,,,,,,,,,,,,,,,,,,,,,,,,,,,,,,,,,,,,,,,,,,,,,,,,,,,,,,,,,,,,,,,,,,,,,,,,,,,,,,,,,,,,,,,,,,,,,,,,,,,,79200,"<span lang=""EN-GB"">Suppose you want to a send a text message when you are alone at a street.<o:p></o:p></span>"
11/2/2018 19:54,11/2/2018 19:56,0,108.49.185.69,100,103,1,11/2/2018 19:56,R_3FRwaeOr0dLhhHQ,,,,,42.10620117,-70.69930267,anonymous,EN,"1,2,3,4,5,6","3,4",,3,,"2,3",,1,,3,,2,3,,2,,2,"2,3",,2,,2,,"1,2,3",,2,,2,,,,,,,,,,,,,,,,,,,,,,,,,,,,,,,,,,,,,,,,,,,,,,,,,,,,,,,,,,,,,,,,,,,,,,,,,,,,,,,,,,,,,,,,,,,,,,,,,,,,,,,,,,,,,,,,,,,,,,,,,,,,,,,,,,,,,,,,,,,,,,,,,,,,,,,,,,,,,,,,,,,,,,,,,,,,,,,,,,,,,,,,77815,"<span lang=""EN-GB"">Suppose you are at Starbucks with your close friends and you realize today is the last day to pay one of your bills online.<o:p></o:p></span>"
11/2/2018 20:10,11/2/2018 20:14,0,71.38.184.119,100,191,1,11/2/2018 20:14,R_3fCVEjpV5v6cdbG,,,,,36.17050171,-115.217598,anonymous,EN,"1,2,3,4,5",7,,5,,6,,1,,4,,1,3,,5,,4,6,,5,,7,,5,,5,,4,,,,,,,,,,,,,,,,,,,,,,,,,,,,,,,,,,,,,,,,,,,,,,,,,,,,,,,,,,,,,,,,,,,,,,,,,,,,,,,,,,,,,,,,,,,,,,,,,,,,,,,,,,,,,,,,,,,,,,,,,,,,,,,,,,,,,,,,,,,,,,,,,,,,,,,,,,,,,,,,,,,,,,,,,,,,,,,,,,,,,,,,53448,"<span lang=""EN-GB"" style=""font-size:11.0pt;line-height:115%;
font-family:&quot;Arial&quot;,sans-serif;mso-fareast-font-family:Arial;mso-ansi-language:
EN-GB;mso-fareast-language:EN-US;mso-bidi-language:AR-SA"">Suppose you want to
take a click a photo when you are at Starbucks.</span>"
11/2/2018 20:13,11/2/2018 20:14,0,66.41.58.91,100,28,1,11/2/2018 20:14,R_RUoXvWKR3kLp3a1,,,,,45.11940002,-93.3431015,anonymous,EN,"1,2",,,,,,,,,,,,,,,,,,,,,,,,,,,,,,,,,,,,,,,,,,,,,,,,,,,,,,,,,,,,,,,,,,,,,,,,,,,,,,,,,,,,,,,,,,,,,,,,,,,,,,,,,,,,,,,,,,,,,,,,,,,,,,,,,,,,,,,,,,,,,,,,,,,,,,,,,,,,,,,,,,,,,,,,,,,,,,,,,,,,,,,,,,,,,,,,,,,,,,,,,,,,,,,,,,,16476,"<span lang=""EN-GB"">Suppose you want to watch some video when you are with your close friends at Starbucks.<o:p></o:p></span>"
11/2/2018 20:14,11/2/2018 20:23,0,97.119.156.237,100,482,1,11/2/2018 20:23,R_bDVBAUXExqZXKQp,,,,,41.23350525,-96.1187973,anonymous,EN,"1,2,4",7,,3,,1,,1,,2,,3,"1,2,3",,2,,3,1,,2,,6,,2,,"1,2",,"1,2",,2,,,,,,,,,,,,,,,,,,,,,,,,,,,,,,"1,2",,1,,1,,3,,1,,4,3,,5,,5,,6,,7,,2,,3,,"1,2",,4,,,,,,,,,,,,,,,,,,,,,,,,,,,,,,,,,,,,,,,,,,,,,,,,,,,,,,,,,,,,,,,,,,,,,,,,,,,,,,,,,,,,,,,,,,,,,,,,,,,,,,,,,,,,,,,,,,,,,,,,,,,,,91742,"<span lang=""EN-GB"">Suppose you want to browse internet when you are with your close friends at a restaurant.<o:p></o:p></span>"
11/2/2018 20:30,11/2/2018 20:33,0,108.85.34.109,100,138,1,11/2/2018 20:33,R_3EYDEHn26eSP5iO,,,,,33.12480164,-86.86219788,anonymous,EN,"1,2",,,,,,,,,,,,,,,,,,,,,,,,,,,,,,,,,,,,,,,,,,,,,,,,,,,,,,,,,,,,,,,,,,,,,,,,,,,,,,,,,,,,,,,,,,,,,,,,,,,,,,,,,,,,,,,,,,,,,,,,,,,,,,,,,,,,,,,,,,,,,,,,,,,,,,,,,,,,,,,,,,,,,,,,,,,,,,,,,,,,,,,,,,,,,,,,,,,,,,,,,,,,,,,,,,,64097,"<span lang=""EN-GB"">Suppose
     you want to read a digital document when you are alone at home.<strong><o:p></o:p></strong></span>"
11/2/2018 20:18,11/2/2018 20:37,0,173.94.195.160,100,1149,1,11/2/2018 20:37,R_1oHmXgQhuymxmEa,,,,,36.34320068,-79.66419983,anonymous,EN,"1,2,4,5,6","1,2,4,5",,"1,2",,"1,2,3,4",,"1,2",being able to switch from one device to another.,"2,3",,3,"1,2,3",,"1,2,3",,3,"1,2,3,4",,"1,2,3",,"1,2,3,4",,"1,2,3",,"1,2,3",,"1,2",,"1,2,4,6","2,4,5",,"1,2,3",,"1,2,3",,1,,"1,2,3,4",,"1,2,3","1,2,3",,"1,2,3",,"1,2,3",,"1,2,3",,"2,3,4",,"1,2",,"2,3,4",,"1,2,3",,"1,2",,"1,2,3,4,5",,"1,2,3",,"1,2,3,4",,1,,"1,2,3,4",,"1,2,3","1,2,3",,"1,2,3",,"1,2,3",,"1,2,3,4",,"1,2,3,4",,"1,2,3",,"2,3,4",,"1,2,3",,"1,2",,,,,,,,,,,,,,,,,,,,,,,,,,,,,,,"1,2,4,5",,"1,2,3",,"1,2,3,4",,1,,"1,2,3,4",,3,"1,2,3",,"1,2,3",,"1,2,3",,"1,2,3,4",,"2,3,4",,"1,2,3",,"2,3,4",,"1,2,3",,"1,2",,,,,,,,,,,,,,,,,,,,,,,,,,,,,,,"1,2,3,4,5",,"1,2,3",,"1,2,3",,1,,"1,2,3,4",,"1,2,3","1,2,3",,"1,2,3",,"1,2,3",,"1,2,3,4",,"2,3,4",,"1,2,3",,"2,3,4",,"1,2,3",,"1,2",,,,,,,,,27306,"<span lang=""EN-GB"" style=""font-size:11.0pt;line-height:115%;
font-family:&quot;Arial&quot;,sans-serif;mso-fareast-font-family:Arial;mso-ansi-language:
EN-GB;mso-fareast-language:EN-US;mso-bidi-language:AR-SA"">Suppose you want to check your social media when you are alone in a park.</span>"
11/2/2018 20:48,11/2/2018 20:49,0,24.3.88.250,100,62,1,11/2/2018 20:49,R_tYYEc32XhXKtH1v,,,,,40.41810608,-80.05259705,anonymous,EN,"1,2",,,,,,,,,,,,,,,,,,,,,,,,,,,,,,,,,,,,,,,,,,,,,,,,,,,,,,,,,,,,,,,,,,,,,,,,,,,,,,,,,,,,,,,,,,,,,,,,,,,,,,,,,,,,,,,,,,,,,,,,,,,,,,,,,,,,,,,,,,,,,,,,,,,,,,,,,,,,,,,,,,,,,,,,,,,,,,,,,,,,,,,,,,,,,,,,,,,,,,,,,,,,,,,,,,,72464,"<span lang=""EN-GB"">Suppose
     you want to purchase something online when you are alone at Starbucks.<o:p></o:p></span>"
11/2/2018 19:26,11/2/2018 20:51,0,71.176.70.228,100,5098,1,11/2/2018 20:51,R_0NVOrOxkb1IzJ9T,,,,,43.03540039,-76.12819672,anonymous,EN,"1,2,3,4,5","1,2",,5,,2,,1,,1,,4,"1,2",,5,,4,6,,"1,2",,"2,3",,"1,2",,"1,2",,4,,"1,3,4,5","1,2",,1,,2,,1,,1,,1,1,,5,,5,,"1,3",,2,,"1,2",,2,,1,,"1,2",,,,,,,,,,,,,,,,,,,,,,,,,,,,,,,4,,5,,1,,3,,1,,1,5,,5,,5,,2,,"2,3",,"1,2",,"2,3",,"1,2",,1,,"1,2",,5,,"2,3",,1,,1,,3,5,,5,,5,,2,,"2,3",,"1,2",,"2,3",,1,,"1,2",,1,,5,,"1,2",,1,,1,,"1,2",5,,5,,5,,4,,2,,3,,2,,1,,4,,,,,,,,,,,,,,,,,,,,,,,,,,,,,,,Male,22,Student,3,2,,3,25380,"<span lang=""EN-GB"">Suppose
     you want to listen to some audio when you are with people you know (e.g.,
     acquaintances, colleagues) at your home.<o:p></o:p></span>"
11/2/2018 20:50,11/2/2018 20:54,0,74.136.226.55,100,240,1,11/2/2018 20:54,R_2wh3C1PETcqDe8x,,,,,38.00100708,-84.52819824,anonymous,EN,"1,2,3",1,,"1,2",,"1,2,3,4",,1,,1,,"2,3",1,,"1,2",,1,1,,"2,3",,"1,3",,"1,2",,1,,"1,2",,,,,,,,,,,,,,,,,,,,,,,,,,,,,,,,,,,,,,,,,,,,,,,,,,,,,,,,,,,,,,,,,,,,,,,,,,,,,,,,,,,,,,,,,,,,,,,,,,,,,,,,,,,,,,,,,,,,,,,,,,,,,,,,,,,,,,,,,,,,,,,,,,,,,,,,,,,,,,,,,,,,,,,,,,,,,,,,,,,,,,,,72715,"<span lang=""EN-GB"">Suppose you want to browse the internet when you are at home with people you are close to (e.g., friends, family members)<strong><o:p></o:p></strong></span>"
11/2/2018 20:56,11/2/2018 20:57,0,74.118.139.120,100,24,1,11/2/2018 20:57,R_2P1lZDCizkW6y7E,,,,,40.44059753,-79.99590302,anonymous,EN,2,,,,,,,,,,,,,,,,,,,,,,,,,,,,,,,,,,,,,,,,,,,,,,,,,,,,,,,,,,,,,,,,,,,,,,,,,,,,,,,,,,,,,,,,,,,,,,,,,,,,,,,,,,,,,,,,,,,,,,,,,,,,,,,,,,,,,,,,,,,,,,,,,,,,,,,,,,,,,,,,,,,,,,,,,,,,,,,,,,,,,,,,,,,,,,,,,,,,,,,,,,,,,,,,,,,13228,"<span lang=""EN-GB"">Suppose you want to browse the internet when you are alone at a restaurant.<o:p></o:p></span>"
11/2/2018 20:57,11/2/2018 20:59,0,74.118.139.120,100,103,1,11/2/2018 20:59,R_2EHwiTWQqmAB0Da,,,,,40.44059753,-79.99590302,anonymous,EN,"1,2,4,5,6","2,3",,"1,2,3",,"1,3",,1,,"1,3",,"1,3","1,3",,3,,"1,2","1,2,4",,"1,2,3",,"1,2,4",,"1,2,3",,"1,2",,1,,,,,,,,,,,,,,,,,,,,,,,,,,,,,,,,,,,,,,,,,,,,,,,,,,,,,,,,,,,,,,,,,,,,,,,,,,,,,,,,,,,,,,,,,,,,,,,,,,,,,,,,,,,,,,,,,,,,,,,,,,,,,,,,,,,,,,,,,,,,,,,,,,,,,,,,,,,,,,,,,,,,,,,,,,,,,,,,,,,,,,,,89714,"<span lang=""EN-GB"">Suppose you are alone at home when you realize today is the last day to pay one of your bills online.<o:p></o:p></span>"
11/2/2018 20:51,11/2/2018 21:04,0,71.176.70.228,100,759,1,11/2/2018 21:04,R_2rBLMQs6njc1Zxg,,,,,43.03540039,-76.12819672,anonymous,EN,"1,2,3,4,5","1,2",,5,,2,,3,,1,,"1,2",5,,5,,"1,2",6,,"1,2",,"2,3,4",,"1,2",,1,,4,,"1,3,4,5","1,2",,5,,"2,3",,3,,1,,4,5,,5,,5,,3,,3,,"1,2",,3,,1,,4,,,,,,,,,,,,,,,,,,,,,,,,,,,,,,,"1,4",,5,,1,,3,,1,,3,5,,5,,5,,2,,"2,3",,"1,2",,"2,3",,5,,4,,"1,2",,1,,"1,2",,3,,1,,3,5,,5,,5,,2,,"2,3",,2,,"2,3",,1,,4,,7,,5,,4,,3,,"2,4",,2,"2,3",,5,,5,,"2,4",,"2,4",,3,,"2,4",,5,,4,,,,,,,,,,,,,,,,,,,,,,,,,,,,,,,Female,37,HR manager,5,1,,5,97459,"<span lang=""EN-GB"" style=""font-size:11.0pt;line-height:115%;
font-family:&quot;Arial&quot;,sans-serif;mso-fareast-font-family:Arial;mso-ansi-language:
EN-GB;mso-fareast-language:EN-US;mso-bidi-language:AR-SA"">Suppose you want to
find a route to a coffee shop when you are alone at home.</span>"
11/2/2018 21:04,11/2/2018 21:04,0,69.92.53.41,100,23,1,11/2/2018 21:04,R_1JL3Joc4GcTeCuJ,,,,,33.74499512,-96.54959869,anonymous,EN,"1,2",,,,,,,,,,,,,,,,,,,,,,,,,,,,,,,,,,,,,,,,,,,,,,,,,,,,,,,,,,,,,,,,,,,,,,,,,,,,,,,,,,,,,,,,,,,,,,,,,,,,,,,,,,,,,,,,,,,,,,,,,,,,,,,,,,,,,,,,,,,,,,,,,,,,,,,,,,,,,,,,,,,,,,,,,,,,,,,,,,,,,,,,,,,,,,,,,,,,,,,,,,,,,,,,,,,75694,"<span lang=""EN-GB"">Suppose you are on a short vacation alone and you want to take a picture in front&nbsp;</span>of an iconic monument."
11/2/2018 21:00,11/2/2018 21:07,0,73.214.4.135,100,402,1,11/2/2018 21:07,R_1gBFCyn1j8ZCiJJ,,,,,40.30740356,-79.54239655,anonymous,EN,"1,2,3,4",2,,5,,2,,1,,3,,1,3,,"2,3",,3,1,,2,,1,,2,,1,,1,,,,,,,,,,,,,,,,,,,,,,,,,,,,,,,,,,,,,,,,,,,,,,,,,,,,,,,,,,,,,,,,,,,,,,,,,,,,,,,,,,,,,,,,,,,,,,,,,,,,,,,,,,,,,,,,,,,,,,,,,,,,,,,,,,,,,,,,,,,,,,,,,,,,,,,,,,,,,,,,,,,,,,,,,,,,,,,,,,,,,,,,45502,"<span lang=""EN-GB"">Suppose
     you want to a send a text message when you are surrounded by people you
     know (e.g., acquaintances, colleagues) at a restaurant.<o:p></o:p></span>"
10/26/2018 21:07,10/26/2018 21:07,0,74.89.46.57,1,28,0,11/2/2018 21:07,R_XGn7KYLLuUNY2K5,,,,,,,anonymous,EN,,,,,,,,,,,,,,,,,,,,,,,,,,,,,,,,,,,,,,,,,,,,,,,,,,,,,,,,,,,,,,,,,,,,,,,,,,,,,,,,,,,,,,,,,,,,,,,,,,,,,,,,,,,,,,,,,,,,,,,,,,,,,,,,,,,,,,,,,,,,,,,,,,,,,,,,,,,,,,,,,,,,,,,,,,,,,,,,,,,,,,,,,,,,,,,,,,,,,,,,,,,,,,,,,,,,9930,"Suppose you want to find a route to a coffee shop
     when you are at home with your by your colleagues<o:p></o:p>"
11/2/2018 21:10,11/2/2018 21:11,0,186.94.161.43,100,93,1,11/2/2018 21:11,R_1eUJmUpSQKvvaSp,,,,,10.63169861,-71.64060211,anonymous,EN,1,,,,,,,,,,,,,,,,,,,,,,,,,,,,,,,,,,,,,,,,,,,,,,,,,,,,,,,,,,,,,,,,,,,,,,,,,,,,,,,,,,,,,,,,,,,,,,,,,,,,,,,,,,,,,,,,,,,,,,,,,,,,,,,,,,,,,,,,,,,,,,,,,,,,,,,,,,,,,,,,,,,,,,,,,,,,,,,,,,,,,,,,,,,,,,,,,,,,,,,,,,,,,,,,,,,17168,"<span lang=""EN-GB"">Suppose
     you are at a park and you realize today is the last day to pay one of your
     bills online.<o:p></o:p></span>"
11/2/2018 21:13,11/2/2018 21:13,0,76.84.197.110,100,19,1,11/2/2018 21:13,R_1QKIudYEe429SCS,,,,,40.67469788,-95.86190033,anonymous,EN,"1,2",,,,,,,,,,,,,,,,,,,,,,,,,,,,,,,,,,,,,,,,,,,,,,,,,,,,,,,,,,,,,,,,,,,,,,,,,,,,,,,,,,,,,,,,,,,,,,,,,,,,,,,,,,,,,,,,,,,,,,,,,,,,,,,,,,,,,,,,,,,,,,,,,,,,,,,,,,,,,,,,,,,,,,,,,,,,,,,,,,,,,,,,,,,,,,,,,,,,,,,,,,,,,,,,,,,40497,"<span lang=""EN-GB"">Suppose
     you want to purchase something (e.g., book, household items) online when
     you are with your close friends at a park.<o:p></o:p></span>"
11/2/2018 21:05,11/2/2018 21:15,0,71.176.70.228,100,640,1,11/2/2018 21:15,R_5pdEsxGdCC3E2K5,,,,,43.03540039,-76.12819672,anonymous,EN,"1,2,3,4,5","1,2",,5,,2,,3,,1,,4,"1,3",,5,,4,"2,3",,"2,3",,"2,3",,"2,3",,5,,4,,"2,4,5",,,,,,,,,,,,,,,,,,,,,,,,,,,,,,"1,2",,5,,2,,1,,6,,4,5,,2,,2,,3,,"1,2,3",,2,,"1,2,3",,5,,4,,,,,,,,,,,,,,,,,,,,,,,,,,,,,,,2,,5,,"1,2",,3,,1,,4,5,,5,,5,,3,,"2,3",,"1,2",,"2,3",,5,,4,,1,,5,,"2,4",,1,,"3,4",,"1,2",5,,"2,3",,"2,3",,4,,"2,4",,3,,"2,4",,5,,4,,,,,,,,,,,,,,,,,,,,,,,,,,,,,,,Male,39,Analyst,4,1,,3,70267,"<span lang=""EN-GB"">Suppose
     you want to a send a text message when you are alone at home<strong><o:p></o:p></strong></span>"
11/2/2018 21:19,11/2/2018 21:21,0,47.134.148.164,100,120,1,11/2/2018 21:21,R_SVMISnZPc1sdcmB,,,,,35.90600586,-82.07050323,anonymous,EN,"1,3,4,6","1,2",,"1,3",,1,,1,,2,,"1,2",1,,"1,2",,2,"1,2",,1,,"2,3",,2,,"1,3",,"1,2",,,,,,,,,,,,,,,,,,,,,,,,,,,,,,,,,,,,,,,,,,,,,,,,,,,,,,,,,,,,,,,,,,,,,,,,,,,,,,,,,,,,,,,,,,,,,,,,,,,,,,,,,,,,,,,,,,,,,,,,,,,,,,,,,,,,,,,,,,,,,,,,,,,,,,,,,,,,,,,,,,,,,,,,,,,,,,,,,,,,,,,,50469,"<span lang=""EN-GB"">Suppose you want to browse through one of your social media profiles when you&nbsp;</span>are at your home."
11/2/2018 21:16,11/2/2018 21:28,0,71.237.150.35,100,751,1,11/2/2018 21:28,R_3ke4DcRVPhF9fuW,,,,,44.94900513,-123.0039978,anonymous,EN,"1,2,3,5","1,2,5",,"1,2",,"1,2,3,4",,1,,"1,4",,"2,3","2,3",,"1,2,3",,"2,3","2,4",,"1,2,3",,"2,3,4,6",,"1,2,3",,"1,2,3",,4,,"1,2,5",4,,"1,3",,1,,3,,1,,1,"1,3",,"1,3",,1,,"1,2",,"1,3,4",,"1,2",,"3,4",,"1,2,3",,"1,2",,"2,5",,1,,"1,2,3",,1,,1,,"2,3","1,2,3",,"1,2",,"1,3",,2,,"1,3",,"1,2",,"1,3",,"1,2",,2,,,,,,,,,,,,,,,,,,,,,,,,,,,,,,,,,,,,,,,,,,,,,,,,,,,,,,,,,,,,1,,2,,"1,2,4",,1,,"1,4",,1,"1,2,3",,1,,1,,"2,4",,"1,2,4",,3,,"1,2",,3,,2,,,,,,,,,,,,,,,,,,,,,,,,,,,,,,,,,,,,,,25147,"<span lang=""EN-GB"">Suppose
     you want to a send a text message when you are surrounded by people you
     know (e.g., acquaintances, colleagues) at your home.<o:p></o:p></span>"
11/2/2018 21:35,11/2/2018 21:36,0,184.155.205.184,100,33,1,11/2/2018 21:36,R_1hHcTBRPgiNkjNU,,,,,43.59370422,-116.5359955,anonymous,EN,"1,2",,,,,,,,,,,,,,,,,,,,,,,,,,,,,,,,,,,,,,,,,,,,,,,,,,,,,,,,,,,,,,,,,,,,,,,,,,,,,,,,,,,,,,,,,,,,,,,,,,,,,,,,,,,,,,,,,,,,,,,,,,,,,,,,,,,,,,,,,,,,,,,,,,,,,,,,,,,,,,,,,,,,,,,,,,,,,,,,,,,,,,,,,,,,,,,,,,,,,,,,,,,,,,,,,,,57210,"<span lang=""EN-GB"" style=""font-size:11.0pt;line-height:115%;
font-family:&quot;Arial&quot;,sans-serif;mso-fareast-font-family:Arial;mso-ansi-language:
EN-GB;mso-fareast-language:EN-US;mso-bidi-language:AR-SA"">Suppose you want to a
send an email when you are alone at home</span>"
11/2/2018 21:35,11/2/2018 21:43,0,104.3.59.29,100,448,1,11/2/2018 21:43,R_1cRH3Pcq3LC3iSG,,,,,41.89250183,-87.78949738,anonymous,EN,"1,2",,,,,,,,,,,,,,,,,,,,,,,,,,,,,,,,,,,,,,,,,,,,,,,,,,,,,,,,,,,,,,,,,,,,,,,,,,,,,,,,,,,,,,,,,,,,,,,,,,,,,,,,,,,,,,,,,,,,,,,,,,,,,,,,,,,,,,,,,,,,,,,,,,,,,,,,,,,,,,,,,,,,,,,,,,,,,,,,,,,,,,,,,,,,,,,,,,,,,,,,,,,,,,,,,,,23627,"<span lang=""EN-GB"">Suppose you want to read a digital document when you are in a park surrounded by your close friends.<o:p></o:p></span>"
11/2/2018 21:22,11/2/2018 21:44,0,71.176.70.228,100,1349,1,11/2/2018 21:44,R_XGoRY34DPF3q3o5,,,,,43.03540039,-76.12819672,anonymous,EN,"1,2,4,5,6",2,,5,,"1,2",,3,,1,,4,3,,2,,4,"2,3",,"1,2",,"2,3",,"1,2",,5,,4,,"1,2,4","2,5",,5,,"1,2",,3,,1,,4,5,,"2,3",,"2,3",,"2,3",,"2,3",,5,,"2,3",,5,,4,,"1,2",,1,,1,,1,,1,,4,5,,5,,5,,"1,2",,3,,"1,2",,3,,5,,4,,,,,,,,,,,,,,,,,,,,,,,,,,,,,,,7,,1,,"1,3",,3,,1,,4,5,,"2,3",,"2,3",,2,,"2,3",,"1,2",,"2,3",,5,,4,,,,,,,,,,,,,,,,,,,,,,,,,,,,,,,,,,,,,,,,,,,,,,,,,,,,,,,,,,,,Male,50,Veteran,4,3,,2,49065,"<span lang=""EN-GB"">Suppose
     you want to watch some video when you are alone at Starbucks.<o:p></o:p></span>"
11/2/2018 21:45,11/2/2018 21:46,0,96.64.34.54,100,73,1,11/2/2018 21:46,R_2xJzVTEURKdpn2J,,,,,29.97810364,-95.58029938,anonymous,EN,"1,2",,,,,,,,,,,,,,,,,,,,,,,,,,,,,,,,,,,,,,,,,,,,,,,,,,,,,,,,,,,,,,,,,,,,,,,,,,,,,,,,,,,,,,,,,,,,,,,,,,,,,,,,,,,,,,,,,,,,,,,,,,,,,,,,,,,,,,,,,,,,,,,,,,,,,,,,,,,,,,,,,,,,,,,,,,,,,,,,,,,,,,,,,,,,,,,,,,,,,,,,,,,,,,,,,,,86138,"<span lang=""EN-GB"">Suppose you want to browse the internet when you are with people you know (e.g., acquaintances, colleagues) at a restaurant.<o:p></o:p></span>"
11/2/2018 21:52,11/2/2018 21:52,0,74.32.224.168,100,23,1,11/2/2018 21:52,R_DwvQkC9aL3S7IFX,,,,,40.75140381,-99.12909698,anonymous,EN,"2,5",,,,,,,,,,,,,,,,,,,,,,,,,,,,,,,,,,,,,,,,,,,,,,,,,,,,,,,,,,,,,,,,,,,,,,,,,,,,,,,,,,,,,,,,,,,,,,,,,,,,,,,,,,,,,,,,,,,,,,,,,,,,,,,,,,,,,,,,,,,,,,,,,,,,,,,,,,,,,,,,,,,,,,,,,,,,,,,,,,,,,,,,,,,,,,,,,,,,,,,,,,,,,,,,,,,85713,"Suppose you want to find a route to a coffee shop
     when you are at home with your by your colleagues<o:p></o:p>"
11/2/2018 21:53,11/2/2018 21:53,0,104.12.90.246,100,28,1,11/2/2018 21:53,R_1d0uUOF6XICSEP7,,,,,35.23300171,-97.40670013,anonymous,EN,2,,,,,,,,,,,,,,,,,,,,,,,,,,,,,,,,,,,,,,,,,,,,,,,,,,,,,,,,,,,,,,,,,,,,,,,,,,,,,,,,,,,,,,,,,,,,,,,,,,,,,,,,,,,,,,,,,,,,,,,,,,,,,,,,,,,,,,,,,,,,,,,,,,,,,,,,,,,,,,,,,,,,,,,,,,,,,,,,,,,,,,,,,,,,,,,,,,,,,,,,,,,,,,,,,,,59298,"<span lang=""EN-GB"">Suppose you want to take a click a photo when you with </span><span lang=""EN-GB"">some people you know (e.g.,
     acquaintances, colleagues)</span><span lang=""EN-GB""> at home<o:p></o:p></span>"
11/2/2018 21:48,11/2/2018 21:54,0,71.176.70.228,100,353,1,11/2/2018 21:54,R_UuUCTPlOWj25okh,,,,,43.03540039,-76.12819672,anonymous,EN,"1,3,4,5,6","1,2",,5,,2,,1,,6,,4,3,,5,,4,3,,"1,2",,"2,3",,"1,2",,5,,1,,6,,,,,,,,,,,,,,,,,,,,,,,,,,,,,,,,,,,,,,,,,,,,,,,,,,,,,,,,,,,,,,,,,,,,,,,,,,,,,,,,,,,,,,,,,,,,,,,,,,,,,,,,,,,,,,,,,,,,,,,,,,,,,,,,,,,,,,,,,,,,,,,,,,2,,1,,1,,1,,1,,4,1,,"2,3",,"2,3",,3,,"1,2,3",,2,,"1,2,3",,1,,4,,Female,40,Analyst,5,3,,4,16115,"<span lang=""EN-GB"">Suppose you want to call your mother for sharing an important
     update about your life&nbsp; when you
     with people you know (e.g., acquaintances, colleagues) at a park<o:p></o:p></span>"
10/26/2018 21:56,10/26/2018 21:56,0,24.101.76.154,1,9,0,11/2/2018 21:56,R_3pkZgQtnFybCcEO,,,,,,,anonymous,EN,,,,,,,,,,,,,,,,,,,,,,,,,,,,,,,,,,,,,,,,,,,,,,,,,,,,,,,,,,,,,,,,,,,,,,,,,,,,,,,,,,,,,,,,,,,,,,,,,,,,,,,,,,,,,,,,,,,,,,,,,,,,,,,,,,,,,,,,,,,,,,,,,,,,,,,,,,,,,,,,,,,,,,,,,,,,,,,,,,,,,,,,,,,,,,,,,,,,,,,,,,,,,,,,,,,,49865,"<span style=""color: rgb(0, 0, 0); font-family: Times; font-size: medium;"">Suppose you want to watch some video when you are with people you know (e.g., acquaintances, colleagues) at Starbucks</span>"
11/2/2018 21:56,11/2/2018 21:56,0,71.206.221.18,100,17,1,11/2/2018 21:56,R_3ptptYXYiCz8aPh,,,,,40.42950439,-80.01439667,anonymous,EN,"1,2",,,,,,,,,,,,,,,,,,,,,,,,,,,,,,,,,,,,,,,,,,,,,,,,,,,,,,,,,,,,,,,,,,,,,,,,,,,,,,,,,,,,,,,,,,,,,,,,,,,,,,,,,,,,,,,,,,,,,,,,,,,,,,,,,,,,,,,,,,,,,,,,,,,,,,,,,,,,,,,,,,,,,,,,,,,,,,,,,,,,,,,,,,,,,,,,,,,,,,,,,,,,,,,,,,,70231,"<span lang=""EN-GB"">Suppose you want to browse internet when you are with your close friends at a restaurant.<o:p></o:p></span>"
10/26/2018 21:58,10/26/2018 21:58,0,99.105.80.78,1,4,0,11/2/2018 21:58,R_sFHhDYut2FJIvPX,,,,,,,anonymous,EN,,,,,,,,,,,,,,,,,,,,,,,,,,,,,,,,,,,,,,,,,,,,,,,,,,,,,,,,,,,,,,,,,,,,,,,,,,,,,,,,,,,,,,,,,,,,,,,,,,,,,,,,,,,,,,,,,,,,,,,,,,,,,,,,,,,,,,,,,,,,,,,,,,,,,,,,,,,,,,,,,,,,,,,,,,,,,,,,,,,,,,,,,,,,,,,,,,,,,,,,,,,,,,,,,,,,85562,"<span lang=""EN-GB"">Suppose
     you want to watch some video when you are with your close friends in a
     park.<o:p></o:p></span>"
11/2/2018 21:58,11/2/2018 22:00,0,73.240.86.255,100,168,1,11/2/2018 22:00,R_3EoLTZxoTI0rESD,,,,,45.66439819,-122.5211945,anonymous,EN,"1,2,3,4","1,2,3",,"2,3",,"2,3,4",,1,,"3,4",,"1,2","1,2,3",,"1,2",,"1,2","1,3",,"1,2",,"3,4",,"2,3",,"1,3",,"1,2",,,,,,,,,,,,,,,,,,,,,,,,,,,,,,,,,,,,,,,,,,,,,,,,,,,,,,,,,,,,,,,,,,,,,,,,,,,,,,,,,,,,,,,,,,,,,,,,,,,,,,,,,,,,,,,,,,,,,,,,,,,,,,,,,,,,,,,,,,,,,,,,,,,,,,,,,,,,,,,,,,,,,,,,,,,,,,,,,,,,,,,,11750,"<span lang=""EN-GB"">Suppose you want to control some devices/appliances (e.g., smart lights) when you are alone at home.<o:p></o:p></span>"
11/2/2018 22:01,11/2/2018 22:02,0,50.88.120.94,100,10,1,11/2/2018 22:02,R_T1kFsWPWzSek5JD,,,,,28.26800537,-81.46749878,anonymous,EN,1,,,,,,,,,,,,,,,,,,,,,,,,,,,,,,,,,,,,,,,,,,,,,,,,,,,,,,,,,,,,,,,,,,,,,,,,,,,,,,,,,,,,,,,,,,,,,,,,,,,,,,,,,,,,,,,,,,,,,,,,,,,,,,,,,,,,,,,,,,,,,,,,,,,,,,,,,,,,,,,,,,,,,,,,,,,,,,,,,,,,,,,,,,,,,,,,,,,,,,,,,,,,,,,,,,,72858,"<span lang=""EN-GB"">Suppose you want to browse the internet when you are with your close friends at a park.<o:p></o:p></span>"
10/26/2018 22:05,10/26/2018 22:06,0,73.110.46.1,1,20,0,11/2/2018 22:06,R_1QyFloT41MWVlL2,,,,,,,anonymous,EN,,,,,,,,,,,,,,,,,,,,,,,,,,,,,,,,,,,,,,,,,,,,,,,,,,,,,,,,,,,,,,,,,,,,,,,,,,,,,,,,,,,,,,,,,,,,,,,,,,,,,,,,,,,,,,,,,,,,,,,,,,,,,,,,,,,,,,,,,,,,,,,,,,,,,,,,,,,,,,,,,,,,,,,,,,,,,,,,,,,,,,,,,,,,,,,,,,,,,,,,,,,,,,,,,,,,5421,"<span lang=""EN-GB"">Suppose you want to take a click a photo when you with </span><span lang=""EN-GB"">some people you know (e.g.,
     acquaintances, colleagues)</span><span lang=""EN-GB""> at home<o:p></o:p></span>"
11/2/2018 22:11,11/2/2018 22:17,0,107.214.195.97,100,319,1,11/2/2018 22:17,R_x8YDJpd9TmUFGRH,,,,,34.63870239,-97.94100189,anonymous,EN,"1,2,3,4",2,,5,,1,,3,,1,,1,"1,2",,5,,1,2,,2,,"2,3",,2,,5,,2,,2,,,,,,,,,,,,,,,,,,,,,,,,,,,,,,"2,5",,1,,"2,3",,3,,1,,1,5,,5,,3,,6,,3,,2,,7,,5,,4,,,,,,,,,,,,,,,,,,,,,,,,,,,,,,,,,,,,,,,,,,,,,,,,,,,,,,,,,,,,,,,,,,,,,,,,,,,,,,,,,,,,,,,,,,,,,,,,,,,,,,,,,,,,,,,,,,,,,,,,,,,,,93533,"<span lang=""EN-GB"">Suppose you have planned to meet a friend next week and you want to put this on your calendar when you are alone at a park<o:p></o:p></span>"
10/26/2018 22:17,10/26/2018 22:18,0,207.118.119.210,78,75,0,11/2/2018 22:19,R_3jfyvYFbVT6VAZa,,,,,,,anonymous,EN,"1,2,4",,,,,,,,,,,,,,,,,,,,,,,,,,,,,,,,,,,,,,,,,,,,,,,,,,,,,,,,,,,,,,,,,,,,,,,,,,,,,,,,,,,,,,,,,,,,,,,,,,,,,,,,,,,,,,,,,,,,,,,,,,,,,,,,,,,,,,,,,,,,,,,,,,,,,,,,,,,,,,,,,,,,,,,,,,,,,,,,,,,,,,,,,,,,,,,,,,,,,,,,,,,,,,,,,,,40850,"<span lang=""EN-GB"">Suppose
     you are at a park with your close friends and you realize today is the
     last day to pay one of your bills online.<o:p></o:p></span>"
11/2/2018 22:19,11/2/2018 22:21,0,68.52.146.18,100,95,1,11/2/2018 22:21,R_2v8I1H1n1NeOpZF,,,,,36.17979431,-86.7410965,anonymous,EN,"1,2,3,4,5,6","1,2,3,4,5",,"2,3",,"2,3,4",,1,,"3,4",,4,"1,2",,"2,3",,"1,2,3","2,3,4",,"1,2",,"1,2,3,4",,"2,3",,"1,2",,1,,,,,,,,,,,,,,,,,,,,,,,,,,,,,,,,,,,,,,,,,,,,,,,,,,,,,,,,,,,,,,,,,,,,,,,,,,,,,,,,,,,,,,,,,,,,,,,,,,,,,,,,,,,,,,,,,,,,,,,,,,,,,,,,,,,,,,,,,,,,,,,,,,,,,,,,,,,,,,,,,,,,,,,,,,,,,,,,,,,,,,,,69327,"<span lang=""EN-GB"">Suppose
     you want to a send a text message when you are with a very close friend at
     a restaurant&nbsp;<o:p></o:p></span>"
11/2/2018 22:23,11/2/2018 22:23,0,75.82.198.8,100,14,1,11/2/2018 22:23,R_3nOEwEsUhsTXH3G,,,,,34.00300598,-118.4297943,anonymous,EN,"1,2",,,,,,,,,,,,,,,,,,,,,,,,,,,,,,,,,,,,,,,,,,,,,,,,,,,,,,,,,,,,,,,,,,,,,,,,,,,,,,,,,,,,,,,,,,,,,,,,,,,,,,,,,,,,,,,,,,,,,,,,,,,,,,,,,,,,,,,,,,,,,,,,,,,,,,,,,,,,,,,,,,,,,,,,,,,,,,,,,,,,,,,,,,,,,,,,,,,,,,,,,,,,,,,,,,,73668,"<span lang=""EN-GB"">Suppose you are on a short vacation and you want to take a picture in front&nbsp;</span>of an iconic monument when you are surrounded by many people."
10/23/2018 22:11,10/26/2018 22:24,0,68.5.68.191,78,259978,0,11/2/2018 22:25,R_dmVq3zCTIRN2rtf,,,,,,,anonymous,EN,"2,3,4",,,,,,,,,,,,,,,,,,,,,,,,,,,,,,,,,,,,,,,,,,,,,,,,,,,,,,,,,,,,,,,,,,,,,,,,,,,,,,,,,,,,,,,,,,,,,,,,,,,,,,,,,,,,,,,,,,,,,,,,,,,,,,,,,,,,,,,,,,,,,,,,,,,,,,,,,,,,,,,,,,,,,,,,,,,,,,,,,,,,,,,,,,,,,,,,,,,,,,,,,,,,,,,,,,,50203,"<span lang=""EN-GB"">Suppose you are at sitting at Starbucks and you want to play a digital/online&nbsp;</span>game with some close friends."
11/2/2018 22:11,11/2/2018 22:25,0,65.191.30.209,100,865,1,11/2/2018 22:25,R_1OoCZ6H9XEcBHwV,,,,,35.05830383,-79.00800323,anonymous,EN,"1,2,3,4,5,6","1,2,3,4,5",,"1,2,3",,"1,2,3,4",,1,,"1,2,3,4",,"1,2,3","1,3",,"1,2,3",,"1,2,3","1,2,3,4",,"1,2,3",,"1,2,4",,"1,2,3",,"1,2,3",,"1,2",,"1,2,3,4","1,2,3,4,5",,"1,2,3",,"1,2,3,4",,1,,"1,2,3,4",,"1,2,3","1,2,3",,"1,2,3",,"1,2,3",,"1,2,3",,"1,2,3,4",,"1,2,3",,"1,2,3,4",,"1,2,3",,"1,2",,"1,2,3,4,5",,"1,2,3",,"1,2,3,4",,1,,"1,2,3,4",,"1,2,3","1,3",,"1,2,3",,"1,2,3",,"1,2,3,4",,"1,2,3,4",,"1,2,3",,"1,2,3,4",,"1,2,3",,"1,2",,"1,2,3,4,5",,"1,2,3",,"1,2,3,4",,1,,"1,2,3,4",,"1,2,3","1,2,3",,"1,2,3",,"1,2,3",,"1,2,3,4",,"1,2,3,4",,"1,2,3",,"1,2,3,4",,"1,2,3",,"1,2",,"1,2,3,4,5",,"1,2,3",,"1,2,3,4",,1,,"1,2,3,4",,"1,2,3","1,2,3",,"1,2,3",,"1,2,3",,"1,2,3,4",,"1,2,3,4",,"1,2,3",,"1,2,3,4",,"1,2,3",,"1,2",,,,,,,,,,,,,,,,,,,,,,,,,,,,,,,,,,,,,,,,,,,,,,,,,,,,,,,,,,,,Male,30,HR,5,1,,4,52468,"<span lang=""EN-GB"">Suppose
     you want to purchase something online when you are with people you are
     close to (e.g., friends, family members) at home.<o:p></o:p></span>"
11/2/2018 22:26,11/2/2018 22:29,0,107.216.194.169,100,229,1,11/2/2018 22:29,R_22E9wwXy3robrVu,,,,,30.0532074,-95.37729645,anonymous,EN,"1,2,3,4",2,,1,,1,,1,,1,,2,1,,1,,2,2,,2,,3,,1,,1,,2,,,,,,,,,,,,,,,,,,,,,,,,,,,,,,,,,,,,,,,,,,,,,,,,,,,,,,,,,,,,,,,,,,,,,,,,,,,,,,,,,,,,,,,,,,,,,,,,,,,,,,,,,,,,,,,,,,,,,,,,,,,,,,,,,,,,,,,,,,,,,,,,,,,,,,,,,,,,,,,,,,,,,,,,,,,,,,,,,,,,,,,,95865,"<span lang=""EN-GB"">Suppose you are at Starbucks with your close friends and you realize today is the last day to pay one of your bills online.<o:p></o:p></span>"
11/2/2018 22:31,11/2/2018 22:32,0,108.94.129.83,100,66,1,11/2/2018 22:32,R_1M3sHV3iSVw4D9g,,,,,41.38529968,-81.70439911,anonymous,EN,"1,2,3,4,6",3,,2,,2,,1,,3,,2,2,,3,,"1,2",3,,2,,1,,3,,2,,1,,,,,,,,,,,,,,,,,,,,,,,,,,,,,,,,,,,,,,,,,,,,,,,,,,,,,,,,,,,,,,,,,,,,,,,,,,,,,,,,,,,,,,,,,,,,,,,,,,,,,,,,,,,,,,,,,,,,,,,,,,,,,,,,,,,,,,,,,,,,,,,,,,,,,,,,,,,,,,,,,,,,,,,,,,,,,,,,,,,,,,,,47700,"<span lang=""EN-GB"">Suppose
     you want to a send an email when you are surrounded by people you know
     (e.g., acquaintances, colleagues) at a restaurant.<o:p></o:p></span>"
10/26/2018 22:28,10/26/2018 22:32,0,73.183.146.150,78,260,0,11/2/2018 22:32,R_sFpJjQBV1t2AfkJ,,,,,,,anonymous,EN,"1,2,4",,,,,,,,,,,,,,,,,,,,,,,,,,,,,,,,,,,,,,,,,,,,,,,,,,,,,,,,,,,,,,,,,,,,,,,,,,,,,,,,,,,,,,,,,,,,,,,,,,,,,,,,,,,,,,,,,,,,,,,,,,,,,,,,,,,,,,,,,,,,,,,,,,,,,,,,,,,,,,,,,,,,,,,,,,,,,,,,,,,,,,,,,,,,,,,,,,,,,,,,,,,,,,,,,,,14576,"<span lang=""EN-GB"">Suppose you are alone and relaxing at home, you have just read a new book that&nbsp;</span>you loved and now you want a write a review for your close family and friends."
11/2/2018 22:34,11/2/2018 22:38,0,32.209.84.219,100,242,1,11/2/2018 22:38,R_3j7mNQpulvIAsRC,,,,,41.32290649,-73.08000183,anonymous,EN,"1,2,5","2,5",,1,,"1,2,3",,1,,1,,3,"1,2",,5,,3,"1,2,3",,"1,2",,"1,3",,2,,1,,4,,,,,,,,,,,,,,,,,,,,,,,,,,,,,,,,,,,,,,,,,,,,,,,,,,,,,,,,,,,,,,,,,,,,,,,,,,,,,,,,,,,,,,,,,,,,,,,,,,,,,,,,,,,,,,,,,,,,,,,,,,,,,,,,,,,,,,,,,,,,,,,,,,,,,,,,,,,,,,,,,,,,,,,,,,,,,,,,,,,,,,,,14380,"<span lang=""EN-GB"">Suppose you are at work with some people you know (e.g., acquaintances, colleagues) when you realize that you have to immediately pay one of your bills online.<o:p></o:p></span>"
11/2/2018 22:38,11/2/2018 22:38,0,76.102.199.150,100,7,1,11/2/2018 22:38,R_3h3WHgCOm2abm6x,,,,,37.79170227,-122.4185944,anonymous,EN,1,,,,,,,,,,,,,,,,,,,,,,,,,,,,,,,,,,,,,,,,,,,,,,,,,,,,,,,,,,,,,,,,,,,,,,,,,,,,,,,,,,,,,,,,,,,,,,,,,,,,,,,,,,,,,,,,,,,,,,,,,,,,,,,,,,,,,,,,,,,,,,,,,,,,,,,,,,,,,,,,,,,,,,,,,,,,,,,,,,,,,,,,,,,,,,,,,,,,,,,,,,,,,,,,,,,51134,"<span lang=""EN-GB"">Suppose
     you want to a view a text message when you with people you know (e.g.,
     acquaintances, colleagues) at a street<strong>.</strong><o:p></o:p></span>"
11/2/2018 22:39,11/2/2018 22:39,0,108.62.142.190,100,12,1,11/2/2018 22:39,R_24NrYEJAez0cmCV,,,,,33.6730957,-111.9460983,anonymous,EN,3,,,,,,,,,,,,,,,,,,,,,,,,,,,,,,,,,,,,,,,,,,,,,,,,,,,,,,,,,,,,,,,,,,,,,,,,,,,,,,,,,,,,,,,,,,,,,,,,,,,,,,,,,,,,,,,,,,,,,,,,,,,,,,,,,,,,,,,,,,,,,,,,,,,,,,,,,,,,,,,,,,,,,,,,,,,,,,,,,,,,,,,,,,,,,,,,,,,,,,,,,,,,,,,,,,,40125,"<span lang=""EN-GB"">Suppose
     you want to purchase something online when you are with people you know
     (e.g., acquaintances, colleagues) at your home.<o:p></o:p></span>"
11/2/2018 22:39,11/2/2018 22:39,0,67.247.208.134,100,38,1,11/2/2018 22:39,R_25SY8GfEV0tZTbO,,,,,42.83709717,-78.74839783,anonymous,EN,"2,3",,,,,,,,,,,,,,,,,,,,,,,,,,,,,,,,,,,,,,,,,,,,,,,,,,,,,,,,,,,,,,,,,,,,,,,,,,,,,,,,,,,,,,,,,,,,,,,,,,,,,,,,,,,,,,,,,,,,,,,,,,,,,,,,,,,,,,,,,,,,,,,,,,,,,,,,,,,,,,,,,,,,,,,,,,,,,,,,,,,,,,,,,,,,,,,,,,,,,,,,,,,,,,,,,,,17367,"<span lang=""EN-GB"">Suppose you are at a park, you have just read a book you loved and now you&nbsp;</span>want to write a review for it to share with people you are close to (e.g., friends, family members)"
11/2/2018 22:39,11/2/2018 22:41,0,76.102.199.150,100,147,1,11/2/2018 22:41,R_2QgodizkE2YOGPn,,,,,37.79170227,-122.4185944,anonymous,EN,"1,2,3,4,5,6","2,4",,"1,2",,"1,2,3,4",,1,,"1,2",,"1,2","1,2",,"1,3",,"2,3","1,3",,"1,2,3",,"1,3,4",,"1,2",,"1,2",,"1,2",,,,,,,,,,,,,,,,,,,,,,,,,,,,,,,,,,,,,,,,,,,,,,,,,,,,,,,,,,,,,,,,,,,,,,,,,,,,,,,,,,,,,,,,,,,,,,,,,,,,,,,,,,,,,,,,,,,,,,,,,,,,,,,,,,,,,,,,,,,,,,,,,,,,,,,,,,,,,,,,,,,,,,,,,,,,,,,,,,,,,,,,52746,"Suppose
     you want to call your mother for sharing an important update about your
     life when you are surrounded by people you
     know (e.g., acquaintances, colleagues) at a restaurant.<o:p></o:p>"
11/2/2018 22:46,11/2/2018 22:46,0,99.173.183.125,100,12,1,11/2/2018 22:46,R_vkoCe3EMibo7i2R,,,,,36.10519409,-86.65910339,anonymous,EN,1,,,,,,,,,,,,,,,,,,,,,,,,,,,,,,,,,,,,,,,,,,,,,,,,,,,,,,,,,,,,,,,,,,,,,,,,,,,,,,,,,,,,,,,,,,,,,,,,,,,,,,,,,,,,,,,,,,,,,,,,,,,,,,,,,,,,,,,,,,,,,,,,,,,,,,,,,,,,,,,,,,,,,,,,,,,,,,,,,,,,,,,,,,,,,,,,,,,,,,,,,,,,,,,,,,,23367,"<span lang=""EN-GB"">Suppose
     you want to a send an email when you are surrounded by people you know
     (e.g., acquaintances, colleagues) your home.<o:p></o:p></span>"
11/2/2018 22:46,11/2/2018 22:48,0,99.173.183.125,100,121,1,11/2/2018 22:48,R_2Bnem6bmDY9E3CF,,,,,36.10519409,-86.65910339,anonymous,EN,"1,2,5,6","2,3",,"1,2",,"2,3",,1,,"2,3",,"1,3","1,2",,"1,2",,2,2,,"1,2",,"2,3",,"1,2",,"2,3",,"1,2",,,,,,,,,,,,,,,,,,,,,,,,,,,,,,,,,,,,,,,,,,,,,,,,,,,,,,,,,,,,,,,,,,,,,,,,,,,,,,,,,,,,,,,,,,,,,,,,,,,,,,,,,,,,,,,,,,,,,,,,,,,,,,,,,,,,,,,,,,,,,,,,,,,,,,,,,,,,,,,,,,,,,,,,,,,,,,,,,,,,,,,,89220,"<span lang=""EN-GB"">Suppose
     you want to listen to some audio when you are with people you know (e.g.,
     acquaintances, colleagues) at your home.<o:p></o:p></span>"
11/2/2018 22:51,11/2/2018 22:53,0,23.249.187.190,100,112,1,11/2/2018 22:53,R_2w04oasJ9k6O33z,,,,,37.75100708,-97.8219986,anonymous,EN,"2,5,6","3,5",,"2,3",,"3,4",,1,,"3,4",,"2,3","1,2",,"2,3",,"1,3","2,3",,2,,"2,3,4",,"2,3",,"2,3",,"1,2",,,,,,,,,,,,,,,,,,,,,,,,,,,,,,,,,,,,,,,,,,,,,,,,,,,,,,,,,,,,,,,,,,,,,,,,,,,,,,,,,,,,,,,,,,,,,,,,,,,,,,,,,,,,,,,,,,,,,,,,,,,,,,,,,,,,,,,,,,,,,,,,,,,,,,,,,,,,,,,,,,,,,,,,,,,,,,,,,,,,,,,,12303,"<span lang=""EN-GB"" style=""font-size:11.0pt;line-height:115%;
font-family:&quot;Arial&quot;,sans-serif;mso-fareast-font-family:Arial;mso-ansi-language:
EN-GB;mso-fareast-language:EN-US;mso-bidi-language:AR-SA"">Suppose you want to
find a route to a coffee shop when you are alone at home.</span>"
11/2/2018 23:00,11/2/2018 23:01,0,73.162.232.9,100,16,1,11/2/2018 23:01,R_3XcqDFu8XaYrCXn,,,,,37.34829712,-121.9844055,anonymous,EN,"2,6",,,,,,,,,,,,,,,,,,,,,,,,,,,,,,,,,,,,,,,,,,,,,,,,,,,,,,,,,,,,,,,,,,,,,,,,,,,,,,,,,,,,,,,,,,,,,,,,,,,,,,,,,,,,,,,,,,,,,,,,,,,,,,,,,,,,,,,,,,,,,,,,,,,,,,,,,,,,,,,,,,,,,,,,,,,,,,,,,,,,,,,,,,,,,,,,,,,,,,,,,,,,,,,,,,,77118,"<span lang=""EN-GB"">Suppose
     you want to a view a text message
     when you are walking with a very close friend on a street<o:p></o:p></span>"
11/2/2018 23:03,11/2/2018 23:04,0,24.49.219.182,100,59,1,11/2/2018 23:04,R_1hyxGlIpfLE9BeD,,,,,34.61790466,-98.4552002,anonymous,EN,"2,3",,,,,,,,,,,,,,,,,,,,,,,,,,,,,,,,,,,,,,,,,,,,,,,,,,,,,,,,,,,,,,,,,,,,,,,,,,,,,,,,,,,,,,,,,,,,,,,,,,,,,,,,,,,,,,,,,,,,,,,,,,,,,,,,,,,,,,,,,,,,,,,,,,,,,,,,,,,,,,,,,,,,,,,,,,,,,,,,,,,,,,,,,,,,,,,,,,,,,,,,,,,,,,,,,,,48725,"<span lang=""EN-GB"">Suppose you want to read a digital document when you are at Starbucks with people you know (e.g., acquaintances, colleagues).<o:p></o:p></span>"
11/2/2018 23:09,11/2/2018 23:16,0,99.125.111.5,100,436,1,11/2/2018 23:16,R_10JxQYRPbP97NzM,,,,,44.98420715,-92.72709656,anonymous,EN,"1,2,4",2,,5,,6,,1,,1,,1,"1,2,3",,5,,1,3,,2,,6,,2,,1,,4,,2,,,,,,,,,,,,,,,,,,,,,,,,,,,,,,2,,5,,1,,1,,1,,1,"1,2,3",,1,,1,,3,,"2,3",,2,,7,,1,,4,,,,,,,,,,,,,,,,,,,,,,,,,,,,,,,,,,,,,,,,,,,,,,,,,,,,,,,,,,,,,,,,,,,,,,,,,,,,,,,,,,,,,,,,,,,,,,,,,,,,,,,,,,,,,,,,,,,,,,,,,,,,,22329,"<span id=""docs-internal-guid-5a7e3441-7fff-9d1f-10e6-454a1d940975""><span style=""font-size: 11pt; font-family: Arial; color: rgb(0, 0, 0); background-color: transparent; font-variant-numeric: normal; font-variant-east-asian: normal; vertical-align: baseline; white-space: pre-wrap;"">Suppose you want to call your mother for sharing an important update about your life &nbsp;when you are alone at home</span><br> <br><br></span>"
11/2/2018 23:15,11/2/2018 23:23,0,91.207.175.86,100,463,1,11/2/2018 23:23,R_78NIKzpw6RpEgNj,,,,,34.0493927,-118.2640991,anonymous,EN,"1,2,3,4,6","2,3",,3,,"1,2,3,4,5",Have ability to access secure wallet with a list of my credit cards,1,,1,,3,"1,2,3",,"1,2,3",,3,"1,2,3",,"1,2",,"3,4",,"1,2",,5,,4,,2,,,,,,,,,,,,,,,,,,,,,,,,,,,,,,"2,3",,1,,"1,2,3",,1,,1,,3,"1,2,3",,"1,2",,"1,2",,"1,2,3",,"3,4",,"1,2",,"2,3,4",,5,,4,,,,,,,,,,,,,,,,,,,,,,,,,,,,,,,,,,,,,,,,,,,,,,,,,,,,,,,,,,,,,,,,,,,,,,,,,,,,,,,,,,,,,,,,,,,,,,,,,,,,,,,,,,,,,,,,,,,,,,,,,,,,,85912,"<span lang=""EN-GB"">Suppose
     you want to purchase something online when you are alone at a park.<o:p></o:p></span>"
11/2/2018 23:23,11/2/2018 23:37,0,198.96.95.155,100,863,1,11/2/2018 23:37,R_QnriOJGbr5mA6e5,,,,,32.81520081,-96.87030029,anonymous,EN,"2,5,6",2,,1,,3,,1,,3,,1,1,,1,,1,3,,3,,1,,2,,1,,2,,,,,,,,,,,,,,,,,,,,,,,,,,,,,,,,,,,,,,,,,,,,,,,,,,,,,,,,,,,,,,,,,,,,,,,,,,,,,,,,,,,,,,,,,,,,,,,,,,,,,,,,,,,,,,,,,,,,,,,,,,,,,,,,,,,,,,,,,,,,,,,,,,,,,,,,,,,,,,,,,,,,,,,,,,,,,,,,,,,,,,,,48585,"<span lang=""EN-GB"">Suppose
     you want to listen to some audio when you are alone at your home.<strong><o:p></o:p></strong></span>"
11/2/2018 23:37,11/2/2018 23:38,0,198.96.95.155,100,18,1,11/2/2018 23:38,R_3J1WI9LoQSUInjv,,,,,32.81520081,-96.87030029,anonymous,EN,"2,6",,,,,,,,,,,,,,,,,,,,,,,,,,,,,,,,,,,,,,,,,,,,,,,,,,,,,,,,,,,,,,,,,,,,,,,,,,,,,,,,,,,,,,,,,,,,,,,,,,,,,,,,,,,,,,,,,,,,,,,,,,,,,,,,,,,,,,,,,,,,,,,,,,,,,,,,,,,,,,,,,,,,,,,,,,,,,,,,,,,,,,,,,,,,,,,,,,,,,,,,,,,,,,,,,,,11591,"<span lang=""EN-GB"">Suppose
     you want to call your mother for sharing an important update about your
     life when you are with a very close friend at a restaurant&nbsp;<o:p></o:p></span>"
11/3/2018 0:04,11/3/2018 0:20,0,196.147.11.30,100,965,1,11/3/2018 0:20,R_1MMUJuXklBe04H7,,,,,30.07710266,31.28590393,anonymous,EN,"1,2,4","2,4,5",,5,,"1,2,3",,3,,1,,3,5,,5,,3,1,,"1,2",,"1,3",,"1,2",,5,,4,,2,,,,,,,,,,,,,,,,,,,,,,,,,,,,,,"2,5",,1,,"1,2,3",,1,,1,,3,5,,5,,5,,"1,2",,"1,3",,"1,2",,"1,3",,5,,4,,,,,,,,,,,,,,,,,,,,,,,,,,,,,,,,,,,,,,,,,,,,,,,,,,,,,,,,,,,,,,,,,,,,,,,,,,,,,,,,,,,,,,,,,,,,,,,,,,,,,,,,,,,,,,,,,,,,,,female,35,Third grade teacher,6,1,,2,69909,"<span lang=""EN-GB"">Suppose
     you want to a send a text message when you are alone at home<strong><o:p></o:p></strong></span>"
11/3/2018 0:29,11/3/2018 0:29,0,99.8.28.198,100,20,1,11/3/2018 0:29,R_3PRA42AUsSmEZJX,,,,,33.87969971,-117.5354004,anonymous,EN,"1,2",,,,,,,,,,,,,,,,,,,,,,,,,,,,,,,,,,,,,,,,,,,,,,,,,,,,,,,,,,,,,,,,,,,,,,,,,,,,,,,,,,,,,,,,,,,,,,,,,,,,,,,,,,,,,,,,,,,,,,,,,,,,,,,,,,,,,,,,,,,,,,,,,,,,,,,,,,,,,,,,,,,,,,,,,,,,,,,,,,,,,,,,,,,,,,,,,,,,,,,,,,,,,,,,,,,89609,"<span lang=""EN-GB"">Suppose you have planned to meet a friend next week and you want to put this on your calendar when you are with a very close friend at a restaurant&nbsp;<o:p></o:p></span>"
11/3/2018 0:34,11/3/2018 0:35,0,23.236.128.65,100,12,1,11/3/2018 0:35,R_3NIG9OSHgZ49DTH,,,,,30.290802,-81.63210297,anonymous,EN,1,,,,,,,,,,,,,,,,,,,,,,,,,,,,,,,,,,,,,,,,,,,,,,,,,,,,,,,,,,,,,,,,,,,,,,,,,,,,,,,,,,,,,,,,,,,,,,,,,,,,,,,,,,,,,,,,,,,,,,,,,,,,,,,,,,,,,,,,,,,,,,,,,,,,,,,,,,,,,,,,,,,,,,,,,,,,,,,,,,,,,,,,,,,,,,,,,,,,,,,,,,,,,,,,,,,68349,"<span lang=""EN-GB"">Suppose
     you want to set up a reminder when you with people you know (e.g.,
     acquaintances, colleagues) at a park.<o:p></o:p></span>"
11/3/2018 0:36,11/3/2018 0:36,0,23.236.128.65,100,48,1,11/3/2018 0:36,R_1nOdNuQM2JepsSq,,,,,30.290802,-81.63210297,anonymous,EN,3,,,,,,,,,,,,,,,,,,,,,,,,,,,,,,,,,,,,,,,,,,,,,,,,,,,,,,,,,,,,,,,,,,,,,,,,,,,,,,,,,,,,,,,,,,,,,,,,,,,,,,,,,,,,,,,,,,,,,,,,,,,,,,,,,,,,,,,,,,,,,,,,,,,,,,,,,,,,,,,,,,,,,,,,,,,,,,,,,,,,,,,,,,,,,,,,,,,,,,,,,,,,,,,,,,,38223,"<span lang=""EN-GB"">Suppose you are on a short vacation alone and you want to take a picture in front&nbsp;</span>of an iconic monument."
11/3/2018 0:37,11/3/2018 0:37,0,23.236.128.65,100,28,1,11/3/2018 0:37,R_2rI5dAIC2czp4JU,,,,,30.290802,-81.63210297,anonymous,EN,5,,,,,,,,,,,,,,,,,,,,,,,,,,,,,,,,,,,,,,,,,,,,,,,,,,,,,,,,,,,,,,,,,,,,,,,,,,,,,,,,,,,,,,,,,,,,,,,,,,,,,,,,,,,,,,,,,,,,,,,,,,,,,,,,,,,,,,,,,,,,,,,,,,,,,,,,,,,,,,,,,,,,,,,,,,,,,,,,,,,,,,,,,,,,,,,,,,,,,,,,,,,,,,,,,,,82235,"<span lang=""EN-GB"">Suppose it is a regular working day, you want to track the total amount of calories&nbsp;</span>you consume and burn off during the day.&nbsp;"
11/3/2018 0:37,11/3/2018 0:37,0,23.236.128.65,100,16,1,11/3/2018 0:37,R_enTqc1nBZV7cgLf,,,,,30.290802,-81.63210297,anonymous,EN,4,,,,,,,,,,,,,,,,,,,,,,,,,,,,,,,,,,,,,,,,,,,,,,,,,,,,,,,,,,,,,,,,,,,,,,,,,,,,,,,,,,,,,,,,,,,,,,,,,,,,,,,,,,,,,,,,,,,,,,,,,,,,,,,,,,,,,,,,,,,,,,,,,,,,,,,,,,,,,,,,,,,,,,,,,,,,,,,,,,,,,,,,,,,,,,,,,,,,,,,,,,,,,,,,,,,30859,"<span lang=""EN-GB"">Suppose
     you want to watch some video when you are with people you know (e.g.,
     acquaintances, colleagues) in a park.<o:p></o:p></span>"
11/3/2018 0:38,11/3/2018 0:38,0,23.236.128.65,100,11,1,11/3/2018 0:38,R_1oFs5E5THLkpMhq,,,,,30.290802,-81.63210297,anonymous,EN,2,,,,,,,,,,,,,,,,,,,,,,,,,,,,,,,,,,,,,,,,,,,,,,,,,,,,,,,,,,,,,,,,,,,,,,,,,,,,,,,,,,,,,,,,,,,,,,,,,,,,,,,,,,,,,,,,,,,,,,,,,,,,,,,,,,,,,,,,,,,,,,,,,,,,,,,,,,,,,,,,,,,,,,,,,,,,,,,,,,,,,,,,,,,,,,,,,,,,,,,,,,,,,,,,,,,52819,"<span lang=""EN-GB"">Suppose you want to find a route to home while walking on a street with people you know (e.g., acquaintances, colleagues).<o:p></o:p></span>"
11/3/2018 0:38,11/3/2018 0:38,0,23.236.128.65,100,12,1,11/3/2018 0:38,R_ylJ7kZurgaevmoh,,,,,30.290802,-81.63210297,anonymous,EN,6,,,,,,,,,,,,,,,,,,,,,,,,,,,,,,,,,,,,,,,,,,,,,,,,,,,,,,,,,,,,,,,,,,,,,,,,,,,,,,,,,,,,,,,,,,,,,,,,,,,,,,,,,,,,,,,,,,,,,,,,,,,,,,,,,,,,,,,,,,,,,,,,,,,,,,,,,,,,,,,,,,,,,,,,,,,,,,,,,,,,,,,,,,,,,,,,,,,,,,,,,,,,,,,,,,,92556,"<span lang=""EN-GB"">Suppose
     you want to call your mother for sharing an important update about your
     life yourself when you are with a very close friend at a park.&nbsp;<o:p></o:p></span>"
11/3/2018 0:44,11/3/2018 0:44,0,134.228.30.216,100,25,1,11/3/2018 0:44,R_eD2jkfIbkjBJ0ul,,,,,41.64920044,-83.67060089,anonymous,EN,"2,4",,,,,,,,,,,,,,,,,,,,,,,,,,,,,,,,,,,,,,,,,,,,,,,,,,,,,,,,,,,,,,,,,,,,,,,,,,,,,,,,,,,,,,,,,,,,,,,,,,,,,,,,,,,,,,,,,,,,,,,,,,,,,,,,,,,,,,,,,,,,,,,,,,,,,,,,,,,,,,,,,,,,,,,,,,,,,,,,,,,,,,,,,,,,,,,,,,,,,,,,,,,,,,,,,,,14928,"<span lang=""EN-GB"">Suppose
     you want to read a digital document when you are at Starbucks.<o:p></o:p></span>"
11/3/2018 0:48,11/3/2018 0:49,0,71.207.8.22,100,18,1,11/3/2018 0:49,R_u9DCBjyakkD0Wv7,,,,,40.79249573,-77.85230255,anonymous,EN,3,,,,,,,,,,,,,,,,,,,,,,,,,,,,,,,,,,,,,,,,,,,,,,,,,,,,,,,,,,,,,,,,,,,,,,,,,,,,,,,,,,,,,,,,,,,,,,,,,,,,,,,,,,,,,,,,,,,,,,,,,,,,,,,,,,,,,,,,,,,,,,,,,,,,,,,,,,,,,,,,,,,,,,,,,,,,,,,,,,,,,,,,,,,,,,,,,,,,,,,,,,,,,,,,,,,71765,"Suppose you are alone at home, you want to take a break from studying/working&nbsp;<p>so you decide to play a video game with some with some people you know (e.g., acquaintances, colleagues).<o:p></o:p></p>"
11/3/2018 0:51,11/3/2018 0:57,0,216.174.185.87,100,344,1,11/3/2018 0:57,R_sLO8blycYp6sebv,,,,,39.71820068,-89.56490326,anonymous,EN,"1,2,4","3,4",,"1,3",,"2,4",,1,,"2,3,4",,"2,3","1,2,3",,5,,2,2,,5,,"1,4",,"1,2,3",,"1,3",,1,,,,,,,,,,,,,,,,,,,,,,,,,,,,,,,,,,,,,,,,,,,,,,,,,,,,,,,,,,,,,,,,,,,,,,,,,,,,,,,,,,,,,,,,,,,,,,,,,,,,,,,,,,,,,,,,,,,,,,,,,,,,,,,,,,,,,,,,,,,,,,,,,,,,,,,,,,,,,,,,,,,,,,,,,,,,,,,,,,,,,,,,13695,"<span lang=""EN-GB"">Suppose
     you want to find a route to home when you are alone at Starbucks.<o:p></o:p></span>"
11/3/2018 1:08,11/3/2018 1:09,0,72.225.57.176,100,76,1,11/3/2018 1:09,R_26naMYs0jCvxXcA,,,,,43.15010071,-77.58899689,anonymous,EN,"1,2,3,4,5,6","2,4",,"1,3",,"2,4",,1,,"1,3,4",,"1,2",2,,3,,"2,3",2,,"1,3",,"1,2,3,6",,2,,"1,2",,"1,2",,,,,,,,,,,,,,,,,,,,,,,,,,,,,,,,,,,,,,,,,,,,,,,,,,,,,,,,,,,,,,,,,,,,,,,,,,,,,,,,,,,,,,,,,,,,,,,,,,,,,,,,,,,,,,,,,,,,,,,,,,,,,,,,,,,,,,,,,,,,,,,,,,,,,,,,,,,,,,,,,,,,,,,,,,,,,,,,,,,,,,,,87778,"<span lang=""EN-GB"">Suppose you want to watch some video when you are alone in a park.<o:p></o:p></span>"
11/3/2018 1:23,11/3/2018 1:23,0,43.239.246.110,100,25,1,11/3/2018 1:23,R_22zRF4S6GyOXDkd,,,,,18.30000305,83.8999939,anonymous,EN,"1,2",,,,,,,,,,,,,,,,,,,,,,,,,,,,,,,,,,,,,,,,,,,,,,,,,,,,,,,,,,,,,,,,,,,,,,,,,,,,,,,,,,,,,,,,,,,,,,,,,,,,,,,,,,,,,,,,,,,,,,,,,,,,,,,,,,,,,,,,,,,,,,,,,,,,,,,,,,,,,,,,,,,,,,,,,,,,,,,,,,,,,,,,,,,,,,,,,,,,,,,,,,,,,,,,,,,22159,"<span lang=""EN-GB"" style=""font-size:11.0pt;line-height:115%;
font-family:&quot;Arial&quot;,sans-serif;mso-fareast-font-family:Arial;mso-ansi-language:
EN-GB;mso-fareast-language:EN-US;mso-bidi-language:AR-SA"">Suppose you want to a
send an email when you are at Starbucks.</span>"
11/3/2018 1:43,11/3/2018 1:53,0,73.59.53.124,100,647,1,11/3/2018 1:53,R_2ttyULv9C5NQ3Mq,,,,,47.30020142,-122.6083984,anonymous,EN,"1,2,4","2,3,5",,1,,"1,3",,3,,1,,3,"1,2",,"2,3",,3,"1,2,3",,"1,2",,6,,"1,2",,"1,3",,2,,2,,,,,,,,,,,,,,,,,,,,,,,,,,,,,,"1,2,5",,3,,1,,1,,1,,2,3,,"2,3",,2,,1,,3,,1,,3,,"1,3",,"1,2",,,,,,,,,,,,,,,,,,,,,,,,,,,,,,,,,,,,,,,,,,,,,,,,,,,,,,,,,,,,,,,,,,,,,,,,,,,,,,,,,,,,,,,,,,,,,,,,,,,,,,,,,,,,,,,,,,,,,,,,,,,,,64388,"<span lang=""EN-GB"">Suppose you have planned to meet a friend next week and you want to put this on your calendar when you are surrounded by people you know (e.g., acquaintances, colleagues) at a restaurant.<o:p></o:p></span>"
11/3/2018 1:55,11/3/2018 2:10,0,78.134.123.123,100,873,1,11/3/2018 2:10,R_1jVNdazqKMaCWKm,,,,,45.74409485,9.761306763,anonymous,EN,"2,3,4,6",2,,1,,"1,2,3",,1,,1,,3,"1,2,3",,2,,3,3,,5,,1,,5,,1,,1,,4,,,,,,,,,,,,,,,,,,,,,,,,,,,,,,,,,,,,,,,,,,,,,,,,,,,,,,,,,,,,,,,,,,,,,,,,,,,,,,,,,,,,,,,,2,,1,,"1,2",,1,,1,,3,"1,2,3",,"2,3",,2,,3,,1,,2,,"1,4",,"1,3",,1,,,,,,,,,,,,,,,,,,,,,,,,,,,,,,,,,,,,,,,,,,,,,,,,,,,,,,,,,,,,,,,,,,,95142,"<span lang=""EN-GB"" style=""font-size:11.0pt;line-height:115%;
font-family:&quot;Arial&quot;,sans-serif;mso-fareast-font-family:Arial;mso-ansi-language:
EN-GB;mso-fareast-language:EN-US;mso-bidi-language:AR-SA"">Suppose you want to
read a digital document when you are at Starbucks surrounded with your close
friends.</span>"
11/3/2018 2:15,11/3/2018 2:16,0,208.54.85.220,100,35,1,11/3/2018 2:16,R_5yCzEUqEMY8x6ud,,,,,28.58259583,-81.19069672,anonymous,EN,2,,,,,,,,,,,,,,,,,,,,,,,,,,,,,,,,,,,,,,,,,,,,,,,,,,,,,,,,,,,,,,,,,,,,,,,,,,,,,,,,,,,,,,,,,,,,,,,,,,,,,,,,,,,,,,,,,,,,,,,,,,,,,,,,,,,,,,,,,,,,,,,,,,,,,,,,,,,,,,,,,,,,,,,,,,,,,,,,,,,,,,,,,,,,,,,,,,,,,,,,,,,,,,,,,,,33200,"<span lang=""EN-GB"">Suppose
     you are at starbucks and you realize today is the last day to pay one of
     your bills online.<o:p></o:p></span>"
11/3/2018 2:16,11/3/2018 2:17,0,208.54.85.220,100,26,1,11/3/2018 2:17,R_1pX2dHnQy5wvhYZ,,,,,28.58259583,-81.19069672,anonymous,EN,2,,,,,,,,,,,,,,,,,,,,,,,,,,,,,,,,,,,,,,,,,,,,,,,,,,,,,,,,,,,,,,,,,,,,,,,,,,,,,,,,,,,,,,,,,,,,,,,,,,,,,,,,,,,,,,,,,,,,,,,,,,,,,,,,,,,,,,,,,,,,,,,,,,,,,,,,,,,,,,,,,,,,,,,,,,,,,,,,,,,,,,,,,,,,,,,,,,,,,,,,,,,,,,,,,,,74775,"<span lang=""EN-GB"">Suppose you want to listen to some audio when you are alone in a park.<o:p></o:p></span>"
11/3/2018 2:17,11/3/2018 2:36,0,66.66.114.211,100,1125,1,11/3/2018 2:36,R_1mr7rqdYJCM5gi5,,,,,43.23980713,-78.20680237,anonymous,EN,"1,2,4,6","1,2,3,4,5",,"1,2,3",,"1,2,3,4",,1,,1,,"2,3","2,3",,"1,2,3",,"2,3","1,2,3,4",,"1,2,3",,"1,2,4",,"1,2,3",,"1,2,3",,2,,"1,2,4","1,2,3,4",,"1,2",,"1,2,3,4",,3,,1,,"2,3","1,2,3",,"1,2",,"1,2",,"2,3,4",,"2,3,4",,"1,2",,"2,3,4",,"1,2,3",,"1,2",,"1,2,5",,"1,2,3",,1,,1,,2,,1,1,,"1,2",,"1,2",,"2,3,4",,"1,2,3,4",,2,,"2,3",,"1,3",,2,,,,,,,,,,,,,,,,,,,,,,,,,,,,,,,"1,2,3,4,5",,5,,1,,1,,"2,4",,3,"1,3",,"1,2,3",,"2,3",,"1,3",,7,,2,,"1,3,4",,1,,"1,2",,,,,,,,,,,,,,,,,,,,,,,,,,,,,,,,,,,,,,,,,,,,,,,,,,,,,,,,,,,,,,,,,,,22843,"<span lang=""EN-GB"">Suppose you have planned to meet a friend next week and you want to put this on your calendar when you are alone at Starbucks.<o:p></o:p></span>"
11/3/2018 2:40,11/3/2018 2:46,0,174.59.174.3,100,333,1,11/3/2018 2:46,R_pSMNbHLDMSJV8el,,,,,41.3914032,-75.66570282,anonymous,EN,"1,2,3,4,5,6",5,,1,,3,,1,,1,,2,2,,1,,2,2,,1,,"1,2",,2,,1,,2,,,,,,,,,,,,,,,,,,,,,,,,,,,,,,,,,,,,,,,,,,,,,,,,,,,,,,,,,,,,,,,,,,,,,,,,,,,,,,,,,,,,,,,,,,,,,,,,,,,,,,,,,,,,,,,,,,,,,,,,,,,,,,,,,,,,,,,,,,,,,,,,,,,,,,,,,,,,,,,,,,,,,,,,,,,,,,,,,,,,,,,,35527,"<span lang=""EN-GB"">Suppose you want to browse the internet when you are at home with people you are close to (e.g., friends, family members)<strong><o:p></o:p></strong></span>"
11/3/2018 3:05,11/3/2018 3:12,0,50.108.231.19,100,421,1,11/3/2018 3:12,R_2WUnkwaTY70dDIX,,,,,42.43789673,-75.56729889,anonymous,EN,"1,2,4","1,2,4,5",,1,,"1,2,3,4",,1,,1,,3,"1,2",,2,,2,"1,2,3,4",,"1,2,3",,"1,3",,"1,2,3",,3,,"1,2",,,,,,,,,,,,,,,,,,,,,,,,,,,,,,,,,,,,,,,,,,,,,,,,,,,,,,,,,,,,,,,,,,,,,,,,,,,,,,,,,,,,,,,,,,,,,,,,,,,,,,,,,,,,,,,,,,,,,,,,,,,,,,,,,,,,,,,,,,,,,,,,,,,,,,,,,,,,,,,,,,,,,,,,,,,,,,,,,,,,,,,,52017,"<span lang=""EN-GB"">Suppose you want to set up a reminder about something when you are at Starbucks with close friends.<o:p></o:p></span>"
11/3/2018 3:45,11/3/2018 3:45,0,65.125.46.110,100,37,1,11/3/2018 3:45,R_3nC5ODNl4LgASqr,,,,,43.52400208,-96.73410034,anonymous,EN,"1,2,3,4,5,6",1,,2,,2,,1,,3,,2,1,,2,,1,3,,2,,1,,1,,2,,2,,,,,,,,,,,,,,,,,,,,,,,,,,,,,,,,,,,,,,,,,,,,,,,,,,,,,,,,,,,,,,,,,,,,,,,,,,,,,,,,,,,,,,,,,,,,,,,,,,,,,,,,,,,,,,,,,,,,,,,,,,,,,,,,,,,,,,,,,,,,,,,,,,,,,,,,,,,,,,,,,,,,,,,,,,,,,,,,,,,,,,,,3322,"<span style=""color: rgb(0, 0, 0); font-family: Times; font-size: 16px;"">Suppose you want control some devices/appliances (e.g., smart lights) when you are with people you know (e.g., acquaintances, colleagues).</span>"
11/3/2018 3:42,11/3/2018 3:50,0,196.191.159.24,100,458,1,11/3/2018 3:50,R_5ovyYGeSKbrqqgp,,,,,8,38,anonymous,EN,"1,2,3","2,3,4,5",,"1,2",,"1,2,3,4",,1,,"1,2,3",,3,"1,2,3",,"1,3",,3,"2,3",,"2,3",,"2,3,4",,"1,2,3",,"1,2,3",,"1,2",,,,,,,,,,,,,,,,,,,,,,,,,,,,,,,,,,,,,,,,,,,,,,,,,,,,,,,,,,,,,,,,,,,,,,,,,,,,,,,,,,,,,,,,,,,,,,,,,,,,,,,,,,,,,,,,,,,,,,,,,,,,,,,,,,,,,,,,,,,,,,,,,,,,,,,,,,,,,,,,,,,,,,,,,,,,,,,,,,,,,,,,7469,"<span lang=""EN-GB"">Suppose
     you want to take a click a photo when you are with people you are close to
     (e.g., friends, family members) at home<o:p></o:p></span>"
11/3/2018 3:56,11/3/2018 4:01,0,68.106.83.124,100,286,1,11/3/2018 4:01,R_29svwkmkwbCK00m,,,,,37.25030518,-80.05249786,anonymous,EN,"2,4,5,6",1,,1,,1,,1,,3,,2,3,,1,,2,"2,3",,2,,2,,2,,1,,1,,4,,,,,,,,,,,,,,,,,,,,,,,,,,,,,,,,,,,,,,,,,,,,,,,,,,,,,,,,,,,,,,,,,,,,,,,,,,,,,,,,,,,,,,,,1,,2,,3,,1,,3,,2,"2,3",,1,,1,,"2,4",,2,,"1,2",,3,,1,,1,,,,,,,,,,,,,,,,,,,,,,,,,,,,,,,,,,,,,,,,,,,,,,,,,,,,,,,,,,,,,,,,,,,51282,"<span lang=""EN-GB"">Suppose you want to read a digital document when you are in a park surrounded by your close friends.<o:p></o:p></span>"
11/3/2018 4:01,11/3/2018 4:10,0,199.102.73.41,100,556,1,11/3/2018 4:10,R_3MlHqZH6rPTARYD,,,,,44.85380554,-84.29730225,anonymous,EN,"1,2,4",2,,1,,1,,1,,1,,1,3,,5,,1,6,,2,,7,,2,,1,,4,,2,,,,,,,,,,,,,,,,,,,,,,,,,,,,,,2,,1,,"1,2",,1,,1,,1,1,,2,,3,,6,,3,,2,,7,,1,,2,,,,,,,,,,,,,,,,,,,,,,,,,,,,,,,,,,,,,,,,,,,,,,,,,,,,,,,,,,,,,,,,,,,,,,,,,,,,,,,,,,,,,,,,,,,,,,,,,,,,,,,,,,,,,,,,,,,,,,,,,,,,,3895,"<span lang=""EN-GB"">Suppose
     you want to listen to some audio when you with people you know (e.g.,
     acquaintances, colleagues) at Starbucks<o:p></o:p></span>"
11/3/2018 4:10,11/3/2018 4:12,0,172.249.18.48,100,68,1,11/3/2018 4:12,R_1IztIi4OOSjC4TW,,,,,33.89250183,-118.2960968,anonymous,EN,2,,,,,,,,,,,,,,,,,,,,,,,,,,,,,,,,,,,,,,,,,,,,,,,,,,,,,,,,,,,,,,,,,,,,,,,,,,,,,,,,,,,,,,,,,,,,,,,,,,,,,,,,,,,,,,,,,,,,,,,,,,,,,,,,,,,,,,,,,,,,,,,,,,,,,,,,,,,,,,,,,,,,,,,,,,,,,,,,,,,,,,,,,,,,,,,,,,,,,,,,,,,,,,,,,,,70376,"<span lang=""EN-GB"">Suppose
     you want to set up a reminder about something when you are with people you
     know (e.g., acquaintances, colleagues) at Starbucks.<o:p></o:p></span>"
11/3/2018 4:22,11/3/2018 4:24,0,80.187.102.104,100,154,1,11/3/2018 4:24,R_3O8gYA4g0TLLoW5,,,,,51.21170044,6.807098389,anonymous,EN,"1,2,4,5,6","1,2",,2,,"3,4",,1,,"1,3",,"2,3","1,2,3",,"1,2",,3,"1,3,4",,"1,3",,"1,2",,"1,3",,2,,"1,2",,,,,,,,,,,,,,,,,,,,,,,,,,,,,,,,,,,,,,,,,,,,,,,,,,,,,,,,,,,,,,,,,,,,,,,,,,,,,,,,,,,,,,,,,,,,,,,,,,,,,,,,,,,,,,,,,,,,,,,,,,,,,,,,,,,,,,,,,,,,,,,,,,,,,,,,,,,,,,,,,,,,,,,,,,,,,,,,,,,,,,,,50466,"<span lang=""EN-GB"">Suppose you want to browse the internet when you alone at a park.<o:p></o:p></span>"
11/3/2018 4:34,11/3/2018 4:35,0,104.231.99.74,100,10,1,11/3/2018 4:35,R_2w5pbR3CUPwaBfV,,,,,41.6894989,-81.34210205,anonymous,EN,"1,2",,,,,,,,,,,,,,,,,,,,,,,,,,,,,,,,,,,,,,,,,,,,,,,,,,,,,,,,,,,,,,,,,,,,,,,,,,,,,,,,,,,,,,,,,,,,,,,,,,,,,,,,,,,,,,,,,,,,,,,,,,,,,,,,,,,,,,,,,,,,,,,,,,,,,,,,,,,,,,,,,,,,,,,,,,,,,,,,,,,,,,,,,,,,,,,,,,,,,,,,,,,,,,,,,,,78828,"<span lang=""EN-GB"">Suppose
     you want to a send an email when you are with a very close friend at a
     restaurant&nbsp;<o:p></o:p></span>"
11/3/2018 4:39,11/3/2018 4:42,0,68.44.4.49,100,233,1,11/3/2018 4:42,R_1FzIQVCRljqBqpL,,,,,40.13090515,-85.6536026,anonymous,EN,"2,3,4,6",2,,1,,1,,1,,1,,2,3,,3,,3,2,,2,,6,,2,,5,,2,,,,,,,,,,,,,,,,,,,,,,,,,,,,,,,,,,,,,,,,,,,,,,,,,,,,,,,,,,,,,,,,,,,,,,,,,,,,,,,,,,,,,,,,,,,,,,,,,,,,,,,,,,,,,,,,,,,,,,,,,,,,,,,,,,,,,,,,,,,,,,,,,,,,,,,,,,,,,,,,,,,,,,,,,,,,,,,,,,,,,,,,66478,"<span lang=""EN-GB"">Suppose you want to a view a text message when you are alone at a street.<o:p></o:p></span>"
11/3/2018 5:09,11/3/2018 5:12,0,173.130.212.137,100,221,1,11/3/2018 5:12,R_cGTZncANudnll7P,,,,,28.06170654,-82.30819702,anonymous,EN,"1,2,4,5","4,5",,1,,"1,2,3",,1,,1,,"1,2","1,2",,2,,2,"1,2",,2,,"1,3,4",,2,,"1,2,3",,1,,,,,,,,,,,,,,,,,,,,,,,,,,,,,,,,,,,,,,,,,,,,,,,,,,,,,,,,,,,,,,,,,,,,,,,,,,,,,,,,,,,,,,,,,,,,,,,,,,,,,,,,,,,,,,,,,,,,,,,,,,,,,,,,,,,,,,,,,,,,,,,,,,,,,,,,,,,,,,,,,,,,,,,,,,,,,,,,,,,,,,,,26401,"<span lang=""EN-GB"">Suppose
     you want to purchase something online when you are alone at Starbucks.<o:p></o:p></span>"
11/3/2018 4:57,11/3/2018 5:15,0,174.97.151.66,100,1075,1,11/3/2018 5:15,R_1OOBgDNBUmjdXl3,,,,,43.0059967,-87.94290161,anonymous,EN,"1,2,3,4,5",1,,5,,"1,2,3,4",,3,,1,,2,"1,2,4",the ability to easily delete my information,"2,4",the device should know my personalized location,3,"3,5",a picture of a map showing the route,2,,"2,3,5","On google you can click the microphone and say ""directions to the local coffee shop"" and it will say here are a few nearby and will also show the result text ","2,3",,5,,4,,,,,,,,,,,,,,,,,,,,,,,,,,,,,,,,,,,,,,,,,,,,,,,,,,,,,,,,,,,,,,,,,,,,,,,,,,,,,,,,,,,,,,,,,,,,,,,,,,,,,,,,,,,,,,,,,,,,,,,,,,,,,,,,,,,,,,,,,,,,,,,,,,,,,,,,,,,,,,,,,,,,,,,,,,,,,,,,,,,,,,,,50176,"<span lang=""EN-GB"">Suppose you want to find a route to a coffee shop when you are
     at home </span><span lang=""EN-GB"">with
     people you are close to (e.g., friends, family members)</span><strong><span lang=""EN-GB""><o:p></o:p></span></strong>"
11/3/2018 5:12,11/3/2018 5:16,0,157.50.43.9,100,249,1,11/3/2018 5:16,R_1lhJXYEb6g6kxzG,,,,,13.08329773,80.28329468,anonymous,EN,"1,2,5,6","3,4",,"2,3",,3,,1,,4,,2,"2,3",,2,,2,4,,2,,"2,3",,1,,2,,"1,2",,,,,,,,,,,,,,,,,,,,,,,,,,,,,,,,,,,,,,,,,,,,,,,,,,,,,,,,,,,,,,,,,,,,,,,,,,,,,,,,,,,,,,,,,,,,,,,,,,,,,,,,,,,,,,,,,,,,,,,,,,,,,,,,,,,,,,,,,,,,,,,,,,,,,,,,,,,,,,,,,,,,,,,,,,,,,,,,,,,,,,,,14557,"<span lang=""EN-GB"">Suppose you want to watch some video when you are with your close friends at Starbucks.<o:p></o:p></span>"
11/3/2018 5:33,11/3/2018 5:33,0,73.176.20.51,100,37,1,11/3/2018 5:33,R_3gTP4hGwKLTCx3J,,,,,41.69340515,-87.6242981,anonymous,EN,"1,2",,,,,,,,,,,,,,,,,,,,,,,,,,,,,,,,,,,,,,,,,,,,,,,,,,,,,,,,,,,,,,,,,,,,,,,,,,,,,,,,,,,,,,,,,,,,,,,,,,,,,,,,,,,,,,,,,,,,,,,,,,,,,,,,,,,,,,,,,,,,,,,,,,,,,,,,,,,,,,,,,,,,,,,,,,,,,,,,,,,,,,,,,,,,,,,,,,,,,,,,,,,,,,,,,,,94035,"<span lang=""EN-GB"">Suppose
     you want to listen to some audio when you are with your friends at
     Starbucks.<o:p></o:p></span>"
11/3/2018 5:48,11/3/2018 5:52,0,108.24.43.40,100,251,1,11/3/2018 5:52,R_2pQYnjANwdcqm3v,,,,,40.21710205,-74.74289703,anonymous,EN,"1,2,3,4",5,,1,,"3,4",,1,,1,,4,"1,3",,3,,4,3,,2,,6,,5,,"1,2",,"1,2",,,,,,,,,,,,,,,,,,,,,,,,,,,,,,,,,,,,,,,,,,,,,,,,,,,,,,,,,,,,,,,,,,,,,,,,,,,,,,,,,,,,,,,,,,,,,,,,,,,,,,,,,,,,,,,,,,,,,,,,,,,,,,,,,,,,,,,,,,,,,,,,,,,,,,,,,,,,,,,,,,,,,,,,,,,,,,,,,,,,,,,,43371,"<span lang=""EN-GB"">Suppose
     you want to set up a reminder when you are at a park by yourself.<o:p></o:p></span>"
10/25/2018 18:03,11/3/2018 5:58,0,107.131.166.206,100,734101,1,11/3/2018 5:58,R_qXvmkH2wa3ds5lD,,,,,25.98500061,-80.14070129,anonymous,EN,"1,2,3,4","2,5",,1,,"1,2,3",,1,,1,,1,"1,2,3",,"2,3",,3,"1,2,3",,"1,2",,"1,3,4",,2,,"1,3",,4,,,,,,,,,,,,,,,,,,,,,,,,,,,,,,,,,,,,,,,,,,,,,,,,,,,,,,,,,,,,,,,,,,,,,,,,,,,,,,,,,,,,,,,,,,,,,,,,,,,,,,,,,,,,,,,,,,,,,,,,,,,,,,,,,,,,,,,,,,,,,,,,,,,,,,,,,,,,,,,,,,,,,,,,,,,,,,,,,,,,,,,,98485,"<span lang=""EN-GB"">Suppose you are at Starbucks with your close friends and you realize today is the last day to pay one of your bills online.<o:p></o:p></span>"
10/27/2018 6:09,10/27/2018 6:09,0,96.241.75.169,1,11,0,11/3/2018 6:09,R_27TGThzVmXopGzb,,,,,,,anonymous,EN,,,,,,,,,,,,,,,,,,,,,,,,,,,,,,,,,,,,,,,,,,,,,,,,,,,,,,,,,,,,,,,,,,,,,,,,,,,,,,,,,,,,,,,,,,,,,,,,,,,,,,,,,,,,,,,,,,,,,,,,,,,,,,,,,,,,,,,,,,,,,,,,,,,,,,,,,,,,,,,,,,,,,,,,,,,,,,,,,,,,,,,,,,,,,,,,,,,,,,,,,,,,,,,,,,,,36125,"<span lang=""EN-GB"">Suppose
     you want to listen to some audio when you are alone at your home.<strong><o:p></o:p></strong></span>"
11/3/2018 6:13,11/3/2018 6:22,0,72.51.172.207,100,549,1,11/3/2018 6:22,R_3rJ3qh749xOfaLX,,,,,38.26280212,-85.66629791,anonymous,EN,"1,2,3,4,5,6",7,,1,,1,,1,,1,,1,"1,2,3",,5,,1,6,,2,,7,,2,,5,,"1,2",,2,,,,,,,,,,,,,,,,,,,,,,,,,,,,,,7,,5,,1,,1,,1,,1,"1,2,3",,5,,5,,2,,"3,4",,2,,7,,1,,"1,2",,,,,,,,,,,,,,,,,,,,,,,,,,,,,,,,,,,,,,,,,,,,,,,,,,,,,,,,,,,,,,,,,,,,,,,,,,,,,,,,,,,,,,,,,,,,,,,,,,,,,,,,,,,,,,,,,,,,,,,,,,,,,92905,"<span lang=""EN-GB"">Suppose
     you want to call your mother for sharing an important update about your
     life&nbsp; when you are alone at a park<o:p></o:p></span>"
10/27/2018 6:24,10/27/2018 6:26,0,71.59.35.117,78,111,0,11/3/2018 6:26,R_scX3BMjyFU2fV2p,,,,,,,anonymous,EN,"1,2,5",,,,,,,,,,,,,,,,,,,,,,,,,,,,,,,,,,,,,,,,,,,,,,,,,,,,,,,,,,,,,,,,,,,,,,,,,,,,,,,,,,,,,,,,,,,,,,,,,,,,,,,,,,,,,,,,,,,,,,,,,,,,,,,,,,,,,,,,,,,,,,,,,,,,,,,,,,,,,,,,,,,,,,,,,,,,,,,,,,,,,,,,,,,,,,,,,,,,,,,,,,,,,,,,,,,3348,"<span lang=""EN-GB"">Suppose
     you want to a send an email when you are with a very close friend at a
     restaurant&nbsp;<o:p></o:p></span>"
10/27/2018 6:27,10/27/2018 6:28,0,74.250.163.75,1,40,0,11/3/2018 6:29,R_3jSP3sgtRP58cDV,,,,,,,anonymous,EN,,,,,,,,,,,,,,,,,,,,,,,,,,,,,,,,,,,,,,,,,,,,,,,,,,,,,,,,,,,,,,,,,,,,,,,,,,,,,,,,,,,,,,,,,,,,,,,,,,,,,,,,,,,,,,,,,,,,,,,,,,,,,,,,,,,,,,,,,,,,,,,,,,,,,,,,,,,,,,,,,,,,,,,,,,,,,,,,,,,,,,,,,,,,,,,,,,,,,,,,,,,,,,,,,,,,41593,"<span lang=""EN-GB"">Suppose
     you want to a view a text message when you are with a very close friend at
     a restaurant&nbsp;<o:p></o:p></span>"
10/27/2018 6:52,10/27/2018 6:53,0,122.164.25.137,78,52,0,11/3/2018 6:54,R_3j8RaNQvFCPTok7,,,,,,,anonymous,EN,"2,5,6",,,,,,,,,,,,,,,,,,,,,,,,,,,,,,,,,,,,,,,,,,,,,,,,,,,,,,,,,,,,,,,,,,,,,,,,,,,,,,,,,,,,,,,,,,,,,,,,,,,,,,,,,,,,,,,,,,,,,,,,,,,,,,,,,,,,,,,,,,,,,,,,,,,,,,,,,,,,,,,,,,,,,,,,,,,,,,,,,,,,,,,,,,,,,,,,,,,,,,,,,,,,,,,,,,,38873,"<span lang=""EN-GB"">Suppose you want to find a route to a coffee shop when you are
     at home </span><span lang=""EN-GB"">with
     people you are close to (e.g., friends, family members)</span><strong><span lang=""EN-GB""><o:p></o:p></span></strong>"
11/3/2018 6:44,11/3/2018 6:54,0,76.203.168.70,100,620,1,11/3/2018 6:54,R_3EzlV1phGOpO3df,,,,,25.73410034,-80.40679932,anonymous,EN,"1,2,4","2,3",,2,,"2,3",,1,,1,,1,2,,2,,2,2,,2,,"1,4",,1,,1,,2,,,,,,,,,,,,,,,,,,,,,,,,,,,,,,,,,,,,,,,,,,,,,,,,,,,,,,,,,,,,,,,,,,,,,,,,,,,,,,,,,,,,,,,,,,,,,,,,,,,,,,,,,,,,,,,,,,,,,,,,,,,,,,,,,,,,,,,,,,,,,,,,,,,,,,,,,,,,,,,,,,,,,,,,,,,,,,,,,,,,,,,,59734,"<span lang=""EN-GB"">Suppose you want to browse the internet when you are with people you know (e.g., acquaintances, colleagues) at a park.<o:p></o:p></span>"
11/3/2018 6:59,11/3/2018 6:59,0,23.112.240.10,100,10,1,11/3/2018 6:59,R_3OpK4yyZZz3IXtF,,,,,32.72869873,-96.62280273,anonymous,EN,3,,,,,,,,,,,,,,,,,,,,,,,,,,,,,,,,,,,,,,,,,,,,,,,,,,,,,,,,,,,,,,,,,,,,,,,,,,,,,,,,,,,,,,,,,,,,,,,,,,,,,,,,,,,,,,,,,,,,,,,,,,,,,,,,,,,,,,,,,,,,,,,,,,,,,,,,,,,,,,,,,,,,,,,,,,,,,,,,,,,,,,,,,,,,,,,,,,,,,,,,,,,,,,,,,,,59614,"<span lang=""EN-GB"">Suppose
     you want to a send a text message when you with people you know (e.g., acquaintances,
     colleagues) at a street<strong>.</strong><o:p></o:p></span>"
11/3/2018 6:56,11/3/2018 6:59,0,190.167.127.51,100,198,1,11/3/2018 6:59,R_Y3ROlZzlif83ZwB,,,,,18.46670532,-69.90000153,anonymous,EN,"1,2,3,4,5,6","2,3",,"1,2,3",,"1,2,3,4",,1,,"1,2,4",,"1,2","2,3",,"1,2,3",,"1,2","1,2,3",,2,,1,,1,,"1,2",,2,,,,,,,,,,,,,,,,,,,,,,,,,,,,,,,,,,,,,,,,,,,,,,,,,,,,,,,,,,,,,,,,,,,,,,,,,,,,,,,,,,,,,,,,,,,,,,,,,,,,,,,,,,,,,,,,,,,,,,,,,,,,,,,,,,,,,,,,,,,,,,,,,,,,,,,,,,,,,,,,,,,,,,,,,,,,,,,,,,,,,,,,80353,"<span lang=""EN-GB"">Suppose you are at sitting at Starbucks and you want to play a digital/online&nbsp;</span>game with some close friends."
11/3/2018 6:59,11/3/2018 7:01,0,23.112.240.10,100,144,1,11/3/2018 7:01,R_DUzhgrzIUHrGPYd,,,,,32.72869873,-96.62280273,anonymous,EN,"1,2,3,4",7,,3,,1,,3,,1,,1,1,,5,,3,3,,5,,7,,5,,1,,"1,2",,,,,,,,,,,,,,,,,,,,,,,,,,,,,,,,,,,,,,,,,,,,,,,,,,,,,,,,,,,,,,,,,,,,,,,,,,,,,,,,,,,,,,,,,,,,,,,,,,,,,,,,,,,,,,,,,,,,,,,,,,,,,,,,,,,,,,,,,,,,,,,,,,,,,,,,,,,,,,,,,,,,,,,,,,,,,,,,,,,,,,,,27919,"<span lang=""EN-GB"">Suppose
     you want to read a digital document when you are alone at home.<strong><o:p></o:p></strong></span>"
11/3/2018 7:06,11/3/2018 7:07,0,109.206.50.113,100,61,1,11/3/2018 7:07,R_3PTBW8wqQk2U3KH,,,,,49.59370422,34.54069519,anonymous,EN,"2,3",,,,,,,,,,,,,,,,,,,,,,,,,,,,,,,,,,,,,,,,,,,,,,,,,,,,,,,,,,,,,,,,,,,,,,,,,,,,,,,,,,,,,,,,,,,,,,,,,,,,,,,,,,,,,,,,,,,,,,,,,,,,,,,,,,,,,,,,,,,,,,,,,,,,,,,,,,,,,,,,,,,,,,,,,,,,,,,,,,,,,,,,,,,,,,,,,,,,,,,,,,,,,,,,,,,22998,"<span lang=""EN-GB"">Suppose
     you want to listen to some audio when you are alone at Starbucks.<o:p></o:p></span>"
11/3/2018 7:10,11/3/2018 7:10,0,50.54.86.202,100,10,1,11/3/2018 7:10,R_XADr0IKIgVQYxzz,,,,,41.06280518,-82.72879791,anonymous,EN,"1,2",,,,,,,,,,,,,,,,,,,,,,,,,,,,,,,,,,,,,,,,,,,,,,,,,,,,,,,,,,,,,,,,,,,,,,,,,,,,,,,,,,,,,,,,,,,,,,,,,,,,,,,,,,,,,,,,,,,,,,,,,,,,,,,,,,,,,,,,,,,,,,,,,,,,,,,,,,,,,,,,,,,,,,,,,,,,,,,,,,,,,,,,,,,,,,,,,,,,,,,,,,,,,,,,,,,50810,"<span lang=""EN-GB"">Suppose you have planned to meet a friend next week and you want to&nbsp;put this on your calendar </span><span lang=""EN-GB"">when</span><span lang=""EN-GB""> you are surrounded by people you know (e.g., acquaintances, colleagues) at your home.</span><span lang=""EN-GB""><o:p></o:p></span>"
11/3/2018 7:15,11/3/2018 7:16,0,72.128.214.212,100,62,1,11/3/2018 7:16,R_3F2s7tLdYpBZnUI,,,,,42.66600037,-88.27490234,anonymous,EN,"2,3",,,,,,,,,,,,,,,,,,,,,,,,,,,,,,,,,,,,,,,,,,,,,,,,,,,,,,,,,,,,,,,,,,,,,,,,,,,,,,,,,,,,,,,,,,,,,,,,,,,,,,,,,,,,,,,,,,,,,,,,,,,,,,,,,,,,,,,,,,,,,,,,,,,,,,,,,,,,,,,,,,,,,,,,,,,,,,,,,,,,,,,,,,,,,,,,,,,,,,,,,,,,,,,,,,,77848,"<span lang=""EN-GB"">Suppose
     you want to read a digital document) when you are at home with people you
     know (e.g., acquaintances, colleagues).<o:p></o:p></span>"
11/3/2018 7:31,11/3/2018 7:32,0,108.237.87.38,100,106,1,11/3/2018 7:32,R_3oQLscMRPfj8ltK,,,,,35.4499054,-82.49659729,anonymous,EN,"1,2,3,5","1,2",,1,,"1,3,4",,1,,1,,2,"1,2,3",,2,,1,2,,2,,"2,3",,"1,2",,"1,2",,2,,,,,,,,,,,,,,,,,,,,,,,,,,,,,,,,,,,,,,,,,,,,,,,,,,,,,,,,,,,,,,,,,,,,,,,,,,,,,,,,,,,,,,,,,,,,,,,,,,,,,,,,,,,,,,,,,,,,,,,,,,,,,,,,,,,,,,,,,,,,,,,,,,,,,,,,,,,,,,,,,,,,,,,,,,,,,,,,,,,,,,,,65597,"<span lang=""EN-GB"">Suppose you want to find a route to home while walking on a street.<o:p></o:p></span>"
11/3/2018 7:37,11/3/2018 7:37,0,97.70.167.36,100,8,1,11/3/2018 7:37,R_RfdXqsX4Zd6eOJz,,,,,42.46040344,-83.45770264,anonymous,EN,4,,,,,,,,,,,,,,,,,,,,,,,,,,,,,,,,,,,,,,,,,,,,,,,,,,,,,,,,,,,,,,,,,,,,,,,,,,,,,,,,,,,,,,,,,,,,,,,,,,,,,,,,,,,,,,,,,,,,,,,,,,,,,,,,,,,,,,,,,,,,,,,,,,,,,,,,,,,,,,,,,,,,,,,,,,,,,,,,,,,,,,,,,,,,,,,,,,,,,,,,,,,,,,,,,,,69699,"<span lang=""EN-GB"">Suppose you are at home with people you are close to (e.g., friends, family members) when you realize today is the last day to pay one of your bills online.<o:p></o:p></span>"
10/27/2018 7:39,10/27/2018 7:40,0,72.27.168.251,78,74,0,11/3/2018 7:40,R_1kS9cbFcjuxQ79d,,,,,,,anonymous,EN,"1,2,3,4,6",,,,,,,,,,,,,,,,,,,,,,,,,,,,,,,,,,,,,,,,,,,,,,,,,,,,,,,,,,,,,,,,,,,,,,,,,,,,,,,,,,,,,,,,,,,,,,,,,,,,,,,,,,,,,,,,,,,,,,,,,,,,,,,,,,,,,,,,,,,,,,,,,,,,,,,,,,,,,,,,,,,,,,,,,,,,,,,,,,,,,,,,,,,,,,,,,,,,,,,,,,,,,,,,,,,2404,"<span lang=""EN-GB"">Suppose
     you want to a view a text message when you with people you know (e.g.,
     acquaintances, colleagues) at a street<strong>.</strong><o:p></o:p></span>"
11/3/2018 7:36,11/3/2018 7:41,0,108.5.148.222,100,310,1,11/3/2018 7:41,R_1NwYvjzcjr3z6uk,,,,,40.79460144,-74.1631012,anonymous,EN,"1,2,3,4","4,5",,1,,"1,2",,3,,1,,2,1,,3,,2,3,,2,,"3,4",,"1,2",,5,,1,,,,,,,,,,,,,,,,,,,,,,,,,,,,,,,,,,,,,,,,,,,,,,,,,,,,,,,,,,,,,,,,,,,,,,,,,,,,,,,,,,,,,,,,,,,,,,,,,,,,,,,,,,,,,,,,,,,,,,,,,,,,,,,,,,,,,,,,,,,,,,,,,,,,,,,,,,,,,,,,,,,,,,,,,,,,,,,,,,,,,,,,55456,"<span lang=""EN-GB"">Suppose you are alone at home when you realize today is the last day to pay one of your bills online.<o:p></o:p></span>"
11/3/2018 8:01,11/3/2018 8:11,0,24.20.55.124,100,609,1,11/3/2018 8:11,R_3mhDUR4njBA6kKZ,,,,,45.48399353,-122.5973053,anonymous,EN,"1,2,3","2,5",,5,,"1,3",,1,,1,,3,"1,2,3",,2,,"2,3","2,3",,"1,2,3",,"1,2,3",,"1,2,3",,"2,3",,4,,,,,,,,,,,,,,,,,,,,,,,,,,,,,,,,,,,,,,,,,,,,,,,,,,,,,,,,,,,,,,,,,,,,,,,,,,,,,,,,,,,,,,,,,,,,,,,,,,,,,,,,,,,,,,,,,,,,,,,,,,,,,,,,,,,,,,,,,,,,,,,,,,,,,,,,,,,,,,,,,,,,,,,,,,,,,,,,,,,,,,,,48518,"<span lang=""EN-GB"">Suppose you want to browse the internet when you are alone at a restaurant.<o:p></o:p></span>"
11/3/2018 8:13,11/3/2018 8:15,0,173.63.184.68,100,124,1,11/3/2018 8:15,R_2TUik2oab3z6jeq,,,,,40.91760254,-74.54669952,anonymous,EN,"1,2,4","2,4,5",,2,,"2,4",,1,,4,,4,2,,2,,2,"3,4",,3,,4,,"1,2",,2,,2,,,,,,,,,,,,,,,,,,,,,,,,,,,,,,,,,,,,,,,,,,,,,,,,,,,,,,,,,,,,,,,,,,,,,,,,,,,,,,,,,,,,,,,,,,,,,,,,,,,,,,,,,,,,,,,,,,,,,,,,,,,,,,,,,,,,,,,,,,,,,,,,,,,,,,,,,,,,,,,,,,,,,,,,,,,,,,,,,,,,,,,,63333,"<span lang=""EN-GB"">Suppose
     you want to set up a reminder when you are at home with people you are
     close to (e.g., friends, family members).<strong><o:p></o:p></strong></span>"
11/3/2018 8:18,11/3/2018 8:18,0,24.60.161.149,100,12,1,11/3/2018 8:18,R_1ePFzUWdq0yyaGx,,,,,42.85740662,-72.59329987,anonymous,EN,1,,,,,,,,,,,,,,,,,,,,,,,,,,,,,,,,,,,,,,,,,,,,,,,,,,,,,,,,,,,,,,,,,,,,,,,,,,,,,,,,,,,,,,,,,,,,,,,,,,,,,,,,,,,,,,,,,,,,,,,,,,,,,,,,,,,,,,,,,,,,,,,,,,,,,,,,,,,,,,,,,,,,,,,,,,,,,,,,,,,,,,,,,,,,,,,,,,,,,,,,,,,,,,,,,,,74945,"<span lang=""EN-GB"">Suppose you want to browse the internet when you are with people you know (e.g., acquaintances, colleagues) at a restaurant.<o:p></o:p></span>"
11/3/2018 7:39,11/3/2018 8:26,0,75.176.128.207,100,2847,1,11/3/2018 8:26,R_3L2e9jTTezO9sfA,,,,,32.33009338,-80.84349823,anonymous,EN,"1,2,3,4,5,6","1,5",,5,,"1,2",,1,,1,,1,"1,2",,5,,1,6,,"1,2,3",,7,,"2,3",,"1,2,3",,4,,,,,,,,,,,,,,,,,,,,,,,,,,,,,,,,,,,,,,,,,,,,,,,,,,,,,,,,,,,,,,,,,,,,,,,,,,,,,,,,,,,,,,,,,,,,,,,,,,,,,,,,,,,,,,,,,,,,,,,,,,,,,,,,,,,,,,,,,,,,,,,,,,,,,,,,,,,,,,,,,,,,,,,,,,,,,,,,,,,,,,,,52658,"<span lang=""EN-GB"">Suppose
     you want to call your mother for sharing an important update about your
     life when you are alone at Starbucks.<o:p></o:p></span>"
11/3/2018 8:28,11/3/2018 8:30,0,71.58.211.129,100,111,1,11/3/2018 8:30,R_3EXpmCmxNfoYrhV,,,,,40.79249573,-77.85230255,anonymous,EN,"1,2,3,4,5,6",2,,1,,1,,3,,1,,1,1,,2,,2,1,,1,,3,,"1,2",,1,,4,,,,,,,,,,,,,,,,,,,,,,,,,,,,,,,,,,,,,,,,,,,,,,,,,,,,,,,,,,,,,,,,,,,,,,,,,,,,,,,,,,,,,,,,,,,,,,,,,,,,,,,,,,,,,,,,,,,,,,,,,,,,,,,,,,,,,,,,,,,,,,,,,,,,,,,,,,,,,,,,,,,,,,,,,,,,,,,,,,,,,,,,355,"<span lang=""EN-GB"">Suppose you have planned to meet a friend next week and you want to put this on your calendar when you are surrounded with people you are close to (e.g., friends, family members) at your home.<strong><o:p></o:p></strong></span>"
10/27/2018 8:33,10/27/2018 8:34,0,108.196.95.141,78,82,0,11/3/2018 8:34,R_30cnn4tpOMly38w,,,,,,,anonymous,EN,"1,2,3",,,,,,,,,,,,,,,,,,,,,,,,,,,,,,,,,,,,,,,,,,,,,,,,,,,,,,,,,,,,,,,,,,,,,,,,,,,,,,,,,,,,,,,,,,,,,,,,,,,,,,,,,,,,,,,,,,,,,,,,,,,,,,,,,,,,,,,,,,,,,,,,,,,,,,,,,,,,,,,,,,,,,,,,,,,,,,,,,,,,,,,,,,,,,,,,,,,,,,,,,,,,,,,,,,,11846,"<span lang=""EN-GB"">Suppose you want to watch some video when you are with your close friends at Starbucks.<o:p></o:p></span>"
11/3/2018 8:36,11/3/2018 8:42,0,104.131.94.125,100,325,1,11/3/2018 8:42,R_DpYKQ4MjT8LfbXP,,,,,40.83439636,-74.13770294,anonymous,EN,"1,2,4",2,,2,,"2,3",,1,,1,,2,"1,2",,2,,2,"1,2",,2,,"2,3",,"1,2",,2,,2,,,,,,,,,,,,,,,,,,,,,,,,,,,,,,,,,,,,,,,,,,,,,,,,,,,,,,,,,,,,,,,,,,,,,,,,,,,,,,,,,,,,,,,,,,,,,,,,,,,,,,,,,,,,,,,,,,,,,,,,,,,,,,,,,,,,,,,,,,,,,,,,,,,,,,,,,,,,,,,,,,,,,,,,,,,,,,,,,,,,,,,,4520,"<span lang=""EN-GB"">Suppose you want to watch some video when you are alone at your home.<strong><o:p></o:p></strong></span>"
11/3/2018 8:42,11/3/2018 8:45,0,104.131.94.125,100,185,1,11/3/2018 8:45,R_AFd8qwfUOsVvXk5,,,,,40.83439636,-74.13770294,anonymous,EN,"1,3,4,6","2,3",,2,,2,,1,,1,,2,2,,1,,2,"2,3",,2,,"2,3",,2,,2,,2,,6,,,,,,,,,,,,,,,,,,,,,,,,,,,,,,,,,,,,,,,,,,,,,,,,,,,,,,,,,,,,,,,,,,,,,,,,,,,,,,,,,,,,,,,,,,,,,,,,,,,,,,,,,,,,,,,,,,,,,,,,,,,,,,,,,,,,,,,,,,,,,,,,,,2,,1,,3,,3,,2,,1,2,,2,,2,,"2,3,4",,3,,"1,2",,2,,2,,2,,,,,,,,,24868,"<span lang=""EN-GB"">Suppose
     you want to a send a text message when you are surrounded by people you
     know (e.g., acquaintances, colleagues) at your home.<o:p></o:p></span>"
10/27/2018 9:08,10/27/2018 9:09,0,196.17.64.26,1,57,0,11/3/2018 9:09,R_3LgRxFEfP3S0QMw,,,,,,,anonymous,EN,,,,,,,,,,,,,,,,,,,,,,,,,,,,,,,,,,,,,,,,,,,,,,,,,,,,,,,,,,,,,,,,,,,,,,,,,,,,,,,,,,,,,,,,,,,,,,,,,,,,,,,,,,,,,,,,,,,,,,,,,,,,,,,,,,,,,,,,,,,,,,,,,,,,,,,,,,,,,,,,,,,,,,,,,,,,,,,,,,,,,,,,,,,,,,,,,,,,,,,,,,,,,,,,,,,,8308,"<span lang=""EN-GB"" style=""font-size:11.0pt;line-height:115%;
font-family:&quot;Arial&quot;,sans-serif;mso-fareast-font-family:Arial;mso-ansi-language:
EN-GB;mso-fareast-language:EN-US;mso-bidi-language:AR-SA"">Suppose you want to
take a click a photo when you are at Starbucks.</span>"
11/3/2018 9:20,11/3/2018 9:21,0,24.18.216.98,100,42,1,11/3/2018 9:21,R_1rIxnZrctnWVcxU,,,,,47.63789368,-122.3643036,anonymous,EN,"1,2,4",3,,"1,3",,1,,1,,2,,2,2,,3,,1,2,,1,,3,,1,,2,,"1,2",,,,,,,,,,,,,,,,,,,,,,,,,,,,,,,,,,,,,,,,,,,,,,,,,,,,,,,,,,,,,,,,,,,,,,,,,,,,,,,,,,,,,,,,,,,,,,,,,,,,,,,,,,,,,,,,,,,,,,,,,,,,,,,,,,,,,,,,,,,,,,,,,,,,,,,,,,,,,,,,,,,,,,,,,,,,,,,,,,,,,,,,30913,"<span lang=""EN-GB"">Suppose
     you want to watch some video when you are with your close friends in a
     park.<o:p></o:p></span>"
11/3/2018 9:33,11/3/2018 9:35,0,99.26.215.253,100,153,1,11/3/2018 9:35,R_2aaHzf5t67tm5Eu,,,,,38.6835022,-89.98529816,anonymous,EN,"1,2,3","2,3,5",,"1,2",,"1,2,3",,1,,1,,1,3,,"2,3",,2,"3,4",,"1,2",,"1,3,4",,"1,2",,1,,2,,,,,,,,,,,,,,,,,,,,,,,,,,,,,,,,,,,,,,,,,,,,,,,,,,,,,,,,,,,,,,,,,,,,,,,,,,,,,,,,,,,,,,,,,,,,,,,,,,,,,,,,,,,,,,,,,,,,,,,,,,,,,,,,,,,,,,,,,,,,,,,,,,,,,,,,,,,,,,,,,,,,,,,,,,,,,,,,,,,,,,,,71045,"<span lang=""EN-GB"">Suppose
     you want to purchase something online when you are with people you know
     (e.g., acquaintances, colleagues) at your home.<o:p></o:p></span>"
11/3/2018 9:50,11/3/2018 9:53,0,73.242.114.75,100,186,1,11/3/2018 9:53,R_qVqMsuEqnSxAvF7,,,,,44.87350464,-93.33460236,anonymous,EN,"1,2,3,6","1,2,4",,"2,3",,"1,2",,1,,"1,2,3",,"2,3","2,3",,1,,"1,2,3","1,3",,"1,2",,"2,3",,1,,"1,3",,2,,,,,,,,,,,,,,,,,,,,,,,,,,,,,,,,,,,,,,,,,,,,,,,,,,,,,,,,,,,,,,,,,,,,,,,,,,,,,,,,,,,,,,,,,,,,,,,,,,,,,,,,,,,,,,,,,,,,,,,,,,,,,,,,,,,,,,,,,,,,,,,,,,,,,,,,,,,,,,,,,,,,,,,,,,,,,,,,,,,,,,,,87468,"<span lang=""EN-GB"">Suppose you are alone at home, you want to take a break from studying/working&nbsp;</span>so you decide to play an online/digital game with some close friends ."
11/3/2018 10:03,11/3/2018 10:03,0,73.143.57.179,100,13,1,11/3/2018 10:03,R_Rrich5lrxs3Uv0R,,,,,41.49200439,-73.04930115,anonymous,EN,"1,4",,,,,,,,,,,,,,,,,,,,,,,,,,,,,,,,,,,,,,,,,,,,,,,,,,,,,,,,,,,,,,,,,,,,,,,,,,,,,,,,,,,,,,,,,,,,,,,,,,,,,,,,,,,,,,,,,,,,,,,,,,,,,,,,,,,,,,,,,,,,,,,,,,,,,,,,,,,,,,,,,,,,,,,,,,,,,,,,,,,,,,,,,,,,,,,,,,,,,,,,,,,,,,,,,,,73487,"<span lang=""EN-GB"">Suppose
     you want to call your mother for sharing an important update about your
     life&nbsp; when you are alone at a park<o:p></o:p></span>"
11/3/2018 10:09,11/3/2018 10:16,0,100.33.71.114,100,407,1,11/3/2018 10:16,R_r3muFUsg8xLbaIp,,,,,40.75360107,-73.82260132,anonymous,EN,"1,2,3,4",2,,3,,2,,3,,1,,3,2,,2,,3,2,,1,,3,,2,,3,,2,,,,,,,,,,,,,,,,,,,,,,,,,,,,,,,,,,,,,,,,,,,,,,,,,,,,,,,,,,,,,,,,,,,,,,,,,,,,,,,,,,,,,,,,,,,,,,,,,,,,,,,,,,,,,,,,,,,,,,,,,,,,,,,,,,,,,,,,,,,,,,,,,,,,,,,,,,,,,,,,,,,,,,,,,,,,,,,,,,,,,,,,67595,"<span lang=""EN-GB"">Suppose you want to set up a reminder about something when you are at Starbucks with close friends.<o:p></o:p></span>"
11/3/2018 10:27,11/3/2018 10:32,0,83.96.55.36,100,263,1,11/3/2018 10:32,R_2ipAhnoHAPbkn7z,,,,,0,0,anonymous,EN,"1,2,5,6","1,2,4",,"1,2,3",,"1,2,4",,1,,"2,3",,"1,3","1,2,3",,"1,2,3",,"2,3","1,2,3",,"2,3",,"2,3,4",,"1,2,3",,"1,3",,2,,,,,,,,,,,,,,,,,,,,,,,,,,,,,,,,,,,,,,,,,,,,,,,,,,,,,,,,,,,,,,,,,,,,,,,,,,,,,,,,,,,,,,,,,,,,,,,,,,,,,,,,,,,,,,,,,,,,,,,,,,,,,,,,,,,,,,,,,,,,,,,,,,,,,,,,,,,,,,,,,,,,,,,,,,,,,,,,,,,,,,,,58132,"<span lang=""EN-GB"">Suppose
     you want to set up a reminder when you are at home with people you are
     close to (e.g., friends, family members).<strong><o:p></o:p></strong></span>"
11/3/2018 10:41,11/3/2018 10:46,0,172.58.201.151,100,302,1,11/3/2018 10:46,R_smU6roxgHH9cu5z,,,,,39.9611969,-75.2303009,anonymous,EN,"2,3,4","1,2,3",,"1,2,3",,"1,2,3,4",,1,,1,,3,"1,2,3",,"1,3",,3,"1,2,3,4",,"1,2",,"1,2,3,4",,"1,2",,"1,2,3",,2,,2,,,,,,,,,,,,,,,,,,,,,,,,,,,,,,"1,2,3",,"1,2,3",,"1,2",,1,,1,,3,"1,2,3",,"1,2",,"1,2,3",,"1,2,3,4",,"1,2,3,4",,"1,2",,"1,2,3,4",,"1,2,3",,2,,,,,,,,,,,,,,,,,,,,,,,,,,,,,,,,,,,,,,,,,,,,,,,,,,,,,,,,,,,,,,,,,,,,,,,,,,,,,,,,,,,,,,,,,,,,,,,,,,,,,,,,,,,,,,,,,,,,,,,,,,,,,56159,"<span lang=""EN-GB"" style=""font-size:11.0pt;line-height:115%;
font-family:&quot;Arial&quot;,sans-serif;mso-fareast-font-family:Arial;mso-ansi-language:
EN-GB;mso-fareast-language:EN-US;mso-bidi-language:AR-SA"">Suppose you have
planned to meet a friend next week and you want put this on your calendar<span style=""color:#434343""> when you with </span>people you know (e.g.,
acquaintances, colleagues)<span style=""color:#434343""> at a park</span></span>"
11/3/2018 10:52,11/3/2018 10:52,0,24.188.32.172,100,17,1,11/3/2018 10:52,R_1rxNcnogQS9YoiI,,,,,40.74440002,-73.05419922,anonymous,EN,3,,,,,,,,,,,,,,,,,,,,,,,,,,,,,,,,,,,,,,,,,,,,,,,,,,,,,,,,,,,,,,,,,,,,,,,,,,,,,,,,,,,,,,,,,,,,,,,,,,,,,,,,,,,,,,,,,,,,,,,,,,,,,,,,,,,,,,,,,,,,,,,,,,,,,,,,,,,,,,,,,,,,,,,,,,,,,,,,,,,,,,,,,,,,,,,,,,,,,,,,,,,,,,,,,,,70080,"<span lang=""EN-GB"">Suppose you want to browse through one of your social media profiles when you&nbsp;</span>are at your home."
11/3/2018 11:26,11/3/2018 11:35,0,72.21.196.65,100,529,1,11/3/2018 11:35,R_30iTldvM4yVeEhW,,,,,39.0480957,-77.47280121,anonymous,EN,"1,2,3,4,5,6","1,2,4,5",,"1,2,3",,"1,2,3",,1,,1,,1,"1,2,3",,1,,"1,2,3","1,3",,"1,2,3",,"1,2,3",,1,,"1,2,3",,"1,2",,,,,,,,,,,,,,,,,,,,,,,,,,,,,,,,,,,,,,,,,,,,,,,,,,,,,,,,,,,,,,,,,,,,,,,,,,,,,,,,,,,,,,,,,,,,,,,,,,,,,,,,,,,,,,,,,,,,,,,,,,,,,,,,,,,,,,,,,,,,,,,,,,,,,,,,,,,,,,,,,,,,,,,,,,,,,,,,,,,,,,,,56695,"<span lang=""EN-GB"">Suppose you want to a send an email when you are surrounded with people you are close to (e.g., friends, family members) at your home.<strong><o:p></o:p></strong></span>"
11/3/2018 11:43,11/3/2018 11:45,0,71.174.216.34,100,128,1,11/3/2018 11:45,R_3HLeBbtTNa85qUV,,,,,42.31820679,-71.64640045,anonymous,EN,"1,2,4,5",1,,5,,1,,1,,1,,3,1,,3,,3,6,,5,,7,,1,,2,,4,,,,,,,,,,,,,,,,,,,,,,,,,,,,,,,,,,,,,,,,,,,,,,,,,,,,,,,,,,,,,,,,,,,,,,,,,,,,,,,,,,,,,,,,,,,,,,,,,,,,,,,,,,,,,,,,,,,,,,,,,,,,,,,,,,,,,,,,,,,,,,,,,,,,,,,,,,,,,,,,,,,,,,,,,,,,,,,,,,,,,,,,94161,"<span lang=""EN-GB"">Suppose
     you want to a send a text message when you are with a very close friend at
     a restaurant&nbsp;<o:p></o:p></span>"
11/3/2018 11:55,11/3/2018 11:55,0,68.197.243.210,100,12,1,11/3/2018 11:55,R_3iPC4kJcVSlXdnq,,,,,40.67939758,-73.94960022,anonymous,EN,"1,2",,,,,,,,,,,,,,,,,,,,,,,,,,,,,,,,,,,,,,,,,,,,,,,,,,,,,,,,,,,,,,,,,,,,,,,,,,,,,,,,,,,,,,,,,,,,,,,,,,,,,,,,,,,,,,,,,,,,,,,,,,,,,,,,,,,,,,,,,,,,,,,,,,,,,,,,,,,,,,,,,,,,,,,,,,,,,,,,,,,,,,,,,,,,,,,,,,,,,,,,,,,,,,,,,,,24728,"<span lang=""EN-GB"">Suppose
     you want to read a digital document when you are alone at home.<strong><o:p></o:p></strong></span>"
11/3/2018 11:55,11/3/2018 11:57,0,173.56.83.195,100,112,1,11/3/2018 11:57,R_3BDh8hpSHP2hCjT,,,,,40.70359802,-73.89610291,anonymous,EN,"2,3,6",4,,2,,3,,1,,"1,3",,2,1,,1,,1,3,,1,,2,,1,,2,,1,,,,,,,,,,,,,,,,,,,,,,,,,,,,,,,,,,,,,,,,,,,,,,,,,,,,,,,,,,,,,,,,,,,,,,,,,,,,,,,,,,,,,,,,,,,,,,,,,,,,,,,,,,,,,,,,,,,,,,,,,,,,,,,,,,,,,,,,,,,,,,,,,,,,,,,,,,,,,,,,,,,,,,,,,,,,,,,,,,,,,,,,31545,"<span lang=""EN-GB"" style=""font-size:11.0pt;line-height:115%;
font-family:&quot;Arial&quot;,sans-serif;mso-fareast-font-family:Arial;mso-ansi-language:
EN-GB;mso-fareast-language:EN-US;mso-bidi-language:AR-SA"">Suppose you want to a
send an email when you are alone at home</span>"
11/3/2018 11:55,11/3/2018 11:58,0,72.164.244.242,100,149,1,11/3/2018 11:58,R_3fATvFn4blg3B5m,,,,,39.58050537,-104.9011002,anonymous,EN,"1,2,3","1,2",,1,,"1,2,3,4",,1,,1,,"2,3","1,2,3",,"2,3",,"2,3","1,2,4",,"1,2,3",,"1,2,3,4",,"2,3",,"1,2,3",,4,,,,,,,,,,,,,,,,,,,,,,,,,,,,,,,,,,,,,,,,,,,,,,,,,,,,,,,,,,,,,,,,,,,,,,,,,,,,,,,,,,,,,,,,,,,,,,,,,,,,,,,,,,,,,,,,,,,,,,,,,,,,,,,,,,,,,,,,,,,,,,,,,,,,,,,,,,,,,,,,,,,,,,,,,,,,,,,,,,,,,,,,53358,"<span lang=""EN-GB"">Suppose
     you want to set up a reminder when you are alone at your home.<strong><o:p></o:p></strong></span>"
11/3/2018 12:03,11/3/2018 12:05,0,172.56.11.235,100,128,1,11/3/2018 12:05,R_3nqj7z9dp6lmm6h,,,,,42.39450073,-83.24539948,anonymous,EN,"1,2,3,4,5",3,,1,,2,,3,,1,,2,1,,2,,3,1,,2,,4,,2,,1,,1,,,,,,,,,,,,,,,,,,,,,,,,,,,,,,,,,,,,,,,,,,,,,,,,,,,,,,,,,,,,,,,,,,,,,,,,,,,,,,,,,,,,,,,,,,,,,,,,,,,,,,,,,,,,,,,,,,,,,,,,,,,,,,,,,,,,,,,,,,,,,,,,,,,,,,,,,,,,,,,,,,,,,,,,,,,,,,,,,,,,,,,,13315,"<span lang=""EN-GB"">Suppose you want to browse internet when you are with your close friends at a restaurant.<o:p></o:p></span>"
11/3/2018 12:05,11/3/2018 12:06,0,72.222.208.129,100,85,1,11/3/2018 12:06,R_1jJ65bj2wzd1ka6,,,,,33.62379456,-112.0044022,anonymous,EN,"1,2,3,4,6","2,4",,1,,1,,1,,2,,3,"1,2",,2,,1,3,,2,,3,,2,,"1,3",,2,,,,,,,,,,,,,,,,,,,,,,,,,,,,,,,,,,,,,,,,,,,,,,,,,,,,,,,,,,,,,,,,,,,,,,,,,,,,,,,,,,,,,,,,,,,,,,,,,,,,,,,,,,,,,,,,,,,,,,,,,,,,,,,,,,,,,,,,,,,,,,,,,,,,,,,,,,,,,,,,,,,,,,,,,,,,,,,,,,,,,,,,25770,"<span lang=""EN-GB"">Suppose
     you want to a send an email when you are surrounded by people you know
     (e.g., acquaintances, colleagues) at a restaurant.<o:p></o:p></span>"
11/3/2018 12:08,11/3/2018 12:12,0,107.210.162.40,100,228,1,11/3/2018 12:12,R_3jYGZ80mg3TrR1i,,,,,33.36959839,-84.81939697,anonymous,EN,"1,2,4,6",2,,"1,2",,"1,2,3",,3,,1,,3,"1,2,3",,5,,3,"2,3",,5,,6,,"1,2",,5,,"1,2",,,,,,,,,,,,,,,,,,,,,,,,,,,,,,,,,,,,,,,,,,,,,,,,,,,,,,,,,,,,,,,,,,,,,,,,,,,,,,,,,,,,,,,,,,,,,,,,,,,,,,,,,,,,,,,,,,,,,,,,,,,,,,,,,,,,,,,,,,,,,,,,,,,,,,,,,,,,,,,,,,,,,,,,,,,,,,,,,,,,,,,,29177,"<span lang=""EN-GB"">Suppose
     you are at home with some people you know (e.g., acquaintances,
     colleagues) when you realize today is the last day to pay one of your
     bills online.<o:p></o:p></span>"
11/3/2018 12:13,11/3/2018 12:15,0,71.195.35.1,100,117,1,11/3/2018 12:15,R_6VAu8M4qXhdQYrn,,,,,44.82659912,-93.375,anonymous,EN,"1,2,3,4",7,,1,,3,,1,,1,,1,1,,3,,1,6,,2,,6,,5,,1,,2,,,,,,,,,,,,,,,,,,,,,,,,,,,,,,,,,,,,,,,,,,,,,,,,,,,,,,,,,,,,,,,,,,,,,,,,,,,,,,,,,,,,,,,,,,,,,,,,,,,,,,,,,,,,,,,,,,,,,,,,,,,,,,,,,,,,,,,,,,,,,,,,,,,,,,,,,,,,,,,,,,,,,,,,,,,,,,,,,,,,,,,,99497,"<span lang=""EN-GB"">Suppose
     you want to listen to some audio when you are with your friends at
     Starbucks.<o:p></o:p></span>"
11/3/2018 12:08,11/3/2018 12:15,0,192.241.68.241,100,391,1,11/3/2018 12:15,R_3punK6neiH91MYW,,,,,36.85290527,-76.28780365,anonymous,EN,"1,2,6","1,2,3,4,5",,"1,2,3",,"1,2,3,4",,1,,"1,3,4",,4,"1,2,3",,"1,2,3",,"1,2,3","1,2,3,4",,"1,2,3",,"1,2,3,4",,"1,2,3",,"1,2,3",,"1,2",,,,,,,,,,,,,,,,,,,,,,,,,,,,,,,,,,,,,,,,,,,,,,,,,,,,,,,,,,,,,,,,,,,,,,,,,,,,,,,,,,,,,,,,,,,,,,,,,,,,,,,,,,,,,,,,,,,,,,,,,,,,,,,,,,,,,,,,,,,,,,,,,,,,,,,,,,,,,,,,,,,,,,,,,,,,,,,,,,,,,,,,70276,"<span lang=""EN-GB"">Suppose
     you are at a park and you realize today is the last day to pay one of your
     bills online.<o:p></o:p></span>"
11/3/2018 12:20,11/3/2018 12:20,0,31.205.233.242,100,18,1,11/3/2018 12:20,R_4SFk5z39lPwkEBb,,,,,37.75100708,-97.8219986,anonymous,EN,"1,2",,,,,,,,,,,,,,,,,,,,,,,,,,,,,,,,,,,,,,,,,,,,,,,,,,,,,,,,,,,,,,,,,,,,,,,,,,,,,,,,,,,,,,,,,,,,,,,,,,,,,,,,,,,,,,,,,,,,,,,,,,,,,,,,,,,,,,,,,,,,,,,,,,,,,,,,,,,,,,,,,,,,,,,,,,,,,,,,,,,,,,,,,,,,,,,,,,,,,,,,,,,,,,,,,,,28517,"<span lang=""EN-GB"">Suppose you have planned to meet a friend next week and you want to put this on your calendar when you are surrounded with people you are close to (e.g., friends, family members) at your home.<strong><o:p></o:p></strong></span>"
11/3/2018 12:19,11/3/2018 12:20,0,75.16.195.14,100,94,1,11/3/2018 12:20,R_3HSl0uDEdgyMgO7,,,,,35.62150574,-97.47329712,anonymous,EN,"1,2,3,4","1,2,5",,"1,2",,"1,2",,1,,1,,2,3,,2,,"2,3","2,4",,3,,"1,2,3",,"1,2",,"2,3",,4,,,,,,,,,,,,,,,,,,,,,,,,,,,,,,,,,,,,,,,,,,,,,,,,,,,,,,,,,,,,,,,,,,,,,,,,,,,,,,,,,,,,,,,,,,,,,,,,,,,,,,,,,,,,,,,,,,,,,,,,,,,,,,,,,,,,,,,,,,,,,,,,,,,,,,,,,,,,,,,,,,,,,,,,,,,,,,,,,,,,,,,,49842,"<span lang=""EN-GB"">Suppose
     you want to find a route to home when you are at Starbucks with your close
     friends.<o:p></o:p></span>"
11/3/2018 12:08,11/3/2018 12:23,0,24.50.16.247,100,908,1,11/3/2018 12:23,R_1QgfzzgHJXNqYA3,,,,,48.5453949,-123.094696,anonymous,EN,"1,2,4","2,4,5",,1,,1,,1,,1,,2,"1,2",,"1,2",,2,6,,2,,6,,2,,"1,2",,"1,2",,2,,,,,,,,,,,,,,,,,,,,,,,,,,,,,,"1,2,4,5",,3,,"1,3,4",,1,,2,,1,2,,"2,3",,"1,2,3",,1,,"3,4",,"1,2",,"1,3,4",,"1,2",,"1,2",,,,,,,,,,,,,,,,,,,,,,,,,,,,,,,,,,,,,,,,,,,,,,,,,,,,,,,,,,,,,,,,,,,,,,,,,,,,,,,,,,,,,,,,,,,,,,,,,,,,,,,,,,,,,,,,,,,,,,,,,,,,,82032,"<span lang=""EN-GB"">Suppose you want to browse the internet when you alone at a park.<o:p></o:p></span>"
11/2/2018 18:31,11/3/2018 12:26,0,172.88.167.67,100,64539,1,11/3/2018 12:26,R_XzyeyUxivAibloR,,,,,34.60169983,-118.2310028,anonymous,EN,"1,2,3,4,5,6","2,3,4,5",,"1,2",,"1,2,3,4",,1,,"1,2,3,4",,"1,2,3","1,2,3",,"1,2,3",,"1,2,3","1,2,3,4",,"1,2,3",,"1,2,3,4",,"1,2",,"1,3",,"1,2",,,,,,,,,,,,,,,,,,,,,,,,,,,,,,,,,,,,,,,,,,,,,,,,,,,,,,,,,,,,,,,,,,,,,,,,,,,,,,,,,,,,,,,,,,,,,,,,,,,,,,,,,,,,,,,,,,,,,,,,,,,,,,,,,,,,,,,,,,,,,,,,,,,,,,,,,,,,,,,,,,,,,,,,,,,,,,,,,,,,,,,,85808,"<span lang=""EN-GB"">Suppose
     you want to a view a text message when you with people you know (e.g.,
     acquaintances, colleagues) at a street<strong>.</strong><o:p></o:p></span>"
11/3/2018 12:17,11/3/2018 12:27,0,107.77.197.159,100,594,1,11/3/2018 12:27,R_1F2DX6RKETP5DDS,,,,,32.3513031,-95.30110168,anonymous,EN,"1,2,3,5","1,2",,3,,"1,3,4",,1,,3,,"2,3","1,2",,1,,"2,3",6,,"1,2,3",,"2,3",,"1,2,3",,1,,2,,"1,3",4,,3,,1,,1,,1,,2,"1,2,3",,5,,5,,3,,3,,1,,3,,3,,1,,,,,,,,,,,,,,,,,,,,,,,,,,,,,,,4,,3,,1,,3,,1,,3,"1,2,3",,5,,5,,2,,7,,1,,3,,5,,1,,,,,,,,,,,,,,,,,,,,,,,,,,,,,,,,,,,,,,,,,,,,,,,,,,,,,,,,,,,,,,,,,,,,,,,,,,,,,,,,,,,,,,,,,,,,,,,,62490,"<span lang=""EN-GB"">Suppose
     you want to purchase something online when you are with people you are
     close to (e.g., friends, family members) at home.<o:p></o:p></span>"
11/3/2018 12:30,11/3/2018 12:30,0,199.80.74.66,100,16,1,11/3/2018 12:30,R_T5Y0YUFUMIzvm9z,,,,,29.98710632,-90.16950226,anonymous,EN,6,,,,,,,,,,,,,,,,,,,,,,,,,,,,,,,,,,,,,,,,,,,,,,,,,,,,,,,,,,,,,,,,,,,,,,,,,,,,,,,,,,,,,,,,,,,,,,,,,,,,,,,,,,,,,,,,,,,,,,,,,,,,,,,,,,,,,,,,,,,,,,,,,,,,,,,,,,,,,,,,,,,,,,,,,,,,,,,,,,,,,,,,,,,,,,,,,,,,,,,,,,,,,,,,,,,77686,"<span lang=""EN-GB"">Suppose
     you want to a send an email when you are walking on a street.<o:p></o:p></span>"
11/3/2018 12:31,11/3/2018 12:31,0,41.90.129.11,100,24,1,11/3/2018 12:31,R_2VjvzNEx7Fs5LbS,,,,,-1.283294678,36.81669617,anonymous,EN,4,,,,,,,,,,,,,,,,,,,,,,,,,,,,,,,,,,,,,,,,,,,,,,,,,,,,,,,,,,,,,,,,,,,,,,,,,,,,,,,,,,,,,,,,,,,,,,,,,,,,,,,,,,,,,,,,,,,,,,,,,,,,,,,,,,,,,,,,,,,,,,,,,,,,,,,,,,,,,,,,,,,,,,,,,,,,,,,,,,,,,,,,,,,,,,,,,,,,,,,,,,,,,,,,,,,52378,"<span lang=""EN-GB"">Suppose you want to take a click a photo when you are with your close friends&nbsp;</span>and family members at Starbucks"
11/3/2018 12:29,11/3/2018 12:36,0,173.239.232.18,100,472,1,11/3/2018 12:36,R_WwclZWyI5gGEXfP,,,,,33.01980591,-96.69889832,anonymous,EN,"1,2,3,4",2,,1,,"1,2,3",,1,,1,,3,"1,2",,1,,3,"1,2,3",,"2,4",Follow the intent of Apple's original Human Interface Guidelines. This is now lost knowledge.,"1,2,3",,2,,"1,2,3",,4,,,,,,,,,,,,,,,,,,,,,,,,,,,,,,,,,,,,,,,,,,,,,,,,,,,,,,,,,,,,,,,,,,,,,,,,,,,,,,,,,,,,,,,,,,,,,,,,,,,,,,,,,,,,,,,,,,,,,,,,,,,,,,,,,,,,,,,,,,,,,,,,,,,,,,,,,,,,,,,,,,,,,,,,,,,,,,,,,,,,,,,,18258,"<span lang=""EN-GB"" style=""font-size:11.0pt;line-height:115%;
font-family:&quot;Arial&quot;,sans-serif;mso-fareast-font-family:Arial;mso-ansi-language:
EN-GB;mso-fareast-language:EN-US;mso-bidi-language:AR-SA"">Suppose you want to
take a click a photo when you are at Starbucks.</span>"
11/3/2018 12:37,11/3/2018 12:39,0,103.114.36.217,100,94,1,11/3/2018 12:39,R_1giRS8CiTDgBDoU,,,,,23.72900391,90.41119385,anonymous,EN,"1,2,3,4,5,6",3,,1,,2,,1,,3,,2,2,,2,,1,2,,2,,3,,2,,2,,1,,,,,,,,,,,,,,,,,,,,,,,,,,,,,,,,,,,,,,,,,,,,,,,,,,,,,,,,,,,,,,,,,,,,,,,,,,,,,,,,,,,,,,,,,,,,,,,,,,,,,,,,,,,,,,,,,,,,,,,,,,,,,,,,,,,,,,,,,,,,,,,,,,,,,,,,,,,,,,,,,,,,,,,,,,,,,,,,,,,,,,,,38779,"<span lang=""EN-GB"">Suppose
     you want to listen to some audio when you are with people you know (e.g.,
     acquaintances, colleagues) in a park.<o:p></o:p></span>


<p><span lang=""EN-GB"" style=""color:red"">&nbsp;</span></p>"
11/3/2018 12:36,11/3/2018 12:40,0,73.192.133.172,100,234,1,11/3/2018 12:40,R_vVREPdx8LDpSkX7,,,,,37.9743042,-121.3153992,anonymous,EN,"1,2,3","2,5",,1,,"1,3",,1,,"1,3,4",,"2,3","1,2,3",,"2,3",,"2,3","1,3",,"1,2",,"2,4",,"2,3",,"1,2,3",,"1,2",,,,,,,,,,,,,,,,,,,,,,,,,,,,,,,,,,,,,,,,,,,,,,,,,,,,,,,,,,,,,,,,,,,,,,,,,,,,,,,,,,,,,,,,,,,,,,,,,,,,,,,,,,,,,,,,,,,,,,,,,,,,,,,,,,,,,,,,,,,,,,,,,,,,,,,,,,,,,,,,,,,,,,,,,,,,,,,,,,,,,,,,85854,"<span lang=""EN-GB"">Suppose you want to find a route to home while walking on a street with people you know (e.g., acquaintances, colleagues).<o:p></o:p></span>"
11/3/2018 12:40,11/3/2018 12:40,0,69.245.133.25,100,8,1,11/3/2018 12:40,R_3rSzNLnsXxZSc0p,,,,,41.90330505,-87.63359833,anonymous,EN,"2,4",,,,,,,,,,,,,,,,,,,,,,,,,,,,,,,,,,,,,,,,,,,,,,,,,,,,,,,,,,,,,,,,,,,,,,,,,,,,,,,,,,,,,,,,,,,,,,,,,,,,,,,,,,,,,,,,,,,,,,,,,,,,,,,,,,,,,,,,,,,,,,,,,,,,,,,,,,,,,,,,,,,,,,,,,,,,,,,,,,,,,,,,,,,,,,,,,,,,,,,,,,,,,,,,,,,23301,"<span lang=""EN-GB"">Suppose you are at work with some people you know (e.g., acquaintances, colleagues) when you realize that you have to immediately pay one of your bills online.<o:p></o:p></span>"
11/3/2018 12:46,11/3/2018 12:46,0,64.126.58.207,100,15,1,11/3/2018 12:46,R_1jUMzghe3bwAS4q,,,,,38.95680237,-94.68319702,anonymous,EN,"1,2",,,,,,,,,,,,,,,,,,,,,,,,,,,,,,,,,,,,,,,,,,,,,,,,,,,,,,,,,,,,,,,,,,,,,,,,,,,,,,,,,,,,,,,,,,,,,,,,,,,,,,,,,,,,,,,,,,,,,,,,,,,,,,,,,,,,,,,,,,,,,,,,,,,,,,,,,,,,,,,,,,,,,,,,,,,,,,,,,,,,,,,,,,,,,,,,,,,,,,,,,,,,,,,,,,,41321,"<span lang=""EN-GB"">Suppose
     you want to a view a text message when you are with a very close friend at
     a restaurant&nbsp;<o:p></o:p></span>"
11/3/2018 12:46,11/3/2018 12:47,0,69.10.202.209,100,49,1,11/3/2018 12:47,R_cILCiuheMMqHqb7,,,,,46.87080383,-122.2695999,anonymous,EN,3,,,,,,,,,,,,,,,,,,,,,,,,,,,,,,,,,,,,,,,,,,,,,,,,,,,,,,,,,,,,,,,,,,,,,,,,,,,,,,,,,,,,,,,,,,,,,,,,,,,,,,,,,,,,,,,,,,,,,,,,,,,,,,,,,,,,,,,,,,,,,,,,,,,,,,,,,,,,,,,,,,,,,,,,,,,,,,,,,,,,,,,,,,,,,,,,,,,,,,,,,,,,,,,,,,,68072,"<span lang=""EN-GB"">Suppose
     you want to a send a text message when you are surrounded by people you
     know (e.g., acquaintances, colleagues) at your home.<o:p></o:p></span>"
11/3/2018 12:43,11/3/2018 12:49,0,67.185.211.140,100,364,1,11/3/2018 12:49,R_1j6BSckaSXP3hg0,,,,,47.61560059,-117.3621979,anonymous,EN,"1,2,3,4",2,,1,,2,,1,,1,,2,1,,2,,2,3,,2,,3,,2,,1,,1,,1,4,,1,,2,,1,,1,,2,1,,2,,"2,3",,3,,3,,2,,3,,1,,1,,,,,,,,,,,,,,,,,,,,,,,,,,,,,,,,,,,,,,,,,,,,,,,,,,,,,,,,,,,,,,,,,,,,,,,,,,,,,,,,,,,,,,,,,,,,,,,,,,,,,,,,,,,,,,,,,,,,,,,,,,,,,,,,,,,,,,,,,,,,,,,,,,,,,,,,,,45148,"<span lang=""EN-GB"">Suppose you are at sitting at Starbucks and you want to play a digital/online&nbsp;</span>game."
11/3/2018 12:34,11/3/2018 12:51,0,69.132.159.26,100,1027,1,11/3/2018 12:51,R_2SGn64IJNk7NSfS,,,,,35.01780701,-80.53720093,anonymous,EN,"1,2,4,6","1,2,3,5",,3,,"1,2,3",,1,,1,,2,"1,2,3",,2,,2,"1,3",,"1,2,3",,3,,"1,2,3",,"1,2,3",,4,,"2,6",,,,,,,,,,,,,,,,,,,,,,,,,,,,,,3,,3,,"2,3",,1,,1,,"2,3","1,2,3",,"1,2,3",,2,,1,,3,,"1,2",,3,,"1,2,3",,4,,,,,,,,,,,,,,,,,,,,,,,,,,,,,,,,,,,,,,,,,,,,,,,,,,,,,,,,,,,,,,,,,,,,,,,,,,,,,,,,,,,,,,,,,"1,2",,5,,4,,1,,1,,"2,3",3,,"1,2",,1,,"3,4",,"2,3,4",,"2,3",,"2,3,4",,"1,2",,4,,,,,,,,,30842,"<span lang=""EN-GB"">Suppose you have planned to meet a friend next week and you want to put this on your calendar when you are alone at a park<o:p></o:p></span>"
11/3/2018 12:46,11/3/2018 12:52,0,23.249.187.190,100,310,1,11/3/2018 12:52,R_xowbnfkpwXo17YB,,,,,37.75100708,-97.8219986,anonymous,EN,"1,2,5,6","2,3,4,5",,"1,2,3",,"1,2,3",,1,,"1,3,4",,"1,2,3","1,2,3",,"1,2",,"1,2,3","1,2,3",,"1,2",,"2,3,4",,"1,2",,"1,2,3",,"1,2",,"1,2,5","2,3,4",,"2,3",,"2,3",,1,,"3,4",,"2,3","1,3",,"1,2",,"2,3",,"1,2",,"1,2,4",,"1,2",,2,,"2,3",,"1,2",,"2,3,4",,"2,3",,"2,3",,3,,"2,3,4",,2,"1,2",,"1,2,3",,"1,2,3",,"2,3,4",,"2,3,4",,"1,2",,"2,3,4",,"1,2",,"1,2",,,,,,,,,,,,,,,,,,,,,,,,,,,,,,,,,,,,,,,,,,,,,,,,,,,,,,,,,,,,"2,3,4",,"1,2,3",,"2,3,4",,1,,"2,3,4",,2,"1,2,3",,"2,3",,"1,2,3",,"2,3,4",,"1,2,3",,"1,2",,"1,2,4",,"1,2",,"1,2",,,,,,,,,,,,,,,,,,,,,,,,,,,,,,,,,,,,,,63086,"<span lang=""EN-GB"">Suppose you want to call your mother for sharing an important
     update about your life when you are surrounded by people you know (e.g.,
     acquaintances, colleagues) at your home.<o:p></o:p></span>"
11/3/2018 12:49,11/3/2018 12:56,0,73.26.55.87,100,442,1,11/3/2018 12:56,R_1r6s5TDMmhWMH7H,,,,,34.78059387,-106.7115021,anonymous,EN,"2,3,4",1,,3,,"1,3,4",,1,,1,,1,3,,5,,3,"2,4",,2,,7,,2,,1,,2,,,,,,,,,,,,,,,,,,,,,,,,,,,,,,,,,,,,,,,,,,,,,,,,,,,,,,,,,,,,,,,,,,,,,,,,,,,,,,,,,,,,,,,,,,,,,,,,,,,,,,,,,,,,,,,,,,,,,,,,,,,,,,,,,,,,,,,,,,,,,,,,,,,,,,,,,,,,,,,,,,,,,,,,,,,,,,,,,,,,,,,,47901,"Suppose you want to find a route to a coffee shop
     when you are at home with your by your colleagues<o:p></o:p>"
10/27/2018 12:55,10/27/2018 12:56,0,107.204.79.128,1,23,0,11/3/2018 12:56,R_3suXIYrB862tEWI,,,,,,,anonymous,EN,,,,,,,,,,,,,,,,,,,,,,,,,,,,,,,,,,,,,,,,,,,,,,,,,,,,,,,,,,,,,,,,,,,,,,,,,,,,,,,,,,,,,,,,,,,,,,,,,,,,,,,,,,,,,,,,,,,,,,,,,,,,,,,,,,,,,,,,,,,,,,,,,,,,,,,,,,,,,,,,,,,,,,,,,,,,,,,,,,,,,,,,,,,,,,,,,,,,,,,,,,,,,,,,,,,,32510,"<span lang=""EN-GB"">Suppose
     you want to watch some video when you are with your close friends in a
     park.<o:p></o:p></span>"
11/3/2018 12:53,11/3/2018 12:56,0,99.4.184.217,100,161,1,11/3/2018 12:56,R_1IEjILX6Mh4TsuU,,,,,35.4499054,-82.49659729,anonymous,EN,"1,2,3,4,5,6",1,,2,,1,,1,,1,,2,1,,1,,3,1,,2,,2,,2,,1,,2,,,,,,,,,,,,,,,,,,,,,,,,,,,,,,,,,,,,,,,,,,,,,,,,,,,,,,,,,,,,,,,,,,,,,,,,,,,,,,,,,,,,,,,,,,,,,,,,,,,,,,,,,,,,,,,,,,,,,,,,,,,,,,,,,,,,,,,,,,,,,,,,,,,,,,,,,,,,,,,,,,,,,,,,,,,,,,,,,,,,,,,,45555,"<span lang=""EN-GB"">Suppose you want to call your mother for sharing an important
     update about your life&nbsp; when you
     with people you know (e.g., acquaintances, colleagues) at a park<o:p></o:p></span>"
11/3/2018 12:49,11/3/2018 12:57,0,71.228.35.235,100,447,1,11/3/2018 12:57,R_2Ya0uRzk8KHSEao,,,,,41.87319946,-88.00019836,anonymous,EN,"1,2,4","1,2",,5,,"1,2",,1,,1,,1,5,,"2,3",,1,1,,5,,7,,2,,1,,4,,,,,,,,,,,,,,,,,,,,,,,,,,,,,,,,,,,,,,,,,,,,,,,,,,,,,,,,,,,,,,,,,,,,,,,,,,,,,,,,,,,,,,,,,,,,,,,,,,,,,,,,,,,,,,,,,,,,,,,,,,,,,,,,,,,,,,,,,,,,,,,,,,,,,,,,,,,,,,,,,,,,,,,,,,,,,,,,,,,,,,,,83192,"<span lang=""EN-GB"">Suppose you want to take a click a photo when you with </span><span lang=""EN-GB"">some people you know (e.g.,
     acquaintances, colleagues)</span><span lang=""EN-GB""> at home<o:p></o:p></span>"
10/27/2018 12:56,10/27/2018 12:57,0,162.223.82.214,1,28,0,11/3/2018 12:57,R_3qyul5T3K2eYyuH,,,,,,,anonymous,EN,,,,,,,,,,,,,,,,,,,,,,,,,,,,,,,,,,,,,,,,,,,,,,,,,,,,,,,,,,,,,,,,,,,,,,,,,,,,,,,,,,,,,,,,,,,,,,,,,,,,,,,,,,,,,,,,,,,,,,,,,,,,,,,,,,,,,,,,,,,,,,,,,,,,,,,,,,,,,,,,,,,,,,,,,,,,,,,,,,,,,,,,,,,,,,,,,,,,,,,,,,,,,,,,,,,,51220,"<span lang=""EN-GB"">Suppose you want to call your mother for sharing an important
     update about your life&nbsp; when you
     with people you know (e.g., acquaintances, colleagues) at a park<o:p></o:p></span>"
11/3/2018 12:58,11/3/2018 12:58,0,64.39.84.19,100,18,1,11/3/2018 12:58,R_1FkTWyeotpVOze2,,,,,44.77720642,-69.69760132,anonymous,EN,2,,,,,,,,,,,,,,,,,,,,,,,,,,,,,,,,,,,,,,,,,,,,,,,,,,,,,,,,,,,,,,,,,,,,,,,,,,,,,,,,,,,,,,,,,,,,,,,,,,,,,,,,,,,,,,,,,,,,,,,,,,,,,,,,,,,,,,,,,,,,,,,,,,,,,,,,,,,,,,,,,,,,,,,,,,,,,,,,,,,,,,,,,,,,,,,,,,,,,,,,,,,,,,,,,,,78983,"<span lang=""EN-GB"">Suppose you want to set up a reminder when you are at a park with close friends.<o:p></o:p></span>"
10/27/2018 12:56,10/27/2018 12:58,0,98.101.115.194,78,110,0,11/3/2018 12:59,R_3p06XpGDe3aAajD,,,,,,,anonymous,EN,"1,2,3,4",,,,,,,,,,,,,,,,,,,,,,,,,,,,,,,,,,,,,,,,,,,,,,,,,,,,,,,,,,,,,,,,,,,,,,,,,,,,,,,,,,,,,,,,,,,,,,,,,,,,,,,,,,,,,,,,,,,,,,,,,,,,,,,,,,,,,,,,,,,,,,,,,,,,,,,,,,,,,,,,,,,,,,,,,,,,,,,,,,,,,,,,,,,,,,,,,,,,,,,,,,,,,,,,,,,96152,"<span lang=""EN-GB"">Suppose
     you want to set up a reminder when you with people you know (e.g.,
     acquaintances, colleagues) at a park.<o:p></o:p></span>"
11/3/2018 12:59,11/3/2018 13:00,0,200.10.38.87,100,95,1,11/3/2018 13:00,R_271HIErvKlwxZK5,,,,,40.73080444,-73.99749756,anonymous,EN,"1,2,3,4,6",2,,"1,2",,2,,3,,"1,2,3",,3,"1,2,3",,3,,1,4,,"2,3",,"1,2",,"1,2",,2,,"1,2",,,,,,,,,,,,,,,,,,,,,,,,,,,,,,,,,,,,,,,,,,,,,,,,,,,,,,,,,,,,,,,,,,,,,,,,,,,,,,,,,,,,,,,,,,,,,,,,,,,,,,,,,,,,,,,,,,,,,,,,,,,,,,,,,,,,,,,,,,,,,,,,,,,,,,,,,,,,,,,,,,,,,,,,,,,,,,,,,,,,,,,,24698,"<span lang=""EN-GB"">Suppose you want to browse the internet when you are with people you know (e.g., acquaintances, colleagues) at a park.<o:p></o:p></span>"
10/27/2018 13:00,10/27/2018 13:01,0,174.230.12.248,78,89,0,11/3/2018 13:01,R_4ZushvC144dohJD,,,,,,,anonymous,EN,"1,2,4",,,,,,,,,,,,,,,,,,,,,,,,,,,,,,,,,,,,,,,,,,,,,,,,,,,,,,,,,,,,,,,,,,,,,,,,,,,,,,,,,,,,,,,,,,,,,,,,,,,,,,,,,,,,,,,,,,,,,,,,,,,,,,,,,,,,,,,,,,,,,,,,,,,,,,,,,,,,,,,,,,,,,,,,,,,,,,,,,,,,,,,,,,,,,,,,,,,,,,,,,,,,,,,,,,,88488,"<span lang=""EN-GB"">Suppose
     you want to call your mother for sharing an important update about your
     life when you are with a very close friend at a restaurant&nbsp;<o:p></o:p></span>"
11/3/2018 13:01,11/3/2018 13:02,0,200.10.38.87,100,73,1,11/3/2018 13:02,R_0ILU1P2Nf3NMFX3,,,,,40.73080444,-73.99749756,anonymous,EN,"1,2,3,4,5",3,,4,easy to release,6,,3,,3,,1,1,,5,,4,6,,1,,7,,3,,5,,4,,,,,,,,,,,,,,,,,,,,,,,,,,,,,,,,,,,,,,,,,,,,,,,,,,,,,,,,,,,,,,,,,,,,,,,,,,,,,,,,,,,,,,,,,,,,,,,,,,,,,,,,,,,,,,,,,,,,,,,,,,,,,,,,,,,,,,,,,,,,,,,,,,,,,,,,,,,,,,,,,,,,,,,,,,,,,,,,,,,,,,,,41218,"<span lang=""EN-GB"" style=""font-size:11.0pt;line-height:115%;
font-family:&quot;Arial&quot;,sans-serif;mso-fareast-font-family:Arial;mso-ansi-language:
EN-GB;mso-fareast-language:EN-US;mso-bidi-language:AR-SA"">Suppose you want to a
send an email when you are at Starbucks.</span>"
11/3/2018 12:55,11/3/2018 13:02,0,73.0.86.58,100,397,1,11/3/2018 13:02,R_C4DldAnOSqFXYel,,,,,26.29969788,-80.18099976,anonymous,EN,"1,2,3","2,4,5",,"1,2",,"1,2,3,4",,1,,1,,"1,2,3","1,2,3",,"1,2",,"1,2,3","1,2,3",,"1,2,3",,"2,3",,"1,2,3",,"1,2,3",,2,,2,,,,,,,,,,,,,,,,,,,,,,,,,,,,,,"1,2,4",,"1,2",,"1,2,3",,1,,"1,3",,"1,2,3","1,2,3",,"1,2,3",,"1,2",,"1,2,3,4",,"1,2,3",,"1,2",,"1,2,3",,"1,2,3",,2,,,,,,,,,,,,,,,,,,,,,,,,,,,,,,,,,,,,,,,,,,,,,,,,,,,,,,,,,,,,,,,,,,,,,,,,,,,,,,,,,,,,,,,,,,,,,,,,,,,,,,,,,,,,,,,,,,,,,,,,,,,,,65736,"<span lang=""EN-GB"">Suppose
     you want to a send an email when you are with a very close friend at a
     restaurant&nbsp;<o:p></o:p></span>"
11/3/2018 12:59,11/3/2018 13:04,0,97.88.33.24,100,260,1,11/3/2018 13:04,R_3fplwOreIx9bRob,,,,,45.54100037,-94.18190002,anonymous,EN,"1,2,4,5",7,,1,,1,,1,,6,,4,5,,1,,4,6,,5,,1,,1,,1,,2,,,,,,,,,,,,,,,,,,,,,,,,,,,,,,,,,,,,,,,,,,,,,,,,,,,,,,,,,,,,,,,,,,,,,,,,,,,,,,,,,,,,,,,,,,,,,,,,,,,,,,,,,,,,,,,,,,,,,,,,,,,,,,,,,,,,,,,,,,,,,,,,,,,,,,,,,,,,,,,,,,,,,,,,,,,,,,,,,,,,,,,,15929,"<span lang=""EN-GB"">Suppose you are at sitting in a park and you want to play a digital/online game.<o:p></o:p></span>"
11/3/2018 13:03,11/3/2018 13:04,0,216.82.131.158,100,35,1,11/3/2018 13:04,R_9HtBt7plNeIivUB,,,,,29.35090637,-98.11299896,anonymous,EN,"1,2",,,,,,,,,,,,,,,,,,,,,,,,,,,,,,,,,,,,,,,,,,,,,,,,,,,,,,,,,,,,,,,,,,,,,,,,,,,,,,,,,,,,,,,,,,,,,,,,,,,,,,,,,,,,,,,,,,,,,,,,,,,,,,,,,,,,,,,,,,,,,,,,,,,,,,,,,,,,,,,,,,,,,,,,,,,,,,,,,,,,,,,,,,,,,,,,,,,,,,,,,,,,,,,,,,,48138,"<span lang=""EN-GB"">Suppose you are at a coffee shop, you have just read a book you loved and now&nbsp;</span>you want to write a review for it to share with your close family and friends."
10/27/2018 13:00,10/27/2018 13:06,0,128.239.108.100,78,400,0,11/3/2018 13:06,R_3qwDVVilYLjRKcF,,,,,,,anonymous,EN,"1,2,3,4",,,,,,,,,,,,,,,,,,,,,,,,,,,,,,,,,,,,,,,,,,,,,,,,,,,,,,,,,,,,,,,,,,,,,,,,,,,,,,,,,,,,,,,,,,,,,,,,,,,,,,,,,,,,,,,,,,,,,,,,,,,,,,,,,,,,,,,,,,,,,,,,,,,,,,,,,,,,,,,,,,,,,,,,,,,,,,,,,,,,,,,,,,,,,,,,,,,,,,,,,,,,,,,,,,,90439,"<span lang=""EN-GB"">Suppose
     you are at a park and you realize today is the last day to pay one of your
     bills online.<o:p></o:p></span>"
11/3/2018 13:04,11/3/2018 13:11,0,172.78.20.102,100,417,1,11/3/2018 13:11,R_1KjqZLM5hDfhUkq,,,,,41.45469666,-87.06559753,anonymous,EN,"1,2,3,4,6","1,2,3",,"1,2,3",,"1,2,3,4",,1,,1,,"2,3","1,2,3",,"1,2,3",,"2,3","1,2,3,4",,"1,2,3",,"1,2,3,4",,"1,2,3",,"1,2,3",,"1,2",,2,,,,,,,,,,,,,,,,,,,,,,,,,,,,,,"1,2,5",,"1,2,3",,"1,2,3,4",,1,,1,,"2,3","1,2,3",,"1,2,3",,"1,2,3",,"1,2,3,4",,"1,2,3,4",,"1,2,3",,"1,2,3,4",,"1,2,3",,"1,2",,,,,,,,,,,,,,,,,,,,,,,,,,,,,,,,,,,,,,,,,,,,,,,,,,,,,,,,,,,,,,,,,,,,,,,,,,,,,,,,,,,,,,,,,,,,,,,,,,,,,,,,,,,,,,,,,,,,,,female,56,sales,5,3,,5,79912,"<span lang=""EN-GB"" style=""font-size:11.0pt;line-height:115%;
font-family:&quot;Arial&quot;,sans-serif;mso-fareast-font-family:Arial;mso-ansi-language:
EN-GB;mso-fareast-language:EN-US;mso-bidi-language:AR-SA"">Suppose you want to check your social media when you are alone in a park.</span>"
11/3/2018 12:58,11/3/2018 13:12,0,69.120.18.231,100,804,1,11/3/2018 13:12,R_3felbZqNICIHmCA,,,,,41.06019592,-73.54450226,anonymous,EN,"1,2,6","1,4",,5,,"1,2,3",,3,,1,,"2,3","1,2,3",,5,,2,"2,4",,"1,2",,3,,"1,2",,3,,4,,,,,,,,,,,,,,,,,,,,,,,,,,,,,,,,,,,,,,,,,,,,,,,,,,,,,,,,,,,,,,,,,,,,,,,,,,,,,,,,,,,,,,,,,,,,,,,,,,,,,,,,,,,,,,,,,,,,,,,,,,,,,,,,,,,,,,,,,,,,,,,,,,,,,,,,,,,,,,,,,,,,,,,,,,,,,,,,,,,,,,,,61697,"<span lang=""EN-GB"">Suppose you have planned to meet a friend next week and you want to put this on your calendar when you are with a very close friend at a park.&nbsp;<o:p></o:p></span>"
11/3/2018 13:03,11/3/2018 13:14,0,73.25.126.31,100,615,1,11/3/2018 13:14,R_Z2GzOUjZcL3fxiF,,,,,46.15139771,-122.9634018,anonymous,EN,"1,2,4","1,2,4",,"1,2",,"1,2,3",,1,,"1,3",,"2,3","1,2,3",,"1,2,3",,"1,2","1,2,3,4",,"1,2,3",,"1,3,4",,"1,2,3",,"1,2,3",,"1,2",,,,,,,,,,,,,,,,,,,,,,,,,,,,,,,,,,,,,,,,,,,,,,,,,,,,,,,,,,,,,,,,,,,,,,,,,,,,,,,,,,,,,,,,,,,,,,,,,,,,,,,,,,,,,,,,,,,,,,,,,,,,,,,,,,,,,,,,,,,,,,,,,,,,,,,,,,,,,,,,,,,,,,,,,,,,,,,,,,,,,,,,97221,"<span lang=""EN-GB"">Suppose
     you want to a send a text message when you with people you know (e.g., acquaintances,
     colleagues) at a street<strong>.</strong><o:p></o:p></span>"
11/3/2018 7:28,11/3/2018 13:17,0,71.176.70.228,100,20941,1,11/3/2018 13:17,R_2rMVLYauHUHZeEt,,,,,43.03540039,-76.12819672,anonymous,EN,"1,2,3,4",2,,1,,"2,3",,3,,1,,1,5,,2,,1,1,,"1,2",,"2,3",,"1,2",,1,,4,,"1,2,4",2,,5,,"2,3",,3,,1,,1,"1,2",,5,,5,,"2,3",,3,,"1,2",,3,,5,,4,,2,,5,,"2,3",,3,,"1,2",,"1,2",5,,"2,3",,"2,3",,"2,3",,"2,3",,"1,2",,"2,3",,5,,4,,,,,,,,,,,,,,,,,,,,,,,,,,,,,,,"2,3",,1,,"2,3",,1,,1,,2,"1,2",,"2,3",,"2,3",,"1,2",,"2,3",,"2,3",,"2,3",,5,,4,,,,,,,,,,,,,,,,,,,,,,,,,,,,,,,,,,,,,,,,,,,,,,,,,,,,,,,,,,,,Female,45,Home maker,3,4,,3,78782,"<span lang=""EN-GB"">Suppose
     you want to a view a text message when you are surrounded by people you
     know (e.g., acquaintances, colleagues) at your home.<o:p></o:p></span>"
10/27/2018 13:16,10/27/2018 13:17,0,184.0.58.179,78,79,0,11/3/2018 13:17,R_1pzfkH4wbv18xo5,,,,,,,anonymous,EN,"1,2,4",,,,,,,,,,,,,,,,,,,,,,,,,,,,,,,,,,,,,,,,,,,,,,,,,,,,,,,,,,,,,,,,,,,,,,,,,,,,,,,,,,,,,,,,,,,,,,,,,,,,,,,,,,,,,,,,,,,,,,,,,,,,,,,,,,,,,,,,,,,,,,,,,,,,,,,,,,,,,,,,,,,,,,,,,,,,,,,,,,,,,,,,,,,,,,,,,,,,,,,,,,,,,,,,,,,25671,"<span lang=""EN-GB"">Suppose
     you are at home with some people you know (e.g., acquaintances,
     colleagues) when you realize today is the last day to pay one of your
     bills online.<o:p></o:p></span>"
11/3/2018 13:15,11/3/2018 13:19,0,173.61.35.96,100,197,1,11/3/2018 13:19,R_2WIHjV9pjCPxFvz,,,,,39.74729919,-75.08989716,anonymous,EN,"1,2,4","1,2",,"1,2,3",,"1,2,3,4",,1,,1,,"2,3",1,,2,,1,1,,"1,2",,2,,"1,2",,"1,2,3",,"1,2",,,,,,,,,,,,,,,,,,,,,,,,,,,,,,,,,,,,,,,,,,,,,,,,,,,,,,,,,,,,,,,,,,,,,,,,,,,,,,,,,,,,,,,,,,,,,,,,,,,,,,,,,,,,,,,,,,,,,,,,,,,,,,,,,,,,,,,,,,,,,,,,,,,,,,,,,,,,,,,,,,,,,,,,,,,,,,,,,,,,,,,,10893,"<span lang=""EN-GB"" style=""font-size:11.0pt;line-height:115%;
font-family:&quot;Arial&quot;,sans-serif;mso-fareast-font-family:Arial;mso-ansi-language:
EN-GB;mso-fareast-language:EN-US;mso-bidi-language:AR-SA"">Suppose you want to
find a route to a coffee shop when you are alone at home.</span>"
11/3/2018 13:12,11/3/2018 13:20,0,99.1.172.193,100,431,1,11/3/2018 13:20,R_3RrTQijXYJwlYCF,,,,,33.74079895,-84.26319885,anonymous,EN,"1,2,3,4,6",2,,"1,2",,2,,1,,2,,2,2,,1,,2,3,,"2,3",,"1,2",,2,,"1,2",,2,,,,,,,,,,,,,,,,,,,,,,,,,,,,,,,,,,,,,,,,,,,,,,,,,,,,,,,,,,,,,,,,,,,,,,,,,,,,,,,,,,,,,,,,,,,,,,,,,,,,,,,,,,,,,,,,,,,,,,,,,,,,,,,,,,,,,,,,,,,,,,,,,,,,,,,,,,,,,,,,,,,,,,,,,,,,,,,,,,,,,,,,55990,"<span lang=""EN-GB"">Suppose you want to listen to some audio when you are alone in a park.<o:p></o:p></span>"
11/3/2018 13:20,11/3/2018 13:20,0,23.249.187.159,100,23,1,11/3/2018 13:20,R_1FkZkOVXYyRAaWr,,,,,37.75100708,-97.8219986,anonymous,EN,1,,,,,,,,,,,,,,,,,,,,,,,,,,,,,,,,,,,,,,,,,,,,,,,,,,,,,,,,,,,,,,,,,,,,,,,,,,,,,,,,,,,,,,,,,,,,,,,,,,,,,,,,,,,,,,,,,,,,,,,,,,,,,,,,,,,,,,,,,,,,,,,,,,,,,,,,,,,,,,,,,,,,,,,,,,,,,,,,,,,,,,,,,,,,,,,,,,,,,,,,,,,,,,,,,,,88113,"<span lang=""EN-GB"">Suppose
     you want to set up a reminder when you with people you know (e.g.,
     acquaintances, colleagues) at a park.<o:p></o:p></span>"
11/3/2018 13:18,11/3/2018 13:22,0,75.177.143.40,100,262,1,11/3/2018 13:22,R_3xwn1HZvpggGO8V,,,,,35.72250366,-78.84079742,anonymous,EN,"1,2,4","1,2",,1,,"1,3",,1,,2,,"1,2","1,3",,"1,2",,1,2,,2,,"1,3,4",,"2,3",,1,,2,,,,,,,,,,,,,,,,,,,,,,,,,,,,,,,,,,,,,,,,,,,,,,,,,,,,,,,,,,,,,,,,,,,,,,,,,,,,,,,,,,,,,,,,,,,,,,,,,,,,,,,,,,,,,,,,,,,,,,,,,,,,,,,,,,,,,,,,,,,,,,,,,,,,,,,,,,,,,,,,,,,,,,,,,,,,,,,,,,,,,,,,1169,"<span lang=""EN-GB"">Suppose
     you want to a view a text message
     when you are walking with a very close friend on a street<o:p></o:p></span>"
11/3/2018 13:24,11/3/2018 13:27,0,99.203.78.227,100,140,1,11/3/2018 13:27,R_1Cl4zGJUODOx6vz,,,,,41.80929565,-87.7052002,anonymous,EN,"2,3,4",2,,1,,1,,1,,1,,1,"1,2",,2,,2,2,,2,,3,,2,,1,,2,,,,,,,,,,,,,,,,,,,,,,,,,,,,,,,,,,,,,,,,,,,,,,,,,,,,,,,,,,,,,,,,,,,,,,,,,,,,,,,,,,,,,,,,,,,,,,,,,,,,,,,,,,,,,,,,,,,,,,,,,,,,,,,,,,,,,,,,,,,,,,,,,,,,,,,,,,,,,,,,,,,,,,,,,,,,,,,,,,,,,,,,16234,"<span lang=""EN-GB"">Suppose you have planned to meet a friend next week and you want to&nbsp;put this on your calendar </span><span lang=""EN-GB"">when</span><span lang=""EN-GB""> you are surrounded by people you know (e.g., acquaintances, colleagues) at your home.</span><span lang=""EN-GB""><o:p></o:p></span>"
11/3/2018 13:17,11/3/2018 13:27,0,71.176.70.228,100,555,1,11/3/2018 13:27,R_2wi7HjvbXb4fRo8,,,,,43.03540039,-76.12819672,anonymous,EN,"1,2,3,4,5","2,4,5",,1,,"2,3",,3,,1,,1,2,,2,,1,"2,3",,"1,2",,"2,3",,"1,2",,5,,4,,"1,3,4","2,5",,1,,6,,3,,1,,4,5,,5,,5,,"2,3",,"2,3",,5,,"2,3",,1,,4,,,,,,,,,,,,,,,,,,,,,,,,,,,,,,,"2,4",,5,,"2,3",,3,,1,,1,"1,3",,5,,5,,"1,2,3",,"2,3",,"2,3",,3,,1,,2,,7,,5,,"1,2",,3,,1,,1,5,,5,,5,,"2,3",,"2,3",,"1,2",,"2,3",,"1,2",,4,,,,,,,,,,,,,,,,,,,,,,,,,,,,,,,,,,,,,,,,,,,,,,,,,,,,,,,,,,,,,,,,,,,14949,"<span lang=""EN-GB"">Suppose you are at home with people you are close to (e.g., friends, family members) when you realize today is the last day to pay one of your bills online.<o:p></o:p></span>"
11/3/2018 13:22,11/3/2018 13:31,0,174.140.87.114,100,541,1,11/3/2018 13:31,R_1PaTgfH7uaW2iRf,,,,,40.50520325,-78.39050293,anonymous,EN,"1,2,4,5",3,,2,,3,,1,,4,,3,1,,2,,3,1,,2,,2,,2,,2,,2,,"1,2,5",4,,3,,2,,1,,4,,2,2,,2,,2,,3,,3,,1,,2,,2,,2,,1,,3,,3,,1,,3,,2,1,,3,,2,,3,,4,,1,,4,,3,,1,,,,,,,,,,,,,,,,,,,,,,,,,,,,,,,,,,,,,,,,,,,,,,,,,,,,,,,,,,,,2,,2,,2,,1,,4,,4,2,,1,,2,,2,,4,,1,,2,,1,,1,,,,,,,,,,,,,,,,,,,,,,,,,,,,,,,,,,,,,,88276,"<span lang=""EN-GB"">Suppose
     you want to listen to some audio when you are alone at your home.<strong><o:p></o:p></strong></span>"
11/3/2018 13:27,11/3/2018 13:32,0,71.176.70.228,100,332,1,11/3/2018 13:32,R_2CWiGtpfHkWD9JO,,,,,43.03540039,-76.12819672,anonymous,EN,"1,2,3,4,5","2,4,5",,3,,"2,3",,3,,1,,"1,2",5,,5,,"1,2","1,2,3",,5,,"1,2,3",,5,,5,,1,,"2,4,5",,,,,,,,,,,,,,,,,,,,,,,,,,,,,,"2,4,5",,"1,2",,"1,2,3",,3,,1,,4,5,,5,,5,,"1,3",,"2,3",,"1,2",,"2,3",,5,,4,,,,,,,,,,,,,,,,,,,,,,,,,,,,,,,7,,5,,"2,3",,1,,1,,1,"1,2",,5,,5,,"2,3",,"2,3",,"2,3",,"2,3",,5,,4,,"2,3,4",,1,,"2,3",,3,,3,,1,"2,3",,5,,5,,6,,"2,4",,"2,3",,"2,4",,5,,4,,,,,,,,,,,,,,,,,,,,,,,,,,,,,,,Male,56,Retired,4,3,,3,33587,"<span lang=""EN-GB"">Suppose
     you want to a view a text message when you are surrounded by people you
     know (e.g., acquaintances, colleagues) at your home.<o:p></o:p></span>"
11/3/2018 13:32,11/3/2018 13:35,0,73.95.138.188,100,185,1,11/3/2018 13:35,R_2QiHLV72d0zhXVl,,,,,39.87530518,-105.0345001,anonymous,EN,"1,2,6",4,,1,,2,,1,,1,,3,"1,2",,3,,2,6,,1,,6,,1,,2,,"1,2",,,,,,,,,,,,,,,,,,,,,,,,,,,,,,,,,,,,,,,,,,,,,,,,,,,,,,,,,,,,,,,,,,,,,,,,,,,,,,,,,,,,,,,,,,,,,,,,,,,,,,,,,,,,,,,,,,,,,,,,,,,,,,,,,,,,,,,,,,,,,,,,,,,,,,,,,,,,,,,,,,,,,,,,,,,,,,,,,,,,,,,,42995,"Suppose you want to purchase something (e.g., book,
     household items) online when you are with people
     you know (e.g., acquaintances, colleagues) at
     Starbucks.<o:p></o:p>"
10/27/2018 13:37,10/27/2018 13:37,0,72.49.252.224,1,35,0,11/3/2018 13:37,R_2dpgqjx0qG2ccBt,,,,,,,anonymous,EN,,,,,,,,,,,,,,,,,,,,,,,,,,,,,,,,,,,,,,,,,,,,,,,,,,,,,,,,,,,,,,,,,,,,,,,,,,,,,,,,,,,,,,,,,,,,,,,,,,,,,,,,,,,,,,,,,,,,,,,,,,,,,,,,,,,,,,,,,,,,,,,,,,,,,,,,,,,,,,,,,,,,,,,,,,,,,,,,,,,,,,,,,,,,,,,,,,,,,,,,,,,,,,,,,,,,37838,"<span lang=""EN-GB"">Suppose you want to read a digital document when you are in a park surrounded by your close friends.<o:p></o:p></span>"
11/3/2018 13:33,11/3/2018 13:40,0,71.176.70.228,100,451,1,11/3/2018 13:40,R_3KUwTv2JYAsiSy7,,,,,43.03540039,-76.12819672,anonymous,EN,"1,2,3,4,6","2,5",,1,,"2,3",,3,,1,,"2,3","1,2",,"1,2",,"2,3","1,2,3",,"1,2",,"2,3",,"1,2",,5,,"1,2",,"1,3,4","3,4,5",,5,,"2,3",,1,,1,,1,"1,2",,"2,3",,"2,3",,"2,3",,"2,3",,"2,3",,"2,3",,5,,4,,,,,,,,,,,,,,,,,,,,,,,,,,,,,,,"2,3,4,5",,5,,"2,3",,3,,1,,1,5,,"2,3",,"2,3",,"2,3",,"2,3",,"2,3",,"2,3",,3,,4,,"2,3,4",,5,,"2,3",,3,,1,,"1,3",3,,"2,3",,"2,3",,"2,3",,3,,"1,2,3",,3,,1,,4,,,,,,,,,,,,,,,,,,,,,,,,,,,,,,,,,,,,,,,,,,,,,,,,,,,,,,,,,,,,Male,34,Engineer,5,1,,5,8788,"<span lang=""EN-GB"" style=""font-size:11.0pt;line-height:115%;
font-family:&quot;Arial&quot;,sans-serif;mso-fareast-font-family:Arial;mso-ansi-language:
EN-GB;mso-fareast-language:EN-US;mso-bidi-language:AR-SA"">Suppose you want to browse the internet when you are alone at your home.</span>"
10/27/2018 13:43,10/27/2018 13:44,0,69.112.28.241,1,31,0,11/3/2018 13:44,R_zUKDfSKBgmCMrdL,,,,,,,anonymous,EN,,,,,,,,,,,,,,,,,,,,,,,,,,,,,,,,,,,,,,,,,,,,,,,,,,,,,,,,,,,,,,,,,,,,,,,,,,,,,,,,,,,,,,,,,,,,,,,,,,,,,,,,,,,,,,,,,,,,,,,,,,,,,,,,,,,,,,,,,,,,,,,,,,,,,,,,,,,,,,,,,,,,,,,,,,,,,,,,,,,,,,,,,,,,,,,,,,,,,,,,,,,,,,,,,,,,44124,"<span lang=""EN-GB"">Suppose
     you want to listen to some audio when you are alone at your home.<strong><o:p></o:p></strong></span>"
11/3/2018 13:47,11/3/2018 13:47,0,68.199.173.108,100,12,1,11/3/2018 13:47,R_3j8r0Es8WpbGqL3,,,,,40.4651947,-74.23069763,anonymous,EN,"1,2",,,,,,,,,,,,,,,,,,,,,,,,,,,,,,,,,,,,,,,,,,,,,,,,,,,,,,,,,,,,,,,,,,,,,,,,,,,,,,,,,,,,,,,,,,,,,,,,,,,,,,,,,,,,,,,,,,,,,,,,,,,,,,,,,,,,,,,,,,,,,,,,,,,,,,,,,,,,,,,,,,,,,,,,,,,,,,,,,,,,,,,,,,,,,,,,,,,,,,,,,,,,,,,,,,,49334,"<span lang=""EN-GB"">Suppose you want to watch some video when you are with your close friends at Starbucks.<o:p></o:p></span>"
11/3/2018 13:51,11/3/2018 13:52,0,50.88.81.182,100,59,1,11/3/2018 13:52,R_0U0BGtlbqBx8MyR,,,,,28.90930176,-81.19219971,anonymous,EN,"1,2",,,,,,,,,,,,,,,,,,,,,,,,,,,,,,,,,,,,,,,,,,,,,,,,,,,,,,,,,,,,,,,,,,,,,,,,,,,,,,,,,,,,,,,,,,,,,,,,,,,,,,,,,,,,,,,,,,,,,,,,,,,,,,,,,,,,,,,,,,,,,,,,,,,,,,,,,,,,,,,,,,,,,,,,,,,,,,,,,,,,,,,,,,,,,,,,,,,,,,,,,,,,,,,,,,,2576,"<span lang=""EN-GB"">Suppose it is a regular working day, you want to track the total amount of calories&nbsp;</span>you consume and burn off during the day.&nbsp;"
11/3/2018 13:51,11/3/2018 13:56,0,71.176.70.228,100,335,1,11/3/2018 13:56,R_O9I3L67BUtFA8Vz,,,,,43.03540039,-76.12819672,anonymous,EN,"1,2,3,4,5","2,3,4",,1,,"2,3",,3,,1,,1,5,,"2,3",,1,"2,3",,"1,2",,"2,3",,"1,2",,1,,4,,2,,,,,,,,,,,,,,,,,,,,,,,,,,,,,,"1,2",,1,,"2,3",,3,,1,,4,"1,2",,2,,2,,"2,3",,"1,2,3",,"2,3",,"1,2,3",,5,,4,,,,,,,,,,,,,,,,,,,,,,,,,,,,,,,,,,,,,,,,,,,,,,,,,,,,,,,,,,,,,,,,,,,,,,,,,,,,,,,,,,,,,,,,,,,,,,,,,,,,,,,,,,,,,,,,,,,,,,Male,60,Retired,3,1,,2,93759,"Suppose
     you want to call your mother for sharing an important update about your
     life when you are surrounded by people you
     know (e.g., acquaintances, colleagues) at a restaurant.<o:p></o:p>"
11/3/2018 13:56,11/3/2018 13:59,0,76.124.133.50,100,197,1,11/3/2018 13:59,R_217mKc7iXsVaAzc,,,,,40.23779297,-75.29550171,anonymous,EN,"1,2,3,4,6",2,,3,,3,,1,,2,,2,2,,2,,2,2,,2,,3,,2,,2,,2,,2,,,,,,,,,,,,,,,,,,,,,,,,,,,,,,2,,3,,1,,1,,2,,3,2,,2,,2,,2,,3,,2,,3,,3,,1,,,,,,,,,,,,,,,,,,,,,,,,,,,,,,,,,,,,,,,,,,,,,,,,,,,,,,,,,,,,,,,,,,,,,,,,,,,,,,,,,,,,,,,,,,,,,,,,,,,,,,,,,,,,,,,,,,,,,,Female,36,Sales,4,1,,4,20597,"<span lang=""EN-GB"">Suppose you want to a send a text message when you are surrounded with people you are close to (e.g., friends, family members) at your home.<strong><o:p></o:p></strong></span>"
11/3/2018 13:58,11/3/2018 13:59,0,107.175.34.162,100,53,1,11/3/2018 13:59,R_2YEYYQfDpAoDYvo,,,,,42.88639832,-78.87809753,anonymous,EN,3,,,,,,,,,,,,,,,,,,,,,,,,,,,,,,,,,,,,,,,,,,,,,,,,,,,,,,,,,,,,,,,,,,,,,,,,,,,,,,,,,,,,,,,,,,,,,,,,,,,,,,,,,,,,,,,,,,,,,,,,,,,,,,,,,,,,,,,,,,,,,,,,,,,,,,,,,,,,,,,,,,,,,,,,,,,,,,,,,,,,,,,,,,,,,,,,,,,,,,,,,,,,,,,,,,,27416,"<span lang=""EN-GB"">Suppose
     you want to purchase something (e.g., book, household items) online when
     you are with your close friends at a park.<o:p></o:p></span>"
11/3/2018 14:00,11/3/2018 14:03,0,107.211.48.243,100,188,1,11/3/2018 14:03,R_bHDwyQxvjSSOG1H,,,,,34.18699646,-84.82039642,anonymous,EN,"1,2,3,4",2,,"1,2,3",,1,,1,,1,,3,3,,5,,3,6,,"1,2",,"1,3,4",,5,,5,,2,,,,,,,,,,,,,,,,,,,,,,,,,,,,,,,,,,,,,,,,,,,,,,,,,,,,,,,,,,,,,,,,,,,,,,,,,,,,,,,,,,,,,,,,,,,,,,,,,,,,,,,,,,,,,,,,,,,,,,,,,,,,,,,,,,,,,,,,,,,,,,,,,,,,,,,,,,,,,,,,,,,,,,,,,,,,,,,,,,,,,,,,71923,"<span lang=""EN-GB"">Suppose
     you want to a view a text message when you are surrounded with people you
     are close to (e.g., friends, family members) at your home.<strong><o:p></o:p></strong></span>"
11/3/2018 14:05,11/3/2018 14:09,0,71.150.117.6,100,234,1,11/3/2018 14:09,R_1FP17mTPT3Rlw0q,,,,,41.5881958,-81.54679871,anonymous,EN,"1,2,3,4,5","1,2",,"1,2",,"1,2",,1,,1,,2,1,,2,,2,2,,1,,1,,1,,1,,2,,2,,,,,,,,,,,,,,,,,,,,,,,,,,,,,,1,,1,,"1,2",,1,,1,,2,"1,2",,"2,3",,1,,"1,2",,"1,2",,2,,"1,2",,"1,2",,2,,,,,,,,,,,,,,,,,,,,,,,,,,,,,,,,,,,,,,,,,,,,,,,,,,,,,,,,,,,,,,,,,,,,,,,,,,,,,,,,,,,,,,,,,,,,,,,,,,,,,,,,,,,,,,,,,,,,,,,,,,,,,24205,"<span lang=""EN-GB"">Suppose you want to find a route to a coffee shop when you are
     at home </span><span lang=""EN-GB"">with
     people you are close to (e.g., friends, family members)</span><strong><span lang=""EN-GB""><o:p></o:p></span></strong>"
11/3/2018 14:00,11/3/2018 14:11,0,107.175.34.162,100,649,1,11/3/2018 14:11,R_2VeaMWzeGA5PAgz,,,,,42.88639832,-78.87809753,anonymous,EN,"1,2,3,4,5,6",2,,1,,1,,1,,"1,2",,"1,2",1,,"1,2,3",,"1,2",3,,2,,3,,"1,2,3",,2,,"1,2",,,,,,,,,,,,,,,,,,,,,,,,,,,,,,,,,,,,,,,,,,,,,,,,,,,,,,,,,,,,,,,,,,,,,,,,,,,,,,,,,,,,,,,,,,,,,,,,,,,,,,,,,,,,,,,,,,,,,,,,,,,,,,,,,,,,,,,,,,,,,,,,,,,,,,,,,,,,,,,,,,,,,,,,,,,,,,,,,,,,,,,,3688,"<span lang=""EN-GB"">Suppose
     you want to watch some video when you are with your close friends in a
     park.<o:p></o:p></span>"
11/3/2018 14:11,11/3/2018 14:13,0,172.56.39.12,100,110,1,11/3/2018 14:13,R_3GeVfxqGCJGkr93,,,,,37.6374054,-122.0670013,anonymous,EN,"2,4,5,6","1,3",,2,,1,,1,,"2,3",,2,"1,2",,2,,2,2,,"1,2",,"2,4",,"1,2",,"2,3",,1,,5,,,,,,,,,,,,,,,,,,,,,,,,,,,,,,,,,,,,,,,,,,,,,,,,,,,,,,,,,,,,,,,,,,,,,,,,,,,,,,,,,,,,,,,,,,,,,,,,,,,,,,,,,,,,,,,,,,,,,"2,3",,"1,3",,"1,2",,1,,"2,3",,"1,2",1,,"1,3",,"1,2",,2,,"2,6",,"1,3",,"1,2",,1,,2,,,,,,,,,,,,,,,,,,,,,,,,,,,,,,,,,,,,,,41704,"<span lang=""EN-GB"">Suppose
     you want to listen to some audio when you are with people you know (e.g.,
     acquaintances, colleagues) at your home.<o:p></o:p></span>"
10/27/2018 14:13,10/27/2018 14:13,0,104.207.219.190,1,13,0,11/3/2018 14:13,R_1JL4SeQ9K9XbeFe,,,,,,,anonymous,EN,,,,,,,,,,,,,,,,,,,,,,,,,,,,,,,,,,,,,,,,,,,,,,,,,,,,,,,,,,,,,,,,,,,,,,,,,,,,,,,,,,,,,,,,,,,,,,,,,,,,,,,,,,,,,,,,,,,,,,,,,,,,,,,,,,,,,,,,,,,,,,,,,,,,,,,,,,,,,,,,,,,,,,,,,,,,,,,,,,,,,,,,,,,,,,,,,,,,,,,,,,,,,,,,,,,,68874,"<span lang=""EN-GB"">Suppose
     you want to listen to some audio when you are with people you know (e.g.,
     acquaintances, colleagues) at your home.<o:p></o:p></span>"
11/3/2018 14:15,11/3/2018 14:16,0,69.12.94.72,100,43,1,11/3/2018 14:16,R_2pQVgftZZD5E3k4,,,,,32.81520081,-96.87030029,anonymous,EN,1,,,,,,,,,,,,,,,,,,,,,,,,,,,,,,,,,,,,,,,,,,,,,,,,,,,,,,,,,,,,,,,,,,,,,,,,,,,,,,,,,,,,,,,,,,,,,,,,,,,,,,,,,,,,,,,,,,,,,,,,,,,,,,,,,,,,,,,,,,,,,,,,,,,,,,,,,,,,,,,,,,,,,,,,,,,,,,,,,,,,,,,,,,,,,,,,,,,,,,,,,,,,,,,,,,,39683,"<span lang=""EN-GB"">Suppose
     you want to a send a text message when you are alone at home<strong><o:p></o:p></strong></span>"
11/3/2018 14:12,11/3/2018 14:17,0,24.160.35.111,100,307,1,11/3/2018 14:17,R_AHCHCawVsguyGid,,,,,32.70930481,-114.4905014,anonymous,EN,"1,2,3","2,4,5",,"1,3",,"1,2,3",,3,,1,,4,"1,2,3",,2,,4,"1,2,3",,"1,2",,"1,3,4",,"1,2",,1,,"1,2",,2,,,,,,,,,,,,,,,,,,,,,,,,,,,,,,"2,5",,1,,"1,2,3",,1,,1,,4,"1,2,3",,5,,5,,"1,2,3",,"1,3,4",,"1,2",,"1,3,4",,1,,2,,,,,,,,,,,,,,,,,,,,,,,,,,,,,,,,,,,,,,,,,,,,,,,,,,,,,,,,,,,,,,,,,,,,,,,,,,,,,,,,,,,,,,,,,,,,,,,,,,,,,,,,,,,,,,,,,,,,,,Male,35,Self-employed,5,1,,1,84167,"<span lang=""EN-GB"">Suppose
     you want to call your mother for sharing an important update about your
     life when you are with a very close friend at a restaurant&nbsp;<o:p></o:p></span>"
11/3/2018 13:57,11/3/2018 14:18,0,71.176.70.228,100,1268,1,11/3/2018 14:18,R_xbljUiBYSU4uphf,,,,,43.03540039,-76.12819672,anonymous,EN,"1,2,3,4,6","2,3,4,5",,1,,"2,3",,3,,1,,1,1,,5,,1,"1,3",,"1,2,3",,"2,3",,"1,2,3",,5,,4,,"1,2,3,4","2,4",,1,,"1,2,3",,1,,1,,"1,2","1,2",,"1,2",,"1,2",,"1,2,3",,"2,3",,"1,2",,"2,3",,1,,4,,2,,1,,"1,2",,1,,1,,1,1,,5,,5,,"1,2,3",,"2,3",,"1,2",,"2,3",,5,,"1,2",,4,,5,,"1,2",,3,,1,,3,"1,2",,2,,2,,"2,3",,"2,3",,"1,3",,"2,3",,5,,1,,"2,3",,1,,"2,3",,1,,1,,1,"1,2",,2,,2,,"2,3",,"2,3",,"1,2",,"2,3",,1,,4,,,,,,,,,,,,,,,,,,,,,,,,,,,,,,,,,,,,,,,,,,,,,,,,,,,,,,,,,,,,Male,44,Manager,4,1,,4,88261,"<span lang=""EN-GB"">Suppose
     you want to read a digital document when you are at home with people you
     are close to (e.g., friends, family members).<strong><o:p></o:p></strong></span>"
11/3/2018 14:11,11/3/2018 14:21,0,107.175.34.162,100,579,1,11/3/2018 14:21,R_1Iz5SELrZAFS1OI,,,,,42.88639832,-78.87809753,anonymous,EN,"1,2,3,4,5,6","1,2,3,4,5",,"1,2,3",,"1,2,3,4",,1,,"1,2,3,4",,"1,2,3","1,2,3",,"1,2,3",,"1,2,3","1,2,3,4",,"1,2,3",,"1,2,3,4,6",,"1,2,3",,"1,2,3",,"1,2",,"1,2,3,4,5,6","1,2,3,4,5",,"1,2,3",,"1,2,3,4",,1,,"1,2,3,4",,"1,2,3","1,2,3",,"1,2,3",,"1,2,3",,"1,2,3,4",,"1,2,3,4,6",,"1,2,3",,"1,2,3,4",,"1,2,3",,"1,2",,"1,2,3,4,5",,"1,2,3",,"1,2,3,4",,1,,"1,2,3,4",,"1,2,3","1,2,3",,"1,2,3",,"1,2,3",,"1,2,3,4",,"1,2,3,4,6",,"1,2,3",,"1,2,3,4,6",,"1,2,3",,"1,2",,"1,2,3,4,5",,"1,2,3",,"1,2,3,4",,1,,"1,2,3,4",,"1,2,3","1,2,3",,"1,2,3",,"1,2,3",,"1,2,3,4",,"1,2,3,4",,"1,2,3",,"1,2,3,4,6",,"1,2,3",,"1,2",,"1,2,3,4,5",,"1,2,3",,"1,2,3,4",,1,,"1,2,3,4",,"1,2,3","1,2,3",,"1,2,3",,"1,2,3",,"1,2,3,4",,"1,2,3,4,6",,"1,2,3",,"1,2,3,4,6",,"1,2,3",,"1,2",,"1,2,3,4,5",,"1,2,3",,"1,2,3,4",,1,,"1,2,3,4",,"1,2,3","1,2,3",,"1,2,3",,"1,2,3",,"1,2,3,4",,"1,2,3,4,6",,"1,2,3",,"1,2,3,4,6",,"1,2,3",,"1,2",,"1,2,3,4,5",,"1,2,3",,"1,2,3,4",,1,,"1,2,3,4",,"1,2,3","1,2,3",,"1,2,3",,"1,2,3",,"1,2,3,4",,"1,2,3,4",,"1,2,3",,"1,2,3,4,6",,"1,2,3",,"1,2",,,,,,,,,68372,"<span lang=""EN-GB"">Suppose
     you want to call your mother for sharing an important update about your
     life yourself when you are with a very close friend at a park.&nbsp;<o:p></o:p></span>"
10/27/2018 13:16,10/27/2018 14:24,0,73.251.91.155,78,4072,0,11/3/2018 14:24,R_1eUZyrKadzaUofu,,,,,,,anonymous,EN,"1,2,3,4",,,,,,,,,,,,,,,,,,,,,,,,,,,,,,,,,,,,,,,,,,,,,,,,,,,,,,,,,,,,,,,,,,,,,,,,,,,,,,,,,,,,,,,,,,,,,,,,,,,,,,,,,,,,,,,,,,,,,,,,,,,,,,,,,,,,,,,,,,,,,,,,,,,,,,,,,,,,,,,,,,,,,,,,,,,,,,,,,,,,,,,,,,,,,,,,,,,,,,,,,,,,,,,,,,,41837,"<span lang=""EN-GB"" style=""font-size:11.0pt;line-height:115%;
font-family:&quot;Arial&quot;,sans-serif;mso-fareast-font-family:Arial;mso-ansi-language:
EN-GB;mso-fareast-language:EN-US;mso-bidi-language:AR-SA"">Suppose you want to a
send an email when you are alone at home</span>"
11/3/2018 14:25,11/3/2018 14:27,0,24.224.76.224,100,85,1,11/3/2018 14:27,R_3CVj7YcfRfMKWI1,,,,,35.47329712,-80.87259674,anonymous,EN,"1,2,6",1,,1,,1,,1,,1,,2,1,,"1,2",,1,1,,1,,1,,1,,1,,1,,,,,,,,,,,,,,,,,,,,,,,,,,,,,,,,,,,,,,,,,,,,,,,,,,,,,,,,,,,,,,,,,,,,,,,,,,,,,,,,,,,,,,,,,,,,,,,,,,,,,,,,,,,,,,,,,,,,,,,,,,,,,,,,,,,,,,,,,,,,,,,,,,,,,,,,,,,,,,,,,,,,,,,,,,,,,,,,,,,,,,,,32160,"<span lang=""EN-GB"">Suppose
     you want to purchase something online when you are alone at a park.<o:p></o:p></span>"
10/27/2018 14:29,10/27/2018 14:32,0,108.213.140.246,78,189,0,11/3/2018 14:32,R_bQ3Jo05GuFlRuZr,,,,,,,anonymous,EN,"1,2,3",,,,,,,,,,,,,,,,,,,,,,,,,,,,,,,,,,,,,,,,,,,,,,,,,,,,,,,,,,,,,,,,,,,,,,,,,,,,,,,,,,,,,,,,,,,,,,,,,,,,,,,,,,,,,,,,,,,,,,,,,,,,,,,,,,,,,,,,,,,,,,,,,,,,,,,,,,,,,,,,,,,,,,,,,,,,,,,,,,,,,,,,,,,,,,,,,,,,,,,,,,,,,,,,,,,52728,"<span lang=""EN-GB"">Suppose
     you want to read a digital document when you are at home with people you
     are close to (e.g., friends, family members).<strong><o:p></o:p></strong></span>"
11/3/2018 14:19,11/3/2018 14:34,0,71.176.70.228,100,916,1,11/3/2018 14:34,R_scmhPmfOhAx6ZAl,,,,,43.03540039,-76.12819672,anonymous,EN,"1,2,3,4,6",2,,1,,"2,3",,1,,1,,1,"1,2",,5,,1,"2,3",,"1,2",,"2,3",,"1,2",,5,,4,,"1,4",4,,1,,1,,3,,1,,1,5,,5,,5,,2,,"2,3",,"2,3",,"2,3",,1,,4,,,,,,,,,,,,,,,,,,,,,,,,,,,,,,,,,,,,,,,,,,,,,,,,,,,,,,,,,,,,3,,1,,"1,2",,1,,1,,1,5,,5,,5,,"1,2",,"2,3",,2,,"2,3",,5,,4,,,,,,,,,,,,,,,,,,,,,,,,,,,,,,,,,,,,,,,,,,,,,,,,,,,,,,,,,,,,Male,40,Chef,3,3,,3,3129,"<span lang=""EN-GB"">Suppose you want to read a digital document when you are at a park.<o:p></o:p></span>"
11/3/2018 14:32,11/3/2018 14:35,0,172.58.143.2,100,134,1,11/3/2018 14:35,R_1kRkGGqifL74k1q,,,,,41.94630432,-87.80609894,anonymous,EN,"1,2,3,4,5,6","1,2,3,4,5",,"2,3",,"1,2,3,4",,1,,"1,2,3,4",,"1,2,3","1,2",,"1,2,3",,"1,2","1,2,3",,"1,2,3",,"1,2,3,4",,"1,2",,"1,2,3",,"1,2",,,,,,,,,,,,,,,,,,,,,,,,,,,,,,,,,,,,,,,,,,,,,,,,,,,,,,,,,,,,,,,,,,,,,,,,,,,,,,,,,,,,,,,,,,,,,,,,,,,,,,,,,,,,,,,,,,,,,,,,,,,,,,,,,,,,,,,,,,,,,,,,,,,,,,,,,,,,,,,,,,,,,,,,,,,,,,,,,,,,,,,,95961,"<span lang=""EN-GB"">Suppose you want to find a route to home while walking on a street.<o:p></o:p></span>"
10/27/2018 14:39,10/27/2018 14:40,0,75.87.79.117,78,51,0,11/3/2018 14:41,R_323lxLXiG051Y6f,,,,,,,anonymous,EN,"2,3,4",,,,,,,,,,,,,,,,,,,,,,,,,,,,,,,,,,,,,,,,,,,,,,,,,,,,,,,,,,,,,,,,,,,,,,,,,,,,,,,,,,,,,,,,,,,,,,,,,,,,,,,,,,,,,,,,,,,,,,,,,,,,,,,,,,,,,,,,,,,,,,,,,,,,,,,,,,,,,,,,,,,,,,,,,,,,,,,,,,,,,,,,,,,,,,,,,,,,,,,,,,,,,,,,,,,75532,"<span lang=""EN-GB"">Suppose you want to browse the internet when you are with people you know (e.g., acquaintances, colleagues) at a park.<o:p></o:p></span>"
11/3/2018 14:46,11/3/2018 14:46,0,68.60.52.120,100,15,1,11/3/2018 14:46,R_3qjS3c11JPAzgym,,,,,42.99580383,-82.4598999,anonymous,EN,"1,2",,,,,,,,,,,,,,,,,,,,,,,,,,,,,,,,,,,,,,,,,,,,,,,,,,,,,,,,,,,,,,,,,,,,,,,,,,,,,,,,,,,,,,,,,,,,,,,,,,,,,,,,,,,,,,,,,,,,,,,,,,,,,,,,,,,,,,,,,,,,,,,,,,,,,,,,,,,,,,,,,,,,,,,,,,,,,,,,,,,,,,,,,,,,,,,,,,,,,,,,,,,,,,,,,,,93414,"<span lang=""EN-GB"">Suppose
     you want to listen to some audio when you are at home with people you are
     close to (e.g., friends, family members).<strong><o:p></o:p></strong></span>"
11/3/2018 15:13,11/3/2018 15:13,0,107.4.80.155,100,14,1,11/3/2018 15:13,R_2fHXhgBOiOg62i1,,,,,43.19619751,-86.27380371,anonymous,EN,"1,2",,,,,,,,,,,,,,,,,,,,,,,,,,,,,,,,,,,,,,,,,,,,,,,,,,,,,,,,,,,,,,,,,,,,,,,,,,,,,,,,,,,,,,,,,,,,,,,,,,,,,,,,,,,,,,,,,,,,,,,,,,,,,,,,,,,,,,,,,,,,,,,,,,,,,,,,,,,,,,,,,,,,,,,,,,,,,,,,,,,,,,,,,,,,,,,,,,,,,,,,,,,,,,,,,,,76532,"<span lang=""EN-GB"">Suppose you want to a send a text message when you are alone at a street.<o:p></o:p></span>"
11/3/2018 15:19,11/3/2018 15:31,0,99.32.63.224,100,726,1,11/3/2018 15:31,R_25zTvGCDTTtj2E4,,,,,30.1204071,-81.41280365,anonymous,EN,"1,2,4,5",2,,1,,"1,2,3",,1,,1,,2,"1,2,3",,"1,2,3",,2,"1,2",,"1,2",,3,,"1,2",,"1,2,3",,"1,2",,2,,,,,,,,,,,,,,,,,,,,,,,,,,,,,,2,,1,,"1,2,3",,1,,1,,2,"1,2,3",,"1,2,3",,"1,2,3",,"1,2,3",,3,,"1,2",,3,,"1,2,3",,"1,2",,,,,,,,,,,,,,,,,,,,,,,,,,,,,,,,,,,,,,,,,,,,,,,,,,,,,,,,,,,,,,,,,,,,,,,,,,,,,,,,,,,,,,,,,,,,,,,,,,,,,,,,,,,,,,,,,,,,,,Female,18,Merchandiser,1,1,,1,73878,"<span lang=""EN-GB"">Suppose
     you want to purchase something online when you are alone at Starbucks.<o:p></o:p></span>"
11/3/2018 15:27,11/3/2018 15:34,0,174.85.60.163,100,392,1,11/3/2018 15:34,R_1mQNzgRF8Gx8ow3,,,,,34.19119263,-118.1391983,anonymous,EN,"1,2,3,4","1,2,3,4,5",,"1,2",,"1,2,3,4",,1,,1,,2,"1,2,3",,"1,2,3",,3,"1,2,3,4",,"1,2,3",,"3,4",,2,,"1,2,3",,"1,2",,,,,,,,,,,,,,,,,,,,,,,,,,,,,,,,,,,,,,,,,,,,,,,,,,,,,,,,,,,,,,,,,,,,,,,,,,,,,,,,,,,,,,,,,,,,,,,,,,,,,,,,,,,,,,,,,,,,,,,,,,,,,,,,,,,,,,,,,,,,,,,,,,,,,,,,,,,,,,,,,,,,,,,,,,,,,,,,,,,,,,,,16533,"<span id=""docs-internal-guid-5a7e3441-7fff-9d1f-10e6-454a1d940975""><span style=""font-size: 11pt; font-family: Arial; color: rgb(0, 0, 0); background-color: transparent; font-variant-numeric: normal; font-variant-east-asian: normal; vertical-align: baseline; white-space: pre-wrap;"">Suppose you want to call your mother for sharing an important update about your life &nbsp;when you are alone at home</span><br> <br><br></span>"
11/3/2018 15:35,11/3/2018 15:38,0,76.93.229.113,100,193,1,11/3/2018 15:38,R_3FLtDFp44iePJrC,,,,,33.84140015,-116.5346985,anonymous,EN,"1,2,5",2,,1,,2,,1,,4,,1,"1,2,3",,2,,2,3,,2,,4,,2,,1,,2,,,,,,,,,,,,,,,,,,,,,,,,,,,,,,,,,,,,,,,,,,,,,,,,,,,,,,,,,,,,,,,,,,,,,,,,,,,,,,,,,,,,,,,,,,,,,,,,,,,,,,,,,,,,,,,,,,,,,,,,,,,,,,,,,,,,,,,,,,,,,,,,,,,,,,,,,,,,,,,,,,,,,,,,,,,,,,,,,,,,,,,,55280,"<span lang=""EN-GB"">Suppose you want to read a digital document when you are in a park surrounded by your close friends.<o:p></o:p></span>"
11/3/2018 15:38,11/3/2018 15:38,0,23.236.128.65,100,39,1,11/3/2018 15:38,R_2ydz2R8DVJwE6Fj,,,,,30.290802,-81.63210297,anonymous,EN,3,,,,,,,,,,,,,,,,,,,,,,,,,,,,,,,,,,,,,,,,,,,,,,,,,,,,,,,,,,,,,,,,,,,,,,,,,,,,,,,,,,,,,,,,,,,,,,,,,,,,,,,,,,,,,,,,,,,,,,,,,,,,,,,,,,,,,,,,,,,,,,,,,,,,,,,,,,,,,,,,,,,,,,,,,,,,,,,,,,,,,,,,,,,,,,,,,,,,,,,,,,,,,,,,,,,55636,"<span lang=""EN-GB"">Suppose
     you want to watch some video when
     you are at home with people you are close to (e.g., friends, family
     members)<strong><o:p></o:p></strong></span>"
11/3/2018 15:39,11/3/2018 15:39,0,23.236.128.65,100,39,1,11/3/2018 15:39,R_1o0U0tiFlgAmdmp,,,,,30.290802,-81.63210297,anonymous,EN,6,,,,,,,,,,,,,,,,,,,,,,,,,,,,,,,,,,,,,,,,,,,,,,,,,,,,,,,,,,,,,,,,,,,,,,,,,,,,,,,,,,,,,,,,,,,,,,,,,,,,,,,,,,,,,,,,,,,,,,,,,,,,,,,,,,,,,,,,,,,,,,,,,,,,,,,,,,,,,,,,,,,,,,,,,,,,,,,,,,,,,,,,,,,,,,,,,,,,,,,,,,,,,,,,,,,83354,"<span lang=""EN-GB"" style=""font-size:11.0pt;line-height:115%;
font-family:&quot;Arial&quot;,sans-serif;mso-fareast-font-family:Arial;mso-ansi-language:
EN-GB;mso-fareast-language:EN-US;mso-bidi-language:AR-SA"">Suppose you want to
find a route to a coffee shop when you are alone at home.</span>"
11/3/2018 15:40,11/3/2018 15:40,0,23.236.128.65,100,33,1,11/3/2018 15:40,R_22lzWdLds5UyPNV,,,,,30.290802,-81.63210297,anonymous,EN,1,,,,,,,,,,,,,,,,,,,,,,,,,,,,,,,,,,,,,,,,,,,,,,,,,,,,,,,,,,,,,,,,,,,,,,,,,,,,,,,,,,,,,,,,,,,,,,,,,,,,,,,,,,,,,,,,,,,,,,,,,,,,,,,,,,,,,,,,,,,,,,,,,,,,,,,,,,,,,,,,,,,,,,,,,,,,,,,,,,,,,,,,,,,,,,,,,,,,,,,,,,,,,,,,,,,33477,"<span lang=""EN-GB"">Suppose you want to listen to some audio when you are alone in a park.<o:p></o:p></span>"
11/3/2018 15:40,11/3/2018 15:41,0,23.236.128.65,100,15,1,11/3/2018 15:41,R_2BgnsdUsvvX1wyg,,,,,30.290802,-81.63210297,anonymous,EN,6,,,,,,,,,,,,,,,,,,,,,,,,,,,,,,,,,,,,,,,,,,,,,,,,,,,,,,,,,,,,,,,,,,,,,,,,,,,,,,,,,,,,,,,,,,,,,,,,,,,,,,,,,,,,,,,,,,,,,,,,,,,,,,,,,,,,,,,,,,,,,,,,,,,,,,,,,,,,,,,,,,,,,,,,,,,,,,,,,,,,,,,,,,,,,,,,,,,,,,,,,,,,,,,,,,,1412,"<span lang=""EN-GB"">Suppose
     you want to a view a text message when you are with a very close friend at
     a restaurant&nbsp;<o:p></o:p></span>"
11/3/2018 15:41,11/3/2018 15:41,0,23.236.128.65,100,16,1,11/3/2018 15:41,R_290TsNU9ZrS5j8t,,,,,30.290802,-81.63210297,anonymous,EN,2,,,,,,,,,,,,,,,,,,,,,,,,,,,,,,,,,,,,,,,,,,,,,,,,,,,,,,,,,,,,,,,,,,,,,,,,,,,,,,,,,,,,,,,,,,,,,,,,,,,,,,,,,,,,,,,,,,,,,,,,,,,,,,,,,,,,,,,,,,,,,,,,,,,,,,,,,,,,,,,,,,,,,,,,,,,,,,,,,,,,,,,,,,,,,,,,,,,,,,,,,,,,,,,,,,,5768,"<span lang=""EN-GB"">Suppose
     you want to call your mother for sharing an important update about your
     life when you are with a very close friend at a restaurant&nbsp;<o:p></o:p></span>"
11/3/2018 15:41,11/3/2018 15:41,0,73.165.138.243,100,24,1,11/3/2018 15:42,R_2f3EMYRvHCVhwRQ,,,,,39.73590088,-75.66470337,anonymous,EN,"1,2",,,,,,,,,,,,,,,,,,,,,,,,,,,,,,,,,,,,,,,,,,,,,,,,,,,,,,,,,,,,,,,,,,,,,,,,,,,,,,,,,,,,,,,,,,,,,,,,,,,,,,,,,,,,,,,,,,,,,,,,,,,,,,,,,,,,,,,,,,,,,,,,,,,,,,,,,,,,,,,,,,,,,,,,,,,,,,,,,,,,,,,,,,,,,,,,,,,,,,,,,,,,,,,,,,,50056,"<span lang=""EN-GB"">Suppose
     you want to watch some video when you are with people you know (e.g.,
     acquaintances, colleagues) in a park.<o:p></o:p></span>"
11/3/2018 15:41,11/3/2018 15:42,0,23.236.128.65,100,20,1,11/3/2018 15:42,R_SCrPov4iWYFn9i9,,,,,30.290802,-81.63210297,anonymous,EN,5,,,,,,,,,,,,,,,,,,,,,,,,,,,,,,,,,,,,,,,,,,,,,,,,,,,,,,,,,,,,,,,,,,,,,,,,,,,,,,,,,,,,,,,,,,,,,,,,,,,,,,,,,,,,,,,,,,,,,,,,,,,,,,,,,,,,,,,,,,,,,,,,,,,,,,,,,,,,,,,,,,,,,,,,,,,,,,,,,,,,,,,,,,,,,,,,,,,,,,,,,,,,,,,,,,,31534,"<span lang=""EN-GB"">Suppose
     you want to set up a reminder when you with people you know (e.g.,
     acquaintances, colleagues) at a park.<o:p></o:p></span>"
11/3/2018 15:40,11/3/2018 15:43,0,71.161.69.240,100,145,1,11/3/2018 15:43,R_2CkqP7foKQE7ujz,,,,,42.24090576,-79.49629974,anonymous,EN,"1,2,3,4,6",2,,3,,2,,1,,"1,3",,2,2,,2,,2,2,,2,,3,,2,,2,,2,,2,,,,,,,,,,,,,,,,,,,,,,,,,,,,,,2,,2,,2,,1,,2,,2,1,,2,,1,,"2,3",,3,,1,,2,,2,,2,,,,,,,,,,,,,,,,,,,,,,,,,,,,,,,,,,,,,,,,,,,,,,,,,,,,,,,,,,,,,,,,,,,,,,,,,,,,,,,,,,,,,,,,,,,,,,,,,,,,,,,,,,,,,,,,,,,,,,,,,,,,,53150,"<span lang=""EN-GB"">Suppose
     you want to purchase something online when you are alone at Starbucks.<o:p></o:p></span>"
11/3/2018 15:43,11/3/2018 15:44,0,75.113.101.60,100,63,1,11/3/2018 15:44,R_BM1hvBtPhtFORCV,,,,,35.13220215,-118.4490051,anonymous,EN,"2,3,4",3,,2,,2,,1,,2,,3,1,,1,,1,2,,2,,1,,1,,2,,4,,,,,,,,,,,,,,,,,,,,,,,,,,,,,,,,,,,,,,,,,,,,,,,,,,,,,,,,,,,,,,,,,,,,,,,,,,,,,,,,,,,,,,,,,,,,,,,,,,,,,,,,,,,,,,,,,,,,,,,,,,,,,,,,,,,,,,,,,,,,,,,,,,,,,,,,,,,,,,,,,,,,,,,,,,,,,,,,,,,,,,,,35249,"<span lang=""EN-GB"">Suppose
     you want to a view a text message when you are surrounded by people you
     know (e.g., acquaintances, colleagues) at your home.<o:p></o:p></span>"
11/3/2018 15:47,11/3/2018 15:47,0,134.193.247.39,100,9,1,11/3/2018 15:47,R_3HHvkM7goGGDmOz,,,,,39.03610229,-94.57219696,anonymous,EN,"1,2",,,,,,,,,,,,,,,,,,,,,,,,,,,,,,,,,,,,,,,,,,,,,,,,,,,,,,,,,,,,,,,,,,,,,,,,,,,,,,,,,,,,,,,,,,,,,,,,,,,,,,,,,,,,,,,,,,,,,,,,,,,,,,,,,,,,,,,,,,,,,,,,,,,,,,,,,,,,,,,,,,,,,,,,,,,,,,,,,,,,,,,,,,,,,,,,,,,,,,,,,,,,,,,,,,,65495,"<span lang=""EN-GB"">Suppose
     you want to a send a text message when you are surrounded by people you
     know (e.g., acquaintances, colleagues) at your home.<o:p></o:p></span>"
11/3/2018 15:48,11/3/2018 15:49,0,174.229.139.245,100,20,1,11/3/2018 15:49,R_9Yo0bglLvBKQSUp,,,,,40.54289246,-79.39779663,anonymous,EN,1,,,,,,,,,,,,,,,,,,,,,,,,,,,,,,,,,,,,,,,,,,,,,,,,,,,,,,,,,,,,,,,,,,,,,,,,,,,,,,,,,,,,,,,,,,,,,,,,,,,,,,,,,,,,,,,,,,,,,,,,,,,,,,,,,,,,,,,,,,,,,,,,,,,,,,,,,,,,,,,,,,,,,,,,,,,,,,,,,,,,,,,,,,,,,,,,,,,,,,,,,,,,,,,,,,,95614,"<span lang=""EN-GB"">Suppose
     you want to set up a reminder when you are at home with people you are
     close to (e.g., friends, family members).<strong><o:p></o:p></strong></span>"
11/3/2018 15:47,11/3/2018 15:50,0,76.111.53.152,100,178,1,11/3/2018 15:50,R_3k1aYsPalvcHQmt,,,,,33.91349792,-84.68589783,anonymous,EN,"1,2,4","1,2,3,5",,1,,"1,2,3,4",,1,,1,,"2,3","1,2,3",,"1,2,3",,2,"1,2,3,4",,"1,2",,"1,2,3,4",,"1,2",,"1,2,3",,"1,2",,,,,,,,,,,,,,,,,,,,,,,,,,,,,,,,,,,,,,,,,,,,,,,,,,,,,,,,,,,,,,,,,,,,,,,,,,,,,,,,,,,,,,,,,,,,,,,,,,,,,,,,,,,,,,,,,,,,,,,,,,,,,,,,,,,,,,,,,,,,,,,,,,,,,,,,,,,,,,,,,,,,,,,,,,,,,,,,,,,,,,,,98898,"<span lang=""EN-GB"">Suppose
     you want to find a route to home when you are at Starbucks with your close
     friends.<o:p></o:p></span>"
11/3/2018 15:50,11/3/2018 15:51,0,99.203.11.9,100,86,1,11/3/2018 15:51,R_1LhEz0sKeGZdUad,,,,,34.08180237,-118.1753006,anonymous,EN,"2,4",,,,,,,,,,,,,,,,,,,,,,,,,,,,,,,,,,,,,,,,,,,,,,,,,,,,,,,,,,,,,,,,,,,,,,,,,,,,,,,,,,,,,,,,,,,,,,,,,,,,,,,,,,,,,,,,,,,,,,,,,,,,,,,,,,,,,,,,,,,,,,,,,,,,,,,,,,,,,,,,,,,,,,,,,,,,,,,,,,,,,,,,,,,,,,,,,,,,,,,,,,,,,,,,,,,76396,"<span lang=""EN-GB"">Suppose you are at your gym and you want to track the amount of calories&nbsp;</span>you have burnt your workout.&nbsp;"
11/3/2018 15:56,11/3/2018 15:58,0,47.204.3.54,100,104,1,11/3/2018 15:58,R_vAJgOKnrgE5byGR,,,,,27.94250488,-82.50569916,anonymous,EN,"1,2,3,5","2,4,5",,"1,2",,"2,3",,1,,"2,4",,"2,3","2,3",,"1,2,3",,"1,2","3,4",,"1,2",,"2,3",,2,,"1,2",,"1,2",,,,,,,,,,,,,,,,,,,,,,,,,,,,,,,,,,,,,,,,,,,,,,,,,,,,,,,,,,,,,,,,,,,,,,,,,,,,,,,,,,,,,,,,,,,,,,,,,,,,,,,,,,,,,,,,,,,,,,,,,,,,,,,,,,,,,,,,,,,,,,,,,,,,,,,,,,,,,,,,,,,,,,,,,,,,,,,,,,,,,,,,4402,"<span lang=""EN-GB"">Suppose you want to a send an email when you are surrounded with people you are close to (e.g., friends, family members) at your home.<strong><o:p></o:p></strong></span>"
11/3/2018 15:57,11/3/2018 16:04,0,72.178.223.184,100,373,1,11/3/2018 16:04,R_1PUI5TaTWGQhErc,,,,,30.57080078,-97.40940094,anonymous,EN,"1,2,3,4",2,,1,,3,,3,,1,,3,3,,2,,3,2,,2,,4,,2,,"1,3",,2,,2,,,,,,,,,,,,,,,,,,,,,,,,,,,,,,2,,1,,2,,3,,1,,2,3,,3,,2,,2,,3,,2,,3,,1,,2,,,,,,,,,,,,,,,,,,,,,,,,,,,,,,,,,,,,,,,,,,,,,,,,,,,,,,,,,,,,,,,,,,,,,,,,,,,,,,,,,,,,,,,,,,,,,,,,,,,,,,,,,,,,,,,,,,,,,,,,,,,,,58668,"<span lang=""EN-GB"">Suppose you have planned to meet a friend next week and you want to&nbsp;put this on your calendar </span><span lang=""EN-GB"">when</span><span lang=""EN-GB""> you are surrounded by people you know (e.g., acquaintances, colleagues) at your home.</span><span lang=""EN-GB""><o:p></o:p></span>"
11/3/2018 16:07,11/3/2018 16:11,0,174.198.27.11,100,262,1,11/3/2018 16:11,R_1gdXFLSyB6LAaKi,,,,,43.09840393,-89.27339935,anonymous,EN,"1,2,3,4",2,,5,,"1,2,3",,1,,1,,4,"1,2,3",,2,,"2,3",6,,2,,7,,2,,5,,4,,,,,,,,,,,,,,,,,,,,,,,,,,,,,,,,,,,,,,,,,,,,,,,,,,,,,,,,,,,,,,,,,,,,,,,,,,,,,,,,,,,,,,,,,,,,,,,,,,,,,,,,,,,,,,,,,,,,,,,,,,,,,,,,,,,,,,,,,,,,,,,,,,,,,,,,,,,,,,,,,,,,,,,,,,,,,,,,,,,,,,,,55929,"<span lang=""EN-GB"">Suppose
     you want to a view a text message
     when you are walking with a very close friend on a street<o:p></o:p></span>"
11/3/2018 16:15,11/3/2018 16:18,0,24.192.79.224,100,174,1,11/3/2018 16:18,R_uf6EaeRktQZ9sf7,,,,,40.29319763,-83.07230377,anonymous,EN,"1,2,4",1,,2,,"1,2,4",,1,,1,,"1,2,3","1,2,3",,"1,2",,"1,2","2,4",,"1,2,3",,2,,"1,2",,"1,3",,"1,2",,,,,,,,,,,,,,,,,,,,,,,,,,,,,,,,,,,,,,,,,,,,,,,,,,,,,,,,,,,,,,,,,,,,,,,,,,,,,,,,,,,,,,,,,,,,,,,,,,,,,,,,,,,,,,,,,,,,,,,,,,,,,,,,,,,,,,,,,,,,,,,,,,,,,,,,,,,,,,,,,,,,,,,,,,,,,,,,,,,,,,,,32396,"<span lang=""EN-GB"">Suppose you want to control some devices/appliances (e.g., smart lights) when you are alone at home.<o:p></o:p></span>"
11/3/2018 16:17,11/3/2018 16:20,0,172.58.19.162,100,177,1,11/3/2018 16:20,R_3p4gAyVzMqkYgDi,,,,,34.20010376,-118.4456024,anonymous,EN,"1,2,3,4,5,6",1,,1,,1,,1,,1,,1,1,,1,,1,1,,1,,1,,1,,1,,1,,"2,4",,,,,,,,,,,,,,,,,,,,,,,,,,,,,,1,,1,,1,,1,,1,,1,1,,1,,1,,1,,1,,1,,1,,1,,1,,,,,,,,,,,,,,,,,,,,,,,,,,,,,,,1,,1,,1,,1,,1,,1,1,,1,,1,,1,,1,,1,,1,,1,,1,,,,,,,,,,,,,,,,,,,,,,,,,,,,,,,,,,,,,,,,,,,,,,,,,,,,,,,,,,,,male,42,Apple Advisor,6,1,,2,39648,"<span lang=""EN-GB"">Suppose
     you want to listen to some audio when you with people you know (e.g.,
     acquaintances, colleagues) at Starbucks<o:p></o:p></span>"
11/3/2018 16:22,11/3/2018 16:23,0,99.173.183.125,100,62,1,11/3/2018 16:23,R_32ISdzzpPu1MEqT,,,,,36.10519409,-86.65910339,anonymous,EN,"1,2,5,6","3,4",,2,,"2,3",,1,,4,,"2,3",3,,"2,3",,2,3,,2,,"3,4",,"2,3",,3,,"1,2",,,,,,,,,,,,,,,,,,,,,,,,,,,,,,,,,,,,,,,,,,,,,,,,,,,,,,,,,,,,,,,,,,,,,,,,,,,,,,,,,,,,,,,,,,,,,,,,,,,,,,,,,,,,,,,,,,,,,,,,,,,,,,,,,,,,,,,,,,,,,,,,,,,,,,,,,,,,,,,,,,,,,,,,,,,,,,,,,,,,,,,,55928,"<span lang=""EN-GB"">Suppose you want to browse the internet when you are with people you know (e.g., acquaintances, colleagues) at a park.<o:p></o:p></span>"
10/27/2018 16:27,10/27/2018 16:27,0,24.96.234.72,78,26,0,11/3/2018 16:27,R_1rGQrgcv7f007DA,,,,,,,anonymous,EN,"1,2,3,4",,,,,,,,,,,,,,,,,,,,,,,,,,,,,,,,,,,,,,,,,,,,,,,,,,,,,,,,,,,,,,,,,,,,,,,,,,,,,,,,,,,,,,,,,,,,,,,,,,,,,,,,,,,,,,,,,,,,,,,,,,,,,,,,,,,,,,,,,,,,,,,,,,,,,,,,,,,,,,,,,,,,,,,,,,,,,,,,,,,,,,,,,,,,,,,,,,,,,,,,,,,,,,,,,,,84850,"<span lang=""EN-GB"">Suppose you want to read a digital document when you are in a park surrounded by your close friends.<o:p></o:p></span>"
11/3/2018 16:37,11/3/2018 16:39,0,75.142.31.154,100,120,1,11/3/2018 16:39,R_3Hnoqh1vMYsFpiZ,,,,,42.39889526,-123.3538055,anonymous,EN,"2,3,4,5",5,,1,,2,,1,,1,,2,2,,3,,3,2,,2,,"1,3",,2,,1,,2,,,,,,,,,,,,,,,,,,,,,,,,,,,,,,,,,,,,,,,,,,,,,,,,,,,,,,,,,,,,,,,,,,,,,,,,,,,,,,,,,,,,,,,,,,,,,,,,,,,,,,,,,,,,,,,,,,,,,,,,,,,,,,,,,,,,,,,,,,,,,,,,,,,,,,,,,,,,,,,,,,,,,,,,,,,,,,,,,,,,,,,,64663,"<span lang=""EN-GB"">Suppose
     you want to a send an email when you are surrounded by people you know
     (e.g., acquaintances, colleagues) at a restaurant.<o:p></o:p></span>"
11/3/2018 16:48,11/3/2018 16:49,0,69.113.172.181,100,8,1,11/3/2018 16:49,R_3GkbTxOCBgeubmf,,,,,40.71350098,-73.354599,anonymous,EN,4,,,,,,,,,,,,,,,,,,,,,,,,,,,,,,,,,,,,,,,,,,,,,,,,,,,,,,,,,,,,,,,,,,,,,,,,,,,,,,,,,,,,,,,,,,,,,,,,,,,,,,,,,,,,,,,,,,,,,,,,,,,,,,,,,,,,,,,,,,,,,,,,,,,,,,,,,,,,,,,,,,,,,,,,,,,,,,,,,,,,,,,,,,,,,,,,,,,,,,,,,,,,,,,,,,,1608,"<span lang=""EN-GB"">Suppose you want to find a route to home while walking on a street with your close friends.<o:p></o:p></span>"
11/3/2018 16:49,11/3/2018 16:51,0,32.212.206.34,100,116,1,11/3/2018 16:51,R_2OTQB4YUKRJBnsr,,,,,41.85009766,-72.46489716,anonymous,EN,3,,,,,,,,,,,,,,,,,,,,,,,,,,,,,,,,,,,,,,,,,,,,,,,,,,,,,,,,,,,,,,,,,,,,,,,,,,,,,,,,,,,,,,,,,,,,,,,,,,,,,,,,,,,,,,,,,,,,,,,,,,,,,,,,,,,,,,,,,,,,,,,,,,,,,,,,,,,,,,,,,,,,,,,,,,,,,,,,,,,,,,,,,,,,,,,,,,,,,,,,,,,,,,,,,,,87449,"<span lang=""EN-GB"">Suppose
     you want to set up a reminder when you are with people you know (e.g.,
     acquaintances, colleagues) at your home.<o:p></o:p></span>"
11/3/2018 16:54,11/3/2018 16:54,0,107.77.237.176,100,20,1,11/3/2018 16:54,R_27JMj1ZWr95bNG5,,,,,33.74899292,-84.38800049,anonymous,EN,"1,2",,,,,,,,,,,,,,,,,,,,,,,,,,,,,,,,,,,,,,,,,,,,,,,,,,,,,,,,,,,,,,,,,,,,,,,,,,,,,,,,,,,,,,,,,,,,,,,,,,,,,,,,,,,,,,,,,,,,,,,,,,,,,,,,,,,,,,,,,,,,,,,,,,,,,,,,,,,,,,,,,,,,,,,,,,,,,,,,,,,,,,,,,,,,,,,,,,,,,,,,,,,,,,,,,,,89667,"Suppose you are alone at home, you want to take a break from studying/working&nbsp;<p>so you decide to play a video game with some with some people you know (e.g., acquaintances, colleagues).<o:p></o:p></p>"
11/3/2018 16:50,11/3/2018 16:55,0,71.181.19.124,100,290,1,11/3/2018 16:55,R_1eK0OBY3nDPXwlT,,,,,42.96560669,-71.44930267,anonymous,EN,"1,2,4",2,,5,,1,,1,,1,,4,"1,2,3",,5,,1,6,,2,,7,,"2,3",,5,,1,,,,,,,,,,,,,,,,,,,,,,,,,,,,,,,,,,,,,,,,,,,,,,,,,,,,,,,,,,,,,,,,,,,,,,,,,,,,,,,,,,,,,,,,,,,,,,,,,,,,,,,,,,,,,,,,,,,,,,,,,,,,,,,,,,,,,,,,,,,,,,,,,,,,,,,,,,,,,,,,,,,,,,,,,,,,,,,,,,,,,,,,8868,"<span lang=""EN-GB"">Suppose you want to call your mother for sharing an important
     update about your life&nbsp; when you
     with people you know (e.g., acquaintances, colleagues) at a park<o:p></o:p></span>"
10/27/2018 16:57,10/27/2018 16:57,0,35.138.89.233,1,21,0,11/3/2018 16:58,R_2VEdi9nXr8vLS31,,,,,,,anonymous,EN,,,,,,,,,,,,,,,,,,,,,,,,,,,,,,,,,,,,,,,,,,,,,,,,,,,,,,,,,,,,,,,,,,,,,,,,,,,,,,,,,,,,,,,,,,,,,,,,,,,,,,,,,,,,,,,,,,,,,,,,,,,,,,,,,,,,,,,,,,,,,,,,,,,,,,,,,,,,,,,,,,,,,,,,,,,,,,,,,,,,,,,,,,,,,,,,,,,,,,,,,,,,,,,,,,,,64659,"<span lang=""EN-GB"" style=""font-size:11.0pt;line-height:115%;
font-family:&quot;Arial&quot;,sans-serif;mso-fareast-font-family:Arial;mso-ansi-language:
EN-GB;mso-fareast-language:EN-US;mso-bidi-language:AR-SA"">Suppose you want to a
send an email when you are at Starbucks.</span>"
11/3/2018 16:59,11/3/2018 16:59,0,73.244.203.175,100,12,1,11/3/2018 16:59,R_25BGqCNrmjyeEjc,,,,,26.29969788,-80.18099976,anonymous,EN,"1,2",,,,,,,,,,,,,,,,,,,,,,,,,,,,,,,,,,,,,,,,,,,,,,,,,,,,,,,,,,,,,,,,,,,,,,,,,,,,,,,,,,,,,,,,,,,,,,,,,,,,,,,,,,,,,,,,,,,,,,,,,,,,,,,,,,,,,,,,,,,,,,,,,,,,,,,,,,,,,,,,,,,,,,,,,,,,,,,,,,,,,,,,,,,,,,,,,,,,,,,,,,,,,,,,,,,5040,"<span lang=""EN-GB"">Suppose
     you want to purchase something online when you are with people you are
     close to (e.g., friends, family members) at home.<o:p></o:p></span>"
11/3/2018 17:01,11/3/2018 17:03,0,67.61.227.212,100,87,1,11/3/2018 17:03,R_puv0RVSc5qekg7L,,,,,36.87640381,-94.87190247,anonymous,EN,"1,2,3,4,6","3,4",,2,,2,,1,,3,,3,"1,2,3",,3,,2,"1,3",,1,,2,,2,,1,,2,,,,,,,,,,,,,,,,,,,,,,,,,,,,,,,,,,,,,,,,,,,,,,,,,,,,,,,,,,,,,,,,,,,,,,,,,,,,,,,,,,,,,,,,,,,,,,,,,,,,,,,,,,,,,,,,,,,,,,,,,,,,,,,,,,,,,,,,,,,,,,,,,,,,,,,,,,,,,,,,,,,,,,,,,,,,,,,,,,,,,,,,69486,"<span lang=""EN-GB"">Suppose
     you want to a send a text message when you are surrounded by people you
     know (e.g., acquaintances, colleagues) at a restaurant.<o:p></o:p></span>"
11/3/2018 17:05,11/3/2018 17:05,0,67.250.163.131,100,10,1,11/3/2018 17:05,R_Qie2h2kvjPBKNk5,,,,,40.76269531,-73.91490173,anonymous,EN,"1,2",,,,,,,,,,,,,,,,,,,,,,,,,,,,,,,,,,,,,,,,,,,,,,,,,,,,,,,,,,,,,,,,,,,,,,,,,,,,,,,,,,,,,,,,,,,,,,,,,,,,,,,,,,,,,,,,,,,,,,,,,,,,,,,,,,,,,,,,,,,,,,,,,,,,,,,,,,,,,,,,,,,,,,,,,,,,,,,,,,,,,,,,,,,,,,,,,,,,,,,,,,,,,,,,,,,52170,"<span lang=""EN-GB"">Suppose
     you want to listen to some audio when you are with people you know (e.g.,
     acquaintances, colleagues) at your home.<o:p></o:p></span>"
10/27/2018 17:03,10/27/2018 17:05,0,172.75.101.66,88,156,0,11/3/2018 17:06,R_3O0tG5RxBkJvr9C,,,,,,,anonymous,EN,"1,2,3,4",2,,5,,3,,1,,1,,"2,3","1,2",,5,,"2,3",6,,"1,2",,3,,"1,2",,1,,4,,2,,,,,,,,,,,,,,,,,,,,,,,,,,,,,,,,,,,,,,,,,,,,,,,,,,,,,,,,,,,,,,,,,,,,,,,,,,,,,,,,,,,,,,,,,,,,,,,,,,,,,,,,,,,,,,,,,,,,,,,,,,,,,,,,,,,,,,,,,,,,,,,,,,,,,,,,,,,,,,,,,,,,,,,,,,,,,,,,,,,,,,69003,"<span lang=""EN-GB"">Suppose you want to browse the internet when you alone at a park.<o:p></o:p></span>"
11/3/2018 17:07,11/3/2018 17:07,0,70.180.249.13,100,11,1,11/3/2018 17:07,R_1q86PXhoTDBxZQb,,,,,36.11489868,-115.2161026,anonymous,EN,3,,,,,,,,,,,,,,,,,,,,,,,,,,,,,,,,,,,,,,,,,,,,,,,,,,,,,,,,,,,,,,,,,,,,,,,,,,,,,,,,,,,,,,,,,,,,,,,,,,,,,,,,,,,,,,,,,,,,,,,,,,,,,,,,,,,,,,,,,,,,,,,,,,,,,,,,,,,,,,,,,,,,,,,,,,,,,,,,,,,,,,,,,,,,,,,,,,,,,,,,,,,,,,,,,,,94549,"<span lang=""EN-GB"">Suppose you are at sitting at Starbucks and you want to play a digital/online&nbsp;</span>game with some close friends."
11/3/2018 17:08,11/3/2018 17:08,0,73.174.239.179,100,12,1,11/3/2018 17:08,R_2rIWtoNwUt6Fq4F,,,,,40.34779358,-79.86419678,anonymous,EN,"2,3",,,,,,,,,,,,,,,,,,,,,,,,,,,,,,,,,,,,,,,,,,,,,,,,,,,,,,,,,,,,,,,,,,,,,,,,,,,,,,,,,,,,,,,,,,,,,,,,,,,,,,,,,,,,,,,,,,,,,,,,,,,,,,,,,,,,,,,,,,,,,,,,,,,,,,,,,,,,,,,,,,,,,,,,,,,,,,,,,,,,,,,,,,,,,,,,,,,,,,,,,,,,,,,,,,,87205,"<span lang=""EN-GB"">Suppose
     you want to set up a reminder about something when you are at Starbucks by
     yourself.<o:p></o:p></span>"
11/3/2018 17:13,11/3/2018 17:15,0,35.22.161.170,100,158,1,11/3/2018 17:15,R_W6hzMpA6JRxGIKJ,,,,,42.728302,-84.48819733,anonymous,EN,"1,2,3","1,2,3,4",,3,,1,,1,,1,,1,1,,1,,1,"1,2,3,4",,1,,"1,2,3,4",,1,,1,,"1,2",,1,"1,2,3,5",,2,,1,,1,,1,,1,1,,1,,1,,1,,"1,2,3,4",,1,,1,,1,,"1,2",,,,,,,,,,,,,,,,,,,,,,,,,,,,,,,,,,,,,,,,,,,,,,,,,,,,,,,,,,,,,,,,,,,,,,,,,,,,,,,,,,,,,,,,,,,,,,,,,,,,,,,,,,,,,,,,,,,,,,,,,,,,,,,,,,,,,,,,,,,,,,,,,,,,,,,,,,70665,"<span lang=""EN-GB"">Suppose
     you want to read a digital document when you are at home with people you
     are close to (e.g., friends, family members).<strong><o:p></o:p></strong></span>"
11/3/2018 17:05,11/3/2018 17:16,0,73.213.178.193,100,686,1,11/3/2018 17:16,R_31L626tBdaV6Pf6,,,,,39.30859375,-76.45330048,anonymous,EN,"1,2,4","1,2",,5,,1,,1,,1,,4,1,,5,,4,6,,5,,6,,5,,"1,2",,4,,2,,,,,,,,,,,,,,,,,,,,,,,,,,,,,,"1,2",,5,,1,,1,,1,,4,"1,2",,5,,5,,6,,6,,5,,7,,1,,4,,,,,,,,,,,,,,,,,,,,,,,,,,,,,,,,,,,,,,,,,,,,,,,,,,,,,,,,,,,,,,,,,,,,,,,,,,,,,,,,,,,,,,,,,,,,,,,,,,,,,,,,,,,,,,,,,,,,,,,,,,,,,70478,"<span lang=""EN-GB"" style=""font-size:11.0pt;line-height:115%;
font-family:&quot;Arial&quot;,sans-serif;mso-fareast-font-family:Arial;mso-ansi-language:
EN-GB;mso-fareast-language:EN-US;mso-bidi-language:AR-SA"">Suppose you want to
take a click a photo when you are at Starbucks.</span>"
11/3/2018 17:20,11/3/2018 17:30,0,172.111.198.87,100,575,1,11/3/2018 17:30,R_2uTFYvjmZiPZXhi,,,,,25.77409363,-80.18170166,anonymous,EN,"1,2,3,4,5","1,2,5",,"1,2",,"1,2,3,4",,1,,1,,3,"1,2,3",,"2,3",,"2,3","1,3,4",,"1,2,3",,"2,3,4",,"2,3",,"1,2,3",,"1,2",,,,,,,,,,,,,,,,,,,,,,,,,,,,,,,,,,,,,,,,,,,,,,,,,,,,,,,,,,,,,,,,,,,,,,,,,,,,,,,,,,,,,,,,,,,,,,,,,,,,,,,,,,,,,,,,,,,,,,,,,,,,,,,,,,,,,,,,,,,,,,,,,,,,,,,,,,,,,,,,,,,,,,,,,,,,,,,,,,,,,,,,66803,"<span lang=""EN-GB"">Suppose
     you want to listen to some audio when you are with your friends at
     Starbucks.<o:p></o:p></span>"
11/3/2018 17:30,11/3/2018 17:31,0,69.250.227.142,100,28,1,11/3/2018 17:31,R_6QDe9YmHPTTHFlL,,,,,38.85650635,-77.05919647,anonymous,EN,"1,2",,,,,,,,,,,,,,,,,,,,,,,,,,,,,,,,,,,,,,,,,,,,,,,,,,,,,,,,,,,,,,,,,,,,,,,,,,,,,,,,,,,,,,,,,,,,,,,,,,,,,,,,,,,,,,,,,,,,,,,,,,,,,,,,,,,,,,,,,,,,,,,,,,,,,,,,,,,,,,,,,,,,,,,,,,,,,,,,,,,,,,,,,,,,,,,,,,,,,,,,,,,,,,,,,,,18645,"<span lang=""EN-GB"">Suppose you are alone at home when you realize today is the last day to pay one of your bills online.<o:p></o:p></span>"
11/3/2018 17:30,11/3/2018 17:31,0,98.233.116.69,100,76,1,11/3/2018 17:31,R_ysQHzBYEeBPHkGJ,,,,,39.42689514,-76.77690125,anonymous,EN,"1,2",,,,,,,,,,,,,,,,,,,,,,,,,,,,,,,,,,,,,,,,,,,,,,,,,,,,,,,,,,,,,,,,,,,,,,,,,,,,,,,,,,,,,,,,,,,,,,,,,,,,,,,,,,,,,,,,,,,,,,,,,,,,,,,,,,,,,,,,,,,,,,,,,,,,,,,,,,,,,,,,,,,,,,,,,,,,,,,,,,,,,,,,,,,,,,,,,,,,,,,,,,,,,,,,,,,97733,"<span lang=""EN-GB"">Suppose you are at home with people you are close to (e.g., friends, family members) when you realize today is the last day to pay one of your bills online.<o:p></o:p></span>"
11/3/2018 17:28,11/3/2018 17:39,0,74.222.111.95,100,630,1,11/3/2018 17:39,R_3oLzvPfuv2P346U,,,,,33.61839294,-80.21160126,anonymous,EN,"1,2,3,4,6","2,3,5",,"1,2,3",,2,,1,,2,,"2,3","1,2",,"1,2",,"2,3",2,,"1,2",,"2,3,4",,"1,2",,2,,2,,"1,2,4,6",2,,3,,"2,3",,1,,2,,2,"1,2,3",,3,,3,,"1,3",,3,,"1,2,3",,"2,3",,2,,2,,"1,2",,"1,3",,"1,3",,1,,"2,3",,2,"2,3",,"1,3",,3,,"1,2,3",,"2,3",,"2,3",,"2,3",,"2,3",,2,,,,,,,,,,,,,,,,,,,,,,,,,,,,,,,"2,4",,3,,"1,2",,1,,"1,3,4",,2,"2,3",,3,,3,,"1,2",,"2,3,4",,"1,2",,"2,3,4",,"1,2",,2,,,,,,,,,,,,,,,,,,,,,,,,,,,,,,,2,,3,,"2,3",,1,,2,,"1,2,3","1,2,3",,3,,3,,"3,4",,"2,3",,2,,3,,2,,2,,,,,,,,,22353,"<span lang=""EN-GB"">Suppose you want to find a route to home while walking on a street with people you know (e.g., acquaintances, colleagues).<o:p></o:p></span>"
11/3/2018 17:58,11/3/2018 17:59,0,67.44.240.96,100,51,1,11/3/2018 17:59,R_1eRHPKa9O4cRKQG,,,,,30.4006958,-87.68569946,anonymous,EN,"2,4",,,,,,,,,,,,,,,,,,,,,,,,,,,,,,,,,,,,,,,,,,,,,,,,,,,,,,,,,,,,,,,,,,,,,,,,,,,,,,,,,,,,,,,,,,,,,,,,,,,,,,,,,,,,,,,,,,,,,,,,,,,,,,,,,,,,,,,,,,,,,,,,,,,,,,,,,,,,,,,,,,,,,,,,,,,,,,,,,,,,,,,,,,,,,,,,,,,,,,,,,,,,,,,,,,,28407,"<span lang=""EN-GB"">Suppose
     you want to listen to some audio when you are at home with people you are
     close to (e.g., friends, family members).<strong><o:p></o:p></strong></span>"
10/30/2018 11:50,11/3/2018 18:09,0,73.110.45.112,100,368306,1,11/3/2018 18:09,R_1OAM392GQwDrQ1O,,,,,41.92050171,-88.07929993,anonymous,EN,1,,,,,,,,,,,,,,,,,,,,,,,,,,,,,,,,,,,,,,,,,,,,,,,,,,,,,,,,,,,,,,,,,,,,,,,,,,,,,,,,,,,,,,,,,,,,,,,,,,,,,,,,,,,,,,,,,,,,,,,,,,,,,,,,,,,,,,,,,,,,,,,,,,,,,,,,,,,,,,,,,,,,,,,,,,,,,,,,,,,,,,,,,,,,,,,,,,,,,,,,,,,,,,,,,,,77686,"<span lang=""EN-GB"">Suppose
     you want to a send a text message when you are surrounded by people you
     know (e.g., acquaintances, colleagues) at a restaurant.<o:p></o:p></span>"
11/3/2018 18:13,11/3/2018 18:13,0,73.255.188.100,100,20,1,11/3/2018 18:13,R_AzHobFTuMBucCAN,,,,,27.04780579,-82.24160004,anonymous,EN,"1,4",,,,,,,,,,,,,,,,,,,,,,,,,,,,,,,,,,,,,,,,,,,,,,,,,,,,,,,,,,,,,,,,,,,,,,,,,,,,,,,,,,,,,,,,,,,,,,,,,,,,,,,,,,,,,,,,,,,,,,,,,,,,,,,,,,,,,,,,,,,,,,,,,,,,,,,,,,,,,,,,,,,,,,,,,,,,,,,,,,,,,,,,,,,,,,,,,,,,,,,,,,,,,,,,,,,55610,"<span lang=""EN-GB"">Suppose you have planned to meet a friend next week and you want to put this on your calendar when you are alone at Starbucks.<o:p></o:p></span>"
11/3/2018 18:16,11/3/2018 18:21,0,76.188.109.52,100,303,1,11/3/2018 18:21,R_BKtSgw25EmPRj7r,,,,,41.2315979,-80.4992981,anonymous,EN,"1,2,4,5",5,,1,,3,,1,,1,,3,1,,2,,2,2,,2,,3,,2,,1,,4,,,,,,,,,,,,,,,,,,,,,,,,,,,,,,,,,,,,,,,,,,,,,,,,,,,,,,,,,,,,,,,,,,,,,,,,,,,,,,,,,,,,,,,,,,,,,,,,,,,,,,,,,,,,,,,,,,,,,,,,,,,,,,,,,,,,,,,,,,,,,,,,,,,,,,,,,,,,,,,,,,,,,,,,,,,,,,,,,,,,,,,,29428,"<span lang=""EN-GB"">Suppose
     you want to call your mother for sharing an important update about your
     life yourself when you are with a very close friend at a park.&nbsp;<o:p></o:p></span>"
11/3/2018 18:23,11/3/2018 18:28,0,71.95.15.137,100,253,1,11/3/2018 18:28,R_3Gv7yU5cI1dJXYA,,,,,33.78570557,-118.1356964,anonymous,EN,"1,2,4,5","1,2,5",,1,,"2,4",,1,,"2,3",,"2,3","1,2",,"1,2",,"2,3","2,4",,2,,"1,2",,"1,2",,5,,4,,,,,,,,,,,,,,,,,,,,,,,,,,,,,,,,,,,,,,,,,,,,,,,,,,,,,,,,,,,,,,,,,,,,,,,,,,,,,,,,,,,,,,,,,,,,,,,,,,,,,,,,,,,,,,,,,,,,,,,,,,,,,,,,,,,,,,,,,,,,,,,,,,,,,,,,,,,,,,,,,,,,,,,,,,,,,,,,,,,,,,,,6562,"<span lang=""EN-GB"">Suppose
     you want to watch some video when you are with your close friends in a
     park.<o:p></o:p></span>"
11/3/2018 18:18,11/3/2018 18:29,0,71.30.236.90,100,675,1,11/3/2018 18:29,R_339YRltH7xZmPbG,,,,,41.42889404,-78.55049896,anonymous,EN,"2,3,4","1,2,5",,5,,"1,2,3",,3,,1,,"1,2","1,2",,5,,"1,2","2,4",,"1,2",,6,,"1,2",,1,,4,,2,,,,,,,,,,,,,,,,,,,,,,,,,,,,,,"2,5",,5,,"1,2,3",,3,,6,,4,5,,5,,5,,6,,7,,5,,7,,1,,4,,,,,,,,,,,,,,,,,,,,,,,,,,,,,,,,,,,,,,,,,,,,,,,,,,,,,,,,,,,,,,,,,,,,,,,,,,,,,,,,,,,,,,,,,,,,,,,,,,,,,,,,,,,,,,,,,,,,,,female,67,retired,4,1,,1,4439,"<span lang=""EN-GB"">Suppose you want to browse the internet when you are with your close friends at a park.<o:p></o:p></span>"
11/3/2018 18:32,11/3/2018 18:33,0,162.207.246.159,100,12,1,11/3/2018 18:33,R_2TzxvMjZ7HSsVRx,,,,,41.707901,-81.1989975,anonymous,EN,3,,,,,,,,,,,,,,,,,,,,,,,,,,,,,,,,,,,,,,,,,,,,,,,,,,,,,,,,,,,,,,,,,,,,,,,,,,,,,,,,,,,,,,,,,,,,,,,,,,,,,,,,,,,,,,,,,,,,,,,,,,,,,,,,,,,,,,,,,,,,,,,,,,,,,,,,,,,,,,,,,,,,,,,,,,,,,,,,,,,,,,,,,,,,,,,,,,,,,,,,,,,,,,,,,,,75965,"<span lang=""EN-GB"">Suppose you want to take a click a photo when you with </span><span lang=""EN-GB"">some people you know (e.g.,
     acquaintances, colleagues)</span><span lang=""EN-GB""> at home<o:p></o:p></span>"
11/3/2018 18:23,11/3/2018 18:34,0,67.11.154.15,100,645,1,11/3/2018 18:34,R_2uVCKAP1CJaDOYz,,,,,29.55509949,-98.74420166,anonymous,EN,"1,2,3,4,5",2,,1,,3,,1,,1,,1,3,,5,,4,1,,1,,1,,1,,5,,1,,,,,,,,,,,,,,,,,,,,,,,,,,,,,,,,,,,,,,,,,,,,,,,,,,,,,,,,,,,,,,,,,,,,,,,,,,,,,,,,,,,,,,,,,,,,,,,,,,,,,,,,,,,,,,,,,,,,,,,,,,,,,,,,,,,,,,,,,,,,,,,,,,,,,,,,,,,,,,,,,,,,,,,,,,,,,,,,,,,,,,,,88740,"<span lang=""EN-GB"">Suppose you want to browse the internet when you alone at a park.<o:p></o:p></span>"
11/3/2018 18:26,11/3/2018 18:35,0,71.146.160.108,100,549,1,11/3/2018 18:35,R_3h6CPTSV3XEpAMw,,,,,30.68170166,-88.29450226,anonymous,EN,"1,2,4,5,6","1,2",,"1,2,3",,"1,2,3,4",,1,,3,,"1,2,3","1,2,3",,"1,2,3",,"2,3","1,2,3,4",,"1,2,3",,"1,2,3",,"1,2,3",,"1,2,3",,"1,2",,,,,,,,,,,,,,,,,,,,,,,,,,,,,,,,,,,,,,,,,,,,,,,,,,,,,,,,,,,,,,,,,,,,,,,,,,,,,,,,,,,,,,,,,,,,,,,,,,,,,,,,,,,,,,,,,,,,,,,,,,,,,,,,,,,,,,,,,,,,,,,,,,,,,,,,,,,,,,,,,,,,,,,,,,,,,,,,,,,,,,,,92030,"<span lang=""EN-GB"">Suppose
     you want to a view a text message when you are alone at Starbucks.<o:p></o:p></span>"
11/3/2018 18:37,11/3/2018 18:39,0,73.187.205.103,100,152,1,11/3/2018 18:39,R_3m1U5VPZ26AHgTd,,,,,40.54879761,-75.98739624,anonymous,EN,"1,2,3,4,5","2,5",,1,,"1,4",,1,,1,,"1,2","1,2",,2,,2,"1,2",,2,,"1,3,4",,2,,"1,3",,2,,,,,,,,,,,,,,,,,,,,,,,,,,,,,,,,,,,,,,,,,,,,,,,,,,,,,,,,,,,,,,,,,,,,,,,,,,,,,,,,,,,,,,,,,,,,,,,,,,,,,,,,,,,,,,,,,,,,,,,,,,,,,,,,,,,,,,,,,,,,,,,,,,,,,,,,,,,,,,,,,,,,,,,,,,,,,,,,,,,,,,,,97426,"<span lang=""EN-GB"">Suppose you are at sitting in a park and you want to play a digital/online game.<o:p></o:p></span>"
10/27/2018 18:38,10/27/2018 18:40,0,70.186.86.126,78,119,0,11/3/2018 18:40,R_2QXxxVczmTUhAYI,,,,,,,anonymous,EN,"1,2,5",,,,,,,,,,,,,,,,,,,,,,,,,,,,,,,,,,,,,,,,,,,,,,,,,,,,,,,,,,,,,,,,,,,,,,,,,,,,,,,,,,,,,,,,,,,,,,,,,,,,,,,,,,,,,,,,,,,,,,,,,,,,,,,,,,,,,,,,,,,,,,,,,,,,,,,,,,,,,,,,,,,,,,,,,,,,,,,,,,,,,,,,,,,,,,,,,,,,,,,,,,,,,,,,,,,84112,"Suppose you want to purchase something online when
     you are with people you know (e.g., acquaintances,
     colleagues) at a park.<o:p></o:p>"
10/30/2018 17:57,11/3/2018 18:40,0,24.101.201.210,100,348194,1,11/3/2018 18:40,R_1GvIRn0e9gtLhQG,,,,,40.68499756,-80.10710144,anonymous,EN,"1,2,3,4","2,5",,1,,"1,2,3",,1,,1,,"2,3","1,2",,"1,2,3",,"2,3","1,3",,"1,2,3",,"1,3",,"1,2,3",,"1,2",,2,,2,,,,,,,,,,,,,,,,,,,,,,,,,,,,,,"2,5",,5,,"1,2,3",,1,,1,,"2,3",3,,"2,3",,"2,3",,6,,"1,3",,"1,2",,"1,3",,5,,4,,,,,,,,,,,,,,,,,,,,,,,,,,,,,,,,,,,,,,,,,,,,,,,,,,,,,,,,,,,,,,,,,,,,,,,,,,,,,,,,,,,,,,,,,,,,,,,,,,,,,,,,,,,,,,,,,,,,,,Male,53,Application Architect,5,1,,6,99900,"<span lang=""EN-GB"">Suppose
     you want to a send a text message when you are surrounded by people you
     know (e.g., acquaintances, colleagues) at your home.<o:p></o:p></span>"
11/3/2018 18:36,11/3/2018 18:41,0,71.146.160.108,100,287,1,11/3/2018 18:41,R_2SBoqjFBTN298rB,,,,,30.68170166,-88.29450226,anonymous,EN,"1,2,4,6","1,2",,"1,2,3",,"1,2,3,4",,1,,3,,"2,3","1,2,3",,"1,2,3",,"2,3","3,4",,"1,2,3",,"1,2,3",,"2,3",,"1,2,3",,"1,2",,,,,,,,,,,,,,,,,,,,,,,,,,,,,,,,,,,,,,,,,,,,,,,,,,,,,,,,,,,,,,,,,,,,,,,,,,,,,,,,,,,,,,,,,,,,,,,,,,,,,,,,,,,,,,,,,,,,,,,,,,,,,,,,,,,,,,,,,,,,,,,,,,,,,,,,,,,,,,,,,,,,,,,,,,,,,,,,,,,,,,,,80699,"<span lang=""EN-GB"">Suppose
     you want to call your mother for sharing an important update about your
     life when you are alone at Starbucks.<o:p></o:p></span>"
11/3/2018 18:43,11/3/2018 18:43,0,99.203.1.27,100,52,1,11/3/2018 18:43,R_3F5rY3OnbhBE5kL,,,,,42.5164032,-82.98320007,anonymous,EN,"1,2,3,4,6","1,2",,2,,1,,1,,2,,3,2,,2,,"1,2",4,,1,,6,,1,,1,,2,,,,,,,,,,,,,,,,,,,,,,,,,,,,,,,,,,,,,,,,,,,,,,,,,,,,,,,,,,,,,,,,,,,,,,,,,,,,,,,,,,,,,,,,,,,,,,,,,,,,,,,,,,,,,,,,,,,,,,,,,,,,,,,,,,,,,,,,,,,,,,,,,,,,,,,,,,,,,,,,,,,,,,,,,,,,,,,,,,,,,,,,40199,"<span lang=""EN-GB"">Suppose you want to call your mother for sharing an important
     update about your life when you are surrounded by people you know (e.g.,
     acquaintances, colleagues) at your home.<o:p></o:p></span>"
11/3/2018 18:20,11/3/2018 18:45,0,68.114.143.97,100,1465,1,11/3/2018 18:45,R_1o0ItIsxs4r4rlV,,,,,36.51069641,-87.27570343,anonymous,EN,"1,2,3,4",5,,5,,"1,2,3",,3,,1,,3,"1,2",,4,"Customizability should be done through settings, but these setting should always allow for the same options presented in the same manner.  In other words, customizability options should always be presented in a non customized manner.  Simplicity is good.",3,3,,2,,"3,5",beeps/boops for success/failure,2,,"1,2,3,4",security/privacy,4,,2,,,,,,,,,,,,,,,,,,,,,,,,,,,,,,2,,5,,"2,3,4",,3,,1,,1,"1,2,3",,5,,4,Personalize through Settings.,3,,"3,5",sounds of success/failure.,2,,2,,"1,2,3",,4,,,,,,,,,,,,,,,,,,,,,,,,,,,,,,,,,,,,,,,,,,,,,,,,,,,,,,,,,,,,,,,,,,,,,,,,,,,,,,,,,,,,,,,,,,,,,,,,,,,,,,,,,,,,,,,,,,,,,,,,,,,,,12742,"<span lang=""EN-GB"">Suppose
     you want to a send an email when you are walking on a street.<o:p></o:p></span>"
11/3/2018 18:38,11/3/2018 18:46,0,172.56.10.216,100,434,1,11/3/2018 18:46,R_3JjUt5BYhT74t9H,,,,,42.39590454,-83.14109802,anonymous,EN,"1,2,4",5,,3,,"1,2,3",,1,,"1,4",,4,"1,2,3,4",Know contact information for whom ever it is that  has access to my information ,"1,3",,2,2,,"2,3",,"2,3,6",,"2,3",,"1,3",,"1,3",External drive ,,,,,,,,,,,,,,,,,,,,,,,,,,,,,,,,,,,,,,,,,,,,,,,,,,,,,,,,,,,,,,,,,,,,,,,,,,,,,,,,,,,,,,,,,,,,,,,,,,,,,,,,,,,,,,,,,,,,,,,,,,,,,,,,,,,,,,,,,,,,,,,,,,,,,,,,,,,,,,,,,,,,,,,,,,,,,,,,,,,,,,,16456,"<span lang=""EN-GB"" style=""font-size:11.0pt;line-height:115%;
font-family:&quot;Arial&quot;,sans-serif;mso-fareast-font-family:Arial;mso-ansi-language:
EN-GB;mso-fareast-language:EN-US;mso-bidi-language:AR-SA"">Suppose you want to check your social media when you are alone in a park.</span>"
11/3/2018 18:43,11/3/2018 18:47,0,108.44.162.71,100,238,1,11/3/2018 18:47,R_1LBAxCh4LAcIwYU,,,,,38.26879883,-77.54759979,anonymous,EN,"1,2,6",1,,3,,2,,1,,3,,2,2,,2,,4,3,,2,,6,,2,,"1,2",,2,,,,,,,,,,,,,,,,,,,,,,,,,,,,,,,,,,,,,,,,,,,,,,,,,,,,,,,,,,,,,,,,,,,,,,,,,,,,,,,,,,,,,,,,,,,,,,,,,,,,,,,,,,,,,,,,,,,,,,,,,,,,,,,,,,,,,,,,,,,,,,,,,,,,,,,,,,,,,,,,,,,,,,,,,,,,,,,,,,,,,,,,63106,"<span lang=""EN-GB"">Suppose you are on a short vacation alone and you want to take a picture in front&nbsp;</span>of an iconic monument."
11/3/2018 18:50,11/3/2018 18:50,0,174.231.165.59,100,16,1,11/3/2018 18:50,R_24l7S8g4oqpfRVA,,,,,38.25030518,-85.70339966,anonymous,EN,"2,4",,,,,,,,,,,,,,,,,,,,,,,,,,,,,,,,,,,,,,,,,,,,,,,,,,,,,,,,,,,,,,,,,,,,,,,,,,,,,,,,,,,,,,,,,,,,,,,,,,,,,,,,,,,,,,,,,,,,,,,,,,,,,,,,,,,,,,,,,,,,,,,,,,,,,,,,,,,,,,,,,,,,,,,,,,,,,,,,,,,,,,,,,,,,,,,,,,,,,,,,,,,,,,,,,,,78230,"<span lang=""EN-GB"">Suppose you want to read a digital document when you are in a park with people you know (e.g., acquaintances, colleagues).<o:p></o:p></span>"
11/3/2018 18:47,11/3/2018 18:51,0,172.58.35.213,100,256,1,11/3/2018 18:51,R_2wazswZhQwYX0oj,,,,,38.60929871,-121.4443054,anonymous,EN,"1,2,3,4","2,4",,1,,6,,1,,1,,4,"1,2",,5,,1,6,,1,,1,,2,,"1,2",,"1,2",,,,,,,,,,,,,,,,,,,,,,,,,,,,,,,,,,,,,,,,,,,,,,,,,,,,,,,,,,,,,,,,,,,,,,,,,,,,,,,,,,,,,,,,,,,,,,,,,,,,,,,,,,,,,,,,,,,,,,,,,,,,,,,,,,,,,,,,,,,,,,,,,,,,,,,,,,,,,,,,,,,,,,,,,,,,,,,,,,,,,,,,76949,"<span lang=""EN-GB"">Suppose
     you want to purchase something online when you are with people you know
     (e.g., acquaintances, colleagues) at your home.<o:p></o:p></span>"
11/3/2018 18:59,11/3/2018 18:59,0,24.95.141.116,100,7,1,11/3/2018 18:59,R_1oBlvZWtg9YviqA,,,,,37.57989502,-84.27490234,anonymous,EN,"1,2",,,,,,,,,,,,,,,,,,,,,,,,,,,,,,,,,,,,,,,,,,,,,,,,,,,,,,,,,,,,,,,,,,,,,,,,,,,,,,,,,,,,,,,,,,,,,,,,,,,,,,,,,,,,,,,,,,,,,,,,,,,,,,,,,,,,,,,,,,,,,,,,,,,,,,,,,,,,,,,,,,,,,,,,,,,,,,,,,,,,,,,,,,,,,,,,,,,,,,,,,,,,,,,,,,,10872,"<span lang=""EN-GB"">Suppose you are on a short vacation and you want to take a picture in front&nbsp;</span>of an iconic monument when you are surrounded by many people."
11/3/2018 18:59,11/3/2018 19:00,0,108.250.111.64,100,67,1,11/3/2018 19:00,R_2B4KhhMeSxIaEMP,,,,,32.59140015,-96.77279663,anonymous,EN,1,,,,,,,,,,,,,,,,,,,,,,,,,,,,,,,,,,,,,,,,,,,,,,,,,,,,,,,,,,,,,,,,,,,,,,,,,,,,,,,,,,,,,,,,,,,,,,,,,,,,,,,,,,,,,,,,,,,,,,,,,,,,,,,,,,,,,,,,,,,,,,,,,,,,,,,,,,,,,,,,,,,,,,,,,,,,,,,,,,,,,,,,,,,,,,,,,,,,,,,,,,,,,,,,,,,9961,"<span lang=""EN-GB"">Suppose you want to browse the internet when you are at home with people you are close to (e.g., friends, family members)<strong><o:p></o:p></strong></span>"
11/3/2018 19:00,11/3/2018 19:01,0,71.89.227.78,100,31,1,11/3/2018 19:01,R_2ByUI6vEGjeQtCH,,,,,39.28059387,-119.5287018,anonymous,EN,"2,3",,,,,,,,,,,,,,,,,,,,,,,,,,,,,,,,,,,,,,,,,,,,,,,,,,,,,,,,,,,,,,,,,,,,,,,,,,,,,,,,,,,,,,,,,,,,,,,,,,,,,,,,,,,,,,,,,,,,,,,,,,,,,,,,,,,,,,,,,,,,,,,,,,,,,,,,,,,,,,,,,,,,,,,,,,,,,,,,,,,,,,,,,,,,,,,,,,,,,,,,,,,,,,,,,,,19411,"Suppose you want to purchase something (e.g., book,
     household items) online when you are with people
     you know (e.g., acquaintances, colleagues) at
     Starbucks.<o:p></o:p>"
11/3/2018 19:05,11/3/2018 19:08,0,155.91.29.181,100,208,1,11/3/2018 19:08,R_1XrBdLpMB90GUnv,,,,,40.69520569,-74.2677002,anonymous,EN,"1,2,3,6",2,,1,,"2,3",,1,,"1,4",,3,"1,2,3",,1,,2,2,,"1,2",,"3,4",,2,,"1,3",,"1,2",,,,,,,,,,,,,,,,,,,,,,,,,,,,,,,,,,,,,,,,,,,,,,,,,,,,,,,,,,,,,,,,,,,,,,,,,,,,,,,,,,,,,,,,,,,,,,,,,,,,,,,,,,,,,,,,,,,,,,,,,,,,,,,,,,,,,,,,,,,,,,,,,,,,,,,,,,,,,,,,,,,,,,,,,,,,,,,,,,,,,,,,61801,"<span lang=""EN-GB"">Suppose you want to browse through one of your social media profiles when you&nbsp;</span>are at your home."
11/3/2018 19:13,11/3/2018 19:13,0,66.67.32.69,100,15,1,11/3/2018 19:13,R_1GIeQ3QgGeuNj54,,,,,43.15209961,-77.62580109,anonymous,EN,3,,,,,,,,,,,,,,,,,,,,,,,,,,,,,,,,,,,,,,,,,,,,,,,,,,,,,,,,,,,,,,,,,,,,,,,,,,,,,,,,,,,,,,,,,,,,,,,,,,,,,,,,,,,,,,,,,,,,,,,,,,,,,,,,,,,,,,,,,,,,,,,,,,,,,,,,,,,,,,,,,,,,,,,,,,,,,,,,,,,,,,,,,,,,,,,,,,,,,,,,,,,,,,,,,,,72720,"<span lang=""EN-GB"">Suppose you want to watch some video when you are alone in a park.<o:p></o:p></span>"
11/3/2018 19:14,11/3/2018 19:15,0,23.123.137.206,100,51,1,11/3/2018 19:15,R_2QrHCLaun5uQsuT,,,,,37.67869568,-122.4779968,anonymous,EN,"1,2,4,5",1,,1,,2,,1,,1,,4,1,,3,,3,2,,1,,2,,1,,1,,1,,,,,,,,,,,,,,,,,,,,,,,,,,,,,,,,,,,,,,,,,,,,,,,,,,,,,,,,,,,,,,,,,,,,,,,,,,,,,,,,,,,,,,,,,,,,,,,,,,,,,,,,,,,,,,,,,,,,,,,,,,,,,,,,,,,,,,,,,,,,,,,,,,,,,,,,,,,,,,,,,,,,,,,,,,,,,,,,,,,,,,,,17583,"Suppose you want to find a route to a coffee shop
     when you are at home with your by your colleagues<o:p></o:p>"
11/3/2018 19:14,11/3/2018 19:19,0,172.58.232.221,100,306,1,11/3/2018 19:19,R_2YERjniV5ezi867,,,,,40.76739502,-74.03230286,anonymous,EN,"1,2,3","2,4",,5,,"1,2",,1,,1,,3,"1,2,3",,2,,3,6,,"1,2",,1,,"1,2",,"1,2",,"1,2",,2,,,,,,,,,,,,,,,,,,,,,,,,,,,,,,"2,5",,5,,"1,2",,1,,1,,3,"1,2,3",,5,,5,,3,,7,,1,,3,,1,,2,,,,,,,,,,,,,,,,,,,,,,,,,,,,,,,,,,,,,,,,,,,,,,,,,,,,,,,,,,,,,,,,,,,,,,,,,,,,,,,,,,,,,,,,,,,,,,,,,,,,,,,,,,,,,,,,,,,,,,,,,,,,,21040,"<span lang=""EN-GB"" style=""font-size:11.0pt;line-height:115%;
font-family:&quot;Arial&quot;,sans-serif;mso-fareast-font-family:Arial;mso-ansi-language:
EN-GB;mso-fareast-language:EN-US;mso-bidi-language:AR-SA"">Suppose you have
planned to meet a friend next week and you want put this on your calendar<span style=""color:#434343""> when you with </span>people you know (e.g.,
acquaintances, colleagues)<span style=""color:#434343""> at a park</span></span>"
11/3/2018 19:37,11/3/2018 19:38,0,52.95.75.4,100,50,1,11/3/2018 19:38,R_O9dbKJP9fWO33hL,,,,,18.9750061,72.82580566,anonymous,EN,"2,3,5,6",1,,2,,"1,2",,1,,2,,3,"1,3",,2,,2,3,,1,,3,,2,,3,,2,,,,,,,,,,,,,,,,,,,,,,,,,,,,,,,,,,,,,,,,,,,,,,,,,,,,,,,,,,,,,,,,,,,,,,,,,,,,,,,,,,,,,,,,,,,,,,,,,,,,,,,,,,,,,,,,,,,,,,,,,,,,,,,,,,,,,,,,,,,,,,,,,,,,,,,,,,,,,,,,,,,,,,,,,,,,,,,,,,,,,,,,21855,"<span lang=""EN-GB"">Suppose you want to set up a reminder about something when you are at Starbucks with close friends.<o:p></o:p></span>"
11/3/2018 19:40,11/3/2018 20:01,0,71.176.70.228,100,1252,1,11/3/2018 20:01,R_2wuFZXEfitlnbo5,,,,,43.03540039,-76.12819672,anonymous,EN,"1,2,3,4,5,6","1,2",,1,,"2,3",,3,,1,,1,1,,"2,3",,1,"1,2",,"1,2",,"2,3",,"1,2",,1,,4,,"2,5,6",,,,,,,,,,,,,,,,,,,,,,,,,,,,,,2,,5,,"2,3",,3,,1,,1,1,,2,,2,,3,,"1,2,3",,"1,2",,"1,2,3",,1,,4,,,,,,,,,,,,,,,,,,,,,,,,,,,,,,,,,,,,,,,,,,,,,,,,,,,,,,,,,,,,1,,5,,4,,3,,1,,"1,2",3,,1,,1,,4,,2,,3,,2,,1,,4,,2,,1,,1,,1,,1,,1,1,,"2,3",,"2,3",,3,,"2,3",,2,,"2,3",,1,,4,,Male,20,Student,3,1,,2,64419,"<span lang=""EN-GB"" style=""font-size:11.0pt;line-height:115%;
font-family:&quot;Arial&quot;,sans-serif;mso-fareast-font-family:Arial;mso-ansi-language:
EN-GB;mso-fareast-language:EN-US;mso-bidi-language:AR-SA"">Suppose you want to a
view a text message when you are alone at home</span>"
11/3/2018 20:04,11/3/2018 20:05,0,50.90.141.81,100,85,1,11/3/2018 20:05,R_2qkEFnTPR0m0nUm,,,,,39.84660339,-86.38690186,anonymous,EN,"1,2,3,4",3,,1,,3,,1,,3,,3,2,,2,,1,3,,3,,2,,3,,1,,4,,,,,,,,,,,,,,,,,,,,,,,,,,,,,,,,,,,,,,,,,,,,,,,,,,,,,,,,,,,,,,,,,,,,,,,,,,,,,,,,,,,,,,,,,,,,,,,,,,,,,,,,,,,,,,,,,,,,,,,,,,,,,,,,,,,,,,,,,,,,,,,,,,,,,,,,,,,,,,,,,,,,,,,,,,,,,,,,,,,,,,,,98801,"<span lang=""EN-GB"">Suppose
     you want to call your mother for sharing an important update about your
     life&nbsp; when you are alone at a park<o:p></o:p></span>"
10/27/2018 20:01,10/27/2018 20:05,0,73.20.1.228,88,243,0,11/3/2018 20:05,R_3lE29cICSCba4ai,,,,,,,anonymous,EN,"1,2,4",2,,5,,2,,1,,1,,1,"1,2,3",,3,,1,"3,4",,2,,6,,2,,1,,4,,2,,,,,,,,,,,,,,,,,,,,,,,,,,,,,,,,,,,,,,,,,,,,,,,,,,,,,,,,,,,,,,,,,,,,,,,,,,,,,,,,,,,,,,,,,,,,,,,,,,,,,,,,,,,,,,,,,,,,,,,,,,,,,,,,,,,,,,,,,,,,,,,,,,,,,,,,,,,,,,,,,,,,,,,,,,,,,,,,,,,,,,95227,"<span lang=""EN-GB"">Suppose
     you want to take a click a photo when you are with people you are close to
     (e.g., friends, family members) at home<o:p></o:p></span>"
11/3/2018 20:08,11/3/2018 20:10,0,71.190.111.128,100,124,1,11/3/2018 20:10,R_1eF6oBTLBCqeBQF,,,,,40.86500549,-73.62770081,anonymous,EN,1,,,,,,,,,,,,,,,,,,,,,,,,,,,,,,,,,,,,,,,,,,,,,,,,,,,,,,,,,,,,,,,,,,,,,,,,,,,,,,,,,,,,,,,,,,,,,,,,,,,,,,,,,,,,,,,,,,,,,,,,,,,,,,,,,,,,,,,,,,,,,,,,,,,,,,,,,,,,,,,,,,,,,,,,,,,,,,,,,,,,,,,,,,,,,,,,,,,,,,,,,,,,,,,,,,,1806,"<span lang=""EN-GB"">Suppose
     you want to listen to some audio when you are with people you know (e.g.,
     acquaintances, colleagues) in a park.<o:p></o:p></span>


<p><span lang=""EN-GB"" style=""color:red"">&nbsp;</span></p>"
11/3/2018 20:13,11/3/2018 20:13,0,67.197.30.30,100,7,1,11/3/2018 20:13,R_2B4XrTiHS0TDZx9,,,,,35.01080322,-80.9265976,anonymous,EN,2,,,,,,,,,,,,,,,,,,,,,,,,,,,,,,,,,,,,,,,,,,,,,,,,,,,,,,,,,,,,,,,,,,,,,,,,,,,,,,,,,,,,,,,,,,,,,,,,,,,,,,,,,,,,,,,,,,,,,,,,,,,,,,,,,,,,,,,,,,,,,,,,,,,,,,,,,,,,,,,,,,,,,,,,,,,,,,,,,,,,,,,,,,,,,,,,,,,,,,,,,,,,,,,,,,,28545,"<span lang=""EN-GB"">Suppose you want to control some devices/appliances (e.g., smart lights) when you are at home with people you are close to (e.g., friends, family members)<strong><o:p></o:p></strong></span>"
11/3/2018 20:02,11/3/2018 20:16,0,71.176.70.228,100,889,1,11/3/2018 20:16,R_2CQa5LQR7MvTvdF,,,,,43.03540039,-76.12819672,anonymous,EN,"1,2,4,5,6","2,4,5",,3,,"1,2",,3,,1,,1,1,,5,,1,3,,"1,2",,"2,3",,"1,2",,1,,"1,2",,"1,4,5","2,4",,1,,"2,3",,3,,1,,4,5,,"2,3",,"2,3",,"2,3",,3,,2,,3,,5,,4,,,,,,,,,,,,,,,,,,,,,,,,,,,,,,,,,,,,,,,,,,,,,,,,,,,,,,,,,,,,"2,3",,5,,"1,3",,1,,1,,1,5,,5,,5,,"1,2,3",,3,,"1,2",,3,,3,,"1,2",,1,,5,,"2,4",,3,,1,,2,5,,1,,1,,4,,2,,3,,2,,5,,4,,,,,,,,,,,,,,,,,,,,,,,,,,,,,,,Male,37,Constructor worker,3,1,,2,52706,"<span lang=""EN-GB"">Suppose
     you want to read a digital document when you are alone at home.<strong><o:p></o:p></strong></span>"
11/3/2018 20:18,11/3/2018 20:19,0,68.101.82.217,100,45,1,11/3/2018 20:19,R_1OvE8LL3mYO0Rmw,,,,,29.1605072,-82.12879944,anonymous,EN,"2,3",,,,,,,,,,,,,,,,,,,,,,,,,,,,,,,,,,,,,,,,,,,,,,,,,,,,,,,,,,,,,,,,,,,,,,,,,,,,,,,,,,,,,,,,,,,,,,,,,,,,,,,,,,,,,,,,,,,,,,,,,,,,,,,,,,,,,,,,,,,,,,,,,,,,,,,,,,,,,,,,,,,,,,,,,,,,,,,,,,,,,,,,,,,,,,,,,,,,,,,,,,,,,,,,,,,55246,"<span lang=""EN-GB"">Suppose you want to watch some video when you are alone at your home.<strong><o:p></o:p></strong></span>"
11/3/2018 20:16,11/3/2018 20:20,0,73.16.34.224,100,202,1,11/3/2018 20:20,R_2Tq4KsRA051mJy7,,,,,41.6842041,-72.39859772,anonymous,EN,"1,2,4,5","2,5",,5,,"1,2,3",,1,,1,,1,3,,5,,4,6,,2,,3,,5,,1,,4,,,,,,,,,,,,,,,,,,,,,,,,,,,,,,,,,,,,,,,,,,,,,,,,,,,,,,,,,,,,,,,,,,,,,,,,,,,,,,,,,,,,,,,,,,,,,,,,,,,,,,,,,,,,,,,,,,,,,,,,,,,,,,,,,,,,,,,,,,,,,,,,,,,,,,,,,,,,,,,,,,,,,,,,,,,,,,,,,,,,,,,,48821,"<span lang=""EN-GB"">Suppose you are at Starbucks with your close friends and you realize today is the last day to pay one of your bills online.<o:p></o:p></span>"
11/3/2018 20:14,11/3/2018 20:20,0,75.40.98.95,100,416,1,11/3/2018 20:20,R_2VqNRQ3XpZQPUHo,,,,,31.83830261,-106.5363998,anonymous,EN,"1,2,3","1,2,5",,3,,"1,2",,1,,2,,1,"1,2",,3,,1,3,,2,,3,,2,,"1,2,3",,"1,2",,2,,,,,,,,,,,,,,,,,,,,,,,,,,,,,,"1,2,5",,5,,"1,2",,1,,1,,1,3,,"1,3",,"2,3",,6,,3,,"1,2",,"3,4",,"1,2,3",,2,,,,,,,,,,,,,,,,,,,,,,,,,,,,,,,,,,,,,,,,,,,,,,,,,,,,,,,,,,,,,,,,,,,,,,,,,,,,,,,,,,,,,,,,,,,,,,,,,,,,,,,,,,,,,,,,,,,,,,,,,,,,,90828,"<span lang=""EN-GB"">Suppose you have planned to meet a friend next week and you want to put this on your calendar when you are surrounded by people you know (e.g., acquaintances, colleagues) at a restaurant.<o:p></o:p></span>"
11/3/2018 20:23,11/3/2018 20:27,0,96.36.64.62,100,239,1,11/3/2018 20:27,R_3h4qBFh1Z0sewJE,,,,,34.93519592,-81.9654007,anonymous,EN,"1,3,4",2,,3,,1,,1,,1,,3,"1,2",,1,,2,3,,"2,3",,2,,2,,1,,1,,,,,,,,,,,,,,,,,,,,,,,,,,,,,,,,,,,,,,,,,,,,,,,,,,,,,,,,,,,,,,,,,,,,,,,,,,,,,,,,,,,,,,,,,,,,,,,,,,,,,,,,,,,,,,,,,,,,,,,,,,,,,,,,,,,,,,,,,,,,,,,,,,,,,,,,,,,,,,,,,,,,,,,,,,,,,,,,,,,,,,,,83636,"<span lang=""EN-GB"">Suppose
     you want to listen to some audio when you are with your close friends in a
     park.<o:p></o:p></span>"
11/3/2018 20:27,11/3/2018 20:28,0,72.10.213.91,100,43,1,11/3/2018 20:28,R_1gTOQcbawFfePDO,,,,,43.30239868,-74.99770355,anonymous,EN,2,,,,,,,,,,,,,,,,,,,,,,,,,,,,,,,,,,,,,,,,,,,,,,,,,,,,,,,,,,,,,,,,,,,,,,,,,,,,,,,,,,,,,,,,,,,,,,,,,,,,,,,,,,,,,,,,,,,,,,,,,,,,,,,,,,,,,,,,,,,,,,,,,,,,,,,,,,,,,,,,,,,,,,,,,,,,,,,,,,,,,,,,,,,,,,,,,,,,,,,,,,,,,,,,,,,59315,"<span lang=""EN-GB"">Suppose you are at sitting at Starbucks and you want to play a digital/online&nbsp;</span>game."
10/24/2018 0:07,10/27/2018 20:29,0,65.34.112.177,78,332525,0,11/3/2018 20:29,R_1lh41kgRIM5ji7y,,,,,,,anonymous,EN,"1,2,3,4,6",,,,,,,,,,,,,,,,,,,,,,,,,,,,,,,,,,,,,,,,,,,,,,,,,,,,,,,,,,,,,,,,,,,,,,,,,,,,,,,,,,,,,,,,,,,,,,,,,,,,,,,,,,,,,,,,,,,,,,,,,,,,,,,,,,,,,,,,,,,,,,,,,,,,,,,,,,,,,,,,,,,,,,,,,,,,,,,,,,,,,,,,,,,,,,,,,,,,,,,,,,,,,,,,,,,40028,"<span lang=""EN-GB"">Suppose
     you want to a view a text message when you are alone at Starbucks.<o:p></o:p></span>"
11/3/2018 20:30,11/3/2018 20:31,0,157.51.180.199,100,14,1,11/3/2018 20:31,R_Wv1bmVSJDL69ZF7,,,,,13.08329773,80.28329468,anonymous,EN,1,,,,,,,,,,,,,,,,,,,,,,,,,,,,,,,,,,,,,,,,,,,,,,,,,,,,,,,,,,,,,,,,,,,,,,,,,,,,,,,,,,,,,,,,,,,,,,,,,,,,,,,,,,,,,,,,,,,,,,,,,,,,,,,,,,,,,,,,,,,,,,,,,,,,,,,,,,,,,,,,,,,,,,,,,,,,,,,,,,,,,,,,,,,,,,,,,,,,,,,,,,,,,,,,,,,93879,"<span style=""color: rgb(0, 0, 0); font-family: Times; font-size: 16px;"">Suppose you want control some devices/appliances (e.g., smart lights) when you are with people you know (e.g., acquaintances, colleagues).</span>"
11/3/2018 20:17,11/3/2018 20:35,0,71.176.70.228,100,1093,1,11/3/2018 20:35,R_27KJ2GND73PovgA,,,,,43.03540039,-76.12819672,anonymous,EN,"1,2,3,4,6",2,,1,,2,,3,,1,,1,1,,"2,3",,1,"2,3",,"1,2",,3,,"1,2",,5,,4,,"1,2,4","2,4",,5,,2,,3,,1,,"1,2",5,,5,,5,,"1,2",,3,,2,,3,,"2,3",,4,,2,,5,,2,,3,,1,,1,5,,5,,5,,3,,3,,2,,3,,1,,4,,,,,,,,,,,,,,,,,,,,,,,,,,,,,,,"2,3",,5,,2,,1,,1,,1,1,,5,,5,,3,,3,,2,,3,,1,,4,,,,,,,,,,,,,,,,,,,,,,,,,,,,,,,,,,,,,,,,,,,,,,,,,,,,,,,,,,,,Male,50,Freelancer,4,1,,2,56756,"<span lang=""EN-GB"">Suppose you want to read a digital document when you are at Starbucks with people you know (e.g., acquaintances, colleagues).<o:p></o:p></span>"
11/3/2018 20:36,11/3/2018 20:36,0,184.54.91.3,100,5,1,11/3/2018 20:36,R_1pmc6T4nVC7aqMj,,,,,39.12690735,-84.48529816,anonymous,EN,2,,,,,,,,,,,,,,,,,,,,,,,,,,,,,,,,,,,,,,,,,,,,,,,,,,,,,,,,,,,,,,,,,,,,,,,,,,,,,,,,,,,,,,,,,,,,,,,,,,,,,,,,,,,,,,,,,,,,,,,,,,,,,,,,,,,,,,,,,,,,,,,,,,,,,,,,,,,,,,,,,,,,,,,,,,,,,,,,,,,,,,,,,,,,,,,,,,,,,,,,,,,,,,,,,,,65515,"<span lang=""EN-GB"">Suppose
     you want to set up a reminder about something when you are with people you
     know (e.g., acquaintances, colleagues) at Starbucks.<o:p></o:p></span>"
11/3/2018 20:29,11/3/2018 20:38,0,208.102.48.151,100,535,1,11/3/2018 20:38,R_2YSvbvKgMuyb5yk,,,,,39.02619934,-84.44080353,anonymous,EN,"1,2,3,4,5,6","2,5",,5,,3,,1,,1,,2,"2,3",,5,,"1,3",6,,"1,2",,3,,"1,2",,"1,2,3",,4,,,,,,,,,,,,,,,,,,,,,,,,,,,,,,,,,,,,,,,,,,,,,,,,,,,,,,,,,,,,,,,,,,,,,,,,,,,,,,,,,,,,,,,,,,,,,,,,,,,,,,,,,,,,,,,,,,,,,,,,,,,,,,,,,,,,,,,,,,,,,,,,,,,,,,,,,,,,,,,,,,,,,,,,,,,,,,,,,,,,,,,,74326,"<span lang=""EN-GB"">Suppose you are at a park with some people you know (e.g., acquaintances, colleagues) when you realize that you have to immediately pay one of your bills online.<o:p></o:p></span>"
11/3/2018 20:16,11/3/2018 20:41,0,173.114.103.28,100,1503,1,11/3/2018 20:41,R_3dFCuDc9tAN3QgW,,,,,32.7624054,-117.1241989,anonymous,EN,"1,2,3,4,6","2,3",,"1,2",,1,,3,,1,,1,3,,1,,1,2,,2,,2,,2,,"1,2",,4,,2,,,,,,,,,,,,,,,,,,,,,,,,,,,,,,"2,3",,1,,3,,1,,1,,1,"1,3",,1,,1,,2,,"1,2",,2,,"1,2",,"1,2",,2,,,,,,,,,,,,,,,,,,,,,,,,,,,,,,,,,,,,,,,,,,,,,,,,,,,,,,,,,,,,,,,,,,,,,,,,,,,,,,,,,,,,,,,,,,,,,,,,,,,,,,,,,,,,,,,,,,,,,,male,35,administrator,5,8,,3,50608,"<span lang=""EN-GB"">Suppose you are at work with some people you know (e.g., acquaintances, colleagues) when you realize that you have to immediately pay one of your bills online.<o:p></o:p></span>"
11/3/2018 20:39,11/3/2018 20:41,0,99.116.3.218,100,122,1,11/3/2018 20:41,R_ezm5xoq2HXAFb3z,,,,,42.89770508,-85.71859741,anonymous,EN,"1,2,5","1,2",,3,,3,,1,,3,,1,2,,1,,1,3,,1,,"1,2",,1,,1,,1,,2,,,,,,,,,,,,,,,,,,,,,,,,,,,,,,"1,4",,1,,2,,1,,4,,2,2,,5,,2,,3,,1,,1,,3,,2,,1,,,,,,,,,,,,,,,,,,,,,,,,,,,,,,,,,,,,,,,,,,,,,,,,,,,,,,,,,,,,,,,,,,,,,,,,,,,,,,,,,,,,,,,,,,,,,,,,,,,,,,,,,,,,,,,,,,,,,,,,,,,,,61933,"<span lang=""EN-GB"" style=""font-size:11.0pt;line-height:115%;
font-family:&quot;Arial&quot;,sans-serif;mso-fareast-font-family:Arial;mso-ansi-language:
EN-GB;mso-fareast-language:EN-US;mso-bidi-language:AR-SA"">Suppose you want to a
send an email when you are at Starbucks.</span>"
11/3/2018 20:32,11/3/2018 20:43,0,173.81.31.126,100,660,1,11/3/2018 20:43,R_2wNzwk47ZaEvTQX,,,,,39.2644043,-81.53540039,anonymous,EN,"1,2,4,5",1,,1,,2,,1,,1,,1,3,,1,,3,4,,2,,1,,1,,1,,2,,,,,,,,,,,,,,,,,,,,,,,,,,,,,,,,,,,,,,,,,,,,,,,,,,,,,,,,,,,,,,,,,,,,,,,,,,,,,,,,,,,,,,,,,,,,,,,,,,,,,,,,,,,,,,,,,,,,,,,,,,,,,,,,,,,,,,,,,,,,,,,,,,,,,,,,,,,,,,,,,,,,,,,,,,,,,,,,,,,,,,,,45953,"<span lang=""EN-GB"">Suppose you want to a view a text message when you are alone at a street.<o:p></o:p></span>"
11/3/2018 20:50,11/3/2018 20:51,0,98.214.43.100,100,35,1,11/3/2018 20:51,R_2YY3eTQyXEVJUI5,,,,,39.93069458,-91.376297,anonymous,EN,"1,2,4","3,4",,2,,2,,1,,3,,4,2,,1,,2,"1,2",,1,,1,,"2,3",,"2,3",,1,,,,,,,,,,,,,,,,,,,,,,,,,,,,,,,,,,,,,,,,,,,,,,,,,,,,,,,,,,,,,,,,,,,,,,,,,,,,,,,,,,,,,,,,,,,,,,,,,,,,,,,,,,,,,,,,,,,,,,,,,,,,,,,,,,,,,,,,,,,,,,,,,,,,,,,,,,,,,,,,,,,,,,,,,,,,,,,,,,,,,,,,76372,"<span lang=""EN-GB"">Suppose
     you want&nbsp; to a send a text message
     when you are walking with a very close friend on a street<o:p></o:p></span>"
11/3/2018 20:50,11/3/2018 20:51,0,73.212.177.229,100,24,1,11/3/2018 20:51,R_25NHsPLbuAEjvHT,,,,,39.55230713,-76.11710358,anonymous,EN,"1,2",,,,,,,,,,,,,,,,,,,,,,,,,,,,,,,,,,,,,,,,,,,,,,,,,,,,,,,,,,,,,,,,,,,,,,,,,,,,,,,,,,,,,,,,,,,,,,,,,,,,,,,,,,,,,,,,,,,,,,,,,,,,,,,,,,,,,,,,,,,,,,,,,,,,,,,,,,,,,,,,,,,,,,,,,,,,,,,,,,,,,,,,,,,,,,,,,,,,,,,,,,,,,,,,,,,17425,"<span lang=""EN-GB"">Suppose
     you want to a send a text message when you are alone at home<strong><o:p></o:p></strong></span>"
11/3/2018 20:36,11/3/2018 20:54,0,71.176.70.228,100,1093,1,11/3/2018 20:54,R_3noTAW5eh677p1i,,,,,43.03540039,-76.12819672,anonymous,EN,"1,2,3,4,5,6",7,,5,,"2,3",,3,,1,,1,5,,"2,3",,1,3,,2,,3,,2,,5,,4,,"1,3,4,5,6",4,,5,,2,,3,,1,,4,5,,5,,5,,"2,3",,"2,3",,2,,"2,3",,5,,4,,,,,,,,,,,,,,,,,,,,,,,,,,,,,,,4,,5,,2,,3,,1,,1,5,,5,,5,,3,,3,,5,,3,,5,,4,,2,,1,,"2,3",,1,,1,,4,5,,5,,5,,3,,3,,2,,3,,5,,"1,2",,1,,2,,4,,3,,"3,4",,"1,2",5,,"1,2",,"1,2",,"2,4",,2,,5,,2,,5,,4,,2,,1,,"2,3",,3,,1,,1,5,,5,,5,,6,,"2,3",,2,,"2,3",,5,,4,,Female,33,Software developer,5,1,,4,46325,"<span lang=""EN-GB"">Suppose you want to find a route to a coffee shop when you are
     at home </span><span lang=""EN-GB"">with
     people you are close to (e.g., friends, family members)</span><strong><span lang=""EN-GB""><o:p></o:p></span></strong>"
10/27/2018 20:57,10/27/2018 20:59,0,134.210.226.157,78,135,0,11/3/2018 20:59,R_wS57zovT6gGKe89,,,,,,,anonymous,EN,"1,3,5,6",,,,,,,,,,,,,,,,,,,,,,,,,,,,,,,,,,,,,,,,,,,,,,,,,,,,,,,,,,,,,,,,,,,,,,,,,,,,,,,,,,,,,,,,,,,,,,,,,,,,,,,,,,,,,,,,,,,,,,,,,,,,,,,,,,,,,,,,,,,,,,,,,,,,,,,,,,,,,,,,,,,,,,,,,,,,,,,,,,,,,,,,,,,,,,,,,,,,,,,,,,,,,,,,,,,1586,"<span lang=""EN-GB"">Suppose
     you want to set up a reminder when you are with people you know (e.g.,
     acquaintances, colleagues) at your home.<o:p></o:p></span>"
11/3/2018 21:00,11/3/2018 21:14,0,162.236.238.85,100,836,1,11/3/2018 21:14,R_1l07cAezDSdEUrj,,,,,38.61419678,-95.27449799,anonymous,EN,"1,2,4,5","2,3,4,5",,5,,"1,2",,3,,1,,3,1,,2,,3,6,,2,,"3,4",,2,,1,,4,,"1,4","2,4,5",,1,,2,,3,,1,,3,1,,2,,3,,1,,"3,4",,2,,"3,4",,1,,4,,,,,,,,,,,,,,,,,,,,,,,,,,,,,,,,,,,,,,,,,,,,,,,,,,,,,,,,,,,,"2,3,5",,1,,"1,2,3",,3,,1,,2,1,,2,,2,,1,,"3,4",,2,,"3,4",,1,,4,,,,,,,,,,,,,,,,,,,,,,,,,,,,,,,,,,,,,,,,,,,,,,,,,,,,,,,,,,,,,,,,,,,61635,"<span lang=""EN-GB"">Suppose you are at work with some people you know (e.g., acquaintances, colleagues) when you realize that you have to immediately pay one of your bills online.<o:p></o:p></span>"
11/3/2018 21:07,11/3/2018 21:16,0,172.58.152.237,100,538,1,11/3/2018 21:16,R_2xSlTfY6uX24RAb,,,,,37.75100708,-97.8219986,anonymous,EN,"1,2,3,4","1,2",,"1,2",,"1,2,3,4",,1,,1,,"2,3","1,2",,"1,2",,"2,3","2,4",,2,,"1,2,3,4",,"1,2",,1,,1,,,,,,,,,,,,,,,,,,,,,,,,,,,,,,,,,,,,,,,,,,,,,,,,,,,,,,,,,,,,,,,,,,,,,,,,,,,,,,,,,,,,,,,,,,,,,,,,,,,,,,,,,,,,,,,,,,,,,,,,,,,,,,,,,,,,,,,,,,,,,,,,,,,,,,,,,,,,,,,,,,,,,,,,,,,,,,,,,,,,,,,,94509,"<span lang=""EN-GB"">Suppose you want to take a click a photo when you are with your close friends&nbsp;</span>and family members at Starbucks"
11/3/2018 21:23,11/3/2018 21:27,0,70.114.73.165,100,284,1,11/3/2018 21:27,R_W7pYrD6ZuFC2EDv,,,,,32.76780701,-96.60820007,anonymous,EN,"1,2,3,4,5,6","1,2,5",,3,,2,,3,,"1,3",,3,"1,2,3",,"1,2",,"2,3","2,3",,"2,3",,"2,3",,3,,"1,3",,"1,2",,,,,,,,,,,,,,,,,,,,,,,,,,,,,,,,,,,,,,,,,,,,,,,,,,,,,,,,,,,,,,,,,,,,,,,,,,,,,,,,,,,,,,,,,,,,,,,,,,,,,,,,,,,,,,,,,,,,,,,,,,,,,,,,,,,,,,,,,,,,,,,,,,,,,,,,,,,,,,,,,,,,,,,,,,,,,,,,,,,,,,,,63927,"<span lang=""EN-GB"">Suppose
     you want to listen to some audio when you are alone at your home.<strong><o:p></o:p></strong></span>"
11/3/2018 21:04,11/3/2018 21:28,0,71.176.70.228,100,1440,1,11/3/2018 21:28,R_2YyNcCSKnzRRCfi,,,,,43.03540039,-76.12819672,anonymous,EN,"1,2,3,4,5,6",2,,5,,2,,3,,1,,4,5,,5,,4,"2,3",,"1,2",,"2,3",,"1,2",,5,,4,,"2,4",,,,,,,,,,,,,,,,,,,,,,,,,,,,,,2,,1,,6,,1,,1,,1,3,,5,,5,,"2,3",,"2,3",,2,,"2,3",,1,,4,,,,,,,,,,,,,,,,,,,,,,,,,,,,,,,2,,5,,6,,1,,1,,4,5,,5,,5,,3,,3,,2,,3,,5,,4,,,,,,,,,,,,,,,,,,,,,,,,,,,,,,,,,,,,,,,,,,,,,,,,,,,,,,,,,,,,Female,45,Cleaner,3,1,,2,90644,"<span lang=""EN-GB"">Suppose
     you want to purchase something online when you are alone at a park.<o:p></o:p></span>"
10/26/2018 20:53,10/27/2018 21:28,0,73.90.69.147,78,88539,0,11/3/2018 21:29,R_2ONLYra1dSASyih,,,,,,,anonymous,EN,"1,3,4,6",,,,,,,,,,,,,,,,,,,,,,,,,,,,,,,,,,,,,,,,,,,,,,,,,,,,,,,,,,,,,,,,,,,,,,,,,,,,,,,,,,,,,,,,,,,,,,,,,,,,,,,,,,,,,,,,,,,,,,,,,,,,,,,,,,,,,,,,,,,,,,,,,,,,,,,,,,,,,,,,,,,,,,,,,,,,,,,,,,,,,,,,,,,,,,,,,,,,,,,,,,,,,,,,,,,55271,"<span lang=""EN-GB"">Suppose
     you want to call your mother for sharing an important update about your
     life yourself when you are with a very close friend at a park.&nbsp;<o:p></o:p></span>"
11/3/2018 21:32,11/3/2018 21:32,0,174.56.187.18,100,26,1,11/3/2018 21:32,R_2Qzfnm4FaNhFdXl,,,,,32.03909302,-81.12419891,anonymous,EN,"2,3",,,,,,,,,,,,,,,,,,,,,,,,,,,,,,,,,,,,,,,,,,,,,,,,,,,,,,,,,,,,,,,,,,,,,,,,,,,,,,,,,,,,,,,,,,,,,,,,,,,,,,,,,,,,,,,,,,,,,,,,,,,,,,,,,,,,,,,,,,,,,,,,,,,,,,,,,,,,,,,,,,,,,,,,,,,,,,,,,,,,,,,,,,,,,,,,,,,,,,,,,,,,,,,,,,,54908,"<span lang=""EN-GB"">Suppose
     you want to watch some video when
     you are at home with people you are close to (e.g., friends, family
     members)<strong><o:p></o:p></strong></span>"
11/3/2018 21:40,11/3/2018 21:43,0,138.219.174.219,100,192,1,11/3/2018 21:43,R_3HRhne5ebKQYdtk,,,,,15,-86.5,anonymous,EN,"1,2,3,4,5,6",2,,1,,2,,1,,1,,4,3,,3,,2,3,,2,,2,,3,,3,,2,,,,,,,,,,,,,,,,,,,,,,,,,,,,,,,,,,,,,,,,,,,,,,,,,,,,,,,,,,,,,,,,,,,,,,,,,,,,,,,,,,,,,,,,,,,,,,,,,,,,,,,,,,,,,,,,,,,,,,,,,,,,,,,,,,,,,,,,,,,,,,,,,,,,,,,,,,,,,,,,,,,,,,,,,,,,,,,,,,,,,,,,10974,"<span lang=""EN-GB"" style=""font-size:11.0pt;line-height:115%;
font-family:&quot;Arial&quot;,sans-serif;mso-fareast-font-family:Arial;mso-ansi-language:
EN-GB;mso-fareast-language:EN-US;mso-bidi-language:AR-SA"">Suppose you want to
read a digital document when you are at Starbucks surrounded with your close
friends.</span>"
11/3/2018 21:48,11/3/2018 21:53,0,108.56.194.242,100,323,1,11/3/2018 21:53,R_1ozN5KUjSRsstPZ,,,,,38.89770508,-77.28800201,anonymous,EN,"1,2,3,5,6",3,,3,,"2,3,4",,1,,4,,1,3,,3,,2,3,,3,,"3,4",,1,,2,,2,,,,,,,,,,,,,,,,,,,,,,,,,,,,,,,,,,,,,,,,,,,,,,,,,,,,,,,,,,,,,,,,,,,,,,,,,,,,,,,,,,,,,,,,,,,,,,,,,,,,,,,,,,,,,,,,,,,,,,,,,,,,,,,,,,,,,,,,,,,,,,,,,,,,,,,,,,,,,,,,,,,,,,,,,,,,,,,,,,,,,,,,81576,"<span lang=""EN-GB"">Suppose
     you want to a view a text message when you are surrounded by people you
     know (e.g., acquaintances, colleagues) at a restaurant.<o:p></o:p></span>"
11/3/2018 21:33,11/3/2018 22:04,0,71.176.70.228,100,1840,1,11/3/2018 22:04,R_3flsnyESWhlTFjl,,,,,43.03540039,-76.12819672,anonymous,EN,"1,2,3,4,5",2,,3,,"2,3",,3,,1,,1,5,,5,,1,"1,3",,"1,2",,"2,3",,"1,2",,5,,4,,"1,3,4,5",2,,1,,"1,3",,3,,1,,1,1,,5,,5,,"2,3",,"2,3",,5,,"2,3",,1,,4,,,,,,,,,,,,,,,,,,,,,,,,,,,,,,,2,,5,,"2,3",,3,,1,,1,5,,5,,5,,"2,3",,"2,3",,5,,"2,3",,1,,4,,2,,1,,"2,3",,1,,1,,1,5,,"2,3",,"2,3",,3,,3,,2,,3,,5,,4,,1,,5,,"2,4",,1,,1,,2,3,,5,,5,,4,,2,,2,,2,,5,,4,,,,,,,,,,,,,,,,,,,,,,,,,,,,,,,Female,33,Cleaner,3,2,,2,37140,"<span lang=""EN-GB"">Suppose you are alone at home, you want to take a break from studying/working&nbsp;</span>so you decide to play an online/digital game."
11/3/2018 22:21,11/3/2018 22:22,0,75.163.248.54,100,24,1,11/3/2018 22:22,R_sR7ECIbBWV1H76V,,,,,38.90499878,-104.6981964,anonymous,EN,"1,2",,,,,,,,,,,,,,,,,,,,,,,,,,,,,,,,,,,,,,,,,,,,,,,,,,,,,,,,,,,,,,,,,,,,,,,,,,,,,,,,,,,,,,,,,,,,,,,,,,,,,,,,,,,,,,,,,,,,,,,,,,,,,,,,,,,,,,,,,,,,,,,,,,,,,,,,,,,,,,,,,,,,,,,,,,,,,,,,,,,,,,,,,,,,,,,,,,,,,,,,,,,,,,,,,,,84731,"<span lang=""EN-GB"">Suppose
     you want to listen to some audio when you are at home with people you are
     close to (e.g., friends, family members).<strong><o:p></o:p></strong></span>"
11/3/2018 22:29,11/3/2018 22:30,0,137.186.213.200,100,55,1,11/3/2018 22:30,R_3fvHD3N4yibiwOd,,,,,51.06210327,-114.1158981,anonymous,EN,"1,2,3,4,5,6","2,4",,1,,2,,1,,2,,"1,3",1,,3,,2,2,,2,,4,,2,,2,,2,,,,,,,,,,,,,,,,,,,,,,,,,,,,,,,,,,,,,,,,,,,,,,,,,,,,,,,,,,,,,,,,,,,,,,,,,,,,,,,,,,,,,,,,,,,,,,,,,,,,,,,,,,,,,,,,,,,,,,,,,,,,,,,,,,,,,,,,,,,,,,,,,,,,,,,,,,,,,,,,,,,,,,,,,,,,,,,,,,,,,,,,23372,"<span lang=""EN-GB"">Suppose
     you want to set up a reminder when you are with people you know (e.g.,
     acquaintances, colleagues) at your home.<o:p></o:p></span>"
11/3/2018 22:05,11/3/2018 22:34,0,71.176.70.228,100,1707,1,11/3/2018 22:34,R_revhnnpGznuvPZ7,,,,,43.03540039,-76.12819672,anonymous,EN,"1,2,3,4,5","2,3",,1,,2,,3,,1,,1,1,,5,,1,"2,3",,"1,2",,3,,"1,2",,1,,4,,"1,2,4",2,,5,,"1,3",,3,,1,,1,1,,5,,5,,1,,"2,3",,"1,2",,"2,3",,5,,4,,"1,2",,1,,6,,1,,1,,1,5,,5,,5,,"2,3",,"2,3",,"1,2",,"2,3",,1,,4,,,,,,,,,,,,,,,,,,,,,,,,,,,,,,,"2,3",,1,,"2,3",,1,,1,,1,5,,5,,5,,"1,3",,"2,3",,2,,"2,3",,2,,4,,,,,,,,,,,,,,,,,,,,,,,,,,,,,,,,,,,,,,,,,,,,,,,,,,,,,,,,,,,,Male,34,Cleaner,3,2,,2,42157,"<span lang=""EN-GB"">Suppose you want to browse the internet when you alone at a park.<o:p></o:p></span>"
11/3/2018 22:33,11/3/2018 22:49,0,174.218.3.246,100,986,1,11/3/2018 22:49,R_24JnQk2iFT5hw7H,,,,,33.9282074,-84.47329712,anonymous,EN,"1,2,4",2,,2,,2,,1,,"2,3,4",,2,"1,2",,3,,"2,3",2,,2,,3,,5,,"1,3",,2,,,,,,,,,,,,,,,,,,,,,,,,,,,,,,,,,,,,,,,,,,,,,,,,,,,,,,,,,,,,,,,,,,,,,,,,,,,,,,,,,,,,,,,,,,,,,,,,,,,,,,,,,,,,,,,,,,,,,,,,,,,,,,,,,,,,,,,,,,,,,,,,,,,,,,,,,,,,,,,,,,,,,,,,,,,,,,,,,,,,,,,,22237,"<span lang=""EN-GB"">Suppose
     you want to find a route to home when you are alone at Starbucks.<o:p></o:p></span>"
11/3/2018 22:44,11/3/2018 22:57,0,71.176.70.228,100,797,1,11/3/2018 22:57,R_3oRUYAY1CIxhlgV,,,,,43.03540039,-76.12819672,anonymous,EN,"1,2,3,4,5,6","1,2",,5,,1,,1,,1,,1,1,,5,,1,"2,3",,"1,2",,"2,3",,"1,2",,5,,4,,2,,,,,,,,,,,,,,,,,,,,,,,,,,,,,,"1,2",,5,,1,,1,,1,,4,5,,"2,3",,"2,3",,6,,"2,3",,"2,3",,"2,3",,1,,4,,,,,,,,,,,,,,,,,,,,,,,,,,,,,,,,,,,,,,,,,,,,,,,,,,,,,,,,,,,,,,,,,,,,,,,,,,,,,,,,,,,,,,,,,,,,,,,,,,,,,,,,,,,,,,,,,,,,,,Female,45,Cleaner,3,1,,2,69707,"<span lang=""EN-GB"">Suppose you have planned to meet a friend next week and you want to put this on your calendar when you are with a very close friend at a restaurant&nbsp;<o:p></o:p></span>"
11/3/2018 22:51,11/3/2018 22:59,0,74.132.224.172,100,479,1,11/3/2018 22:59,R_2zI1G1RU4T89pY7,,,,,39.02999878,-84.55899811,anonymous,EN,"1,2,3,4","2,4",,"1,3",,"1,2,3",,1,,"1,4",,"2,3","1,2,3",,"1,3",,"2,3","1,2,3",,"2,3",,"1,3",,"2,3",,"1,2",,1,,2,,,,,,,,,,,,,,,,,,,,,,,,,,,,,,2,,1,,"1,2",,1,,4,,"2,3","1,2,3",,1,,"1,2",,"1,2,3",,"1,3",,2,,"1,3",,"1,2",,1,,,,,,,,,,,,,,,,,,,,,,,,,,,,,,,,,,,,,,,,,,,,,,,,,,,,,,,,,,,,,,,,,,,,,,,,,,,,,,,,,,,,,,,,,,,,,,,,,,,,,,,,,,,,,,,,,,,,,,,,,,,,,90309,"<span lang=""EN-GB"">Suppose
     you want to a view a text message when you are surrounded by people you
     know (e.g., acquaintances, colleagues) at your home.<o:p></o:p></span>"
11/3/2018 23:04,11/3/2018 23:05,0,63.226.47.77,100,80,1,11/3/2018 23:05,R_1P1V9EWgPwru36q,,,,,33.44839478,-112.0739975,anonymous,EN,"1,2,4",3,,1,,1,,1,,1,,3,2,,"1,2,3",,2,2,,1,,"1,2",,"1,2",,"1,2",,2,,,,,,,,,,,,,,,,,,,,,,,,,,,,,,,,,,,,,,,,,,,,,,,,,,,,,,,,,,,,,,,,,,,,,,,,,,,,,,,,,,,,,,,,,,,,,,,,,,,,,,,,,,,,,,,,,,,,,,,,,,,,,,,,,,,,,,,,,,,,,,,,,,,,,,,,,,,,,,,,,,,,,,,,,,,,,,,,,,,,,,,,29844,"<span lang=""EN-GB"">Suppose
     you want to purchase something online when you are alone at a park.<o:p></o:p></span>"
11/3/2018 23:07,11/3/2018 23:10,0,108.210.75.175,100,180,1,11/3/2018 23:10,R_2OYJeEsWWdu877L,,,,,30.50120544,-87.88349915,anonymous,EN,"1,2,4",2,,5,,1,,3,,1,,4,2,,2,,1,6,,5,,7,,2,,1,,4,,,,,,,,,,,,,,,,,,,,,,,,,,,,,,,,,,,,,,,,,,,,,,,,,,,,,,,,,,,,,,,,,,,,,,,,,,,,,,,,,,,,,,,,,,,,,,,,,,,,,,,,,,,,,,,,,,,,,,,,,,,,,,,,,,,,,,,,,,,,,,,,,,,,,,,,,,,,,,,,,,,,,,,,,,,,,,,,,,,,,,,,52948,"<span lang=""EN-GB"">Suppose you are alone at home, you want to take a break from studying/working&nbsp;</span>so you decide to play an online/digital game."
11/3/2018 23:30,11/3/2018 23:30,0,138.128.60.97,100,13,1,11/3/2018 23:30,R_24BGURW7eIOliIp,,,,,42.88639832,-78.87809753,anonymous,EN,3,,,,,,,,,,,,,,,,,,,,,,,,,,,,,,,,,,,,,,,,,,,,,,,,,,,,,,,,,,,,,,,,,,,,,,,,,,,,,,,,,,,,,,,,,,,,,,,,,,,,,,,,,,,,,,,,,,,,,,,,,,,,,,,,,,,,,,,,,,,,,,,,,,,,,,,,,,,,,,,,,,,,,,,,,,,,,,,,,,,,,,,,,,,,,,,,,,,,,,,,,,,,,,,,,,,64111,"Suppose you want to find a route to a coffee shop
     when you are at home with your by your colleagues<o:p></o:p>"
11/3/2018 23:34,11/3/2018 23:34,0,104.1.25.78,100,26,1,11/3/2018 23:34,R_PU6mOTmhffevRy9,,,,,42.00759888,-87.99310303,anonymous,EN,"1,2",,,,,,,,,,,,,,,,,,,,,,,,,,,,,,,,,,,,,,,,,,,,,,,,,,,,,,,,,,,,,,,,,,,,,,,,,,,,,,,,,,,,,,,,,,,,,,,,,,,,,,,,,,,,,,,,,,,,,,,,,,,,,,,,,,,,,,,,,,,,,,,,,,,,,,,,,,,,,,,,,,,,,,,,,,,,,,,,,,,,,,,,,,,,,,,,,,,,,,,,,,,,,,,,,,,65510,"<span lang=""EN-GB"">Suppose you want to control some devices/appliances (e.g., smart lights) when you are at home with people you are close to (e.g., friends, family members)<strong><o:p></o:p></strong></span>"
11/3/2018 23:35,11/3/2018 23:38,0,71.150.117.6,100,177,1,11/3/2018 23:38,R_3iU1whx5hvbEcrF,,,,,41.5881958,-81.54679871,anonymous,EN,"1,2,4,6","1,3",,2,,2,,1,,1,,2,1,,"1,2",,2,1,,1,,"1,2",,1,,1,,"1,2",,2,,,,,,,,,,,,,,,,,,,,,,,,,,,,,,"1,2",,"1,2",,1,,1,,1,,1,2,,1,,2,,1,,"1,2",,1,,1,,2,,2,,,,,,,,,,,,,,,,,,,,,,,,,,,,,,,,,,,,,,,,,,,,,,,,,,,,,,,,,,,,,,,,,,,,,,,,,,,,,,,,,,,,,,,,,,,,,,,,,,,,,,,,,,,,,,,,,,,,,,,,,,,,,22789,"<span lang=""EN-GB"">Suppose
     you want to listen to some audio when you are with people you know (e.g.,
     acquaintances, colleagues) at your home.<o:p></o:p></span>"
11/3/2018 23:34,11/3/2018 23:38,0,75.67.110.187,100,239,1,11/3/2018 23:38,R_22mst8whFvpP6qo,,,,,42.9776001,-70.8266983,anonymous,EN,"1,2,4",2,,1,,"1,2,3",,1,,1,,3,"1,2,3",,5,,2,2,,"1,2",,"3,6",,"1,2",,"1,2,3",,"1,2",,,,,,,,,,,,,,,,,,,,,,,,,,,,,,,,,,,,,,,,,,,,,,,,,,,,,,,,,,,,,,,,,,,,,,,,,,,,,,,,,,,,,,,,,,,,,,,,,,,,,,,,,,,,,,,,,,,,,,,,,,,,,,,,,,,,,,,,,,,,,,,,,,,,,,,,,,,,,,,,,,,,,,,,,,,,,,,,,,,,,,,,25687,"<span lang=""EN-GB"">Suppose you want to browse the internet when you are at home with people you are close to (e.g., friends, family members)<strong><o:p></o:p></strong></span>"
11/3/2018 23:39,11/3/2018 23:44,0,107.223.140.18,100,323,1,11/3/2018 23:44,R_2R3sJZKASE2O27D,,,,,35.58349609,-97.563797,anonymous,EN,"2,3,5","1,2",,1,,"1,2,3",,1,,1,,3,"1,2",,2,,3,"1,2,4",,"1,2,3",,"2,3",,1,,"1,2",,1,,,,,,,,,,,,,,,,,,,,,,,,,,,,,,,,,,,,,,,,,,,,,,,,,,,,,,,,,,,,,,,,,,,,,,,,,,,,,,,,,,,,,,,,,,,,,,,,,,,,,,,,,,,,,,,,,,,,,,,,,,,,,,,,,,,,,,,,,,,,,,,,,,,,,,,,,,,,,,,,,,,,,,,,,,,,,,,,,,,,,,,,56768,"<span lang=""EN-GB"">Suppose
     you want to take a click a photo when you are alone at home.<o:p></o:p></span>"
11/3/2018 23:44,11/3/2018 23:47,0,173.16.146.233,100,173,1,11/3/2018 23:47,R_3fUzWbqUVPnEESA,,,,,41.96159363,-92.58000183,anonymous,EN,"1,2,4,5,6","2,4",,1,,"1,2,3",,3,,1,,2,"1,3",,"2,3",,2,4,,2,,3,,1,,3,,1,,,,,,,,,,,,,,,,,,,,,,,,,,,,,,,,,,,,,,,,,,,,,,,,,,,,,,,,,,,,,,,,,,,,,,,,,,,,,,,,,,,,,,,,,,,,,,,,,,,,,,,,,,,,,,,,,,,,,,,,,,,,,,,,,,,,,,,,,,,,,,,,,,,,,,,,,,,,,,,,,,,,,,,,,,,,,,,,,,,,,,,,40286,"<span lang=""EN-GB"">Suppose you are alone and relaxing at home, you have just read a new book that&nbsp;</span>you loved and now you want a write a review for your close family and friends."
11/3/2018 23:48,11/3/2018 23:48,0,157.46.11.109,100,17,1,11/3/2018 23:48,R_2VywHwe45BDGAE9,,,,,11.3500061,77.73330688,anonymous,EN,5,,,,,,,,,,,,,,,,,,,,,,,,,,,,,,,,,,,,,,,,,,,,,,,,,,,,,,,,,,,,,,,,,,,,,,,,,,,,,,,,,,,,,,,,,,,,,,,,,,,,,,,,,,,,,,,,,,,,,,,,,,,,,,,,,,,,,,,,,,,,,,,,,,,,,,,,,,,,,,,,,,,,,,,,,,,,,,,,,,,,,,,,,,,,,,,,,,,,,,,,,,,,,,,,,,,40932,"<span lang=""EN-GB"" style=""font-size:11.0pt;line-height:115%;
font-family:&quot;Arial&quot;,sans-serif;mso-fareast-font-family:Arial;mso-ansi-language:
EN-GB;mso-fareast-language:EN-US;mso-bidi-language:AR-SA"">Suppose you have
planned to meet a friend next week and you want put this on your calendar<span style=""color:#434343""> when you with </span>people you know (e.g.,
acquaintances, colleagues)<span style=""color:#434343""> at a park</span></span>"
11/3/2018 23:47,11/3/2018 23:52,0,174.130.229.2,100,259,1,11/3/2018 23:52,R_1OOUUERKLCA7Gpy,,,,,38.00450134,-85.688797,anonymous,EN,"1,2,3",2,,1,,1,,1,,1,,2,"2,3",,2,,1,"1,2",,2,,6,,2,,5,,1,,,,,,,,,,,,,,,,,,,,,,,,,,,,,,,,,,,,,,,,,,,,,,,,,,,,,,,,,,,,,,,,,,,,,,,,,,,,,,,,,,,,,,,,,,,,,,,,,,,,,,,,,,,,,,,,,,,,,,,,,,,,,,,,,,,,,,,,,,,,,,,,,,,,,,,,,,,,,,,,,,,,,,,,,,,,,,,,,,,,,,,,90396,"<span lang=""EN-GB"">Suppose
     you want to a send an email when you are walking on a street.<o:p></o:p></span>"
11/3/2018 23:47,11/3/2018 23:56,0,99.3.114.137,100,533,1,11/3/2018 23:56,R_3s5EPyhxeZDfz3F,,,,,36.82530212,-119.6801987,anonymous,EN,"1,2,3,4","2,3,5",,"1,3",,"2,3",,1,,1,,"2,3","1,2",,"1,2",,3,2,,2,,"2,3,4",,2,,"1,3",,"1,2",,,,,,,,,,,,,,,,,,,,,,,,,,,,,,,,,,,,,,,,,,,,,,,,,,,,,,,,,,,,,,,,,,,,,,,,,,,,,,,,,,,,,,,,,,,,,,,,,,,,,,,,,,,,,,,,,,,,,,,,,,,,,,,,,,,,,,,,,,,,,,,,,,,,,,,,,,,,,,,,,,,,,,,,,,,,,,,,,,,,,,,,65031,"<span lang=""EN-GB"" style=""font-size:11.0pt;line-height:115%;
font-family:&quot;Arial&quot;,sans-serif;mso-fareast-font-family:Arial;mso-ansi-language:
EN-GB;mso-fareast-language:EN-US;mso-bidi-language:AR-SA"">Suppose you want to
find a route to a coffee shop when you are alone at home.</span>"
11/3/2018 23:41,11/3/2018 23:57,0,190.87.54.51,100,984,1,11/3/2018 23:57,R_3QFRryCcviOgpu8,,,,,13.70860291,-89.20310211,anonymous,EN,"1,2,3,4,5,6",4,,3,,"1,4",,1,,1,,2,3,,2,,3,3,,2,,3,,1,,3,,1,,,,,,,,,,,,,,,,,,,,,,,,,,,,,,,,,,,,,,,,,,,,,,,,,,,,,,,,,,,,,,,,,,,,,,,,,,,,,,,,,,,,,,,,,,,,,,,,,,,,,,,,,,,,,,,,,,,,,,,,,,,,,,,,,,,,,,,,,,,,,,,,,,,,,,,,,,,,,,,,,,,,,,,,,,,,,,,,,,,,,,,,38058,"<span lang=""EN-GB"">Suppose
     you want to a send a text message when you with people you know (e.g., acquaintances,
     colleagues) at a street<strong>.</strong><o:p></o:p></span>"
11/3/2018 23:35,11/3/2018 23:57,0,73.47.74.31,100,1353,1,11/3/2018 23:57,R_phe0N8FgJAkr0C5,,,,,42.8874054,-71.30200195,anonymous,EN,"1,2,4","2,4,5",,"1,2",,"1,2,3,4",,1,,3,,3,"1,2,3",,"2,3",,3,"2,3",,"1,2",,"1,3",,"1,2",,"1,2,3",,"1,2",,"1,4",4,,4,keyboard and mouse,"1,2",,1,,2,,"1,2,3","1,2,3",,2,,2,,"1,2,3",,3,,1,,3,,2,,"1,2",,,,,,,,,,,,,,,,,,,,,,,,,,,,,,,,,,,,,,,,,,,,,,,,,,,,,,,,,,,,2,,1,,1,,1,,2,,1,"1,2",,2,,2,,2,,3,,2,,3,,4,memory,1,,,,,,,,,,,,,,,,,,,,,,,,,,,,,,,,,,,,,,,,,,,,,,,,,,,,,,,,,,,,female,52,paralegal (currently unemployed but looking),4,3,,5,52228,"<span lang=""EN-GB"">Suppose
     you want to read a digital document when you are at home with people you
     are close to (e.g., friends, family members).<strong><o:p></o:p></strong></span>"
11/3/2018 23:47,11/4/2018 0:01,0,173.69.155.26,100,852,1,11/4/2018 0:01,R_1DYyG1YHV7dS4AN,,,,,39.01119995,-76.68019867,anonymous,EN,"2,3,4","1,2,3,5",,5,,"1,2,3,4",,1,,"1,3",,"2,3","1,2,3",,"1,2,3",,"2,3","2,4",,"1,2,3",,6,,"1,2,3",,"1,2,3",,2,,2,,,,,,,,,,,,,,,,,,,,,,,,,,,,,,"1,2,5",,5,,"1,4",,1,,2,,2,"1,2,3",,"1,3",,"1,3",,"2,4",,2,,5,,2,,"1,2",,4,,,,,,,,,,,,,,,,,,,,,,,,,,,,,,,,,,,,,,,,,,,,,,,,,,,,,,,,,,,,,,,,,,,,,,,,,,,,,,,,,,,,,,,,,,,,,,,,,,,,,,,,,,,,,,,,,,,,,,Female,63,Retired,2,7,Mixed Race: White and Asian,3,46715,"<span lang=""EN-GB"">Suppose you want to find a route to home while walking on a street with your close friends.<o:p></o:p></span>"
11/3/2018 23:59,11/4/2018 0:05,0,96.231.32.39,100,325,1,11/4/2018 0:05,R_R45jRW3bNL41Jvj,,,,,39.04550171,-76.92420197,anonymous,EN,"1,2,3,5","2,4",,"1,2,3",,3,,1,,3,,"1,2",2,,"1,2,3",,"1,2","1,2",,2,,3,,"1,2",,2,,1,,,,,,,,,,,,,,,,,,,,,,,,,,,,,,,,,,,,,,,,,,,,,,,,,,,,,,,,,,,,,,,,,,,,,,,,,,,,,,,,,,,,,,,,,,,,,,,,,,,,,,,,,,,,,,,,,,,,,,,,,,,,,,,,,,,,,,,,,,,,,,,,,,,,,,,,,,,,,,,,,,,,,,,,,,,,,,,,,,,,,,,,10679,"<span lang=""EN-GB"" style=""font-size:11.0pt;line-height:115%;
font-family:&quot;Arial&quot;,sans-serif;mso-fareast-font-family:Arial;mso-ansi-language:
EN-GB;mso-fareast-language:EN-US;mso-bidi-language:AR-SA"">Suppose you want to a
view a text message when you are alone at home</span>"
11/3/2018 23:56,11/4/2018 0:05,0,130.189.157.43,100,559,1,11/4/2018 0:05,R_2DTRxCzK4hCn7sp,,,,,43.6446991,-72.24279785,anonymous,EN,"1,2,3,4","1,2,5",,5,,"1,2,3",,1,,1,,"2,3","1,2",,5,,"2,3","1,2,3,4",,"1,2,3",,3,,"1,2,3",,5,,4,,2,,,,,,,,,,,,,,,,,,,,,,,,,,,,,,"2,5",,5,,2,,1,,2,,4,5,,5,,5,,2,,3,,"1,2",,3,,5,,4,,,,,,,,,,,,,,,,,,,,,,,,,,,,,,,,,,,,,,,,,,,,,,,,,,,,,,,,,,,,,,,,,,,,,,,,,,,,,,,,,,,,,,,,,,,,,,,,,,,,,,,,,,,,,,,,,,,,,,Female,39,Registered Nurse,5,4,,11,48760,"<span lang=""EN-GB"">Suppose
     you want to a view a text message when you are surrounded with people you
     are close to (e.g., friends, family members) at your home.<strong><o:p></o:p></strong></span>"
11/4/2018 0:04,11/4/2018 0:09,0,73.5.35.153,100,335,1,11/4/2018 0:09,R_30jiLAC1iZxCZrq,,,,,31.30979919,-89.37750244,anonymous,EN,"1,2,3","1,2,5",,"1,2",,"1,2,4",,3,,"3,4",,"2,3","1,2,3",,"1,2",,"1,2,3","1,2,3",,"1,2",,"1,2,3,4",,"1,2",,"1,2,3",,"1,2",,,,,,,,,,,,,,,,,,,,,,,,,,,,,,,,,,,,,,,,,,,,,,,,,,,,,,,,,,,,,,,,,,,,,,,,,,,,,,,,,,,,,,,,,,,,,,,,,,,,,,,,,,,,,,,,,,,,,,,,,,,,,,,,,,,,,,,,,,,,,,,,,,,,,,,,,,,,,,,,,,,,,,,,,,,,,,,,,,,,,,,,76388,"<span lang=""EN-GB"">Suppose
     you want to find a route to home when you are at Starbucks with your close
     friends.<o:p></o:p></span>"
11/4/2018 0:06,11/4/2018 0:13,0,88.149.213.85,100,470,1,11/4/2018 0:13,R_2AMXVy821oeqLD7,,,,,45.46960449,9.512496948,anonymous,EN,"1,2,4,6","1,2,4,5",,1,,3,,1,,1,,3,"1,2,3",,2,,3,"1,2,3",,2,,1,,2,,1,,1,,4,,,,,,,,,,,,,,,,,,,,,,,,,,,,,,,,,,,,,,,,,,,,,,,,,,,,,,,,,,,,,,,,,,,,,,,,,,,,,,,,,,,,,,,,"1,2,5",,"1,2",,1,,1,,1,,3,"1,2,3",,2,,2,,"1,2,3",,1,,2,,1,,1,,4,,,,,,,,,,,,,,,,,,,,,,,,,,,,,,,,,,,,,,,,,,,,,,,,,,,,,,,,,,,,female,54,photographer,3,1,,2,66603,"<span lang=""EN-GB"">Suppose
     you want to read a digital document when you are alone at home.<strong><o:p></o:p></strong></span>"
11/3/2018 23:35,11/4/2018 0:14,0,174.255.197.10,100,2348,1,11/4/2018 0:14,R_eku6JwpM9K72ld7,,,,,37.75100708,-97.8219986,anonymous,EN,"1,2,3,4","1,2",,"1,2",,"1,2,3,4",,1,,1,,"2,3","1,2,3",,"1,2,3",,3,"1,2,3,4",,"1,2,3",,"1,2,3,4",,"1,3",,1,,2,,,,,,,,,,,,,,,,,,,,,,,,,,,,,,,,,,,,,,,,,,,,,,,,,,,,,,,,,,,,,,,,,,,,,,,,,,,,,,,,,,,,,,,,,,,,,,,,,,,,,,,,,,,,,,,,,,,,,,,,,,,,,,,,,,,,,,,,,,,,,,,,,,,,,,,,,,,,,,,,,,,,,,,,,,,,,,,,,,,,,,,,96866,"<span lang=""EN-GB"">Suppose you are at Starbucks with your close friends and you realize today is the last day to pay one of your bills online.<o:p></o:p></span>"
11/4/2018 0:20,11/4/2018 0:21,0,96.64.34.54,100,31,1,11/4/2018 0:21,R_1GNE3Ny62FKfzof,,,,,29.97810364,-95.58029938,anonymous,EN,2,,,,,,,,,,,,,,,,,,,,,,,,,,,,,,,,,,,,,,,,,,,,,,,,,,,,,,,,,,,,,,,,,,,,,,,,,,,,,,,,,,,,,,,,,,,,,,,,,,,,,,,,,,,,,,,,,,,,,,,,,,,,,,,,,,,,,,,,,,,,,,,,,,,,,,,,,,,,,,,,,,,,,,,,,,,,,,,,,,,,,,,,,,,,,,,,,,,,,,,,,,,,,,,,,,,32540,"<span lang=""EN-GB"">Suppose you are at sitting in a park and you want to play a digital/online game.<o:p></o:p></span>"
11/4/2018 0:20,11/4/2018 0:23,0,173.52.212.24,100,152,1,11/4/2018 0:23,R_3KUxNbBdPvusDnV,,,,,40.60389709,-74.14720154,anonymous,EN,"1,2,6","3,4",,"1,3",,"2,4",,1,,"3,4",,3,1,,"1,2",,3,"1,2,3",,"1,3",,2,,"1,3",,2,,2,,2,,,,,,,,,,,,,,,,,,,,,,,,,,,,,,"3,4",,1,,"1,2,3",,1,,"2,3",,2,3,,"1,3",,3,,2,,"2,6",,"1,3",,"2,3,4",,3,,2,,,,,,,,,,,,,,,,,,,,,,,,,,,,,,,,,,,,,,,,,,,,,,,,,,,,,,,,,,,,,,,,,,,,,,,,,,,,,,,,,,,,,,,,,,,,,,,,,,,,,,,,,,,,,,,,,,,,,,,,,,,,,67303,"<span lang=""EN-GB"">Suppose
     you want to watch some video when you are alone at Starbucks.<o:p></o:p></span>"
11/4/2018 0:38,11/4/2018 0:39,0,24.49.219.182,100,34,1,11/4/2018 0:39,R_ag8UUCZJfJolV8l,,,,,34.61790466,-98.4552002,anonymous,EN,"2,3",,,,,,,,,,,,,,,,,,,,,,,,,,,,,,,,,,,,,,,,,,,,,,,,,,,,,,,,,,,,,,,,,,,,,,,,,,,,,,,,,,,,,,,,,,,,,,,,,,,,,,,,,,,,,,,,,,,,,,,,,,,,,,,,,,,,,,,,,,,,,,,,,,,,,,,,,,,,,,,,,,,,,,,,,,,,,,,,,,,,,,,,,,,,,,,,,,,,,,,,,,,,,,,,,,,99726,"<span lang=""EN-GB"">Suppose
     you want to listen to some audio when you are with your friends at
     Starbucks.<o:p></o:p></span>"
11/4/2018 0:37,11/4/2018 0:42,0,76.220.76.169,100,244,1,11/4/2018 0:42,R_2dyEVf0WMp8IT2t,,,,,38.00309753,-121.9171982,anonymous,EN,"1,2,3,4,5","1,2,4",,3,,1,,1,,1,,2,"2,3",,3,,4,2,,"1,2",,6,,2,,5,,"1,2",,,,,,,,,,,,,,,,,,,,,,,,,,,,,,,,,,,,,,,,,,,,,,,,,,,,,,,,,,,,,,,,,,,,,,,,,,,,,,,,,,,,,,,,,,,,,,,,,,,,,,,,,,,,,,,,,,,,,,,,,,,,,,,,,,,,,,,,,,,,,,,,,,,,,,,,,,,,,,,,,,,,,,,,,,,,,,,,,,,,,,,,59075,"<span lang=""EN-GB"">Suppose you have planned to meet a friend next week and you want to put this on your calendar when you are alone at a park<o:p></o:p></span>"
11/4/2018 0:10,11/4/2018 0:47,0,71.203.128.23,100,2204,1,11/4/2018 0:47,R_2CjfKlKqjMv07WW,,,,,30.28370667,-81.82019806,anonymous,EN,"1,2,3,4","2,5",,1,,"1,2,3",,1,,"1,3",,"2,3","1,2",,"2,3",,"2,3","2,3",,"1,2",,"1,3",,"1,2",,"1,3",,2,,"1,2,4","2,3,4,5",,3,,"2,3",,1,,1,,2,"1,2",,"2,3",,2,,1,,3,,1,,3,,"1,3",,2,,"1,2,5",,1,,"1,2,3",,1,,2,,"2,3",3,,"1,2",,"2,3",,"1,2,3",,"1,3",,"1,2",,"1,3",,"1,2",,2,,,,,,,,,,,,,,,,,,,,,,,,,,,,,,,"3,5",,1,,"1,2,3",,1,,1,,"2,3","1,2",,"1,3",,"1,2,3",,"1,2,3",,3,,"1,2",,3,,"1,3",,2,,,,,,,,,,,,,,,,,,,,,,,,,,,,,,,,,,,,,,,,,,,,,,,,,,,,,,,,,,,,,,,,,,,45471,"<span lang=""EN-GB"">Suppose
     you are at starbucks and you realize today is the last day to pay one of
     your bills online.<o:p></o:p></span>"
11/4/2018 0:48,11/4/2018 0:49,0,76.255.28.176,100,49,1,11/4/2018 0:49,R_31iMftGI5Vt5Cbw,,,,,43.12049866,-89.35230255,anonymous,EN,"1,2,3,4,5,6",2,,2,,2,,1,,2,,3,3,,2,,2,1,,1,,2,,1,,2,,1,,,,,,,,,,,,,,,,,,,,,,,,,,,,,,,,,,,,,,,,,,,,,,,,,,,,,,,,,,,,,,,,,,,,,,,,,,,,,,,,,,,,,,,,,,,,,,,,,,,,,,,,,,,,,,,,,,,,,,,,,,,,,,,,,,,,,,,,,,,,,,,,,,,,,,,,,,,,,,,,,,,,,,,,,,,,,,,,,,,,,,,,50761,"<span lang=""EN-GB"">Suppose you have planned to meet a friend next week and you want to put this on your calendar when you are with a very close friend at a park.&nbsp;<o:p></o:p></span>"
11/4/2018 0:49,11/4/2018 0:51,0,49.35.40.122,100,87,1,11/4/2018 0:51,R_0cBWh7LYp9iPavf,,,,,18.53329468,73.86669922,anonymous,EN,"1,2,6","2,4,5",,"1,2",,"2,4",,1,,"3,4",,"1,2","2,3",,"1,3",,"1,2,3","2,3,4",,"1,2",,7,,"1,3",,"2,3",,"1,2",,,,,,,,,,,,,,,,,,,,,,,,,,,,,,,,,,,,,,,,,,,,,,,,,,,,,,,,,,,,,,,,,,,,,,,,,,,,,,,,,,,,,,,,,,,,,,,,,,,,,,,,,,,,,,,,,,,,,,,,,,,,,,,,,,,,,,,,,,,,,,,,,,,,,,,,,,,,,,,,,,,,,,,,,,,,,,,,,,,,,,,,3509,"<span lang=""EN-GB"">Suppose you have planned to meet a friend next week and you want to put this on your calendar when you are alone at Starbucks.<o:p></o:p></span>"
11/4/2018 0:52,11/4/2018 0:52,0,172.114.54.32,100,14,1,11/4/2018 0:52,R_2CUJdiI9zONzoYp,,,,,33.90989685,-118.2357025,anonymous,EN,3,,,,,,,,,,,,,,,,,,,,,,,,,,,,,,,,,,,,,,,,,,,,,,,,,,,,,,,,,,,,,,,,,,,,,,,,,,,,,,,,,,,,,,,,,,,,,,,,,,,,,,,,,,,,,,,,,,,,,,,,,,,,,,,,,,,,,,,,,,,,,,,,,,,,,,,,,,,,,,,,,,,,,,,,,,,,,,,,,,,,,,,,,,,,,,,,,,,,,,,,,,,,,,,,,,,52281,"<span lang=""EN-GB"">Suppose you are at a park, you have just read a book you loved and now you&nbsp;</span>want to write a review for it to share with people you are close to (e.g., friends, family members)"
11/4/2018 0:53,11/4/2018 0:55,0,119.30.38.78,100,108,1,11/4/2018 0:55,R_3b09j9tCDd3YCCB,,,,,23.72900391,90.41119385,anonymous,EN,2,,,,,,,,,,,,,,,,,,,,,,,,,,,,,,,,,,,,,,,,,,,,,,,,,,,,,,,,,,,,,,,,,,,,,,,,,,,,,,,,,,,,,,,,,,,,,,,,,,,,,,,,,,,,,,,,,,,,,,,,,,,,,,,,,,,,,,,,,,,,,,,,,,,,,,,,,,,,,,,,,,,,,,,,,,,,,,,,,,,,,,,,,,,,,,,,,,,,,,,,,,,,,,,,,,,56384,"<span lang=""EN-GB"">Suppose you want to watch some video when you are alone at your home.<strong><o:p></o:p></strong></span>"
11/4/2018 0:55,11/4/2018 0:55,0,119.30.38.78,100,12,1,11/4/2018 0:55,R_2ALo0J18xsS64Ye,,,,,23.72900391,90.41119385,anonymous,EN,6,,,,,,,,,,,,,,,,,,,,,,,,,,,,,,,,,,,,,,,,,,,,,,,,,,,,,,,,,,,,,,,,,,,,,,,,,,,,,,,,,,,,,,,,,,,,,,,,,,,,,,,,,,,,,,,,,,,,,,,,,,,,,,,,,,,,,,,,,,,,,,,,,,,,,,,,,,,,,,,,,,,,,,,,,,,,,,,,,,,,,,,,,,,,,,,,,,,,,,,,,,,,,,,,,,,81647,"<span lang=""EN-GB"">Suppose
     you want to set up a reminder about something when you are with people you
     know (e.g., acquaintances, colleagues) at Starbucks.<o:p></o:p></span>"
11/4/2018 1:00,11/4/2018 1:03,0,208.54.40.210,100,186,1,11/4/2018 1:03,R_29trZBpDiLCPuZt,,,,,42.43370056,-83.04340363,anonymous,EN,"1,2,3,4","2,5",,5,,"1,3",,1,,1,,3,"1,2,3",,2,,"2,3",2,,"1,2",,1,,"1,2",,1,,2,,,,,,,,,,,,,,,,,,,,,,,,,,,,,,,,,,,,,,,,,,,,,,,,,,,,,,,,,,,,,,,,,,,,,,,,,,,,,,,,,,,,,,,,,,,,,,,,,,,,,,,,,,,,,,,,,,,,,,,,,,,,,,,,,,,,,,,,,,,,,,,,,,,,,,,,,,,,,,,,,,,,,,,,,,,,,,,,,,,,,,,,43502,"<span lang=""EN-GB"">Suppose you want to read a digital document when you are at a park.<o:p></o:p></span>"
11/4/2018 0:56,11/4/2018 1:05,0,119.30.38.78,100,558,1,11/4/2018 1:05,R_2YyuuNWEoyuRq5F,,,,,23.72900391,90.41119385,anonymous,EN,"1,2,5,6","1,2",,3,,1,,1,,6,,2,"2,3",,5,,"2,3",4,,"2,3",,"2,3",,"2,3",,"1,3",,2,,,,,,,,,,,,,,,,,,,,,,,,,,,,,,,,,,,,,,,,,,,,,,,,,,,,,,,,,,,,,,,,,,,,,,,,,,,,,,,,,,,,,,,,,,,,,,,,,,,,,,,,,,,,,,,,,,,,,,,,,,,,,,,,,,,,,,,,,,,,,,,,,,,,,,,,,,,,,,,,,,,,,,,,,,,,,,,,,,,,,,,,61248,"<span lang=""EN-GB"">Suppose
     you want to listen to some audio when you are alone at your home.<strong><o:p></o:p></strong></span>"
11/4/2018 1:10,11/4/2018 1:12,0,70.93.5.53,100,86,1,11/4/2018 1:12,R_263Bl3KqRbjwXJU,,,,,32.70150757,-114.6424026,anonymous,EN,"1,2,3","1,2",,2,,"2,4",,1,,"2,3",,2,"1,2,3",,1,,"1,2,3","2,3",,"1,3",,"1,2,3,4",,"1,2",,"1,2,3",,1,,,,,,,,,,,,,,,,,,,,,,,,,,,,,,,,,,,,,,,,,,,,,,,,,,,,,,,,,,,,,,,,,,,,,,,,,,,,,,,,,,,,,,,,,,,,,,,,,,,,,,,,,,,,,,,,,,,,,,,,,,,,,,,,,,,,,,,,,,,,,,,,,,,,,,,,,,,,,,,,,,,,,,,,,,,,,,,,,,,,,,,,6119,"<span lang=""EN-GB"">Suppose
     you want to set up a reminder when you are at home with people you are
     close to (e.g., friends, family members).<strong><o:p></o:p></strong></span>"
11/4/2018 1:26,11/4/2018 1:27,0,69.167.23.249,100,31,1,11/4/2018 1:27,R_2s0vvrJDHdLx15C,,,,,47.63389587,-122.3475952,anonymous,EN,"1,2",,,,,,,,,,,,,,,,,,,,,,,,,,,,,,,,,,,,,,,,,,,,,,,,,,,,,,,,,,,,,,,,,,,,,,,,,,,,,,,,,,,,,,,,,,,,,,,,,,,,,,,,,,,,,,,,,,,,,,,,,,,,,,,,,,,,,,,,,,,,,,,,,,,,,,,,,,,,,,,,,,,,,,,,,,,,,,,,,,,,,,,,,,,,,,,,,,,,,,,,,,,,,,,,,,,96704,"<span lang=""EN-GB"">Suppose you are at sitting at Starbucks and you want to play a digital/online&nbsp;</span>game with some close friends."
11/4/2018 1:36,11/4/2018 1:41,0,209.173.14.165,100,255,1,11/4/2018 1:41,R_2YnQ2yGu0zs9pwM,,,,,40.18460083,-76.30149841,anonymous,EN,"1,2,3,5,6","1,2",,"1,2",,"1,2,3,4",,1,,"3,4",,3,"1,2,3",,"1,2,3",,3,"2,4",,"1,2,3",,"1,2,3,4",,"1,2",,"1,2,3",,"1,2",,,,,,,,,,,,,,,,,,,,,,,,,,,,,,,,,,,,,,,,,,,,,,,,,,,,,,,,,,,,,,,,,,,,,,,,,,,,,,,,,,,,,,,,,,,,,,,,,,,,,,,,,,,,,,,,,,,,,,,,,,,,,,,,,,,,,,,,,,,,,,,,,,,,,,,,,,,,,,,,,,,,,,,,,,,,,,,,,,,,,,,,8778,"<span lang=""EN-GB"">Suppose you want to read a digital document when you are in a park with people you know (e.g., acquaintances, colleagues).<o:p></o:p></span>"
11/4/2018 1:49,11/4/2018 1:56,0,172.58.21.9,100,371,1,11/4/2018 1:56,R_1EbdqbpLRbqUX7j,,,,,33.92449951,-118.2715988,anonymous,EN,"2,4,5","1,2",,5,,"1,2,3,4",,1,,3,,2,"1,2,3",,"1,2,3",,1,"1,2,3,4",,"1,2,3",,"1,2,3,4",,1,,"1,2,3",,2,,,,,,,,,,,,,,,,,,,,,,,,,,,,,,,,,,,,,,,,,,,,,,,,,,,,,,,,,,,,,,,,,,,,,,,,,,,,,,,,,,,,,,,,,,,,,,,,,,,,,,,,,,,,,,,,,,,,,,,,,,,,,,,,,,,,,,,,,,,,,,,,,,,,,,,,,,,,,,,,,,,,,,,,,,,,,,,,,,,,,,,,64441,"<span lang=""EN-GB"">Suppose you are at your gym and you want to track the amount of calories&nbsp;</span>you have burnt your workout.&nbsp;"
11/4/2018 1:56,11/4/2018 1:58,0,174.214.8.48,100,139,1,11/4/2018 1:58,R_3HCwdJLP4m8SvAs,,,,,37.79570007,-122.2429047,anonymous,EN,"1,2",,,,,,,,,,,,,,,,,,,,,,,,,,,,,,,,,,,,,,,,,,,,,,,,,,,,,,,,,,,,,,,,,,,,,,,,,,,,,,,,,,,,,,,,,,,,,,,,,,,,,,,,,,,,,,,,,,,,,,,,,,,,,,,,,,,,,,,,,,,,,,,,,,,,,,,,,,,,,,,,,,,,,,,,,,,,,,,,,,,,,,,,,,,,,,,,,,,,,,,,,,,,,,,,,,,92034,"<span lang=""EN-GB"">Suppose
     you are at a park and you realize today is the last day to pay one of your
     bills online.<o:p></o:p></span>"
11/4/2018 1:02,11/4/2018 1:03,0,162.254.36.111,100,23,1,11/4/2018 1:03,R_3CVZHHtKoyMeUHJ,,,,,34.05839539,-118.2779999,anonymous,EN,1,,,,,,,,,,,,,,,,,,,,,,,,,,,,,,,,,,,,,,,,,,,,,,,,,,,,,,,,,,,,,,,,,,,,,,,,,,,,,,,,,,,,,,,,,,,,,,,,,,,,,,,,,,,,,,,,,,,,,,,,,,,,,,,,,,,,,,,,,,,,,,,,,,,,,,,,,,,,,,,,,,,,,,,,,,,,,,,,,,,,,,,,,,,,,,,,,,,,,,,,,,,,,,,,,,,20900,"<span lang=""EN-GB"" style=""font-size:11.0pt;line-height:115%;
font-family:&quot;Arial&quot;,sans-serif;mso-fareast-font-family:Arial;mso-ansi-language:
EN-GB;mso-fareast-language:EN-US;mso-bidi-language:AR-SA"">Suppose you want to a
send an email when you are at Starbucks.</span>"
11/4/2018 1:05,11/4/2018 1:09,0,113.173.194.213,100,251,1,11/4/2018 1:09,R_DIRfK2sjctHbxDP,,,,,10.81419373,106.6437988,anonymous,EN,"1,2,4","2,3,4,5",,"1,2",,"1,2,3,4",,1,,"1,3",,"2,3","1,2,3",,"1,2,3",,"2,3","1,2,3,4",,"1,2,3",,"2,3,4",,"1,2,3",,"1,2,3",,"1,2",,4,,,,,,,,,,,,,,,,,,,,,,,,,,,,,,,,,,,,,,,,,,,,,,,,,,,,,,,,,,,,,,,,,,,,,,,,,,,,,,,,,,,,,,,,"2,3,4,5",,1,,"1,2,3,4",,1,,1,,"2,3","1,2,3",,"2,3",,"1,3",,"1,2,3,4",,"3,4",,"1,2",,"3,4",,"1,2,3",,"1,2",,,,,,,,,,,,,,,,,,,,,,,,,,,,,,,,,,,,,,,,,,,,,,,,,,,,,,,,,,,,,,,,,,,37496,"<span lang=""EN-GB"">Suppose
     you want to a send a text message when you are surrounded by people you
     know (e.g., acquaintances, colleagues) at your home.<o:p></o:p></span>"
11/4/2018 3:11,11/4/2018 3:11,0,73.236.201.218,100,12,1,11/4/2018 3:11,R_23Ugag6X3wHZdwu,,,,,40.48370361,-79.73809814,anonymous,EN,"1,2",,,,,,,,,,,,,,,,,,,,,,,,,,,,,,,,,,,,,,,,,,,,,,,,,,,,,,,,,,,,,,,,,,,,,,,,,,,,,,,,,,,,,,,,,,,,,,,,,,,,,,,,,,,,,,,,,,,,,,,,,,,,,,,,,,,,,,,,,,,,,,,,,,,,,,,,,,,,,,,,,,,,,,,,,,,,,,,,,,,,,,,,,,,,,,,,,,,,,,,,,,,,,,,,,,,19703,"<span lang=""EN-GB"">Suppose you want to take a click a photo when you are with your close friends&nbsp;</span>and family members at Starbucks"
11/4/2018 3:30,11/4/2018 3:31,0,104.129.196.202,100,73,1,11/4/2018 3:31,R_1dK4ULEMRtBRXL8,,,,,37.75100708,-97.8219986,anonymous,EN,"2,3,4",2,,1,,2,,1,,2,,1,2,,2,,1,2,,1,,2,,1,,1,,2,,3,,,,,,,,,,,,,,,,,,,,,,,,,,,,,,,,,,,,,,,,,,,,,,,,,,,,,,,,,,,2,,2,,2,,1,,2,,2,1,,3,,1,,3,,2,,1,,1,,1,,2,,,,,,,,,,,,,,,,,,,,,,,,,,,,,,,,,,,,,,,,,,,,,,,,,,,,,,,,,,,,,,,,,,,,,,,,,,,,,,,,,,,,,,,,,,,,,,,,34411,"<span lang=""EN-GB"">Suppose
     you want to purchase something online when you are with people you are
     close to (e.g., friends, family members) at home.<o:p></o:p></span>"
11/4/2018 3:31,11/4/2018 3:32,0,216.169.18.21,100,76,1,11/4/2018 3:32,R_2aaETHgZuuU8igU,,,,,40.61480713,-89.46040344,anonymous,EN,"1,3",,,,,,,,,,,,,,,,,,,,,,,,,,,,,,,,,,,,,,,,,,,,,,,,,,,,,,,,,,,,,,,,,,,,,,,,,,,,,,,,,,,,,,,,,,,,,,,,,,,,,,,,,,,,,,,,,,,,,,,,,,,,,,,,,,,,,,,,,,,,,,,,,,,,,,,,,,,,,,,,,,,,,,,,,,,,,,,,,,,,,,,,,,,,,,,,,,,,,,,,,,,,,,,,,,,38664,"<span lang=""EN-GB"">Suppose
     you want to read a digital document when you are at Starbucks.<o:p></o:p></span>"
11/4/2018 3:29,11/4/2018 3:35,0,71.174.216.34,100,350,1,11/4/2018 3:35,R_e4FQTLVRKw87Cal,,,,,42.31820679,-71.64640045,anonymous,EN,"1,2,4,5",2,,1,,1,,1,,1,,3,3,,3,,3,1,,1,,3,,1,,1,,1,,"1,2,4",2,,3,,1,,3,,1,,1,1,,5,,3,,1,,3,,5,,4,,2,,2,,2,,3,,1,,1,,2,,1,2,,2,,2,,2,,3,,5,,3,,2,,2,,,,,,,,,,,,,,,,,,,,,,,,,,,,,,,2,,5,,1,,1,,1,,1,3,,3,,5,,1,,3,,1,,3,,2,,4,,,,,,,,,,,,,,,,,,,,,,,,,,,,,,,,,,,,,,,,,,,,,,,,,,,,,,,,,,,,,,,,,,,33406,"<span lang=""EN-GB"">Suppose you have planned to meet a friend next week and you want to put this on your calendar when you are surrounded by people you know (e.g., acquaintances, colleagues) at a restaurant.<o:p></o:p></span>"
11/4/2018 3:54,11/4/2018 4:00,0,70.231.17.55,100,341,1,11/4/2018 4:00,R_Q6QX2FxkDyDg9bz,,,,,35.8072052,-78.88700104,anonymous,EN,"1,2,4",2,,5,,2,,3,,1,,1,3,,5,,"2,3",6,,5,,6,,2,,"1,3",,4,,,,,,,,,,,,,,,,,,,,,,,,,,,,,,,,,,,,,,,,,,,,,,,,,,,,,,,,,,,,,,,,,,,,,,,,,,,,,,,,,,,,,,,,,,,,,,,,,,,,,,,,,,,,,,,,,,,,,,,,,,,,,,,,,,,,,,,,,,,,,,,,,,,,,,,,,,,,,,,,,,,,,,,,,,,,,,,,,,,,,,,,48934,"<span lang=""EN-GB"">Suppose
     you want to listen to some audio when you are with people you know (e.g.,
     acquaintances, colleagues) in a park.<o:p></o:p></span>


<p><span lang=""EN-GB"" style=""color:red"">&nbsp;</span></p>"
11/4/2018 4:38,11/4/2018 4:38,0,73.177.124.29,100,20,1,11/4/2018 4:38,R_3JJJPQM6OgRCjSG,,,,,32.46710205,-90.10870361,anonymous,EN,"1,2",,,,,,,,,,,,,,,,,,,,,,,,,,,,,,,,,,,,,,,,,,,,,,,,,,,,,,,,,,,,,,,,,,,,,,,,,,,,,,,,,,,,,,,,,,,,,,,,,,,,,,,,,,,,,,,,,,,,,,,,,,,,,,,,,,,,,,,,,,,,,,,,,,,,,,,,,,,,,,,,,,,,,,,,,,,,,,,,,,,,,,,,,,,,,,,,,,,,,,,,,,,,,,,,,,,98360,"<span style=""color: rgb(0, 0, 0); font-family: Times; font-size: 16px;"">Suppose you want control some devices/appliances (e.g., smart lights) when you are with people you know (e.g., acquaintances, colleagues).</span>"
11/4/2018 4:37,11/4/2018 4:40,0,24.192.169.210,100,186,1,11/4/2018 4:40,R_sIlvBjOWBW8sB8Z,,,,,42.50340271,-82.93869781,anonymous,EN,"1,2,3,4,5",2,,1,,"1,3",,1,,1,,3,3,,5,,"1,3",3,,"2,3",,"1,3",,"2,3",,5,,4,,,,,,,,,,,,,,,,,,,,,,,,,,,,,,,,,,,,,,,,,,,,,,,,,,,,,,,,,,,,,,,,,,,,,,,,,,,,,,,,,,,,,,,,,,,,,,,,,,,,,,,,,,,,,,,,,,,,,,,,,,,,,,,,,,,,,,,,,,,,,,,,,,,,,,,,,,,,,,,,,,,,,,,,,,,,,,,,,,,,,,,,42078,"<span lang=""EN-GB"">Suppose
     you want to set up a reminder when you with people you know (e.g.,
     acquaintances, colleagues) at a park.<o:p></o:p></span>"
11/4/2018 4:44,11/4/2018 4:45,0,98.28.167.217,100,18,1,11/4/2018 4:45,R_sG7sCvaiZtdgnFD,,,,,39.16569519,-84.23300171,anonymous,EN,"2,4",,,,,,,,,,,,,,,,,,,,,,,,,,,,,,,,,,,,,,,,,,,,,,,,,,,,,,,,,,,,,,,,,,,,,,,,,,,,,,,,,,,,,,,,,,,,,,,,,,,,,,,,,,,,,,,,,,,,,,,,,,,,,,,,,,,,,,,,,,,,,,,,,,,,,,,,,,,,,,,,,,,,,,,,,,,,,,,,,,,,,,,,,,,,,,,,,,,,,,,,,,,,,,,,,,,20908,"Suppose you want to purchase something (e.g., book,
     household items) online when you are with people
     you know (e.g., acquaintances, colleagues) at
     Starbucks.<o:p></o:p>"
11/4/2018 4:43,11/4/2018 4:46,0,99.203.80.225,100,148,1,11/4/2018 4:46,R_12F35hzKSA3eUKZ,,,,,39.20579529,-76.75309753,anonymous,EN,"1,2,4,6",2,,1,,1,,1,,1,,3,2,,2,,2,1,,2,,3,,2,,3,,2,,,,,,,,,,,,,,,,,,,,,,,,,,,,,,,,,,,,,,,,,,,,,,,,,,,,,,,,,,,,,,,,,,,,,,,,,,,,,,,,,,,,,,,,,,,,,,,,,,,,,,,,,,,,,,,,,,,,,,,,,,,,,,,,,,,,,,,,,,,,,,,,,,,,,,,,,,,,,,,,,,,,,,,,,,,,,,,,,,,,,,,,60674,"<span lang=""EN-GB"">Suppose
     you want to a view a text message when you are with a very close friend at
     a restaurant&nbsp;<o:p></o:p></span>"
11/4/2018 4:53,11/4/2018 4:53,0,107.213.216.165,100,17,1,11/4/2018 4:53,R_3kuBVgf0OukqSVr,,,,,25.60620117,-80.34259796,anonymous,EN,4,,,,,,,,,,,,,,,,,,,,,,,,,,,,,,,,,,,,,,,,,,,,,,,,,,,,,,,,,,,,,,,,,,,,,,,,,,,,,,,,,,,,,,,,,,,,,,,,,,,,,,,,,,,,,,,,,,,,,,,,,,,,,,,,,,,,,,,,,,,,,,,,,,,,,,,,,,,,,,,,,,,,,,,,,,,,,,,,,,,,,,,,,,,,,,,,,,,,,,,,,,,,,,,,,,,65019,"<span id=""docs-internal-guid-5a7e3441-7fff-9d1f-10e6-454a1d940975""><span style=""font-size: 11pt; font-family: Arial; color: rgb(0, 0, 0); background-color: transparent; font-variant-numeric: normal; font-variant-east-asian: normal; vertical-align: baseline; white-space: pre-wrap;"">Suppose you want to call your mother for sharing an important update about your life &nbsp;when you are alone at home</span><br> <br><br></span>"
11/4/2018 5:03,11/4/2018 5:04,0,65.25.78.69,100,57,1,11/4/2018 5:04,R_1rDiInAb7X6FiVR,,,,,40.97909546,-81.53469849,anonymous,EN,"1,2",,,,,,,,,,,,,,,,,,,,,,,,,,,,,,,,,,,,,,,,,,,,,,,,,,,,,,,,,,,,,,,,,,,,,,,,,,,,,,,,,,,,,,,,,,,,,,,,,,,,,,,,,,,,,,,,,,,,,,,,,,,,,,,,,,,,,,,,,,,,,,,,,,,,,,,,,,,,,,,,,,,,,,,,,,,,,,,,,,,,,,,,,,,,,,,,,,,,,,,,,,,,,,,,,,,74789,"<span lang=""EN-GB"">Suppose
     you want to set up a reminder about something when you are at Starbucks by
     yourself.<o:p></o:p></span>"
11/4/2018 4:50,11/4/2018 5:08,0,73.195.189.73,100,1077,1,11/4/2018 5:08,R_3qmTSO1wWzliIeS,,,,,39.97149658,-74.25119781,anonymous,EN,"1,2,3,4","1,2",,1,,"1,2,3",,3,,1,,"2,3","1,2",,"2,3",,3,"2,3",,"1,2",,6,,"1,2",,"1,3",,"1,2",,,,,,,,,,,,,,,,,,,,,,,,,,,,,,,,,,,,,,,,,,,,,,,,,,,,,,,,,,,,,,,,,,,,,,,,,,,,,,,,,,,,,,,,,,,,,,,,,,,,,,,,,,,,,,,,,,,,,,,,,,,,,,,,,,,,,,,,,,,,,,,,,,,,,,,,,,,,,,,,,,,,,,,,,,,,,,,,,,,,,,,,10235,"<span lang=""EN-GB"">Suppose you want to control some devices/appliances (e.g., smart lights) when you are alone at home.<o:p></o:p></span>"
11/4/2018 5:05,11/4/2018 5:13,0,99.182.208.14,100,525,1,11/4/2018 5:13,R_1nNOZbgORQy5BDG,,,,,41.92320251,-87.8184967,anonymous,EN,"2,3,4","2,3,4,5",,1,,"1,2,3",,1,,1,,3,"1,2,3",,"2,3",,2,"1,2,3",,2,,"1,3,4",,"2,3",,"1,2,3",,2,,,,,,,,,,,,,,,,,,,,,,,,,,,,,,,,,,,,,,,,,,,,,,,,,,,,,,,,,,,,,,,,,,,,,,,,,,,,,,,,,,,,,,,,,,,,,,,,,,,,,,,,,,,,,,,,,,,,,,,,,,,,,,,,,,,,,,,,,,,,,,,,,,,,,,,,,,,,,,,,,,,,,,,,,,,,,,,,,,,,,,,,10481,"<span lang=""EN-GB"">Suppose
     you want to a view a text message
     when you are walking with a very close friend on a street<o:p></o:p></span>"
11/4/2018 5:07,11/4/2018 5:15,0,100.38.50.67,100,492,1,11/4/2018 5:15,R_zURWIA6mAZDJICl,,,,,40.54570007,-74.17919922,anonymous,EN,"2,3,4","1,2,4,5",,"1,3",,"1,2,3",,3,,4,,"2,3","1,2,3",,"1,3",,"2,3",6,,"1,2,3",,"1,2,3,4",,"1,2,3",,"1,3",,2,,"2,3",,,,,,,,,,,,,,,,,,,,,,,,,,,,,,2,,1,,"1,2,3",,1,,"1,3,4",,2,"1,2,3",,5,,5,,"1,2,3",,"1,3",,"1,2",,"3,4",,1,,2,,4,,1,,"1,2,3",,3,,1,,1,"1,2,3",,5,,5,,"1,2,3,4",,"2,3,4",,5,,"2,3,4",,5,,1,,,,,,,,,,,,,,,,,,,,,,,,,,,,,,,,,,,,,,,,,,,,,,,,,,,,,,,,,,,,,,,,,,,,,,,,,,,,,,,,,,,,,,,,,,,,,,,,37730,"<span lang=""EN-GB"">Suppose you are at work with some people you know (e.g., acquaintances, colleagues) when you realize that you have to immediately pay one of your bills online.<o:p></o:p></span>"
11/4/2018 5:10,11/4/2018 5:19,0,174.238.9.58,100,554,1,11/4/2018 5:19,R_2TRXI9MqVqO0FHS,,,,,33.38510132,-111.8723984,anonymous,EN,"1,2,6",2,,1,,3,,3,,1,,3,2,,3,,3,3,,2,,4,,2,,5,,2,,2,,,,,,,,,,,,,,,,,,,,,,,,,,,,,,2,,1,,3,,1,,1,,3,2,,3,,3,,3,,3,,2,,4,,2,,2,,,,,,,,,,,,,,,,,,,,,,,,,,,,,,,,,,,,,,,,,,,,,,,,,,,,,,,,,,,,,,,,,,,,,,,,,,,,,,,,,,,,,,,,,,,,,,,,,,,,,,,,,,,,,,,,,,,,,,,,,,,,,81589,"<span lang=""EN-GB"" style=""font-size:11.0pt;line-height:115%;
font-family:&quot;Arial&quot;,sans-serif;mso-fareast-font-family:Arial;mso-ansi-language:
EN-GB;mso-fareast-language:EN-US;mso-bidi-language:AR-SA"">Suppose you want to
read a digital document when you are at Starbucks surrounded with your close
friends.</span>"
10/28/2018 6:21,10/28/2018 6:21,0,71.61.48.199,1,10,0,11/4/2018 5:22,R_12xX1CUih2S9Bgi,,,,,,,anonymous,EN,,,,,,,,,,,,,,,,,,,,,,,,,,,,,,,,,,,,,,,,,,,,,,,,,,,,,,,,,,,,,,,,,,,,,,,,,,,,,,,,,,,,,,,,,,,,,,,,,,,,,,,,,,,,,,,,,,,,,,,,,,,,,,,,,,,,,,,,,,,,,,,,,,,,,,,,,,,,,,,,,,,,,,,,,,,,,,,,,,,,,,,,,,,,,,,,,,,,,,,,,,,,,,,,,,,,47692,"<span lang=""EN-GB"" style=""font-size:11.0pt;line-height:115%;
font-family:&quot;Arial&quot;,sans-serif;mso-fareast-font-family:Arial;mso-ansi-language:
EN-GB;mso-fareast-language:EN-US;mso-bidi-language:AR-SA"">Suppose you want to
take a click a photo when you are at Starbucks.</span>"
11/4/2018 5:24,11/4/2018 5:25,0,24.34.126.240,100,49,1,11/4/2018 5:25,R_OHGpR8CXZJUKZhv,,,,,41.67390442,-70.19490051,anonymous,EN,"1,2",,,,,,,,,,,,,,,,,,,,,,,,,,,,,,,,,,,,,,,,,,,,,,,,,,,,,,,,,,,,,,,,,,,,,,,,,,,,,,,,,,,,,,,,,,,,,,,,,,,,,,,,,,,,,,,,,,,,,,,,,,,,,,,,,,,,,,,,,,,,,,,,,,,,,,,,,,,,,,,,,,,,,,,,,,,,,,,,,,,,,,,,,,,,,,,,,,,,,,,,,,,,,,,,,,,89481,"<span lang=""EN-GB"">Suppose you want to browse the internet when you are at home with people you know (e.g., acquaintances, colleagues).<o:p></o:p></span>"
11/4/2018 5:27,11/4/2018 5:27,0,74.250.163.75,100,13,1,11/4/2018 5:27,R_2cAsAg0QVKDYBm1,,,,,35.64979553,-82.71060181,anonymous,EN,1,,,,,,,,,,,,,,,,,,,,,,,,,,,,,,,,,,,,,,,,,,,,,,,,,,,,,,,,,,,,,,,,,,,,,,,,,,,,,,,,,,,,,,,,,,,,,,,,,,,,,,,,,,,,,,,,,,,,,,,,,,,,,,,,,,,,,,,,,,,,,,,,,,,,,,,,,,,,,,,,,,,,,,,,,,,,,,,,,,,,,,,,,,,,,,,,,,,,,,,,,,,,,,,,,,,55523,"<span lang=""EN-GB"">Suppose
     you want to a send a text message when you are surrounded by people you
     know (e.g., acquaintances, colleagues) at a restaurant.<o:p></o:p></span>"
11/4/2018 5:24,11/4/2018 5:27,0,98.109.157.8,100,151,1,11/4/2018 5:27,R_1Lbdfj2f1vCy3mu,,,,,40.82189941,-74.41999817,anonymous,EN,"1,2,3,4,5,6","2,4,5",,"1,3",,"1,2",,1,,2,,2,"1,2",,2,,2,"1,3",,"1,2",,"2,3",,"1,2",,"1,2",,"1,2",,2,,,,,,,,,,,,,,,,,,,,,,,,,,,,,,2,,1,,2,,1,,2,,2,"1,2",,2,,2,,2,,"2,3",,2,,3,,"2,3",,2,,,,,,,,,,,,,,,,,,,,,,,,,,,,,,,,,,,,,,,,,,,,,,,,,,,,,,,,,,,,,,,,,,,,,,,,,,,,,,,,,,,,,,,,,,,,,,,,,,,,,,,,,,,,,,,,,,,,,,,,,,,,,38095,"<span lang=""EN-GB"">Suppose
     you want to watch some video when you are with your close friends in a
     park.<o:p></o:p></span>"
11/4/2018 5:35,11/4/2018 5:36,0,68.179.187.224,100,52,1,11/4/2018 5:36,R_bKJxXQMiOPARTwd,,,,,37.96369934,-87.39379883,anonymous,EN,"1,2,3,4,5,6",2,,3,,2,,1,,4,,3,"1,3",,2,,1,4,,2,,2,,3,,1,,1,,,,,,,,,,,,,,,,,,,,,,,,,,,,,,,,,,,,,,,,,,,,,,,,,,,,,,,,,,,,,,,,,,,,,,,,,,,,,,,,,,,,,,,,,,,,,,,,,,,,,,,,,,,,,,,,,,,,,,,,,,,,,,,,,,,,,,,,,,,,,,,,,,,,,,,,,,,,,,,,,,,,,,,,,,,,,,,,,,,,,,,,77772,"<span lang=""EN-GB"">Suppose you want to find a route to home while walking on a street with people you know (e.g., acquaintances, colleagues).<o:p></o:p></span>"
11/4/2018 5:35,11/4/2018 5:41,0,108.66.214.58,100,384,1,11/4/2018 5:41,R_xEInxt6cLpEhPkB,,,,,35.68130493,-78.59750366,anonymous,EN,"1,2,3",4,,5,,1,,1,,1,,2,1,,5,,2,6,,2,,1,,2,,2,,2,,2,,,,,,,,,,,,,,,,,,,,,,,,,,,,,,5,,5,,6,,1,,1,,4,1,,1,,5,,6,,1,,2,,1,,1,,2,,,,,,,,,,,,,,,,,,,,,,,,,,,,,,,,,,,,,,,,,,,,,,,,,,,,,,,,,,,,,,,,,,,,,,,,,,,,,,,,,,,,,,,,,,,,,,,,,,,,,,,,,,,,,,,,,,,,,,,,,,,,,12159,"<span lang=""EN-GB"">Suppose
     you want to a send a text message when you are with a very close friend at
     a restaurant&nbsp;<o:p></o:p></span>"
11/4/2018 5:38,11/4/2018 5:42,0,72.2.149.58,100,253,1,11/4/2018 5:42,R_3lY4jumncSET5uO,,,,,41.94880676,-86.49130249,anonymous,EN,"1,2,3,4,6",2,,"1,2,3",,3,,1,,1,,1,"1,2,3",,"1,3",,1,"2,3,4",,1,,3,,"1,2",,"1,3",,2,,,,,,,,,,,,,,,,,,,,,,,,,,,,,,,,,,,,,,,,,,,,,,,,,,,,,,,,,,,,,,,,,,,,,,,,,,,,,,,,,,,,,,,,,,,,,,,,,,,,,,,,,,,,,,,,,,,,,,,,,,,,,,,,,,,,,,,,,,,,,,,,,,,,,,,,,,,,,,,,,,,,,,,,,,,,,,,,,,,,,,,,72275,"<span lang=""EN-GB"" style=""font-size:11.0pt;line-height:115%;
font-family:&quot;Arial&quot;,sans-serif;mso-fareast-font-family:Arial;mso-ansi-language:
EN-GB;mso-fareast-language:EN-US;mso-bidi-language:AR-SA"">Suppose you want to check your social media when you are alone in a park.</span>"
11/4/2018 5:43,11/4/2018 5:43,0,108.66.214.58,100,13,1,11/4/2018 5:43,R_24pyFEInp38DObx,,,,,35.68130493,-78.59750366,anonymous,EN,3,,,,,,,,,,,,,,,,,,,,,,,,,,,,,,,,,,,,,,,,,,,,,,,,,,,,,,,,,,,,,,,,,,,,,,,,,,,,,,,,,,,,,,,,,,,,,,,,,,,,,,,,,,,,,,,,,,,,,,,,,,,,,,,,,,,,,,,,,,,,,,,,,,,,,,,,,,,,,,,,,,,,,,,,,,,,,,,,,,,,,,,,,,,,,,,,,,,,,,,,,,,,,,,,,,,18935,"<span lang=""EN-GB"">Suppose
     you want to set up a reminder when you are at a park by yourself.<o:p></o:p></span>"
11/4/2018 5:37,11/4/2018 5:44,0,108.251.211.89,100,389,1,11/4/2018 5:44,R_2riP7FyIT8wTYnA,,,,,35.53349304,-97.95909882,anonymous,EN,"2,3,4","2,4,5",,1,,"1,2,3",,3,,1,,"2,3","1,2",,2,,"2,3",2,,2,,"3,4",,2,,1,,2,,3,,,,,,,,,,,,,,,,,,,,,,,,,,,,,,,,,,,,,,,,,,,,,,,,,,,,,,,,,,,4,,5,,"1,2",,3,,1,,2,"1,2",,5,,5,,3,,7,,1,,7,,2,,1,,,,,,,,,,,,,,,,,,,,,,,,,,,,,,,,,,,,,,,,,,,,,,,,,,,,,,,,,,,,,,,,,,,,,,,,,,,,,,,,,,,,,,,,,male,57,air traffic controller,3,1,,6,48308,"<span lang=""EN-GB"">Suppose you are at a coffee shop, you have just read a book you loved and now&nbsp;</span>you want to write a review for it to share with your close family and friends."
11/4/2018 5:40,11/4/2018 5:44,0,24.179.90.57,100,244,1,11/4/2018 5:44,R_1pA8Mq5ce3fNPLh,,,,,35.02799988,-85.72250366,anonymous,EN,"2,3,4",3,,5,,2,,3,,6,,4,5,,5,,2,2,,2,,6,,2,,1,,4,,,,,,,,,,,,,,,,,,,,,,,,,,,,,,,,,,,,,,,,,,,,,,,,,,,,,,,,,,,,,,,,,,,,,,,,,,,,,,,,,,,,,,,,,,,,,,,,,,,,,,,,,,,,,,,,,,,,,,,,,,,,,,,,,,,,,,,,,,,,,,,,,,,,,,,,,,,,,,,,,,,,,,,,,,,,,,,,,,,,,,,,70874,"<span lang=""EN-GB"">Suppose you want to set up a reminder when you are at a park with close friends.<o:p></o:p></span>"
11/4/2018 5:46,11/4/2018 5:47,0,196.16.108.64,100,54,1,11/4/2018 5:47,R_8AjqOevoyyWNpYt,,,,,34.05439758,-118.2440033,anonymous,EN,2,,,,,,,,,,,,,,,,,,,,,,,,,,,,,,,,,,,,,,,,,,,,,,,,,,,,,,,,,,,,,,,,,,,,,,,,,,,,,,,,,,,,,,,,,,,,,,,,,,,,,,,,,,,,,,,,,,,,,,,,,,,,,,,,,,,,,,,,,,,,,,,,,,,,,,,,,,,,,,,,,,,,,,,,,,,,,,,,,,,,,,,,,,,,,,,,,,,,,,,,,,,,,,,,,,,20976,"<span lang=""EN-GB"">Suppose you want to browse internet when you are with your close friends at a restaurant.<o:p></o:p></span>"
11/4/2018 5:47,11/4/2018 5:54,0,196.16.108.64,100,379,1,11/4/2018 5:54,R_3J8UlesZarP8Djy,,,,,34.05439758,-118.2440033,anonymous,EN,"2,5,6",2,,1,,1,,1,,3,,1,5,,5,,3,2,,1,,4,,2,,1,,2,,,,,,,,,,,,,,,,,,,,,,,,,,,,,,,,,,,,,,,,,,,,,,,,,,,,,,,,,,,,,,,,,,,,,,,,,,,,,,,,,,,,,,,,,,,,,,,,,,,,,,,,,,,,,,,,,,,,,,,,,,,,,,,,,,,,,,,,,,,,,,,,,,,,,,,,,,,,,,,,,,,,,,,,,,,,,,,,,,,,,,,,39690,"<span lang=""EN-GB"">Suppose
     you want to set up a reminder when you are alone at your home.<strong><o:p></o:p></strong></span>"
11/4/2018 5:51,11/4/2018 5:55,0,71.47.209.241,100,264,1,11/4/2018 5:55,R_3G1HoukCmLk0ttz,,,,,28.13839722,-80.65239716,anonymous,EN,"1,2,3,4",2,,5,,1,,1,,1,,"2,3",2,,2,,3,4,,2,,3,,2,,3,,4,,,,,,,,,,,,,,,,,,,,,,,,,,,,,,,,,,,,,,,,,,,,,,,,,,,,,,,,,,,,,,,,,,,,,,,,,,,,,,,,,,,,,,,,,,,,,,,,,,,,,,,,,,,,,,,,,,,,,,,,,,,,,,,,,,,,,,,,,,,,,,,,,,,,,,,,,,,,,,,,,,,,,,,,,,,,,,,,,,,,,,,,41036,"<span lang=""EN-GB"">Suppose you have planned to meet a friend next week and you want to put this on your calendar when you are surrounded with people you are close to (e.g., friends, family members) at your home.<strong><o:p></o:p></strong></span>"
11/4/2018 5:53,11/4/2018 5:57,0,173.21.56.93,100,224,1,11/4/2018 5:57,R_qOUKmBvWGJJCw5H,,,,,30.6197052,-87.88950348,anonymous,EN,"1,2,3,4,5,6","2,5",,1,,2,,1,,3,,3,3,,2,,2,"2,3",,"1,2",,6,,"1,2",,"1,2",,2,,,,,,,,,,,,,,,,,,,,,,,,,,,,,,,,,,,,,,,,,,,,,,,,,,,,,,,,,,,,,,,,,,,,,,,,,,,,,,,,,,,,,,,,,,,,,,,,,,,,,,,,,,,,,,,,,,,,,,,,,,,,,,,,,,,,,,,,,,,,,,,,,,,,,,,,,,,,,,,,,,,,,,,,,,,,,,,,,,,,,,,,5825,"<span lang=""EN-GB"">Suppose you want to a send an email when you are surrounded with people you are close to (e.g., friends, family members) at your home.<strong><o:p></o:p></strong></span>"
11/4/2018 5:59,11/4/2018 5:59,0,50.111.26.218,100,26,1,11/4/2018 5:59,R_21mNaOEu16eLz4G,,,,,35.18099976,-83.3884964,anonymous,EN,"1,2",,,,,,,,,,,,,,,,,,,,,,,,,,,,,,,,,,,,,,,,,,,,,,,,,,,,,,,,,,,,,,,,,,,,,,,,,,,,,,,,,,,,,,,,,,,,,,,,,,,,,,,,,,,,,,,,,,,,,,,,,,,,,,,,,,,,,,,,,,,,,,,,,,,,,,,,,,,,,,,,,,,,,,,,,,,,,,,,,,,,,,,,,,,,,,,,,,,,,,,,,,,,,,,,,,,23541,"<span lang=""EN-GB"">Suppose
     you want to call your mother for sharing an important update about your
     life when you are with a very close friend at a restaurant&nbsp;<o:p></o:p></span>"
11/4/2018 6:02,11/4/2018 6:03,0,65.214.67.191,100,65,1,11/4/2018 6:03,R_3nNKwgSlIQhYEPO,,,,,38.00540161,-89.90080261,anonymous,EN,"2,3,4","1,3,4",,"1,2,3",,"2,4",,1,,"1,2,4",,"1,2","1,3",,2,,"1,2","1,3,4",,"1,2",,"1,3,4",,2,,"1,2",,1,,,,,,,,,,,,,,,,,,,,,,,,,,,,,,,,,,,,,,,,,,,,,,,,,,,,,,,,,,,,,,,,,,,,,,,,,,,,,,,,,,,,,,,,,,,,,,,,,,,,,,,,,,,,,,,,,,,,,,,,,,,,,,,,,,,,,,,,,,,,,,,,,,,,,,,,,,,,,,,,,,,,,,,,,,,,,,,,,,,,,,,,16573,"<span lang=""EN-GB"">Suppose
     you want to call your mother for sharing an important update about your
     life yourself when you are with a very close friend at a park.&nbsp;<o:p></o:p></span>"
11/4/2018 6:07,11/4/2018 6:08,0,69.169.241.157,100,22,1,11/4/2018 6:08,R_2YEAV2vidfzY32b,,,,,32.43299866,-97.10870361,anonymous,EN,"1,2",,,,,,,,,,,,,,,,,,,,,,,,,,,,,,,,,,,,,,,,,,,,,,,,,,,,,,,,,,,,,,,,,,,,,,,,,,,,,,,,,,,,,,,,,,,,,,,,,,,,,,,,,,,,,,,,,,,,,,,,,,,,,,,,,,,,,,,,,,,,,,,,,,,,,,,,,,,,,,,,,,,,,,,,,,,,,,,,,,,,,,,,,,,,,,,,,,,,,,,,,,,,,,,,,,,27138,"<span lang=""EN-GB"" style=""font-size:11.0pt;line-height:115%;
font-family:&quot;Arial&quot;,sans-serif;mso-fareast-font-family:Arial;mso-ansi-language:
EN-GB;mso-fareast-language:EN-US;mso-bidi-language:AR-SA"">Suppose you want to a
send an email when you are alone at home</span>"
11/4/2018 6:08,11/4/2018 6:10,0,69.204.24.138,100,119,1,11/4/2018 6:10,R_2YfcuMxl3SC2gu8,,,,,42.97189331,-78.87689972,anonymous,EN,"1,2,4",2,,1,,1,,1,,"1,2,3",,"1,2","1,2",,"1,2",,"1,2",2,,"1,2",,1,,"1,2",,"1,2",,1,,4,,,,,,,,,,,,,,,,,,,,,,,,,,,,,,,,,,,,,,,,,,,,,,,,,,,,,,,,,,,,,,,,,,,,,,,,,,,,,,,,,,,,,,,,"2,3,4,5",,"1,2",,"1,2",,1,,6,,"1,2,3","1,2,3",,"2,3",,"1,2",,"1,2,3",,"1,2,3",,"1,2",,"1,2,3",,"1,2",,"1,2",,,,,,,,,,,,,,,,,,,,,,,,,,,,,,,,,,,,,,,,,,,,,,,,,,,,,,,,,,,,,,,,,,,13971,"<span lang=""EN-GB"">Suppose
     you want to purchase something online when you are with people you know
     (e.g., acquaintances, colleagues) at your home.<o:p></o:p></span>"
11/4/2018 6:09,11/4/2018 6:11,0,107.77.234.210,100,128,1,11/4/2018 6:11,R_1r3r1vqHNAH7Lkg,,,,,36.16589355,-86.78440094,anonymous,EN,"1,2,3,4","2,3",,"1,3",,"1,2,3",,1,,1,,"1,2",1,,"1,2,3",,"1,2","2,3",,"2,3",,4,,"1,2",,"1,2,3",,"1,2",,,,,,,,,,,,,,,,,,,,,,,,,,,,,,,,,,,,,,,,,,,,,,,,,,,,,,,,,,,,,,,,,,,,,,,,,,,,,,,,,,,,,,,,,,,,,,,,,,,,,,,,,,,,,,,,,,,,,,,,,,,,,,,,,,,,,,,,,,,,,,,,,,,,,,,,,,,,,,,,,,,,,,,,,,,,,,,,,,,,,,,,23613,"<span lang=""EN-GB"">Suppose you have planned to meet a friend next week and you want to&nbsp;put this on your calendar </span><span lang=""EN-GB"">when</span><span lang=""EN-GB""> you are surrounded by people you know (e.g., acquaintances, colleagues) at your home.</span><span lang=""EN-GB""><o:p></o:p></span>"
11/4/2018 6:11,11/4/2018 6:12,0,190.218.90.188,100,23,1,11/4/2018 6:12,R_eEsUjzcJ5nJ6Aud,,,,,8.399993896,-82.3167038,anonymous,EN,1,,,,,,,,,,,,,,,,,,,,,,,,,,,,,,,,,,,,,,,,,,,,,,,,,,,,,,,,,,,,,,,,,,,,,,,,,,,,,,,,,,,,,,,,,,,,,,,,,,,,,,,,,,,,,,,,,,,,,,,,,,,,,,,,,,,,,,,,,,,,,,,,,,,,,,,,,,,,,,,,,,,,,,,,,,,,,,,,,,,,,,,,,,,,,,,,,,,,,,,,,,,,,,,,,,,64208,"<span lang=""EN-GB"">Suppose you are alone at home when you realize today is the last day to pay one of your bills online.<o:p></o:p></span>"
11/4/2018 6:31,11/4/2018 6:38,0,184.157.88.34,100,373,1,11/4/2018 6:38,R_6F0qND2bu07mHRv,,,,,43.48330688,-83.38349915,anonymous,EN,"1,2,4",2,,5,,2,,1,,1,,4,3,,2,,2,2,,2,,4,,2,,2,,2,,,,,,,,,,,,,,,,,,,,,,,,,,,,,,,,,,,,,,,,,,,,,,,,,,,,,,,,,,,,,,,,,,,,,,,,,,,,,,,,,,,,,,,,,,,,,,,,,,,,,,,,,,,,,,,,,,,,,,,,,,,,,,,,,,,,,,,,,,,,,,,,,,,,,,,,,,,,,,,,,,,,,,,,,,,,,,,,,,,,,,,,82105,"<span lang=""EN-GB"">Suppose
     you want to watch some video when
     you are at home with people you are close to (e.g., friends, family
     members)<strong><o:p></o:p></strong></span>"
11/4/2018 6:39,11/4/2018 6:47,0,68.84.141.22,100,450,1,11/4/2018 6:47,R_3L1od7f7YUNeeN5,,,,,38.86129761,-75.40000153,anonymous,EN,"1,2,4",2,,1,,1,,1,,4,,3,1,,3,,3,2,,2,,3,,2,,1,,2,,2,,,,,,,,,,,,,,,,,,,,,,,,,,,,,,2,,1,,1,,1,,1,,1,2,,2,,2,,1,,3,,2,,3,,1,,2,,,,,,,,,,,,,,,,,,,,,,,,,,,,,,,,,,,,,,,,,,,,,,,,,,,,,,,,,,,,,,,,,,,,,,,,,,,,,,,,,,,,,,,,,,,,,,,,,,,,,,,,,,,,,,,,,,,,,,female,53,sales agent,3,1,,3,1671,"<span lang=""EN-GB"">Suppose
     you want to call your mother for sharing an important update about your
     life when you are alone at Starbucks.<o:p></o:p></span>"
11/4/2018 7:05,11/4/2018 7:06,0,24.245.93.74,100,24,1,11/4/2018 7:06,R_1KpZx5t4zvTKTcI,,,,,39.91209412,-89.58769989,anonymous,EN,"1,2",,,,,,,,,,,,,,,,,,,,,,,,,,,,,,,,,,,,,,,,,,,,,,,,,,,,,,,,,,,,,,,,,,,,,,,,,,,,,,,,,,,,,,,,,,,,,,,,,,,,,,,,,,,,,,,,,,,,,,,,,,,,,,,,,,,,,,,,,,,,,,,,,,,,,,,,,,,,,,,,,,,,,,,,,,,,,,,,,,,,,,,,,,,,,,,,,,,,,,,,,,,,,,,,,,,57934,"<span lang=""EN-GB"">Suppose
     you want to a view a text message when you are surrounded by people you
     know (e.g., acquaintances, colleagues) at a restaurant.<o:p></o:p></span>"
11/4/2018 6:54,11/4/2018 7:07,0,68.3.78.53,100,803,1,11/4/2018 7:07,R_Q6O1KgXlbaHvfih,,,,,33.43670654,-111.7731018,anonymous,EN,"2,3,4","2,4,5",,1,,"1,2,3",,1,,1,,3,"1,2,3",,"2,3",,3,"1,2,3",,"1,2,3",,"1,3,4",,"1,2,3",,"1,3",,"1,2",,"2,3",,,,,,,,,,,,,,,,,,,,,,,,,,,,,,"2,5",,5,,"1,3",,1,,1,,1,"1,3",,"2,3",,"2,3",,"1,3",,"1,3,4",,"1,2",,"1,3,4",,5,,2,,4,,3,,"1,2,3",,3,,1,,"2,3","1,2,3",,2,,2,,"1,2,3",,"2,3,4",,"1,2",,"2,3,4",,"2,3",,"1,2",,,,,,,,,,,,,,,,,,,,,,,,,,,,,,,,,,,,,,,,,,,,,,,,,,,,,,,,,,,,,,,,,,,,,,,,,,,,,,,,,,,,,,,,,Male,32,Technician ,2,1,,3,80749,"<span lang=""EN-GB"">Suppose you want to browse through one of your social media profiles when you&nbsp;</span>are at your home."
11/4/2018 7:09,11/4/2018 7:10,0,104.128.136.115,100,27,1,11/4/2018 7:10,R_32LANybxYpTatLm,,,,,47.48890686,-122.3012009,anonymous,EN,"1,2",,,,,,,,,,,,,,,,,,,,,,,,,,,,,,,,,,,,,,,,,,,,,,,,,,,,,,,,,,,,,,,,,,,,,,,,,,,,,,,,,,,,,,,,,,,,,,,,,,,,,,,,,,,,,,,,,,,,,,,,,,,,,,,,,,,,,,,,,,,,,,,,,,,,,,,,,,,,,,,,,,,,,,,,,,,,,,,,,,,,,,,,,,,,,,,,,,,,,,,,,,,,,,,,,,,48369,"<span lang=""EN-GB"">Suppose
     you want to set up a reminder when you are at home with people you are
     close to (e.g., friends, family members).<strong><o:p></o:p></strong></span>"
11/4/2018 7:15,11/4/2018 7:16,0,208.71.221.62,100,40,1,11/4/2018 7:16,R_dhcQY5ELZ3RiaWd,,,,,44.74099731,-103.3914032,anonymous,EN,1,,,,,,,,,,,,,,,,,,,,,,,,,,,,,,,,,,,,,,,,,,,,,,,,,,,,,,,,,,,,,,,,,,,,,,,,,,,,,,,,,,,,,,,,,,,,,,,,,,,,,,,,,,,,,,,,,,,,,,,,,,,,,,,,,,,,,,,,,,,,,,,,,,,,,,,,,,,,,,,,,,,,,,,,,,,,,,,,,,,,,,,,,,,,,,,,,,,,,,,,,,,,,,,,,,,52162,"<span lang=""EN-GB"">Suppose you want to read a digital document when you are at Starbucks with people you know (e.g., acquaintances, colleagues).<o:p></o:p></span>"
10/28/2018 9:02,10/28/2018 9:05,0,104.148.203.227,78,168,0,11/4/2018 8:05,R_x3nEUrpBoMTezdL,,,,,,,anonymous,EN,"1,2,3",,,,,,,,,,,,,,,,,,,,,,,,,,,,,,,,,,,,,,,,,,,,,,,,,,,,,,,,,,,,,,,,,,,,,,,,,,,,,,,,,,,,,,,,,,,,,,,,,,,,,,,,,,,,,,,,,,,,,,,,,,,,,,,,,,,,,,,,,,,,,,,,,,,,,,,,,,,,,,,,,,,,,,,,,,,,,,,,,,,,,,,,,,,,,,,,,,,,,,,,,,,,,,,,,,,78440,"<span lang=""EN-GB"">Suppose you are alone at home, you want to take a break from studying/working&nbsp;</span>so you decide to play an online/digital game with some close friends ."
10/28/2018 9:27,10/28/2018 9:28,0,108.213.140.246,78,30,0,11/4/2018 8:28,R_3PB6jjzFtRFpr93,,,,,,,anonymous,EN,"1,2,3,4",,,,,,,,,,,,,,,,,,,,,,,,,,,,,,,,,,,,,,,,,,,,,,,,,,,,,,,,,,,,,,,,,,,,,,,,,,,,,,,,,,,,,,,,,,,,,,,,,,,,,,,,,,,,,,,,,,,,,,,,,,,,,,,,,,,,,,,,,,,,,,,,,,,,,,,,,,,,,,,,,,,,,,,,,,,,,,,,,,,,,,,,,,,,,,,,,,,,,,,,,,,,,,,,,,,95682,"<span lang=""EN-GB"">Suppose you want to browse the internet when you are with people you know (e.g., acquaintances, colleagues) at a park.<o:p></o:p></span>"
11/4/2018 8:33,11/4/2018 8:33,0,73.79.251.192,100,15,1,11/4/2018 8:33,R_Aze5GkaJFNmSpDX,,,,,40.56159973,-79.71289825,anonymous,EN,"2,4",,,,,,,,,,,,,,,,,,,,,,,,,,,,,,,,,,,,,,,,,,,,,,,,,,,,,,,,,,,,,,,,,,,,,,,,,,,,,,,,,,,,,,,,,,,,,,,,,,,,,,,,,,,,,,,,,,,,,,,,,,,,,,,,,,,,,,,,,,,,,,,,,,,,,,,,,,,,,,,,,,,,,,,,,,,,,,,,,,,,,,,,,,,,,,,,,,,,,,,,,,,,,,,,,,,43017,"Suppose you want to purchase something (e.g., book,
     household items) online when you are with people
     you know (e.g., acquaintances, colleagues) at
     Starbucks.<o:p></o:p>"
11/4/2018 8:33,11/4/2018 8:43,0,107.175.34.162,100,570,1,11/4/2018 8:43,R_2R8R0SPawSRW8L9,,,,,42.88639832,-78.87809753,anonymous,EN,"1,2,3,4,6","1,2",,"1,2",,"2,3",,1,,4,,"2,3","2,3",,"2,3",,3,"2,3,4",,"2,3",,"1,2,3,4",,2,,"2,3",,2,,,,,,,,,,,,,,,,,,,,,,,,,,,,,,,,,,,,,,,,,,,,,,,,,,,,,,,,,,,,,,,,,,,,,,,,,,,,,,,,,,,,,,,,,,,,,,,,,,,,,,,,,,,,,,,,,,,,,,,,,,,,,,,,,,,,,,,,,,,,,,,,,,,,,,,,,,,,,,,,,,,,,,,,,,,,,,,,,,,,,,,,38430,"<span lang=""EN-GB"">Suppose
     you want to listen to some audio when you are with your close friends in a
     park.<o:p></o:p></span>"
11/4/2018 8:50,11/4/2018 8:51,0,172.88.236.101,100,11,1,11/4/2018 8:51,R_3iCQjgExXRVcSIJ,,,,,33.85440063,-117.7857971,anonymous,EN,1,,,,,,,,,,,,,,,,,,,,,,,,,,,,,,,,,,,,,,,,,,,,,,,,,,,,,,,,,,,,,,,,,,,,,,,,,,,,,,,,,,,,,,,,,,,,,,,,,,,,,,,,,,,,,,,,,,,,,,,,,,,,,,,,,,,,,,,,,,,,,,,,,,,,,,,,,,,,,,,,,,,,,,,,,,,,,,,,,,,,,,,,,,,,,,,,,,,,,,,,,,,,,,,,,,,26541,"<span lang=""EN-GB"">Suppose you want to browse through one of your social media profiles when you&nbsp;</span>are at your home."
11/4/2018 9:02,11/4/2018 9:03,0,72.52.125.96,100,44,1,11/4/2018 9:03,R_2sTSd3ysxQJjGYj,,,,,37.75100708,-97.8219986,anonymous,EN,1,,,,,,,,,,,,,,,,,,,,,,,,,,,,,,,,,,,,,,,,,,,,,,,,,,,,,,,,,,,,,,,,,,,,,,,,,,,,,,,,,,,,,,,,,,,,,,,,,,,,,,,,,,,,,,,,,,,,,,,,,,,,,,,,,,,,,,,,,,,,,,,,,,,,,,,,,,,,,,,,,,,,,,,,,,,,,,,,,,,,,,,,,,,,,,,,,,,,,,,,,,,,,,,,,,,41176,"<span lang=""EN-GB"">Suppose you want to read a digital document when you are at a park.<o:p></o:p></span>"
11/4/2018 9:16,11/4/2018 9:25,0,67.233.111.175,100,542,1,11/4/2018 9:25,R_1zu2hWCGMq14Uwh,,,,,38.92680359,-78.17960358,anonymous,EN,"1,2,3","1,2",,1,,1,,1,,1,,1,"1,2",,3,,1,"1,2,3",,2,,6,,"1,2",,"1,2",,1,,,,,,,,,,,,,,,,,,,,,,,,,,,,,,,,,,,,,,,,,,,,,,,,,,,,,,,,,,,,,,,,,,,,,,,,,,,,,,,,,,,,,,,,,,,,,,,,,,,,,,,,,,,,,,,,,,,,,,,,,,,,,,,,,,,,,,,,,,,,,,,,,,,,,,,,,,,,,,,,,,,,,,,,,,,,,,,,,,,,,,,,20052,"<span lang=""EN-GB"">Suppose you are alone at home, you want to take a break from studying/working&nbsp;</span>so you decide to play an online/digital game with some close friends ."
11/4/2018 9:29,11/4/2018 9:41,0,104.136.35.179,100,738,1,11/4/2018 9:41,R_1eKydE4NqE9Q4I6,,,,,28.75770569,-81.35079956,anonymous,EN,"2,3,4","1,2",,1,,"1,2",,1,,3,,2,"1,2",,3,,2,"1,2",,2,,6,,2,,"1,2",,1,,"3,4",,,,,,,,,,,,,,,,,,,,,,,,,,,,,,,,,,,,,,,,,,,,,,,,,,,,,,,,,,,"2,4",,3,,2,,1,,3,,2,2,,2,,2,,"1,2",,"1,2",,2,,2,,2,,1,,"1,2",,3,,1,,1,,3,,2,"1,2",,2,,2,,"2,3",,"1,2",,2,,"1,3",,1,,1,,,,,,,,,,,,,,,,,,,,,,,,,,,,,,,,,,,,,,,,,,,,,,,,,,,,,,,,,,,,,,,,,,,57828,"<span lang=""EN-GB"">Suppose you are alone at home, you want to take a break from studying/working&nbsp;</span>so you decide to play an online/digital game."
10/28/2018 10:44,10/28/2018 10:45,0,67.149.146.6,1,40,0,11/4/2018 9:45,R_2sRdYTxHG9eo8mG,,,,,,,anonymous,EN,,,,,,,,,,,,,,,,,,,,,,,,,,,,,,,,,,,,,,,,,,,,,,,,,,,,,,,,,,,,,,,,,,,,,,,,,,,,,,,,,,,,,,,,,,,,,,,,,,,,,,,,,,,,,,,,,,,,,,,,,,,,,,,,,,,,,,,,,,,,,,,,,,,,,,,,,,,,,,,,,,,,,,,,,,,,,,,,,,,,,,,,,,,,,,,,,,,,,,,,,,,,,,,,,,,,48408,"<span lang=""EN-GB"" style=""font-size:11.0pt;line-height:115%;
font-family:&quot;Arial&quot;,sans-serif;mso-fareast-font-family:Arial;mso-ansi-language:
EN-GB;mso-fareast-language:EN-US;mso-bidi-language:AR-SA"">Suppose you want to a
send an email when you are at Starbucks.</span>"
11/4/2018 9:44,11/4/2018 9:46,0,174.230.131.82,100,103,1,11/4/2018 9:46,R_yyZrH502bOG9Ish,,,,,42.96589661,-85.65270233,anonymous,EN,"1,2,3,5,6",3,,3,,1,,1,,2,,2,2,,2,,3,3,,2,,1,,2,,3,,2,,,,,,,,,,,,,,,,,,,,,,,,,,,,,,,,,,,,,,,,,,,,,,,,,,,,,,,,,,,,,,,,,,,,,,,,,,,,,,,,,,,,,,,,,,,,,,,,,,,,,,,,,,,,,,,,,,,,,,,,,,,,,,,,,,,,,,,,,,,,,,,,,,,,,,,,,,,,,,,,,,,,,,,,,,,,,,,,,,,,,,,,56064,"<span lang=""EN-GB"">Suppose
     you want to listen to some audio when you are alone at Starbucks.<o:p></o:p></span>"
11/4/2018 9:51,11/4/2018 9:52,0,141.158.208.25,100,46,1,11/4/2018 9:52,R_22n8xro5QQena57,,,,,40.23429871,-78.95149994,anonymous,EN,"1,2",,,,,,,,,,,,,,,,,,,,,,,,,,,,,,,,,,,,,,,,,,,,,,,,,,,,,,,,,,,,,,,,,,,,,,,,,,,,,,,,,,,,,,,,,,,,,,,,,,,,,,,,,,,,,,,,,,,,,,,,,,,,,,,,,,,,,,,,,,,,,,,,,,,,,,,,,,,,,,,,,,,,,,,,,,,,,,,,,,,,,,,,,,,,,,,,,,,,,,,,,,,,,,,,,,,23851,"<span lang=""EN-GB"" style=""font-size:11.0pt;line-height:115%;
font-family:&quot;Arial&quot;,sans-serif;mso-fareast-font-family:Arial;mso-ansi-language:
EN-GB;mso-fareast-language:EN-US;mso-bidi-language:AR-SA"">Suppose you want to a
send an email when you are alone at home</span>"
11/4/2018 7:21,11/4/2018 9:53,0,174.220.15.98,100,9085,1,11/4/2018 9:53,R_BYf7lwli7A9FqyR,,,,,43.04170227,-76.28070068,anonymous,EN,"1,2,3,4,5,6",2,,1,,"1,2,3",,1,,1,,1,"1,2",,5,,1,"1,2",,"1,2",,"2,3,4",,"1,2",,1,,4,,"1,3,5","2,3,4",,5,,"1,2",,3,,1,,"1,2",5,,5,,5,,"2,3",,"2,3",,5,,"2,3",,5,,4,,,,,,,,,,,,,,,,,,,,,,,,,,,,,,,4,,5,,"1,3",,3,,1,,1,3,,2,,2,,"1,2,3",,"2,3",,2,,"2,3",,5,,4,,,,,,,,,,,,,,,,,,,,,,,,,,,,,,,1,,5,,"2,4",,1,,3,,"1,2",5,,"1,2",,"1,2",,"2,3",,2,,"1,3",,2,,5,,4,,,,,,,,,,,,,,,,,,,,,,,,,,,,,,,Female,23,Student,3,1,,3,55418,"<span lang=""EN-GB"">Suppose
     you want to listen to some audio when you are with people you know (e.g.,
     acquaintances, colleagues) at your home.<o:p></o:p></span>"
11/4/2018 9:58,11/4/2018 9:59,0,100.36.87.169,100,20,1,11/4/2018 9:59,R_3E9JeC33IQcyNST,,,,,39.10769653,-76.87200165,anonymous,EN,"2,3",,,,,,,,,,,,,,,,,,,,,,,,,,,,,,,,,,,,,,,,,,,,,,,,,,,,,,,,,,,,,,,,,,,,,,,,,,,,,,,,,,,,,,,,,,,,,,,,,,,,,,,,,,,,,,,,,,,,,,,,,,,,,,,,,,,,,,,,,,,,,,,,,,,,,,,,,,,,,,,,,,,,,,,,,,,,,,,,,,,,,,,,,,,,,,,,,,,,,,,,,,,,,,,,,,,8334,"<span lang=""EN-GB"">Suppose you want to set up a reminder about something when you are at Starbucks with close friends.<o:p></o:p></span>"
11/4/2018 10:00,11/4/2018 10:00,0,99.12.198.92,100,31,1,11/4/2018 10:00,R_2tKC5nKhIHiGYR9,,,,,30.36489868,-97.68270111,anonymous,EN,"1,2",,,,,,,,,,,,,,,,,,,,,,,,,,,,,,,,,,,,,,,,,,,,,,,,,,,,,,,,,,,,,,,,,,,,,,,,,,,,,,,,,,,,,,,,,,,,,,,,,,,,,,,,,,,,,,,,,,,,,,,,,,,,,,,,,,,,,,,,,,,,,,,,,,,,,,,,,,,,,,,,,,,,,,,,,,,,,,,,,,,,,,,,,,,,,,,,,,,,,,,,,,,,,,,,,,,48822,"<span lang=""EN-GB"">Suppose
     you want to listen to some audio when you are with people you know (e.g.,
     acquaintances, colleagues) in a park.<o:p></o:p></span>


<p><span lang=""EN-GB"" style=""color:red"">&nbsp;</span></p>"
11/4/2018 9:55,11/4/2018 10:11,0,174.220.15.98,100,1000,1,11/4/2018 10:11,R_r2M9Y36FkimLS1z,,,,,43.04170227,-76.28070068,anonymous,EN,"1,2,3,4","2,5",,1,,6,,1,,1,,1,5,,5,,1,"2,3",,"1,2",,"2,3",,"1,2",,1,,4,,2,,,,,,,,,,,,,,,,,,,,,,,,,,,,,,"1,2",,5,,6,,1,,1,,1,5,,5,,5,,3,,3,,2,,3,,"1,2",,4,,,,,,,,,,,,,,,,,,,,,,,,,,,,,,,,,,,,,,,,,,,,,,,,,,,,,,,,,,,,,,,,,,,,,,,,,,,,,,,,,,,,,,,,,,,,,,,,,,,,,,,,,,,,,,,,,,,,,,Female,20,Student,3,1,,3,24639,"<span lang=""EN-GB"">Suppose
     you want to a view a text message when you are surrounded by people you
     know (e.g., acquaintances, colleagues) at your home.<o:p></o:p></span>"
11/4/2018 10:19,11/4/2018 10:19,0,99.125.163.59,100,38,1,11/4/2018 10:19,R_4In5UCv79ZkhYvn,,,,,41.80220032,-87.6006012,anonymous,EN,1,,,,,,,,,,,,,,,,,,,,,,,,,,,,,,,,,,,,,,,,,,,,,,,,,,,,,,,,,,,,,,,,,,,,,,,,,,,,,,,,,,,,,,,,,,,,,,,,,,,,,,,,,,,,,,,,,,,,,,,,,,,,,,,,,,,,,,,,,,,,,,,,,,,,,,,,,,,,,,,,,,,,,,,,,,,,,,,,,,,,,,,,,,,,,,,,,,,,,,,,,,,,,,,,,,,89482,"<span lang=""EN-GB"">Suppose you have planned to meet a friend next week and you want to put this on your calendar when you are with a very close friend at a restaurant&nbsp;<o:p></o:p></span>"
11/4/2018 10:21,11/4/2018 10:21,0,167.102.191.18,100,8,1,11/4/2018 10:21,R_cZpO0EZtjhaAY3n,,,,,39.21409607,-76.87879944,anonymous,EN,"1,2",,,,,,,,,,,,,,,,,,,,,,,,,,,,,,,,,,,,,,,,,,,,,,,,,,,,,,,,,,,,,,,,,,,,,,,,,,,,,,,,,,,,,,,,,,,,,,,,,,,,,,,,,,,,,,,,,,,,,,,,,,,,,,,,,,,,,,,,,,,,,,,,,,,,,,,,,,,,,,,,,,,,,,,,,,,,,,,,,,,,,,,,,,,,,,,,,,,,,,,,,,,,,,,,,,,70354,"<span lang=""EN-GB"" style=""font-size:11.0pt;line-height:115%;
font-family:&quot;Arial&quot;,sans-serif;mso-fareast-font-family:Arial;mso-ansi-language:
EN-GB;mso-fareast-language:EN-US;mso-bidi-language:AR-SA"">Suppose you want to
take a click a photo when you are at Starbucks.</span>"
11/4/2018 10:21,11/4/2018 10:21,0,99.125.163.59,100,15,1,11/4/2018 10:21,R_2aaz8jro99Ci965,,,,,41.80220032,-87.6006012,anonymous,EN,4,,,,,,,,,,,,,,,,,,,,,,,,,,,,,,,,,,,,,,,,,,,,,,,,,,,,,,,,,,,,,,,,,,,,,,,,,,,,,,,,,,,,,,,,,,,,,,,,,,,,,,,,,,,,,,,,,,,,,,,,,,,,,,,,,,,,,,,,,,,,,,,,,,,,,,,,,,,,,,,,,,,,,,,,,,,,,,,,,,,,,,,,,,,,,,,,,,,,,,,,,,,,,,,,,,,66985,"<span lang=""EN-GB"">Suppose you want to browse the internet when you are alone at a restaurant.<o:p></o:p></span>"
10/28/2018 11:24,10/28/2018 11:25,0,47.203.54.234,78,29,0,11/4/2018 10:25,R_1dM34zTl4TmQg3a,,,,,,,anonymous,EN,"1,2,3,4",,,,,,,,,,,,,,,,,,,,,,,,,,,,,,,,,,,,,,,,,,,,,,,,,,,,,,,,,,,,,,,,,,,,,,,,,,,,,,,,,,,,,,,,,,,,,,,,,,,,,,,,,,,,,,,,,,,,,,,,,,,,,,,,,,,,,,,,,,,,,,,,,,,,,,,,,,,,,,,,,,,,,,,,,,,,,,,,,,,,,,,,,,,,,,,,,,,,,,,,,,,,,,,,,,,17095,"<span lang=""EN-GB"">Suppose
     you want to purchase something online when you are with people you know
     (e.g., acquaintances, colleagues) at your home.<o:p></o:p></span>"
10/28/2018 11:26,10/28/2018 11:26,0,73.19.183.23,78,26,0,11/4/2018 10:27,R_11jPZItnHEw7TkA,,,,,,,anonymous,EN,"1,2,3,5",,,,,,,,,,,,,,,,,,,,,,,,,,,,,,,,,,,,,,,,,,,,,,,,,,,,,,,,,,,,,,,,,,,,,,,,,,,,,,,,,,,,,,,,,,,,,,,,,,,,,,,,,,,,,,,,,,,,,,,,,,,,,,,,,,,,,,,,,,,,,,,,,,,,,,,,,,,,,,,,,,,,,,,,,,,,,,,,,,,,,,,,,,,,,,,,,,,,,,,,,,,,,,,,,,,90208,"<span lang=""EN-GB"">Suppose
     you have planned to meet a friend next week and you want put this on your
     calendar when you are alone at home<strong><o:p></o:p></strong></span>"
11/4/2018 10:28,11/4/2018 10:29,0,96.81.56.51,100,13,1,11/4/2018 10:29,R_cwmU7O0OPzZOYV3,,,,,39.8421936,-105.1097031,anonymous,EN,1,,,,,,,,,,,,,,,,,,,,,,,,,,,,,,,,,,,,,,,,,,,,,,,,,,,,,,,,,,,,,,,,,,,,,,,,,,,,,,,,,,,,,,,,,,,,,,,,,,,,,,,,,,,,,,,,,,,,,,,,,,,,,,,,,,,,,,,,,,,,,,,,,,,,,,,,,,,,,,,,,,,,,,,,,,,,,,,,,,,,,,,,,,,,,,,,,,,,,,,,,,,,,,,,,,,55652,"<span lang=""EN-GB"">Suppose you want to a view a text message when you are alone at a street.<o:p></o:p></span>"
10/28/2018 11:49,10/28/2018 11:49,0,216.82.131.158,1,17,0,11/4/2018 10:50,R_s6SpdPbfqmlpA4h,,,,,,,anonymous,EN,,,,,,,,,,,,,,,,,,,,,,,,,,,,,,,,,,,,,,,,,,,,,,,,,,,,,,,,,,,,,,,,,,,,,,,,,,,,,,,,,,,,,,,,,,,,,,,,,,,,,,,,,,,,,,,,,,,,,,,,,,,,,,,,,,,,,,,,,,,,,,,,,,,,,,,,,,,,,,,,,,,,,,,,,,,,,,,,,,,,,,,,,,,,,,,,,,,,,,,,,,,,,,,,,,,,24050,"<span lang=""EN-GB"">Suppose you want to find a route to home while walking on a street.<o:p></o:p></span>"
10/28/2018 12:14,10/28/2018 12:16,0,104.177.68.16,78,89,0,11/4/2018 11:16,R_2TtwlIWbHNpy2th,,,,,,,anonymous,EN,"1,2,4",,,,,,,,,,,,,,,,,,,,,,,,,,,,,,,,,,,,,,,,,,,,,,,,,,,,,,,,,,,,,,,,,,,,,,,,,,,,,,,,,,,,,,,,,,,,,,,,,,,,,,,,,,,,,,,,,,,,,,,,,,,,,,,,,,,,,,,,,,,,,,,,,,,,,,,,,,,,,,,,,,,,,,,,,,,,,,,,,,,,,,,,,,,,,,,,,,,,,,,,,,,,,,,,,,,88776,"<span lang=""EN-GB"">Suppose you are on a short vacation and you want to take a picture in front&nbsp;</span>of an iconic monument when you are surrounded by many people."
10/28/2018 12:20,10/28/2018 12:20,0,38.77.0.126,78,24,0,11/4/2018 11:20,R_1OIw3Kv5UcYzDPg,,,,,,,anonymous,EN,"1,2,3,4",,,,,,,,,,,,,,,,,,,,,,,,,,,,,,,,,,,,,,,,,,,,,,,,,,,,,,,,,,,,,,,,,,,,,,,,,,,,,,,,,,,,,,,,,,,,,,,,,,,,,,,,,,,,,,,,,,,,,,,,,,,,,,,,,,,,,,,,,,,,,,,,,,,,,,,,,,,,,,,,,,,,,,,,,,,,,,,,,,,,,,,,,,,,,,,,,,,,,,,,,,,,,,,,,,,69717,"<span lang=""EN-GB"">Suppose
     you want to a view a text message
     when you are walking with a very close friend on a street<o:p></o:p></span>"
10/28/2018 12:23,10/28/2018 12:24,0,204.115.220.66,78,25,0,11/4/2018 11:24,R_1eV7MWNjbd5KXAU,,,,,,,anonymous,EN,"1,2,4,6",,,,,,,,,,,,,,,,,,,,,,,,,,,,,,,,,,,,,,,,,,,,,,,,,,,,,,,,,,,,,,,,,,,,,,,,,,,,,,,,,,,,,,,,,,,,,,,,,,,,,,,,,,,,,,,,,,,,,,,,,,,,,,,,,,,,,,,,,,,,,,,,,,,,,,,,,,,,,,,,,,,,,,,,,,,,,,,,,,,,,,,,,,,,,,,,,,,,,,,,,,,,,,,,,,,99118,"<span lang=""EN-GB"">Suppose
     you want to set up a reminder when you are at home with people you are
     close to (e.g., friends, family members).<strong><o:p></o:p></strong></span>"
11/3/2018 13:00,11/4/2018 11:36,0,71.176.70.228,100,84983,1,11/4/2018 11:36,R_2dF35pPnqhVZBiS,,,,,43.03540039,-76.12819672,anonymous,EN,"1,2,3,4,5,6",2,,1,,2,,3,,1,,1,5,,5,,1,1,,2,,3,,2,,1,,1,,"1,3,4","1,4",,1,,1,,3,,1,,1,2,,2,,2,,2,,"2,3",,2,,"2,3",,1,,1,,,,,,,,,,,,,,,,,,,,,,,,,,,,,,,4,,1,,2,,3,,1,,1,1,,1,,1,,"1,3",,"2,3",,2,,"2,3",,1,,"1,2",,"2,3",,5,,1,,3,,1,,1,2,,5,,5,,"1,2",,"2,3",,"1,2",,"2,3",,5,,4,,,,,,,,,,,,,,,,,,,,,,,,,,,,,,,,,,,,,,,,,,,,,,,,,,,,,,,,,,,,male,40,teacher,4,2,,3,94382,"<span lang=""EN-GB"">Suppose you want to watch some video when you are alone at your home.<strong><o:p></o:p></strong></span>"
11/4/2018 11:38,11/4/2018 11:38,0,50.126.109.57,100,13,1,11/4/2018 11:38,R_2Vs6dJwGX7FXbDu,,,,,45.49839783,-122.9570007,anonymous,EN,3,,,,,,,,,,,,,,,,,,,,,,,,,,,,,,,,,,,,,,,,,,,,,,,,,,,,,,,,,,,,,,,,,,,,,,,,,,,,,,,,,,,,,,,,,,,,,,,,,,,,,,,,,,,,,,,,,,,,,,,,,,,,,,,,,,,,,,,,,,,,,,,,,,,,,,,,,,,,,,,,,,,,,,,,,,,,,,,,,,,,,,,,,,,,,,,,,,,,,,,,,,,,,,,,,,,35304,"<span lang=""EN-GB"">Suppose
     you want to set up a reminder about something when you are at Starbucks by
     yourself.<o:p></o:p></span>"
11/4/2018 11:38,11/4/2018 11:38,0,107.175.34.162,100,15,1,11/4/2018 11:38,R_2rDfOIINtDKkfCu,,,,,42.88639832,-78.87809753,anonymous,EN,3,,,,,,,,,,,,,,,,,,,,,,,,,,,,,,,,,,,,,,,,,,,,,,,,,,,,,,,,,,,,,,,,,,,,,,,,,,,,,,,,,,,,,,,,,,,,,,,,,,,,,,,,,,,,,,,,,,,,,,,,,,,,,,,,,,,,,,,,,,,,,,,,,,,,,,,,,,,,,,,,,,,,,,,,,,,,,,,,,,,,,,,,,,,,,,,,,,,,,,,,,,,,,,,,,,,72703,"<span lang=""EN-GB"">Suppose
     you want to purchase something online when you are with people you know
     (e.g., acquaintances, colleagues) at your home.<o:p></o:p></span>"
11/4/2018 11:39,11/4/2018 11:39,0,192.3.124.46,100,12,1,11/4/2018 11:39,R_3hhjy9WwHZR4Cmf,,,,,42.88639832,-78.87809753,anonymous,EN,6,,,,,,,,,,,,,,,,,,,,,,,,,,,,,,,,,,,,,,,,,,,,,,,,,,,,,,,,,,,,,,,,,,,,,,,,,,,,,,,,,,,,,,,,,,,,,,,,,,,,,,,,,,,,,,,,,,,,,,,,,,,,,,,,,,,,,,,,,,,,,,,,,,,,,,,,,,,,,,,,,,,,,,,,,,,,,,,,,,,,,,,,,,,,,,,,,,,,,,,,,,,,,,,,,,,10497,"<span lang=""EN-GB"">Suppose you are at sitting at Starbucks and you want to play a digital/online&nbsp;</span>game."
11/4/2018 11:38,11/4/2018 11:39,0,76.177.91.35,100,91,1,11/4/2018 11:39,R_Q4CYVJiWmWAsbrb,,,,,38.05479431,-83.938797,anonymous,EN,"1,2,4,6","1,3,5",,"2,3",,"3,4",,3,,"1,4",,4,1,,1,,2,"2,4",,1,,3,,"1,3",,2,,1,,,,,,,,,,,,,,,,,,,,,,,,,,,,,,,,,,,,,,,,,,,,,,,,,,,,,,,,,,,,,,,,,,,,,,,,,,,,,,,,,,,,,,,,,,,,,,,,,,,,,,,,,,,,,,,,,,,,,,,,,,,,,,,,,,,,,,,,,,,,,,,,,,,,,,,,,,,,,,,,,,,,,,,,,,,,,,,,,,,,,,,,457,"<span lang=""EN-GB"">Suppose
     you want to a send a text message when you are with a very close friend at
     a restaurant&nbsp;<o:p></o:p></span>"
11/4/2018 11:40,11/4/2018 11:40,0,198.12.82.237,100,8,1,11/4/2018 11:40,R_3dG4yNQzLyuuYgV,,,,,42.88639832,-78.87809753,anonymous,EN,1,,,,,,,,,,,,,,,,,,,,,,,,,,,,,,,,,,,,,,,,,,,,,,,,,,,,,,,,,,,,,,,,,,,,,,,,,,,,,,,,,,,,,,,,,,,,,,,,,,,,,,,,,,,,,,,,,,,,,,,,,,,,,,,,,,,,,,,,,,,,,,,,,,,,,,,,,,,,,,,,,,,,,,,,,,,,,,,,,,,,,,,,,,,,,,,,,,,,,,,,,,,,,,,,,,,58363,"<span lang=""EN-GB"">Suppose
     you want to set up a reminder when you are alone at your home.<strong><o:p></o:p></strong></span>"
11/4/2018 11:38,11/4/2018 11:40,0,107.175.34.162,100,86,1,11/4/2018 11:40,R_27soJXqfcz9fMU5,,,,,42.88639832,-78.87809753,anonymous,EN,"1,2,3,4,5,6",3,,2,,1,,1,,3,,1,2,,2,,3,3,,1,,2,,2,,2,,2,,,,,,,,,,,,,,,,,,,,,,,,,,,,,,,,,,,,,,,,,,,,,,,,,,,,,,,,,,,,,,,,,,,,,,,,,,,,,,,,,,,,,,,,,,,,,,,,,,,,,,,,,,,,,,,,,,,,,,,,,,,,,,,,,,,,,,,,,,,,,,,,,,,,,,,,,,,,,,,,,,,,,,,,,,,,,,,,,,,,,,,,66690,"<span lang=""EN-GB"">Suppose you want to call your mother for sharing an important
     update about your life&nbsp; when you
     with people you know (e.g., acquaintances, colleagues) at a park<o:p></o:p></span>"
11/4/2018 11:39,11/4/2018 11:40,0,107.174.250.179,100,34,1,11/4/2018 11:40,R_xAcmsES85WDGbp7,,,,,42.88639832,-78.87809753,anonymous,EN,3,,,,,,,,,,,,,,,,,,,,,,,,,,,,,,,,,,,,,,,,,,,,,,,,,,,,,,,,,,,,,,,,,,,,,,,,,,,,,,,,,,,,,,,,,,,,,,,,,,,,,,,,,,,,,,,,,,,,,,,,,,,,,,,,,,,,,,,,,,,,,,,,,,,,,,,,,,,,,,,,,,,,,,,,,,,,,,,,,,,,,,,,,,,,,,,,,,,,,,,,,,,,,,,,,,,53429,"<span lang=""EN-GB"">Suppose
     you want to purchase something online when you are with people you are
     close to (e.g., friends, family members) at home.<o:p></o:p></span>"
11/4/2018 11:39,11/4/2018 11:40,0,206.214.67.92,100,34,1,11/4/2018 11:40,R_1OW7i423SvkI9Qb,,,,,36.12339783,-115.1428986,anonymous,EN,3,,,,,,,,,,,,,,,,,,,,,,,,,,,,,,,,,,,,,,,,,,,,,,,,,,,,,,,,,,,,,,,,,,,,,,,,,,,,,,,,,,,,,,,,,,,,,,,,,,,,,,,,,,,,,,,,,,,,,,,,,,,,,,,,,,,,,,,,,,,,,,,,,,,,,,,,,,,,,,,,,,,,,,,,,,,,,,,,,,,,,,,,,,,,,,,,,,,,,,,,,,,,,,,,,,,83355,"<span lang=""EN-GB"">Suppose
     you want to take a click a photo when you are alone at home.<o:p></o:p></span>"
11/4/2018 11:40,11/4/2018 11:40,0,198.12.82.237,100,10,1,11/4/2018 11:40,R_1lobkq4QXlnVmBB,,,,,42.88639832,-78.87809753,anonymous,EN,1,,,,,,,,,,,,,,,,,,,,,,,,,,,,,,,,,,,,,,,,,,,,,,,,,,,,,,,,,,,,,,,,,,,,,,,,,,,,,,,,,,,,,,,,,,,,,,,,,,,,,,,,,,,,,,,,,,,,,,,,,,,,,,,,,,,,,,,,,,,,,,,,,,,,,,,,,,,,,,,,,,,,,,,,,,,,,,,,,,,,,,,,,,,,,,,,,,,,,,,,,,,,,,,,,,,21600,"<span lang=""EN-GB"">Suppose you want to find a route to home while walking on a street.<o:p></o:p></span>"
11/4/2018 11:40,11/4/2018 11:40,0,206.214.67.92,100,15,1,11/4/2018 11:40,R_2QgIPHFD2yWfsQO,,,,,36.12339783,-115.1428986,anonymous,EN,1,,,,,,,,,,,,,,,,,,,,,,,,,,,,,,,,,,,,,,,,,,,,,,,,,,,,,,,,,,,,,,,,,,,,,,,,,,,,,,,,,,,,,,,,,,,,,,,,,,,,,,,,,,,,,,,,,,,,,,,,,,,,,,,,,,,,,,,,,,,,,,,,,,,,,,,,,,,,,,,,,,,,,,,,,,,,,,,,,,,,,,,,,,,,,,,,,,,,,,,,,,,,,,,,,,,15144,"<span lang=""EN-GB"">Suppose you have planned to meet a friend next week and you want to put this on your calendar when you are with a very close friend at a park.&nbsp;<o:p></o:p></span>"
11/4/2018 11:40,11/4/2018 11:41,0,206.214.67.92,100,8,1,11/4/2018 11:41,R_8IxD8glxcXBHhBf,,,,,36.12339783,-115.1428986,anonymous,EN,"2,3",,,,,,,,,,,,,,,,,,,,,,,,,,,,,,,,,,,,,,,,,,,,,,,,,,,,,,,,,,,,,,,,,,,,,,,,,,,,,,,,,,,,,,,,,,,,,,,,,,,,,,,,,,,,,,,,,,,,,,,,,,,,,,,,,,,,,,,,,,,,,,,,,,,,,,,,,,,,,,,,,,,,,,,,,,,,,,,,,,,,,,,,,,,,,,,,,,,,,,,,,,,,,,,,,,,69945,"<span lang=""EN-GB"">Suppose you want to set up a reminder when you are at a park with close friends.<o:p></o:p></span>"
11/4/2018 11:40,11/4/2018 11:41,0,107.174.250.179,100,17,1,11/4/2018 11:41,R_3Nx3XULPZCB1qzO,,,,,42.88639832,-78.87809753,anonymous,EN,"1,6",,,,,,,,,,,,,,,,,,,,,,,,,,,,,,,,,,,,,,,,,,,,,,,,,,,,,,,,,,,,,,,,,,,,,,,,,,,,,,,,,,,,,,,,,,,,,,,,,,,,,,,,,,,,,,,,,,,,,,,,,,,,,,,,,,,,,,,,,,,,,,,,,,,,,,,,,,,,,,,,,,,,,,,,,,,,,,,,,,,,,,,,,,,,,,,,,,,,,,,,,,,,,,,,,,,4533,"<span lang=""EN-GB"">Suppose you want to watch some video when you are alone in a park.<o:p></o:p></span>"
11/4/2018 11:38,11/4/2018 11:41,0,131.212.249.109,100,201,1,11/4/2018 11:41,R_3ew3W2AKgck7abi,,,,,44.97790527,-93.21990204,anonymous,EN,"1,2,6","2,5",,1,,6,,3,,1,,4,5,,2,,4,6,,2,,3,,5,,1,,4,,,,,,,,,,,,,,,,,,,,,,,,,,,,,,,,,,,,,,,,,,,,,,,,,,,,,,,,,,,,,,,,,,,,,,,,,,,,,,,,,,,,,,,,,,,,,,,,,,,,,,,,,,,,,,,,,,,,,,,,,,,,,,,,,,,,,,,,,,,,,,,,,,,,,,,,,,,,,,,,,,,,,,,,,,,,,,,,,,,,,,,,16659,"<span lang=""EN-GB"">Suppose you want to browse the internet when you are with people you know (e.g., acquaintances, colleagues) at a restaurant.<o:p></o:p></span>"
11/4/2018 11:40,11/4/2018 11:42,0,198.12.82.237,100,106,1,11/4/2018 11:42,R_1CmaiNQqVvRijoo,,,,,42.88639832,-78.87809753,anonymous,EN,"1,2,3,5,6","2,3",,3,,"1,2,3",,1,,"3,4",,"1,3","1,2",,"1,2,3",,"2,3","1,4",,2,,"1,2,3",,"1,2",,"1,3",,2,,,,,,,,,,,,,,,,,,,,,,,,,,,,,,,,,,,,,,,,,,,,,,,,,,,,,,,,,,,,,,,,,,,,,,,,,,,,,,,,,,,,,,,,,,,,,,,,,,,,,,,,,,,,,,,,,,,,,,,,,,,,,,,,,,,,,,,,,,,,,,,,,,,,,,,,,,,,,,,,,,,,,,,,,,,,,,,,,,,,,,,,2107,"<span lang=""EN-GB"">Suppose
     you want to watch some video when
     you are at home with people you are close to (e.g., friends, family
     members)<strong><o:p></o:p></strong></span>"
11/4/2018 11:38,11/4/2018 11:42,0,104.143.209.100,100,284,1,11/4/2018 11:42,R_8jkmJERdSdszzQR,,,,,40.76069641,-74.1882019,anonymous,EN,"1,2,4","1,3",,2,,3,,1,,4,,"2,3","2,3",,3,,3,"2,4",,2,,1,,2,,2,,2,,,,,,,,,,,,,,,,,,,,,,,,,,,,,,,,,,,,,,,,,,,,,,,,,,,,,,,,,,,,,,,,,,,,,,,,,,,,,,,,,,,,,,,,,,,,,,,,,,,,,,,,,,,,,,,,,,,,,,,,,,,,,,,,,,,,,,,,,,,,,,,,,,,,,,,,,,,,,,,,,,,,,,,,,,,,,,,,,,,,,,,,54649,"<span lang=""EN-GB"">Suppose you are on a short vacation alone and you want to take a picture in front&nbsp;</span>of an iconic monument."
11/4/2018 11:41,11/4/2018 11:43,0,206.214.67.92,100,150,1,11/4/2018 11:43,R_10PpmpIAx3TqjmQ,,,,,36.12339783,-115.1428986,anonymous,EN,"1,3,6",3,,3,,3,,3,,4,,3,1,,2,,2,3,,2,,3,,3,,2,,2,,,,,,,,,,,,,,,,,,,,,,,,,,,,,,,,,,,,,,,,,,,,,,,,,,,,,,,,,,,,,,,,,,,,,,,,,,,,,,,,,,,,,,,,,,,,,,,,,,,,,,,,,,,,,,,,,,,,,,,,,,,,,,,,,,,,,,,,,,,,,,,,,,,,,,,,,,,,,,,,,,,,,,,,,,,,,,,,,,,,,,,,82354,"<span lang=""EN-GB"">Suppose
     you want to listen to some audio when you are alone at your home.<strong><o:p></o:p></strong></span>"
11/4/2018 11:43,11/4/2018 11:44,0,98.127.106.159,100,16,1,11/4/2018 11:44,R_30c9a9jG27MuNSm,,,,,39.07829285,-108.5457001,anonymous,EN,"2,3",,,,,,,,,,,,,,,,,,,,,,,,,,,,,,,,,,,,,,,,,,,,,,,,,,,,,,,,,,,,,,,,,,,,,,,,,,,,,,,,,,,,,,,,,,,,,,,,,,,,,,,,,,,,,,,,,,,,,,,,,,,,,,,,,,,,,,,,,,,,,,,,,,,,,,,,,,,,,,,,,,,,,,,,,,,,,,,,,,,,,,,,,,,,,,,,,,,,,,,,,,,,,,,,,,,16941,"<span lang=""EN-GB"">Suppose you want to find a route to home while walking on a street with people you know (e.g., acquaintances, colleagues).<o:p></o:p></span>"
11/4/2018 11:41,11/4/2018 11:44,0,107.174.250.179,100,210,1,11/4/2018 11:44,R_2X5LbkKq61iXcXx,,,,,42.88639832,-78.87809753,anonymous,EN,"1,3,6",3,,3,,3,,1,,4,,2,2,,3,,3,2,,2,,3,,2,,2,,2,,,,,,,,,,,,,,,,,,,,,,,,,,,,,,,,,,,,,,,,,,,,,,,,,,,,,,,,,,,,,,,,,,,,,,,,,,,,,,,,,,,,,,,,,,,,,,,,,,,,,,,,,,,,,,,,,,,,,,,,,,,,,,,,,,,,,,,,,,,,,,,,,,,,,,,,,,,,,,,,,,,,,,,,,,,,,,,,,,,,,,,,49391,"<span lang=""EN-GB"">Suppose you want to control some devices/appliances (e.g., smart lights) when you are alone at home.<o:p></o:p></span>"
11/4/2018 11:39,11/4/2018 11:44,0,192.3.124.46,100,333,1,11/4/2018 11:44,R_3kbKmy4uCuOe885,,,,,42.88639832,-78.87809753,anonymous,EN,"1,2,3",4,,2,,4,,1,,2,,2,1,,2,,2,3,,2,,3,,1,,2,,1,,,,,,,,,,,,,,,,,,,,,,,,,,,,,,,,,,,,,,,,,,,,,,,,,,,,,,,,,,,,,,,,,,,,,,,,,,,,,,,,,,,,,,,,,,,,,,,,,,,,,,,,,,,,,,,,,,,,,,,,,,,,,,,,,,,,,,,,,,,,,,,,,,,,,,,,,,,,,,,,,,,,,,,,,,,,,,,,,,,,,,,,54239,"<span lang=""EN-GB"">Suppose you are alone at home when you realize today is the last day to pay one of your bills online.<o:p></o:p></span>"
11/4/2018 11:44,11/4/2018 11:45,0,72.52.112.52,100,59,1,11/4/2018 11:45,R_1F9yNEnLYPS1pQW,,,,,37.75100708,-97.8219986,anonymous,EN,"1,2",,,,,,,,,,,,,,,,,,,,,,,,,,,,,,,,,,,,,,,,,,,,,,,,,,,,,,,,,,,,,,,,,,,,,,,,,,,,,,,,,,,,,,,,,,,,,,,,,,,,,,,,,,,,,,,,,,,,,,,,,,,,,,,,,,,,,,,,,,,,,,,,,,,,,,,,,,,,,,,,,,,,,,,,,,,,,,,,,,,,,,,,,,,,,,,,,,,,,,,,,,,,,,,,,,,12700,"Suppose
     you want to call your mother for sharing an important update about your
     life when you are surrounded by people you
     know (e.g., acquaintances, colleagues) at a restaurant.<o:p></o:p>"
11/4/2018 11:47,11/4/2018 11:47,0,68.231.78.254,100,13,1,11/4/2018 11:47,R_2rIrPVb2fyDLZwn,,,,,33.62379456,-112.0044022,anonymous,EN,"2,3",,,,,,,,,,,,,,,,,,,,,,,,,,,,,,,,,,,,,,,,,,,,,,,,,,,,,,,,,,,,,,,,,,,,,,,,,,,,,,,,,,,,,,,,,,,,,,,,,,,,,,,,,,,,,,,,,,,,,,,,,,,,,,,,,,,,,,,,,,,,,,,,,,,,,,,,,,,,,,,,,,,,,,,,,,,,,,,,,,,,,,,,,,,,,,,,,,,,,,,,,,,,,,,,,,,39336,"<span lang=""EN-GB"">Suppose
     you want to set up a reminder about something when you are with people you
     know (e.g., acquaintances, colleagues) at Starbucks.<o:p></o:p></span>"
11/4/2018 11:43,11/4/2018 11:48,0,73.91.228.135,100,299,1,11/4/2018 11:48,R_1lnMxjoKR4sy1bt,,,,,32.28320313,-90.23059845,anonymous,EN,"1,2,3,4",2,,1,,1,,3,,1,,4,"1,2",,5,,2,2,,2,,"1,3,4",,2,,"1,2,3",,2,,,,,,,,,,,,,,,,,,,,,,,,,,,,,,,,,,,,,,,,,,,,,,,,,,,,,,,,,,,,,,,,,,,,,,,,,,,,,,,,,,,,,,,,,,,,,,,,,,,,,,,,,,,,,,,,,,,,,,,,,,,,,,,,,,,,,,,,,,,,,,,,,,,,,,,,,,,,,,,,,,,,,,,,,,,,,,,,,,,,,,,,78529,"<span lang=""EN-GB"">Suppose you are at sitting at Starbucks and you want to play a digital/online&nbsp;</span>game with some close friends."
11/4/2018 11:48,11/4/2018 11:48,0,174.86.49.1,100,47,1,11/4/2018 11:48,R_27wD1Qwn1tTPdrh,,,,,37.84979248,-90.4885025,anonymous,EN,"3,4",,,,,,,,,,,,,,,,,,,,,,,,,,,,,,,,,,,,,,,,,,,,,,,,,,,,,,,,,,,,,,,,,,,,,,,,,,,,,,,,,,,,,,,,,,,,,,,,,,,,,,,,,,,,,,,,,,,,,,,,,,,,,,,,,,,,,,,,,,,,,,,,,,,,,,,,,,,,,,,,,,,,,,,,,,,,,,,,,,,,,,,,,,,,,,,,,,,,,,,,,,,,,,,,,,,36540,"<span lang=""EN-GB"">Suppose you are at a park with some people you know (e.g., acquaintances, colleagues) when you realize that you have to immediately pay one of your bills online.<o:p></o:p></span>"
11/4/2018 11:37,11/4/2018 11:50,0,71.176.70.228,100,745,1,11/4/2018 11:50,R_1pGWDEO39ixKlk8,,,,,43.03540039,-76.12819672,anonymous,EN,"1,2,3,4","1,2,3,4",,1,,"1,2",,3,,1,,1,"1,3",,"2,3",,1,"1,3",,"1,2",,3,,"1,2",,5,,4,,2,,,,,,,,,,,,,,,,,,,,,,,,,,,,,,"1,2",,1,,"1,3",,1,,1,,1,"1,3",,"2,3",,"2,3",,"1,2,3",,"2,3",,5,,"2,3",,"1,2,3",,4,,,,,,,,,,,,,,,,,,,,,,,,,,,,,,,,,,,,,,,,,,,,,,,,,,,,,,,,,,,,,,,,,,,,,,,,,,,,,,,,,,,,,,,,,,,,,,,,,,,,,,,,,,,,,,,,,,,,,,male,23,student,3,3,,3,34644,"<span lang=""EN-GB"">Suppose
     you want to a send an email when you are surrounded by people you know
     (e.g., acquaintances, colleagues) at a restaurant.<o:p></o:p></span>"
11/4/2018 11:47,11/4/2018 11:53,0,45.34.7.5,100,401,1,11/4/2018 11:53,R_2y1wqLYEZBKWmG7,,,,,32.81520081,-96.87030029,anonymous,EN,"2,3,4","4,5",,5,,3,,1,,1,,3,1,,2,,3,6,,2,,6,,5,,"1,2,3",,2,,,,,,,,,,,,,,,,,,,,,,,,,,,,,,,,,,,,,,,,,,,,,,,,,,,,,,,,,,,,,,,,,,,,,,,,,,,,,,,,,,,,,,,,,,,,,,,,,,,,,,,,,,,,,,,,,,,,,,,,,,,,,,,,,,,,,,,,,,,,,,,,,,,,,,,,,,,,,,,,,,,,,,,,,,,,,,,,,,,,,,,,34321,"<span id=""docs-internal-guid-5a7e3441-7fff-9d1f-10e6-454a1d940975""><span style=""font-size: 11pt; font-family: Arial; color: rgb(0, 0, 0); background-color: transparent; font-variant-numeric: normal; font-variant-east-asian: normal; vertical-align: baseline; white-space: pre-wrap;"">Suppose you want to call your mother for sharing an important update about your life &nbsp;when you are alone at home</span><br> <br><br></span>"
11/4/2018 11:50,11/4/2018 11:53,0,107.199.197.44,100,234,1,11/4/2018 11:53,R_1JOpKIBVr93FEnO,,,,,32.81539917,-96.63069916,anonymous,EN,"1,2,4,6",2,,1,,"1,2,3",,1,,1,,3,"2,3",,5,,2,3,,2,,3,,2,,"1,3",,"1,2",,,,,,,,,,,,,,,,,,,,,,,,,,,,,,,,,,,,,,,,,,,,,,,,,,,,,,,,,,,,,,,,,,,,,,,,,,,,,,,,,,,,,,,,,,,,,,,,,,,,,,,,,,,,,,,,,,,,,,,,,,,,,,,,,,,,,,,,,,,,,,,,,,,,,,,,,,,,,,,,,,,,,,,,,,,,,,,,,,,,,,,,38257,"<span lang=""EN-GB"">Suppose you are at home with people you are close to (e.g., friends, family members) when you realize today is the last day to pay one of your bills online.<o:p></o:p></span>"
11/4/2018 11:49,11/4/2018 11:53,0,24.147.237.248,100,257,1,11/4/2018 11:53,R_2QRkz4r3gT6LIY7,,,,,42.4828949,-71.15740204,anonymous,EN,"1,2,3,4,5",2,,1,,1,,1,,1,,3,2,,5,,3,3,,"1,2",,"1,3",,"1,2",,1,,"1,2",,2,,,,,,,,,,,,,,,,,,,,,,,,,,,,,,"2,5",,1,,"1,2",,1,,1,,3,1,,2,,"1,2",,3,,"1,3",,"1,2",,"1,3",,1,,"1,2",,,,,,,,,,,,,,,,,,,,,,,,,,,,,,,,,,,,,,,,,,,,,,,,,,,,,,,,,,,,,,,,,,,,,,,,,,,,,,,,,,,,,,,,,,,,,,,,,,,,,,,,,,,,,,,,,,,,,,,,,,,,,91497,"<span lang=""EN-GB"">Suppose you are on a short vacation and you want to take a picture in front&nbsp;</span>of an iconic monument when you are surrounded by many people."
11/4/2018 11:49,11/4/2018 11:55,0,12.205.251.138,100,350,1,11/4/2018 11:55,R_22XJni5nRsIJczq,,,,,37.13400269,-83.07679749,anonymous,EN,"1,2,3,4,6",5,,5,,6,,1,,1,,4,5,,5,,4,6,,5,,6,,5,,5,,4,,2,,,,,,,,,,,,,,,,,,,,,,,,,,,,,,7,,5,,6,,1,,6,,4,5,,5,,5,,6,,7,,5,,7,,5,,4,,,,,,,,,,,,,,,,,,,,,,,,,,,,,,,,,,,,,,,,,,,,,,,,,,,,,,,,,,,,,,,,,,,,,,,,,,,,,,,,,,,,,,,,,,,,,,,,,,,,,,,,,,,,,,,,,,,,,,Female,32,Banker,4,1,,2,89452,"<span lang=""EN-GB"">Suppose
     you want to a send a text message when you are surrounded by people you
     know (e.g., acquaintances, colleagues) at a restaurant.<o:p></o:p></span>"
11/4/2018 11:54,11/4/2018 11:56,0,71.12.32.205,100,125,1,11/4/2018 11:56,R_10oNHZ5AAtbCixB,,,,,32.44880676,-97.72850037,anonymous,EN,"1,2,3,4,5,6",2,,1,,"1,3",,1,,1,,2,"1,2",,2,,3,"2,3",,"2,3",,3,,2,,1,,4,,,,,,,,,,,,,,,,,,,,,,,,,,,,,,,,,,,,,,,,,,,,,,,,,,,,,,,,,,,,,,,,,,,,,,,,,,,,,,,,,,,,,,,,,,,,,,,,,,,,,,,,,,,,,,,,,,,,,,,,,,,,,,,,,,,,,,,,,,,,,,,,,,,,,,,,,,,,,,,,,,,,,,,,,,,,,,,,,,,,,,,,33021,"<span lang=""EN-GB"">Suppose
     you want to take a click a photo when you are with people you are close to
     (e.g., friends, family members) at home<o:p></o:p></span>"
11/4/2018 11:52,11/4/2018 11:57,0,71.176.70.228,100,284,1,11/4/2018 11:57,R_27QcfsQSyTPtJnl,,,,,43.03540039,-76.12819672,anonymous,EN,"1,2,3,4,5,6",7,,1,,2,,1,,1,,"1,3","1,2",,5,,"1,3","2,3",,"1,2",,"1,2,3",,"1,2",,1,,"1,2",,"2,4",,,,,,,,,,,,,,,,,,,,,,,,,,,,,,"1,2",,1,,"2,3",,1,,1,,"1,2",1,,"2,3",,"2,3",,"1,2,3",,"1,2,3",,"1,2",,"1,2,3",,5,,1,,,,,,,,,,,,,,,,,,,,,,,,,,,,,,,"1,2",,1,,"1,3",,1,,1,,1,5,,2,,2,,"1,3",,"2,3",,"1,2",,"2,3",,5,,"1,2",,,,,,,,,,,,,,,,,,,,,,,,,,,,,,,,,,,,,,,,,,,,,,,,,,,,,,,,,,,,male,25,hair stylist,4,2,,3,79925,"<span lang=""EN-GB"">Suppose
     you want to read a digital document when you are at Starbucks.<o:p></o:p></span>"
11/4/2018 12:03,11/4/2018 12:03,0,216.164.255.42,100,20,1,11/4/2018 12:03,R_1hxQ7pydytNKMl2,,,,,40.60679626,-75.47810364,anonymous,EN,"2,3",,,,,,,,,,,,,,,,,,,,,,,,,,,,,,,,,,,,,,,,,,,,,,,,,,,,,,,,,,,,,,,,,,,,,,,,,,,,,,,,,,,,,,,,,,,,,,,,,,,,,,,,,,,,,,,,,,,,,,,,,,,,,,,,,,,,,,,,,,,,,,,,,,,,,,,,,,,,,,,,,,,,,,,,,,,,,,,,,,,,,,,,,,,,,,,,,,,,,,,,,,,,,,,,,,,2632,"<span lang=""EN-GB"">Suppose you are at a coffee shop, you have just read a book you loved and now&nbsp;</span>you want to write a review for it to share with your close family and friends."
11/4/2018 12:03,11/4/2018 12:04,0,216.164.255.42,100,36,1,11/4/2018 12:04,R_sjTh0wXSDK95S0x,,,,,40.60679626,-75.47810364,anonymous,EN,"2,5",,,,,,,,,,,,,,,,,,,,,,,,,,,,,,,,,,,,,,,,,,,,,,,,,,,,,,,,,,,,,,,,,,,,,,,,,,,,,,,,,,,,,,,,,,,,,,,,,,,,,,,,,,,,,,,,,,,,,,,,,,,,,,,,,,,,,,,,,,,,,,,,,,,,,,,,,,,,,,,,,,,,,,,,,,,,,,,,,,,,,,,,,,,,,,,,,,,,,,,,,,,,,,,,,,,19721,"<span lang=""EN-GB"">Suppose
     you want to a send an email when you are with a very close friend at a
     restaurant&nbsp;<o:p></o:p></span>"
11/2/2018 20:14,11/4/2018 12:04,0,72.36.113.34,100,146987,1,11/4/2018 12:04,R_4ME7ziyL8lLmMLv,,,,,40.10949707,-88.20359802,anonymous,EN,"1,2",,,,,,,,,,,,,,,,,,,,,,,,,,,,,,,,,,,,,,,,,,,,,,,,,,,,,,,,,,,,,,,,,,,,,,,,,,,,,,,,,,,,,,,,,,,,,,,,,,,,,,,,,,,,,,,,,,,,,,,,,,,,,,,,,,,,,,,,,,,,,,,,,,,,,,,,,,,,,,,,,,,,,,,,,,,,,,,,,,,,,,,,,,,,,,,,,,,,,,,,,,,,,,,,,,,7947,"<span lang=""EN-GB"">Suppose
     you want to purchase something online when you are alone at your home.<o:p></o:p></span>"
11/4/2018 12:04,11/4/2018 12:04,0,216.164.255.42,100,10,1,11/4/2018 12:04,R_31uOC3S6dqpEMKM,,,,,40.60679626,-75.47810364,anonymous,EN,6,,,,,,,,,,,,,,,,,,,,,,,,,,,,,,,,,,,,,,,,,,,,,,,,,,,,,,,,,,,,,,,,,,,,,,,,,,,,,,,,,,,,,,,,,,,,,,,,,,,,,,,,,,,,,,,,,,,,,,,,,,,,,,,,,,,,,,,,,,,,,,,,,,,,,,,,,,,,,,,,,,,,,,,,,,,,,,,,,,,,,,,,,,,,,,,,,,,,,,,,,,,,,,,,,,,50359,"<span lang=""EN-GB"">Suppose you want to a send a text message when you are surrounded with people you are close to (e.g., friends, family members) at your home.<strong><o:p></o:p></strong></span>"
11/4/2018 12:04,11/4/2018 12:04,0,216.164.255.42,100,8,1,11/4/2018 12:04,R_3dGqjpuCZK3Mhyf,,,,,40.60679626,-75.47810364,anonymous,EN,2,,,,,,,,,,,,,,,,,,,,,,,,,,,,,,,,,,,,,,,,,,,,,,,,,,,,,,,,,,,,,,,,,,,,,,,,,,,,,,,,,,,,,,,,,,,,,,,,,,,,,,,,,,,,,,,,,,,,,,,,,,,,,,,,,,,,,,,,,,,,,,,,,,,,,,,,,,,,,,,,,,,,,,,,,,,,,,,,,,,,,,,,,,,,,,,,,,,,,,,,,,,,,,,,,,,50694,"<span lang=""EN-GB"">Suppose
     you want to read a digital document when you are alone at home.<strong><o:p></o:p></strong></span>"
11/4/2018 12:10,11/4/2018 12:12,0,174.79.2.3,100,65,1,11/4/2018 12:12,R_2PzlX7wpiQEWtkh,,,,,32.54600525,-83.60469818,anonymous,EN,"2,3,4","1,2",,5,,1,,1,,1,,1,1,,2,,1,4,,2,,2,,1,,1,,2,,,,,,,,,,,,,,,,,,,,,,,,,,,,,,,,,,,,,,,,,,,,,,,,,,,,,,,,,,,,,,,,,,,,,,,,,,,,,,,,,,,,,,,,,,,,,,,,,,,,,,,,,,,,,,,,,,,,,,,,,,,,,,,,,,,,,,,,,,,,,,,,,,,,,,,,,,,,,,,,,,,,,,,,,,,,,,,,,,,,,,,,38477,"<span lang=""EN-GB"">Suppose
     you want to find a route to home when you are alone at Starbucks.<o:p></o:p></span>"
11/4/2018 12:03,11/4/2018 12:14,0,173.175.190.199,100,687,1,11/4/2018 12:14,R_3PcrJg75odNFq4X,,,,,31.7677002,-106.3015976,anonymous,EN,"1,2,3,4,5,6",4,,3,,1,,3,,1,,3,"1,2,3",,"1,2,3",,3,2,,1,,"3,4",,1,,3,,1,,1,4,,3,,"2,3",,1,,1,,2,"1,2,3",,5,,5,,2,,"3,4",,1,,"3,4",,"1,2,3",,"1,2",,,,,,,,,,,,,,,,,,,,,,,,,,,,,,,,,,,,,,,,,,,,,,,,,,,,,,,,,,,,,,,,,,,,,,,,,,,,,,,,,,,,,,,,,,,,,,,,,,,,,,,,,,,,,,,,,,,,,,,,,,,,,,,,,,,,,,,,,,,,,,,,,,,Female,47,Systems Analyst,5,2,,6,17340,"<span lang=""EN-GB"">Suppose you want to browse the internet when you are at home with people you know (e.g., acquaintances, colleagues).<o:p></o:p></span>"
11/3/2018 12:31,11/4/2018 12:19,0,172.58.99.158,100,89253,1,11/4/2018 12:19,R_22VQshnvTvoBxKB,,,,,29.82989502,-95.37689972,anonymous,EN,"1,2",,,,,,,,,,,,,,,,,,,,,,,,,,,,,,,,,,,,,,,,,,,,,,,,,,,,,,,,,,,,,,,,,,,,,,,,,,,,,,,,,,,,,,,,,,,,,,,,,,,,,,,,,,,,,,,,,,,,,,,,,,,,,,,,,,,,,,,,,,,,,,,,,,,,,,,,,,,,,,,,,,,,,,,,,,,,,,,,,,,,,,,,,,,,,,,,,,,,,,,,,,,,,,,,,,,58396,"<span lang=""EN-GB"">Suppose you want to browse the internet when you are with people you know (e.g., acquaintances, colleagues) at a restaurant.<o:p></o:p></span>"
11/4/2018 11:58,11/4/2018 12:25,0,71.176.70.228,100,1616,1,11/4/2018 12:25,R_BWyTwtDCBVeKNkR,,,,,43.03540039,-76.12819672,anonymous,EN,"1,2,3,4,6","1,2",,1,,"2,3",,1,,1,,1,5,,5,,1,"1,2",,"1,2",,"2,3",,"1,2",,1,,4,,"2,3,6",,,,,,,,,,,,,,,,,,,,,,,,,,,,,,2,,1,,3,,1,,1,,1,1,,"2,3",,"2,3",,"1,2,3",,"2,3",,"2,3",,"2,3",,5,,4,,4,,1,,"2,3",,3,,1,,1,1,,2,,2,,3,,"2,3",,"1,2",,"2,3",,1,,1,,,,,,,,,,,,,,,,,,,,,,,,,,,,,,,,,,,,,,,,,,,,,,,,,,,,,,,,,,,,"1,2",,1,,"2,3",,1,,1,,1,"1,2",,2,,2,,"1,2,3",,"2,3",,2,,"2,3",,5,,4,,female,20,student,3,2,,2,84594,"<span lang=""EN-GB"">Suppose you want to call your mother for sharing an important
     update about your life when you are surrounded by people you know (e.g.,
     acquaintances, colleagues) at your home.<o:p></o:p></span>"
11/4/2018 12:22,11/4/2018 12:25,0,70.185.239.116,100,205,1,11/4/2018 12:25,R_2VlrST83SH4xJHb,,,,,36.09480286,-95.96549988,anonymous,EN,"1,2,3","1,2",,5,,1,,3,,1,,4,5,,5,,4,6,,5,,7,,5,,5,,4,,2,,,,,,,,,,,,,,,,,,,,,,,,,,,,,,"1,2",,5,,6,,3,,1,,4,5,,5,,5,,6,,7,,5,,7,,5,,4,,,,,,,,,,,,,,,,,,,,,,,,,,,,,,,,,,,,,,,,,,,,,,,,,,,,,,,,,,,,,,,,,,,,,,,,,,,,,,,,,,,,,,,,,,,,,,,,,,,,,,,,,,,,,,,,,,,,,,female,32,Teacher,6,1,,2,67441,"<span lang=""EN-GB"">Suppose
     you want to call your mother for sharing an important update about your
     life when you are alone at Starbucks.<o:p></o:p></span>"
11/4/2018 12:31,11/4/2018 12:36,0,23.249.187.190,100,277,1,11/4/2018 12:36,R_RawkbAm4G9PNMeR,,,,,37.75100708,-97.8219986,anonymous,EN,"1,2,3,6","1,2,3,4",,"1,2,3",,"1,2,3",,3,,"1,3,4",,"1,2,3","1,2,3",,"1,2,3",,"1,2,3","2,3,4",,"1,2,3",,"1,2,3,4",,"1,2,3",,"1,2,3",,"1,2",,"1,3,6","2,3,4",,"1,2,3",,"2,3,4",,1,,"1,2,3",,2,"1,2,3",,"2,3",,"1,2,3",,"1,2,3,4",,"2,3,4",,"1,2,3",,"2,3,4",,"2,3",,"1,2",,,,,,,,,,,,,,,,,,,,,,,,,,,,,,,"1,2,3,4",,"1,2,3",,"1,2,3",,1,,"2,3,4",,"1,2,3","1,2,3",,"1,2,3",,"1,2,3",,"1,2,3",,"2,3,4",,"1,2,3",,"1,2,3,4",,"1,2,3",,"1,2",,,,,,,,,,,,,,,,,,,,,,,,,,,,,,,,,,,,,,,,,,,,,,,,,,,,,,,,,,,,"2,3,4",,"1,2,3",,"1,2,3,4",,3,,"1,2,3",,"1,2,3","1,2,3",,"1,2,3",,"1,2,3",,"1,2,3,4",,"1,2,3",,"1,2,3",,"1,2,3",,"1,2,3",,"1,2",,,,,,,,,10140,"<span lang=""EN-GB"" style=""font-size:11.0pt;line-height:115%;
font-family:&quot;Arial&quot;,sans-serif;mso-fareast-font-family:Arial;mso-ansi-language:
EN-GB;mso-fareast-language:EN-US;mso-bidi-language:AR-SA"">Suppose you want to check your social media when you are alone in a park.</span>"
11/4/2018 12:25,11/4/2018 12:36,0,71.176.70.228,100,687,1,11/4/2018 12:36,R_1P7Au5FKdYRJqdl,,,,,43.03540039,-76.12819672,anonymous,EN,"1,2,3,4",1,,1,,2,,1,,2,,1,1,,2,,1,3,,"1,2",,"2,3",,"1,2",,1,,"1,2",,2,,,,,,,,,,,,,,,,,,,,,,,,,,,,,,"1,2",,1,,"2,3",,1,,1,,1,1,,5,,5,,"1,2,3",,"2,3",,1,,"2,3",,1,,4,,,,,,,,,,,,,,,,,,,,,,,,,,,,,,,,,,,,,,,,,,,,,,,,,,,,,,,,,,,,,,,,,,,,,,,,,,,,,,,,,,,,,,,,,,,,,,,,,,,,,,,,,,,,,,,,,,,,,,female,20,student,3,4,,2,58754,"<span lang=""EN-GB"">Suppose
     you want to a send a text message when you are surrounded by people you
     know (e.g., acquaintances, colleagues) at your home.<o:p></o:p></span>"
11/4/2018 12:36,11/4/2018 12:37,0,23.249.187.190,100,60,1,11/4/2018 12:37,R_1qV4QEhYGkcdqTV,,,,,37.75100708,-97.8219986,anonymous,EN,"1,2,3,5","1,2,3,4",,"1,2,3",,"1,2,3,4",,1,,"2,3,4",,"1,2,3","1,2,3",,"1,2,3",,"1,2,3","1,2,3",,"1,2",,"1,2,3,4",,"1,2,3",,"1,2,3",,"1,2",,,,,,,,,,,,,,,,,,,,,,,,,,,,,,,,,,,,,,,,,,,,,,,,,,,,,,,,,,,,,,,,,,,,,,,,,,,,,,,,,,,,,,,,,,,,,,,,,,,,,,,,,,,,,,,,,,,,,,,,,,,,,,,,,,,,,,,,,,,,,,,,,,,,,,,,,,,,,,,,,,,,,,,,,,,,,,,,,,,,,,,,21833,"<span lang=""EN-GB"">Suppose you want to browse the internet when you are with people you know (e.g., acquaintances, colleagues) at a park.<o:p></o:p></span>"
11/4/2018 12:37,11/4/2018 12:39,0,23.249.187.190,100,83,1,11/4/2018 12:39,R_3suYUEgTtTBEKAB,,,,,37.75100708,-97.8219986,anonymous,EN,"1,2,3,5","2,3,4,5",,"2,3",,"1,3",,1,,"2,3,4",,"1,3","1,3",,"1,2",,"1,2","1,3,4",,"1,2,3",,"2,3,4",,"1,3",,"1,2",,1,,,,,,,,,,,,,,,,,,,,,,,,,,,,,,,,,,,,,,,,,,,,,,,,,,,,,,,,,,,,,,,,,,,,,,,,,,,,,,,,,,,,,,,,,,,,,,,,,,,,,,,,,,,,,,,,,,,,,,,,,,,,,,,,,,,,,,,,,,,,,,,,,,,,,,,,,,,,,,,,,,,,,,,,,,,,,,,,,,,,,,,,28125,"<span style=""color: rgb(0, 0, 0); font-family: Times; font-size: 16px;"">Suppose you want control some devices/appliances (e.g., smart lights) when you are with people you know (e.g., acquaintances, colleagues).</span>"
11/4/2018 12:36,11/4/2018 12:41,0,71.176.70.228,100,245,1,11/4/2018 12:41,R_2xQ4393ExGHX6rj,,,,,43.03540039,-76.12819672,anonymous,EN,"1,2,3,4,5,6","2,4",,"1,2",,"2,3",,3,,1,,1,"1,2",,5,,1,"2,3",,"1,2",,"2,3",,"1,2",,5,,4,,"2,6",,,,,,,,,,,,,,,,,,,,,,,,,,,,,,2,,1,,"1,2,3",,1,,1,,1,5,,5,,5,,"1,2,3",,"2,3",,"1,2",,"2,3",,5,,4,,,,,,,,,,,,,,,,,,,,,,,,,,,,,,,,,,,,,,,,,,,,,,,,,,,,,,,,,,,,,,,,,,,,,,,,,,,,,,,,,,,,,,,,,"1,2",,1,,"2,3",,3,,1,,1,1,,5,,5,,"2,3",,"2,3",,2,,"2,3",,5,,4,,male,40,hair stylist,3,1,,2,57332,"<span lang=""EN-GB"">Suppose
     you want to a send a text message when you with people you know (e.g., acquaintances,
     colleagues) at a street<strong>.</strong><o:p></o:p></span>"
11/4/2018 12:39,11/4/2018 12:42,0,98.5.167.101,100,162,1,11/4/2018 12:42,R_2OI16B9cFVLmEHI,,,,,42.88110352,-78.81040192,anonymous,EN,"1,2,3,4",3,,1,,3,,1,,3,,1,2,,2,,2,2,,3,,4,,2,,2,,2,,,,,,,,,,,,,,,,,,,,,,,,,,,,,,,,,,,,,,,,,,,,,,,,,,,,,,,,,,,,,,,,,,,,,,,,,,,,,,,,,,,,,,,,,,,,,,,,,,,,,,,,,,,,,,,,,,,,,,,,,,,,,,,,,,,,,,,,,,,,,,,,,,,,,,,,,,,,,,,,,,,,,,,,,,,,,,,,,,,,,,,,91384,"<span lang=""EN-GB"">Suppose
     you want to call your mother for sharing an important update about your
     life when you are with a very close friend at a restaurant&nbsp;<o:p></o:p></span>"
11/4/2018 12:40,11/4/2018 12:54,0,68.11.66.182,100,872,1,11/4/2018 12:54,R_1o0f5yEhic2Td8D,,,,,30.00559998,-90.06439972,anonymous,EN,"1,2,4","1,2",,3,,"1,2,3,4",,1,,1,,"2,3","1,2,3",,"2,3",,3,"1,2",,"1,2",,"1,3",,"1,2",,"1,2,3",,2,,,,,,,,,,,,,,,,,,,,,,,,,,,,,,,,,,,,,,,,,,,,,,,,,,,,,,,,,,,,,,,,,,,,,,,,,,,,,,,,,,,,,,,,,,,,,,,,,,,,,,,,,,,,,,,,,,,,,,,,,,,,,,,,,,,,,,,,,,,,,,,,,,,,,,,,,,,,,,,,,,,,,,,,,,,,,,,,,,,,,,,,26385,"<span lang=""EN-GB"" style=""font-size:11.0pt;line-height:115%;
font-family:&quot;Arial&quot;,sans-serif;mso-fareast-font-family:Arial;mso-ansi-language:
EN-GB;mso-fareast-language:EN-US;mso-bidi-language:AR-SA"">Suppose you want to
read a digital document when you are at Starbucks surrounded with your close
friends.</span>"
11/4/2018 12:41,11/4/2018 12:56,0,71.176.70.228,100,941,1,11/4/2018 12:56,R_3IXNbOPgRgygvN9,,,,,43.03540039,-76.12819672,anonymous,EN,"1,2,3,4,5,6",2,,1,,"2,3",,1,,1,,1,1,,2,,1,"2,3",,"1,2",,"2,3",,"1,2",,"2,3",,4,,"2,4,6",,,,,,,,,,,,,,,,,,,,,,,,,,,,,,"2,5",,1,,3,,1,,1,,1,1,,5,,5,,"1,3",,"2,3",,"1,2",,"2,3",,2,,1,,,,,,,,,,,,,,,,,,,,,,,,,,,,,,,2,,1,,2,,3,,1,,"1,3","2,3",,5,,5,,3,,3,,2,,3,,2,,4,,,,,,,,,,,,,,,,,,,,,,,,,,,,,,,"1,2",,3,,"2,3",,3,,1,,1,1,,5,,5,,3,,"2,3",,5,,"2,3",,"2,3",,4,,female,33,cleaner,3,2,,2,29941,"<span lang=""EN-GB"">Suppose
     you want to find a route to home when you are at Starbucks with your close
     friends.<o:p></o:p></span>"
11/4/2018 12:59,11/4/2018 12:59,0,168.21.71.6,100,34,1,11/4/2018 12:59,R_egq5NQSA3pYL45P,,,,,31.2243042,-82.35959625,anonymous,EN,"2,3",,,,,,,,,,,,,,,,,,,,,,,,,,,,,,,,,,,,,,,,,,,,,,,,,,,,,,,,,,,,,,,,,,,,,,,,,,,,,,,,,,,,,,,,,,,,,,,,,,,,,,,,,,,,,,,,,,,,,,,,,,,,,,,,,,,,,,,,,,,,,,,,,,,,,,,,,,,,,,,,,,,,,,,,,,,,,,,,,,,,,,,,,,,,,,,,,,,,,,,,,,,,,,,,,,,53187,"<span lang=""EN-GB"">Suppose
     you want to listen to some audio when you are at home with people you are
     close to (e.g., friends, family members).<strong><o:p></o:p></strong></span>"
11/4/2018 12:59,11/4/2018 12:59,0,168.21.71.6,100,11,1,11/4/2018 12:59,R_3IQzFRkpfquqBEd,,,,,31.2243042,-82.35959625,anonymous,EN,"2,4",,,,,,,,,,,,,,,,,,,,,,,,,,,,,,,,,,,,,,,,,,,,,,,,,,,,,,,,,,,,,,,,,,,,,,,,,,,,,,,,,,,,,,,,,,,,,,,,,,,,,,,,,,,,,,,,,,,,,,,,,,,,,,,,,,,,,,,,,,,,,,,,,,,,,,,,,,,,,,,,,,,,,,,,,,,,,,,,,,,,,,,,,,,,,,,,,,,,,,,,,,,,,,,,,,,88096,"<span lang=""EN-GB"">Suppose
     you want to call your mother for sharing an important update about your
     life yourself when you are with a very close friend at a park.&nbsp;<o:p></o:p></span>"
11/4/2018 12:59,11/4/2018 13:00,0,168.21.71.6,100,15,1,11/4/2018 13:00,R_3MS5HkPjiZX8Jh4,,,,,31.2243042,-82.35959625,anonymous,EN,"2,5",,,,,,,,,,,,,,,,,,,,,,,,,,,,,,,,,,,,,,,,,,,,,,,,,,,,,,,,,,,,,,,,,,,,,,,,,,,,,,,,,,,,,,,,,,,,,,,,,,,,,,,,,,,,,,,,,,,,,,,,,,,,,,,,,,,,,,,,,,,,,,,,,,,,,,,,,,,,,,,,,,,,,,,,,,,,,,,,,,,,,,,,,,,,,,,,,,,,,,,,,,,,,,,,,,,81573,"<span lang=""EN-GB"">Suppose
     you are at starbucks and you realize today is the last day to pay one of
     your bills online.<o:p></o:p></span>"
11/4/2018 13:00,11/4/2018 13:00,0,168.21.71.6,100,10,1,11/4/2018 13:00,R_2rSZXqqhPQrjyy2,,,,,31.2243042,-82.35959625,anonymous,EN,"2,6",,,,,,,,,,,,,,,,,,,,,,,,,,,,,,,,,,,,,,,,,,,,,,,,,,,,,,,,,,,,,,,,,,,,,,,,,,,,,,,,,,,,,,,,,,,,,,,,,,,,,,,,,,,,,,,,,,,,,,,,,,,,,,,,,,,,,,,,,,,,,,,,,,,,,,,,,,,,,,,,,,,,,,,,,,,,,,,,,,,,,,,,,,,,,,,,,,,,,,,,,,,,,,,,,,,77228,"<span lang=""EN-GB"">Suppose you are at Starbucks with your close friends and you realize today is the last day to pay one of your bills online.<o:p></o:p></span>"
11/4/2018 13:00,11/4/2018 13:00,0,168.21.71.6,100,7,1,11/4/2018 13:00,R_UK1kGNeFOiEZA1X,,,,,31.2243042,-82.35959625,anonymous,EN,3,,,,,,,,,,,,,,,,,,,,,,,,,,,,,,,,,,,,,,,,,,,,,,,,,,,,,,,,,,,,,,,,,,,,,,,,,,,,,,,,,,,,,,,,,,,,,,,,,,,,,,,,,,,,,,,,,,,,,,,,,,,,,,,,,,,,,,,,,,,,,,,,,,,,,,,,,,,,,,,,,,,,,,,,,,,,,,,,,,,,,,,,,,,,,,,,,,,,,,,,,,,,,,,,,,,5582,"<span lang=""EN-GB"">Suppose
     you want to read a digital document when you are at home with people you
     are close to (e.g., friends, family members).<strong><o:p></o:p></strong></span>"
11/4/2018 13:00,11/4/2018 13:00,0,168.21.71.6,100,9,1,11/4/2018 13:00,R_3gXkW1o1hIFfJWH,,,,,31.2243042,-82.35959625,anonymous,EN,6,,,,,,,,,,,,,,,,,,,,,,,,,,,,,,,,,,,,,,,,,,,,,,,,,,,,,,,,,,,,,,,,,,,,,,,,,,,,,,,,,,,,,,,,,,,,,,,,,,,,,,,,,,,,,,,,,,,,,,,,,,,,,,,,,,,,,,,,,,,,,,,,,,,,,,,,,,,,,,,,,,,,,,,,,,,,,,,,,,,,,,,,,,,,,,,,,,,,,,,,,,,,,,,,,,,69387,"<span lang=""EN-GB"">Suppose you want to browse the internet when you are at home with people you are close to (e.g., friends, family members)<strong><o:p></o:p></strong></span>"
11/4/2018 12:58,11/4/2018 13:01,0,68.96.238.227,100,162,1,11/4/2018 13:01,R_Zfp3OQ0aiChKpaN,,,,,36.03570557,-114.9718018,anonymous,EN,"1,2,3,4",2,,1,,2,,3,,1,,3,2,,2,,4,2,,2,,6,,2,,2,,2,,,,,,,,,,,,,,,,,,,,,,,,,,,,,,,,,,,,,,,,,,,,,,,,,,,,,,,,,,,,,,,,,,,,,,,,,,,,,,,,,,,,,,,,,,,,,,,,,,,,,,,,,,,,,,,,,,,,,,,,,,,,,,,,,,,,,,,,,,,,,,,,,,,,,,,,,,,,,,,,,,,,,,,,,,,,,,,,,,,,,,,,90598,"Suppose you are alone at home, you want to take a break from studying/working&nbsp;<p>so you decide to play a video game with some with some people you know (e.g., acquaintances, colleagues).<o:p></o:p></p>"
10/28/2018 13:59,10/28/2018 14:03,0,184.56.79.225,78,217,0,11/4/2018 13:03,R_RCPRIDU7I13Dk2Z,,,,,,,anonymous,EN,"1,2,4",,,,,,,,,,,,,,,,,,,,,,,,,,,,,,,,,,,,,,,,,,,,,,,,,,,,,,,,,,,,,,,,,,,,,,,,,,,,,,,,,,,,,,,,,,,,,,,,,,,,,,,,,,,,,,,,,,,,,,,,,,,,,,,,,,,,,,,,,,,,,,,,,,,,,,,,,,,,,,,,,,,,,,,,,,,,,,,,,,,,,,,,,,,,,,,,,,,,,,,,,,,,,,,,,,,10416,"<span lang=""EN-GB"">Suppose you want to set up a reminder when you are at a park with close friends.<o:p></o:p></span>"
11/4/2018 13:00,11/4/2018 13:04,0,168.21.71.6,100,211,1,11/4/2018 13:04,R_5veGNX9JdMj4GRj,,,,,31.2243042,-82.35959625,anonymous,EN,"1,2,3,4,5,6",2,,1,,1,,1,,3,,"2,3",3,,3,,3,1,,2,,3,,2,,3,,2,,,,,,,,,,,,,,,,,,,,,,,,,,,,,,,,,,,,,,,,,,,,,,,,,,,,,,,,,,,,,,,,,,,,,,,,,,,,,,,,,,,,,,,,,,,,,,,,,,,,,,,,,,,,,,,,,,,,,,,,,,,,,,,,,,,,,,,,,,,,,,,,,,,,,,,,,,,,,,,,,,,,,,,,,,,,,,,,,,,,,,,,99595,"<span lang=""EN-GB"">Suppose it is a regular working day, you want to track the total amount of calories&nbsp;</span>you consume and burn off during the day.&nbsp;"
11/4/2018 13:07,11/4/2018 13:11,0,24.32.86.233,100,236,1,11/4/2018 13:11,R_1IcjtJmgaTMQ4u8,,,,,34.08599854,-98.57080078,anonymous,EN,"1,2,3",2,,1,,1,,1,,1,,"2,3",2,,"1,2",,"2,3",3,,1,,1,,"1,2",,"1,2,3",,2,,,,,,,,,,,,,,,,,,,,,,,,,,,,,,,,,,,,,,,,,,,,,,,,,,,,,,,,,,,,,,,,,,,,,,,,,,,,,,,,,,,,,,,,,,,,,,,,,,,,,,,,,,,,,,,,,,,,,,,,,,,,,,,,,,,,,,,,,,,,,,,,,,,,,,,,,,,,,,,,,,,,,,,,,,,,,,,,,,,,,,,,56351,"<span lang=""EN-GB"">Suppose
     you want to a send an email when you are walking on a street with people
     you know (e.g., acquaintances, colleagues)<strong>.</strong><o:p></o:p></span>"
11/4/2018 13:01,11/4/2018 13:15,0,71.176.70.228,100,847,1,11/4/2018 13:15,R_PGJI2T77PHDe8CJ,,,,,43.03540039,-76.12819672,anonymous,EN,"1,2,3,4,5,6",2,,5,,2,,1,,1,,1,2,,2,,1,"1,3",,"1,2",,"2,3",,"1,2",,5,,4,,"2,5,6",,,,,,,,,,,,,,,,,,,,,,,,,,,,,,2,,1,,3,,1,,1,,1,5,,5,,5,,3,,"2,3",,2,,"2,3",,5,,4,,,,,,,,,,,,,,,,,,,,,,,,,,,,,,,,,,,,,,,,,,,,,,,,,,,,,,,,,,,,1,,5,,4,,1,,"3,4",,4,5,,5,,5,,"2,4",,2,,3,,2,,5,,4,,2,,1,,"2,3",,3,,1,,1,1,,5,,5,,3,,"2,3",,2,,"2,3",,5,,"1,2",,female,20,student,3,3,,1,54055,"<span lang=""EN-GB"">Suppose
     you want to a view a text message when you are surrounded with people you
     are close to (e.g., friends, family members) at your home.<strong><o:p></o:p></strong></span>"
11/4/2018 13:08,11/4/2018 13:18,0,71.56.164.125,100,566,1,11/4/2018 13:18,R_2TFxl565MYZIrhM,,,,,37.43099976,-77.65450287,anonymous,EN,"1,2,4","1,2,3",,5,,"1,2,3",,1,,1,,3,5,,"2,3",,3,"1,2,3",,"1,2,3",,"1,3",,"1,2",,1,,"1,2",,,,,,,,,,,,,,,,,,,,,,,,,,,,,,,,,,,,,,,,,,,,,,,,,,,,,,,,,,,,,,,,,,,,,,,,,,,,,,,,,,,,,,,,,,,,,,,,,,,,,,,,,,,,,,,,,,,,,,,,,,,,,,,,,,,,,,,,,,,,,,,,,,,,,,,,,,,,,,,,,,,,,,,,,,,,,,,,,,,,,,,,79245,"<span lang=""EN-GB"">Suppose you have planned to meet a friend next week and you want to put this on your calendar when you are surrounded with people you are close to (e.g., friends, family members) at your home.<strong><o:p></o:p></strong></span>"
10/28/2018 14:16,10/28/2018 14:19,0,174.221.139.114,78,159,0,11/4/2018 13:19,R_2UXFjnZ2gAOHwDh,,,,,,,anonymous,EN,"1,2,3",,,,,,,,,,,,,,,,,,,,,,,,,,,,,,,,,,,,,,,,,,,,,,,,,,,,,,,,,,,,,,,,,,,,,,,,,,,,,,,,,,,,,,,,,,,,,,,,,,,,,,,,,,,,,,,,,,,,,,,,,,,,,,,,,,,,,,,,,,,,,,,,,,,,,,,,,,,,,,,,,,,,,,,,,,,,,,,,,,,,,,,,,,,,,,,,,,,,,,,,,,,,,,,,,,,54247,"<span lang=""EN-GB"">Suppose
     you want to listen to some audio when you are with your friends at
     Starbucks.<o:p></o:p></span>"
11/4/2018 13:13,11/4/2018 13:20,0,108.252.224.16,100,430,1,11/4/2018 13:20,R_2awppkVbHnGVfpb,,,,,36.75280762,-119.7061005,anonymous,EN,"2,3,4","2,3",,5,,"1,3",,1,,1,,4,"2,3",,5,,4,6,,2,,3,,2,,1,,4,,2,,,,,,,,,,,,,,,,,,,,,,,,,,,,,,"2,3",,5,,1,,1,,1,,4,"1,2",,5,,5,,6,,3,,2,,3,,1,,4,,,,,,,,,,,,,,,,,,,,,,,,,,,,,,,,,,,,,,,,,,,,,,,,,,,,,,,,,,,,,,,,,,,,,,,,,,,,,,,,,,,,,,,,,,,,,,,,,,,,,,,,,,,,,,,,,,,,,,Female,39,Social Service Employee,6,1,,3,41311,"<span lang=""EN-GB"">Suppose you want to browse internet when you are with your close friends at a restaurant.<o:p></o:p></span>"
11/4/2018 13:15,11/4/2018 13:31,0,71.176.70.228,100,967,1,11/4/2018 13:31,R_3fvCDApyBbXNHIF,,,,,43.03540039,-76.12819672,anonymous,EN,"1,2,3,4,5,6","1,2",,5,,"1,2",,3,,1,,1,5,,"1,2",,1,3,,"1,2",,"2,3",,"1,2",,5,,4,,"2,4",,,,,,,,,,,,,,,,,,,,,,,,,,,,,,7,,1,,"1,3",,3,,1,,4,5,,"2,3",,"2,3",,"2,3",,"2,3",,"1,2",,"2,3",,5,,4,,,,,,,,,,,,,,,,,,,,,,,,,,,,,,,7,,1,,"2,3",,1,,1,,"2,3",5,,5,,5,,"2,3",,"2,3",,5,,"2,3",,5,,4,,,,,,,,,,,,,,,,,,,,,,,,,,,,,,,,,,,,,,,,,,,,,,,,,,,,,,,,,,,,male,22,student,2,2,,2,23010,"<span lang=""EN-GB"">Suppose you want to watch some video when you are with your close friends at Starbucks.<o:p></o:p></span>"
11/4/2018 13:32,11/4/2018 13:32,0,68.81.42.79,100,24,1,11/4/2018 13:32,R_3EJVboO1ZyYHeVb,,,,,40.26589966,-75.38829803,anonymous,EN,1,,,,,,,,,,,,,,,,,,,,,,,,,,,,,,,,,,,,,,,,,,,,,,,,,,,,,,,,,,,,,,,,,,,,,,,,,,,,,,,,,,,,,,,,,,,,,,,,,,,,,,,,,,,,,,,,,,,,,,,,,,,,,,,,,,,,,,,,,,,,,,,,,,,,,,,,,,,,,,,,,,,,,,,,,,,,,,,,,,,,,,,,,,,,,,,,,,,,,,,,,,,,,,,,,,,88371,"<span lang=""EN-GB"">Suppose
     you want to watch some video when you are with people you know (e.g.,
     acquaintances, colleagues) in a park.<o:p></o:p></span>"
11/4/2018 13:32,11/4/2018 13:34,0,71.176.70.228,100,142,1,11/4/2018 13:34,R_33wEaNEPkJ0gdc9,,,,,43.03540039,-76.12819672,anonymous,EN,"1,2,3,5,6","1,2",,3,,"2,3",,1,,1,,1,2,,"1,2",,1,"1,3",,5,,"2,3",,5,,5,,"1,2",,2,,,,,,,,,,,,,,,,,,,,,,,,,,,,,,"1,2",,1,,"2,3",,1,,1,,1,1,,2,,2,,"2,3",,"2,3",,"2,3",,"2,3",,5,,4,,,,,,,,,,,,,,,,,,,,,,,,,,,,,,,,,,,,,,,,,,,,,,,,,,,,,,,,,,,,,,,,,,,,,,,,,,,,,,,,,,,,,,,,,,,,,,,,,,,,,,,,,,,,,,,,,,,,,,female,20,student,2,2,,2,71122,"<span lang=""EN-GB"">Suppose you want to browse the internet when you alone at a park.<o:p></o:p></span>"
11/4/2018 13:34,11/4/2018 13:41,0,71.176.70.228,100,397,1,11/4/2018 13:41,R_3iEcUqG9XZlStYw,,,,,43.03540039,-76.12819672,anonymous,EN,"1,2,3,4,5,6","2,5",,1,,2,,1,,1,,1,"1,2",,"1,2",,1,3,,"1,2",,"2,3",,"1,2",,5,,4,,"2,4,5",,,,,,,,,,,,,,,,,,,,,,,,,,,,,,2,,3,,3,,1,,1,,1,5,,5,,5,,"3,4",,"2,3",,2,,"2,3",,1,,4,,,,,,,,,,,,,,,,,,,,,,,,,,,,,,,"2,3",,1,,"2,3",,1,,1,,1,5,,5,,5,,"2,3",,"2,3",,"1,2",,"2,3",,5,,4,,1,,5,,4,,1,,1,,"1,2",5,,"1,2,3",,"1,2,3",,4,,2,,"1,3",,2,,5,,4,,,,,,,,,,,,,,,,,,,,,,,,,,,,,,,male,50,veteran,3,3,,3,39189,"<span id=""docs-internal-guid-5a7e3441-7fff-9d1f-10e6-454a1d940975""><span style=""font-size: 11pt; font-family: Arial; color: rgb(0, 0, 0); background-color: transparent; font-variant-numeric: normal; font-variant-east-asian: normal; vertical-align: baseline; white-space: pre-wrap;"">Suppose you want to call your mother for sharing an important update about your life &nbsp;when you are alone at home</span><br> <br><br></span>"
11/4/2018 13:41,11/4/2018 13:41,0,66.168.68.137,100,23,1,11/4/2018 13:41,R_2xPCI3leXLVWkYu,,,,,43.77420044,-88.43520355,anonymous,EN,"2,3",,,,,,,,,,,,,,,,,,,,,,,,,,,,,,,,,,,,,,,,,,,,,,,,,,,,,,,,,,,,,,,,,,,,,,,,,,,,,,,,,,,,,,,,,,,,,,,,,,,,,,,,,,,,,,,,,,,,,,,,,,,,,,,,,,,,,,,,,,,,,,,,,,,,,,,,,,,,,,,,,,,,,,,,,,,,,,,,,,,,,,,,,,,,,,,,,,,,,,,,,,,,,,,,,,,70249,"<span lang=""EN-GB"">Suppose you want to browse the internet when you are with people you know (e.g., acquaintances, colleagues) at a park.<o:p></o:p></span>"
11/4/2018 13:40,11/4/2018 13:44,0,173.172.54.83,100,187,1,11/4/2018 13:44,R_2ZPx6JYdizeIRiB,,,,,32.96730042,-96.98049927,anonymous,EN,"1,2,4",2,,1,,1,,1,,1,,2,"1,2,3",,2,,2,3,,1,,1,,2,,1,,2,,,,,,,,,,,,,,,,,,,,,,,,,,,,,,,,,,,,,,,,,,,,,,,,,,,,,,,,,,,,,,,,,,,,,,,,,,,,,,,,,,,,,,,,,,,,,,,,,,,,,,,,,,,,,,,,,,,,,,,,,,,,,,,,,,,,,,,,,,,,,,,,,,,,,,,,,,,,,,,,,,,,,,,,,,,,,,,,,,,,,,,,42229,"<span lang=""EN-GB"">Suppose you are at Starbucks with your close friends and you realize today is the last day to pay one of your bills online.<o:p></o:p></span>"
11/4/2018 13:42,11/4/2018 13:48,0,71.176.70.228,100,335,1,11/4/2018 13:48,R_x4rSX7YKkQgfNvj,,,,,43.03540039,-76.12819672,anonymous,EN,"1,2,3,4,5,6",2,,5,,6,,3,,1,,1,5,,5,,1,6,,"1,2",,"2,3",,"1,2",,5,,4,,"3,4,5",,,,,,,,,,,,,,,,,,,,,,,,,,,,,,,,,,,,,,,,,,,,,,,,,,,,,,,,,,,"2,4",,3,,"2,3",,3,,1,,1,5,,5,,5,,3,,3,,"1,2",,3,,5,,1,,"2,3",,5,,6,,3,,1,,1,"1,3",,5,,5,,3,,3,,2,,3,,5,,4,,1,,3,,4,,1,,2,,1,3,,5,,5,,4,,2,,"1,2",,2,,5,,4,,,,,,,,,,,,,,,,,,,,,,,,,,,,,,,male,20,student,3,3,,2,14217,"<span lang=""EN-GB"">Suppose you want to find a route to a coffee shop when you are
     at home </span><span lang=""EN-GB"">with
     people you are close to (e.g., friends, family members)</span><strong><span lang=""EN-GB""><o:p></o:p></span></strong>"
11/4/2018 13:52,11/4/2018 13:52,0,104.185.97.239,100,8,1,11/4/2018 13:52,R_2BeLO5NnQ8qOnKq,,,,,30.6697998,-87.17939758,anonymous,EN,3,,,,,,,,,,,,,,,,,,,,,,,,,,,,,,,,,,,,,,,,,,,,,,,,,,,,,,,,,,,,,,,,,,,,,,,,,,,,,,,,,,,,,,,,,,,,,,,,,,,,,,,,,,,,,,,,,,,,,,,,,,,,,,,,,,,,,,,,,,,,,,,,,,,,,,,,,,,,,,,,,,,,,,,,,,,,,,,,,,,,,,,,,,,,,,,,,,,,,,,,,,,,,,,,,,,23170,"<span lang=""EN-GB"">Suppose
     you want to listen to some audio when you are with your friends at
     Starbucks.<o:p></o:p></span>"
11/4/2018 13:51,11/4/2018 13:54,0,100.15.132.62,100,132,1,11/4/2018 13:54,R_YWDjUfRzgEPCA5r,,,,,38.99960327,-76.88400269,anonymous,EN,"1,2,4","4,5",,"1,2",,1,,1,,2,,3,3,,"1,2",,3,6,,1,,"1,3",,2,,2,,4,,,,,,,,,,,,,,,,,,,,,,,,,,,,,,,,,,,,,,,,,,,,,,,,,,,,,,,,,,,,,,,,,,,,,,,,,,,,,,,,,,,,,,,,,,,,,,,,,,,,,,,,,,,,,,,,,,,,,,,,,,,,,,,,,,,,,,,,,,,,,,,,,,,,,,,,,,,,,,,,,,,,,,,,,,,,,,,,,,,,,,,,8738,"<span lang=""EN-GB"">Suppose
     you want to a view a text message when you with people you know (e.g.,
     acquaintances, colleagues) at a street<strong>.</strong><o:p></o:p></span>"
11/4/2018 13:51,11/4/2018 13:54,0,64.107.147.130,100,172,1,11/4/2018 13:54,R_3oMbiqrkBEserss,,,,,41.51019287,-87.74060059,anonymous,EN,"1,2,3,5",4,,1,,1,,3,,1,,2,3,,5,,1,3,,2,,3,,2,,1,,1,,,,,,,,,,,,,,,,,,,,,,,,,,,,,,,,,,,,,,,,,,,,,,,,,,,,,,,,,,,,,,,,,,,,,,,,,,,,,,,,,,,,,,,,,,,,,,,,,,,,,,,,,,,,,,,,,,,,,,,,,,,,,,,,,,,,,,,,,,,,,,,,,,,,,,,,,,,,,,,,,,,,,,,,,,,,,,,,,,,,,,,,92134,"<span lang=""EN-GB"">Suppose you want to a send a text message when you are alone at a street.<o:p></o:p></span>"
11/4/2018 13:48,11/4/2018 13:56,0,71.176.70.228,100,446,1,11/4/2018 13:56,R_1pzZNPWlmj3O88B,,,,,43.03540039,-76.12819672,anonymous,EN,"1,2,3,4,5,6","2,3",,1,,"2,3",,3,,1,,4,5,,5,,4,3,,"1,2",,"2,3",,"1,2",,5,,1,,"1,2,3,4","2,4",,5,,"2,3",,3,,1,,1,5,,5,,5,,3,,"2,3",,2,,"2,3",,1,,4,,"1,2,4",,"1,3",,"3,4",,3,,1,,3,3,,5,,5,,"1,3",,"2,3",,5,,"2,3",,5,,4,,4,,1,,"2,3",,3,,1,,3,3,,5,,5,,3,,"2,3",,"2,3",,"2,3",,5,,4,,"2,3",,5,,"2,3",,3,,1,,1,1,,5,,5,,"2,3",,"2,3",,"1,2",,"2,3",,5,,4,,,,,,,,,,,,,,,,,,,,,,,,,,,,,,,,,,,,,,,,,,,,,,,,,,,,,,,,,,,,male,20,student,3,2,,3,8577,"<span lang=""EN-GB"">Suppose you have planned to meet a friend next week and you want to&nbsp;put this on your calendar </span><span lang=""EN-GB"">when</span><span lang=""EN-GB""> you are surrounded by people you know (e.g., acquaintances, colleagues) at your home.</span><span lang=""EN-GB""><o:p></o:p></span>"
11/4/2018 13:54,11/4/2018 13:57,0,100.15.132.62,100,216,1,11/4/2018 13:57,R_2V2zPszfopsPQV4,,,,,38.99960327,-76.88400269,anonymous,EN,"1,2,4","1,2,4,5",,5,,6,,1,,"1,3",,2,5,,5,,2,4,,5,,"1,2,3",,"1,2",,1,,4,,,,,,,,,,,,,,,,,,,,,,,,,,,,,,,,,,,,,,,,,,,,,,,,,,,,,,,,,,,,,,,,,,,,,,,,,,,,,,,,,,,,,,,,,,,,,,,,,,,,,,,,,,,,,,,,,,,,,,,,,,,,,,,,,,,,,,,,,,,,,,,,,,,,,,,,,,,,,,,,,,,,,,,,,,,,,,,,,,,,,,,,90235,"<span lang=""EN-GB"">Suppose
     you want&nbsp; to a send a text message
     when you are walking with a very close friend on a street<o:p></o:p></span>"
11/4/2018 13:58,11/4/2018 14:00,0,172.3.149.50,100,135,1,11/4/2018 14:00,R_2zRTUPaeMaW1imS,,,,,26.65870667,-80.24140167,anonymous,EN,"1,2,3,4,5",3,,2,,2,,1,,1,,4,2,,1,,2,2,,2,,3,,1,,2,,"2,3",extensions,,,,,,,,,,,,,,,,,,,,,,,,,,,,,,,,,,,,,,,,,,,,,,,,,,,,,,,,,,,,,,,,,,,,,,,,,,,,,,,,,,,,,,,,,,,,,,,,,,,,,,,,,,,,,,,,,,,,,,,,,,,,,,,,,,,,,,,,,,,,,,,,,,,,,,,,,,,,,,,,,,,,,,,,,,,,,,,,,,,,,,,83031,"Suppose you want to purchase something (e.g., book,
     household items) online when you are with people
     you know (e.g., acquaintances, colleagues) at
     Starbucks.<o:p></o:p>"
11/4/2018 14:02,11/4/2018 14:05,0,71.176.70.228,100,166,1,11/4/2018 14:05,R_vjemAGI3auElYdP,,,,,43.03540039,-76.12819672,anonymous,EN,"1,2,3,4,5,6","2,3",,5,,2,,1,,1,,1,5,,5,,1,"2,3",,"1,2",,"2,3",,"1,2",,3,,"1,2",,"2,6",,,,,,,,,,,,,,,,,,,,,,,,,,,,,,2,,1,,"2,3",,1,,1,,1,"1,3",,2,,2,,"1,3",,"2,3",,"1,2",,"2,3",,5,,4,,,,,,,,,,,,,,,,,,,,,,,,,,,,,,,,,,,,,,,,,,,,,,,,,,,,,,,,,,,,,,,,,,,,,,,,,,,,,,,,,,,,,,,,,2,,1,,2,,1,,1,,1,5,,5,,5,,3,,"1,2,3",,2,,"1,2,3",,5,,1,,male,50,manager,4,1,,4,15999,"<span lang=""EN-GB"">Suppose
     you want to a send a text message when you are surrounded by people you
     know (e.g., acquaintances, colleagues) at a restaurant.<o:p></o:p></span>"
11/4/2018 14:06,11/4/2018 14:09,0,71.176.70.228,100,233,1,11/4/2018 14:09,R_21GGUlqVfHV0sFa,,,,,43.03540039,-76.12819672,anonymous,EN,"1,2,3,4,5,6","1,2",,1,,"2,3",,3,,1,,1,1,,5,,1,"2,3",,"1,2",,"2,3",,"1,2",,1,,4,,"2,6",,,,,,,,,,,,,,,,,,,,,,,,,,,,,,2,,5,,3,,1,,1,,1,3,,5,,5,,3,,"1,2,3",,2,,"1,2,3",,"1,2,3",,4,,,,,,,,,,,,,,,,,,,,,,,,,,,,,,,,,,,,,,,,,,,,,,,,,,,,,,,,,,,,,,,,,,,,,,,,,,,,,,,,,,,,,,,,,"1,2",,5,,"1,2",,1,,1,,1,1,,"2,3",,"2,3",,3,,"1,2,3",,"1,2",,"1,2,3",,5,,"1,2",,female,40,consultant,5,3,,4,1651,"<span lang=""EN-GB"">Suppose
     you want to a send an email when you are walking on a street.<o:p></o:p></span>"
11/4/2018 14:09,11/4/2018 14:12,0,47.4.220.188,100,185,1,11/4/2018 14:12,R_xz5yI0wMqo3tk1b,,,,,44.15379333,-93.9960022,anonymous,EN,"1,2,4","2,4,5",,"1,2",,"2,3",,1,,"3,4",,2,"1,2",,"1,3",,"2,3","2,3",,2,,"3,6",,5,,"1,2",,1,,,,,,,,,,,,,,,,,,,,,,,,,,,,,,,,,,,,,,,,,,,,,,,,,,,,,,,,,,,,,,,,,,,,,,,,,,,,,,,,,,,,,,,,,,,,,,,,,,,,,,,,,,,,,,,,,,,,,,,,,,,,,,,,,,,,,,,,,,,,,,,,,,,,,,,,,,,,,,,,,,,,,,,,,,,,,,,,,,,,,,,,94006,"<span lang=""EN-GB"">Suppose
     you want to set up a reminder about something when you are with people you
     know (e.g., acquaintances, colleagues) at Starbucks.<o:p></o:p></span>"
11/4/2018 8:10,11/4/2018 14:14,0,73.209.235.236,100,21843,1,11/4/2018 14:14,R_237CoYItaCqacPp,,,,,41.60180664,-87.88990021,anonymous,EN,"1,2,3,4,5",5,,1,,"1,3",,1,,1,,3,2,,2,,3,"2,3",,2,,"1,3,6",,2,,1,,2,,"1,2,4",7,,5,,1,,3,,1,,4,1,,2,,5,,6,,7,,5,,6,,1,,1,,2,,5,,1,,1,,1,,4,3,,5,,5,,6,,7,,5,,"3,4",,1,,4,,,,,,,,,,,,,,,,,,,,,,,,,,,,,,,"2,5",,5,,1,,1,,1,,4,5,,5,,5,,6,,7,,5,,3,,1,,4,,,,,,,,,,,,,,,,,,,,,,,,,,,,,,,,,,,,,,,,,,,,,,,,,,,,,,,,,,,,,,,,,,,43485,"<span lang=""EN-GB"">Suppose you want to a send an email when you are surrounded with people you are close to (e.g., friends, family members) at your home.<strong><o:p></o:p></strong></span>"
11/4/2018 14:10,11/4/2018 14:16,0,71.176.70.228,100,364,1,11/4/2018 14:16,R_2BsreC1KIOwUpED,,,,,43.03540039,-76.12819672,anonymous,EN,"1,2,3,4,5,6","1,2",,3,,"3,4",,1,,1,,1,1,,"2,3",,1,"1,2,3",,"1,3",,"2,3",,"1,3",,1,,"1,2",,"1,3,5",4,,1,,"1,3",,1,,1,,1,3,,5,,5,,"2,3",,"2,3",,2,,"2,3",,5,,"1,2",,,,,,,,,,,,,,,,,,,,,,,,,,,,,,,4,,1,,"2,3",,3,,1,,1,5,,5,,5,,3,,"2,3",,"1,2",,"2,3",,3,,1,,,,,,,,,,,,,,,,,,,,,,,,,,,,,,,1,,5,,"2,3",,1,,1,,2,5,,5,,5,,4,,"2,4",,3,,"2,4",,5,,4,,,,,,,,,,,,,,,,,,,,,,,,,,,,,,,female,20,student,3,2,,2,87721,"<span lang=""EN-GB"">Suppose
     you want to listen to some audio when you are alone at your home.<strong><o:p></o:p></strong></span>"
11/4/2018 14:09,11/4/2018 14:18,0,64.26.82.105,100,561,1,11/4/2018 14:18,R_3I3qKGuJMacS4aZ,,,,,39.4756012,-76.24199677,anonymous,EN,"1,2,4",2,,5,,"1,2",,3,,1,,4,3,,5,,4,6,,2,,"1,6",,2,,1,,4,,2,,,,,,,,,,,,,,,,,,,,,,,,,,,,,,2,,5,,2,,1,,1,,4,3,,5,,5,,6,,6,,2,,6,,1,,4,,,,,,,,,,,,,,,,,,,,,,,,,,,,,,,,,,,,,,,,,,,,,,,,,,,,,,,,,,,,,,,,,,,,,,,,,,,,,,,,,,,,,,,,,,,,,,,,,,,,,,,,,,,,,,,,,,,,,,Female,34,Government,5,1,,4,84205,"<span lang=""EN-GB"">Suppose
     you want to call your mother for sharing an important update about your
     life when you are alone at Starbucks.<o:p></o:p></span>"
11/4/2018 14:16,11/4/2018 14:21,0,71.176.70.228,100,301,1,11/4/2018 14:21,R_1eRCWkte6o7h9kh,,,,,43.03540039,-76.12819672,anonymous,EN,"1,2,3,4,5,6","2,3",,5,,3,,3,,1,,1,5,,5,,1,3,,"1,2",,3,,"1,2",,5,,"1,2",,"2,4",,,,,,,,,,,,,,,,,,,,,,,,,,,,,,"1,2",,3,,3,,1,,1,,1,2,,5,,5,,3,,"2,3",,"1,2",,"2,3",,5,,4,,,,,,,,,,,,,,,,,,,,,,,,,,,,,,,2,,1,,"1,2,3",,1,,1,,1,5,,5,,5,,"1,3",,"2,3",,"1,2",,"2,3",,5,,"1,2",,,,,,,,,,,,,,,,,,,,,,,,,,,,,,,,,,,,,,,,,,,,,,,,,,,,,,,,,,,,male,33,consultant,4,3,,3,60520,"<span lang=""EN-GB"" style=""font-size:11.0pt;line-height:115%;
font-family:&quot;Arial&quot;,sans-serif;mso-fareast-font-family:Arial;mso-ansi-language:
EN-GB;mso-fareast-language:EN-US;mso-bidi-language:AR-SA"">Suppose you want to
read a digital document when you are at Starbucks surrounded with your close
friends.</span>"
11/4/2018 14:22,11/4/2018 14:27,0,71.36.102.222,100,324,1,11/4/2018 14:27,R_2BqCpbUib17zWhk,,,,,45.47619629,-122.5596008,anonymous,EN,"1,3,4","1,2",,3,,1,,1,,3,,"2,3","1,2",,1,,3,6,,5,,6,,"1,2",,"1,2",,"1,2",,,,,,,,,,,,,,,,,,,,,,,,,,,,,,,,,,,,,,,,,,,,,,,,,,,,,,,,,,,,,,,,,,,,,,,,,,,,,,,,,,,,,,,,,,,,,,,,,,,,,,,,,,,,,,,,,,,,,,,,,,,,,,,,,,,,,,,,,,,,,,,,,,,,,,,,,,,,,,,,,,,,,,,,,,,,,,,,,,,,,,,,98427,"<span lang=""EN-GB"">Suppose you are alone at home, you want to take a break from studying/working&nbsp;</span>so you decide to play an online/digital game with some close friends ."
11/4/2018 14:22,11/4/2018 14:27,0,71.176.70.228,100,331,1,11/4/2018 14:27,R_1PRxR0yH4btZq6d,,,,,43.03540039,-76.12819672,anonymous,EN,"1,2,3,4,5,6",7,,5,,"1,2,3",,3,,1,,1,"2,3",,5,,1,"1,3",,"1,2",,3,,"1,2",,1,,4,,"1,3,4","2,4",,1,,3,,3,,1,,1,2,,5,,5,,"1,2,3",,3,,2,,3,,5,,4,,,,,,,,,,,,,,,,,,,,,,,,,,,,,,,4,,3,,"1,3",,3,,1,,1,"2,3",,5,,5,,"1,2",,3,,"1,2",,3,,"2,3",,2,,"2,3",,5,,3,,1,,1,,4,2,,5,,5,,3,,3,,"1,2",,3,,1,,"1,2",,,,,,,,,,,,,,,,,,,,,,,,,,,,,,,,,,,,,,,,,,,,,,,,,,,,,,,,,,,,female,44,cleaner,2,2,,1,18891,"<span lang=""EN-GB"">Suppose you are at home with people you are close to (e.g., friends, family members) when you realize today is the last day to pay one of your bills online.<o:p></o:p></span>"
11/4/2018 14:28,11/4/2018 14:33,0,71.176.70.228,100,297,1,11/4/2018 14:33,R_bgCJHev356p4Nd7,,,,,43.03540039,-76.12819672,anonymous,EN,"1,2,3,4,5,6","1,2",,5,,"3,4",,1,,1,,4,3,,2,,4,3,,"1,2",,"2,3",,"1,2",,1,,1,,"2,6",,,,,,,,,,,,,,,,,,,,,,,,,,,,,,"1,2",,5,,3,,1,,1,,1,1,,"2,3",,2,,3,,"2,3",,2,,"2,3",,5,,4,,,,,,,,,,,,,,,,,,,,,,,,,,,,,,,,,,,,,,,,,,,,,,,,,,,,,,,,,,,,,,,,,,,,,,,,,,,,,,,,,,,,,,,,,2,,5,,3,,3,,1,,1,5,,2,,2,,"2,3",,"2,3",,5,,"2,3",,1,,4,,,,,,,,,60090,"<span lang=""EN-GB"">Suppose you want to find a route to home while walking on a street with people you know (e.g., acquaintances, colleagues).<o:p></o:p></span>"
11/4/2018 14:33,11/4/2018 14:35,0,71.176.70.228,100,160,1,11/4/2018 14:35,R_1g2uulZmDFd2A5t,,,,,43.03540039,-76.12819672,anonymous,EN,"1,2,3,4,5,6",2,,5,,2,,3,,1,,1,5,,5,,1,3,,"1,2",,3,,"1,2",,5,,4,,2,,,,,,,,,,,,,,,,,,,,,,,,,,,,,,2,,1,,3,,1,,1,,"1,2",2,,5,,5,,3,,3,,2,,3,,5,,4,,,,,,,,,,,,,,,,,,,,,,,,,,,,,,,,,,,,,,,,,,,,,,,,,,,,,,,,,,,,,,,,,,,,,,,,,,,,,,,,,,,,,,,,,,,,,,,,,,,,,,,,,,,,,,,,,,,,,,male,40,driver,2,3,,2,32254,"<span lang=""EN-GB"">Suppose you have planned to meet a friend next week and you want to put this on your calendar when you are alone at Starbucks.<o:p></o:p></span>"
11/4/2018 14:36,11/4/2018 14:38,0,71.176.70.228,100,172,1,11/4/2018 14:38,R_RgLggEs3ZJT46R3,,,,,43.03540039,-76.12819672,anonymous,EN,"1,2,3,4,5,6","2,3",,3,,1,,1,,1,,1,5,,5,,1,3,,"1,2",,3,,"1,2",,5,,4,,4,,,,,,,,,,,,,,,,,,,,,,,,,,,,,,,,,,,,,,,,,,,,,,,,,,,,,,,,,,,,,,,,,,,,,,,,,,,,,,,,,,,,,,,,"2,3",,1,,"1,2,3",,1,,1,,1,3,,5,,5,,3,,3,,5,,3,,5,,4,,,,,,,,,,,,,,,,,,,,,,,,,,,,,,,,,,,,,,,,,,,,,,,,,,,,,,,,,,,,female,40,teacher,4,2,,3,32739,"<span lang=""EN-GB"">Suppose you are at a park, you have just read a book you loved and now you&nbsp;</span>want to write a review for it to share with people you are close to (e.g., friends, family members)"
11/4/2018 14:28,11/4/2018 14:40,0,173.108.202.28,100,678,1,11/4/2018 14:40,R_3sambXwIGMz8qo6,,,,,39.11320496,-94.66929626,anonymous,EN,"1,2,3,4",2,,"1,3",,3,,1,,3,,3,3,,2,,2,2,,3,,3,,2,,3,,2,,,,,,,,,,,,,,,,,,,,,,,,,,,,,,,,,,,,,,,,,,,,,,,,,,,,,,,,,,,,,,,,,,,,,,,,,,,,,,,,,,,,,,,,,,,,,,,,,,,,,,,,,,,,,,,,,,,,,,,,,,,,,,,,,,,,,,,,,,,,,,,,,,,,,,,,,,,,,,,,,,,,,,,,,,,,,,,,,,,,,,,,55060,"<span lang=""EN-GB"">Suppose
     you want to set up a reminder when you are alone at your home.<strong><o:p></o:p></strong></span>"
11/4/2018 10:24,11/4/2018 14:40,0,71.176.70.228,100,15317,1,11/4/2018 14:40,R_33fLIdUP9QFqWWd,,,,,43.03540039,-76.12819672,anonymous,EN,"1,2,3,4,5,6",2,,5,,3,,1,,1,,1,1,,2,,1,"1,3",,"1,2",,"2,3",,"1,2",,3,,"1,2",,"2,4",,,,,,,,,,,,,,,,,,,,,,,,,,,,,,2,,5,,1,,1,,1,,1,5,,5,,5,,3,,"2,3",,2,,"2,3",,1,,"1,2",,,,,,,,,,,,,,,,,,,,,,,,,,,,,,,7,,1,,1,,1,,1,,1,5,,5,,5,,3,,3,,5,,3,,5,,1,,,,,,,,,,,,,,,,,,,,,,,,,,,,,,,,,,,,,,,,,,,,,,,,,,,,,,,,,,,,Female,20,Student,3,6,,2,71746,"<span lang=""EN-GB"">Suppose you want to read a digital document when you are in a park with people you know (e.g., acquaintances, colleagues).<o:p></o:p></span>"
11/4/2018 14:44,11/4/2018 14:51,0,98.246.225.183,100,422,1,11/4/2018 14:51,R_2Xie2fgmlJewaSb,,,,,44.53930664,-123.2798996,anonymous,EN,"2,3,4","2,4,5",,1,,"1,2,3",,1,,1,,"2,3","2,3",,5,,"2,3","1,3",,"2,3",,"1,3,6",,"2,3",,1,,2,,2,,,,,,,,,,,,,,,,,,,,,,,,,,,,,,"1,2,5",,1,,"1,2",,1,,1,,"2,3",3,,5,,5,,"1,3",,3,,2,,3,,1,,2,,,,,,,,,,,,,,,,,,,,,,,,,,,,,,,,,,,,,,,,,,,,,,,,,,,,,,,,,,,,,,,,,,,,,,,,,,,,,,,,,,,,,,,,,,,,,,,,,,,,,,,,,,,,,,,,,,,,,,Female,38,Advertising Coordinator,5,1,,3,10749,"<span lang=""EN-GB"">Suppose
     you want to set up a reminder about something when you are at Starbucks by
     yourself.<o:p></o:p></span>"
11/4/2018 14:49,11/4/2018 14:55,0,47.199.68.211,100,368,1,11/4/2018 14:55,R_2c2csHNSEAMPLlm,,,,,27.32620239,-82.47239685,anonymous,EN,"2,3,4,5",2,,5,,1,,3,,1,,4,5,,5,,4,6,,5,,6,,5,,5,,4,,4,,,,,,,,,,,,,,,,,,,,,,,,,,,,,,,,,,,,,,,,,,,,,,,,,,,,,,,,,,,,,,,,,,,,,,,,,,,,,,,,,,,,,,,,2,,5,,1,,3,,1,,4,5,,5,,5,,6,,6,,5,,6,,5,,4,,,,,,,,,,,,,,,,,,,,,,,,,,,,,,,,,,,,,,,,,,,,,,,,,,,,,,,,,,,,female,56,landlord,5,1,,2,18748,"<span lang=""EN-GB"">Suppose you want to browse through one of your social media profiles when you&nbsp;</span>are at your home."
11/4/2018 14:50,11/4/2018 14:55,0,108.252.26.14,100,294,1,11/4/2018 14:55,R_8220OT2nLxBB3kR,,,,,30.12879944,-95.42389679,anonymous,EN,"1,2,4,6",4,,5,,1,,1,,1,,3,2,,1,,1,2,,1,,2,,2,,"1,3",,2,,,,,,,,,,,,,,,,,,,,,,,,,,,,,,,,,,,,,,,,,,,,,,,,,,,,,,,,,,,,,,,,,,,,,,,,,,,,,,,,,,,,,,,,,,,,,,,,,,,,,,,,,,,,,,,,,,,,,,,,,,,,,,,,,,,,,,,,,,,,,,,,,,,,,,,,,,,,,,,,,,,,,,,,,,,,,,,,,,,,,,,,95236,"<span lang=""EN-GB"">Suppose
     you want to purchase something online when you are with people you know
     (e.g., acquaintances, colleagues) at your home.<o:p></o:p></span>"
11/4/2018 14:52,11/4/2018 14:55,0,173.20.159.56,100,212,1,11/4/2018 14:55,R_2WSxrMduH2TbkVX,,,,,41.64379883,-91.56690216,anonymous,EN,"1,2,4,6",7,,"1,2,3",,"1,2,3,4",,1,,1,,3,"1,2,3",,"1,2",,"1,2,3","1,2,3",,"1,2,3",,"3,4",,5,,"1,2,3",,"1,2",,,,,,,,,,,,,,,,,,,,,,,,,,,,,,,,,,,,,,,,,,,,,,,,,,,,,,,,,,,,,,,,,,,,,,,,,,,,,,,,,,,,,,,,,,,,,,,,,,,,,,,,,,,,,,,,,,,,,,,,,,,,,,,,,,,,,,,,,,,,,,,,,,,,,,,,,,,,,,,,,,,,,,,,,,,,,,,,,,,,,,,,35828,"<span lang=""EN-GB"">Suppose you want to read a digital document when you are at Starbucks with people you know (e.g., acquaintances, colleagues).<o:p></o:p></span>"
11/4/2018 14:52,11/4/2018 14:57,0,45.23.181.158,100,352,1,11/4/2018 14:57,R_2ZCZqmQNcRwZeNR,,,,,32.51780701,-94.7303009,anonymous,EN,"1,2,3",2,,5,,2,,1,,1,,3,3,,5,,2,2,,2,,4,,2,,1,,4,,,,,,,,,,,,,,,,,,,,,,,,,,,,,,,,,,,,,,,,,,,,,,,,,,,,,,,,,,,,,,,,,,,,,,,,,,,,,,,,,,,,,,,,,,,,,,,,,,,,,,,,,,,,,,,,,,,,,,,,,,,,,,,,,,,,,,,,,,,,,,,,,,,,,,,,,,,,,,,,,,,,,,,,,,,,,,,,,,,,,,,,53600,"<span lang=""EN-GB"">Suppose
     you are at starbucks and you realize today is the last day to pay one of
     your bills online.<o:p></o:p></span>"
11/4/2018 14:53,11/4/2018 15:03,0,71.228.146.92,100,553,1,11/4/2018 15:03,R_2aIxk6NPNJinita,,,,,32.14219666,-111.0505981,anonymous,EN,"1,2,3,4",5,,2,,"1,2",,1,,"1,3,4",,3,"2,3",,"1,2",,3,"1,2,3",,"2,3",,"3,4",,2,,"1,3",,"1,2",,,,,,,,,,,,,,,,,,,,,,,,,,,,,,,,,,,,,,,,,,,,,,,,,,,,,,,,,,,,,,,,,,,,,,,,,,,,,,,,,,,,,,,,,,,,,,,,,,,,,,,,,,,,,,,,,,,,,,,,,,,,,,,,,,,,,,,,,,,,,,,,,,,,,,,,,,,,,,,,,,,,,,,,,,,,,,,,,,,,,,,,52514,"<span lang=""EN-GB"">Suppose you want to control some devices/appliances (e.g., smart lights) when you are alone at home.<o:p></o:p></span>"
11/4/2018 14:58,11/4/2018 15:04,0,67.244.94.28,100,333,1,11/4/2018 15:04,R_AKZScbmRZ9EFDAR,,,,,40.74530029,-73.86109924,anonymous,EN,"1,2,3,4","1,2,4",,1,,1,,1,,1,,3,1,,3,,3,3,,2,,2,,2,,2,,2,,2,,,,,,,,,,,,,,,,,,,,,,,,,,,,,,1,,2,,1,,1,,1,,3,1,,1,,3,,3,,2,,2,,2,,2,,2,,,,,,,,,,,,,,,,,,,,,,,,,,,,,,,,,,,,,,,,,,,,,,,,,,,,,,,,,,,,,,,,,,,,,,,,,,,,,,,,,,,,,,,,,,,,,,,,,,,,,,,,,,,,,,,,,,,,,,,,,,,,,31747,"<span style=""color: rgb(0, 0, 0); font-family: Times; font-size: 16px;"">Suppose you want control some devices/appliances (e.g., smart lights) when you are with people you know (e.g., acquaintances, colleagues).</span>"
11/4/2018 14:58,11/4/2018 15:04,0,67.253.140.189,100,313,1,11/4/2018 15:04,R_PTk9N2ITFDPPfzP,,,,,43.59460449,-70.60510254,anonymous,EN,"1,2,4",2,,1,,"1,3",,1,,1,,2,"1,2",,"1,2",,"2,3",1,,"1,2,3",,"2,3",,"1,2,3",,"1,2",,"1,2",,,,,,,,,,,,,,,,,,,,,,,,,,,,,,,,,,,,,,,,,,,,,,,,,,,,,,,,,,,,,,,,,,,,,,,,,,,,,,,,,,,,,,,,,,,,,,,,,,,,,,,,,,,,,,,,,,,,,,,,,,,,,,,,,,,,,,,,,,,,,,,,,,,,,,,,,,,,,,,,,,,,,,,,,,,,,,,,,,,,,,,,67985,"<span lang=""EN-GB"">Suppose you want to call your mother for sharing an important
     update about your life&nbsp; when you
     with people you know (e.g., acquaintances, colleagues) at a park<o:p></o:p></span>"
11/4/2018 15:04,11/4/2018 15:08,0,75.110.228.205,100,225,1,11/4/2018 15:08,R_OHd3PVbQ6ksUYuJ,,,,,35.99040222,-77.84680176,anonymous,EN,"1,2,3,4,5,6","1,2,4",,"2,3",,"1,2,3",,1,,"2,3,4",,"2,3","2,3",,"1,3",,"1,2","2,3",,"1,3",,"1,3,4",,"2,3",,"1,3",,"1,2",,,,,,,,,,,,,,,,,,,,,,,,,,,,,,,,,,,,,,,,,,,,,,,,,,,,,,,,,,,,,,,,,,,,,,,,,,,,,,,,,,,,,,,,,,,,,,,,,,,,,,,,,,,,,,,,,,,,,,,,,,,,,,,,,,,,,,,,,,,,,,,,,,,,,,,,,,,,,,,,,,,,,,,,,,,,,,,,,,,,,,,,39324,"<span lang=""EN-GB"">Suppose
     you want to listen to some audio when you are with your close friends in a
     park.<o:p></o:p></span>"
11/4/2018 15:10,11/4/2018 15:10,0,104.50.112.70,100,8,1,11/4/2018 15:10,R_2pKvI1uGqV3CGNz,,,,,41.67900085,-88.14029694,anonymous,EN,1,,,,,,,,,,,,,,,,,,,,,,,,,,,,,,,,,,,,,,,,,,,,,,,,,,,,,,,,,,,,,,,,,,,,,,,,,,,,,,,,,,,,,,,,,,,,,,,,,,,,,,,,,,,,,,,,,,,,,,,,,,,,,,,,,,,,,,,,,,,,,,,,,,,,,,,,,,,,,,,,,,,,,,,,,,,,,,,,,,,,,,,,,,,,,,,,,,,,,,,,,,,,,,,,,,,21791,"<span lang=""EN-GB"">Suppose you want to a view a text message when you are alone at a street.<o:p></o:p></span>"
11/4/2018 15:10,11/4/2018 15:15,0,100.14.86.199,100,316,1,11/4/2018 15:15,R_Rh8RyybB5STWyC5,,,,,39.94410706,-75.58820343,anonymous,EN,"1,2,4",7,,5,,1,,1,,1,,4,3,,5,,1,2,,5,,6,,5,,5,,4,,,,,,,,,,,,,,,,,,,,,,,,,,,,,,,,,,,,,,,,,,,,,,,,,,,,,,,,,,,,,,,,,,,,,,,,,,,,,,,,,,,,,,,,,,,,,,,,,,,,,,,,,,,,,,,,,,,,,,,,,,,,,,,,,,,,,,,,,,,,,,,,,,,,,,,,,,,,,,,,,,,,,,,,,,,,,,,,,,,,,,,,30691,"<span lang=""EN-GB"">Suppose
     you want to watch some video when you are with people you know (e.g.,
     acquaintances, colleagues) in a park.<o:p></o:p></span>"
10/31/2018 13:08,11/4/2018 15:17,0,75.141.187.109,100,356970,1,11/4/2018 15:17,R_1jxpaqNYSbwGdxw,,,,,32.75489807,-97.78990173,anonymous,EN,"1,2,3,4","1,2",,5,,"2,4",,1,,1,,2,5,,"1,2",,1,6,,2,,"2,3",,1,,"1,2",,4,,,,,,,,,,,,,,,,,,,,,,,,,,,,,,,,,,,,,,,,,,,,,,,,,,,,,,,,,,,,,,,,,,,,,,,,,,,,,,,,,,,,,,,,,,,,,,,,,,,,,,,,,,,,,,,,,,,,,,,,,,,,,,,,,,,,,,,,,,,,,,,,,,,,,,,,,,,,,,,,,,,,,,,,,,,,,,,,,,,,,,,,28268,"<span lang=""EN-GB"">Suppose
     you want to call your mother for sharing an important update about your
     life&nbsp; when you are alone at a park<o:p></o:p></span>"
10/28/2018 16:20,10/28/2018 16:20,0,70.160.77.17,78,24,0,11/4/2018 15:21,R_10MDyseX0slKDxA,,,,,,,anonymous,EN,"2,3,4,5",,,,,,,,,,,,,,,,,,,,,,,,,,,,,,,,,,,,,,,,,,,,,,,,,,,,,,,,,,,,,,,,,,,,,,,,,,,,,,,,,,,,,,,,,,,,,,,,,,,,,,,,,,,,,,,,,,,,,,,,,,,,,,,,,,,,,,,,,,,,,,,,,,,,,,,,,,,,,,,,,,,,,,,,,,,,,,,,,,,,,,,,,,,,,,,,,,,,,,,,,,,,,,,,,,,31788,"<span lang=""EN-GB"">Suppose
     you want to set up a reminder when you with people you know (e.g.,
     acquaintances, colleagues) at a park.<o:p></o:p></span>"
11/4/2018 15:13,11/4/2018 15:21,0,104.129.198.124,100,510,1,11/4/2018 15:21,R_PTJRtebp15YtD3j,,,,,34.07369995,-118.3720016,anonymous,EN,"1,2,6","2,4,5",,1,,"1,2",,1,,1,,"2,3","1,2",,5,,"2,3",2,,2,,"3,4,6",,2,,1,,"1,2",,"1,2","2,4",,1,,"1,2",,3,,1,,1,3,,5,,5,,6,,7,,2,,7,,1,,4,,"2,5",,1,,2,,1,,1,,2,5,,"2,3",,"2,3",,6,,"3,4",,2,,"3,4",,1,,2,,,,,,,,,,,,,,,,,,,,,,,,,,,,,,,,,,,,,,,,,,,,,,,,,,,,,,,,,,,,,,,,,,,,,,,,,,,,,,,,,,,,,,,,,,,,,,,,,,,,,,,,,,,,,,,,,,,,,,Female,23,Electron microscopist,4,1,,4,8397,"<span lang=""EN-GB"" style=""font-size:11.0pt;line-height:115%;
font-family:&quot;Arial&quot;,sans-serif;mso-fareast-font-family:Arial;mso-ansi-language:
EN-GB;mso-fareast-language:EN-US;mso-bidi-language:AR-SA"">Suppose you want to browse the internet when you are alone at your home.</span>"
11/4/2018 15:20,11/4/2018 15:22,0,190.130.204.159,100,92,1,11/4/2018 15:22,R_2yflCeQSjY0A18T,,,,,-0.216705322,-78.5,anonymous,EN,"1,2,4","1,2",,1,,"1,3,4",,1,,1,,2,"2,3",,"1,3",,"1,2","2,4",,"1,2",,"1,2",,1,,"1,3",,2,,,,,,,,,,,,,,,,,,,,,,,,,,,,,,,,,,,,,,,,,,,,,,,,,,,,,,,,,,,,,,,,,,,,,,,,,,,,,,,,,,,,,,,,,,,,,,,,,,,,,,,,,,,,,,,,,,,,,,,,,,,,,,,,,,,,,,,,,,,,,,,,,,,,,,,,,,,,,,,,,,,,,,,,,,,,,,,,,,,,,,,,82976,"<span lang=""EN-GB"">Suppose you have planned to meet a friend next week and you want to put this on your calendar when you are surrounded by people you know (e.g., acquaintances, colleagues) at a restaurant.<o:p></o:p></span>"
11/4/2018 15:21,11/4/2018 15:25,0,87.101.95.39,100,208,1,11/4/2018 15:25,R_3EK1at8k8e57Hyk,,,,,40.71850586,-74.00250244,anonymous,EN,"1,2,3,4,5","3,4",,2,,1,,1,,1,,1,3,,2,,2,"3,4",,1,,1,,2,,1,,1,,,,,,,,,,,,,,,,,,,,,,,,,,,,,,,,,,,,,,,,,,,,,,,,,,,,,,,,,,,,,,,,,,,,,,,,,,,,,,,,,,,,,,,,,,,,,,,,,,,,,,,,,,,,,,,,,,,,,,,,,,,,,,,,,,,,,,,,,,,,,,,,,,,,,,,,,,,,,,,,,,,,,,,,,,,,,,,,,,,,,,,,81169,"<span lang=""EN-GB"">Suppose
     you want to watch some video when you are with your close friends in a
     park.<o:p></o:p></span>"
11/4/2018 15:27,11/4/2018 15:28,0,98.24.163.72,100,18,1,11/4/2018 15:28,R_27BfYNOH9HrmIDZ,,,,,35.20809937,-80.85829926,anonymous,EN,"1,2",,,,,,,,,,,,,,,,,,,,,,,,,,,,,,,,,,,,,,,,,,,,,,,,,,,,,,,,,,,,,,,,,,,,,,,,,,,,,,,,,,,,,,,,,,,,,,,,,,,,,,,,,,,,,,,,,,,,,,,,,,,,,,,,,,,,,,,,,,,,,,,,,,,,,,,,,,,,,,,,,,,,,,,,,,,,,,,,,,,,,,,,,,,,,,,,,,,,,,,,,,,,,,,,,,,2075,"<span lang=""EN-GB"">Suppose
     you want to set up a reminder when you are at home with people you are
     close to (e.g., friends, family members).<strong><o:p></o:p></strong></span>"
11/4/2018 15:25,11/4/2018 15:29,0,174.48.127.188,100,221,1,11/4/2018 15:29,R_1jqxjFlmptbKJi9,,,,,26.1486969,-80.20749664,anonymous,EN,"1,2,3,5","1,2,5",,1,,"1,2,3,4",,1,,3,,3,"1,2,3",,"1,2",,1,"2,3",,"1,2",,"3,4",,2,,"1,2,3",,"1,2",,,,,,,,,,,,,,,,,,,,,,,,,,,,,,,,,,,,,,,,,,,,,,,,,,,,,,,,,,,,,,,,,,,,,,,,,,,,,,,,,,,,,,,,,,,,,,,,,,,,,,,,,,,,,,,,,,,,,,,,,,,,,,,,,,,,,,,,,,,,,,,,,,,,,,,,,,,,,,,,,,,,,,,,,,,,,,,,,,,,,,,,43130,"<span lang=""EN-GB"">Suppose
     you want to listen to some audio when you are with people you know (e.g.,
     acquaintances, colleagues) at your home.<o:p></o:p></span>"
11/4/2018 15:28,11/4/2018 15:31,0,24.243.8.222,100,184,1,11/4/2018 15:31,R_8CxGUmfd6Rk5Fdv,,,,,29.58630371,-98.47689819,anonymous,EN,"1,2,4,5,6","1,2",,"2,3",,"1,3",,1,,1,,"1,3","1,2,3",,"1,3",,2,"2,4",,"2,3",,"2,3",,"2,3",,"1,3",,1,,,,,,,,,,,,,,,,,,,,,,,,,,,,,,,,,,,,,,,,,,,,,,,,,,,,,,,,,,,,,,,,,,,,,,,,,,,,,,,,,,,,,,,,,,,,,,,,,,,,,,,,,,,,,,,,,,,,,,,,,,,,,,,,,,,,,,,,,,,,,,,,,,,,,,,,,,,,,,,,,,,,,,,,,,,,,,,,,,,,,,,,77477,"<span lang=""EN-GB"">Suppose
     you want to watch some video when you are with people you know (e.g.,
     acquaintances, colleagues) at your home.<o:p></o:p></span>"
11/4/2018 15:28,11/4/2018 15:32,0,45.36.136.242,100,203,1,11/4/2018 15:32,R_2CCCi7NJYPdGtER,,,,,36.14280701,-80.30690002,anonymous,EN,"1,2,3",2,,1,,"1,2,3",,1,,1,,2,"2,3",,"2,3",,2,3,,"1,2",,"1,2,4",,2,,"1,2,3",,2,,,,,,,,,,,,,,,,,,,,,,,,,,,,,,,,,,,,,,,,,,,,,,,,,,,,,,,,,,,,,,,,,,,,,,,,,,,,,,,,,,,,,,,,,,,,,,,,,,,,,,,,,,,,,,,,,,,,,,,,,,,,,,,,,,,,,,,,,,,,,,,,,,,,,,,,,,,,,,,,,,,,,,,,,,,,,,,,,,,,,,,,56884,"<span lang=""EN-GB"">Suppose it is a regular working day, you want to track the total amount of calories&nbsp;</span>you consume and burn off during the day.&nbsp;"
10/28/2018 16:39,10/28/2018 16:40,0,69.144.177.72,78,57,0,11/4/2018 15:40,R_8vu2iJduABj06YN,,,,,,,anonymous,EN,"1,2,4,5",,,,,,,,,,,,,,,,,,,,,,,,,,,,,,,,,,,,,,,,,,,,,,,,,,,,,,,,,,,,,,,,,,,,,,,,,,,,,,,,,,,,,,,,,,,,,,,,,,,,,,,,,,,,,,,,,,,,,,,,,,,,,,,,,,,,,,,,,,,,,,,,,,,,,,,,,,,,,,,,,,,,,,,,,,,,,,,,,,,,,,,,,,,,,,,,,,,,,,,,,,,,,,,,,,,772,"<span lang=""EN-GB"">Suppose
     you want to read a digital document) when you are at home with people you
     know (e.g., acquaintances, colleagues).<o:p></o:p></span>"
11/4/2018 15:32,11/4/2018 15:41,0,65.35.241.213,100,524,1,11/4/2018 15:41,R_40gPZE54bfafKHT,,,,,27.91700745,-82.80269623,anonymous,EN,"1,2,3,4",2,,1,,1,,1,,1,,2,1,,3,,2,2,,2,,6,,2,,3,,2,,2,,,,,,,,,,,,,,,,,,,,,,,,,,,,,,2,,3,,1,,1,,1,,2,1,,3,,3,,2,,6,,2,,6,,"1,3",,2,,,,,,,,,,,,,,,,,,,,,,,,,,,,,,,,,,,,,,,,,,,,,,,,,,,,,,,,,,,,,,,,,,,,,,,,,,,,,,,,,,,,,,,,,,,,,,,,,,,,,,,,,,,,,,,,,,,,,,female,48,Manager,4,1,,3,67747,"<span lang=""EN-GB"">Suppose
     you want to set up a reminder when you are with people you know (e.g.,
     acquaintances, colleagues) at your home.<o:p></o:p></span>"
11/4/2018 15:37,11/4/2018 15:42,0,74.69.87.26,100,297,1,11/4/2018 15:42,R_1mL51jyjnjV200S,,,,,43.17399597,-77.56369781,anonymous,EN,"1,2,3","1,2,3,4,5",,"1,2,3",,"1,2,3,4",,1,,1,,"2,3","1,2,3",,"1,2,3",,"2,3","1,2,3,4",,"1,2,3",,"1,2,3,4",,"1,2,3",,"1,2,3",,1,,2,,,,,,,,,,,,,,,,,,,,,,,,,,,,,,"1,2,3",,"1,2,3",,"1,2,3,4",,1,,"1,2,3,4",,"1,2,3","1,2,3",,"1,2,3",,"1,2,3",,"1,2,3,4",,"1,2,3,4",,"1,2,3",,"2,3,4",,"1,2,3",,"1,2",,,,,,,,,,,,,,,,,,,,,,,,,,,,,,,,,,,,,,,,,,,,,,,,,,,,,,,,,,,,,,,,,,,,,,,,,,,,,,,,,,,,,,,,,,,,,,,,,,,,,,,,,,,,,,,,,,,,,,,,,,,,,75015,"<span lang=""EN-GB"">Suppose you want to read a digital document when you are at a park.<o:p></o:p></span>"
11/4/2018 15:22,11/4/2018 15:42,0,68.57.122.148,100,1214,1,11/4/2018 15:42,R_3rTfYLsv8iObllY,,,,,36.2953949,-82.49019623,anonymous,EN,"1,2,4",2,,5,,1,,1,,1,,1,2,,2,,1,2,,2,,3,,2,,1,,2,,"1,2,4",2,,1,,3,,1,,2,,1,2,,1,,1,,2,,"2,3",,2,,3,,1,,2,,2,,1,,1,,1,,2,,1,2,,1,,1,,2,,3,,2,,3,,1,,2,,,,,,,,,,,,,,,,,,,,,,,,,,,,,,,2,,1,,1,,1,,2,,1,2,,1,,1,,2,,3,,2,,3,,1,,2,,,,,,,,,,,,,,,,,,,,,,,,,,,,,,,,,,,,,,,,,,,,,,,,,,,,,,,,,,,,,,,,,,,16522,"<span lang=""EN-GB"">Suppose you want to watch some video when you are with your close friends at Starbucks.<o:p></o:p></span>"
11/4/2018 15:44,11/4/2018 15:46,0,104.63.235.119,100,150,1,11/4/2018 15:46,R_3EJVJr3tRDW6Pyk,,,,,29.83230591,-95.73600006,anonymous,EN,"1,2,3",2,,2,,2,,1,,3,,3,3,,3,,1,3,,2,,1,,3,,5,,4,,,,,,,,,,,,,,,,,,,,,,,,,,,,,,,,,,,,,,,,,,,,,,,,,,,,,,,,,,,,,,,,,,,,,,,,,,,,,,,,,,,,,,,,,,,,,,,,,,,,,,,,,,,,,,,,,,,,,,,,,,,,,,,,,,,,,,,,,,,,,,,,,,,,,,,,,,,,,,,,,,,,,,,,,,,,,,,,,,,,,,,,55108,"<span lang=""EN-GB"">Suppose you want to take a click a photo when you with </span><span lang=""EN-GB"">some people you know (e.g.,
     acquaintances, colleagues)</span><span lang=""EN-GB""> at home<o:p></o:p></span>"
11/4/2018 15:49,11/4/2018 15:49,0,73.55.32.154,100,15,1,11/4/2018 15:49,R_31SKJIMo8wSXpKz,,,,,27.06059265,-82.35199738,anonymous,EN,2,,,,,,,,,,,,,,,,,,,,,,,,,,,,,,,,,,,,,,,,,,,,,,,,,,,,,,,,,,,,,,,,,,,,,,,,,,,,,,,,,,,,,,,,,,,,,,,,,,,,,,,,,,,,,,,,,,,,,,,,,,,,,,,,,,,,,,,,,,,,,,,,,,,,,,,,,,,,,,,,,,,,,,,,,,,,,,,,,,,,,,,,,,,,,,,,,,,,,,,,,,,,,,,,,,,92934,"Suppose you are alone at home, you want to take a break from studying/working&nbsp;<p>so you decide to play a video game with some with some people you know (e.g., acquaintances, colleagues).<o:p></o:p></p>"
11/4/2018 15:56,11/4/2018 15:57,0,173.123.238.195,100,43,1,11/4/2018 15:57,R_3s4hidkgdxPdl67,,,,,30.46009827,-89.08860016,anonymous,EN,2,,,,,,,,,,,,,,,,,,,,,,,,,,,,,,,,,,,,,,,,,,,,,,,,,,,,,,,,,,,,,,,,,,,,,,,,,,,,,,,,,,,,,,,,,,,,,,,,,,,,,,,,,,,,,,,,,,,,,,,,,,,,,,,,,,,,,,,,,,,,,,,,,,,,,,,,,,,,,,,,,,,,,,,,,,,,,,,,,,,,,,,,,,,,,,,,,,,,,,,,,,,,,,,,,,,72350,"<span lang=""EN-GB"">Suppose
     you are at a park and you realize today is the last day to pay one of your
     bills online.<o:p></o:p></span>"
11/4/2018 15:54,11/4/2018 15:58,0,24.1.237.53,100,227,1,11/4/2018 15:58,R_3HCFvn21Vps2KVY,,,,,41.50759888,-88.21690369,anonymous,EN,"1,2,3,4,5,6",3,,1,,2,,1,,1,,1,"1,2",,5,,1,4,,5,,3,,1,,5,,"1,2",,,,,,,,,,,,,,,,,,,,,,,,,,,,,,,,,,,,,,,,,,,,,,,,,,,,,,,,,,,,,,,,,,,,,,,,,,,,,,,,,,,,,,,,,,,,,,,,,,,,,,,,,,,,,,,,,,,,,,,,,,,,,,,,,,,,,,,,,,,,,,,,,,,,,,,,,,,,,,,,,,,,,,,,,,,,,,,,,,,,,,,,22776,"<span lang=""EN-GB"">Suppose you want to read a digital document when you are in a park surrounded by your close friends.<o:p></o:p></span>"
11/4/2018 15:56,11/4/2018 16:01,0,108.207.17.124,100,345,1,11/4/2018 16:01,R_8w8cXAesXvKorNn,,,,,38.73779297,-90.62339783,anonymous,EN,"1,2,3,4,5","2,5",,1,,1,,1,,2,,2,5,,2,,2,6,,2,,3,,2,,5,,2,,2,,,,,,,,,,,,,,,,,,,,,,,,,,,,,,"2,5",,1,,2,,1,,2,,2,5,,2,,2,,2,,3,,2,,2,,5,,4,,,,,,,,,,,,,,,,,,,,,,,,,,,,,,,,,,,,,,,,,,,,,,,,,,,,,,,,,,,,,,,,,,,,,,,,,,,,,,,,,,,,,,,,,,,,,,,,,,,,,,,,,,,,,,,,,,,,,,,,,,,,,23299,"Suppose you want to find a route to a coffee shop
     when you are at home with your by your colleagues<o:p></o:p>"
11/4/2018 15:57,11/4/2018 16:02,0,108.247.122.190,100,273,1,11/4/2018 16:02,R_32KQwjkf5nz92iM,,,,,38.0684967,-122.1613998,anonymous,EN,"1,2,3,4,5","2,4,5",,3,,"1,2,3",,1,,1,,4,2,,5,,"2,3","1,2,3",,"1,2",,"1,3,6",,"2,3",,"1,2,3",,2,,,,,,,,,,,,,,,,,,,,,,,,,,,,,,,,,,,,,,,,,,,,,,,,,,,,,,,,,,,,,,,,,,,,,,,,,,,,,,,,,,,,,,,,,,,,,,,,,,,,,,,,,,,,,,,,,,,,,,,,,,,,,,,,,,,,,,,,,,,,,,,,,,,,,,,,,,,,,,,,,,,,,,,,,,,,,,,,,,,,,,,,30212,"<span lang=""EN-GB"">Suppose
     you want to read a digital document when you are alone at home.<strong><o:p></o:p></strong></span>"
10/28/2018 17:01,10/28/2018 17:02,0,207.255.18.1,78,23,0,11/4/2018 16:02,R_2VeCOWDXLhXlZCs,,,,,,,anonymous,EN,"1,2,3,4,5",,,,,,,,,,,,,,,,,,,,,,,,,,,,,,,,,,,,,,,,,,,,,,,,,,,,,,,,,,,,,,,,,,,,,,,,,,,,,,,,,,,,,,,,,,,,,,,,,,,,,,,,,,,,,,,,,,,,,,,,,,,,,,,,,,,,,,,,,,,,,,,,,,,,,,,,,,,,,,,,,,,,,,,,,,,,,,,,,,,,,,,,,,,,,,,,,,,,,,,,,,,,,,,,,,,95685,"<span lang=""EN-GB"">Suppose you want to read a digital document when you are in a park with people you know (e.g., acquaintances, colleagues).<o:p></o:p></span>"
11/4/2018 16:04,11/4/2018 16:05,0,70.180.249.13,100,70,1,11/4/2018 16:05,R_26alUNcenV4EfVd,,,,,36.01289368,-115.2117996,anonymous,EN,3,,,,,,,,,,,,,,,,,,,,,,,,,,,,,,,,,,,,,,,,,,,,,,,,,,,,,,,,,,,,,,,,,,,,,,,,,,,,,,,,,,,,,,,,,,,,,,,,,,,,,,,,,,,,,,,,,,,,,,,,,,,,,,,,,,,,,,,,,,,,,,,,,,,,,,,,,,,,,,,,,,,,,,,,,,,,,,,,,,,,,,,,,,,,,,,,,,,,,,,,,,,,,,,,,,,69692,"<span lang=""EN-GB"">Suppose you want to read a digital document when you are in a park with people you know (e.g., acquaintances, colleagues).<o:p></o:p></span>"
11/4/2018 16:05,11/4/2018 16:05,0,70.180.249.13,100,13,1,11/4/2018 16:05,R_2cc2Ee8JNf9UPkN,,,,,36.01289368,-115.2117996,anonymous,EN,1,,,,,,,,,,,,,,,,,,,,,,,,,,,,,,,,,,,,,,,,,,,,,,,,,,,,,,,,,,,,,,,,,,,,,,,,,,,,,,,,,,,,,,,,,,,,,,,,,,,,,,,,,,,,,,,,,,,,,,,,,,,,,,,,,,,,,,,,,,,,,,,,,,,,,,,,,,,,,,,,,,,,,,,,,,,,,,,,,,,,,,,,,,,,,,,,,,,,,,,,,,,,,,,,,,,452,"<span lang=""EN-GB"">Suppose you are at your gym and you want to track the amount of calories&nbsp;</span>you have burnt your workout.&nbsp;"
11/4/2018 16:05,11/4/2018 16:05,0,73.66.56.180,100,34,1,11/4/2018 16:06,R_2uD23eivdMKsCO9,,,,,38.65539551,-121.2611008,anonymous,EN,"1,2",,,,,,,,,,,,,,,,,,,,,,,,,,,,,,,,,,,,,,,,,,,,,,,,,,,,,,,,,,,,,,,,,,,,,,,,,,,,,,,,,,,,,,,,,,,,,,,,,,,,,,,,,,,,,,,,,,,,,,,,,,,,,,,,,,,,,,,,,,,,,,,,,,,,,,,,,,,,,,,,,,,,,,,,,,,,,,,,,,,,,,,,,,,,,,,,,,,,,,,,,,,,,,,,,,,65434,"<span lang=""EN-GB"">Suppose
     you want to call your mother for sharing an important update about your
     life yourself when you are with a very close friend at a park.&nbsp;<o:p></o:p></span>"
11/4/2018 16:05,11/4/2018 16:06,0,70.180.249.13,100,13,1,11/4/2018 16:06,R_pzK9oornnTCx5iV,,,,,36.01289368,-115.2117996,anonymous,EN,2,,,,,,,,,,,,,,,,,,,,,,,,,,,,,,,,,,,,,,,,,,,,,,,,,,,,,,,,,,,,,,,,,,,,,,,,,,,,,,,,,,,,,,,,,,,,,,,,,,,,,,,,,,,,,,,,,,,,,,,,,,,,,,,,,,,,,,,,,,,,,,,,,,,,,,,,,,,,,,,,,,,,,,,,,,,,,,,,,,,,,,,,,,,,,,,,,,,,,,,,,,,,,,,,,,,40840,"<span lang=""EN-GB"">Suppose you want to control some devices/appliances (e.g., smart lights) when you are at home with people you are close to (e.g., friends, family members)<strong><o:p></o:p></strong></span>"
11/4/2018 16:06,11/4/2018 16:06,0,70.180.249.13,100,11,1,11/4/2018 16:06,R_1dtaaqZaaWE1XYU,,,,,36.01289368,-115.2117996,anonymous,EN,4,,,,,,,,,,,,,,,,,,,,,,,,,,,,,,,,,,,,,,,,,,,,,,,,,,,,,,,,,,,,,,,,,,,,,,,,,,,,,,,,,,,,,,,,,,,,,,,,,,,,,,,,,,,,,,,,,,,,,,,,,,,,,,,,,,,,,,,,,,,,,,,,,,,,,,,,,,,,,,,,,,,,,,,,,,,,,,,,,,,,,,,,,,,,,,,,,,,,,,,,,,,,,,,,,,,47464,"<span lang=""EN-GB"">Suppose
     you want to a view a text message when you are surrounded by people you
     know (e.g., acquaintances, colleagues) at a restaurant.<o:p></o:p></span>"
11/4/2018 15:58,11/4/2018 16:06,0,76.172.80.109,100,502,1,11/4/2018 16:06,R_3Eyg2UD0i8A4Hy5,,,,,32.79690552,-117.2405014,anonymous,EN,"1,2,3,4,5",5,,5,,1,,1,,1,,2,"1,2,3",,5,,2,2,,2,,6,,2,,1,,4,,2,,,,,,,,,,,,,,,,,,,,,,,,,,,,,,5,,5,,"1,2,3",,1,,1,,2,"1,2,3",,5,,5,,2,,7,,2,,7,,1,,4,,,,,,,,,,,,,,,,,,,,,,,,,,,,,,,,,,,,,,,,,,,,,,,,,,,,,,,,,,,,,,,,,,,,,,,,,,,,,,,,,,,,,,,,,,,,,,,,,,,,,,,,,,,,,,,,,,,,,,female,31,freelancer,5,1,,1,3506,"<span lang=""EN-GB"">Suppose you want to take a click a photo when you are with your close friends&nbsp;</span>and family members at Starbucks"
11/4/2018 15:57,11/4/2018 16:06,0,72.188.83.97,100,552,1,11/4/2018 16:06,R_Ov6DFgoU4cicvzH,,,,,28.41130066,-81.78119659,anonymous,EN,"1,2,4","2,5",,1,,"1,3",,1,,"3,4",,"2,3","1,2",,"2,3",,"2,3",2,,"1,2",,7,,"1,2",,1,,2,,"1,2,4",4,,1,,"1,2,3",,1,,"3,4",,"1,2","1,2,3",,"1,2",,"1,2",,2,,"2,3",,"1,2",,"2,3",,1,,1,,"2,5",,1,,"1,2,3",,1,,3,,"1,2","1,2",,"2,3",,"2,3",,"2,3",,3,,"1,2",,3,,1,,2,,,,,,,,,,,,,,,,,,,,,,,,,,,,,,,2,,1,,"1,2,3",,1,,2,,2,"1,2",,"2,3",,"2,3",,"1,2",,"2,3",,"1,2",,"2,3",,1,,2,,,,,,,,,,,,,,,,,,,,,,,,,,,,,,,,,,,,,,,,,,,,,,,,,,,,,,,,,,,,Male,33,Social Media Rep,5,1,,2,46319,"<span lang=""EN-GB"">Suppose
     you want to read a digital document when you are at home with people you
     are close to (e.g., friends, family members).<strong><o:p></o:p></strong></span>"
11/4/2018 16:06,11/4/2018 16:08,0,70.180.249.13,100,95,1,11/4/2018 16:08,R_SZF5od0Sb5bBY7n,,,,,36.01289368,-115.2117996,anonymous,EN,"1,2,3,4,5,6","1,2,3",,"1,2",,"1,2,4",,1,,"1,2,3",,"2,3","1,3",,"1,2,3",,"2,3","1,2,3",,"1,2",,"1,3,4",,"1,2,3",,"1,2",,"1,2",,,,,,,,,,,,,,,,,,,,,,,,,,,,,,,,,,,,,,,,,,,,,,,,,,,,,,,,,,,,,,,,,,,,,,,,,,,,,,,,,,,,,,,,,,,,,,,,,,,,,,,,,,,,,,,,,,,,,,,,,,,,,,,,,,,,,,,,,,,,,,,,,,,,,,,,,,,,,,,,,,,,,,,,,,,,,,,,,,,,,,,,63853,"<span lang=""EN-GB"">Suppose
     you want to listen to some audio when you are with people you know (e.g.,
     acquaintances, colleagues) in a park.<o:p></o:p></span>


<p><span lang=""EN-GB"" style=""color:red"">&nbsp;</span></p>"
11/4/2018 16:03,11/4/2018 16:08,0,174.80.78.84,100,302,1,11/4/2018 16:08,R_3dQu8V3iMH9Ee1n,,,,,32.91639709,-85.9367981,anonymous,EN,"1,2,3,4",7,,5,,"2,3,4",,1,,1,,4,"1,2,3",,5,,4,6,,5,,7,,5,,5,,2,,"2,4",,,,,,,,,,,,,,,,,,,,,,,,,,,,,,7,,5,,"1,2",,1,,1,,4,"2,3",,5,,5,,6,,7,,5,,7,,5,,2,,,,,,,,,,,,,,,,,,,,,,,,,,,,,,,7,,5,,"1,2",,3,,6,,4,5,,5,,5,,6,,7,,5,,7,,5,,4,,,,,,,,,,,,,,,,,,,,,,,,,,,,,,,,,,,,,,,,,,,,,,,,,,,,,,,,,,,,Female,35,Preparation Worker,3,1,,4,22907,"<span lang=""EN-GB"">Suppose
     you want to read a digital document when you are at Starbucks.<o:p></o:p></span>"
11/4/2018 16:14,11/4/2018 16:20,0,162.207.225.80,100,366,1,11/4/2018 16:20,R_1FzDiicNoUqlkbj,,,,,33.76989746,-84.29499817,anonymous,EN,"1,2,4",2,,5,,3,,3,,4,,3,3,,5,,2,2,,2,,6,,2,,1,,4,,,,,,,,,,,,,,,,,,,,,,,,,,,,,,,,,,,,,,,,,,,,,,,,,,,,,,,,,,,,,,,,,,,,,,,,,,,,,,,,,,,,,,,,,,,,,,,,,,,,,,,,,,,,,,,,,,,,,,,,,,,,,,,,,,,,,,,,,,,,,,,,,,,,,,,,,,,,,,,,,,,,,,,,,,,,,,,,,,,,,,,,50214,"<span lang=""EN-GB"">Suppose
     you want to a send an email when you are surrounded by people you know
     (e.g., acquaintances, colleagues) at a restaurant.<o:p></o:p></span>"
11/4/2018 16:15,11/4/2018 16:21,0,66.41.53.75,100,364,1,11/4/2018 16:21,R_10opLOMixI5V7QC,,,,,45.12840271,-93.45890045,anonymous,EN,"1,2,3,4","1,2,3",,1,,"1,2,3,4",,3,,"1,2",,"1,2,3","1,2,3",,"1,2",,"1,2,3","1,2,3",,2,,2,,5,,1,,"1,2",,,,,,,,,,,,,,,,,,,,,,,,,,,,,,,,,,,,,,,,,,,,,,,,,,,,,,,,,,,,,,,,,,,,,,,,,,,,,,,,,,,,,,,,,,,,,,,,,,,,,,,,,,,,,,,,,,,,,,,,,,,,,,,,,,,,,,,,,,,,,,,,,,,,,,,,,,,,,,,,,,,,,,,,,,,,,,,,,,,,,,,,56187,"<span lang=""EN-GB"">Suppose
     you want to a view a text message when you are surrounded by people you
     know (e.g., acquaintances, colleagues) at your home.<o:p></o:p></span>"
11/4/2018 16:22,11/4/2018 16:25,0,70.187.34.83,100,166,1,11/4/2018 16:25,R_2w7xJfdgFGqRvhJ,,,,,30.4756012,-87.31790161,anonymous,EN,"1,2,3,4",7,,2,,"2,3",,1,,"1,3",,1,"1,2,3",,"1,2",,1,1,,3,,1,,5,,"1,2,3",,1,,,,,,,,,,,,,,,,,,,,,,,,,,,,,,,,,,,,,,,,,,,,,,,,,,,,,,,,,,,,,,,,,,,,,,,,,,,,,,,,,,,,,,,,,,,,,,,,,,,,,,,,,,,,,,,,,,,,,,,,,,,,,,,,,,,,,,,,,,,,,,,,,,,,,,,,,,,,,,,,,,,,,,,,,,,,,,,,,,,,,,,,61512,"<span lang=""EN-GB"">Suppose you are on a short vacation and you want to take a picture in front&nbsp;</span>of an iconic monument when you are surrounded by many people."
11/4/2018 16:27,11/4/2018 16:33,0,72.204.189.142,100,361,1,11/4/2018 16:33,R_2ydP6nsGIoa07uG,,,,,29.92889404,-90.10050201,anonymous,EN,"1,2,4,5,6",4,,"1,3",,2,,3,,1,,1,3,,3,,3,6,,1,,"3,4",,"2,3",,3,,1,,,,,,,,,,,,,,,,,,,,,,,,,,,,,,,,,,,,,,,,,,,,,,,,,,,,,,,,,,,,,,,,,,,,,,,,,,,,,,,,,,,,,,,,,,,,,,,,,,,,,,,,,,,,,,,,,,,,,,,,,,,,,,,,,,,,,,,,,,,,,,,,,,,,,,,,,,,,,,,,,,,,,,,,,,,,,,,,,,,,,,,,55280,"<span lang=""EN-GB"">Suppose you are at a coffee shop, you have just read a book you loved and now&nbsp;</span>you want to write a review for it to share with your close family and friends."
11/4/2018 16:31,11/4/2018 16:35,0,47.216.61.48,100,272,1,11/4/2018 16:35,R_3JmDiMf2B5iMLrE,,,,,34.55749512,-114.3307037,anonymous,EN,"1,2,5","2,3,5",,1,,"1,2,3",,1,,2,,"2,3","1,2,3",,"2,3",,2,1,,2,,"1,3",,2,,"2,3",,"1,2",,,,,,,,,,,,,,,,,,,,,,,,,,,,,,,,,,,,,,,,,,,,,,,,,,,,,,,,,,,,,,,,,,,,,,,,,,,,,,,,,,,,,,,,,,,,,,,,,,,,,,,,,,,,,,,,,,,,,,,,,,,,,,,,,,,,,,,,,,,,,,,,,,,,,,,,,,,,,,,,,,,,,,,,,,,,,,,,,,,,,,,,77846,"<span lang=""EN-GB"">Suppose you have planned to meet a friend next week and you want to put this on your calendar when you are surrounded with people you are close to (e.g., friends, family members) at your home.<strong><o:p></o:p></strong></span>"
11/4/2018 16:37,11/4/2018 16:38,0,107.77.161.12,100,70,1,11/4/2018 16:38,R_3lSv9htT0by7Axg,,,,,39.9611969,-82.99880219,anonymous,EN,3,,,,,,,,,,,,,,,,,,,,,,,,,,,,,,,,,,,,,,,,,,,,,,,,,,,,,,,,,,,,,,,,,,,,,,,,,,,,,,,,,,,,,,,,,,,,,,,,,,,,,,,,,,,,,,,,,,,,,,,,,,,,,,,,,,,,,,,,,,,,,,,,,,,,,,,,,,,,,,,,,,,,,,,,,,,,,,,,,,,,,,,,,,,,,,,,,,,,,,,,,,,,,,,,,,,99331,"<span lang=""EN-GB"">Suppose you want to set up a reminder about something when you are at Starbucks with close friends.<o:p></o:p></span>"
11/4/2018 16:38,11/4/2018 16:38,0,73.160.155.33,100,18,1,11/4/2018 16:38,R_3gXYtrmsHpDcImQ,,,,,39.75390625,-74.9960022,anonymous,EN,2,,,,,,,,,,,,,,,,,,,,,,,,,,,,,,,,,,,,,,,,,,,,,,,,,,,,,,,,,,,,,,,,,,,,,,,,,,,,,,,,,,,,,,,,,,,,,,,,,,,,,,,,,,,,,,,,,,,,,,,,,,,,,,,,,,,,,,,,,,,,,,,,,,,,,,,,,,,,,,,,,,,,,,,,,,,,,,,,,,,,,,,,,,,,,,,,,,,,,,,,,,,,,,,,,,,48524,"<span lang=""EN-GB"">Suppose
     you want to a send a text message when you are surrounded by people you
     know (e.g., acquaintances, colleagues) at your home.<o:p></o:p></span>"
11/4/2018 16:38,11/4/2018 16:40,0,209.248.242.178,100,123,1,11/4/2018 16:40,R_3NXl2pdNNxWq1Pz,,,,,28.06910706,-80.62000275,anonymous,EN,"1,2,4","2,3,4",,1,,"1,2,3,4",,3,,"1,3,4",,"1,2,3","1,2,3",,"1,3",,1,"2,3",,2,,3,,2,,"1,3",,"1,2",,,,,,,,,,,,,,,,,,,,,,,,,,,,,,,,,,,,,,,,,,,,,,,,,,,,,,,,,,,,,,,,,,,,,,,,,,,,,,,,,,,,,,,,,,,,,,,,,,,,,,,,,,,,,,,,,,,,,,,,,,,,,,,,,,,,,,,,,,,,,,,,,,,,,,,,,,,,,,,,,,,,,,,,,,,,,,,,,,,,,,,,53736,"<span lang=""EN-GB"">Suppose you are at work with some people you know (e.g., acquaintances, colleagues) when you realize that you have to immediately pay one of your bills online.<o:p></o:p></span>"
11/4/2018 16:39,11/4/2018 16:43,0,107.77.161.12,100,272,1,11/4/2018 16:43,R_3DqgEhbPI2FfwJ1,,,,,39.9611969,-82.99880219,anonymous,EN,"1,2,3,4,5,6",1,,"1,2,3",,1,,1,,1,,1,1,,1,,2,2,,1,,1,,"1,2",,"1,2,3",,2,,,,,,,,,,,,,,,,,,,,,,,,,,,,,,,,,,,,,,,,,,,,,,,,,,,,,,,,,,,,,,,,,,,,,,,,,,,,,,,,,,,,,,,,,,,,,,,,,,,,,,,,,,,,,,,,,,,,,,,,,,,,,,,,,,,,,,,,,,,,,,,,,,,,,,,,,,,,,,,,,,,,,,,,,,,,,,,,,,,,,,,,2032,"<span lang=""EN-GB"">Suppose you want to listen to some audio when you are alone in a park.<o:p></o:p></span>"
11/4/2018 16:42,11/4/2018 16:47,0,75.108.139.77,100,329,1,11/4/2018 16:47,R_2rJfvaJcG4y0aRJ,,,,,35.61920166,-77.39749908,anonymous,EN,"2,3,6","1,2,3,4",,"1,2,3",,1,,1,,1,,"1,2","1,2",,"1,2,3",,3,4,,"1,2",,6,,"1,2",,"1,2",,"1,2",,,,,,,,,,,,,,,,,,,,,,,,,,,,,,,,,,,,,,,,,,,,,,,,,,,,,,,,,,,,,,,,,,,,,,,,,,,,,,,,,,,,,,,,,,,,,,,,,,,,,,,,,,,,,,,,,,,,,,,,,,,,,,,,,,,,,,,,,,,,,,,,,,,,,,,,,,,,,,,,,,,,,,,,,,,,,,,,,,,,,,,,40535,"<span lang=""EN-GB"">Suppose
     you want to a view a text message when you are alone at Starbucks.<o:p></o:p></span>"
11/2/2018 14:26,11/4/2018 16:47,0,98.207.126.44,100,184887,1,11/4/2018 16:47,R_3RgbK9RMif60Hdv,,,,,37.5605011,-121.9999008,anonymous,EN,"1,2",,,,,,,,,,,,,,,,,,,,,,,,,,,,,,,,,,,,,,,,,,,,,,,,,,,,,,,,,,,,,,,,,,,,,,,,,,,,,,,,,,,,,,,,,,,,,,,,,,,,,,,,,,,,,,,,,,,,,,,,,,,,,,,,,,,,,,,,,,,,,,,,,,,,,,,,,,,,,,,,,,,,,,,,,,,,,,,,,,,,,,,,,,,,,,,,,,,,,,,,,,,,,,,,,,,94536,"<span lang=""EN-GB"">Suppose you are alone and relaxing at home, you have just read a new book that&nbsp;</span>you loved and now you want a write a review for your close family and friends."
11/4/2018 16:49,11/4/2018 16:49,0,73.222.140.117,100,13,1,11/4/2018 16:49,R_3IWrLhJ0Ph0HnWf,,,,,37.77119446,-122.4412994,anonymous,EN,"2,3",,,,,,,,,,,,,,,,,,,,,,,,,,,,,,,,,,,,,,,,,,,,,,,,,,,,,,,,,,,,,,,,,,,,,,,,,,,,,,,,,,,,,,,,,,,,,,,,,,,,,,,,,,,,,,,,,,,,,,,,,,,,,,,,,,,,,,,,,,,,,,,,,,,,,,,,,,,,,,,,,,,,,,,,,,,,,,,,,,,,,,,,,,,,,,,,,,,,,,,,,,,,,,,,,,,34619,"<span lang=""EN-GB"">Suppose
     you want to call your mother for sharing an important update about your
     life&nbsp; when you are alone at a park<o:p></o:p></span>"
11/4/2018 16:51,11/4/2018 16:55,0,96.246.146.53,100,207,1,11/4/2018 16:55,R_2upwgCJioGJQkT4,,,,,40.70359802,-73.89610291,anonymous,EN,"2,3,5","1,2",,1,,"1,2",,1,,"1,3",,2,1,,"1,3",,2,4,,"1,2",,"1,2,3",,1,,"1,2",,2,,,,,,,,,,,,,,,,,,,,,,,,,,,,,,,,,,,,,,,,,,,,,,,,,,,,,,,,,,,,,,,,,,,,,,,,,,,,,,,,,,,,,,,,,,,,,,,,,,,,,,,,,,,,,,,,,,,,,,,,,,,,,,,,,,,,,,,,,,,,,,,,,,,,,,,,,,,,,,,,,,,,,,,,,,,,,,,,,,,,,,,,94285,"<span lang=""EN-GB"" style=""font-size:11.0pt;line-height:115%;
font-family:&quot;Arial&quot;,sans-serif;mso-fareast-font-family:Arial;mso-ansi-language:
EN-GB;mso-fareast-language:EN-US;mso-bidi-language:AR-SA"">Suppose you have
planned to meet a friend next week and you want put this on your calendar<span style=""color:#434343""> when you with </span>people you know (e.g.,
acquaintances, colleagues)<span style=""color:#434343""> at a park</span></span>"
11/4/2018 17:09,11/4/2018 17:09,0,24.20.124.0,100,33,1,11/4/2018 17:10,R_3nDjjcMF61rL4vt,,,,,45.49850464,-122.7787018,anonymous,EN,"2,3,4",1,,1,,1,,1,,3,,1,2,,2,,2,1,,2,,1,,1,,2,,2,,,,,,,,,,,,,,,,,,,,,,,,,,,,,,,,,,,,,,,,,,,,,,,,,,,,,,,,,,,,,,,,,,,,,,,,,,,,,,,,,,,,,,,,,,,,,,,,,,,,,,,,,,,,,,,,,,,,,,,,,,,,,,,,,,,,,,,,,,,,,,,,,,,,,,,,,,,,,,,,,,,,,,,,,,,,,,,,,,,,,,,,30909,"<span lang=""EN-GB"">Suppose you want to browse the internet when you are at home with people you are close to (e.g., friends, family members)<strong><o:p></o:p></strong></span>"
11/4/2018 17:10,11/4/2018 17:10,0,24.20.124.0,100,4,1,11/4/2018 17:10,R_xyB0Hs79geeRLnr,,,,,45.49850464,-122.7787018,anonymous,EN,4,,,,,,,,,,,,,,,,,,,,,,,,,,,,,,,,,,,,,,,,,,,,,,,,,,,,,,,,,,,,,,,,,,,,,,,,,,,,,,,,,,,,,,,,,,,,,,,,,,,,,,,,,,,,,,,,,,,,,,,,,,,,,,,,,,,,,,,,,,,,,,,,,,,,,,,,,,,,,,,,,,,,,,,,,,,,,,,,,,,,,,,,,,,,,,,,,,,,,,,,,,,,,,,,,,,41623,"<span lang=""EN-GB"">Suppose
     you want to set up a reminder when you with people you know (e.g.,
     acquaintances, colleagues) at a park.<o:p></o:p></span>"
11/4/2018 17:10,11/4/2018 17:10,0,24.20.124.0,100,50,1,11/4/2018 17:10,R_2qdZIpFnUnyT3tx,,,,,45.49850464,-122.7787018,anonymous,EN,"2,3,4,5",2,,2,,3,,1,,2,,1,1,,2,,3,2,,2,,2,,1,,2,,1,,,,,,,,,,,,,,,,,,,,,,,,,,,,,,,,,,,,,,,,,,,,,,,,,,,,,,,,,,,,,,,,,,,,,,,,,,,,,,,,,,,,,,,,,,,,,,,,,,,,,,,,,,,,,,,,,,,,,,,,,,,,,,,,,,,,,,,,,,,,,,,,,,,,,,,,,,,,,,,,,,,,,,,,,,,,,,,,,,,,,,,,41290,"<span lang=""EN-GB"">Suppose you want to watch some video when you are alone in a park.<o:p></o:p></span>"
11/4/2018 17:09,11/4/2018 17:11,0,172.58.37.3,100,94,1,11/4/2018 17:11,R_3feEumAVhuFWcKm,,,,,37.32929993,-121.8339005,anonymous,EN,"1,2,4,5,6","1,3",,3,,"1,3",,1,,"1,3",,"1,2","1,2",,"1,2",,"1,2","1,2",,"1,3",,"2,3",,"1,2",,"1,3",,"1,2",,,,,,,,,,,,,,,,,,,,,,,,,,,,,,,,,,,,,,,,,,,,,,,,,,,,,,,,,,,,,,,,,,,,,,,,,,,,,,,,,,,,,,,,,,,,,,,,,,,,,,,,,,,,,,,,,,,,,,,,,,,,,,,,,,,,,,,,,,,,,,,,,,,,,,,,,,,,,,,,,,,,,,,,,,,,,,,,,,,,,,,,57665,"<span lang=""EN-GB"">Suppose you are at sitting in a park and you want to play a digital/online game.<o:p></o:p></span>"
11/4/2018 17:09,11/4/2018 17:13,0,76.183.143.226,100,208,1,11/4/2018 17:13,R_29phaKkH2TPQhpN,,,,,32.85360718,-97.13580322,anonymous,EN,"1,2,3,4,6","2,3,4,5",,3,,"1,2,3",,3,,2,,"1,2","1,2,3",,"2,3",,"1,2",2,,"1,2",,"1,3",,2,,"1,2,3",,"1,2",,,,,,,,,,,,,,,,,,,,,,,,,,,,,,,,,,,,,,,,,,,,,,,,,,,,,,,,,,,,,,,,,,,,,,,,,,,,,,,,,,,,,,,,,,,,,,,,,,,,,,,,,,,,,,,,,,,,,,,,,,,,,,,,,,,,,,,,,,,,,,,,,,,,,,,,,,,,,,,,,,,,,,,,,,,,,,,,,,,,,,,,95329,"<span lang=""EN-GB"">Suppose you are at sitting in a park and you want to play a digital/online game.<o:p></o:p></span>"
11/4/2018 17:18,11/4/2018 17:18,0,98.121.106.67,100,19,1,11/4/2018 17:18,R_3DqASY8mdQzxnYZ,,,,,36.00360107,-80.00360107,anonymous,EN,"1,2",,,,,,,,,,,,,,,,,,,,,,,,,,,,,,,,,,,,,,,,,,,,,,,,,,,,,,,,,,,,,,,,,,,,,,,,,,,,,,,,,,,,,,,,,,,,,,,,,,,,,,,,,,,,,,,,,,,,,,,,,,,,,,,,,,,,,,,,,,,,,,,,,,,,,,,,,,,,,,,,,,,,,,,,,,,,,,,,,,,,,,,,,,,,,,,,,,,,,,,,,,,,,,,,,,,72562,"<span lang=""EN-GB"" style=""font-size:11.0pt;line-height:115%;
font-family:&quot;Arial&quot;,sans-serif;mso-fareast-font-family:Arial;mso-ansi-language:
EN-GB;mso-fareast-language:EN-US;mso-bidi-language:AR-SA"">Suppose you want to
find a route to a coffee shop when you are alone at home.</span>"
10/28/2018 18:22,10/28/2018 18:22,0,199.102.182.161,78,28,0,11/4/2018 17:22,R_1Imvunb2zIzryMV,,,,,,,anonymous,EN,"1,2,3,4,5,6",,,,,,,,,,,,,,,,,,,,,,,,,,,,,,,,,,,,,,,,,,,,,,,,,,,,,,,,,,,,,,,,,,,,,,,,,,,,,,,,,,,,,,,,,,,,,,,,,,,,,,,,,,,,,,,,,,,,,,,,,,,,,,,,,,,,,,,,,,,,,,,,,,,,,,,,,,,,,,,,,,,,,,,,,,,,,,,,,,,,,,,,,,,,,,,,,,,,,,,,,,,,,,,,,,,51349,"<span id=""docs-internal-guid-5a7e3441-7fff-9d1f-10e6-454a1d940975""><span style=""font-size: 11pt; font-family: Arial; color: rgb(0, 0, 0); background-color: transparent; font-variant-numeric: normal; font-variant-east-asian: normal; vertical-align: baseline; white-space: pre-wrap;"">Suppose you want to call your mother for sharing an important update about your life &nbsp;when you are alone at home</span><br> <br><br></span>"
11/4/2018 17:19,11/4/2018 17:25,0,47.203.94.152,100,320,1,11/4/2018 17:25,R_30ufMvj7rRlOCWT,,,,,28.36480713,-82.67569733,anonymous,EN,"1,2,3,4,6","1,2",,"1,2",,"1,2",,1,,1,,1,"1,2",,"1,2",,1,1,,"1,2",,"1,2,3",,"1,2",,"1,2",,"1,2",,2,,,,,,,,,,,,,,,,,,,,,,,,,,,,,,"1,2,3,4",,"1,2",,"1,2,3",,1,,"1,2",,"1,2","1,2",,1,,1,,"1,2,3",,"1,2",,"1,2",,"1,2,3",,"1,2",,"1,2",,,,,,,,,,,,,,,,,,,,,,,,,,,,,,,,,,,,,,,,,,,,,,,,,,,,,,,,,,,,,,,,,,,,,,,,,,,,,,,,,,,,,,,,,,,,,,,,,,,,,,,,,,,,,,,,,,,,,,,,,,,,,51509,"<span lang=""EN-GB"">Suppose
     you want&nbsp; to a send a text message
     when you are walking with a very close friend on a street<o:p></o:p></span>"
11/4/2018 17:29,11/4/2018 17:31,0,107.172.141.139,100,144,1,11/4/2018 17:31,R_3oFMUYg51J51fgX,,,,,42.88639832,-78.87809753,anonymous,EN,"1,2",,,,,,,,,,,,,,,,,,,,,,,,,,,,,,,,,,,,,,,,,,,,,,,,,,,,,,,,,,,,,,,,,,,,,,,,,,,,,,,,,,,,,,,,,,,,,,,,,,,,,,,,,,,,,,,,,,,,,,,,,,,,,,,,,,,,,,,,,,,,,,,,,,,,,,,,,,,,,,,,,,,,,,,,,,,,,,,,,,,,,,,,,,,,,,,,,,,,,,,,,,,,,,,,,,,32663,"<span lang=""EN-GB"">Suppose
     you want to a send an email when you are walking on a street.<o:p></o:p></span>"
11/4/2018 17:32,11/4/2018 17:33,0,107.172.141.139,100,106,1,11/4/2018 17:33,R_2bOiobG7VFEga8w,,,,,42.88639832,-78.87809753,anonymous,EN,6,,,,,,,,,,,,,,,,,,,,,,,,,,,,,,,,,,,,,,,,,,,,,,,,,,,,,,,,,,,,,,,,,,,,,,,,,,,,,,,,,,,,,,,,,,,,,,,,,,,,,,,,,,,,,,,,,,,,,,,,,,,,,,,,,,,,,,,,,,,,,,,,,,,,,,,,,,,,,,,,,,,,,,,,,,,,,,,,,,,,,,,,,,,,,,,,,,,,,,,,,,,,,,,,,,,73908,"<span lang=""EN-GB"">Suppose
     you want to a view a text message when you with people you know (e.g.,
     acquaintances, colleagues) at a street<strong>.</strong><o:p></o:p></span>"
11/4/2018 17:34,11/4/2018 17:34,0,107.172.141.139,100,15,1,11/4/2018 17:34,R_s6ktCcBKSzg2kx3,,,,,42.88639832,-78.87809753,anonymous,EN,4,,,,,,,,,,,,,,,,,,,,,,,,,,,,,,,,,,,,,,,,,,,,,,,,,,,,,,,,,,,,,,,,,,,,,,,,,,,,,,,,,,,,,,,,,,,,,,,,,,,,,,,,,,,,,,,,,,,,,,,,,,,,,,,,,,,,,,,,,,,,,,,,,,,,,,,,,,,,,,,,,,,,,,,,,,,,,,,,,,,,,,,,,,,,,,,,,,,,,,,,,,,,,,,,,,,80309,"<span lang=""EN-GB"">Suppose
     you want to a send an email when you are walking on a street with people
     you know (e.g., acquaintances, colleagues)<strong>.</strong><o:p></o:p></span>"
11/4/2018 17:34,11/4/2018 17:34,0,107.172.141.139,100,21,1,11/4/2018 17:34,R_3JauI7MV3ahbxhi,,,,,42.88639832,-78.87809753,anonymous,EN,2,,,,,,,,,,,,,,,,,,,,,,,,,,,,,,,,,,,,,,,,,,,,,,,,,,,,,,,,,,,,,,,,,,,,,,,,,,,,,,,,,,,,,,,,,,,,,,,,,,,,,,,,,,,,,,,,,,,,,,,,,,,,,,,,,,,,,,,,,,,,,,,,,,,,,,,,,,,,,,,,,,,,,,,,,,,,,,,,,,,,,,,,,,,,,,,,,,,,,,,,,,,,,,,,,,,75312,"<span lang=""EN-GB"">Suppose
     you want to purchase something (e.g., book, household items) online when
     you are with your close friends at a park.<o:p></o:p></span>"
11/4/2018 17:35,11/4/2018 17:35,0,107.172.141.139,100,32,1,11/4/2018 17:35,R_11dPxodu5UThYdK,,,,,42.88639832,-78.87809753,anonymous,EN,2,,,,,,,,,,,,,,,,,,,,,,,,,,,,,,,,,,,,,,,,,,,,,,,,,,,,,,,,,,,,,,,,,,,,,,,,,,,,,,,,,,,,,,,,,,,,,,,,,,,,,,,,,,,,,,,,,,,,,,,,,,,,,,,,,,,,,,,,,,,,,,,,,,,,,,,,,,,,,,,,,,,,,,,,,,,,,,,,,,,,,,,,,,,,,,,,,,,,,,,,,,,,,,,,,,,91437,"<span lang=""EN-GB"">Suppose
     you want to listen to some audio when you are with your friends at
     Starbucks.<o:p></o:p></span>"
11/4/2018 17:35,11/4/2018 17:36,0,107.172.141.139,100,19,1,11/4/2018 17:36,R_3HY9qKuMYTKaHKm,,,,,42.88639832,-78.87809753,anonymous,EN,3,,,,,,,,,,,,,,,,,,,,,,,,,,,,,,,,,,,,,,,,,,,,,,,,,,,,,,,,,,,,,,,,,,,,,,,,,,,,,,,,,,,,,,,,,,,,,,,,,,,,,,,,,,,,,,,,,,,,,,,,,,,,,,,,,,,,,,,,,,,,,,,,,,,,,,,,,,,,,,,,,,,,,,,,,,,,,,,,,,,,,,,,,,,,,,,,,,,,,,,,,,,,,,,,,,,14865,"<span lang=""EN-GB"">Suppose
     you want to set up a reminder about something when you are with people you
     know (e.g., acquaintances, colleagues) at Starbucks.<o:p></o:p></span>"
11/4/2018 17:36,11/4/2018 17:36,0,107.172.141.139,100,13,1,11/4/2018 17:36,R_3FJ0wfvYozWkc5Z,,,,,42.88639832,-78.87809753,anonymous,EN,5,,,,,,,,,,,,,,,,,,,,,,,,,,,,,,,,,,,,,,,,,,,,,,,,,,,,,,,,,,,,,,,,,,,,,,,,,,,,,,,,,,,,,,,,,,,,,,,,,,,,,,,,,,,,,,,,,,,,,,,,,,,,,,,,,,,,,,,,,,,,,,,,,,,,,,,,,,,,,,,,,,,,,,,,,,,,,,,,,,,,,,,,,,,,,,,,,,,,,,,,,,,,,,,,,,,14175,"<span lang=""EN-GB"">Suppose
     you want to listen to some audio when you are alone at Starbucks.<o:p></o:p></span>"
11/4/2018 17:36,11/4/2018 17:36,0,107.172.141.139,100,13,1,11/4/2018 17:36,R_1f70dqPBpRxAER7,,,,,42.88639832,-78.87809753,anonymous,EN,1,,,,,,,,,,,,,,,,,,,,,,,,,,,,,,,,,,,,,,,,,,,,,,,,,,,,,,,,,,,,,,,,,,,,,,,,,,,,,,,,,,,,,,,,,,,,,,,,,,,,,,,,,,,,,,,,,,,,,,,,,,,,,,,,,,,,,,,,,,,,,,,,,,,,,,,,,,,,,,,,,,,,,,,,,,,,,,,,,,,,,,,,,,,,,,,,,,,,,,,,,,,,,,,,,,,29003,"<span lang=""EN-GB"">Suppose you are at home with people you are close to (e.g., friends, family members) when you realize today is the last day to pay one of your bills online.<o:p></o:p></span>"
11/4/2018 17:36,11/4/2018 17:38,0,107.172.141.139,100,109,1,11/4/2018 17:38,R_29c9HtMN8yOQFjA,,,,,42.88639832,-78.87809753,anonymous,EN,"1,2,3,5,6","1,2",,2,,"1,2",,1,,1,,3,2,,2,,"1,2","1,2",,2,,"1,2",,"1,2",,1,,1,,,,,,,,,,,,,,,,,,,,,,,,,,,,,,,,,,,,,,,,,,,,,,,,,,,,,,,,,,,,,,,,,,,,,,,,,,,,,,,,,,,,,,,,,,,,,,,,,,,,,,,,,,,,,,,,,,,,,,,,,,,,,,,,,,,,,,,,,,,,,,,,,,,,,,,,,,,,,,,,,,,,,,,,,,,,,,,,,,,,,,,,62095,"<span lang=""EN-GB"">Suppose you want to read a digital document when you are in a park with people you know (e.g., acquaintances, colleagues).<o:p></o:p></span>"
11/4/2018 17:37,11/4/2018 17:41,0,73.22.210.198,100,187,1,11/4/2018 17:41,R_UxsyWMmvyY1Drnb,,,,,42.21960449,-88.24259949,anonymous,EN,"1,2,3,4,5,6","1,2",,"1,2",,2,,1,,2,,"1,2","1,3",,"2,3",,2,2,,2,,"2,3",,2,,"1,3",,2,,,,,,,,,,,,,,,,,,,,,,,,,,,,,,,,,,,,,,,,,,,,,,,,,,,,,,,,,,,,,,,,,,,,,,,,,,,,,,,,,,,,,,,,,,,,,,,,,,,,,,,,,,,,,,,,,,,,,,,,,,,,,,,,,,,,,,,,,,,,,,,,,,,,,,,,,,,,,,,,,,,,,,,,,,,,,,,,,,,,,,,,95824,"<span lang=""EN-GB"">Suppose you have planned to meet a friend next week and you want to&nbsp;put this on your calendar </span><span lang=""EN-GB"">when</span><span lang=""EN-GB""> you are surrounded by people you know (e.g., acquaintances, colleagues) at your home.</span><span lang=""EN-GB""><o:p></o:p></span>"
11/4/2018 17:40,11/4/2018 17:41,0,99.111.82.113,100,15,1,11/4/2018 17:41,R_2uL29k90IdnfInk,,,,,34.86610413,-82.31980133,anonymous,EN,"1,2",,,,,,,,,,,,,,,,,,,,,,,,,,,,,,,,,,,,,,,,,,,,,,,,,,,,,,,,,,,,,,,,,,,,,,,,,,,,,,,,,,,,,,,,,,,,,,,,,,,,,,,,,,,,,,,,,,,,,,,,,,,,,,,,,,,,,,,,,,,,,,,,,,,,,,,,,,,,,,,,,,,,,,,,,,,,,,,,,,,,,,,,,,,,,,,,,,,,,,,,,,,,,,,,,,,21468,"<span lang=""EN-GB"">Suppose you want to set up a reminder about something when you are at Starbucks with close friends.<o:p></o:p></span>"
11/4/2018 17:43,11/4/2018 17:44,0,68.201.200.125,100,59,1,11/4/2018 17:44,R_2xQuFPD1aetlaiK,,,,,29.72290039,-98.07420349,anonymous,EN,"1,2",,,,,,,,,,,,,,,,,,,,,,,,,,,,,,,,,,,,,,,,,,,,,,,,,,,,,,,,,,,,,,,,,,,,,,,,,,,,,,,,,,,,,,,,,,,,,,,,,,,,,,,,,,,,,,,,,,,,,,,,,,,,,,,,,,,,,,,,,,,,,,,,,,,,,,,,,,,,,,,,,,,,,,,,,,,,,,,,,,,,,,,,,,,,,,,,,,,,,,,,,,,,,,,,,,,31957,"<span lang=""EN-GB"">Suppose you want to control some devices/appliances (e.g., smart lights) when you are at home with people you are close to (e.g., friends, family members)<strong><o:p></o:p></strong></span>"
11/4/2018 17:43,11/4/2018 17:44,0,76.108.34.120,100,21,1,11/4/2018 17:44,R_3DhCUvstI7yresW,,,,,25.92860413,-80.18299866,anonymous,EN,3,,,,,,,,,,,,,,,,,,,,,,,,,,,,,,,,,,,,,,,,,,,,,,,,,,,,,,,,,,,,,,,,,,,,,,,,,,,,,,,,,,,,,,,,,,,,,,,,,,,,,,,,,,,,,,,,,,,,,,,,,,,,,,,,,,,,,,,,,,,,,,,,,,,,,,,,,,,,,,,,,,,,,,,,,,,,,,,,,,,,,,,,,,,,,,,,,,,,,,,,,,,,,,,,,,,89650,"<span lang=""EN-GB"">Suppose
     you are at starbucks and you realize today is the last day to pay one of
     your bills online.<o:p></o:p></span>"
11/4/2018 17:46,11/4/2018 17:46,0,173.21.173.222,100,11,1,11/4/2018 17:46,R_2uOm6DHODd7goEa,,,,,47.53709412,-92.52850342,anonymous,EN,"2,3",,,,,,,,,,,,,,,,,,,,,,,,,,,,,,,,,,,,,,,,,,,,,,,,,,,,,,,,,,,,,,,,,,,,,,,,,,,,,,,,,,,,,,,,,,,,,,,,,,,,,,,,,,,,,,,,,,,,,,,,,,,,,,,,,,,,,,,,,,,,,,,,,,,,,,,,,,,,,,,,,,,,,,,,,,,,,,,,,,,,,,,,,,,,,,,,,,,,,,,,,,,,,,,,,,,16460,"<span lang=""EN-GB"">Suppose you are at sitting at Starbucks and you want to play a digital/online&nbsp;</span>game with some close friends."
11/4/2018 17:48,11/4/2018 17:48,0,24.208.211.116,100,10,1,11/4/2018 17:48,R_BXNFNES8Q23BbyN,,,,,40.24769592,-83.36219788,anonymous,EN,"3,4",,,,,,,,,,,,,,,,,,,,,,,,,,,,,,,,,,,,,,,,,,,,,,,,,,,,,,,,,,,,,,,,,,,,,,,,,,,,,,,,,,,,,,,,,,,,,,,,,,,,,,,,,,,,,,,,,,,,,,,,,,,,,,,,,,,,,,,,,,,,,,,,,,,,,,,,,,,,,,,,,,,,,,,,,,,,,,,,,,,,,,,,,,,,,,,,,,,,,,,,,,,,,,,,,,,99142,"<span lang=""EN-GB"">Suppose you have planned to meet a friend next week and you want to put this on your calendar when you are with a very close friend at a restaurant&nbsp;<o:p></o:p></span>"
11/4/2018 17:43,11/4/2018 17:53,0,173.2.40.147,100,595,1,11/4/2018 17:53,R_2Cs9QOUhMBz50Gm,,,,,40.70100403,-73.67579651,anonymous,EN,"1,2,3",3,,3,,"1,2,3,4",,1,,"2,4",,2,"1,2,3",,3,,"1,2","2,3",,2,,"3,4",,"1,2",,2,,"1,2",,,,,,,,,,,,,,,,,,,,,,,,,,,,,,,,,,,,,,,,,,,,,,,,,,,,,,,,,,,,,,,,,,,,,,,,,,,,,,,,,,,,,,,,,,,,,,,,,,,,,,,,,,,,,,,,,,,,,,,,,,,,,,,,,,,,,,,,,,,,,,,,,,,,,,,,,,,,,,,,,,,,,,,,,,,,,,,,,,,,,,,,82166,"<span lang=""EN-GB"">Suppose
     you want to set up a reminder when you are alone at your home.<strong><o:p></o:p></strong></span>"
11/4/2018 17:55,11/4/2018 17:56,0,108.250.111.64,100,76,1,11/4/2018 17:56,R_b8k4dfYCEGAmKhX,,,,,32.59140015,-96.77279663,anonymous,EN,"1,2",,,,,,,,,,,,,,,,,,,,,,,,,,,,,,,,,,,,,,,,,,,,,,,,,,,,,,,,,,,,,,,,,,,,,,,,,,,,,,,,,,,,,,,,,,,,,,,,,,,,,,,,,,,,,,,,,,,,,,,,,,,,,,,,,,,,,,,,,,,,,,,,,,,,,,,,,,,,,,,,,,,,,,,,,,,,,,,,,,,,,,,,,,,,,,,,,,,,,,,,,,,,,,,,,,,81706,"<span lang=""EN-GB"">Suppose
     you want to watch some video when you are alone at Starbucks.<o:p></o:p></span>"
11/4/2018 17:56,11/4/2018 17:56,0,140.225.102.45,100,12,1,11/4/2018 17:56,R_2qh2MqUnpuS8fhZ,,,,,44.93469238,-93.1651001,anonymous,EN,"1,2",,,,,,,,,,,,,,,,,,,,,,,,,,,,,,,,,,,,,,,,,,,,,,,,,,,,,,,,,,,,,,,,,,,,,,,,,,,,,,,,,,,,,,,,,,,,,,,,,,,,,,,,,,,,,,,,,,,,,,,,,,,,,,,,,,,,,,,,,,,,,,,,,,,,,,,,,,,,,,,,,,,,,,,,,,,,,,,,,,,,,,,,,,,,,,,,,,,,,,,,,,,,,,,,,,,97408,"<span lang=""EN-GB"">Suppose
     you want to a view a text message when you are surrounded with people you
     are close to (e.g., friends, family members) at your home.<strong><o:p></o:p></strong></span>"
11/4/2018 17:58,11/4/2018 18:03,0,73.242.64.140,100,311,1,11/4/2018 18:03,R_301Zr6AokTFVFBb,,,,,44.77929688,-93.5196991,anonymous,EN,"1,2,3,4,5,6","2,5",,1,,"1,2,3",,"1,2",private secure connection to the internet,1,,1,"1,2,3",,"1,2,3",,2,"2,3",,"1,2,3",,3,,"1,2",,"1,2,3",,2,,,,,,,,,,,,,,,,,,,,,,,,,,,,,,,,,,,,,,,,,,,,,,,,,,,,,,,,,,,,,,,,,,,,,,,,,,,,,,,,,,,,,,,,,,,,,,,,,,,,,,,,,,,,,,,,,,,,,,,,,,,,,,,,,,,,,,,,,,,,,,,,,,,,,,,,,,,,,,,,,,,,,,,,,,,,,,,,,,,,,,,,23952,"<span lang=""EN-GB"">Suppose you are at work with some people you know (e.g., acquaintances, colleagues) when you realize that you have to immediately pay one of your bills online.<o:p></o:p></span>"
11/4/2018 18:12,11/4/2018 18:13,0,24.208.211.116,100,58,1,11/4/2018 18:13,R_33Dtf1Wy3dd4x3B,,,,,40.24769592,-83.36219788,anonymous,EN,"2,3,4",7,,5,,"1,3,4",,1,,"2,4",,"2,3","1,2",,"2,3",,1,"1,4",,"1,3",,"1,4",,3,,"1,2",,"1,2",,,,,,,,,,,,,,,,,,,,,,,,,,,,,,,,,,,,,,,,,,,,,,,,,,,,,,,,,,,,,,,,,,,,,,,,,,,,,,,,,,,,,,,,,,,,,,,,,,,,,,,,,,,,,,,,,,,,,,,,,,,,,,,,,,,,,,,,,,,,,,,,,,,,,,,,,,,,,,,,,,,,,,,,,,,,,,,,,,,,,,,,79466,"<span lang=""EN-GB"">Suppose
     you want to read a digital document when you are at home with people you
     are close to (e.g., friends, family members).<strong><o:p></o:p></strong></span>"
11/4/2018 18:25,11/4/2018 18:26,0,72.176.96.15,100,10,1,11/4/2018 18:26,R_9GZqYy4TwskFzk5,,,,,27.74319458,-98.08360291,anonymous,EN,"2,3",,,,,,,,,,,,,,,,,,,,,,,,,,,,,,,,,,,,,,,,,,,,,,,,,,,,,,,,,,,,,,,,,,,,,,,,,,,,,,,,,,,,,,,,,,,,,,,,,,,,,,,,,,,,,,,,,,,,,,,,,,,,,,,,,,,,,,,,,,,,,,,,,,,,,,,,,,,,,,,,,,,,,,,,,,,,,,,,,,,,,,,,,,,,,,,,,,,,,,,,,,,,,,,,,,,69705,"Suppose
     you want to call your mother for sharing an important update about your
     life when you are surrounded by people you
     know (e.g., acquaintances, colleagues) at a restaurant.<o:p></o:p>"
11/4/2018 18:21,11/4/2018 18:33,0,98.214.237.154,100,700,1,11/4/2018 18:33,R_rdvXc5nusOyNmE1,,,,,39.85830688,-88.9382019,anonymous,EN,"1,2,3,4,5","4,5",,3,,1,,1,,1,,2,"2,3",,1,,1,"2,3",,"1,2",,"2,3",,"1,2",,"2,3",,"1,2",,,,,,,,,,,,,,,,,,,,,,,,,,,,,,,,,,,,,,,,,,,,,,,,,,,,,,,,,,,,,,,,,,,,,,,,,,,,,,,,,,,,,,,,,,,,,,,,,,,,,,,,,,,,,,,,,,,,,,,,,,,,,,,,,,,,,,,,,,,,,,,,,,,,,,,,,,,,,,,,,,,,,,,,,,,,,,,,,,,,,,,,96866,"<span lang=""EN-GB"">Suppose
     you want to purchase something online when you are alone at Starbucks.<o:p></o:p></span>"
11/4/2018 18:31,11/4/2018 18:33,0,108.253.226.36,100,129,1,11/4/2018 18:33,R_2P1eSLglf1E8O6a,,,,,36.03829956,-78.87640381,anonymous,EN,"1,2,4,6",2,,1,,1,,1,,1,,1,3,,5,,1,6,,1,,1,,5,,"1,2",,4,,,,,,,,,,,,,,,,,,,,,,,,,,,,,,,,,,,,,,,,,,,,,,,,,,,,,,,,,,,,,,,,,,,,,,,,,,,,,,,,,,,,,,,,,,,,,,,,,,,,,,,,,,,,,,,,,,,,,,,,,,,,,,,,,,,,,,,,,,,,,,,,,,,,,,,,,,,,,,,,,,,,,,,,,,,,,,,,,,,,,,,,72186,"<span lang=""EN-GB"">Suppose you want to browse the internet when you are alone at a restaurant.<o:p></o:p></span>"
11/4/2018 18:34,11/4/2018 18:34,0,98.207.149.179,100,15,1,11/4/2018 18:34,R_1NlXbEAlanKwxE7,,,,,37.34759521,-121.887001,anonymous,EN,1,,,,,,,,,,,,,,,,,,,,,,,,,,,,,,,,,,,,,,,,,,,,,,,,,,,,,,,,,,,,,,,,,,,,,,,,,,,,,,,,,,,,,,,,,,,,,,,,,,,,,,,,,,,,,,,,,,,,,,,,,,,,,,,,,,,,,,,,,,,,,,,,,,,,,,,,,,,,,,,,,,,,,,,,,,,,,,,,,,,,,,,,,,,,,,,,,,,,,,,,,,,,,,,,,,,81325,"Suppose you want to purchase something (e.g., book,
     household items) online when you are with people
     you know (e.g., acquaintances, colleagues) at
     Starbucks.<o:p></o:p>"
11/4/2018 18:35,11/4/2018 18:35,0,68.177.65.31,100,15,1,11/4/2018 18:35,R_3entaxW4BxpWa3T,,,,,35.66900635,-118.4570007,anonymous,EN,1,,,,,,,,,,,,,,,,,,,,,,,,,,,,,,,,,,,,,,,,,,,,,,,,,,,,,,,,,,,,,,,,,,,,,,,,,,,,,,,,,,,,,,,,,,,,,,,,,,,,,,,,,,,,,,,,,,,,,,,,,,,,,,,,,,,,,,,,,,,,,,,,,,,,,,,,,,,,,,,,,,,,,,,,,,,,,,,,,,,,,,,,,,,,,,,,,,,,,,,,,,,,,,,,,,,66152,"<span lang=""EN-GB"">Suppose you want to control some devices/appliances (e.g., smart lights) when you are alone at home.<o:p></o:p></span>"
11/4/2018 18:35,11/4/2018 18:50,0,98.207.149.179,100,906,1,11/4/2018 18:50,R_3pflwJmMgIuhIoc,,,,,37.34759521,-121.887001,anonymous,EN,"1,2,4,5,6","2,5",,3,,1,,1,,3,,2,2,,3,,2,3,,2,,6,,2,,1,,2,,"2,6",,,,,,,,,,,,,,,,,,,,,,,,,,,,,,"2,3",,3,,"2,3",,1,,3,,2,2,,3,,"1,2",,3,,"3,4",,2,,"3,4,6",,1,,4,,,,,,,,,,,,,,,,,,,,,,,,,,,,,,,,,,,,,,,,,,,,,,,,,,,,,,,,,,,,,,,,,,,,,,,,,,,,,,,,,,,,,,,,,"1,5",,1,,3,,1,,3,,2,2,,3,,3,,2,,"3,4",,2,,"3,4",,1,,4,,,,,,,,,81093,"<span lang=""EN-GB"">Suppose you want to find a route to home while walking on a street with your close friends.<o:p></o:p></span>"
10/28/2018 20:30,10/28/2018 20:30,0,75.133.98.246,1,11,0,11/4/2018 19:30,R_82lMJpirFCKmbBf,,,,,,,anonymous,EN,,,,,,,,,,,,,,,,,,,,,,,,,,,,,,,,,,,,,,,,,,,,,,,,,,,,,,,,,,,,,,,,,,,,,,,,,,,,,,,,,,,,,,,,,,,,,,,,,,,,,,,,,,,,,,,,,,,,,,,,,,,,,,,,,,,,,,,,,,,,,,,,,,,,,,,,,,,,,,,,,,,,,,,,,,,,,,,,,,,,,,,,,,,,,,,,,,,,,,,,,,,,,,,,,,,,49082,"<span lang=""EN-GB"">Suppose you want to browse the internet when you are with people you know (e.g., acquaintances, colleagues) at a restaurant.<o:p></o:p></span>"
10/28/2018 20:36,10/28/2018 20:36,0,174.197.34.129,78,41,0,11/4/2018 19:37,R_1ouxOaY2f2z9vO1,,,,,,,anonymous,EN,"1,2,6",,,,,,,,,,,,,,,,,,,,,,,,,,,,,,,,,,,,,,,,,,,,,,,,,,,,,,,,,,,,,,,,,,,,,,,,,,,,,,,,,,,,,,,,,,,,,,,,,,,,,,,,,,,,,,,,,,,,,,,,,,,,,,,,,,,,,,,,,,,,,,,,,,,,,,,,,,,,,,,,,,,,,,,,,,,,,,,,,,,,,,,,,,,,,,,,,,,,,,,,,,,,,,,,,,,56694,"<span lang=""EN-GB"">Suppose you want to read a digital document when you are at Starbucks with people you know (e.g., acquaintances, colleagues).<o:p></o:p></span>"
10/28/2018 20:38,10/28/2018 20:39,0,97.88.211.227,78,47,0,11/4/2018 19:40,R_2Pjlay5dM65zJ5f,,,,,,,anonymous,EN,"1,2,3,4",,,,,,,,,,,,,,,,,,,,,,,,,,,,,,,,,,,,,,,,,,,,,,,,,,,,,,,,,,,,,,,,,,,,,,,,,,,,,,,,,,,,,,,,,,,,,,,,,,,,,,,,,,,,,,,,,,,,,,,,,,,,,,,,,,,,,,,,,,,,,,,,,,,,,,,,,,,,,,,,,,,,,,,,,,,,,,,,,,,,,,,,,,,,,,,,,,,,,,,,,,,,,,,,,,,90481,"<span lang=""EN-GB"">Suppose
     you want to find a route to home when you are at Starbucks with people you
     know (e.g., acquaintances, colleagues).<o:p></o:p></span>"
10/28/2018 20:39,10/28/2018 20:43,0,99.42.161.29,88,191,0,11/4/2018 19:43,R_3po0t3y0p3jgOWO,,,,,,,anonymous,EN,"1,2,4",2,,1,,"1,2,3",,1,,1,,1,"1,2,3",,1,,1,6,,"1,2",,6,,"1,2",,"1,2,3",,2,,2,,,,,,,,,,,,,,,,,,,,,,,,,,,,,,,,,,,,,,,,,,,,,,,,,,,,,,,,,,,,,,,,,,,,,,,,,,,,,,,,,,,,,,,,,,,,,,,,,,,,,,,,,,,,,,,,,,,,,,,,,,,,,,,,,,,,,,,,,,,,,,,,,,,,,,,,,,,,,,,,,,,,,,,,,,,,,,,,,,,,,,75686,"<span lang=""EN-GB"">Suppose you have planned to meet a friend next week and you want to put this on your calendar when you are with a very close friend at a restaurant&nbsp;<o:p></o:p></span>"
10/28/2018 20:41,10/28/2018 20:42,0,184.56.219.38,78,71,0,11/4/2018 19:43,R_2tDsckjkagL6ovF,,,,,,,anonymous,EN,"1,2,3,4,6",,,,,,,,,,,,,,,,,,,,,,,,,,,,,,,,,,,,,,,,,,,,,,,,,,,,,,,,,,,,,,,,,,,,,,,,,,,,,,,,,,,,,,,,,,,,,,,,,,,,,,,,,,,,,,,,,,,,,,,,,,,,,,,,,,,,,,,,,,,,,,,,,,,,,,,,,,,,,,,,,,,,,,,,,,,,,,,,,,,,,,,,,,,,,,,,,,,,,,,,,,,,,,,,,,,40930,"<span lang=""EN-GB"">Suppose
     you are at starbucks and you realize today is the last day to pay one of
     your bills online.<o:p></o:p></span>"
11/4/2018 19:46,11/4/2018 19:46,0,67.11.212.123,100,16,1,11/4/2018 19:46,R_1ouKW2t05MSsxXg,,,,,29.585495,-98.40709686,anonymous,EN,"2,3",,,,,,,,,,,,,,,,,,,,,,,,,,,,,,,,,,,,,,,,,,,,,,,,,,,,,,,,,,,,,,,,,,,,,,,,,,,,,,,,,,,,,,,,,,,,,,,,,,,,,,,,,,,,,,,,,,,,,,,,,,,,,,,,,,,,,,,,,,,,,,,,,,,,,,,,,,,,,,,,,,,,,,,,,,,,,,,,,,,,,,,,,,,,,,,,,,,,,,,,,,,,,,,,,,,15470,"<span lang=""EN-GB"">Suppose
     you want to find a route to home when you are at Starbucks with your close
     friends.<o:p></o:p></span>"
11/4/2018 19:40,11/4/2018 19:50,0,24.96.3.5,100,598,1,11/4/2018 19:50,R_2TmHIFEFEsbmNqa,,,,,27.78979492,-82.72429657,anonymous,EN,"1,2,3",2,,5,,"1,2,3",,1,,1,,1,"1,2,3",,3,,1,2,,2,,6,,2,,1,,4,,2,,,,,,,,,,,,,,,,,,,,,,,,,,,,,,"2,5",,1,,"1,2,3",,1,,2,,4,"1,2,3",,5,,5,,6,,3,,5,,3,,1,,4,,,,,,,,,,,,,,,,,,,,,,,,,,,,,,,,,,,,,,,,,,,,,,,,,,,,,,,,,,,,,,,,,,,,,,,,,,,,,,,,,,,,,,,,,,,,,,,,,,,,,,,,,,,,,,,,,,,,,,F,48,self employed,5,1,,5,83490,"<span lang=""EN-GB"">Suppose you want to read a digital document when you are in a park surrounded by your close friends.<o:p></o:p></span>"
11/4/2018 19:52,11/4/2018 19:52,0,73.51.198.48,100,15,1,11/4/2018 19:52,R_spNi3u8ZJ6RoF0J,,,,,41.87210083,-87.65779877,anonymous,EN,"1,2",,,,,,,,,,,,,,,,,,,,,,,,,,,,,,,,,,,,,,,,,,,,,,,,,,,,,,,,,,,,,,,,,,,,,,,,,,,,,,,,,,,,,,,,,,,,,,,,,,,,,,,,,,,,,,,,,,,,,,,,,,,,,,,,,,,,,,,,,,,,,,,,,,,,,,,,,,,,,,,,,,,,,,,,,,,,,,,,,,,,,,,,,,,,,,,,,,,,,,,,,,,,,,,,,,,81254,"<span lang=""EN-GB"">Suppose you want to take a click a photo when you are with your close friends&nbsp;</span>and family members at Starbucks"
10/22/2018 20:20,10/28/2018 20:53,0,216.254.252.200,78,520425,0,11/4/2018 19:53,R_1GU2Rw7bGNVw1Ji,,,,,,,anonymous,EN,"1,2,4",,,,,,,,,,,,,,,,,,,,,,,,,,,,,,,,,,,,,,,,,,,,,,,,,,,,,,,,,,,,,,,,,,,,,,,,,,,,,,,,,,,,,,,,,,,,,,,,,,,,,,,,,,,,,,,,,,,,,,,,,,,,,,,,,,,,,,,,,,,,,,,,,,,,,,,,,,,,,,,,,,,,,,,,,,,,,,,,,,,,,,,,,,,,,,,,,,,,,,,,,,,,,,,,,,,14823,"<span lang=""EN-GB"">Suppose
     you want to watch some video when you are alone at Starbucks.<o:p></o:p></span>"
11/4/2018 19:58,11/4/2018 19:59,0,108.87.24.214,100,20,1,11/4/2018 19:59,R_3q3Wb2VaBvyrRIZ,,,,,39.56300354,-84.22879791,anonymous,EN,"1,2",,,,,,,,,,,,,,,,,,,,,,,,,,,,,,,,,,,,,,,,,,,,,,,,,,,,,,,,,,,,,,,,,,,,,,,,,,,,,,,,,,,,,,,,,,,,,,,,,,,,,,,,,,,,,,,,,,,,,,,,,,,,,,,,,,,,,,,,,,,,,,,,,,,,,,,,,,,,,,,,,,,,,,,,,,,,,,,,,,,,,,,,,,,,,,,,,,,,,,,,,,,,,,,,,,,71858,"<span lang=""EN-GB"">Suppose you want to watch some video when you are alone in a park.<o:p></o:p></span>"
10/28/2018 20:56,10/28/2018 21:03,0,68.217.202.113,78,396,0,11/4/2018 20:03,R_3dEW3jnbFXrY85N,,,,,,,anonymous,EN,"1,2,3",,,,,,,,,,,,,,,,,,,,,,,,,,,,,,,,,,,,,,,,,,,,,,,,,,,,,,,,,,,,,,,,,,,,,,,,,,,,,,,,,,,,,,,,,,,,,,,,,,,,,,,,,,,,,,,,,,,,,,,,,,,,,,,,,,,,,,,,,,,,,,,,,,,,,,,,,,,,,,,,,,,,,,,,,,,,,,,,,,,,,,,,,,,,,,,,,,,,,,,,,,,,,,,,,,,93196,"<span lang=""EN-GB"">Suppose you are at your gym and you want to track the amount of calories&nbsp;</span>you have burnt your workout.&nbsp;"
11/4/2018 20:17,11/4/2018 20:17,0,73.213.227.58,100,12,1,11/4/2018 20:17,R_3KwuK8dKCWoGN8U,,,,,39.37159729,-76.67440033,anonymous,EN,2,,,,,,,,,,,,,,,,,,,,,,,,,,,,,,,,,,,,,,,,,,,,,,,,,,,,,,,,,,,,,,,,,,,,,,,,,,,,,,,,,,,,,,,,,,,,,,,,,,,,,,,,,,,,,,,,,,,,,,,,,,,,,,,,,,,,,,,,,,,,,,,,,,,,,,,,,,,,,,,,,,,,,,,,,,,,,,,,,,,,,,,,,,,,,,,,,,,,,,,,,,,,,,,,,,,73180,"<span lang=""EN-GB"">Suppose you have planned to meet a friend next week and you want to put this on your calendar when you are with a very close friend at a park.&nbsp;<o:p></o:p></span>"
10/28/2018 21:20,10/28/2018 21:21,0,72.176.137.144,78,88,0,11/4/2018 20:21,R_cUY6T0AC8ollyhj,,,,,,,anonymous,EN,"1,2,3,4,5,6",,,,,,,,,,,,,,,,,,,,,,,,,,,,,,,,,,,,,,,,,,,,,,,,,,,,,,,,,,,,,,,,,,,,,,,,,,,,,,,,,,,,,,,,,,,,,,,,,,,,,,,,,,,,,,,,,,,,,,,,,,,,,,,,,,,,,,,,,,,,,,,,,,,,,,,,,,,,,,,,,,,,,,,,,,,,,,,,,,,,,,,,,,,,,,,,,,,,,,,,,,,,,,,,,,,50171,"<span lang=""EN-GB"">Suppose
     you want to set up a reminder about something when you are at Starbucks by
     yourself.<o:p></o:p></span>"
11/4/2018 20:13,11/4/2018 20:24,0,73.86.160.141,100,636,1,11/4/2018 20:24,R_1kGlkLpJ0E8UXPo,,,,,39.28759766,-76.55680084,anonymous,EN,"1,3,4","1,2,4",,"1,2,3",,"1,2,3,4",,1,,1,,1,"1,2,3",,"2,3",,2,"3,4",,"1,3",,"2,4",,2,,"2,3",,2,,,,,,,,,,,,,,,,,,,,,,,,,,,,,,,,,,,,,,,,,,,,,,,,,,,,,,,,,,,,,,,,,,,,,,,,,,,,,,,,,,,,,,,,,,,,,,,,,,,,,,,,,,,,,,,,,,,,,,,,,,,,,,,,,,,,,,,,,,,,,,,,,,,,,,,,,,,,,,,,,,,,,,,,,,,,,,,,,,,,,,,,26511,"<span lang=""EN-GB"">Suppose you are alone at home when you realize today is the last day to pay one of your bills online.<o:p></o:p></span>"
11/4/2018 20:23,11/4/2018 20:28,0,71.224.96.27,100,301,1,11/4/2018 20:28,R_1rJjUHCc1OwGQGY,,,,,40.30589294,-75.59529877,anonymous,EN,"1,2,3,4","1,2,3,4,5",,1,,"1,3",,1,,6,,4,3,,2,,1,2,,"1,2",,1,,"1,2",,"1,2,3",,"1,2",,,,,,,,,,,,,,,,,,,,,,,,,,,,,,,,,,,,,,,,,,,,,,,,,,,,,,,,,,,,,,,,,,,,,,,,,,,,,,,,,,,,,,,,,,,,,,,,,,,,,,,,,,,,,,,,,,,,,,,,,,,,,,,,,,,,,,,,,,,,,,,,,,,,,,,,,,,,,,,,,,,,,,,,,,,,,,,,,,,,,,,,73922,"<span lang=""EN-GB"">Suppose
     you want to take a click a photo when you are alone at home.<o:p></o:p></span>"
11/4/2018 20:35,11/4/2018 20:35,0,107.77.209.35,100,18,1,11/4/2018 20:35,R_12yimP5y99T0QOq,,,,,41.92089844,-87.70429993,anonymous,EN,"2,4",,,,,,,,,,,,,,,,,,,,,,,,,,,,,,,,,,,,,,,,,,,,,,,,,,,,,,,,,,,,,,,,,,,,,,,,,,,,,,,,,,,,,,,,,,,,,,,,,,,,,,,,,,,,,,,,,,,,,,,,,,,,,,,,,,,,,,,,,,,,,,,,,,,,,,,,,,,,,,,,,,,,,,,,,,,,,,,,,,,,,,,,,,,,,,,,,,,,,,,,,,,,,,,,,,,31867,"<span lang=""EN-GB"">Suppose you want to browse the internet when you are with people you know (e.g., acquaintances, colleagues) at a park.<o:p></o:p></span>"
11/4/2018 20:37,11/4/2018 20:38,0,73.65.93.189,100,47,1,11/4/2018 20:38,R_1LGyK2xES3VbRcL,,,,,44.94140625,-93.01069641,anonymous,EN,2,,,,,,,,,,,,,,,,,,,,,,,,,,,,,,,,,,,,,,,,,,,,,,,,,,,,,,,,,,,,,,,,,,,,,,,,,,,,,,,,,,,,,,,,,,,,,,,,,,,,,,,,,,,,,,,,,,,,,,,,,,,,,,,,,,,,,,,,,,,,,,,,,,,,,,,,,,,,,,,,,,,,,,,,,,,,,,,,,,,,,,,,,,,,,,,,,,,,,,,,,,,,,,,,,,,54771,"<span lang=""EN-GB"">Suppose you want to set up a reminder about something when you are at Starbucks with close friends.<o:p></o:p></span>"
11/4/2018 20:35,11/4/2018 20:38,0,68.9.60.23,100,177,1,11/4/2018 20:38,R_2tvVcW4h7n7j64p,,,,,41.70129395,-72.67630005,anonymous,EN,"1,2,3,4,5","1,2",,1,,1,,3,,3,,2,"1,2,3",,3,,2,2,,1,,"2,6",,2,,1,,1,,,,,,,,,,,,,,,,,,,,,,,,,,,,,,,,,,,,,,,,,,,,,,,,,,,,,,,,,,,,,,,,,,,,,,,,,,,,,,,,,,,,,,,,,,,,,,,,,,,,,,,,,,,,,,,,,,,,,,,,,,,,,,,,,,,,,,,,,,,,,,,,,,,,,,,,,,,,,,,,,,,,,,,,,,,,,,,,,,,,,,,,39351,"<span lang=""EN-GB"">Suppose you want to take a click a photo when you are with your close friends&nbsp;</span>and family members at Starbucks"
11/4/2018 20:36,11/4/2018 20:38,0,157.50.220.49,100,121,1,11/4/2018 20:38,R_8qfbArGCOKpyRhL,,,,,11.6499939,78.16668701,anonymous,EN,4,,,,,,,,,,,,,,,,,,,,,,,,,,,,,,,,,,,,,,,,,,,,,,,,,,,,,,,,,,,,,,,,,,,,,,,,,,,,,,,,,,,,,,,,,,,,,,,,,,,,,,,,,,,,,,,,,,,,,,,,,,,,,,,,,,,,,,,,,,,,,,,,,,,,,,,,,,,,,,,,,,,,,,,,,,,,,,,,,,,,,,,,,,,,,,,,,,,,,,,,,,,,,,,,,,,10963,"<span lang=""EN-GB"">Suppose you want to browse the internet when you are with people you know (e.g., acquaintances, colleagues) at a restaurant.<o:p></o:p></span>"
11/4/2018 20:43,11/4/2018 20:44,0,98.214.196.99,100,46,1,11/4/2018 20:44,R_31TyGCT1v4MQ4eY,,,,,40.70339966,-89.41940308,anonymous,EN,"2,4",,,,,,,,,,,,,,,,,,,,,,,,,,,,,,,,,,,,,,,,,,,,,,,,,,,,,,,,,,,,,,,,,,,,,,,,,,,,,,,,,,,,,,,,,,,,,,,,,,,,,,,,,,,,,,,,,,,,,,,,,,,,,,,,,,,,,,,,,,,,,,,,,,,,,,,,,,,,,,,,,,,,,,,,,,,,,,,,,,,,,,,,,,,,,,,,,,,,,,,,,,,,,,,,,,,39272,"<span lang=""EN-GB"">Suppose you are alone at home, you want to take a break from studying/working&nbsp;</span>so you decide to play an online/digital game with some close friends ."
11/4/2018 20:53,11/4/2018 20:56,0,24.102.129.220,100,180,1,11/4/2018 20:56,R_r2LLOvIaH0sQwoN,,,,,40.60180664,-75.52249908,anonymous,EN,"1,2,5",7,,5,,6,,3,,6,,4,5,,5,,4,6,,5,,7,,5,,5,,4,,2,,,,,,,,,,,,,,,,,,,,,,,,,,,,,,7,,5,,6,,3,,6,,4,5,,5,,5,,6,,7,,5,,7,,5,,4,,,,,,,,,,,,,,,,,,,,,,,,,,,,,,,,,,,,,,,,,,,,,,,,,,,,,,,,,,,,,,,,,,,,,,,,,,,,,,,,,,,,,,,,,,,,,,,,,,,,,,,,,,,,,,,,,,,,,,female,51,Data Entry,2,1,,1,74134,"<span id=""docs-internal-guid-5a7e3441-7fff-9d1f-10e6-454a1d940975""><span style=""font-size: 11pt; font-family: Arial; color: rgb(0, 0, 0); background-color: transparent; font-variant-numeric: normal; font-variant-east-asian: normal; vertical-align: baseline; white-space: pre-wrap;"">Suppose you want to call your mother for sharing an important update about your life &nbsp;when you are alone at home</span><br> <br><br></span>"
11/4/2018 20:53,11/4/2018 21:00,0,68.11.66.182,100,445,1,11/4/2018 21:00,R_1hzdWMLuT253KZC,,,,,30.00559998,-90.06439972,anonymous,EN,"1,2,3,4,5","1,2,5",,1,,1,,1,,1,,"1,2","1,2,3",,"1,2,3",,3,2,,2,,6,,"1,2,3",,"1,2,3",,2,,,,,,,,,,,,,,,,,,,,,,,,,,,,,,,,,,,,,,,,,,,,,,,,,,,,,,,,,,,,,,,,,,,,,,,,,,,,,,,,,,,,,,,,,,,,,,,,,,,,,,,,,,,,,,,,,,,,,,,,,,,,,,,,,,,,,,,,,,,,,,,,,,,,,,,,,,,,,,,,,,,,,,,,,,,,,,,,,,,,,,,,79133,"Suppose you want to purchase something (e.g., book,
     household items) online when you are with people
     you know (e.g., acquaintances, colleagues) at
     Starbucks.<o:p></o:p>"
11/4/2018 20:40,11/4/2018 21:00,0,157.50.229.249,100,1245,1,11/4/2018 21:00,R_2dzmqeL5boPcfVN,,,,,10.99249268,76.96139526,anonymous,EN,"1,4,6",1,,2,,1,,1,,1,,1,3,,"1,3",,1,4,,2,,3,,2,,1,,2,,6,,,,,,,,,,,,,,,,,,,,,,,,,,,,,,,,,,,,,,,,,,,,,,,,,,,,,,,,,,,,,,,,,,,,,,,,,,,,,,,,,,,,,,,,,,,,,,,,,,,,,,,,,,,,,,,,,,,,,,,,,,,,,,,,,,,,,,,,,,,,,,,,,,2,,2,,2,,1,,3,,1,1,,2,,1,,2,,1,,2,,1,,1,,2,,,,,,,,,72843,"<span lang=""EN-GB"">Suppose
     you want to a view a text message when you are surrounded by people you
     know (e.g., acquaintances, colleagues) at your home.<o:p></o:p></span>"
11/4/2018 21:02,11/4/2018 21:05,0,72.52.125.52,100,213,1,11/4/2018 21:05,R_30wM8vkafxHdCCQ,,,,,37.75100708,-97.8219986,anonymous,EN,6,,,,,,,,,,,,,,,,,,,,,,,,,,,,,,,,,,,,,,,,,,,,,,,,,,,,,,,,,,,,,,,,,,,,,,,,,,,,,,,,,,,,,,,,,,,,,,,,,,,,,,,,,,,,,,,,,,,,,,,,,,,,,,,,,,,,,,,,,,,,,,,,,,,,,,,,,,,,,,,,,,,,,,,,,,,,,,,,,,,,,,,,,,,,,,,,,,,,,,,,,,,,,,,,,,,30737,"<span lang=""EN-GB"">Suppose you want to browse internet when you are with your close friends at a restaurant.<o:p></o:p></span>"
11/4/2018 21:12,11/4/2018 21:16,0,205.204.186.15,100,199,1,11/4/2018 21:16,R_71hsbrYPU4jovXH,,,,,38.22810364,-84.86969757,anonymous,EN,"1,2,4","1,2",,5,,"1,2",,1,,1,,"1,2",3,,1,,1,2,,1,,7,,2,,1,,2,,,,,,,,,,,,,,,,,,,,,,,,,,,,,,,,,,,,,,,,,,,,,,,,,,,,,,,,,,,,,,,,,,,,,,,,,,,,,,,,,,,,,,,,,,,,,,,,,,,,,,,,,,,,,,,,,,,,,,,,,,,,,,,,,,,,,,,,,,,,,,,,,,,,,,,,,,,,,,,,,,,,,,,,,,,,,,,,,,,,,,,,42535,"<span lang=""EN-GB"">Suppose
     you want to set up a reminder about something when you are at Starbucks by
     yourself.<o:p></o:p></span>"
11/4/2018 21:14,11/4/2018 21:27,0,155.186.129.22,100,793,1,11/4/2018 21:27,R_126eDRhmW4O9uCi,,,,,33.56329346,-84.21649933,anonymous,EN,"1,2,4",2,,1,,"1,2,3",,1,,1,,3,2,,2,,3,2,,2,,"1,3,4",,2,,1,,"1,2",,2,,,,,,,,,,,,,,,,,,,,,,,,,,,,,,2,,1,,"1,2,3",,1,,1,,3,2,,"1,2",,"1,2",,"2,3",,"1,3,4",,2,,"1,3,4",,"1,2,3",,"1,2",,,,,,,,,,,,,,,,,,,,,,,,,,,,,,,,,,,,,,,,,,,,,,,,,,,,,,,,,,,,,,,,,,,,,,,,,,,,,,,,,,,,,,,,,,,,,,,,,,,,,,,,,,,,,,,,,,,,,,Female,46,Corporate Travel Consultant,5,3,,3,39399,"<span lang=""EN-GB"">Suppose it is a regular working day, you want to track the total amount of calories&nbsp;</span>you consume and burn off during the day.&nbsp;"
11/4/2018 21:28,11/4/2018 21:30,0,70.127.235.64,100,114,1,11/4/2018 21:30,R_szDp9QXkgIV0uk1,,,,,27.94250488,-82.50569916,anonymous,EN,1,,,,,,,,,,,,,,,,,,,,,,,,,,,,,,,,,,,,,,,,,,,,,,,,,,,,,,,,,,,,,,,,,,,,,,,,,,,,,,,,,,,,,,,,,,,,,,,,,,,,,,,,,,,,,,,,,,,,,,,,,,,,,,,,,,,,,,,,,,,,,,,,,,,,,,,,,,,,,,,,,,,,,,,,,,,,,,,,,,,,,,,,,,,,,,,,,,,,,,,,,,,,,,,,,,,68161,"<span lang=""EN-GB"">Suppose you are on a short vacation alone and you want to take a picture in front&nbsp;</span>of an iconic monument."
10/28/2018 22:38,10/28/2018 22:39,0,67.169.109.205,78,24,0,11/4/2018 21:39,R_2aP0VfRsTl62swM,,,,,,,anonymous,EN,"1,2,4,5,6",,,,,,,,,,,,,,,,,,,,,,,,,,,,,,,,,,,,,,,,,,,,,,,,,,,,,,,,,,,,,,,,,,,,,,,,,,,,,,,,,,,,,,,,,,,,,,,,,,,,,,,,,,,,,,,,,,,,,,,,,,,,,,,,,,,,,,,,,,,,,,,,,,,,,,,,,,,,,,,,,,,,,,,,,,,,,,,,,,,,,,,,,,,,,,,,,,,,,,,,,,,,,,,,,,,24619,"<span lang=""EN-GB"">Suppose
     you want to take a click a photo when you are with people you are close to
     (e.g., friends, family members) at home<o:p></o:p></span>"
10/28/2018 22:37,10/28/2018 22:42,0,68.104.166.196,78,296,0,11/4/2018 21:43,R_1ozNrbLqz7PXhUD,,,,,,,anonymous,EN,"2,3,5",,,,,,,,,,,,,,,,,,,,,,,,,,,,,,,,,,,,,,,,,,,,,,,,,,,,,,,,,,,,,,,,,,,,,,,,,,,,,,,,,,,,,,,,,,,,,,,,,,,,,,,,,,,,,,,,,,,,,,,,,,,,,,,,,,,,,,,,,,,,,,,,,,,,,,,,,,,,,,,,,,,,,,,,,,,,,,,,,,,,,,,,,,,,,,,,,,,,,,,,,,,,,,,,,,,56203,"<span lang=""EN-GB"">Suppose
     you want to listen to some audio when you are at home with people you are
     close to (e.g., friends, family members).<strong><o:p></o:p></strong></span>"
11/4/2018 21:55,11/4/2018 22:03,0,103.255.5.39,100,455,1,11/4/2018 22:03,R_eFIiYijU0BagMcV,,,,,31.48880005,74.36860657,anonymous,EN,"1,2,3",2,,2,,3,,1,,1,,3,2,,3,,3,1,,1,,3,,2,,3,,2,,,,,,,,,,,,,,,,,,,,,,,,,,,,,,,,,,,,,,,,,,,,,,,,,,,,,,,,,,,,,,,,,,,,,,,,,,,,,,,,,,,,,,,,,,,,,,,,,,,,,,,,,,,,,,,,,,,,,,,,,,,,,,,,,,,,,,,,,,,,,,,,,,,,,,,,,,,,,,,,,,,,,,,,,,,,,,,,,,,,,,,,51222,"<span lang=""EN-GB"">Suppose
     you want to purchase something (e.g., book, household items) online when
     you are with your close friends at a park.<o:p></o:p></span>"
11/4/2018 22:06,11/4/2018 22:07,0,68.3.108.119,100,63,1,11/4/2018 22:07,R_1P72xFU7YM9axZN,,,,,33.56750488,-112.1753006,anonymous,EN,"1,2,3",3,,2,,3,,3,,2,,2,1,,2,,2,2,,2,,3,,3,,2,,2,,,,,,,,,,,,,,,,,,,,,,,,,,,,,,,,,,,,,,,,,,,,,,,,,,,,,,,,,,,,,,,,,,,,,,,,,,,,,,,,,,,,,,,,,,,,,,,,,,,,,,,,,,,,,,,,,,,,,,,,,,,,,,,,,,,,,,,,,,,,,,,,,,,,,,,,,,,,,,,,,,,,,,,,,,,,,,,,,,,,,,,,72071,"<span lang=""EN-GB"">Suppose you are at a park, you have just read a book you loved and now you&nbsp;</span>want to write a review for it to share with people you are close to (e.g., friends, family members)"
11/4/2018 22:11,11/4/2018 22:14,0,67.169.109.205,100,201,1,11/4/2018 22:14,R_12yzdmrZMYxXzPt,,,,,38.0684967,-122.1613998,anonymous,EN,"1,2,4,5,6",2,,3,,"2,3",,1,,3,,2,2,,2,,2,2,,1,,1,,5,,1,,2,,,,,,,,,,,,,,,,,,,,,,,,,,,,,,,,,,,,,,,,,,,,,,,,,,,,,,,,,,,,,,,,,,,,,,,,,,,,,,,,,,,,,,,,,,,,,,,,,,,,,,,,,,,,,,,,,,,,,,,,,,,,,,,,,,,,,,,,,,,,,,,,,,,,,,,,,,,,,,,,,,,,,,,,,,,,,,,,,,,,,,,,75978,"<span lang=""EN-GB"">Suppose you want to set up a reminder when you are at a park with close friends.<o:p></o:p></span>"
10/28/2018 23:21,10/28/2018 23:22,0,71.29.132.90,78,31,0,11/4/2018 22:22,R_3gLvEGh3lzRIkpO,,,,,,,anonymous,EN,"1,2,3,4",,,,,,,,,,,,,,,,,,,,,,,,,,,,,,,,,,,,,,,,,,,,,,,,,,,,,,,,,,,,,,,,,,,,,,,,,,,,,,,,,,,,,,,,,,,,,,,,,,,,,,,,,,,,,,,,,,,,,,,,,,,,,,,,,,,,,,,,,,,,,,,,,,,,,,,,,,,,,,,,,,,,,,,,,,,,,,,,,,,,,,,,,,,,,,,,,,,,,,,,,,,,,,,,,,,29868,"<span lang=""EN-GB"">Suppose
     you want to a view a text message when you are surrounded by people you
     know (e.g., acquaintances, colleagues) at a restaurant.<o:p></o:p></span>"
11/4/2018 22:55,11/4/2018 22:58,0,71.162.201.91,100,156,1,11/4/2018 22:58,R_3dTjmxJN67GWHde,,,,,40.19129944,-75.43730164,anonymous,EN,"1,2,4,5","1,2,4,5",,"1,2",,"1,2,3",,1,,1,,"2,3","1,2",,"1,2,3",,"1,2,3","2,3,4",,"1,2",,"2,3,4",,"1,2,3",,"1,2,3",,"1,2",,,,,,,,,,,,,,,,,,,,,,,,,,,,,,,,,,,,,,,,,,,,,,,,,,,,,,,,,,,,,,,,,,,,,,,,,,,,,,,,,,,,,,,,,,,,,,,,,,,,,,,,,,,,,,,,,,,,,,,,,,,,,,,,,,,,,,,,,,,,,,,,,,,,,,,,,,,,,,,,,,,,,,,,,,,,,,,,,,,,,,,,77166,"<span lang=""EN-GB"">Suppose
     you want to find a route to home when you are at Starbucks with your close
     friends.<o:p></o:p></span>"
11/4/2018 23:19,11/4/2018 23:21,0,108.6.188.254,100,106,1,11/4/2018 23:21,R_OOjZ8hvpqnAG9xL,,,,,40.69290161,-73.65390015,anonymous,EN,"1,2,3,4,6",2,,1,,1,,1,,1,,2,5,,"2,3",,3,2,,1,,6,,1,,"1,2,3",,"1,2",,,,,,,,,,,,,,,,,,,,,,,,,,,,,,,,,,,,,,,,,,,,,,,,,,,,,,,,,,,,,,,,,,,,,,,,,,,,,,,,,,,,,,,,,,,,,,,,,,,,,,,,,,,,,,,,,,,,,,,,,,,,,,,,,,,,,,,,,,,,,,,,,,,,,,,,,,,,,,,,,,,,,,,,,,,,,,,,,,,,,,,,40390,"<span lang=""EN-GB"">Suppose you want to take a click a photo when you with </span><span lang=""EN-GB"">some people you know (e.g.,
     acquaintances, colleagues)</span><span lang=""EN-GB""> at home<o:p></o:p></span>"
11/4/2018 23:23,11/4/2018 23:31,0,173.23.130.44,100,461,1,11/4/2018 23:31,R_32OSF4RH3HCAxMN,,,,,33.40010071,-111.5028,anonymous,EN,"2,3,4,5","2,5",,"1,2",,"1,2,3,4",,3,,3,,"2,3","1,2,3",,"2,3",,"2,3","1,2,3,4",,"2,3",,4,,"2,3",,"1,2,3",,"1,2",,2,,,,,,,,,,,,,,,,,,,,,,,,,,,,,,2,,1,,"1,3",,1,,1,,"2,3","1,2,3",,"2,3",,2,,2,,"3,4",,"1,2",,4,,"1,2,3",,"1,2",,,,,,,,,,,,,,,,,,,,,,,,,,,,,,,,,,,,,,,,,,,,,,,,,,,,,,,,,,,,,,,,,,,,,,,,,,,,,,,,,,,,,,,,,,,,,,,,,,,,,,,,,,,,,,,,,,,,,,,,,,,,,41534,"<span lang=""EN-GB"">Suppose
     you want to take a click a photo when you are with people you are close to
     (e.g., friends, family members) at home<o:p></o:p></span>"
11/4/2018 23:54,11/4/2018 23:54,0,172.58.45.180,100,46,1,11/4/2018 23:54,R_1GWDsb15AsHTMyd,,,,,45.50779724,-122.6896973,anonymous,EN,"1,2",,,,,,,,,,,,,,,,,,,,,,,,,,,,,,,,,,,,,,,,,,,,,,,,,,,,,,,,,,,,,,,,,,,,,,,,,,,,,,,,,,,,,,,,,,,,,,,,,,,,,,,,,,,,,,,,,,,,,,,,,,,,,,,,,,,,,,,,,,,,,,,,,,,,,,,,,,,,,,,,,,,,,,,,,,,,,,,,,,,,,,,,,,,,,,,,,,,,,,,,,,,,,,,,,,,8808,"<span lang=""EN-GB"">Suppose
     you want to set up a reminder when you are with people you know (e.g.,
     acquaintances, colleagues) at your home.<o:p></o:p></span>"
11/5/2018 0:09,11/5/2018 0:10,0,73.180.56.165,100,17,1,11/5/2018 0:10,R_2RQSwWyKR0WgQlu,,,,,44.59039307,-123.2722015,anonymous,EN,"2,3",,,,,,,,,,,,,,,,,,,,,,,,,,,,,,,,,,,,,,,,,,,,,,,,,,,,,,,,,,,,,,,,,,,,,,,,,,,,,,,,,,,,,,,,,,,,,,,,,,,,,,,,,,,,,,,,,,,,,,,,,,,,,,,,,,,,,,,,,,,,,,,,,,,,,,,,,,,,,,,,,,,,,,,,,,,,,,,,,,,,,,,,,,,,,,,,,,,,,,,,,,,,,,,,,,,4220,"<span lang=""EN-GB"">Suppose you are at home with people you are close to (e.g., friends, family members) when you realize today is the last day to pay one of your bills online.<o:p></o:p></span>"
11/5/2018 0:35,11/5/2018 0:36,0,108.85.34.109,100,40,1,11/5/2018 0:36,R_8icnRsTXszj19sJ,,,,,33.12480164,-86.86219788,anonymous,EN,"1,2",,,,,,,,,,,,,,,,,,,,,,,,,,,,,,,,,,,,,,,,,,,,,,,,,,,,,,,,,,,,,,,,,,,,,,,,,,,,,,,,,,,,,,,,,,,,,,,,,,,,,,,,,,,,,,,,,,,,,,,,,,,,,,,,,,,,,,,,,,,,,,,,,,,,,,,,,,,,,,,,,,,,,,,,,,,,,,,,,,,,,,,,,,,,,,,,,,,,,,,,,,,,,,,,,,,35338,"<span lang=""EN-GB"">Suppose you want to listen to some audio when you are alone in a park.<o:p></o:p></span>"
10/29/2018 1:30,10/29/2018 1:46,0,47.30.252.143,88,1008,0,11/5/2018 0:46,R_2A0fZfV65nFTnzZ,,,,,,,anonymous,EN,"1,2,3,4,6",1,,"1,2",,"1,2,3",,1,,1,,"1,2","1,2",,1,,"1,2",4,,"1,2",,"1,2",,"1,2",,3,,2,,"1,2,6",2,,"1,2",,2,,1,,1,,"1,2","1,2",,1,,1,,"1,2,4",,2,,1,,2,,"2,3",,2,,"1,2,5",,"1,3",,"1,2,3,4",,1,,2,,1,"2,3",,"1,2",,"2,3",,"2,3",,"3,4",,"1,2",,"3,4",,"2,3",,2,,,,,,,,,,,,,,,,,,,,,,,,,,,,,,,,,,,,,,,,,,,,,,,,,,,,,,,,,,,,,,,,,,,,,,,,,,,,,,,,,,,,,,,,,,,,,,,,,,,,,,,,,,,,,,,,,,,,,,,,,,,,,13552,"<span lang=""EN-GB"">Suppose you want to browse the internet when you are at home with people you know (e.g., acquaintances, colleagues).<o:p></o:p></span>"
11/5/2018 0:41,11/5/2018 0:47,0,72.203.113.118,100,372,1,11/5/2018 0:47,R_3PvjwcxQGprR0Vu,,,,,33.76690674,-118.3806,anonymous,EN,"1,2,3,6","2,4,5",,1,,"1,2",,1,,1,,1,"1,2,3",,2,,3,1,,2,,3,,2,,"1,2,3",,2,,,,,,,,,,,,,,,,,,,,,,,,,,,,,,,,,,,,,,,,,,,,,,,,,,,,,,,,,,,,,,,,,,,,,,,,,,,,,,,,,,,,,,,,,,,,,,,,,,,,,,,,,,,,,,,,,,,,,,,,,,,,,,,,,,,,,,,,,,,,,,,,,,,,,,,,,,,,,,,,,,,,,,,,,,,,,,,,,,,,,,,,12708,"<span lang=""EN-GB"">Suppose
     you are at home with some people you know (e.g., acquaintances,
     colleagues) when you realize today is the last day to pay one of your
     bills online.<o:p></o:p></span>"
11/5/2018 0:55,11/5/2018 0:56,0,72.234.211.148,100,33,1,11/5/2018 0:56,R_1k2fOHs7USrm5w2,,,,,21.34880066,-157.8759003,anonymous,EN,2,,,,,,,,,,,,,,,,,,,,,,,,,,,,,,,,,,,,,,,,,,,,,,,,,,,,,,,,,,,,,,,,,,,,,,,,,,,,,,,,,,,,,,,,,,,,,,,,,,,,,,,,,,,,,,,,,,,,,,,,,,,,,,,,,,,,,,,,,,,,,,,,,,,,,,,,,,,,,,,,,,,,,,,,,,,,,,,,,,,,,,,,,,,,,,,,,,,,,,,,,,,,,,,,,,,52815,"<span lang=""EN-GB"">Suppose you have planned to meet a friend next week and you want to put this on your calendar when you are alone at Starbucks.<o:p></o:p></span>"
11/5/2018 1:09,11/5/2018 1:25,0,188.210.56.182,100,942,1,11/5/2018 1:25,R_24dbFqxlNm2ucYh,,,,,50.31669617,7.850006104,anonymous,EN,"1,2,3,4","1,2,5",,1,,"1,2,3",,1,,1,,3,"1,2,3",,"1,2",,3,"2,3,4",,2,,"3,4",,2,,"1,2,3",,"1,2",,"2,4",,,,,,,,,,,,,,,,,,,,,,,,,,,,,,"2,5",,1,,"1,2,3",,1,,2,,2,"1,2",,1,,1,,"2,3",,"1,4",,2,,"1,4",,"1,2,3",,"1,2",,,,,,,,,,,,,,,,,,,,,,,,,,,,,,,"2,5",,1,,"1,2,3",,1,,2,,2,"1,2",,1,,1,,"2,3",,4,,2,,4,,"1,2,3",,"1,2",,,,,,,,,,,,,,,,,,,,,,,,,,,,,,,,,,,,,,,,,,,,,,,,,,,,,,,,,,,,Female,36,Business Owner,3,1,,5,485,"<span lang=""EN-GB"">Suppose
     you want to watch some video when you are with your close friends in a
     park.<o:p></o:p></span>"
11/5/2018 3:41,11/5/2018 3:47,0,108.22.201.2,100,381,1,11/5/2018 3:47,R_08ocstcC9m0oo13,,,,,39.65730286,-77.69210052,anonymous,EN,"1,2,3,4,6",1,,5,,3,,1,,3,,3,1,,2,,2,3,,2,,2,,2,,1,,1,,,,,,,,,,,,,,,,,,,,,,,,,,,,,,,,,,,,,,,,,,,,,,,,,,,,,,,,,,,,,,,,,,,,,,,,,,,,,,,,,,,,,,,,,,,,,,,,,,,,,,,,,,,,,,,,,,,,,,,,,,,,,,,,,,,,,,,,,,,,,,,,,,,,,,,,,,,,,,,,,,,,,,,,,,,,,,,,,,,,,,,,88246,"<span lang=""EN-GB"">Suppose
     you want to purchase something online when you are alone at your home.<o:p></o:p></span>"
11/5/2018 4:01,11/5/2018 4:05,0,71.206.134.26,100,220,1,11/5/2018 4:05,R_2dsxMhrGAqGiKLM,,,,,38.71530151,-77.74169922,anonymous,EN,"1,2,3,4,5,6","1,2,3",,"2,3",,"2,3",,1,,"2,3,4",,"1,2,3","1,2",,"2,3",,"1,2,3","1,2,3",,"1,2",,"1,2,3,4",,"1,2",,"1,3",,"1,2",,"1,2,3",3,,3,,2,,1,,"1,3",,1,1,,2,,3,,3,,1,,1,,2,,2,,1,,"1,2,4",,"1,2",,3,,1,,2,,"1,2",2,,2,,"1,2",,"2,4",,"2,4",,1,,"2,3",,"1,2",,2,,"2,5",,1,,"1,2",,1,,"2,3",,"1,2","1,2",,3,,"2,3",,"1,2",,"1,3",,1,,"1,2,3",,"1,2",,1,,,,,,,,,,,,,,,,,,,,,,,,,,,,,,,,,,,,,,,,,,,,,,,,,,,,,,,,,,,,,,,,,,,,,,,,,,,,,,,,,,,,,,,,,,,,,,,,38905,"Suppose you are alone at home, you want to take a break from studying/working&nbsp;<p>so you decide to play a video game with some with some people you know (e.g., acquaintances, colleagues).<o:p></o:p></p>"
11/5/2018 4:07,11/5/2018 4:08,0,204.210.213.184,100,83,1,11/5/2018 4:08,R_1pRNV8uZlAXI35e,,,,,42.11329651,-80.09760284,anonymous,EN,"1,2,3,4,5,6",3,,3,,4,,1,,2,,"1,3",2,,2,,2,2,,2,,"2,4",,2,,2,,2,,,,,,,,,,,,,,,,,,,,,,,,,,,,,,,,,,,,,,,,,,,,,,,,,,,,,,,,,,,,,,,,,,,,,,,,,,,,,,,,,,,,,,,,,,,,,,,,,,,,,,,,,,,,,,,,,,,,,,,,,,,,,,,,,,,,,,,,,,,,,,,,,,,,,,,,,,,,,,,,,,,,,,,,,,,,,,,,,,,,,,,,15218,"<span lang=""EN-GB"">Suppose you have planned to meet a friend next week and you want to put this on your calendar when you are surrounded with people you are close to (e.g., friends, family members) at your home.<strong><o:p></o:p></strong></span>"
11/5/2018 4:33,11/5/2018 4:35,0,47.186.101.198,100,81,1,11/5/2018 4:35,R_2pM2ZNUVSb3hcHM,,,,,33.00410461,-96.53939819,anonymous,EN,"1,2,3,4,5,6",1,,1,,2,,1,,"1,3",,2,2,,1,,"1,3",2,,1,,2,,1,,2,,2,,,,,,,,,,,,,,,,,,,,,,,,,,,,,,,,,,,,,,,,,,,,,,,,,,,,,,,,,,,,,,,,,,,,,,,,,,,,,,,,,,,,,,,,,,,,,,,,,,,,,,,,,,,,,,,,,,,,,,,,,,,,,,,,,,,,,,,,,,,,,,,,,,,,,,,,,,,,,,,,,,,,,,,,,,,,,,,,,,,,,,,,11441,"<span lang=""EN-GB"">Suppose
     you want to find a route to home when you are alone at Starbucks.<o:p></o:p></span>"
11/5/2018 4:36,11/5/2018 4:36,0,41.42.49.83,100,31,1,11/5/2018 4:36,R_pDJF9N0WIboGzx7,,,,,31.03640747,31.38070679,anonymous,EN,2,,,,,,,,,,,,,,,,,,,,,,,,,,,,,,,,,,,,,,,,,,,,,,,,,,,,,,,,,,,,,,,,,,,,,,,,,,,,,,,,,,,,,,,,,,,,,,,,,,,,,,,,,,,,,,,,,,,,,,,,,,,,,,,,,,,,,,,,,,,,,,,,,,,,,,,,,,,,,,,,,,,,,,,,,,,,,,,,,,,,,,,,,,,,,,,,,,,,,,,,,,,,,,,,,,,35523,"<span lang=""EN-GB"">Suppose you are alone and relaxing at home, you have just read a new book that&nbsp;</span>you loved and now you want a write a review for your close family and friends."
11/5/2018 4:45,11/5/2018 5:01,0,41.218.219.42,100,962,1,11/5/2018 5:01,R_2BnT0xnhsepfxEm,,,,,5.550003052,-0.216705322,anonymous,EN,"1,2,4,5,6","1,3",,2,,"1,3",,1,,3,,"2,3","1,2,3",,"1,2,3",,"2,3","1,2,3,4",,"1,2",,"1,2,3,4",,"1,3",,"1,3",,4,,,,,,,,,,,,,,,,,,,,,,,,,,,,,,,,,,,,,,,,,,,,,,,,,,,,,,,,,,,,,,,,,,,,,,,,,,,,,,,,,,,,,,,,,,,,,,,,,,,,,,,,,,,,,,,,,,,,,,,,,,,,,,,,,,,,,,,,,,,,,,,,,,,,,,,,,,,,,,,,,,,,,,,,,,,,,,,,,,,,,,,,23135,"<span style=""color: rgb(0, 0, 0); font-family: Times; font-size: 16px;"">Suppose you want control some devices/appliances (e.g., smart lights) when you are with people you know (e.g., acquaintances, colleagues).</span>"
10/29/2018 6:22,10/29/2018 6:24,0,71.57.220.166,78,94,0,11/5/2018 5:24,R_2EnlE6I644GhhsY,,,,,,,anonymous,EN,"1,2,4,5",,,,,,,,,,,,,,,,,,,,,,,,,,,,,,,,,,,,,,,,,,,,,,,,,,,,,,,,,,,,,,,,,,,,,,,,,,,,,,,,,,,,,,,,,,,,,,,,,,,,,,,,,,,,,,,,,,,,,,,,,,,,,,,,,,,,,,,,,,,,,,,,,,,,,,,,,,,,,,,,,,,,,,,,,,,,,,,,,,,,,,,,,,,,,,,,,,,,,,,,,,,,,,,,,,,4867,"<span lang=""EN-GB"">Suppose you have planned to meet a friend next week and you want to put this on your calendar when you are alone at a park<o:p></o:p></span>"
10/29/2018 7:26,10/29/2018 7:26,0,67.9.72.98,1,18,0,11/5/2018 6:26,R_2q41ZBUSIGITrYk,,,,,,,anonymous,EN,,,,,,,,,,,,,,,,,,,,,,,,,,,,,,,,,,,,,,,,,,,,,,,,,,,,,,,,,,,,,,,,,,,,,,,,,,,,,,,,,,,,,,,,,,,,,,,,,,,,,,,,,,,,,,,,,,,,,,,,,,,,,,,,,,,,,,,,,,,,,,,,,,,,,,,,,,,,,,,,,,,,,,,,,,,,,,,,,,,,,,,,,,,,,,,,,,,,,,,,,,,,,,,,,,,,39476,"<span lang=""EN-GB"" style=""font-size:11.0pt;line-height:115%;
font-family:&quot;Arial&quot;,sans-serif;mso-fareast-font-family:Arial;mso-ansi-language:
EN-GB;mso-fareast-language:EN-US;mso-bidi-language:AR-SA"">Suppose you want to a
send an email when you are at Starbucks.</span>"
10/29/2018 7:25,10/29/2018 7:35,0,136.2.16.185,88,589,0,11/5/2018 6:35,R_ZfUSdrmofykq95n,,,,,,,anonymous,EN,"1,2,3","2,4",,1,,"1,2",,1,,1,,3,1,,"2,3",,3,"1,3",,"1,2",,"5,6",scrolling bar/disappearing notifications,"1,2",,"1,2,3",,1,,"1,2",,,,,,,,,,,,,,,,,,,,,,,,,,,,,,,,,,,,,,,,,,,,,,,,,,,,,,,,,,,,,,,,,,,,,,,,,,,,,,,,,,,,,,,,,,,,,,,,,,,,,,,,,,,,,,,,,,,,,,,,,,,,,,,,,,,,,,,,,,,,,,,,,,,,,,,,,,,,,,,,,,,,,,,,,,,,,,,,,,,,,,82111,"<span lang=""EN-GB"">Suppose you want to watch some video when you are with your close friends at Starbucks.<o:p></o:p></span>"
11/5/2018 7:03,11/5/2018 7:04,0,167.177.39.8,100,56,1,11/5/2018 7:04,R_23f9rb1uCpguom6,,,,,44.94970703,-93.33730316,anonymous,EN,"1,2,3,4,6","3,4",,"2,3",,"2,4",,1,,"2,3",,"1,3","1,2",,"1,3",,2,"1,2",,"1,3",,"2,3",,"2,3",,"1,3",,"1,2",,,,,,,,,,,,,,,,,,,,,,,,,,,,,,,,,,,,,,,,,,,,,,,,,,,,,,,,,,,,,,,,,,,,,,,,,,,,,,,,,,,,,,,,,,,,,,,,,,,,,,,,,,,,,,,,,,,,,,,,,,,,,,,,,,,,,,,,,,,,,,,,,,,,,,,,,,,,,,,,,,,,,,,,,,,,,,,,,,,,,,,,920,"<span lang=""EN-GB"">Suppose you want to watch some video when you are alone at your home.<strong><o:p></o:p></strong></span>"
11/5/2018 7:03,11/5/2018 7:04,0,75.170.34.136,100,91,1,11/5/2018 7:04,R_1f2Vlonu2IdfxSO,,,,,35.8217926,-77.26000214,anonymous,EN,"1,3,4","2,3,4",,"1,2",,"2,4",,1,,"3,4",,"1,3","1,2,3",,"1,2,3",,"1,2,3","2,3,4",,"1,2",,"1,3",,"2,3",,"1,2",,"1,2",,,,,,,,,,,,,,,,,,,,,,,,,,,,,,,,,,,,,,,,,,,,,,,,,,,,,,,,,,,,,,,,,,,,,,,,,,,,,,,,,,,,,,,,,,,,,,,,,,,,,,,,,,,,,,,,,,,,,,,,,,,,,,,,,,,,,,,,,,,,,,,,,,,,,,,,,,,,,,,,,,,,,,,,,,,,,,,,,,,,,,,,43691,"<span lang=""EN-GB"">Suppose
     you want to a send a text message when you are surrounded by people you
     know (e.g., acquaintances, colleagues) at your home.<o:p></o:p></span>"
11/5/2018 7:05,11/5/2018 7:06,0,174.124.135.155,100,13,1,11/5/2018 7:06,R_pQSNrtu4vE9DaJX,,,,,45.50610352,-91.73819733,anonymous,EN,"1,2",,,,,,,,,,,,,,,,,,,,,,,,,,,,,,,,,,,,,,,,,,,,,,,,,,,,,,,,,,,,,,,,,,,,,,,,,,,,,,,,,,,,,,,,,,,,,,,,,,,,,,,,,,,,,,,,,,,,,,,,,,,,,,,,,,,,,,,,,,,,,,,,,,,,,,,,,,,,,,,,,,,,,,,,,,,,,,,,,,,,,,,,,,,,,,,,,,,,,,,,,,,,,,,,,,,80296,"<span lang=""EN-GB"">Suppose you want to read a digital document when you are at Starbucks with people you know (e.g., acquaintances, colleagues).<o:p></o:p></span>"
11/5/2018 7:06,11/5/2018 7:11,0,73.227.140.74,100,321,1,11/5/2018 7:11,R_2EzsNP48oxSgnrG,,,,,41.59700012,-72.98280334,anonymous,EN,"2,3,4","1,2,4,5",,"1,2",,"1,2,3,4",,1,,1,,2,"1,2,3",,3,,3,1,,2,,2,,2,,1,,2,,,,,,,,,,,,,,,,,,,,,,,,,,,,,,,,,,,,,,,,,,,,,,,,,,,,,,,,,,,,,,,,,,,,,,,,,,,,,,,,,,,,,,,,,,,,,,,,,,,,,,,,,,,,,,,,,,,,,,,,,,,,,,,,,,,,,,,,,,,,,,,,,,,,,,,,,,,,,,,,,,,,,,,,,,,,,,,,,,,,,,,,12956,"<span lang=""EN-GB"">Suppose you want to watch some video when you are with your close friends at Starbucks.<o:p></o:p></span>"
11/5/2018 7:10,11/5/2018 7:13,0,68.190.216.244,100,215,1,11/5/2018 7:13,R_2xVMDiaTf6SRHCa,,,,,34.14680481,-118.1390991,anonymous,EN,"2,3,4",2,,1,,3,,1,,3,,3,3,,1,,2,4,,2,,3,,2,,3,,2,,,,,,,,,,,,,,,,,,,,,,,,,,,,,,,,,,,,,,,,,,,,,,,,,,,,,,,,,,,,,,,,,,,,,,,,,,,,,,,,,,,,,,,,,,,,,,,,,,,,,,,,,,,,,,,,,,,,,,,,,,,,,,,,,,,,,,,,,,,,,,,,,,,,,,,,,,,,,,,,,,,,,,,,,,,,,,,,,,,,,,,,42228,"<span lang=""EN-GB"">Suppose you are alone at home, you want to take a break from studying/working&nbsp;</span>so you decide to play an online/digital game."
11/5/2018 7:11,11/5/2018 7:14,0,216.131.24.138,100,156,1,11/5/2018 7:14,R_1okhMGZJdHQNOlb,,,,,30.519104,-90.48789978,anonymous,EN,"1,2,3,4","2,5",,1,,1,,1,,1,,2,2,,2,,2,4,,2,,3,,2,,1,,2,,2,,,,,,,,,,,,,,,,,,,,,,,,,,,,,,2,,1,,1,,1,,1,,2,2,,3,,2,,3,,3,,2,,"1,2",,2,,2,,,,,,,,,,,,,,,,,,,,,,,,,,,,,,,,,,,,,,,,,,,,,,,,,,,,,,,,,,,,,,,,,,,,,,,,,,,,,,,,,,,,,,,,,,,,,,,,,,,,,,,,,,,,,,,,,,,,,,,,,,,,,70863,"<span lang=""EN-GB"">Suppose
     you want to a send an email when you are walking on a street.<o:p></o:p></span>"
11/5/2018 7:15,11/5/2018 7:15,0,192.3.124.46,100,13,1,11/5/2018 7:15,R_22sQP2V8beZmUGv,,,,,42.88639832,-78.87809753,anonymous,EN,1,,,,,,,,,,,,,,,,,,,,,,,,,,,,,,,,,,,,,,,,,,,,,,,,,,,,,,,,,,,,,,,,,,,,,,,,,,,,,,,,,,,,,,,,,,,,,,,,,,,,,,,,,,,,,,,,,,,,,,,,,,,,,,,,,,,,,,,,,,,,,,,,,,,,,,,,,,,,,,,,,,,,,,,,,,,,,,,,,,,,,,,,,,,,,,,,,,,,,,,,,,,,,,,,,,,3210,"<span lang=""EN-GB"">Suppose
     you want to watch some video when you are alone at Starbucks.<o:p></o:p></span>"
11/5/2018 7:15,11/5/2018 7:17,0,192.3.124.46,100,105,1,11/5/2018 7:17,R_21HBV6UcNlYRwGh,,,,,42.88639832,-78.87809753,anonymous,EN,"2,5,6","2,3",,"1,2",,"1,2,4",,1,,"3,4",,2,1,,1,,2,"1,3",,"1,2",,"3,4",,"1,2",,"2,3",,"1,2",,6,,,,,,,,,,,,,,,,,,,,,,,,,,,,,,,,,,,,,,,,,,,,,,,,,,,,,,,,,,,,,,,,,,,,,,,,,,,,,,,,,,,,,,,,,,,,,,,,,,,,,,,,,,,,,,,,,,,,,,,,,,,,,,,,,,,,,,,,,,,,,,,,,,3,,1,,2,,1,,4,,3,"1,2",,1,,3,,1,,4,,2,,2,,3,,2,,,,,,,,,34217,"<span lang=""EN-GB"">Suppose
     you want to watch some video when
     you are at home with people you are close to (e.g., friends, family
     members)<strong><o:p></o:p></strong></span>"
11/5/2018 7:15,11/5/2018 7:19,0,65.34.112.177,100,221,1,11/5/2018 7:19,R_115YD02vF8qauG3,,,,,30.61430359,-87.32510376,anonymous,EN,"1,2,3","1,2,3,4,5",,"1,2,3",,"1,3",,1,,1,,1,"1,2,3",,"2,3",,4,"1,2",,2,,"2,3,4",,"1,2,3",,"1,2,3",,2,,,,,,,,,,,,,,,,,,,,,,,,,,,,,,,,,,,,,,,,,,,,,,,,,,,,,,,,,,,,,,,,,,,,,,,,,,,,,,,,,,,,,,,,,,,,,,,,,,,,,,,,,,,,,,,,,,,,,,,,,,,,,,,,,,,,,,,,,,,,,,,,,,,,,,,,,,,,,,,,,,,,,,,,,,,,,,,,,,,,,,,,82708,"<span lang=""EN-GB"">Suppose
     you want to watch some video when you are with people you know (e.g.,
     acquaintances, colleagues) at your home.<o:p></o:p></span>"
11/5/2018 7:16,11/5/2018 7:20,0,74.242.161.109,100,225,1,11/5/2018 7:20,R_3rYgj5Kzsd8acJt,,,,,35.42689514,-88.63980103,anonymous,EN,"1,2,3",4,,5,,2,,3,,6,,4,"1,2",,5,,4,6,,5,,6,,5,,5,,1,,3,,,,,,,,,,,,,,,,,,,,,,,,,,,,,,,,,,,,,,,,,,,,,,,,,,,,,,,,,,,4,,5,,2,,3,,6,,4,"1,2",,5,,5,,6,,7,,5,,7,,5,,1,,,,,,,,,,,,,,,,,,,,,,,,,,,,,,,,,,,,,,,,,,,,,,,,,,,,,,,,,,,,,,,,,,,,,,,,,,,,,,,,,,,,,,,,,female,33,office worker,2,1,,2,29278,"<span lang=""EN-GB"">Suppose you are at work with some people you know (e.g., acquaintances, colleagues) when you realize that you have to immediately pay one of your bills online.<o:p></o:p></span>"
10/29/2018 8:19,10/29/2018 8:21,0,98.17.13.171,78,86,0,11/5/2018 7:21,R_2X7FbM3mZgc6Dxr,,,,,,,anonymous,EN,"1,2,4",,,,,,,,,,,,,,,,,,,,,,,,,,,,,,,,,,,,,,,,,,,,,,,,,,,,,,,,,,,,,,,,,,,,,,,,,,,,,,,,,,,,,,,,,,,,,,,,,,,,,,,,,,,,,,,,,,,,,,,,,,,,,,,,,,,,,,,,,,,,,,,,,,,,,,,,,,,,,,,,,,,,,,,,,,,,,,,,,,,,,,,,,,,,,,,,,,,,,,,,,,,,,,,,,,,37945,"<span lang=""EN-GB"" style=""font-size:11.0pt;line-height:115%;
font-family:&quot;Arial&quot;,sans-serif;mso-fareast-font-family:Arial;mso-ansi-language:
EN-GB;mso-fareast-language:EN-US;mso-bidi-language:AR-SA"">Suppose you want to a
view a text message when you are alone at home</span>"
11/5/2018 7:20,11/5/2018 7:22,0,204.10.6.200,100,143,1,11/5/2018 7:22,R_1NkbpctNvqaKhXX,,,,,34.86610413,-82.31980133,anonymous,EN,"1,2,3,4",4,,1,,"1,2,3",,1,,1,,1,"1,2",,2,,2,"2,3",,2,,"1,3,4",,2,,"1,2",,2,,,,,,,,,,,,,,,,,,,,,,,,,,,,,,,,,,,,,,,,,,,,,,,,,,,,,,,,,,,,,,,,,,,,,,,,,,,,,,,,,,,,,,,,,,,,,,,,,,,,,,,,,,,,,,,,,,,,,,,,,,,,,,,,,,,,,,,,,,,,,,,,,,,,,,,,,,,,,,,,,,,,,,,,,,,,,,,,,,,,,,,,49143,"<span lang=""EN-GB"" style=""font-size:11.0pt;line-height:115%;
font-family:&quot;Arial&quot;,sans-serif;mso-fareast-font-family:Arial;mso-ansi-language:
EN-GB;mso-fareast-language:EN-US;mso-bidi-language:AR-SA"">Suppose you have
planned to meet a friend next week and you want put this on your calendar<span style=""color:#434343""> when you with </span>people you know (e.g.,
acquaintances, colleagues)<span style=""color:#434343""> at a park</span></span>"
11/5/2018 7:25,11/5/2018 7:27,0,32.210.113.253,100,165,1,11/5/2018 7:27,R_3IyQqMGJcVjww9z,,,,,41.74029541,-72.68070221,anonymous,EN,"1,2,3,4","1,2",,2,,"1,2,3",,3,,1,,1,1,,"1,2",,2,"1,2,3",,2,,"2,3,4",,2,,3,,2,,,,,,,,,,,,,,,,,,,,,,,,,,,,,,,,,,,,,,,,,,,,,,,,,,,,,,,,,,,,,,,,,,,,,,,,,,,,,,,,,,,,,,,,,,,,,,,,,,,,,,,,,,,,,,,,,,,,,,,,,,,,,,,,,,,,,,,,,,,,,,,,,,,,,,,,,,,,,,,,,,,,,,,,,,,,,,,,,,,,,,,,29481,"<span lang=""EN-GB"">Suppose you have planned to meet a friend next week and you want to put this on your calendar when you are alone at a park<o:p></o:p></span>"
11/5/2018 7:25,11/5/2018 7:29,0,141.238.29.205,100,228,1,11/5/2018 7:29,R_ukRBXVAi6Tt04Rb,,,,,42.43330383,-79.33390045,anonymous,EN,3,,,,,,,,,,,,,,,,,,,,,,,,,,,,,,,,,,,,,,,,,,,,,,,,,,,,,,,,,,,,,,,,,,,,,,,,,,,,,,,,,,,,,,,,,,,,,,,,,,,,,,,,,,,,,,,,,,,,,,,,,,,,,,,,,,,,,,,,,,,,,,,,,,,,,,,,,,,,,,,,,,,,,,,,,,,,,,,,,,,,,,,,,,,,,,,,,,,,,,,,,,,,,,,,,,,94193,"<span lang=""EN-GB"">Suppose
     you are at a park and you realize today is the last day to pay one of your
     bills online.<o:p></o:p></span>"
11/5/2018 7:30,11/5/2018 7:35,0,97.32.4.41,100,300,1,11/5/2018 7:35,R_3RqrjiGfb5RELRy,,,,,37.75100708,-97.8219986,anonymous,EN,"2,3,4","2,4",,1,,2,,1,,2,,1,"1,2,3",,2,,3,1,,2,,3,,2,,5,,2,,,,,,,,,,,,,,,,,,,,,,,,,,,,,,,,,,,,,,,,,,,,,,,,,,,,,,,,,,,,,,,,,,,,,,,,,,,,,,,,,,,,,,,,,,,,,,,,,,,,,,,,,,,,,,,,,,,,,,,,,,,,,,,,,,,,,,,,,,,,,,,,,,,,,,,,,,,,,,,,,,,,,,,,,,,,,,,,,,,,,,,,8705,"<span lang=""EN-GB"">Suppose
     you want to watch some video when you are with people you know (e.g.,
     acquaintances, colleagues) in a park.<o:p></o:p></span>"
11/5/2018 7:34,11/5/2018 7:37,0,41.218.219.42,100,145,1,11/5/2018 7:37,R_2abh1YHwOPrlm0T,,,,,5.550003052,-0.216705322,anonymous,EN,"1,2,5",5,,3,,"2,3",,1,,3,,2,"1,2",,3,,2,"2,3",,1,,"2,3",,2,,"2,3",,2,,,,,,,,,,,,,,,,,,,,,,,,,,,,,,,,,,,,,,,,,,,,,,,,,,,,,,,,,,,,,,,,,,,,,,,,,,,,,,,,,,,,,,,,,,,,,,,,,,,,,,,,,,,,,,,,,,,,,,,,,,,,,,,,,,,,,,,,,,,,,,,,,,,,,,,,,,,,,,,,,,,,,,,,,,,,,,,,,,,,,,,,87600,"<span lang=""EN-GB"">Suppose
     you want to a view a text message
     when you are walking with a very close friend on a street<o:p></o:p></span>"
11/5/2018 7:37,11/5/2018 7:38,0,190.72.36.241,100,60,1,11/5/2018 7:38,R_9HSGT3EVOWkPEqd,,,,,10.24690247,-67.59580231,anonymous,EN,"1,2",,,,,,,,,,,,,,,,,,,,,,,,,,,,,,,,,,,,,,,,,,,,,,,,,,,,,,,,,,,,,,,,,,,,,,,,,,,,,,,,,,,,,,,,,,,,,,,,,,,,,,,,,,,,,,,,,,,,,,,,,,,,,,,,,,,,,,,,,,,,,,,,,,,,,,,,,,,,,,,,,,,,,,,,,,,,,,,,,,,,,,,,,,,,,,,,,,,,,,,,,,,,,,,,,,,92740,"<span lang=""EN-GB"">Suppose you want to find a route to a coffee shop when you are
     at home </span><span lang=""EN-GB"">with
     people you are close to (e.g., friends, family members)</span><strong><span lang=""EN-GB""><o:p></o:p></span></strong>"
11/5/2018 7:43,11/5/2018 7:45,0,104.129.196.84,100,150,1,11/5/2018 7:45,R_uqfkjOYawbMRSDv,,,,,37.75100708,-97.8219986,anonymous,EN,"2,4,5,6","3,4",,"2,3",,"2,3",,1,,"2,3,4",,"2,3","2,3",,"2,3",,"2,3","2,3",,"2,3",,"2,3",,"2,3",,"2,3",,"1,2",,5,,,,,,,,,,,,,,,,,,,,,,,,,,,,,,,,,,,,,,,,,,,,,,,,,,,,,,,,,,,,,,,,,,,,,,,,,,,,,,,,,,,,,,,,,,,,,,,,,,,,,,,,,,,,,,,,,,,,,"1,2",,"1,2,3",,"2,3",,1,,1,,"1,2","2,3",,"2,3",,3,,"2,3",,2,,"2,3",,"3,4",,"2,3",,2,,,,,,,,,,,,,,,,,,,,,,,,,,,,,,,,,,,,,,41840,"<span lang=""EN-GB"">Suppose
     you want to listen to some audio when you are at home with people you are
     close to (e.g., friends, family members).<strong><o:p></o:p></strong></span>"
11/5/2018 7:40,11/5/2018 7:47,0,41.218.219.42,100,434,1,11/5/2018 7:47,R_1H8fAgkzjPhQaLe,,,,,5.550003052,-0.216705322,anonymous,EN,"1,2,3,4","1,2,3,4,5",,"1,2,3",,"1,2,3,4",,1,,"1,2,3,4",,"1,2,3","1,2,3",,"1,2,3",,"1,2,3","1,2,3,4",,"1,2,3",,"1,2,3,4",,"1,2,3",,"1,2,3",,"1,2",,"2,4",,,,,,,,,,,,,,,,,,,,,,,,,,,,,,"1,2,3,4,5",,"1,2,3",,"1,2,3,4",,1,,"1,2,3,4",,"1,2,3","1,2,3",,"1,2,3",,"1,2,3",,"1,2,3,4",,"1,2,3,4",,"1,2,3",,"1,2,3,4",,"1,2,3",,"1,2",,,,,,,,,,,,,,,,,,,,,,,,,,,,,,,"1,2,3,4,5",,"1,2,3",,"1,2,3,4",,1,,"1,2,3,4",,"1,2","1,2,3",,"1,2,3",,"1,2,3",,"1,2,3,4",,"1,2,3,4",,"1,2,3",,"1,2,3,4",,"1,2,3",,"1,2",,,,,,,,,,,,,,,,,,,,,,,,,,,,,,,,,,,,,,,,,,,,,,,,,,,,,,,,,,,,male,23,IT Technician,5,1,,6,88890,"<span lang=""EN-GB"">Suppose you are at sitting in a park and you want to play a digital/online game.<o:p></o:p></span>"
11/5/2018 7:17,11/5/2018 7:47,0,71.163.182.248,100,1827,1,11/5/2018 7:47,R_Cmle7OnMJZJXhXX,,,,,39.04550171,-76.92420197,anonymous,EN,"1,2,3,4","4,5",,1,,6,,3,,2,,2,3,,"1,2",,2,6,,"1,2",,7,,"1,2",,"1,2",,4,,1,"2,4",,1,,"1,3",,1,,2,,4,"1,2",,5,,5,,2,,3,,"1,2",,3,,"1,2",,4,,,,,,,,,,,,,,,,,,,,,,,,,,,,,,,,,,,,,,,,,,,,,,,,,,,,,,,,,,,,,,,,,,,,,,,,,,,,,,,,,,,,,,,,,,,,,,,,,,,,,,,,,,,,,,,,,,,,,,,,,,,,,,,,,,,,,,,,,,,,,,,,,,,Male,29,Pharmacist,7,5,,5,3650,"<span lang=""EN-GB"">Suppose
     you want to purchase something online when you are alone at Starbucks.<o:p></o:p></span>"
11/5/2018 7:42,11/5/2018 7:48,0,75.76.15.158,100,382,1,11/5/2018 7:48,R_24bWcmOd7EPGUrJ,,,,,34.72689819,-86.56729889,anonymous,EN,"1,2,5",2,,5,,"1,3",,3,,1,,3,1,,3,,3,"1,2,3",,"2,3",,"3,4",,"2,3",,1,,2,,2,,,,,,,,,,,,,,,,,,,,,,,,,,,,,,2,,5,,"1,2,3",,1,,1,,2,1,,3,,3,,"1,2,3",,3,,2,,3,,1,,2,,,,,,,,,,,,,,,,,,,,,,,,,,,,,,,,,,,,,,,,,,,,,,,,,,,,,,,,,,,,,,,,,,,,,,,,,,,,,,,,,,,,,,,,,,,,,,,,,,,,,,,,,,,,,,,,,,,,,,female,46,cfo,7,7,white/asian,4,69833,"<span lang=""EN-GB"">Suppose you have planned to meet a friend next week and you want to put this on your calendar when you are surrounded by people you know (e.g., acquaintances, colleagues) at a restaurant.<o:p></o:p></span>"
10/29/2018 8:08,10/29/2018 8:49,0,142.196.129.55,78,2420,0,11/5/2018 7:49,R_2wiOiZsiroWTxzh,,,,,,,anonymous,EN,"2,5,6",,,,,,,,,,,,,,,,,,,,,,,,,,,,,,,,,,,,,,,,,,,,,,,,,,,,,,,,,,,,,,,,,,,,,,,,,,,,,,,,,,,,,,,,,,,,,,,,,,,,,,,,,,,,,,,,,,,,,,,,,,,,,,,,,,,,,,,,,,,,,,,,,,,,,,,,,,,,,,,,,,,,,,,,,,,,,,,,,,,,,,,,,,,,,,,,,,,,,,,,,,,,,,,,,,,46645,"<span lang=""EN-GB"">Suppose
     you want to a send a text message when you are with a very close friend at
     a restaurant&nbsp;<o:p></o:p></span>"
11/5/2018 7:50,11/5/2018 7:50,0,98.159.196.54,100,19,1,11/5/2018 7:50,R_1M2y5nrLAa8Otjz,,,,,34.61799622,-86.05619812,anonymous,EN,3,,,,,,,,,,,,,,,,,,,,,,,,,,,,,,,,,,,,,,,,,,,,,,,,,,,,,,,,,,,,,,,,,,,,,,,,,,,,,,,,,,,,,,,,,,,,,,,,,,,,,,,,,,,,,,,,,,,,,,,,,,,,,,,,,,,,,,,,,,,,,,,,,,,,,,,,,,,,,,,,,,,,,,,,,,,,,,,,,,,,,,,,,,,,,,,,,,,,,,,,,,,,,,,,,,,19273,"<span lang=""EN-GB"">Suppose you want to a view a text message when you are alone at a street.<o:p></o:p></span>"
11/5/2018 7:49,11/5/2018 7:51,0,107.175.34.162,100,96,1,11/5/2018 7:51,R_2Qu2wqa5HNIAlFg,,,,,42.88639832,-78.87809753,anonymous,EN,"1,2,3,4,5,6","2,4",,"1,2,3",,"1,3,4",,3,,"1,3,4",,"1,2","1,2,3",,"2,3",,"2,3","1,3",,"1,3",,"1,3,4",,"2,3",,5,,"1,2",,,,,,,,,,,,,,,,,,,,,,,,,,,,,,,,,,,,,,,,,,,,,,,,,,,,,,,,,,,,,,,,,,,,,,,,,,,,,,,,,,,,,,,,,,,,,,,,,,,,,,,,,,,,,,,,,,,,,,,,,,,,,,,,,,,,,,,,,,,,,,,,,,,,,,,,,,,,,,,,,,,,,,,,,,,,,,,,,,,,,,,,73654,"<span lang=""EN-GB"">Suppose you want to control some devices/appliances (e.g., smart lights) when you are alone at home.<o:p></o:p></span>"
11/5/2018 7:53,11/5/2018 7:54,0,98.214.43.100,100,93,1,11/5/2018 7:54,R_1MnBA4ujgZv34aJ,,,,,39.93069458,-91.376297,anonymous,EN,"1,2,4,5","2,4",,1,,1,,1,,"2,3",,3,"2,3",,"2,3",,1,"2,3",,2,,2,,1,,"1,2",,1,,,,,,,,,,,,,,,,,,,,,,,,,,,,,,,,,,,,,,,,,,,,,,,,,,,,,,,,,,,,,,,,,,,,,,,,,,,,,,,,,,,,,,,,,,,,,,,,,,,,,,,,,,,,,,,,,,,,,,,,,,,,,,,,,,,,,,,,,,,,,,,,,,,,,,,,,,,,,,,,,,,,,,,,,,,,,,,,,,,,,,,,4197,"<span lang=""EN-GB"">Suppose
     you want to set up a reminder when you are at home with people you are
     close to (e.g., friends, family members).<strong><o:p></o:p></strong></span>"
11/5/2018 8:06,11/5/2018 8:06,0,192.3.124.46,100,6,1,11/5/2018 8:06,R_1gdN9BC2uUHdfvw,,,,,42.88639832,-78.87809753,anonymous,EN,1,,,,,,,,,,,,,,,,,,,,,,,,,,,,,,,,,,,,,,,,,,,,,,,,,,,,,,,,,,,,,,,,,,,,,,,,,,,,,,,,,,,,,,,,,,,,,,,,,,,,,,,,,,,,,,,,,,,,,,,,,,,,,,,,,,,,,,,,,,,,,,,,,,,,,,,,,,,,,,,,,,,,,,,,,,,,,,,,,,,,,,,,,,,,,,,,,,,,,,,,,,,,,,,,,,,83086,"<span lang=""EN-GB"">Suppose you are on a short vacation and you want to take a picture in front&nbsp;</span>of an iconic monument when you are surrounded by many people."
11/5/2018 8:18,11/5/2018 8:24,0,75.176.164.100,100,388,1,11/5/2018 8:24,R_24ObrhDTaGSqxX4,,,,,34.13879395,-80.8891983,anonymous,EN,"2,3,5","1,2,5",,1,,"2,3",,1,,1,,3,"1,2",,3,,2,2,,2,,"2,3,4",,2,,"1,3",,"1,2",,,,,,,,,,,,,,,,,,,,,,,,,,,,,,,,,,,,,,,,,,,,,,,,,,,,,,,,,,,,,,,,,,,,,,,,,,,,,,,,,,,,,,,,,,,,,,,,,,,,,,,,,,,,,,,,,,,,,,,,,,,,,,,,,,,,,,,,,,,,,,,,,,,,,,,,,,,,,,,,,,,,,,,,,,,,,,,,,,,,,,,,22718,"<span lang=""EN-GB"">Suppose you want to find a route to home while walking on a street.<o:p></o:p></span>"
11/5/2018 8:15,11/5/2018 8:26,0,104.139.26.29,100,657,1,11/5/2018 8:26,R_AdLbHLWMCTp44WR,,,,,35.01780701,-80.53720093,anonymous,EN,"1,2,3,4","2,3,4",,5,,6,,3,,6,,4,5,,5,,4,6,,5,,7,,5,,5,,4,,1,4,,3,,3,,1,,4,,3,3,,3,,3,,2,,3,,2,,3,,1,,1,,,,,,,,,,,,,,,,,,,,,,,,,,,,,,,,,,,,,,,,,,,,,,,,,,,,,,,,,,,,,,,,,,,,,,,,,,,,,,,,,,,,,,,,,,,,,,,,,,,,,,,,,,,,,,,,,,,,,,,,,,,,,,,,,,,,,,,,,,,,,,,,,,,female,45,data entry,3,1,,4,36922,"<span lang=""EN-GB"">Suppose
     you are at starbucks and you realize today is the last day to pay one of
     your bills online.<o:p></o:p></span>"
10/29/2018 9:18,10/29/2018 9:34,0,100.35.97.44,88,975,0,11/5/2018 8:34,R_bJf4YFPFjwsHX7r,,,,,,,anonymous,EN,"1,2,3,4,5,6","2,5",,1,,"2,3",,1,,1,,1,5,,5,,1,"1,3",,"1,2",,3,,"1,2",,5,,4,,"1,2,3,4,5,6",,,,,,,,,,,,,,,,,,,,,,,,,,,,,,2,,"1,2",,3,,3,,3,,"2,3","1,2,3",,5,,5,,3,,"1,2,3",,2,,"1,2,3",,5,,"1,2",,,,,,,,,,,,,,,,,,,,,,,,,,,,,,,,,,,,,,,,,,,,,,,,,,,,,,,,,,,,,,,,,,,,,,,,,,,,,,,,,,,,,,,,,"2,3,4",,1,,"2,3,4",,3,,1,,3,5,,5,,5,,3,,"1,2,3",,2,,"1,2,3",,5,,4,,,,,,,,,53838,"<span lang=""EN-GB"">Suppose
     you want to a send an email when you are walking on a street with people
     you know (e.g., acquaintances, colleagues)<strong>.</strong><o:p></o:p></span>"
11/5/2018 8:35,11/5/2018 8:36,0,100.19.47.73,100,13,1,11/5/2018 8:36,R_25L83QnAiN1fJAp,,,,,39.98429871,-75.82530212,anonymous,EN,4,,,,,,,,,,,,,,,,,,,,,,,,,,,,,,,,,,,,,,,,,,,,,,,,,,,,,,,,,,,,,,,,,,,,,,,,,,,,,,,,,,,,,,,,,,,,,,,,,,,,,,,,,,,,,,,,,,,,,,,,,,,,,,,,,,,,,,,,,,,,,,,,,,,,,,,,,,,,,,,,,,,,,,,,,,,,,,,,,,,,,,,,,,,,,,,,,,,,,,,,,,,,,,,,,,,16384,"<span lang=""EN-GB"">Suppose you want to browse the internet when you are at home with people you know (e.g., acquaintances, colleagues).<o:p></o:p></span>"
11/5/2018 8:27,11/5/2018 8:46,0,72.198.74.135,100,1108,1,11/5/2018 8:46,R_1Lbca1jweAr5OSp,,,,,35.48739624,-97.5739975,anonymous,EN,"1,2,5","1,2",,"1,2,3",,1,,1,,"3,4",,3,"1,2",,3,,3,"1,2,3",,1,,6,,3,,1,,1,,,,,,,,,,,,,,,,,,,,,,,,,,,,,,,,,,,,,,,,,,,,,,,,,,,,,,,,,,,,,,,,,,,,,,,,,,,,,,,,,,,,,,,,,,,,,,,,,,,,,,,,,,,,,,,,,,,,,,,,,,,,,,,,,,,,,,,,,,,,,,,,,,,,,,,,,,,,,,,,,,,,,,,,,,,,,,,,,,,,,,,,18409,"<span lang=""EN-GB"">Suppose
     you want to listen to some audio when you are with your friends at
     Starbucks.<o:p></o:p></span>"
11/5/2018 8:44,11/5/2018 8:47,0,65.202.207.34,100,175,1,11/5/2018 8:47,R_12PZx4LQxR71vIv,,,,,38.85020447,-77.14479828,anonymous,EN,"1,2,4",1,,2,,3,,1,,1,,1,2,,3,,4,3,,1,,2,,1,,1,,1,,,,,,,,,,,,,,,,,,,,,,,,,,,,,,,,,,,,,,,,,,,,,,,,,,,,,,,,,,,,,,,,,,,,,,,,,,,,,,,,,,,,,,,,,,,,,,,,,,,,,,,,,,,,,,,,,,,,,,,,,,,,,,,,,,,,,,,,,,,,,,,,,,,,,,,,,,,,,,,,,,,,,,,,,,,,,,,,,,,,,,,,56778,"Suppose you want to find a route to a coffee shop
     when you are at home with your by your colleagues<o:p></o:p>"
11/5/2018 8:49,11/5/2018 8:49,0,73.14.56.171,100,30,1,11/5/2018 8:49,R_bDaTiHTRW8eqSD7,,,,,39.73269653,-104.9717026,anonymous,EN,"2,3",,,,,,,,,,,,,,,,,,,,,,,,,,,,,,,,,,,,,,,,,,,,,,,,,,,,,,,,,,,,,,,,,,,,,,,,,,,,,,,,,,,,,,,,,,,,,,,,,,,,,,,,,,,,,,,,,,,,,,,,,,,,,,,,,,,,,,,,,,,,,,,,,,,,,,,,,,,,,,,,,,,,,,,,,,,,,,,,,,,,,,,,,,,,,,,,,,,,,,,,,,,,,,,,,,,85853,"<span lang=""EN-GB"">Suppose
     you want to purchase something online when you are with people you are
     close to (e.g., friends, family members) at home.<o:p></o:p></span>"
11/5/2018 8:41,11/5/2018 8:49,0,71.80.249.169,100,476,1,11/5/2018 8:49,R_2wH3fC4gWRRA6KF,,,,,36.91020203,-121.756897,anonymous,EN,"1,2,3,4,5,6","2,5",,1,,1,,1,,1,,1,5,,"2,3",,1,"3,4",,2,,2,,2,,1,,2,,2,,,,,,,,,,,,,,,,,,,,,,,,,,,,,,"1,2,5",,1,,"1,2,3",,1,,2,,3,5,,"2,3",,"2,3",,3,,"1,2",,2,,"1,2",,"1,3",,"1,2",,,,,,,,,,,,,,,,,,,,,,,,,,,,,,,,,,,,,,,,,,,,,,,,,,,,,,,,,,,,,,,,,,,,,,,,,,,,,,,,,,,,,,,,,,,,,,,,,,,,,,,,,,,,,,,,,,,,,,Female,21,Student,3,7,Mix,1,30517,"<span lang=""EN-GB"">Suppose
     you want to call your mother for sharing an important update about your
     life when you are with a very close friend at a restaurant&nbsp;<o:p></o:p></span>"
11/5/2018 8:52,11/5/2018 8:53,0,192.189.187.123,100,13,1,11/5/2018 8:53,R_2sTLYVhtFgTxsRE,,,,,35.20539856,-89.8035965,anonymous,EN,"1,2",,,,,,,,,,,,,,,,,,,,,,,,,,,,,,,,,,,,,,,,,,,,,,,,,,,,,,,,,,,,,,,,,,,,,,,,,,,,,,,,,,,,,,,,,,,,,,,,,,,,,,,,,,,,,,,,,,,,,,,,,,,,,,,,,,,,,,,,,,,,,,,,,,,,,,,,,,,,,,,,,,,,,,,,,,,,,,,,,,,,,,,,,,,,,,,,,,,,,,,,,,,,,,,,,,,51002,"Suppose
     you want to call your mother for sharing an important update about your
     life when you are surrounded by people you
     know (e.g., acquaintances, colleagues) at a restaurant.<o:p></o:p>"
10/29/2018 9:52,10/29/2018 9:52,0,100.0.198.176,1,7,0,11/5/2018 8:56,R_3eb40iqMYyYrBG4,,,,,,,anonymous,EN,,,,,,,,,,,,,,,,,,,,,,,,,,,,,,,,,,,,,,,,,,,,,,,,,,,,,,,,,,,,,,,,,,,,,,,,,,,,,,,,,,,,,,,,,,,,,,,,,,,,,,,,,,,,,,,,,,,,,,,,,,,,,,,,,,,,,,,,,,,,,,,,,,,,,,,,,,,,,,,,,,,,,,,,,,,,,,,,,,,,,,,,,,,,,,,,,,,,,,,,,,,,,,,,,,,,47982,"<span lang=""EN-GB"">Suppose
     you want to find a route to home when you are alone at Starbucks.<o:p></o:p></span>"
11/5/2018 8:54,11/5/2018 8:58,0,173.160.93.221,100,211,1,11/5/2018 8:58,R_12SyTgUDE125RdH,,,,,33.9335022,-84.39579773,anonymous,EN,"1,2,3,6",2,,5,,1,,3,,1,,4,"1,2",,5,,4,6,,2,,7,,2,,5,,4,,2,,,,,,,,,,,,,,,,,,,,,,,,,,,,,,2,,5,,1,,3,,1,,4,"1,2",,5,,5,,6,,7,,2,,7,,5,,4,,,,,,,,,,,,,,,,,,,,,,,,,,,,,,,,,,,,,,,,,,,,,,,,,,,,,,,,,,,,,,,,,,,,,,,,,,,,,,,,,,,,,,,,,,,,,,,,,,,,,,,,,,,,,,,,,,,,,,Female,25,Paralegal,5,1,,5,55449,"<span lang=""EN-GB"">Suppose you are at Starbucks with your close friends and you realize today is the last day to pay one of your bills online.<o:p></o:p></span>"
10/29/2018 9:59,10/29/2018 10:01,0,129.42.161.36,78,114,0,11/5/2018 9:01,R_1RkTIf8pFo08ieR,,,,,,,anonymous,EN,"1,2,3,4",,,,,,,,,,,,,,,,,,,,,,,,,,,,,,,,,,,,,,,,,,,,,,,,,,,,,,,,,,,,,,,,,,,,,,,,,,,,,,,,,,,,,,,,,,,,,,,,,,,,,,,,,,,,,,,,,,,,,,,,,,,,,,,,,,,,,,,,,,,,,,,,,,,,,,,,,,,,,,,,,,,,,,,,,,,,,,,,,,,,,,,,,,,,,,,,,,,,,,,,,,,,,,,,,,,42125,"<span lang=""EN-GB"">Suppose you want to a send a text message when you are surrounded with people you are close to (e.g., friends, family members) at your home.<strong><o:p></o:p></strong></span>"
11/5/2018 9:03,11/5/2018 9:03,0,174.71.1.84,100,23,1,11/5/2018 9:03,R_3KCKrDLkXCgCRjm,,,,,41.23240662,-95.87509918,anonymous,EN,"2,3",,,,,,,,,,,,,,,,,,,,,,,,,,,,,,,,,,,,,,,,,,,,,,,,,,,,,,,,,,,,,,,,,,,,,,,,,,,,,,,,,,,,,,,,,,,,,,,,,,,,,,,,,,,,,,,,,,,,,,,,,,,,,,,,,,,,,,,,,,,,,,,,,,,,,,,,,,,,,,,,,,,,,,,,,,,,,,,,,,,,,,,,,,,,,,,,,,,,,,,,,,,,,,,,,,,78159,"<span lang=""EN-GB"">Suppose you want to a send a text message when you are alone at a street.<o:p></o:p></span>"
11/5/2018 8:51,11/5/2018 9:06,0,47.200.6.31,100,883,1,11/5/2018 9:06,R_a62l8tgOClJCvCN,,,,,28.11470032,-82.36779785,anonymous,EN,"1,2,3",3,,2,,1,,1,,3,,3,1,,3,,2,2,,2,,3,,1,,1,,1,,,,,,,,,,,,,,,,,,,,,,,,,,,,,,,,,,,,,,,,,,,,,,,,,,,,,,,,,,,,,,,,,,,,,,,,,,,,,,,,,,,,,,,,,,,,,,,,,,,,,,,,,,,,,,,,,,,,,,,,,,,,,,,,,,,,,,,,,,,,,,,,,,,,,,,,,,,,,,,,,,,,,,,,,,,,,,,,,,,,,,,,52949,"<span lang=""EN-GB"">Suppose
     you want to set up a reminder when you are alone at your home.<strong><o:p></o:p></strong></span>"
10/29/2018 10:07,10/29/2018 10:09,0,68.142.176.244,78,135,0,11/5/2018 9:10,R_1gLmWLiFcMgRhRw,,,,,,,anonymous,EN,"1,2,3",,,,,,,,,,,,,,,,,,,,,,,,,,,,,,,,,,,,,,,,,,,,,,,,,,,,,,,,,,,,,,,,,,,,,,,,,,,,,,,,,,,,,,,,,,,,,,,,,,,,,,,,,,,,,,,,,,,,,,,,,,,,,,,,,,,,,,,,,,,,,,,,,,,,,,,,,,,,,,,,,,,,,,,,,,,,,,,,,,,,,,,,,,,,,,,,,,,,,,,,,,,,,,,,,,,62936,"Suppose you want to purchase something online when
     you are with people you know (e.g., acquaintances,
     colleagues) at a park.<o:p></o:p>"
11/5/2018 9:20,11/5/2018 9:22,0,174.86.143.20,100,129,1,11/5/2018 9:22,R_urzzwWiFFRPPVbr,,,,,38.50149536,-90.46829987,anonymous,EN,"1,2,3","4,5",,5,,"1,2,3",,3,,1,,2,3,,5,,4,6,,2,,3,,2,,"1,2",,4,,,,,,,,,,,,,,,,,,,,,,,,,,,,,,,,,,,,,,,,,,,,,,,,,,,,,,,,,,,,,,,,,,,,,,,,,,,,,,,,,,,,,,,,,,,,,,,,,,,,,,,,,,,,,,,,,,,,,,,,,,,,,,,,,,,,,,,,,,,,,,,,,,,,,,,,,,,,,,,,,,,,,,,,,,,,,,,,,,,,,,,,70411,"<span lang=""EN-GB"">Suppose
     you want to a send an email when you are with a very close friend at a
     restaurant&nbsp;<o:p></o:p></span>"
11/5/2018 9:09,11/5/2018 9:22,0,71.176.70.228,100,791,1,11/5/2018 9:22,R_2U5gYOPhDRXbHOV,,,,,43.03540039,-76.12819672,anonymous,EN,"1,2,3,4,5,6","2,3,4,5",,1,,"2,3",,3,,1,,1,5,,5,,1,3,,"1,2",,"2,3",,"1,2",,5,,4,,"1,2,3,4,5",4,,5,,"1,2",,3,,1,,1,5,,5,,5,,3,,3,,"1,2",,3,,1,,4,,"3,4",,5,,3,,1,,1,,1,5,,5,,5,,3,,3,,"1,2",,3,,"1,2",,4,,4,,5,,"2,3",,1,,1,,3,5,,5,,5,,3,,3,,"1,2",,3,,1,,4,,4,,3,,"2,3",,1,,1,,1,5,,5,,5,,3,,3,,2,,3,,5,,4,,1,,5,,4,,3,,"2,3",,"1,2",5,,5,,5,,4,,2,,3,,2,,1,,4,,,,,,,,,,,,,,,,,,,,,,,,,,,,,,,female,35,home maker,3,1,,2,90840,"<span lang=""EN-GB"" style=""font-size:11.0pt;line-height:115%;
font-family:&quot;Arial&quot;,sans-serif;mso-fareast-font-family:Arial;mso-ansi-language:
EN-GB;mso-fareast-language:EN-US;mso-bidi-language:AR-SA"">Suppose you want to browse the internet when you are alone at your home.</span>"
11/5/2018 9:26,11/5/2018 9:26,0,190.80.27.208,100,17,1,11/5/2018 9:26,R_2uTLaAUlCKRJ8RS,,,,,6.800003052,-58.16670227,anonymous,EN,"1,2",,,,,,,,,,,,,,,,,,,,,,,,,,,,,,,,,,,,,,,,,,,,,,,,,,,,,,,,,,,,,,,,,,,,,,,,,,,,,,,,,,,,,,,,,,,,,,,,,,,,,,,,,,,,,,,,,,,,,,,,,,,,,,,,,,,,,,,,,,,,,,,,,,,,,,,,,,,,,,,,,,,,,,,,,,,,,,,,,,,,,,,,,,,,,,,,,,,,,,,,,,,,,,,,,,,15442,"<span lang=""EN-GB"">Suppose you want to set up a reminder about something when you are at Starbucks with close friends.<o:p></o:p></span>"
11/5/2018 9:31,11/5/2018 9:36,0,72.14.10.39,100,312,1,11/5/2018 9:36,R_2OVyVg7JYBxJVeV,,,,,36.87640381,-94.87190247,anonymous,EN,"1,2,3,4","2,5",,1,,"1,2",,1,,1,,3,"1,2",,"1,2,3",,3,3,,2,,6,,"1,2",,"1,2,3",,2,,,,,,,,,,,,,,,,,,,,,,,,,,,,,,,,,,,,,,,,,,,,,,,,,,,,,,,,,,,,,,,,,,,,,,,,,,,,,,,,,,,,,,,,,,,,,,,,,,,,,,,,,,,,,,,,,,,,,,,,,,,,,,,,,,,,,,,,,,,,,,,,,,,,,,,,,,,,,,,,,,,,,,,,,,,,,,,,,,,,,,,,78012,"<span lang=""EN-GB"">Suppose you want to browse the internet when you are with people you know (e.g., acquaintances, colleagues) at a restaurant.<o:p></o:p></span>"
11/5/2018 9:22,11/5/2018 9:38,0,71.176.70.228,100,941,1,11/5/2018 9:38,R_vpZjP5Q72Ew4XPX,,,,,43.03540039,-76.12819672,anonymous,EN,"1,2,3,4,5,6",2,,5,,3,,3,,6,,1,1,,5,,1,6,,"1,2",,3,,"1,2",,5,,4,,"1,2,3,5","3,4",,5,,3,,3,,6,,1,5,,5,,5,,3,,3,,2,,3,,5,,4,,1,,5,,4,,3,,"2,3,4",,1,5,,1,,1,,4,,2,,3,,2,,5,,4,,4,,1,,3,,3,,1,,1,5,,5,,5,,3,,"2,3",,2,,"2,3",,2,,4,,,,,,,,,,,,,,,,,,,,,,,,,,,,,,,1,,5,,4,,3,,"2,3",,"1,2",1,,1,,1,,4,,2,,3,,2,,5,,4,,,,,,,,,,,,,,,,,,,,,,,,,,,,,,,female,50,home maker,3,2,,3,55387,"<span lang=""EN-GB"">Suppose
     you want to listen to some audio when you are with people you know (e.g.,
     acquaintances, colleagues) at your home.<o:p></o:p></span>"
11/5/2018 9:41,11/5/2018 9:41,0,66.87.118.166,100,10,1,11/5/2018 9:41,R_2UhfCmjxB09XOw9,,,,,37.65739441,-122.4235001,anonymous,EN,1,,,,,,,,,,,,,,,,,,,,,,,,,,,,,,,,,,,,,,,,,,,,,,,,,,,,,,,,,,,,,,,,,,,,,,,,,,,,,,,,,,,,,,,,,,,,,,,,,,,,,,,,,,,,,,,,,,,,,,,,,,,,,,,,,,,,,,,,,,,,,,,,,,,,,,,,,,,,,,,,,,,,,,,,,,,,,,,,,,,,,,,,,,,,,,,,,,,,,,,,,,,,,,,,,,,62166,"<span lang=""EN-GB"">Suppose
     you want to read a digital document) when you are at home with people you
     know (e.g., acquaintances, colleagues).<o:p></o:p></span>"
10/29/2018 10:46,10/29/2018 10:46,0,205.235.218.10,78,23,0,11/5/2018 9:46,R_3WPuKIiLOVjBHnX,,,,,,,anonymous,EN,"1,2,3,4,5",,,,,,,,,,,,,,,,,,,,,,,,,,,,,,,,,,,,,,,,,,,,,,,,,,,,,,,,,,,,,,,,,,,,,,,,,,,,,,,,,,,,,,,,,,,,,,,,,,,,,,,,,,,,,,,,,,,,,,,,,,,,,,,,,,,,,,,,,,,,,,,,,,,,,,,,,,,,,,,,,,,,,,,,,,,,,,,,,,,,,,,,,,,,,,,,,,,,,,,,,,,,,,,,,,,71869,"<span lang=""EN-GB"" style=""font-size:11.0pt;line-height:115%;
font-family:&quot;Arial&quot;,sans-serif;mso-fareast-font-family:Arial;mso-ansi-language:
EN-GB;mso-fareast-language:EN-US;mso-bidi-language:AR-SA"">Suppose you want to browse the internet when you are alone at your home.</span>"
10/29/2018 10:47,10/29/2018 10:50,0,67.249.116.107,78,175,0,11/5/2018 9:50,R_25SmxlusIwCHLgY,,,,,,,anonymous,EN,"1,2,3",,,,,,,,,,,,,,,,,,,,,,,,,,,,,,,,,,,,,,,,,,,,,,,,,,,,,,,,,,,,,,,,,,,,,,,,,,,,,,,,,,,,,,,,,,,,,,,,,,,,,,,,,,,,,,,,,,,,,,,,,,,,,,,,,,,,,,,,,,,,,,,,,,,,,,,,,,,,,,,,,,,,,,,,,,,,,,,,,,,,,,,,,,,,,,,,,,,,,,,,,,,,,,,,,,,97310,"<span lang=""EN-GB"">Suppose you want to browse the internet when you are with people you know (e.g., acquaintances, colleagues) at a restaurant.<o:p></o:p></span>"
11/5/2018 9:46,11/5/2018 9:50,0,71.176.70.228,100,211,1,11/5/2018 9:50,R_2tth4mEVy7XY8d5,,,,,43.03540039,-76.12819672,anonymous,EN,"1,2,3,4,5,6","2,5",,5,,"2,3",,3,,1,,1,1,,5,,1,3,,"1,2",,3,,"1,2",,5,,4,,"2,6",,,,,,,,,,,,,,,,,,,,,,,,,,,,,,"2,5",,1,,"1,2,3",,3,,1,,1,5,,"2,3",,"2,3",,3,,"2,3",,"1,2",,"2,3",,1,,4,,,,,,,,,,,,,,,,,,,,,,,,,,,,,,,,,,,,,,,,,,,,,,,,,,,,,,,,,,,,,,,,,,,,,,,,,,,,,,,,,,,,,,,,,2,,1,,3,,3,,1,,1,5,,"2,3",,"2,3",,3,,"2,3",,"1,2",,"2,3",,5,,4,,male,45,manager,4,5,,3,52619,"<span lang=""EN-GB"">Suppose
     you want to a view a text message when you with people you know (e.g.,
     acquaintances, colleagues) at a street<strong>.</strong><o:p></o:p></span>"
11/5/2018 9:45,11/5/2018 9:51,0,66.69.108.240,100,399,1,11/5/2018 9:51,R_2B5Vb8xU4QqdLaW,,,,,29.51820374,-98.36270142,anonymous,EN,"2,3,4",5,,5,,3,,1,,1,,3,3,,3,,3,3,,2,,2,,2,,2,,1,,2,,,,,,,,,,,,,,,,,,,,,,,,,,,,,,2,,5,,2,,1,,1,,2,3,,2,,2,,3,,3,,2,,3,,2,,2,,,,,,,,,,,,,,,,,,,,,,,,,,,,,,,,,,,,,,,,,,,,,,,,,,,,,,,,,,,,,,,,,,,,,,,,,,,,,,,,,,,,,,,,,,,,,,,,,,,,,,,,,,,,,,,,,,,,,,female,69,RN,5,1,,2,44831,"<span lang=""EN-GB"">Suppose you are alone and relaxing at home, you have just read a new book that&nbsp;</span>you loved and now you want a write a review for your close family and friends."
11/5/2018 9:53,11/5/2018 9:53,0,71.14.59.99,100,13,1,11/5/2018 9:53,R_1q9FNE3hD7tFfMR,,,,,33.17170715,-86.27130127,anonymous,EN,3,,,,,,,,,,,,,,,,,,,,,,,,,,,,,,,,,,,,,,,,,,,,,,,,,,,,,,,,,,,,,,,,,,,,,,,,,,,,,,,,,,,,,,,,,,,,,,,,,,,,,,,,,,,,,,,,,,,,,,,,,,,,,,,,,,,,,,,,,,,,,,,,,,,,,,,,,,,,,,,,,,,,,,,,,,,,,,,,,,,,,,,,,,,,,,,,,,,,,,,,,,,,,,,,,,,99368,"<span lang=""EN-GB"">Suppose
     you want to a send a text message when you are surrounded by people you
     know (e.g., acquaintances, colleagues) at a restaurant.<o:p></o:p></span>"
11/5/2018 9:50,11/5/2018 9:54,0,71.176.70.228,100,199,1,11/5/2018 9:54,R_2CfY308zg8hqhct,,,,,43.03540039,-76.12819672,anonymous,EN,"1,2,3,4,5,6",2,,5,,"2,3",,3,,1,,1,3,,5,,1,3,,"1,2",,"2,3",,"1,2",,3,,4,,6,,,,,,,,,,,,,,,,,,,,,,,,,,,,,,,,,,,,,,,,,,,,,,,,,,,,,,,,,,,,,,,,,,,,,,,,,,,,,,,,,,,,,,,,,,,,,,,,,,,,,,,,,,,,,,,,,,,,,,,,,,,,,,,,,,,,,,,,,,,,,,,,,,"2,3,4",,5,,1,,3,,1,,1,5,,5,,5,,"1,2",,"2,3",,"1,2",,"2,3",,5,,2,,male,55,veteran,3,3,,2,5632,"<span lang=""EN-GB"">Suppose you are at your gym and you want to track the amount of calories&nbsp;</span>you have burnt your workout.&nbsp;"
11/5/2018 9:54,11/5/2018 9:59,0,71.176.70.228,100,302,1,11/5/2018 9:59,R_e379SdR1qst1Wlr,,,,,43.03540039,-76.12819672,anonymous,EN,"1,2,3,4,5,6","2,4",,5,,"2,3",,3,,6,,1,1,,1,,1,3,,"1,2",,3,,"1,2",,5,,4,,"2,6",,,,,,,,,,,,,,,,,,,,,,,,,,,,,,2,,1,,"2,3",,3,,1,,1,5,,5,,5,,"1,3",,"2,3",,2,,"2,3",,5,,4,,,,,,,,,,,,,,,,,,,,,,,,,,,,,,,,,,,,,,,,,,,,,,,,,,,,,,,,,,,,,,,,,,,,,,,,,,,,,,,,,,,,,,,,,2,,5,,6,,1,,1,,1,5,,5,,5,,6,,"1,2",,2,,"1,2",,5,,4,,female,50,home maker,4,2,,3,63897,"<span lang=""EN-GB"">Suppose you want to find a route to home while walking on a street with people you know (e.g., acquaintances, colleagues).<o:p></o:p></span>"
11/5/2018 9:56,11/5/2018 10:00,0,98.179.216.64,100,274,1,11/5/2018 10:00,R_1GBlM8NuFXeP11Q,,,,,29.94659424,-92.24160004,anonymous,EN,"1,2,3,4,5,6",2,,1,,"2,3",,1,,1,,1,3,,5,,3,3,,2,,6,,2,,1,,1,,,,,,,,,,,,,,,,,,,,,,,,,,,,,,,,,,,,,,,,,,,,,,,,,,,,,,,,,,,,,,,,,,,,,,,,,,,,,,,,,,,,,,,,,,,,,,,,,,,,,,,,,,,,,,,,,,,,,,,,,,,,,,,,,,,,,,,,,,,,,,,,,,,,,,,,,,,,,,,,,,,,,,,,,,,,,,,,,,,,,,,,52379,"<span lang=""EN-GB"" style=""font-size:11.0pt;line-height:115%;
font-family:&quot;Arial&quot;,sans-serif;mso-fareast-font-family:Arial;mso-ansi-language:
EN-GB;mso-fareast-language:EN-US;mso-bidi-language:AR-SA"">Suppose you want to check your social media when you are alone in a park.</span>"
11/5/2018 9:59,11/5/2018 10:02,0,71.176.70.228,100,181,1,11/5/2018 10:02,R_1LunMjhRPSnj6Bf,,,,,43.03540039,-76.12819672,anonymous,EN,"1,2,3,4,5,6",2,,1,,3,,3,,1,,1,5,,5,,1,"1,2,3",,"1,2",,"2,3",,"1,2",,5,,4,,6,,,,,,,,,,,,,,,,,,,,,,,,,,,,,,,,,,,,,,,,,,,,,,,,,,,,,,,,,,,,,,,,,,,,,,,,,,,,,,,,,,,,,,,,,,,,,,,,,,,,,,,,,,,,,,,,,,,,,,,,,,,,,,,,,,,,,,,,,,,,,,,,,,"1,2",,5,,3,,3,,2,,1,"2,3",,5,,5,,3,,"2,3",,"1,2",,"2,3",,1,,2,,female,22,student,3,2,,2,53022,"<span lang=""EN-GB"">Suppose it is a regular working day, you want to track the total amount of calories&nbsp;</span>you consume and burn off during the day.&nbsp;"
11/5/2018 10:02,11/5/2018 10:08,0,71.176.70.228,100,349,1,11/5/2018 10:08,R_2dtqXvAx632im8C,,,,,43.03540039,-76.12819672,anonymous,EN,"1,2,3,4,5,6",2,,5,,6,,1,,6,,1,5,,5,,1,"1,3",,"1,2",,2,,"1,2",,5,,4,,"2,5,6",,,,,,,,,,,,,,,,,,,,,,,,,,,,,,"2,5",,1,,"1,2",,1,,1,,1,5,,2,,2,,"1,3",,"2,3",,"1,2",,"2,3",,1,,4,,,,,,,,,,,,,,,,,,,,,,,,,,,,,,,,,,,,,,,,,,,,,,,,,,,,,,,,,,,,1,,5,,4,,1,,4,,"1,2",5,,1,,1,,4,,2,,3,,2,,5,,4,,2,,1,,"2,3",,1,,1,,1,5,,5,,5,,"1,2,3",,"2,3",,"1,2",,"2,3",,"1,3",,4,,male,20,student,3,2,,2,99750,"<span lang=""EN-GB"">Suppose
     you want to a view a text message when you are surrounded with people you
     are close to (e.g., friends, family members) at your home.<strong><o:p></o:p></strong></span>"
11/5/2018 10:09,11/5/2018 10:12,0,71.176.70.228,100,222,1,11/5/2018 10:12,R_10GxMVT7DHwj39R,,,,,43.03540039,-76.12819672,anonymous,EN,"1,2,3,4,5,6","2,5",,3,,"2,3",,1,,4,,1,2,,5,,1,3,,"1,2",,3,,"1,2",,5,,4,,"2,6",,,,,,,,,,,,,,,,,,,,,,,,,,,,,,2,,5,,3,,1,,1,,1,5,,"2,3",,"2,3",,3,,"2,3",,"1,2",,"2,3",,5,,4,,,,,,,,,,,,,,,,,,,,,,,,,,,,,,,,,,,,,,,,,,,,,,,,,,,,,,,,,,,,,,,,,,,,,,,,,,,,,,,,,,,,,,,,,"1,2",,5,,2,,1,,1,,1,"2,3",,"2,3",,"2,3",,3,,"1,2,3",,2,,"1,2,3",,"1,3",,4,,female,40,cleaner,3,2,,3,80895,"<span lang=""EN-GB"">Suppose
     you want to set up a reminder about something when you are with people you
     know (e.g., acquaintances, colleagues) at Starbucks.<o:p></o:p></span>"
11/5/2018 10:09,11/5/2018 10:13,0,205.215.216.15,100,244,1,11/5/2018 10:13,R_2XgSBaIQXABNI1b,,,,,44.89649963,-93.10340118,anonymous,EN,"1,2,3,4","2,3,4,5",,"1,2",,1,,1,,1,,"1,2,3","1,2,3",,"1,2",,"2,3","1,2",,"1,2",,"2,3,4",,"1,2",,"1,2,3",,"1,2",,,,,,,,,,,,,,,,,,,,,,,,,,,,,,,,,,,,,,,,,,,,,,,,,,,,,,,,,,,,,,,,,,,,,,,,,,,,,,,,,,,,,,,,,,,,,,,,,,,,,,,,,,,,,,,,,,,,,,,,,,,,,,,,,,,,,,,,,,,,,,,,,,,,,,,,,,,,,,,,,,,,,,,,,,,,,,,,,,,,,,,,91955,"Suppose you are alone at home, you want to take a break from studying/working&nbsp;<p>so you decide to play a video game with some with some people you know (e.g., acquaintances, colleagues).<o:p></o:p></p>"
11/5/2018 10:16,11/5/2018 10:17,0,108.28.228.197,100,58,1,11/5/2018 10:17,R_7V8c0fmIUw8V3eV,,,,,39.23350525,-77.14579773,anonymous,EN,"1,2,3,4,5,6","1,3,4",,"1,2",,3,,1,,1,,2,"2,3",,"2,3",,1,"2,3",,1,,"1,2",,"1,3",,2,,"1,2",,,,,,,,,,,,,,,,,,,,,,,,,,,,,,,,,,,,,,,,,,,,,,,,,,,,,,,,,,,,,,,,,,,,,,,,,,,,,,,,,,,,,,,,,,,,,,,,,,,,,,,,,,,,,,,,,,,,,,,,,,,,,,,,,,,,,,,,,,,,,,,,,,,,,,,,,,,,,,,,,,,,,,,,,,,,,,,,,,,,,,,,2359,"<span lang=""EN-GB"">Suppose
     you want to find a route to home when you are at Starbucks with your close
     friends.<o:p></o:p></span>"
11/5/2018 10:19,11/5/2018 10:19,0,173.49.86.154,100,15,1,11/5/2018 10:19,R_YPreAQIdMxZNZMB,,,,,39.97880554,-75.12619781,anonymous,EN,"1,2",,,,,,,,,,,,,,,,,,,,,,,,,,,,,,,,,,,,,,,,,,,,,,,,,,,,,,,,,,,,,,,,,,,,,,,,,,,,,,,,,,,,,,,,,,,,,,,,,,,,,,,,,,,,,,,,,,,,,,,,,,,,,,,,,,,,,,,,,,,,,,,,,,,,,,,,,,,,,,,,,,,,,,,,,,,,,,,,,,,,,,,,,,,,,,,,,,,,,,,,,,,,,,,,,,,85445,"<span lang=""EN-GB"" style=""font-size:11.0pt;line-height:115%;
font-family:&quot;Arial&quot;,sans-serif;mso-fareast-font-family:Arial;mso-ansi-language:
EN-GB;mso-fareast-language:EN-US;mso-bidi-language:AR-SA"">Suppose you want to a
view a text message when you are alone at home</span>"
11/5/2018 10:21,11/5/2018 10:21,0,12.40.43.242,100,6,1,11/5/2018 10:21,R_1gOaOBpwb3X4J8q,,,,,39.08500671,-94.63559723,anonymous,EN,3,,,,,,,,,,,,,,,,,,,,,,,,,,,,,,,,,,,,,,,,,,,,,,,,,,,,,,,,,,,,,,,,,,,,,,,,,,,,,,,,,,,,,,,,,,,,,,,,,,,,,,,,,,,,,,,,,,,,,,,,,,,,,,,,,,,,,,,,,,,,,,,,,,,,,,,,,,,,,,,,,,,,,,,,,,,,,,,,,,,,,,,,,,,,,,,,,,,,,,,,,,,,,,,,,,,86867,"<span lang=""EN-GB"">Suppose
     you want to a view a text message when you are alone at Starbucks.<o:p></o:p></span>"
11/5/2018 10:18,11/5/2018 10:23,0,174.24.96.20,100,325,1,11/5/2018 10:23,R_22KYw8OctDz1dUg,,,,,38.94970703,-104.7669983,anonymous,EN,"1,2,3,4",2,,5,,"1,2,3",,1,,1,,3,"1,2,3",,2,,3,6,,1,,3,,2,,3,,4,,,,,,,,,,,,,,,,,,,,,,,,,,,,,,,,,,,,,,,,,,,,,,,,,,,,,,,,,,,,,,,,,,,,,,,,,,,,,,,,,,,,,,,,,,,,,,,,,,,,,,,,,,,,,,,,,,,,,,,,,,,,,,,,,,,,,,,,,,,,,,,,,,,,,,,,,,,,,,,,,,,,,,,,,,,,,,,,,,,,,,,,96082,"<span lang=""EN-GB"">Suppose you are at work with some people you know (e.g., acquaintances, colleagues) when you realize that you have to immediately pay one of your bills online.<o:p></o:p></span>"
10/29/2018 11:28,10/29/2018 11:34,0,216.136.76.10,88,346,0,11/5/2018 10:34,R_6W44DVpILVzV6dr,,,,,,,anonymous,EN,"1,2,3,6","1,2",,1,,"1,2,3",,1,,1,,2,1,,2,,2,2,,1,,"1,3",,1,,1,,2,,"2,6",,,,,,,,,,,,,,,,,,,,,,,,,,,,,,,,,,,,,,,,,,,,,,,,,,,,,,,,,,,,,,,,,,,,,,,,,,,,,,,,,,,,,,,,,,,,,,,,,,,,,,,,,,,,,,,,,,,,,,,,,,,,,,,,,,,,,,,,,,,,,,,,,,"1,2",,"1,2",,1,,1,,2,,1,3,,2,,2,,3,,"1,3",,2,,"1,3",,2,,2,,,,,,,,,16153,"<span lang=""EN-GB"">Suppose
     you want to take a click a photo when you are with people you are close to
     (e.g., friends, family members) at home<o:p></o:p></span>"
11/2/2018 8:30,11/5/2018 10:35,0,50.77.19.53,100,270301,1,11/5/2018 10:35,R_3Ny9ebWuzzOo0yu,,,,,40.06340027,-74.99900055,anonymous,EN,"2,5,6","1,2",,"1,2",,2,,1,,"2,3",,"1,2","1,2",,3,,"1,2",3,,"1,3",,2,,"1,2",,"1,2",,2,,,,,,,,,,,,,,,,,,,,,,,,,,,,,,,,,,,,,,,,,,,,,,,,,,,,,,,,,,,,,,,,,,,,,,,,,,,,,,,,,,,,,,,,,,,,,,,,,,,,,,,,,,,,,,,,,,,,,,,,,,,,,,,,,,,,,,,,,,,,,,,,,,,,,,,,,,,,,,,,,,,,,,,,,,,,,,,,,,,,,,,,1623,"<span lang=""EN-GB"">Suppose
     you want to listen to some audio when you are alone at Starbucks.<o:p></o:p></span>"
11/5/2018 10:35,11/5/2018 10:35,0,50.77.19.53,100,13,1,11/5/2018 10:35,R_56eRSgP70kIjwUF,,,,,40.06340027,-74.99900055,anonymous,EN,6,,,,,,,,,,,,,,,,,,,,,,,,,,,,,,,,,,,,,,,,,,,,,,,,,,,,,,,,,,,,,,,,,,,,,,,,,,,,,,,,,,,,,,,,,,,,,,,,,,,,,,,,,,,,,,,,,,,,,,,,,,,,,,,,,,,,,,,,,,,,,,,,,,,,,,,,,,,,,,,,,,,,,,,,,,,,,,,,,,,,,,,,,,,,,,,,,,,,,,,,,,,,,,,,,,,34058,"<span lang=""EN-GB"">Suppose
     you want to listen to some audio when you are alone at Starbucks.<o:p></o:p></span>"
11/5/2018 10:35,11/5/2018 10:35,0,68.81.42.79,100,17,1,11/5/2018 10:35,R_29hLK6oitzPC2Ry,,,,,40.26589966,-75.38829803,anonymous,EN,"1,2",,,,,,,,,,,,,,,,,,,,,,,,,,,,,,,,,,,,,,,,,,,,,,,,,,,,,,,,,,,,,,,,,,,,,,,,,,,,,,,,,,,,,,,,,,,,,,,,,,,,,,,,,,,,,,,,,,,,,,,,,,,,,,,,,,,,,,,,,,,,,,,,,,,,,,,,,,,,,,,,,,,,,,,,,,,,,,,,,,,,,,,,,,,,,,,,,,,,,,,,,,,,,,,,,,,98292,"<span lang=""EN-GB"">Suppose you are at sitting at Starbucks and you want to play a digital/online&nbsp;</span>game."
11/5/2018 10:36,11/5/2018 10:37,0,66.192.25.226,100,70,1,11/5/2018 10:37,R_1i89spybzxreFJU,,,,,35.20539856,-89.8035965,anonymous,EN,"1,2,3,4,5,6",1,,2,,4,,1,,4,,2,2,,3,,2,"2,3",,1,,2,,"1,2",,"2,3",,2,,,,,,,,,,,,,,,,,,,,,,,,,,,,,,,,,,,,,,,,,,,,,,,,,,,,,,,,,,,,,,,,,,,,,,,,,,,,,,,,,,,,,,,,,,,,,,,,,,,,,,,,,,,,,,,,,,,,,,,,,,,,,,,,,,,,,,,,,,,,,,,,,,,,,,,,,,,,,,,,,,,,,,,,,,,,,,,,,,,,,,,,46354,"<span lang=""EN-GB"">Suppose
     you want to purchase something online when you are alone at a park.<o:p></o:p></span>"
10/26/2018 9:27,10/29/2018 11:37,0,8.47.18.154,87,267023,0,11/5/2018 10:37,R_1NFeAin4oRutIxs,,,,,,,anonymous,EN,"1,2,3,4",2,,5,,"1,2,3",,3,,"1,3",,"1,2","1,2",,2,,"1,2","1,2,3",,1,,"1,3,4",,1,,"1,2,3",,1,,,,,,,,,,,,,,,,,,,,,,,,,,,,,,,,,,,,,,,,,,,,,,,,,,,,,,,,,,,,,,,,,,,,,,,,,,,,,,,,,,,,,,,,,,,,,,,,,,,,,,,,,,,,,,,,,,,,,,,,,,,,,,,,,,,,,,,,,,,,,,,,,,,,,,,,,,,,,,,,,,,,,,,,,,,,,,,,,,,,,,,,62480,"<span lang=""EN-GB"">Suppose you are at sitting at Starbucks and you want to play a digital/online&nbsp;</span>game."
11/5/2018 10:37,11/5/2018 10:38,0,74.50.130.149,100,20,1,11/5/2018 10:38,R_3Ht91N11d53thV3,,,,,34.41259766,-103.2213974,anonymous,EN,"1,2",,,,,,,,,,,,,,,,,,,,,,,,,,,,,,,,,,,,,,,,,,,,,,,,,,,,,,,,,,,,,,,,,,,,,,,,,,,,,,,,,,,,,,,,,,,,,,,,,,,,,,,,,,,,,,,,,,,,,,,,,,,,,,,,,,,,,,,,,,,,,,,,,,,,,,,,,,,,,,,,,,,,,,,,,,,,,,,,,,,,,,,,,,,,,,,,,,,,,,,,,,,,,,,,,,,35196,"<span lang=""EN-GB"">Suppose
     you want to purchase something online when you are alone at your home.<o:p></o:p></span>"
10/29/2018 11:36,10/29/2018 11:38,0,75.174.66.98,78,96,0,11/5/2018 10:39,R_2Vxq0HAXyjExiiI,,,,,,,anonymous,EN,"2,3,4",,,,,,,,,,,,,,,,,,,,,,,,,,,,,,,,,,,,,,,,,,,,,,,,,,,,,,,,,,,,,,,,,,,,,,,,,,,,,,,,,,,,,,,,,,,,,,,,,,,,,,,,,,,,,,,,,,,,,,,,,,,,,,,,,,,,,,,,,,,,,,,,,,,,,,,,,,,,,,,,,,,,,,,,,,,,,,,,,,,,,,,,,,,,,,,,,,,,,,,,,,,,,,,,,,,44957,"<span lang=""EN-GB"">Suppose you want to browse through one of your social media profiles when you&nbsp;</span>are at your home."
10/29/2018 11:40,10/29/2018 11:40,0,50.88.122.169,1,13,0,11/5/2018 10:40,R_2CP3G9LK5vRnSET,,,,,,,anonymous,EN,,,,,,,,,,,,,,,,,,,,,,,,,,,,,,,,,,,,,,,,,,,,,,,,,,,,,,,,,,,,,,,,,,,,,,,,,,,,,,,,,,,,,,,,,,,,,,,,,,,,,,,,,,,,,,,,,,,,,,,,,,,,,,,,,,,,,,,,,,,,,,,,,,,,,,,,,,,,,,,,,,,,,,,,,,,,,,,,,,,,,,,,,,,,,,,,,,,,,,,,,,,,,,,,,,,,88484,"<span lang=""EN-GB"">Suppose
     you want to a view a text message when you are surrounded by people you
     know (e.g., acquaintances, colleagues) at a restaurant.<o:p></o:p></span>"
11/5/2018 10:39,11/5/2018 10:44,0,76.20.9.115,100,298,1,11/5/2018 10:44,R_1is8B1EZeaYES1v,,,,,38.68499756,-121.0680008,anonymous,EN,"1,2,3,4","1,2",,"1,2,3",,1,,1,,1,,"2,3","1,2,3",,"1,3",,"1,2,3",4,,"2,3",,"2,3",,"2,3",,"1,2,3",,4,,,,,,,,,,,,,,,,,,,,,,,,,,,,,,,,,,,,,,,,,,,,,,,,,,,,,,,,,,,,,,,,,,,,,,,,,,,,,,,,,,,,,,,,,,,,,,,,,,,,,,,,,,,,,,,,,,,,,,,,,,,,,,,,,,,,,,,,,,,,,,,,,,,,,,,,,,,,,,,,,,,,,,,,,,,,,,,,,,,,,,,,42607,"<span lang=""EN-GB"">Suppose
     you want to watch some video when you are with people you know (e.g.,
     acquaintances, colleagues) at your home.<o:p></o:p></span>"
11/5/2018 10:44,11/5/2018 10:46,0,223.228.156.144,100,133,1,11/5/2018 10:46,R_2nx3jTKIGs9w72V,,,,,13.08329773,80.28329468,anonymous,EN,"1,2,3,4,5,6",1,,2,,1,,1,,1,,1,1,,2,,2,2,,5,,1,,"1,3",,2,,2,,,,,,,,,,,,,,,,,,,,,,,,,,,,,,,,,,,,,,,,,,,,,,,,,,,,,,,,,,,,,,,,,,,,,,,,,,,,,,,,,,,,,,,,,,,,,,,,,,,,,,,,,,,,,,,,,,,,,,,,,,,,,,,,,,,,,,,,,,,,,,,,,,,,,,,,,,,,,,,,,,,,,,,,,,,,,,,,,,,,,,,,65708,"<span lang=""EN-GB"">Suppose
     you want to a view a text message when you are surrounded by people you
     know (e.g., acquaintances, colleagues) at a restaurant.<o:p></o:p></span>"
11/5/2018 10:46,11/5/2018 10:49,0,223.228.156.144,100,182,1,11/5/2018 10:49,R_RPKGzYmVhQzr03f,,,,,13.08329773,80.28329468,anonymous,EN,"1,2,3,4,5,6",1,,1,,1,,1,,1,,1,1,,1,,1,1,,1,,1,,1,,1,,1,,5,,,,,,,,,,,,,,,,,,,,,,,,,,,,,,,,,,,,,,,,,,,,,,,,,,,,,,,,,,,,,,,,,,,,,,,,,,,,,,,,,,,,,,,,,,,,,,,,,,,,,,,,,,,,,,,,,,,,,"1,5",,"1,2",,2,,1,,"2,4",,"1,2",1,,3,,1,,2,,"2,3",,1,,"1,2",,1,,2,,,,,,,,,,,,,,,,,,,,,,,,,,,,,,,,,,,,,,86433,"<span lang=""EN-GB"">Suppose
     you want to set up a reminder when you are at home with people you are
     close to (e.g., friends, family members).<strong><o:p></o:p></strong></span>"
11/5/2018 10:52,11/5/2018 10:52,0,71.45.116.226,100,17,1,11/5/2018 10:52,R_1BUUq62kPasnUes,,,,,33.63279724,-86.64929962,anonymous,EN,5,,,,,,,,,,,,,,,,,,,,,,,,,,,,,,,,,,,,,,,,,,,,,,,,,,,,,,,,,,,,,,,,,,,,,,,,,,,,,,,,,,,,,,,,,,,,,,,,,,,,,,,,,,,,,,,,,,,,,,,,,,,,,,,,,,,,,,,,,,,,,,,,,,,,,,,,,,,,,,,,,,,,,,,,,,,,,,,,,,,,,,,,,,,,,,,,,,,,,,,,,,,,,,,,,,,13782,"<span lang=""EN-GB"">Suppose
     you want to watch some video when you are with your close friends in a
     park.<o:p></o:p></span>"
11/5/2018 10:52,11/5/2018 10:58,0,71.176.70.228,100,390,1,11/5/2018 10:58,R_2EzXFJxMtqnl1fU,,,,,43.03540039,-76.12819672,anonymous,EN,"1,2,3,4,5,6","2,4,5",,"1,2,3",,"2,3",,1,,6,,1,5,,5,,1,"1,2,3",,"1,2",,3,,"1,2",,3,,"1,2",,"1,4",4,,5,,"1,3",,1,,1,,1,5,,"2,3",,"2,3",,"1,3",,"2,3",,"1,2",,"2,3",,5,,4,,,,,,,,,,,,,,,,,,,,,,,,,,,,,,,,,,,,,,,,,,,,,,,,,,,,,,,,,,,,7,,5,,"1,2",,3,,1,,1,5,,5,,5,,3,,"2,3",,"1,2",,"2,3",,5,,4,,,,,,,,,,,,,,,,,,,,,,,,,,,,,,,,,,,,,,,,,,,,,,,,,,,,,,,,,,,,female,25,driver,3,4,,1,77266,"<span lang=""EN-GB"">Suppose you are at a coffee shop, you have just read a book you loved and now&nbsp;</span>you want to write a review for it to share with your close family and friends."
11/5/2018 10:55,11/5/2018 10:59,0,174.194.19.209,100,234,1,11/5/2018 10:59,R_5ou6awOd2R9wvNn,,,,,35.28860474,-80.82089996,anonymous,EN,"1,2,4,5,6",2,,2,,2,,1,,1,,2,2,,2,,2,2,,2,,3,,2,,1,,2,,2,,,,,,,,,,,,,,,,,,,,,,,,,,,,,,2,,3,,2,,1,,2,,2,2,,2,,2,,2,,3,,2,,3,,1,,1,,,,,,,,,,,,,,,,,,,,,,,,,,,,,,,,,,,,,,,,,,,,,,,,,,,,,,,,,,,,,,,,,,,,,,,,,,,,,,,,,,,,,,,,,,,,,,,,,,,,,,,,,,,,,,,,,,,,,,Female,32,Corporate Sales,3,1,,2,98646,"<span lang=""EN-GB"">Suppose
     you want to a view a text message when you are surrounded by people you
     know (e.g., acquaintances, colleagues) at your home.<o:p></o:p></span>"
11/5/2018 10:59,11/5/2018 11:00,0,97.81.221.206,100,29,1,11/5/2018 11:00,R_1jHrsqsl1OBQWs8,,,,,34.8000946,-82.39320374,anonymous,EN,2,,,,,,,,,,,,,,,,,,,,,,,,,,,,,,,,,,,,,,,,,,,,,,,,,,,,,,,,,,,,,,,,,,,,,,,,,,,,,,,,,,,,,,,,,,,,,,,,,,,,,,,,,,,,,,,,,,,,,,,,,,,,,,,,,,,,,,,,,,,,,,,,,,,,,,,,,,,,,,,,,,,,,,,,,,,,,,,,,,,,,,,,,,,,,,,,,,,,,,,,,,,,,,,,,,,98040,"<span lang=""EN-GB"">Suppose you are on a short vacation alone and you want to take a picture in front&nbsp;</span>of an iconic monument."
11/5/2018 10:58,11/5/2018 11:03,0,71.176.70.228,100,280,1,11/5/2018 11:03,R_2YEskQDurWGp7hk,,,,,43.03540039,-76.12819672,anonymous,EN,"1,2,3,4,5,6",2,,3,,2,,1,,1,,1,3,,"2,3",,1,3,,"1,2",,"2,3",,"1,2",,"1,3",,"1,2",,"2,6",,,,,,,,,,,,,,,,,,,,,,,,,,,,,,"2,3,4",,5,,3,,1,,1,,1,"2,3",,2,,2,,"1,2,3",,"2,3",,"1,2",,"2,3",,5,,4,,,,,,,,,,,,,,,,,,,,,,,,,,,,,,,,,,,,,,,,,,,,,,,,,,,,,,,,,,,,,,,,,,,,,,,,,,,,,,,,,,,,,,,,,"1,2",,5,,"2,3,4",,1,,1,,4,5,,5,,5,,"1,2,3",,"2,3",,"1,2",,"2,3",,1,,4,,male,50,veteran,4,1,,3,17803,"<span lang=""EN-GB"">Suppose you want to find a route to home while walking on a street with your close friends.<o:p></o:p></span>"
11/5/2018 11:01,11/5/2018 11:06,0,204.87.69.143,100,285,1,11/5/2018 11:06,R_202YB6ZLTcf9xD3,,,,,35.42590332,-97.52610016,anonymous,EN,"1,2,3",2,,3,,"2,3",,1,,1,,3,"1,2,3",,5,,3,2,,2,,6,,2,,3,,2,,2,,,,,,,,,,,,,,,,,,,,,,,,,,,,,,2,,1,,"1,2",,1,,2,,3,"1,2,3",,5,,5,,2,,7,,2,,6,,"1,3",,2,,,,,,,,,,,,,,,,,,,,,,,,,,,,,,,,,,,,,,,,,,,,,,,,,,,,,,,,,,,,,,,,,,,,,,,,,,,,,,,,,,,,,,,,,,,,,,,,,,,,,,,,,,,,,,,,,,,,,,,,,,,,,40706,"<span lang=""EN-GB"">Suppose you have planned to meet a friend next week and you want to&nbsp;put this on your calendar </span><span lang=""EN-GB"">when</span><span lang=""EN-GB""> you are surrounded by people you know (e.g., acquaintances, colleagues) at your home.</span><span lang=""EN-GB""><o:p></o:p></span>"
11/5/2018 11:04,11/5/2018 11:11,0,71.176.70.228,100,459,1,11/5/2018 11:11,R_12ihXuaA34LDvso,,,,,43.03540039,-76.12819672,anonymous,EN,"1,2,3,4,5,6","1,2",,5,,1,,1,,1,,1,5,,5,,1,"1,2,3",,2,,"2,3",,2,,5,,4,,"1,4,5,6",4,,5,,3,,1,,1,,1,"1,3",,5,,5,,6,,"2,3",,"1,2",,"2,3",,5,,4,,,,,,,,,,,,,,,,,,,,,,,,,,,,,,,,,,,,,,,,,,,,,,,,,,,,,,,,,,,,"1,2",,5,,"3,4",,1,,1,,1,5,,5,,5,,1,,"2,3",,"1,2",,"2,3",,1,,4,,1,,2,,4,,1,,"3,4",,"1,2",5,,"2,3",,"2,3",,4,,2,,3,,2,,5,,4,,"1,2",,5,,"3,4",,1,,1,,1,5,,5,,5,,"2,3",,"2,3",,"2,3",,"2,3",,5,,4,,male,40,consultant,5,1,,5,98824,"<span lang=""EN-GB"">Suppose
     you want to set up a reminder when you are alone at your home.<strong><o:p></o:p></strong></span>"
11/5/2018 11:15,11/5/2018 11:17,0,76.120.238.5,100,122,1,11/5/2018 11:17,R_ST4obainE4CShPj,,,,,37.73950195,-77.47840118,anonymous,EN,"1,2,3,4","1,2",,"1,2,3",,2,,1,,1,,"1,2","1,2",,3,,3,"1,2,3,4",,"1,2,3",,2,,"1,2,3",,1,,4,,,,,,,,,,,,,,,,,,,,,,,,,,,,,,,,,,,,,,,,,,,,,,,,,,,,,,,,,,,,,,,,,,,,,,,,,,,,,,,,,,,,,,,,,,,,,,,,,,,,,,,,,,,,,,,,,,,,,,,,,,,,,,,,,,,,,,,,,,,,,,,,,,,,,,,,,,,,,,,,,,,,,,,,,,,,,,,,,,,,,,,,62737,"<span lang=""EN-GB"">Suppose
     you want to listen to some audio when you are with people you know (e.g.,
     acquaintances, colleagues) in a park.<o:p></o:p></span>


<p><span lang=""EN-GB"" style=""color:red"">&nbsp;</span></p>"
11/5/2018 11:17,11/5/2018 11:19,0,164.82.32.13,100,90,1,11/5/2018 11:19,R_7PW2SKrmIrSmziF,,,,,38.89019775,-76.93759918,anonymous,EN,"1,2,3,4,5",3,,2,,2,,1,,2,,2,2,,2,,2,3,,2,,3,,2,,2,,"1,2",,2,,,,,,,,,,,,,,,,,,,,,,,,,,,,,,2,,3,,"1,2",,1,,1,,1,"1,2,3",,2,,1,,1,,3,,2,,4,,1,,"1,2",,,,,,,,,,,,,,,,,,,,,,,,,,,,,,,,,,,,,,,,,,,,,,,,,,,,,,,,,,,,,,,,,,,,,,,,,,,,,,,,,,,,,,,,,,,,,,,,,,,,,,,,,,,,,,,,,,,,,,,,,,,,,47580,"Suppose you want to purchase something (e.g., book,
     household items) online when you are with people
     you know (e.g., acquaintances, colleagues) at
     Starbucks.<o:p></o:p>"
11/5/2018 11:18,11/5/2018 11:22,0,47.148.146.177,100,210,1,11/5/2018 11:22,R_1E6wrBseStv4y9f,,,,,34.05839539,-117.6665039,anonymous,EN,"1,2,5",2,,"1,3,4","picture in picture, do not cut sound from one application while viewing another application that also plays sound.","1,3",,1,,"1,3",,3,"1,2,3",,2,,3,"1,2",,2,,"2,3,4",,"2,3",,"1,2,3",,"1,2",,,,,,,,,,,,,,,,,,,,,,,,,,,,,,,,,,,,,,,,,,,,,,,,,,,,,,,,,,,,,,,,,,,,,,,,,,,,,,,,,,,,,,,,,,,,,,,,,,,,,,,,,,,,,,,,,,,,,,,,,,,,,,,,,,,,,,,,,,,,,,,,,,,,,,,,,,,,,,,,,,,,,,,,,,,,,,,,,,,,,,,,26898,"<span style=""color: rgb(0, 0, 0); font-family: Times; font-size: 16px;"">Suppose you want control some devices/appliances (e.g., smart lights) when you are with people you know (e.g., acquaintances, colleagues).</span>"
11/5/2018 11:18,11/5/2018 11:23,0,71.176.70.228,100,272,1,11/5/2018 11:23,R_3Kvkyw6J8F74O6l,,,,,43.03540039,-76.12819672,anonymous,EN,"1,2,3,4,5,6",2,,5,,6,,3,,1,,1,5,,5,,1,"2,3",,"1,2",,"2,3",,"1,2",,5,,4,,6,,,,,,,,,,,,,,,,,,,,,,,,,,,,,,,,,,,,,,,,,,,,,,,,,,,,,,,,,,,,,,,,,,,,,,,,,,,,,,,,,,,,,,,,,,,,,,,,,,,,,,,,,,,,,,,,,,,,,,,,,,,,,,,,,,,,,,,,,,,,,,,,,,"1,2",,5,,6,,1,,1,,1,5,,5,,5,,3,,"2,3",,2,,"2,3",,5,,4,,male,50,unemployed,2,2,,2,76546,"<span lang=""EN-GB"">Suppose you want to a send a text message when you are alone at a street.<o:p></o:p></span>"
11/5/2018 11:27,11/5/2018 11:28,0,98.1.67.55,100,41,1,11/5/2018 11:28,R_2CPpg1AbrSqnlzl,,,,,43.09080505,-78.96440125,anonymous,EN,"1,2",,,,,,,,,,,,,,,,,,,,,,,,,,,,,,,,,,,,,,,,,,,,,,,,,,,,,,,,,,,,,,,,,,,,,,,,,,,,,,,,,,,,,,,,,,,,,,,,,,,,,,,,,,,,,,,,,,,,,,,,,,,,,,,,,,,,,,,,,,,,,,,,,,,,,,,,,,,,,,,,,,,,,,,,,,,,,,,,,,,,,,,,,,,,,,,,,,,,,,,,,,,,,,,,,,,94156,"<span lang=""EN-GB"">Suppose you have planned to meet a friend next week and you want to put this on your calendar when you are alone at a park<o:p></o:p></span>"
10/29/2018 12:28,10/29/2018 12:30,0,67.185.81.252,78,108,0,11/5/2018 11:31,R_3gOxmZatowg2Vc7,,,,,,,anonymous,EN,"1,2,3",,,,,,,,,,,,,,,,,,,,,,,,,,,,,,,,,,,,,,,,,,,,,,,,,,,,,,,,,,,,,,,,,,,,,,,,,,,,,,,,,,,,,,,,,,,,,,,,,,,,,,,,,,,,,,,,,,,,,,,,,,,,,,,,,,,,,,,,,,,,,,,,,,,,,,,,,,,,,,,,,,,,,,,,,,,,,,,,,,,,,,,,,,,,,,,,,,,,,,,,,,,,,,,,,,,91625,"<span lang=""EN-GB"">Suppose you want to take a click a photo when you are with your close friends&nbsp;</span>and family members at Starbucks"
11/5/2018 11:31,11/5/2018 11:32,0,73.66.56.180,100,44,1,11/5/2018 11:32,R_2Y9CrVQmvuLt0d5,,,,,38.65539551,-121.2611008,anonymous,EN,1,,,,,,,,,,,,,,,,,,,,,,,,,,,,,,,,,,,,,,,,,,,,,,,,,,,,,,,,,,,,,,,,,,,,,,,,,,,,,,,,,,,,,,,,,,,,,,,,,,,,,,,,,,,,,,,,,,,,,,,,,,,,,,,,,,,,,,,,,,,,,,,,,,,,,,,,,,,,,,,,,,,,,,,,,,,,,,,,,,,,,,,,,,,,,,,,,,,,,,,,,,,,,,,,,,,88347,"<span lang=""EN-GB"">Suppose
     you want to watch some video when you are alone at Starbucks.<o:p></o:p></span>"
11/5/2018 11:32,11/5/2018 11:33,0,73.66.56.180,100,17,1,11/5/2018 11:33,R_1C8BxXMKMouJ321,,,,,38.65539551,-121.2611008,anonymous,EN,2,,,,,,,,,,,,,,,,,,,,,,,,,,,,,,,,,,,,,,,,,,,,,,,,,,,,,,,,,,,,,,,,,,,,,,,,,,,,,,,,,,,,,,,,,,,,,,,,,,,,,,,,,,,,,,,,,,,,,,,,,,,,,,,,,,,,,,,,,,,,,,,,,,,,,,,,,,,,,,,,,,,,,,,,,,,,,,,,,,,,,,,,,,,,,,,,,,,,,,,,,,,,,,,,,,,21205,"<span lang=""EN-GB"" style=""font-size:11.0pt;line-height:115%;
font-family:&quot;Arial&quot;,sans-serif;mso-fareast-font-family:Arial;mso-ansi-language:
EN-GB;mso-fareast-language:EN-US;mso-bidi-language:AR-SA"">Suppose you want to
take a click a photo when you are at Starbucks.</span>"
11/5/2018 11:40,11/5/2018 11:41,0,71.46.242.92,100,55,1,11/5/2018 11:41,R_3lWufbUZv25Hagy,,,,,28.55589294,-81.35350037,anonymous,EN,"1,2,3,4,5,6",3,,3,,3,,3,,3,,1,2,,3,,1,1,,3,,4,,1,,3,,2,,,,,,,,,,,,,,,,,,,,,,,,,,,,,,,,,,,,,,,,,,,,,,,,,,,,,,,,,,,,,,,,,,,,,,,,,,,,,,,,,,,,,,,,,,,,,,,,,,,,,,,,,,,,,,,,,,,,,,,,,,,,,,,,,,,,,,,,,,,,,,,,,,,,,,,,,,,,,,,,,,,,,,,,,,,,,,,,,,,,,,,,97407,"<span lang=""EN-GB"">Suppose you want to watch some video when you are with your close friends at Starbucks.<o:p></o:p></span>"
11/5/2018 11:36,11/5/2018 11:42,0,72.190.167.104,100,366,1,11/5/2018 11:42,R_1js92EPdXFUsjP6,,,,,29.55509949,-98.74420166,anonymous,EN,"1,2,3,4,5","1,2,5",,3,,"1,2,3,4",,1,,1,,2,"1,2",,"2,3",,"2,3","2,4",,"1,2",,"1,2,3,4",,2,,"1,3",,"1,2",,,,,,,,,,,,,,,,,,,,,,,,,,,,,,,,,,,,,,,,,,,,,,,,,,,,,,,,,,,,,,,,,,,,,,,,,,,,,,,,,,,,,,,,,,,,,,,,,,,,,,,,,,,,,,,,,,,,,,,,,,,,,,,,,,,,,,,,,,,,,,,,,,,,,,,,,,,,,,,,,,,,,,,,,,,,,,,,,,,,,,,,83379,"<span lang=""EN-GB"">Suppose
     you want to listen to some audio when you are at home with people you are
     close to (e.g., friends, family members).<strong><o:p></o:p></strong></span>"
11/5/2018 11:39,11/5/2018 11:43,0,208.68.216.10,100,237,1,11/5/2018 11:43,R_22CYXjpbIuEM8YS,,,,,37.75100708,-97.8219986,anonymous,EN,"1,2,3,4,5",1,,5,,"1,2,3",,1,,1,,1,5,,4,none,4,5,none,1,,6,,2,,1,,3,none,,,,,,,,,,,,,,,,,,,,,,,,,,,,,,,,,,,,,,,,,,,,,,,,,,,,,,,,,,,,,,,,,,,,,,,,,,,,,,,,,,,,,,,,,,,,,,,,,,,,,,,,,,,,,,,,,,,,,,,,,,,,,,,,,,,,,,,,,,,,,,,,,,,,,,,,,,,,,,,,,,,,,,,,,,,,,,,,,,,,,,,3786,"<span lang=""EN-GB"">Suppose you want to call your mother for sharing an important
     update about your life&nbsp; when you
     with people you know (e.g., acquaintances, colleagues) at a park<o:p></o:p></span>"
11/5/2018 11:41,11/5/2018 11:43,0,67.149.146.6,100,154,1,11/5/2018 11:43,R_3suC58x3EbPgRC0,,,,,42.5592041,-83.00289917,anonymous,EN,"1,2,3,6",4,,1,,3,,1,,2,,2,1,,2,,2,1,,2,,1,,1,,2,,2,,,,,,,,,,,,,,,,,,,,,,,,,,,,,,,,,,,,,,,,,,,,,,,,,,,,,,,,,,,,,,,,,,,,,,,,,,,,,,,,,,,,,,,,,,,,,,,,,,,,,,,,,,,,,,,,,,,,,,,,,,,,,,,,,,,,,,,,,,,,,,,,,,,,,,,,,,,,,,,,,,,,,,,,,,,,,,,,,,,,,,,,62692,"<span lang=""EN-GB"">Suppose you want to a send a text message when you are surrounded with people you are close to (e.g., friends, family members) at your home.<strong><o:p></o:p></strong></span>"
11/5/2018 11:51,11/5/2018 11:51,0,130.203.67.169,100,9,1,11/5/2018 11:51,R_3I9Qaw8AV0rLL27,,,,,40.80819702,-77.89260101,anonymous,EN,1,,,,,,,,,,,,,,,,,,,,,,,,,,,,,,,,,,,,,,,,,,,,,,,,,,,,,,,,,,,,,,,,,,,,,,,,,,,,,,,,,,,,,,,,,,,,,,,,,,,,,,,,,,,,,,,,,,,,,,,,,,,,,,,,,,,,,,,,,,,,,,,,,,,,,,,,,,,,,,,,,,,,,,,,,,,,,,,,,,,,,,,,,,,,,,,,,,,,,,,,,,,,,,,,,,,17912,"<span lang=""EN-GB"">Suppose you want to set up a reminder when you are at a park with close friends.<o:p></o:p></span>"
11/5/2018 11:37,11/5/2018 11:55,0,71.176.70.228,100,1087,1,11/5/2018 11:55,R_BzANNPKvct17YQx,,,,,43.03540039,-76.12819672,anonymous,EN,"1,2,3,4,5,6",2,,1,,3,,3,,1,,"1,2",2,,3,,"1,2",3,,"1,2",,"2,3",,"1,2",,5,,4,,4,,,,,,,,,,,,,,,,,,,,,,,,,,,,,,,,,,,,,,,,,,,,,,,,,,,,,,,,,,,,,,,,,,,,,,,,,,,,,,,,,,,,,,,,"2,3",,1,,"2,3",,1,,1,,1,5,,5,,5,,3,,"2,3",,"1,2",,"2,3",,1,,4,,,,,,,,,,,,,,,,,,,,,,,,,,,,,,,,,,,,,,,,,,,,,,,,,,,,,,,,,,,,female,35,RN,4,2,,3,40145,"<span lang=""EN-GB"">Suppose you want to watch some video when you are alone in a park.<o:p></o:p></span>"
10/30/2018 12:00,11/5/2018 11:57,0,137.99.170.225,100,521844,1,11/5/2018 11:57,R_2QmkBy4L0m5oYPk,,,,,41.80799866,-72.25099945,anonymous,EN,"1,2,3","2,5",,1,,"1,2",,1,,1,,3,"1,2,3",,2,,"2,3","2,3",,"1,2",,"1,2",,"1,2",,"1,2,3",,"1,2",,,,,,,,,,,,,,,,,,,,,,,,,,,,,,,,,,,,,,,,,,,,,,,,,,,,,,,,,,,,,,,,,,,,,,,,,,,,,,,,,,,,,,,,,,,,,,,,,,,,,,,,,,,,,,,,,,,,,,,,,,,,,,,,,,,,,,,,,,,,,,,,,,,,,,,,,,,,,,,,,,,,,,,,,,,,,,,,,,,,,,,,30059,"<span lang=""EN-GB"">Suppose
     you want to a view a text message when you are alone at Starbucks.<o:p></o:p></span>"
11/5/2018 11:54,11/5/2018 11:58,0,165.189.255.35,100,245,1,11/5/2018 11:58,R_SUDkYiAPxrxmXUB,,,,,43.12049866,-89.35230255,anonymous,EN,"1,2,3,4,5",2,,5,,"1,2,3",,1,,1,,4,"2,3",,5,,3,6,,2,,6,,2,,1,,4,,,,,,,,,,,,,,,,,,,,,,,,,,,,,,,,,,,,,,,,,,,,,,,,,,,,,,,,,,,,,,,,,,,,,,,,,,,,,,,,,,,,,,,,,,,,,,,,,,,,,,,,,,,,,,,,,,,,,,,,,,,,,,,,,,,,,,,,,,,,,,,,,,,,,,,,,,,,,,,,,,,,,,,,,,,,,,,,,,,,,,,,49435,"<span lang=""EN-GB"">Suppose you are on a short vacation and you want to take a picture in front&nbsp;</span>of an iconic monument when you are surrounded by many people."
11/5/2018 11:57,11/5/2018 11:59,0,75.81.110.22,100,115,1,11/5/2018 11:59,R_XyXBz0vxbjS64pP,,,,,39.13749695,-94.67919922,anonymous,EN,"1,2",,,,,,,,,,,,,,,,,,,,,,,,,,,,,,,,,,,,,,,,,,,,,,,,,,,,,,,,,,,,,,,,,,,,,,,,,,,,,,,,,,,,,,,,,,,,,,,,,,,,,,,,,,,,,,,,,,,,,,,,,,,,,,,,,,,,,,,,,,,,,,,,,,,,,,,,,,,,,,,,,,,,,,,,,,,,,,,,,,,,,,,,,,,,,,,,,,,,,,,,,,,,,,,,,,,81676,"<span lang=""EN-GB"">Suppose you have planned to meet a friend next week and you want to put this on your calendar when you are with a very close friend at a restaurant&nbsp;<o:p></o:p></span>"
11/5/2018 11:56,11/5/2018 12:01,0,71.176.70.228,100,323,1,11/5/2018 12:01,R_3HII40JaB7Z3oVe,,,,,43.03540039,-76.12819672,anonymous,EN,"1,2,3,4,5,6","2,4,5",,5,,"1,3",,1,,1,,1,5,,5,,1,"1,2,3",,"1,2",,"2,3",,"1,2",,5,,"1,2",,"2,4",,,,,,,,,,,,,,,,,,,,,,,,,,,,,,"1,2",,1,,"2,3",,1,,1,,1,3,,"2,3",,"2,3",,"2,3",,"2,3",,2,,"2,3",,5,,4,,,,,,,,,,,,,,,,,,,,,,,,,,,,,,,"1,2",,1,,"1,2",,3,,1,,1,2,,"2,3",,"2,3",,"1,3",,"2,3",,"1,2",,"2,3",,5,,4,,,,,,,,,,,,,,,,,,,,,,,,,,,,,,,,,,,,,,,,,,,,,,,,,,,,,,,,,,,,male,50,Veteran,4,3,,4,3486,"<span lang=""EN-GB"">Suppose
     you want to watch some video when you are with people you know (e.g.,
     acquaintances, colleagues) in a park.<o:p></o:p></span>"
11/5/2018 12:02,11/5/2018 12:06,0,71.176.70.228,100,248,1,11/5/2018 12:06,R_1FOGv187IcEeVw3,,,,,43.03540039,-76.12819672,anonymous,EN,"1,2,3,4,5,6","2,3,5",,5,,"2,3",,3,,6,,1,1,,"2,3",,1,3,,"1,2",,"2,3",,"1,2",,5,,4,,"2,6",,,,,,,,,,,,,,,,,,,,,,,,,,,,,,7,,5,,"1,2,3",,1,,1,,1,3,,2,,2,,3,,"2,3",,"1,2",,"2,3",,5,,4,,,,,,,,,,,,,,,,,,,,,,,,,,,,,,,,,,,,,,,,,,,,,,,,,,,,,,,,,,,,,,,,,,,,,,,,,,,,,,,,,,,,,,,,,"1,2",,5,,"1,2,3",,1,,1,,1,5,,2,,2,,3,,"1,2,3",,"1,2",,"1,2,3",,5,,4,,female,38,home maker,4,3,,2,76080,"<span lang=""EN-GB"">Suppose you have planned to meet a friend next week and you want to put this on your calendar when you are with a very close friend at a park.&nbsp;<o:p></o:p></span>"
11/5/2018 12:07,11/5/2018 12:15,0,71.176.70.228,100,524,1,11/5/2018 12:15,R_eRrGCsvlvBJHowF,,,,,43.03540039,-76.12819672,anonymous,EN,"1,2,3,4,5,6","2,3,4",,1,,3,,3,,1,,1,5,,5,,1,3,,"1,2",,"2,3",,"1,2",,5,,4,,"4,6",,,,,,,,,,,,,,,,,,,,,,,,,,,,,,,,,,,,,,,,,,,,,,,,,,,,,,,,,,,,,,,,,,,,,,,,,,,,,,,,,,,,,,,,"1,2,3",,1,,"2,3",,1,,1,,1,5,,2,,2,,"1,2,3",,"2,3",,"1,2",,"2,3",,1,,4,,,,,,,,,,,,,,,,,,,,,,,,,,,,,,,2,,5,,"2,3",,1,,1,,1,3,,5,,5,,"2,3",,3,,"1,2",,3,,1,,4,,female,40,consultant,3,3,,2,89933,"<span lang=""EN-GB"">Suppose
     you want to a send an email when you are surrounded by people you know
     (e.g., acquaintances, colleagues) at a restaurant.<o:p></o:p></span>"
11/5/2018 12:26,11/5/2018 12:26,0,172.113.98.223,100,38,1,11/5/2018 12:26,R_2zAz9oWFbCJvtgr,,,,,33.91430664,-118.3493042,anonymous,EN,6,,,,,,,,,,,,,,,,,,,,,,,,,,,,,,,,,,,,,,,,,,,,,,,,,,,,,,,,,,,,,,,,,,,,,,,,,,,,,,,,,,,,,,,,,,,,,,,,,,,,,,,,,,,,,,,,,,,,,,,,,,,,,,,,,,,,,,,,,,,,,,,,,,,,,,,,,,,,,,,,,,,,,,,,,,,,,,,,,,,,,,,,,,,,,,,,,,,,,,,,,,,,,,,,,,,53527,"<span lang=""EN-GB"">Suppose you want to control some devices/appliances (e.g., smart lights) when you are at home with people you are close to (e.g., friends, family members)<strong><o:p></o:p></strong></span>"
11/5/2018 12:18,11/5/2018 12:32,0,71.176.70.228,100,877,1,11/5/2018 12:32,R_1kMr2vWIG3NEXkI,,,,,43.03540039,-76.12819672,anonymous,EN,"1,2,3,4,5,6","1,2",,1,,4,,1,,1,,1,5,,"2,3",,1,"1,2,3",,"1,2",,"2,3",,"1,2",,5,,4,,"1,2,4","2,4",,1,,"2,3",,3,,1,,1,5,,"2,3",,"2,3",,3,,3,,2,,3,,5,,4,,"1,2",,1,,1,,1,,1,,1,5,,2,,2,,3,,"2,3",,2,,"2,3",,5,,4,,,,,,,,,,,,,,,,,,,,,,,,,,,,,,,"2,3",,5,,1,,1,,1,,1,5,,2,,2,,3,,"2,3",,2,,"2,3",,5,,1,,,,,,,,,,,,,,,,,,,,,,,,,,,,,,,,,,,,,,,,,,,,,,,,,,,,,,,,,,,,male,20,student,3,2,,2,94633,"<span lang=""EN-GB"">Suppose
     you want to listen to some audio when you are with your friends at
     Starbucks.<o:p></o:p></span>"
11/5/2018 12:32,11/5/2018 12:46,0,71.176.70.228,100,828,1,11/5/2018 12:46,R_pQ4LeYTtk2XXA77,,,,,43.03540039,-76.12819672,anonymous,EN,"1,2,3,4,5,6","1,2",,5,,"2,3",,3,,1,,1,5,,5,,1,"1,2,3,4",,"1,2",,"1,2,3",,"1,2",,1,,1,,6,,,,,,,,,,,,,,,,,,,,,,,,,,,,,,,,,,,,,,,,,,,,,,,,,,,,,,,,,,,,,,,,,,,,,,,,,,,,,,,,,,,,,,,,,,,,,,,,,,,,,,,,,,,,,,,,,,,,,,,,,,,,,,,,,,,,,,,,,,,,,,,,,,"2,5",,5,,"2,3",,1,,1,,1,5,,5,,5,,3,,"2,3",,"1,2",,"2,3",,5,,4,,male,30,consultant,4,3,,3,99903,"<span lang=""EN-GB"">Suppose
     you want to call your mother for sharing an important update about your
     life yourself when you are with a very close friend at a park.&nbsp;<o:p></o:p></span>"
11/5/2018 12:47,11/5/2018 12:55,0,71.176.70.228,100,526,1,11/5/2018 12:55,R_3fIhrFj5hdYfzKi,,,,,43.03540039,-76.12819672,anonymous,EN,"1,2,4,6",7,,1,,3,,3,,1,,1,"1,2",,2,,1,3,,"1,2",,"2,3",,"1,2",,5,,4,,"2,4",,,,,,,,,,,,,,,,,,,,,,,,,,,,,,2,,1,,6,,1,,1,,1,"1,2",,2,,2,,3,,"2,3",,2,,"2,3",,5,,1,,,,,,,,,,,,,,,,,,,,,,,,,,,,,,,7,,1,,"2,3",,3,,1,,1,1,,5,,5,,3,,"2,3",,5,,"2,3",,"1,2",,4,,,,,,,,,,,,,,,,,,,,,,,,,,,,,,,,,,,,,,,,,,,,,,,,,,,,,,,,,,,,female,40,teacher,5,2,,3,10636,"<span lang=""EN-GB"">Suppose you want to take a click a photo when you with </span><span lang=""EN-GB"">some people you know (e.g.,
     acquaintances, colleagues)</span><span lang=""EN-GB""> at home<o:p></o:p></span>"
11/5/2018 12:52,11/5/2018 12:56,0,174.85.138.221,100,285,1,11/5/2018 12:56,R_cvvUy3nZ1QUC6fn,,,,,33.63389587,-86.59809875,anonymous,EN,"1,2,4,6",4,,1,,1,,1,,4,,3,3,,3,,2,2,,1,,3,,2,,3,,1,,,,,,,,,,,,,,,,,,,,,,,,,,,,,,,,,,,,,,,,,,,,,,,,,,,,,,,,,,,,,,,,,,,,,,,,,,,,,,,,,,,,,,,,,,,,,,,,,,,,,,,,,,,,,,,,,,,,,,,,,,,,,,,,,,,,,,,,,,,,,,,,,,,,,,,,,,,,,,,,,,,,,,,,,,,,,,,,,,,,,,,,42532,"<span lang=""EN-GB"" style=""font-size:11.0pt;line-height:115%;
font-family:&quot;Arial&quot;,sans-serif;mso-fareast-font-family:Arial;mso-ansi-language:
EN-GB;mso-fareast-language:EN-US;mso-bidi-language:AR-SA"">Suppose you want to a
send an email when you are alone at home</span>"
11/5/2018 12:53,11/5/2018 12:56,0,12.28.165.226,100,222,1,11/5/2018 12:56,R_1Lup6yMobmPGmoi,,,,,37.75100708,-97.8219986,anonymous,EN,"1,2,3,4,6","1,2,3,4,5",,"1,2,3",,"1,2,3,4",,1,,"1,2,3,4",,"1,3","1,2,3",,"1,2,3",,"1,3","1,2,3,4",,"1,2,3",,"1,2,3,4",,"1,2,3",,"1,2,3",,"1,2",,2,,,,,,,,,,,,,,,,,,,,,,,,,,,,,,"1,2,3,4,5",,"1,2,3",,"1,2",,1,,"1,2,4",,"1,2","1,2,3",,"1,2,3",,"1,2,3",,2,,"1,2,3,4",,"1,2",,"1,2,3,4",,"1,2,3",,"1,2",,,,,,,,,,,,,,,,,,,,,,,,,,,,,,,,,,,,,,,,,,,,,,,,,,,,,,,,,,,,,,,,,,,,,,,,,,,,,,,,,,,,,,,,,,,,,,,,,,,,,,,,,,,,,,,,,,,,,,female,33,Insurance underwriter,3,5,,6,49380,"<span lang=""EN-GB"">Suppose
     you want to take a click a photo when you are with people you are close to
     (e.g., friends, family members) at home<o:p></o:p></span>"
11/5/2018 12:59,11/5/2018 12:59,0,71.29.252.236,100,19,1,11/5/2018 12:59,R_1iksXYbuP2yfXbX,,,,,38.33259583,-82.94850159,anonymous,EN,"1,2",,,,,,,,,,,,,,,,,,,,,,,,,,,,,,,,,,,,,,,,,,,,,,,,,,,,,,,,,,,,,,,,,,,,,,,,,,,,,,,,,,,,,,,,,,,,,,,,,,,,,,,,,,,,,,,,,,,,,,,,,,,,,,,,,,,,,,,,,,,,,,,,,,,,,,,,,,,,,,,,,,,,,,,,,,,,,,,,,,,,,,,,,,,,,,,,,,,,,,,,,,,,,,,,,,,80338,"<span lang=""EN-GB"">Suppose
     you want to set up a reminder when you are at a park by yourself.<o:p></o:p></span>"
11/5/2018 13:00,11/5/2018 13:01,0,23.119.186.50,100,9,1,11/5/2018 13:01,R_2Ugwa0mHCTv74kg,,,,,38.18789673,-90.4285965,anonymous,EN,"1,2",,,,,,,,,,,,,,,,,,,,,,,,,,,,,,,,,,,,,,,,,,,,,,,,,,,,,,,,,,,,,,,,,,,,,,,,,,,,,,,,,,,,,,,,,,,,,,,,,,,,,,,,,,,,,,,,,,,,,,,,,,,,,,,,,,,,,,,,,,,,,,,,,,,,,,,,,,,,,,,,,,,,,,,,,,,,,,,,,,,,,,,,,,,,,,,,,,,,,,,,,,,,,,,,,,,2392,"<span lang=""EN-GB"">Suppose you want to browse the internet when you are at home with people you know (e.g., acquaintances, colleagues).<o:p></o:p></span>"
11/5/2018 13:13,11/5/2018 13:17,0,173.168.32.2,100,264,1,11/5/2018 13:17,R_33sfQ8IsNUUbzTC,,,,,27.9624939,-82.48950195,anonymous,EN,"1,2,5,6",2,,1,,"1,2,3",,1,,1,,1,"1,2,3",,2,,1,6,,"1,2",,"1,3",,"1,2",,5,,"1,2",,2,,,,,,,,,,,,,,,,,,,,,,,,,,,,,,2,,1,,"1,2",,1,,1,,1,"1,2,3",,2,,2,,6,,"1,3",,5,,7,,1,,1,,,,,,,,,,,,,,,,,,,,,,,,,,,,,,,,,,,,,,,,,,,,,,,,,,,,,,,,,,,,,,,,,,,,,,,,,,,,,,,,,,,,,,,,,,,,,,,,,,,,,,,,,,,,,,,,,,,,,,,,,,,,,78955,"<span lang=""EN-GB"">Suppose
     you want to call your mother for sharing an important update about your
     life&nbsp; when you are alone at a park<o:p></o:p></span>"
11/5/2018 13:15,11/5/2018 13:21,0,104.174.78.68,100,333,1,11/5/2018 13:21,R_1GCdu7T5FG1m4Vi,,,,,33.82679749,-118.3117981,anonymous,EN,"2,3,4,6","1,2",,1,,1,,1,,1,,2,"1,2",,1,,3,6,,2,,3,,2,,3,,4,,,,,,,,,,,,,,,,,,,,,,,,,,,,,,,,,,,,,,,,,,,,,,,,,,,,,,,,,,,,,,,,,,,,,,,,,,,,,,,,,,,,,,,,,,,,,,,,,,,,,,,,,,,,,,,,,,,,,,,,,,,,,,,,,,,,,,,,,,,,,,,,,,,,,,,,,,,,,,,,,,,,,,,,,,,,,,,,,,,,,,,,43209,"<span lang=""EN-GB"">Suppose you have planned to meet a friend next week and you want to put this on your calendar when you are alone at Starbucks.<o:p></o:p></span>"
11/5/2018 13:22,11/5/2018 13:22,0,204.74.20.14,100,6,1,11/5/2018 13:22,R_1qe2zQ4T9nm8l2N,,,,,40.00909424,-76.36710358,anonymous,EN,1,,,,,,,,,,,,,,,,,,,,,,,,,,,,,,,,,,,,,,,,,,,,,,,,,,,,,,,,,,,,,,,,,,,,,,,,,,,,,,,,,,,,,,,,,,,,,,,,,,,,,,,,,,,,,,,,,,,,,,,,,,,,,,,,,,,,,,,,,,,,,,,,,,,,,,,,,,,,,,,,,,,,,,,,,,,,,,,,,,,,,,,,,,,,,,,,,,,,,,,,,,,,,,,,,,,5489,"<span lang=""EN-GB"">Suppose you have planned to meet a friend next week and you want to put this on your calendar when you are surrounded with people you are close to (e.g., friends, family members) at your home.<strong><o:p></o:p></strong></span>"
11/5/2018 13:22,11/5/2018 13:22,0,204.74.20.14,100,14,1,11/5/2018 13:22,R_3npWVmwEyMBivLl,,,,,40.00909424,-76.36710358,anonymous,EN,2,,,,,,,,,,,,,,,,,,,,,,,,,,,,,,,,,,,,,,,,,,,,,,,,,,,,,,,,,,,,,,,,,,,,,,,,,,,,,,,,,,,,,,,,,,,,,,,,,,,,,,,,,,,,,,,,,,,,,,,,,,,,,,,,,,,,,,,,,,,,,,,,,,,,,,,,,,,,,,,,,,,,,,,,,,,,,,,,,,,,,,,,,,,,,,,,,,,,,,,,,,,,,,,,,,,62528,"<span lang=""EN-GB"">Suppose
     you want to listen to some audio when you are with your close friends in a
     park.<o:p></o:p></span>"
11/5/2018 13:29,11/5/2018 13:36,0,50.226.114.98,100,427,1,11/5/2018 13:36,R_1giStE795YWmuNN,,,,,37.79570007,-122.2429047,anonymous,EN,"1,2,3,4,5,6",4,,2,,3,,3,,2,,1,2,,2,,"1,2","3,4",,"1,2",,2,,2,,1,,1,,,,,,,,,,,,,,,,,,,,,,,,,,,,,,,,,,,,,,,,,,,,,,,,,,,,,,,,,,,,,,,,,,,,,,,,,,,,,,,,,,,,,,,,,,,,,,,,,,,,,,,,,,,,,,,,,,,,,,,,,,,,,,,,,,,,,,,,,,,,,,,,,,,,,,,,,,,,,,,,,,,,,,,,,,,,,,,,,,,,,,,,52908,"<span id=""docs-internal-guid-5a7e3441-7fff-9d1f-10e6-454a1d940975""><span style=""font-size: 11pt; font-family: Arial; color: rgb(0, 0, 0); background-color: transparent; font-variant-numeric: normal; font-variant-east-asian: normal; vertical-align: baseline; white-space: pre-wrap;"">Suppose you want to call your mother for sharing an important update about your life &nbsp;when you are alone at home</span><br> <br><br></span>"
11/5/2018 13:29,11/5/2018 13:39,0,24.205.154.242,100,575,1,11/5/2018 13:39,R_279A5e6DSprAti3,,,,,34.06730652,-117.9365997,anonymous,EN,"1,3,4,5,6","1,2,3",,"1,3",,"1,2,3",,1,,"1,2,3,4",,"1,2,3","1,2",,"1,2",,"1,2","1,2,3,4",,"1,2,3",,"1,2,3,4",,"1,2",,"1,2,3",,"1,2",,,,,,,,,,,,,,,,,,,,,,,,,,,,,,,,,,,,,,,,,,,,,,,,,,,,,,,,,,,,,,,,,,,,,,,,,,,,,,,,,,,,,,,,,,,,,,,,,,,,,,,,,,,,,,,,,,,,,,,,,,,,,,,,,,,,,,,,,,,,,,,,,,,,,,,,,,,,,,,,,,,,,,,,,,,,,,,,,,,,,,,,93384,"<span lang=""EN-GB"">Suppose you want to read a digital document when you are at Starbucks with people you know (e.g., acquaintances, colleagues).<o:p></o:p></span>"
11/5/2018 13:43,11/5/2018 13:44,0,107.77.220.26,100,59,1,11/5/2018 13:44,R_29vul3i86Owh7Ju,,,,,29.91960144,-95.43859863,anonymous,EN,"1,2",,,,,,,,,,,,,,,,,,,,,,,,,,,,,,,,,,,,,,,,,,,,,,,,,,,,,,,,,,,,,,,,,,,,,,,,,,,,,,,,,,,,,,,,,,,,,,,,,,,,,,,,,,,,,,,,,,,,,,,,,,,,,,,,,,,,,,,,,,,,,,,,,,,,,,,,,,,,,,,,,,,,,,,,,,,,,,,,,,,,,,,,,,,,,,,,,,,,,,,,,,,,,,,,,,,77527,"<span lang=""EN-GB"">Suppose
     you want to purchase something online when you are alone at Starbucks.<o:p></o:p></span>"
11/5/2018 13:49,11/5/2018 13:51,0,50.54.161.250,100,101,1,11/5/2018 13:51,R_3iRwt2nijL4qKoW,,,,,47.42529297,-120.327301,anonymous,EN,"1,2,3,4",2,,3,,2,,1,,4,,1,2,,3,,1,"2,3",,2,,"1,2",,1,,"1,3",,"1,2",,,,,,,,,,,,,,,,,,,,,,,,,,,,,,,,,,,,,,,,,,,,,,,,,,,,,,,,,,,,,,,,,,,,,,,,,,,,,,,,,,,,,,,,,,,,,,,,,,,,,,,,,,,,,,,,,,,,,,,,,,,,,,,,,,,,,,,,,,,,,,,,,,,,,,,,,,,,,,,,,,,,,,,,,,,,,,,,,,,,,,,,44882,"<span lang=""EN-GB"">Suppose
     you want to a send an email when you are surrounded by people you know
     (e.g., acquaintances, colleagues) your home.<o:p></o:p></span>"
11/5/2018 13:55,11/5/2018 13:55,0,73.89.223.87,100,11,1,11/5/2018 13:55,R_Ti8DL4MQCjQB4gV,,,,,41.55029297,-72.99629974,anonymous,EN,1,,,,,,,,,,,,,,,,,,,,,,,,,,,,,,,,,,,,,,,,,,,,,,,,,,,,,,,,,,,,,,,,,,,,,,,,,,,,,,,,,,,,,,,,,,,,,,,,,,,,,,,,,,,,,,,,,,,,,,,,,,,,,,,,,,,,,,,,,,,,,,,,,,,,,,,,,,,,,,,,,,,,,,,,,,,,,,,,,,,,,,,,,,,,,,,,,,,,,,,,,,,,,,,,,,,54033,"<span lang=""EN-GB"" style=""font-size:11.0pt;line-height:115%;
font-family:&quot;Arial&quot;,sans-serif;mso-fareast-font-family:Arial;mso-ansi-language:
EN-GB;mso-fareast-language:EN-US;mso-bidi-language:AR-SA"">Suppose you want to a
send an email when you are at Starbucks.</span>"
11/5/2018 13:55,11/5/2018 14:00,0,73.89.223.87,100,273,1,11/5/2018 14:00,R_1j8tEmAbO2YuFcL,,,,,41.55029297,-72.99629974,anonymous,EN,"2,3,5,6","1,3",,1,,"1,2",,1,,"1,3",,"1,3","1,2",,"1,2",,"1,3","1,2",,"1,2",,"1,3",,"1,2",,"1,2",,"1,2",,"2,3,5",,,,,,,,,,,,,,,,,,,,,,,,,,,,,,"1,3",,"1,2",,"1,2",,1,,"2,3",,"1,3",1,,1,,1,,"1,3",,"2,3",,1,,"1,2",,"1,2",,"1,2",,"1,3",,"1,2",,"1,2",,1,,"1,2",,"1,3","1,2",,"1,2",,"1,2",,"3,4",,"1,3",,1,,"2,4",,"1,3",,1,,,,,,,,,,,,,,,,,,,,,,,,,,,,,,,"2,3",,"2,3",,"1,3",,1,,"3,4",,"2,3",2,,"1,3",,"1,2",,"2,3",,"1,2",,1,,"1,2",,"1,3",,"1,2",,,,,,,,,,,,,,,,,,,,,,,,,,,,,,,,,,,,,,48352,"<span lang=""EN-GB"">Suppose you are at home with people you are close to (e.g., friends, family members) when you realize today is the last day to pay one of your bills online.<o:p></o:p></span>"
11/5/2018 14:26,11/5/2018 14:34,0,75.165.0.209,100,462,1,11/5/2018 14:34,R_pAjeYmQCdhUChzP,,,,,40.17720032,-77.23120117,anonymous,EN,"1,2,3,4",5,,5,,"1,2,3",,1,,1,,"2,3","1,2",,2,,"2,3","1,2,3",,"1,2",,"1,3,4",,"1,2",,5,,4,,2,,,,,,,,,,,,,,,,,,,,,,,,,,,,,,"2,3,4,5",,"1,2,3",,"1,2",,1,,1,,"1,2,3","1,2,3",,"1,2,3",,"1,2",,3,,"1,3,4",,"1,2",,"2,3",,5,,4,,,,,,,,,,,,,,,,,,,,,,,,,,,,,,,,,,,,,,,,,,,,,,,,,,,,,,,,,,,,,,,,,,,,,,,,,,,,,,,,,,,,,,,,,,,,,,,,,,,,,,,,,,,,,,,,,,,,,,,,,,,,,36733,"<span lang=""EN-GB"">Suppose you have planned to meet a friend next week and you want to put this on your calendar when you are surrounded by people you know (e.g., acquaintances, colleagues) at a restaurant.<o:p></o:p></span>"
11/5/2018 14:58,11/5/2018 14:59,0,68.39.226.118,100,66,1,11/5/2018 14:59,R_wNX6MmAL0f3xTvX,,,,,40.13090515,-85.6536026,anonymous,EN,"1,2,3,4,5",4,,1,,3,,3,,3,,1,2,,2,,3,2,,3,,3,,3,,2,,1,,,,,,,,,,,,,,,,,,,,,,,,,,,,,,,,,,,,,,,,,,,,,,,,,,,,,,,,,,,,,,,,,,,,,,,,,,,,,,,,,,,,,,,,,,,,,,,,,,,,,,,,,,,,,,,,,,,,,,,,,,,,,,,,,,,,,,,,,,,,,,,,,,,,,,,,,,,,,,,,,,,,,,,,,,,,,,,,,,,,,,,,99463,"<span lang=""EN-GB"">Suppose you want to browse the internet when you are alone at a restaurant.<o:p></o:p></span>"
11/5/2018 14:59,11/5/2018 15:01,0,68.39.226.118,100,109,1,11/5/2018 15:01,R_1FetDb71jyRAsby,,,,,40.13090515,-85.6536026,anonymous,EN,"1,2,3,4,5",2,,3,,"3,4",,1,,3,,3,2,,1,,4,4,,2,,2,,2,,2,,2,,,,,,,,,,,,,,,,,,,,,,,,,,,,,,,,,,,,,,,,,,,,,,,,,,,,,,,,,,,,,,,,,,,,,,,,,,,,,,,,,,,,,,,,,,,,,,,,,,,,,,,,,,,,,,,,,,,,,,,,,,,,,,,,,,,,,,,,,,,,,,,,,,,,,,,,,,,,,,,,,,,,,,,,,,,,,,,,,,,,,,,,11399,"<span lang=""EN-GB"">Suppose
     you want to a send an email when you are with a very close friend at a
     restaurant&nbsp;<o:p></o:p></span>"
11/5/2018 14:40,11/5/2018 15:01,0,96.246.102.156,100,1274,1,11/5/2018 15:01,R_psMlNAWMTxcRXYR,,,,,40.6006012,-73.75800323,anonymous,EN,"1,2,3,5,6",1,,2,,1,,1,,2,,"1,2","2,3",,"1,3",,2,"1,2",,1,,3,,2,,2,,2,,,,,,,,,,,,,,,,,,,,,,,,,,,,,,,,,,,,,,,,,,,,,,,,,,,,,,,,,,,,,,,,,,,,,,,,,,,,,,,,,,,,,,,,,,,,,,,,,,,,,,,,,,,,,,,,,,,,,,,,,,,,,,,,,,,,,,,,,,,,,,,,,,,,,,,,,,,,,,,,,,,,,,,,,,,,,,,,,,,,,,,,98887,"<span lang=""EN-GB"">Suppose
     you want to a send a text message when you are surrounded by people you
     know (e.g., acquaintances, colleagues) at your home.<o:p></o:p></span>"
11/5/2018 15:01,11/5/2018 15:02,0,132.49.221.128,100,18,1,11/5/2018 15:02,R_24OAHkDL3zHJ7ZN,,,,,43.13920593,-115.6962967,anonymous,EN,"1,2",,,,,,,,,,,,,,,,,,,,,,,,,,,,,,,,,,,,,,,,,,,,,,,,,,,,,,,,,,,,,,,,,,,,,,,,,,,,,,,,,,,,,,,,,,,,,,,,,,,,,,,,,,,,,,,,,,,,,,,,,,,,,,,,,,,,,,,,,,,,,,,,,,,,,,,,,,,,,,,,,,,,,,,,,,,,,,,,,,,,,,,,,,,,,,,,,,,,,,,,,,,,,,,,,,,27247,"<span lang=""EN-GB"">Suppose you are at sitting at Starbucks and you want to play a digital/online&nbsp;</span>game with some close friends."
11/5/2018 15:04,11/5/2018 15:04,0,99.105.80.78,100,17,1,11/5/2018 15:04,R_20UMLvmcrQT0YgK,,,,,41.38259888,-81.79640198,anonymous,EN,2,,,,,,,,,,,,,,,,,,,,,,,,,,,,,,,,,,,,,,,,,,,,,,,,,,,,,,,,,,,,,,,,,,,,,,,,,,,,,,,,,,,,,,,,,,,,,,,,,,,,,,,,,,,,,,,,,,,,,,,,,,,,,,,,,,,,,,,,,,,,,,,,,,,,,,,,,,,,,,,,,,,,,,,,,,,,,,,,,,,,,,,,,,,,,,,,,,,,,,,,,,,,,,,,,,,40353,"<span lang=""EN-GB"">Suppose
     you want to call your mother for sharing an important update about your
     life when you are with a very close friend at a restaurant&nbsp;<o:p></o:p></span>"
11/5/2018 15:03,11/5/2018 15:04,0,169.2.108.102,100,98,1,11/5/2018 15:04,R_1BSdUSE6i2JPXeo,,,,,38.42430115,-121.4369965,anonymous,EN,"1,2,3,4,5","1,2",,"1,2",,"2,3",,1,,"2,4",,"1,2",2,,"1,2",,2,"1,2,3",,"1,2",,"1,2,3",,2,,"1,2",,1,,,,,,,,,,,,,,,,,,,,,,,,,,,,,,,,,,,,,,,,,,,,,,,,,,,,,,,,,,,,,,,,,,,,,,,,,,,,,,,,,,,,,,,,,,,,,,,,,,,,,,,,,,,,,,,,,,,,,,,,,,,,,,,,,,,,,,,,,,,,,,,,,,,,,,,,,,,,,,,,,,,,,,,,,,,,,,,,,,,,,,,,12978,"<span id=""docs-internal-guid-5a7e3441-7fff-9d1f-10e6-454a1d940975""><span style=""font-size: 11pt; font-family: Arial; color: rgb(0, 0, 0); background-color: transparent; font-variant-numeric: normal; font-variant-east-asian: normal; vertical-align: baseline; white-space: pre-wrap;"">Suppose you want to call your mother for sharing an important update about your life &nbsp;when you are alone at home</span><br> <br><br></span>"
11/5/2018 15:01,11/5/2018 15:08,0,73.89.223.87,100,431,1,11/5/2018 15:08,R_3k5lWeS7Fiad2qu,,,,,41.55029297,-72.99629974,anonymous,EN,"1,2,3,5","1,2",,"1,2",,"2,4",,1,,"1,3",,"1,2","1,2",,"1,2",,"1,2","1,2",,"1,2",,"1,2",,"1,2",,"2,3",,"1,2",,"1,2,3,5","1,2,3",,"1,2",,"1,2,3",,1,,"1,2,3",,"1,2","1,2,3",,"1,2,3",,"1,2,3",,"1,2,4",,"1,2,3,4",,"1,2,3",,"2,3,4",,"1,2,3",,"1,2",,"2,3,5",,"1,3",,"1,2,3",,3,,"1,2,3",,"1,3","1,3",,"2,3",,"1,2",,"1,2,4",,"2,4",,"1,2,3",,"1,2",,"1,3",,"1,2",,"2,3",,"1,2",,"1,3",,1,,"1,2,3",,"1,2","1,2",,5,,"1,2",,"1,2",,"2,3",,"1,2,3",,"2,3,4",,"1,2,3",,"1,2",,,,,,,,,,,,,,,,,,,,,,,,,,,,,,,"2,3",,"1,2",,"1,2",,1,,"1,2",,"1,2,3","1,2",,"1,2",,"1,2",,"1,2,3",,"1,2,3",,"1,2",,"1,3",,"1,2",,"1,2",,,,,,,,,,,,,,,,,,,,,,,,,,,,,,,,,,,,,,53046,"<span lang=""EN-GB"">Suppose you want to browse internet when you are with your close friends at a restaurant.<o:p></o:p></span>"
11/5/2018 15:08,11/5/2018 15:09,0,24.32.208.26,100,97,1,11/5/2018 15:09,R_28SYDOSsbpva93l,,,,,33.29200745,-96.98789978,anonymous,EN,"2,3,4,5",1,,1,,"1,3,4",,1,,"1,2,3",,4,1,,3,,1,"2,3",,"1,3",,"1,2,3,4",,"2,3",,"1,2",,2,,,,,,,,,,,,,,,,,,,,,,,,,,,,,,,,,,,,,,,,,,,,,,,,,,,,,,,,,,,,,,,,,,,,,,,,,,,,,,,,,,,,,,,,,,,,,,,,,,,,,,,,,,,,,,,,,,,,,,,,,,,,,,,,,,,,,,,,,,,,,,,,,,,,,,,,,,,,,,,,,,,,,,,,,,,,,,,,,,,,,,,,97039,"<span lang=""EN-GB"">Suppose
     you want to purchase something online when you are alone at a park.<o:p></o:p></span>"
11/5/2018 15:08,11/5/2018 15:13,0,174.63.172.128,100,302,1,11/5/2018 15:13,R_25sjzOC0kYjDHF8,,,,,28.88459778,-81.3065033,anonymous,EN,"1,2,4,5","3,4,5",,5,,2,,3,,1,,2,3,,5,,1,6,,5,,7,,5,,1,,4,,,,,,,,,,,,,,,,,,,,,,,,,,,,,,,,,,,,,,,,,,,,,,,,,,,,,,,,,,,,,,,,,,,,,,,,,,,,,,,,,,,,,,,,,,,,,,,,,,,,,,,,,,,,,,,,,,,,,,,,,,,,,,,,,,,,,,,,,,,,,,,,,,,,,,,,,,,,,,,,,,,,,,,,,,,,,,,,,,,,,,,,39796,"<span lang=""EN-GB"">Suppose you are at home with people you are close to (e.g., friends, family members) when you realize today is the last day to pay one of your bills online.<o:p></o:p></span>"
11/5/2018 15:14,11/5/2018 15:14,0,96.227.244.170,100,10,1,11/5/2018 15:14,R_2f8rgO5vHY3hm1I,,,,,40.14959717,-75.37960052,anonymous,EN,1,,,,,,,,,,,,,,,,,,,,,,,,,,,,,,,,,,,,,,,,,,,,,,,,,,,,,,,,,,,,,,,,,,,,,,,,,,,,,,,,,,,,,,,,,,,,,,,,,,,,,,,,,,,,,,,,,,,,,,,,,,,,,,,,,,,,,,,,,,,,,,,,,,,,,,,,,,,,,,,,,,,,,,,,,,,,,,,,,,,,,,,,,,,,,,,,,,,,,,,,,,,,,,,,,,,54203,"<span lang=""EN-GB"">Suppose you want to set up a reminder when you are at a park with close friends.<o:p></o:p></span>"
11/5/2018 15:14,11/5/2018 15:15,0,96.227.244.170,100,68,1,11/5/2018 15:15,R_1i2wLWcw3TRMjwA,,,,,40.14959717,-75.37960052,anonymous,EN,"2,4,5,6",1,,3,,2,,3,,2,,1,2,,1,,3,3,,2,,4,,3,,1,,2,,,,,,,,,,,,,,,,,,,,,,,,,,,,,,,,,,,,,,,,,,,,,,,,,,,,,,,,,,,,,,,,,,,,,,,,,,,,,,,,,,,,,,,,,,,,,,,,,,,,,,,,,,,,,,,,,,,,,,,,,,,,,,,,,,,,,,,,,,,,,,,,,,,,,,,,,,,,,,,,,,,,,,,,,,,,,,,,,,,,,,,,72637,"<span lang=""EN-GB"">Suppose you have planned to meet a friend next week and you want to put this on your calendar when you are alone at Starbucks.<o:p></o:p></span>"
11/5/2018 15:15,11/5/2018 15:17,0,184.155.183.248,100,157,1,11/5/2018 15:17,R_1P79V3IDTNhwniO,,,,,33.68029785,-85.71369934,anonymous,EN,"1,2,3,4,6",2,,1,,2,,1,,1,,1,2,,5,,1,6,,"1,2",,3,,1,,1,,1,,,,,,,,,,,,,,,,,,,,,,,,,,,,,,,,,,,,,,,,,,,,,,,,,,,,,,,,,,,,,,,,,,,,,,,,,,,,,,,,,,,,,,,,,,,,,,,,,,,,,,,,,,,,,,,,,,,,,,,,,,,,,,,,,,,,,,,,,,,,,,,,,,,,,,,,,,,,,,,,,,,,,,,,,,,,,,,,,,,,,,,,50130,"<span lang=""EN-GB"">Suppose you want to read a digital document when you are at a park.<o:p></o:p></span>"
11/5/2018 15:22,11/5/2018 15:25,0,12.195.149.34,100,189,1,11/5/2018 15:25,R_3CJZe4c7UoYcvSS,,,,,37.90899658,-86.89569855,anonymous,EN,"1,2,3",1,,1,,1,,3,,1,,2,2,,5,,4,1,,5,,6,,1,,5,,2,,,,,,,,,,,,,,,,,,,,,,,,,,,,,,,,,,,,,,,,,,,,,,,,,,,,,,,,,,,,,,,,,,,,,,,,,,,,,,,,,,,,,,,,,,,,,,,,,,,,,,,,,,,,,,,,,,,,,,,,,,,,,,,,,,,,,,,,,,,,,,,,,,,,,,,,,,,,,,,,,,,,,,,,,,,,,,,,,,,,,,,,57889,"<span lang=""EN-GB"">Suppose
     you want to set up a reminder when you with people you know (e.g.,
     acquaintances, colleagues) at a park.<o:p></o:p></span>"
11/5/2018 15:23,11/5/2018 15:25,0,192.182.87.124,100,144,1,11/5/2018 15:25,R_bQ7fIAj1Hmtx7ZT,,,,,37.48260498,-121.1647949,anonymous,EN,"2,3,5","2,3,4",,"1,2",,"1,2,3",,1,,1,,"2,3","2,3",,1,,2,3,,5,,3,,5,,1,,2,,,,,,,,,,,,,,,,,,,,,,,,,,,,,,,,,,,,,,,,,,,,,,,,,,,,,,,,,,,,,,,,,,,,,,,,,,,,,,,,,,,,,,,,,,,,,,,,,,,,,,,,,,,,,,,,,,,,,,,,,,,,,,,,,,,,,,,,,,,,,,,,,,,,,,,,,,,,,,,,,,,,,,,,,,,,,,,,,,,,,,,,42102,"<span lang=""EN-GB"">Suppose you are at a park, you have just read a book you loved and now you&nbsp;</span>want to write a review for it to share with people you are close to (e.g., friends, family members)"
11/5/2018 15:30,11/5/2018 15:32,0,108.28.228.197,100,122,1,11/5/2018 15:32,R_AgKTthAtRPcUhUJ,,,,,39.23350525,-77.14579773,anonymous,EN,"1,2,3,4,5,6","2,3",,1,,2,,1,,1,,1,2,,1,,1,1,,1,,"1,2,3",,1,,"1,2",,2,,2,,,,,,,,,,,,,,,,,,,,,,,,,,,,,,2,,2,,1,,1,,1,,1,3,,3,,1,,2,,"1,2",,1,,3,,1,,1,,,,,,,,,,,,,,,,,,,,,,,,,,,,,,,,,,,,,,,,,,,,,,,,,,,,,,,,,,,,,,,,,,,,,,,,,,,,,,,,,,,,,,,,,,,,,,,,,,,,,,,,,,,,,,,,,,,,,,,,,,,,,19047,"<span lang=""EN-GB"">Suppose
     you want to a view a text message when you are surrounded by people you
     know (e.g., acquaintances, colleagues) at a restaurant.<o:p></o:p></span>"
11/5/2018 15:29,11/5/2018 15:35,0,172.58.62.237,100,369,1,11/5/2018 15:35,R_sj7OggRksvsxhCh,,,,,39.73269653,-104.9717026,anonymous,EN,"1,2,3,4,6",2,,5,,"1,2",,1,,2,,"2,3","1,2,3",,3,,"2,3","2,3",,2,,"1,2,3",,2,,"1,2",,"1,2",,2,,,,,,,,,,,,,,,,,,,,,,,,,,,,,,2,,5,,"1,2,3",,1,,1,,4,"1,2",,5,,3,,"2,3",,"1,3",,5,,"1,3",,"1,2,3",,"1,2",,,,,,,,,,,,,,,,,,,,,,,,,,,,,,,,,,,,,,,,,,,,,,,,,,,,,,,,,,,,,,,,,,,,,,,,,,,,,,,,,,,,,,,,,,,,,,,,,,,,,,,,,,,,,,,,,,,,,,,,,,,,,97388,"<span lang=""EN-GB"">Suppose you want to set up a reminder about something when you are at Starbucks with close friends.<o:p></o:p></span>"
11/5/2018 15:14,11/5/2018 15:35,0,47.214.181.54,100,1265,1,11/5/2018 15:35,R_OjqUYIVVilNq7HX,,,,,34.64840698,-92.98300171,anonymous,EN,3,,,,,,,,,,,,,,,,,,,,,,,,,,,,,,,,,,,,,,,,,,,,,,,,,,,,,,,,,,,,,,,,,,,,,,,,,,,,,,,,,,,,,,,,,,,,,,,,,,,,,,,,,,,,,,,,,,,,,,,,,,,,,,,,,,,,,,,,,,,,,,,,,,,,,,,,,,,,,,,,,,,,,,,,,,,,,,,,,,,,,,,,,,,,,,,,,,,,,,,,,,,,,,,,,,,24306,"<span lang=""EN-GB"">Suppose
     you want to call your mother for sharing an important update about your
     life&nbsp; when you are alone at a park<o:p></o:p></span>"
11/5/2018 15:36,11/5/2018 15:36,0,47.214.181.54,100,8,1,11/5/2018 15:36,R_3O3A9gv5YGxNeug,,,,,34.64840698,-92.98300171,anonymous,EN,"2,3",,,,,,,,,,,,,,,,,,,,,,,,,,,,,,,,,,,,,,,,,,,,,,,,,,,,,,,,,,,,,,,,,,,,,,,,,,,,,,,,,,,,,,,,,,,,,,,,,,,,,,,,,,,,,,,,,,,,,,,,,,,,,,,,,,,,,,,,,,,,,,,,,,,,,,,,,,,,,,,,,,,,,,,,,,,,,,,,,,,,,,,,,,,,,,,,,,,,,,,,,,,,,,,,,,,65615,"<span lang=""EN-GB"">Suppose
     you want to set up a reminder when you are with people you know (e.g.,
     acquaintances, colleagues) at your home.<o:p></o:p></span>"
11/5/2018 15:34,11/5/2018 15:36,0,104.236.16.103,100,116,1,11/5/2018 15:36,R_tSehz7HJNdBq4E1,,,,,40.83439636,-74.13770294,anonymous,EN,"1,2",,,,,,,,,,,,,,,,,,,,,,,,,,,,,,,,,,,,,,,,,,,,,,,,,,,,,,,,,,,,,,,,,,,,,,,,,,,,,,,,,,,,,,,,,,,,,,,,,,,,,,,,,,,,,,,,,,,,,,,,,,,,,,,,,,,,,,,,,,,,,,,,,,,,,,,,,,,,,,,,,,,,,,,,,,,,,,,,,,,,,,,,,,,,,,,,,,,,,,,,,,,,,,,,,,,65952,"<span lang=""EN-GB"">Suppose
     you want to listen to some audio when you are alone at Starbucks.<o:p></o:p></span>"
11/5/2018 15:39,11/5/2018 15:43,0,50.206.232.226,100,243,1,11/5/2018 15:43,R_1GNwDZLSKpDy4LO,,,,,42.00759888,-87.99310303,anonymous,EN,"1,2,3,4",7,,5,,1,,3,,1,,4,3,,5,,4,6,,5,,7,,5,,5,,1,,2,,,,,,,,,,,,,,,,,,,,,,,,,,,,,,2,,5,,1,,1,,1,,4,5,,5,,5,,6,,7,,5,,7,,5,,4,,,,,,,,,,,,,,,,,,,,,,,,,,,,,,,,,,,,,,,,,,,,,,,,,,,,,,,,,,,,,,,,,,,,,,,,,,,,,,,,,,,,,,,,,,,,,,,,,,,,,,,,,,,,,,,,,,,,,,Female,35,Administrative Assistant,5,1,,3,62088,"<span lang=""EN-GB"">Suppose you want to call your mother for sharing an important
     update about your life when you are surrounded by people you know (e.g.,
     acquaintances, colleagues) at your home.<o:p></o:p></span>"
11/5/2018 15:46,11/5/2018 15:46,0,107.140.191.176,100,8,1,11/5/2018 15:46,R_31WvdBZyt4BzHei,,,,,30.4420929,-97.62989807,anonymous,EN,"2,4",,,,,,,,,,,,,,,,,,,,,,,,,,,,,,,,,,,,,,,,,,,,,,,,,,,,,,,,,,,,,,,,,,,,,,,,,,,,,,,,,,,,,,,,,,,,,,,,,,,,,,,,,,,,,,,,,,,,,,,,,,,,,,,,,,,,,,,,,,,,,,,,,,,,,,,,,,,,,,,,,,,,,,,,,,,,,,,,,,,,,,,,,,,,,,,,,,,,,,,,,,,,,,,,,,,35005,"<span lang=""EN-GB"" style=""font-size:11.0pt;line-height:115%;
font-family:&quot;Arial&quot;,sans-serif;mso-fareast-font-family:Arial;mso-ansi-language:
EN-GB;mso-fareast-language:EN-US;mso-bidi-language:AR-SA"">Suppose you want to a
send an email when you are at Starbucks.</span>"
10/29/2018 16:52,10/29/2018 16:52,0,162.222.55.21,1,19,0,11/5/2018 15:52,R_2AF4FWRGF9P17go,,,,,,,anonymous,EN,,,,,,,,,,,,,,,,,,,,,,,,,,,,,,,,,,,,,,,,,,,,,,,,,,,,,,,,,,,,,,,,,,,,,,,,,,,,,,,,,,,,,,,,,,,,,,,,,,,,,,,,,,,,,,,,,,,,,,,,,,,,,,,,,,,,,,,,,,,,,,,,,,,,,,,,,,,,,,,,,,,,,,,,,,,,,,,,,,,,,,,,,,,,,,,,,,,,,,,,,,,,,,,,,,,,10006,"<span lang=""EN-GB"">Suppose you want to read a digital document when you are in a park with people you know (e.g., acquaintances, colleagues).<o:p></o:p></span>"
11/5/2018 15:48,11/5/2018 15:53,0,71.176.70.228,100,263,1,11/5/2018 15:53,R_2PnciAAlzRN6oBP,,,,,43.03540039,-76.12819672,anonymous,EN,"1,2,3,4,5,6","1,2",,1,,"1,2",,1,,6,,1,5,,"1,2",,1,"1,2",,2,,"2,3",,2,,5,,4,,"4,6",,,,,,,,,,,,,,,,,,,,,,,,,,,,,,,,,,,,,,,,,,,,,,,,,,,,,,,,,,,,,,,,,,,,,,,,,,,,,,,,,,,,,,,,"2,3",,1,,1,,1,,1,,2,"1,3",,2,,2,,3,,"2,3",,2,,"2,3",,5,,4,,,,,,,,,,,,,,,,,,,,,,,,,,,,,,,"1,2",,1,,2,,1,,1,,1,"1,2",,5,,5,,"1,3",,"2,3",,2,,"2,3",,5,,4,,Male,30,Software developer,4,1,,5,56955,"<span lang=""EN-GB"">Suppose
     you want to watch some video when you are with your close friends in a
     park.<o:p></o:p></span>"
11/5/2018 15:48,11/5/2018 15:56,0,108.234.235.187,100,476,1,11/5/2018 15:56,R_3EbwJz8lQndDosB,,,,,29.68840027,-95.05130005,anonymous,EN,"1,2,3,4",2,,1,,"1,2,3",,1,,1,,1,"1,2",,1,,1,"1,3",,2,,"1,3",,2,,1,,2,,2,,,,,,,,,,,,,,,,,,,,,,,,,,,,,,"1,2",,1,,"1,3",,1,,1,,1,"1,2",,"1,2",,1,,"1,2",,"1,2,3",,2,,"1,2,4",,1,,2,,,,,,,,,,,,,,,,,,,,,,,,,,,,,,,,,,,,,,,,,,,,,,,,,,,,,,,,,,,,,,,,,,,,,,,,,,,,,,,,,,,,,,,,,,,,,,,,,,,,,,,,,,,,,,,,,,,,,,,,,,,,,55262,"<span lang=""EN-GB"">Suppose you are at sitting in a park and you want to play a digital/online game.<o:p></o:p></span>"
11/5/2018 16:03,11/5/2018 16:04,0,172.56.17.156,100,24,1,11/5/2018 16:04,R_1eEpfOyL9hD4xOe,,,,,33.74890137,-117.907196,anonymous,EN,2,,,,,,,,,,,,,,,,,,,,,,,,,,,,,,,,,,,,,,,,,,,,,,,,,,,,,,,,,,,,,,,,,,,,,,,,,,,,,,,,,,,,,,,,,,,,,,,,,,,,,,,,,,,,,,,,,,,,,,,,,,,,,,,,,,,,,,,,,,,,,,,,,,,,,,,,,,,,,,,,,,,,,,,,,,,,,,,,,,,,,,,,,,,,,,,,,,,,,,,,,,,,,,,,,,,78136,"<span lang=""EN-GB"">Suppose
     you want to a send a text message when you are surrounded by people you
     know (e.g., acquaintances, colleagues) at a restaurant.<o:p></o:p></span>"
11/5/2018 16:03,11/5/2018 16:06,0,63.152.147.15,100,176,1,11/5/2018 16:06,R_2tEYa83ktaUpxou,,,,,42.04110718,-91.59410095,anonymous,EN,"1,2,4,5",2,,1,,6,,1,,1,,1,3,,5,,1,"1,4",,5,,"2,4",,1,,1,,2,,,,,,,,,,,,,,,,,,,,,,,,,,,,,,,,,,,,,,,,,,,,,,,,,,,,,,,,,,,,,,,,,,,,,,,,,,,,,,,,,,,,,,,,,,,,,,,,,,,,,,,,,,,,,,,,,,,,,,,,,,,,,,,,,,,,,,,,,,,,,,,,,,,,,,,,,,,,,,,,,,,,,,,,,,,,,,,,,,,,,,,,68762,"<span lang=""EN-GB"">Suppose
     you want to call your mother for sharing an important update about your
     life yourself when you are with a very close friend at a park.&nbsp;<o:p></o:p></span>"
11/5/2018 16:07,11/5/2018 16:10,0,72.238.85.92,100,148,1,11/5/2018 16:10,R_2xFW8RhMC5Kejo9,,,,,28.59739685,-81.3035965,anonymous,EN,"1,2,4",2,,3,,2,,1,,1,,2,3,,2,,3,3,,2,,3,,2,,2,,2,,,,,,,,,,,,,,,,,,,,,,,,,,,,,,,,,,,,,,,,,,,,,,,,,,,,,,,,,,,,,,,,,,,,,,,,,,,,,,,,,,,,,,,,,,,,,,,,,,,,,,,,,,,,,,,,,,,,,,,,,,,,,,,,,,,,,,,,,,,,,,,,,,,,,,,,,,,,,,,,,,,,,,,,,,,,,,,,,,,,,,,,84388,"<span lang=""EN-GB"">Suppose
     you want to watch some video when you are alone at Starbucks.<o:p></o:p></span>"
10/29/2018 16:58,10/29/2018 17:11,0,99.150.227.99,78,757,0,11/5/2018 16:11,R_xG86vGFBDbDK6qt,,,,,,,anonymous,EN,"1,2,4",,,,,,,,,,,,,,,,,,,,,,,,,,,,,,,,,,,,,,,,,,,,,,,,,,,,,,,,,,,,,,,,,,,,,,,,,,,,,,,,,,,,,,,,,,,,,,,,,,,,,,,,,,,,,,,,,,,,,,,,,,,,,,,,,,,,,,,,,,,,,,,,,,,,,,,,,,,,,,,,,,,,,,,,,,,,,,,,,,,,,,,,,,,,,,,,,,,,,,,,,,,,,,,,,,,56164,"<span lang=""EN-GB"">Suppose you want to a view a text message when you are alone at a street.<o:p></o:p></span>"
10/29/2018 17:12,10/29/2018 17:12,0,71.214.35.200,1,7,0,11/5/2018 16:12,R_p5ALZLmo6oSvJQJ,,,,,,,anonymous,EN,,,,,,,,,,,,,,,,,,,,,,,,,,,,,,,,,,,,,,,,,,,,,,,,,,,,,,,,,,,,,,,,,,,,,,,,,,,,,,,,,,,,,,,,,,,,,,,,,,,,,,,,,,,,,,,,,,,,,,,,,,,,,,,,,,,,,,,,,,,,,,,,,,,,,,,,,,,,,,,,,,,,,,,,,,,,,,,,,,,,,,,,,,,,,,,,,,,,,,,,,,,,,,,,,,,,58341,"<span lang=""EN-GB"">Suppose
     you want to read a digital document when you are alone at home.<strong><o:p></o:p></strong></span>"
11/5/2018 15:53,11/5/2018 16:17,0,71.176.70.228,100,1468,1,11/5/2018 16:17,R_pKvCasfssOg4KRP,,,,,43.03540039,-76.12819672,anonymous,EN,"1,2,3,4,5,6",7,,1,,"2,3",,1,,1,,1,2,,5,,1,"1,2",,2,,"2,3",,2,,3,,4,,"2,4,6",,,,,,,,,,,,,,,,,,,,,,,,,,,,,,"2,3",,1,,6,,3,,1,,3,5,,5,,5,,"2,3",,"2,3",,2,,"2,3",,5,,4,,,,,,,,,,,,,,,,,,,,,,,,,,,,,,,2,,5,,"2,3",,3,,1,,1,5,,5,,5,,3,,3,,2,,3,,5,,4,,,,,,,,,,,,,,,,,,,,,,,,,,,,,,,2,,5,,2,,1,,1,,1,5,,5,,5,,3,,"1,2",,2,,"1,2",,1,,"1,2",,Female,40,Teacher,5,4,,4,4817,"<span lang=""EN-GB"" style=""font-size:11.0pt;line-height:115%;
font-family:&quot;Arial&quot;,sans-serif;mso-fareast-font-family:Arial;mso-ansi-language:
EN-GB;mso-fareast-language:EN-US;mso-bidi-language:AR-SA"">Suppose you want to
take a click a photo when you are at Starbucks.</span>"
10/29/2018 17:23,10/29/2018 17:23,0,96.236.117.13,78,9,0,11/5/2018 16:23,R_2YmiF9oP0JKzCcI,,,,,,,anonymous,EN,"1,2,3,4,5",,,,,,,,,,,,,,,,,,,,,,,,,,,,,,,,,,,,,,,,,,,,,,,,,,,,,,,,,,,,,,,,,,,,,,,,,,,,,,,,,,,,,,,,,,,,,,,,,,,,,,,,,,,,,,,,,,,,,,,,,,,,,,,,,,,,,,,,,,,,,,,,,,,,,,,,,,,,,,,,,,,,,,,,,,,,,,,,,,,,,,,,,,,,,,,,,,,,,,,,,,,,,,,,,,,10602,"<span lang=""EN-GB"">Suppose
     you want to a send an email when you are with a very close friend at a
     restaurant&nbsp;<o:p></o:p></span>"
11/5/2018 16:23,11/5/2018 16:25,0,104.63.235.119,100,100,1,11/5/2018 16:25,R_1HeF0BzYwqALQpU,,,,,29.83230591,-95.73600006,anonymous,EN,"1,2,3",2,,1,,2,,1,,2,,2,1,,1,,2,1,,2,,"1,2",,2,,2,,2,,1,2,,1,,1,,3,,1,,2,1,,1,,2,,1,,2,,1,,3,,1,,2,,,,,,,,,,,,,,,,,,,,,,,,,,,,,,,,,,,,,,,,,,,,,,,,,,,,,,,,,,,,,,,,,,,,,,,,,,,,,,,,,,,,,,,,,,,,,,,,,,,,,,,,,,,,,,,,,,,,,,,,,,,,,,,,,,,,,,,,,,,,,,,,,,,,,,,,,,75311,"<span lang=""EN-GB"">Suppose you are at sitting at Starbucks and you want to play a digital/online&nbsp;</span>game."
11/5/2018 16:24,11/5/2018 16:26,0,75.42.36.28,100,135,1,11/5/2018 16:26,R_eb5Rct4UXDRbrBD,,,,,37.75100708,-97.8219986,anonymous,EN,"1,2,3,4","1,2,3",,1,,1,,1,,"2,4",,1,"1,2,3",,"1,2",,"2,3","3,4",,1,,"1,2,3,4",,1,,"1,2,3",,2,,,,,,,,,,,,,,,,,,,,,,,,,,,,,,,,,,,,,,,,,,,,,,,,,,,,,,,,,,,,,,,,,,,,,,,,,,,,,,,,,,,,,,,,,,,,,,,,,,,,,,,,,,,,,,,,,,,,,,,,,,,,,,,,,,,,,,,,,,,,,,,,,,,,,,,,,,,,,,,,,,,,,,,,,,,,,,,,,,,,,,,,31294,"Suppose
     you want to call your mother for sharing an important update about your
     life when you are surrounded by people you
     know (e.g., acquaintances, colleagues) at a restaurant.<o:p></o:p>"
11/5/2018 16:28,11/5/2018 16:30,0,73.32.87.4,100,134,1,11/5/2018 16:30,R_1HbMdSHY0N3ZsF7,,,,,30.17160034,-95.49849701,anonymous,EN,"1,2,4,6",7,,"1,3",,"2,4",,1,,1,,4,"1,2,3",,5,,"1,2,3","1,2,3",,5,,1,,5,,"1,2",,"1,2",,,,,,,,,,,,,,,,,,,,,,,,,,,,,,,,,,,,,,,,,,,,,,,,,,,,,,,,,,,,,,,,,,,,,,,,,,,,,,,,,,,,,,,,,,,,,,,,,,,,,,,,,,,,,,,,,,,,,,,,,,,,,,,,,,,,,,,,,,,,,,,,,,,,,,,,,,,,,,,,,,,,,,,,,,,,,,,,,,,,,,,,85330,"<span lang=""EN-GB"">Suppose
     you want to purchase something online when you are with people you are
     close to (e.g., friends, family members) at home.<o:p></o:p></span>"
11/5/2018 16:21,11/5/2018 16:38,0,71.176.70.228,100,1054,1,11/5/2018 16:38,R_4JJ3o9CDawOGmlz,,,,,43.03540039,-76.12819672,anonymous,EN,"1,2,3,4,5,6",2,,3,,"2,3",,1,,1,,1,1,,5,,1,3,,"1,2",,"2,3",,"1,2",,5,,4,,"4,6",,,,,,,,,,,,,,,,,,,,,,,,,,,,,,,,,,,,,,,,,,,,,,,,,,,,,,,,,,,,,,,,,,,,,,,,,,,,,,,,,,,,,,,,2,,1,,"1,3",,1,,1,,1,5,,"2,3",,"2,3",,"2,3",,"2,3",,2,,"2,3",,5,,"1,2",,,,,,,,,,,,,,,,,,,,,,,,,,,,,,,2,,5,,3,,1,,1,,1,5,,2,,2,,3,,"2,3",,2,,"2,3",,5,,4,,Female,45,Manager,5,1,,4,79316,"<span lang=""EN-GB"">Suppose
     you want to find a route to home when you are at Starbucks with your close
     friends.<o:p></o:p></span>"
10/29/2018 17:41,10/29/2018 17:41,0,63.234.35.121,1,3,0,11/5/2018 16:41,R_3j73Qf4ak9xCmB4,,,,,,,anonymous,EN,,,,,,,,,,,,,,,,,,,,,,,,,,,,,,,,,,,,,,,,,,,,,,,,,,,,,,,,,,,,,,,,,,,,,,,,,,,,,,,,,,,,,,,,,,,,,,,,,,,,,,,,,,,,,,,,,,,,,,,,,,,,,,,,,,,,,,,,,,,,,,,,,,,,,,,,,,,,,,,,,,,,,,,,,,,,,,,,,,,,,,,,,,,,,,,,,,,,,,,,,,,,,,,,,,,,20656,"Suppose you want to find a route to a coffee shop
     when you are at home with your by your colleagues<o:p></o:p>"
10/23/2018 14:56,10/29/2018 17:42,0,107.204.79.128,78,528355,0,11/5/2018 16:42,R_3R3ZLagVwUg0ePF,,,,,,,anonymous,EN,"1,2,4,6",,,,,,,,,,,,,,,,,,,,,,,,,,,,,,,,,,,,,,,,,,,,,,,,,,,,,,,,,,,,,,,,,,,,,,,,,,,,,,,,,,,,,,,,,,,,,,,,,,,,,,,,,,,,,,,,,,,,,,,,,,,,,,,,,,,,,,,,,,,,,,,,,,,,,,,,,,,,,,,,,,,,,,,,,,,,,,,,,,,,,,,,,,,,,,,,,,,,,,,,,,,,,,,,,,,37817,"<span lang=""EN-GB"">Suppose you want to take a click a photo when you with </span><span lang=""EN-GB"">some people you know (e.g.,
     acquaintances, colleagues)</span><span lang=""EN-GB""> at home<o:p></o:p></span>"
11/5/2018 16:46,11/5/2018 16:47,0,70.106.179.43,100,29,1,11/5/2018 16:47,R_Qb8HbXr4JcjhqeJ,,,,,38.33650208,-77.43659973,anonymous,EN,"1,2",,,,,,,,,,,,,,,,,,,,,,,,,,,,,,,,,,,,,,,,,,,,,,,,,,,,,,,,,,,,,,,,,,,,,,,,,,,,,,,,,,,,,,,,,,,,,,,,,,,,,,,,,,,,,,,,,,,,,,,,,,,,,,,,,,,,,,,,,,,,,,,,,,,,,,,,,,,,,,,,,,,,,,,,,,,,,,,,,,,,,,,,,,,,,,,,,,,,,,,,,,,,,,,,,,,45964,"<span lang=""EN-GB"">Suppose
     you want&nbsp; to a send a text message
     when you are walking with a very close friend on a street<o:p></o:p></span>"
11/5/2018 16:38,11/5/2018 16:51,0,71.176.70.228,100,782,1,11/5/2018 16:51,R_yyBTx1XvsXld1q9,,,,,43.03540039,-76.12819672,anonymous,EN,"1,2,4,5,6","2,4,5",,1,,"2,3",,3,,1,,1,1,,5,,1,"2,3",,"1,2",,3,,"1,2",,5,,2,,"2,4",,,,,,,,,,,,,,,,,,,,,,,,,,,,,,2,,5,,"2,3",,1,,1,,1,1,,5,,5,,3,,3,,2,,3,,5,,4,,,,,,,,,,,,,,,,,,,,,,,,,,,,,,,3,,5,,"2,3",,1,,1,,1,5,,5,,5,,3,,3,,2,,3,,5,,"1,2",,,,,,,,,,,,,,,,,,,,,,,,,,,,,,,,,,,,,,,,,,,,,,,,,,,,,,,,,,,,Male,34,Consultant,4,3,,2,1591,"<span lang=""EN-GB"">Suppose you want to read a digital document when you are at Starbucks with people you know (e.g., acquaintances, colleagues).<o:p></o:p></span>"
11/5/2018 16:47,11/5/2018 16:55,0,24.246.101.242,100,504,1,11/5/2018 16:55,R_1cZFfC3Kdlj52r9,,,,,40.94610596,-73.86689758,anonymous,EN,"1,2,3,4,5","2,3,4,5",,1,,"1,3",,1,,"1,3",,3,"1,2",,1,,3,"2,3",,"1,2",,"1,2,3,4",,"1,2",,"1,2",,2,,"1,2,4","2,3,4",,1,,"1,2,3",,1,,1,,4,5,,5,,5,,2,,"1,3",,"1,2",,"1,3",,"1,2",,2,,"2,3,5",,5,,"1,2",,1,,1,,4,5,,5,,5,,"1,3",,"1,3",,"1,2",,"1,3",,"1,2",,2,,,,,,,,,,,,,,,,,,,,,,,,,,,,,,,"2,3,5",,5,,"1,2",,1,,1,,4,5,,5,,5,,2,,"1,3",,"1,2",,"1,3",,"1,2,3",,"1,2",,,,,,,,,,,,,,,,,,,,,,,,,,,,,,,,,,,,,,,,,,,,,,,,,,,,,,,,,,,,male,38,Public Safety Dispatcher,5,1,,9,56174,"<span lang=""EN-GB"">Suppose you want to watch some video when you are with your close friends at Starbucks.<o:p></o:p></span>"
11/5/2018 16:58,11/5/2018 16:59,0,50.226.114.98,100,39,1,11/5/2018 16:59,R_2cnhIv2fPLuC4wF,,,,,37.79570007,-122.2429047,anonymous,EN,"1,2,3,4,5,6",3,,"2,3",,"2,3",,1,,"1,2",,"1,2",2,,"1,2",,"1,2",2,,"1,2",,"2,4",,"2,3",,"1,2",,"1,2",,,,,,,,,,,,,,,,,,,,,,,,,,,,,,,,,,,,,,,,,,,,,,,,,,,,,,,,,,,,,,,,,,,,,,,,,,,,,,,,,,,,,,,,,,,,,,,,,,,,,,,,,,,,,,,,,,,,,,,,,,,,,,,,,,,,,,,,,,,,,,,,,,,,,,,,,,,,,,,,,,,,,,,,,,,,,,,,,,,,,,,,37268,"<span lang=""EN-GB"">Suppose
     you want to a send an email when you are surrounded by people you know
     (e.g., acquaintances, colleagues) your home.<o:p></o:p></span>"
11/5/2018 16:57,11/5/2018 17:00,0,12.168.212.5,100,153,1,11/5/2018 17:00,R_vHsB69ZOFCApqgx,,,,,33.76019287,-118.0807953,anonymous,EN,"1,2,3,4,5,6",2,,3,,"1,2,3",,1,,1,,3,"1,3",,"1,2",,1,"1,3",,2,,4,,"1,2",,"1,3",,2,,,,,,,,,,,,,,,,,,,,,,,,,,,,,,,,,,,,,,,,,,,,,,,,,,,,,,,,,,,,,,,,,,,,,,,,,,,,,,,,,,,,,,,,,,,,,,,,,,,,,,,,,,,,,,,,,,,,,,,,,,,,,,,,,,,,,,,,,,,,,,,,,,,,,,,,,,,,,,,,,,,,,,,,,,,,,,,,,,,,,,,,58094,"<span lang=""EN-GB"">Suppose you want to control some devices/appliances (e.g., smart lights) when you are alone at home.<o:p></o:p></span>"
11/5/2018 16:58,11/5/2018 17:05,0,174.226.181.212,100,410,1,11/5/2018 17:05,R_2XhCVjbiPzzT2k7,,,,,37.35299683,-79.15570068,anonymous,EN,"1,2,3,4",2,,1,,"1,2,3",,1,,1,,1,"1,2",,5,,1,4,,2,,6,,2,,1,,4,,2,,,,,,,,,,,,,,,,,,,,,,,,,,,,,,5,,5,,"1,2",,1,,1,,1,5,,5,,5,,6,,6,,"1,2",,7,,1,,4,,,,,,,,,,,,,,,,,,,,,,,,,,,,,,,,,,,,,,,,,,,,,,,,,,,,,,,,,,,,,,,,,,,,,,,,,,,,,,,,,,,,,,,,,,,,,,,,,,,,,,,,,,,,,,,,,,,,,,,,,,,,,80848,"<span lang=""EN-GB"">Suppose you want to find a route to home while walking on a street with people you know (e.g., acquaintances, colleagues).<o:p></o:p></span>"
11/5/2018 17:20,11/5/2018 17:20,0,184.96.197.208,100,12,1,11/5/2018 17:20,R_1cSp8VeeXNlLyrJ,,,,,39.76649475,-105.020401,anonymous,EN,1,,,,,,,,,,,,,,,,,,,,,,,,,,,,,,,,,,,,,,,,,,,,,,,,,,,,,,,,,,,,,,,,,,,,,,,,,,,,,,,,,,,,,,,,,,,,,,,,,,,,,,,,,,,,,,,,,,,,,,,,,,,,,,,,,,,,,,,,,,,,,,,,,,,,,,,,,,,,,,,,,,,,,,,,,,,,,,,,,,,,,,,,,,,,,,,,,,,,,,,,,,,,,,,,,,,954,"<span lang=""EN-GB"" style=""font-size:11.0pt;line-height:115%;
font-family:&quot;Arial&quot;,sans-serif;mso-fareast-font-family:Arial;mso-ansi-language:
EN-GB;mso-fareast-language:EN-US;mso-bidi-language:AR-SA"">Suppose you have
planned to meet a friend next week and you want put this on your calendar<span style=""color:#434343""> when you with </span>people you know (e.g.,
acquaintances, colleagues)<span style=""color:#434343""> at a park</span></span>"
11/5/2018 17:21,11/5/2018 17:21,0,108.184.203.45,100,34,1,11/5/2018 17:21,R_1JQQ7Uh9wqxhJUD,,,,,33.75239563,-117.9938965,anonymous,EN,"1,2",,,,,,,,,,,,,,,,,,,,,,,,,,,,,,,,,,,,,,,,,,,,,,,,,,,,,,,,,,,,,,,,,,,,,,,,,,,,,,,,,,,,,,,,,,,,,,,,,,,,,,,,,,,,,,,,,,,,,,,,,,,,,,,,,,,,,,,,,,,,,,,,,,,,,,,,,,,,,,,,,,,,,,,,,,,,,,,,,,,,,,,,,,,,,,,,,,,,,,,,,,,,,,,,,,,74893,"<span lang=""EN-GB"">Suppose
     you are at home with some people you know (e.g., acquaintances,
     colleagues) when you realize today is the last day to pay one of your
     bills online.<o:p></o:p></span>"
11/3/2018 22:42,11/5/2018 17:22,0,67.210.46.233,100,157217,1,11/5/2018 17:22,R_vJthfV9g4LaQbNT,,,,,41.2355957,-74.4885025,anonymous,EN,"1,2,5",2,,1,,3,,1,,1,,1,3,,"1,3",,1,6,,3,,7,,3,,1,,2,,"1,2","2,4",,5,,3,,2,I dont move around,6,,4,"2,3",,5,,5,,6,,6,,"1,2",,6,,5,,4,,1,,5,,2,,1,,1,,4,3,,5,,5,,6,,7,,1,,7,,5,,4,,,,,,,,,,,,,,,,,,,,,,,,,,,,,,,,,,,,,,,,,,,,,,,,,,,,,,,,,,,,,,,,,,,,,,,,,,,,,,,,,,,,,,,,,,,,,,,,,,,,,,,,,,,,,,,,,,,,,,female,23,homemaker,3,1,,11,94169,"<span lang=""EN-GB"">Suppose you want to read a digital document when you are at Starbucks with people you know (e.g., acquaintances, colleagues).<o:p></o:p></span>"
11/5/2018 17:21,11/5/2018 17:24,0,76.168.192.179,100,187,1,11/5/2018 17:24,R_3oFIkhotxKfnYlC,,,,,34.02450562,-118.1560974,anonymous,EN,"1,2,3,4,5,6",3,,2,,3,,1,,3,,2,3,,3,,2,3,,1,,3,,2,,1,,1,,,,,,,,,,,,,,,,,,,,,,,,,,,,,,,,,,,,,,,,,,,,,,,,,,,,,,,,,,,,,,,,,,,,,,,,,,,,,,,,,,,,,,,,,,,,,,,,,,,,,,,,,,,,,,,,,,,,,,,,,,,,,,,,,,,,,,,,,,,,,,,,,,,,,,,,,,,,,,,,,,,,,,,,,,,,,,,,,,,,,,,,60585,"<span lang=""EN-GB"">Suppose you want to call your mother for sharing an important
     update about your life&nbsp; when you
     with people you know (e.g., acquaintances, colleagues) at a park<o:p></o:p></span>"
11/5/2018 17:21,11/5/2018 17:25,0,204.93.118.213,100,227,1,11/5/2018 17:25,R_vUiRYvpPPzeGoaB,,,,,35.12730408,-85.28019714,anonymous,EN,"1,2,4","1,2,4",,"1,3",,"1,2",,1,,1,,2,"1,3",,"1,2",,"2,3",2,,"1,2",,"1,2,3",,"1,2",,"1,2",,1,,,,,,,,,,,,,,,,,,,,,,,,,,,,,,,,,,,,,,,,,,,,,,,,,,,,,,,,,,,,,,,,,,,,,,,,,,,,,,,,,,,,,,,,,,,,,,,,,,,,,,,,,,,,,,,,,,,,,,,,,,,,,,,,,,,,,,,,,,,,,,,,,,,,,,,,,,,,,,,,,,,,,,,,,,,,,,,,,,,,,,,,58026,"<span lang=""EN-GB"">Suppose you want to listen to some audio when you are alone in a park.<o:p></o:p></span>"
10/29/2018 18:26,10/29/2018 18:27,0,68.119.208.25,78,77,0,11/5/2018 17:27,R_PClfdaNoUDonk8V,,,,,,,anonymous,EN,"2,3,4",,,,,,,,,,,,,,,,,,,,,,,,,,,,,,,,,,,,,,,,,,,,,,,,,,,,,,,,,,,,,,,,,,,,,,,,,,,,,,,,,,,,,,,,,,,,,,,,,,,,,,,,,,,,,,,,,,,,,,,,,,,,,,,,,,,,,,,,,,,,,,,,,,,,,,,,,,,,,,,,,,,,,,,,,,,,,,,,,,,,,,,,,,,,,,,,,,,,,,,,,,,,,,,,,,,26000,"<span lang=""EN-GB"">Suppose
     you want to set up a reminder about something when you are with people you
     know (e.g., acquaintances, colleagues) at Starbucks.<o:p></o:p></span>"
11/5/2018 17:29,11/5/2018 17:33,0,107.4.125.131,100,225,1,11/5/2018 17:33,R_2t4lqxzKtvMG1YQ,,,,,43.80670166,-83.00540161,anonymous,EN,"1,3,4","1,3,4,5",,2,,"1,2,3",,3,,4,,"2,3","1,2",,"1,2,3",,"1,2","1,2,4",,"1,2",,"2,3",,"1,2",,"1,3",,"1,2",,,,,,,,,,,,,,,,,,,,,,,,,,,,,,,,,,,,,,,,,,,,,,,,,,,,,,,,,,,,,,,,,,,,,,,,,,,,,,,,,,,,,,,,,,,,,,,,,,,,,,,,,,,,,,,,,,,,,,,,,,,,,,,,,,,,,,,,,,,,,,,,,,,,,,,,,,,,,,,,,,,,,,,,,,,,,,,,,,,,,,,,4937,"<span lang=""EN-GB"">Suppose you want to find a route to home while walking on a street.<o:p></o:p></span>"
11/5/2018 17:34,11/5/2018 17:35,0,134.121.197.47,100,55,1,11/5/2018 17:35,R_8wwsrX6FFqvFB2F,,,,,46.73129272,-117.1795959,anonymous,EN,"1,2,3,4,5,6",1,,2,,4,,1,,1,,1,2,,2,,1,"1,4",,2,,"1,2",,"2,3",,1,,"1,2",,,,,,,,,,,,,,,,,,,,,,,,,,,,,,,,,,,,,,,,,,,,,,,,,,,,,,,,,,,,,,,,,,,,,,,,,,,,,,,,,,,,,,,,,,,,,,,,,,,,,,,,,,,,,,,,,,,,,,,,,,,,,,,,,,,,,,,,,,,,,,,,,,,,,,,,,,,,,,,,,,,,,,,,,,,,,,,,,,,,,,,,21101,"<span lang=""EN-GB"">Suppose you are at Starbucks with your close friends and you realize today is the last day to pay one of your bills online.<o:p></o:p></span>"
11/5/2018 17:33,11/5/2018 17:37,0,70.32.0.70,100,270,1,11/5/2018 17:37,R_2zNP2p7qj4BukL2,,,,,39.0480957,-77.47280121,anonymous,EN,"2,3,4","1,2",,3,,"1,2,3,4",,1,,1,,"2,3","1,2,3",,"1,3",,3,"1,2,3",,"2,3",,6,,"1,2,3",,1,,"1,2",,,,,,,,,,,,,,,,,,,,,,,,,,,,,,,,,,,,,,,,,,,,,,,,,,,,,,,,,,,,,,,,,,,,,,,,,,,,,,,,,,,,,,,,,,,,,,,,,,,,,,,,,,,,,,,,,,,,,,,,,,,,,,,,,,,,,,,,,,,,,,,,,,,,,,,,,,,,,,,,,,,,,,,,,,,,,,,,,,,,,,,,39244,"<span lang=""EN-GB"">Suppose you want to find a route to a coffee shop when you are
     at home </span><span lang=""EN-GB"">with
     people you are close to (e.g., friends, family members)</span><strong><span lang=""EN-GB""><o:p></o:p></span></strong>"
11/5/2018 17:38,11/5/2018 17:39,0,74.130.20.9,100,15,1,11/5/2018 17:39,R_2zzEBUes339C24w,,,,,38.26280212,-85.66629791,anonymous,EN,"2,4",,,,,,,,,,,,,,,,,,,,,,,,,,,,,,,,,,,,,,,,,,,,,,,,,,,,,,,,,,,,,,,,,,,,,,,,,,,,,,,,,,,,,,,,,,,,,,,,,,,,,,,,,,,,,,,,,,,,,,,,,,,,,,,,,,,,,,,,,,,,,,,,,,,,,,,,,,,,,,,,,,,,,,,,,,,,,,,,,,,,,,,,,,,,,,,,,,,,,,,,,,,,,,,,,,,84627,"<span lang=""EN-GB"">Suppose
     you want to a view a text message when you are with a very close friend at
     a restaurant&nbsp;<o:p></o:p></span>"
11/5/2018 17:49,11/5/2018 17:49,0,75.9.168.188,100,21,1,11/5/2018 17:49,R_1LUlYv2hnmigF4s,,,,,43.01280212,-88.27050018,anonymous,EN,"1,2",,,,,,,,,,,,,,,,,,,,,,,,,,,,,,,,,,,,,,,,,,,,,,,,,,,,,,,,,,,,,,,,,,,,,,,,,,,,,,,,,,,,,,,,,,,,,,,,,,,,,,,,,,,,,,,,,,,,,,,,,,,,,,,,,,,,,,,,,,,,,,,,,,,,,,,,,,,,,,,,,,,,,,,,,,,,,,,,,,,,,,,,,,,,,,,,,,,,,,,,,,,,,,,,,,,16515,"<span lang=""EN-GB"">Suppose you want to a send a text message when you are surrounded with people you are close to (e.g., friends, family members) at your home.<strong><o:p></o:p></strong></span>"
10/29/2018 18:54,10/29/2018 18:56,0,75.70.186.148,78,131,0,11/5/2018 17:57,R_D1VzttUbryJDshX,,,,,,,anonymous,EN,"1,2,4,6",,,,,,,,,,,,,,,,,,,,,,,,,,,,,,,,,,,,,,,,,,,,,,,,,,,,,,,,,,,,,,,,,,,,,,,,,,,,,,,,,,,,,,,,,,,,,,,,,,,,,,,,,,,,,,,,,,,,,,,,,,,,,,,,,,,,,,,,,,,,,,,,,,,,,,,,,,,,,,,,,,,,,,,,,,,,,,,,,,,,,,,,,,,,,,,,,,,,,,,,,,,,,,,,,,,39144,"<span lang=""EN-GB"">Suppose you want to a send a text message when you are surrounded with people you are close to (e.g., friends, family members) at your home.<strong><o:p></o:p></strong></span>"
11/5/2018 17:56,11/5/2018 18:00,0,64.53.247.220,100,239,1,11/5/2018 18:00,R_2dWkxS63g9B5h0J,,,,,42.0144043,-88.09349823,anonymous,EN,"1,2,3,5,6",2,,1,,3,,1,,"3,4",,"2,3",2,,"2,3",,4,"3,4",,"2,3",,7,,5,,"1,2,3",,"1,2",,,,,,,,,,,,,,,,,,,,,,,,,,,,,,,,,,,,,,,,,,,,,,,,,,,,,,,,,,,,,,,,,,,,,,,,,,,,,,,,,,,,,,,,,,,,,,,,,,,,,,,,,,,,,,,,,,,,,,,,,,,,,,,,,,,,,,,,,,,,,,,,,,,,,,,,,,,,,,,,,,,,,,,,,,,,,,,,,,,,,,,,46258,"<span lang=""EN-GB"" style=""font-size:11.0pt;line-height:115%;
font-family:&quot;Arial&quot;,sans-serif;mso-fareast-font-family:Arial;mso-ansi-language:
EN-GB;mso-fareast-language:EN-US;mso-bidi-language:AR-SA"">Suppose you want to browse the internet when you are alone at your home.</span>"
10/29/2018 19:04,10/29/2018 19:05,0,68.253.157.91,78,33,0,11/5/2018 18:05,R_1ltcuHLNVJkOmjC,,,,,,,anonymous,EN,"1,2,4",,,,,,,,,,,,,,,,,,,,,,,,,,,,,,,,,,,,,,,,,,,,,,,,,,,,,,,,,,,,,,,,,,,,,,,,,,,,,,,,,,,,,,,,,,,,,,,,,,,,,,,,,,,,,,,,,,,,,,,,,,,,,,,,,,,,,,,,,,,,,,,,,,,,,,,,,,,,,,,,,,,,,,,,,,,,,,,,,,,,,,,,,,,,,,,,,,,,,,,,,,,,,,,,,,,80112,"<span lang=""EN-GB"">Suppose
     you want to a view a text message
     when you are walking with a very close friend on a street<o:p></o:p></span>"
11/5/2018 18:18,11/5/2018 18:21,0,73.109.82.205,100,167,1,11/5/2018 18:21,R_SHnE0apmUaL64Zb,,,,,47.22799683,-122.5395966,anonymous,EN,"1,2,4","1,2,5",,1,,"1,2,3",,1,,1,,"2,3",2,,5,,1,"2,4",,2,,3,,2,,1,,4,,,,,,,,,,,,,,,,,,,,,,,,,,,,,,,,,,,,,,,,,,,,,,,,,,,,,,,,,,,,,,,,,,,,,,,,,,,,,,,,,,,,,,,,,,,,,,,,,,,,,,,,,,,,,,,,,,,,,,,,,,,,,,,,,,,,,,,,,,,,,,,,,,,,,,,,,,,,,,,,,,,,,,,,,,,,,,,,,,,,,,,,90269,"<span lang=""EN-GB"">Suppose
     you want to listen to some audio when you are at home with people you are
     close to (e.g., friends, family members).<strong><o:p></o:p></strong></span>"
11/5/2018 18:29,11/5/2018 18:29,0,69.174.140.113,100,16,1,11/5/2018 18:29,R_1hEWs85EvtvQLzO,,,,,40.32279968,-86.88809967,anonymous,EN,"2,3",,,,,,,,,,,,,,,,,,,,,,,,,,,,,,,,,,,,,,,,,,,,,,,,,,,,,,,,,,,,,,,,,,,,,,,,,,,,,,,,,,,,,,,,,,,,,,,,,,,,,,,,,,,,,,,,,,,,,,,,,,,,,,,,,,,,,,,,,,,,,,,,,,,,,,,,,,,,,,,,,,,,,,,,,,,,,,,,,,,,,,,,,,,,,,,,,,,,,,,,,,,,,,,,,,,5572,"<span lang=""EN-GB"">Suppose
     you are at starbucks and you realize today is the last day to pay one of
     your bills online.<o:p></o:p></span>"
11/5/2018 18:30,11/5/2018 18:32,0,181.64.36.217,100,77,1,11/5/2018 18:32,R_29nsVDX4RGtBDOt,,,,,-12.05000305,-77.05000305,anonymous,EN,"1,2,3,4",2,,1,,"1,4",,1,,2,,2,1,,2,,3,4,,1,,3,,3,,2,,1,,,,,,,,,,,,,,,,,,,,,,,,,,,,,,,,,,,,,,,,,,,,,,,,,,,,,,,,,,,,,,,,,,,,,,,,,,,,,,,,,,,,,,,,,,,,,,,,,,,,,,,,,,,,,,,,,,,,,,,,,,,,,,,,,,,,,,,,,,,,,,,,,,,,,,,,,,,,,,,,,,,,,,,,,,,,,,,,,,,,,,,,52106,"<span lang=""EN-GB"">Suppose
     you want to set up a reminder about something when you are at Starbucks by
     yourself.<o:p></o:p></span>"
10/29/2018 19:11,10/29/2018 19:49,0,98.244.68.189,78,2284,0,11/5/2018 18:49,R_3R3Gt5SkQK7JX2U,,,,,,,anonymous,EN,"1,2,3,4",,,,,,,,,,,,,,,,,,,,,,,,,,,,,,,,,,,,,,,,,,,,,,,,,,,,,,,,,,,,,,,,,,,,,,,,,,,,,,,,,,,,,,,,,,,,,,,,,,,,,,,,,,,,,,,,,,,,,,,,,,,,,,,,,,,,,,,,,,,,,,,,,,,,,,,,,,,,,,,,,,,,,,,,,,,,,,,,,,,,,,,,,,,,,,,,,,,,,,,,,,,,,,,,,,,82125,"<span lang=""EN-GB"">Suppose you are at Starbucks with your close friends and you realize today is the last day to pay one of your bills online.<o:p></o:p></span>"
11/5/2018 18:49,11/5/2018 18:50,0,172.82.162.82,100,35,1,11/5/2018 18:50,R_3j8SyPPoQJ7cBj0,,,,,34.0493927,-118.2640991,anonymous,EN,"1,3",,,,,,,,,,,,,,,,,,,,,,,,,,,,,,,,,,,,,,,,,,,,,,,,,,,,,,,,,,,,,,,,,,,,,,,,,,,,,,,,,,,,,,,,,,,,,,,,,,,,,,,,,,,,,,,,,,,,,,,,,,,,,,,,,,,,,,,,,,,,,,,,,,,,,,,,,,,,,,,,,,,,,,,,,,,,,,,,,,,,,,,,,,,,,,,,,,,,,,,,,,,,,,,,,,,5388,"<span lang=""EN-GB"">Suppose you are at a coffee shop, you have just read a book you loved and now&nbsp;</span>you want to write a review for it to share with your close family and friends."
11/5/2018 18:50,11/5/2018 18:53,0,96.231.32.39,100,176,1,11/5/2018 18:53,R_3hipZ1jiszHgSjX,,,,,39.04550171,-76.92420197,anonymous,EN,"2,3,5",3,,3,,1,,1,,3,,4,2,,1,,4,3,,2,,1,,2,,2,,1,,"2,3",,,,,,,,,,,,,,,,,,,,,,,,,,,,,,2,,2,,1,,1,,1,,1,1,,3,,2,,2,,1,,1,,1,,1,,1,,2,,3,,3,,1,,2,,2,3,,2,,2,,4,,3,,2,,3,,2,,2,,,,,,,,,,,,,,,,,,,,,,,,,,,,,,,,,,,,,,,,,,,,,,,,,,,,,,,,,,,,,,,,,,,,,,,,,,,,,,,,,,,,,,,,,,,,,,,,3314,"<span lang=""EN-GB"">Suppose
     you want to a send an email when you are with a very close friend at a
     restaurant&nbsp;<o:p></o:p></span>"
11/3/2018 14:37,11/5/2018 18:56,0,97.70.114.73,100,191954,1,11/5/2018 18:56,R_24enfhGB4MiDve3,,,,,42.46560669,-83.36380005,anonymous,EN,"1,2,3,4,6",2,,2,,2,,1,,1,,1,3,,2,,2,2,,3,,"1,3",,2,,2,,2,,,,,,,,,,,,,,,,,,,,,,,,,,,,,,,,,,,,,,,,,,,,,,,,,,,,,,,,,,,,,,,,,,,,,,,,,,,,,,,,,,,,,,,,,,,,,,,,,,,,,,,,,,,,,,,,,,,,,,,,,,,,,,,,,,,,,,,,,,,,,,,,,,,,,,,,,,,,,,,,,,,,,,,,,,,,,,,,,,,,,,,,15378,"<span lang=""EN-GB"">Suppose
     you want to read a digital document) when you are at home with people you
     know (e.g., acquaintances, colleagues).<o:p></o:p></span>"
11/5/2018 19:02,11/5/2018 19:02,0,35.138.42.1,100,15,1,11/5/2018 19:02,R_27v2S9v8xSrY5Sl,,,,,27.89250183,-82.24299622,anonymous,EN,3,,,,,,,,,,,,,,,,,,,,,,,,,,,,,,,,,,,,,,,,,,,,,,,,,,,,,,,,,,,,,,,,,,,,,,,,,,,,,,,,,,,,,,,,,,,,,,,,,,,,,,,,,,,,,,,,,,,,,,,,,,,,,,,,,,,,,,,,,,,,,,,,,,,,,,,,,,,,,,,,,,,,,,,,,,,,,,,,,,,,,,,,,,,,,,,,,,,,,,,,,,,,,,,,,,,32379,"<span lang=""EN-GB"">Suppose you are at a park with some people you know (e.g., acquaintances, colleagues) when you realize that you have to immediately pay one of your bills online.<o:p></o:p></span>"
11/5/2018 18:59,11/5/2018 19:04,0,73.57.232.109,100,264,1,11/5/2018 19:04,R_2TC5NMd7K048UFH,,,,,27.26249695,-80.37930298,anonymous,EN,"1,2,6",2,,"1,2",,"1,2,3,4,5",local spots shortcut,1,,1,,"2,3","1,2,3",,"1,2,3",,3,"1,2,3,4",,"1,2,3",,"2,3,4",,"1,2,3",,2,,2,,,,,,,,,,,,,,,,,,,,,,,,,,,,,,,,,,,,,,,,,,,,,,,,,,,,,,,,,,,,,,,,,,,,,,,,,,,,,,,,,,,,,,,,,,,,,,,,,,,,,,,,,,,,,,,,,,,,,,,,,,,,,,,,,,,,,,,,,,,,,,,,,,,,,,,,,,,,,,,,,,,,,,,,,,,,,,,,,,,,,,,,77757,"Suppose you want to find a route to a coffee shop
     when you are at home with your by your colleagues<o:p></o:p>"
11/5/2018 19:06,11/5/2018 19:07,0,174.230.163.73,100,48,1,11/5/2018 19:07,R_QmE63AEnciQl8e5,,,,,42.88020325,-85.53520203,anonymous,EN,"1,2",,,,,,,,,,,,,,,,,,,,,,,,,,,,,,,,,,,,,,,,,,,,,,,,,,,,,,,,,,,,,,,,,,,,,,,,,,,,,,,,,,,,,,,,,,,,,,,,,,,,,,,,,,,,,,,,,,,,,,,,,,,,,,,,,,,,,,,,,,,,,,,,,,,,,,,,,,,,,,,,,,,,,,,,,,,,,,,,,,,,,,,,,,,,,,,,,,,,,,,,,,,,,,,,,,,22878,"<span lang=""EN-GB"">Suppose you have planned to meet a friend next week and you want to put this on your calendar when you are alone at a park<o:p></o:p></span>"
11/5/2018 18:48,11/5/2018 19:08,0,24.251.87.43,100,1242,1,11/5/2018 19:08,R_21aieRPVOzO7sHQ,,,,,33.49130249,-112.2468033,anonymous,EN,"1,2,3,4,5,6","1,3,4",,1,,2,,1,,4,,3,3,,3,,"2,3",2,,2,,"1,3",,2,,"1,2",,2,,,,,,,,,,,,,,,,,,,,,,,,,,,,,,,,,,,,,,,,,,,,,,,,,,,,,,,,,,,,,,,,,,,,,,,,,,,,,,,,,,,,,,,,,,,,,,,,,,,,,,,,,,,,,,,,,,,,,,,,,,,,,,,,,,,,,,,,,,,,,,,,,,,,,,,,,,,,,,,,,,,,,,,,,,,,,,,,,,,,,,,,83911,"<span lang=""EN-GB"">Suppose you want to a view a text message when you are alone at a street.<o:p></o:p></span>"
11/5/2018 19:12,11/5/2018 19:15,0,131.93.158.122,100,161,1,11/5/2018 19:15,R_2to2zkATxaGmNiD,,,,,46.46380615,-90.15879822,anonymous,EN,"1,2,5",7,,1,,1,,3,,6,,1,5,,5,,4,6,,5,,3,,2,,5,,1,,,,,,,,,,,,,,,,,,,,,,,,,,,,,,,,,,,,,,,,,,,,,,,,,,,,,,,,,,,,,,,,,,,,,,,,,,,,,,,,,,,,,,,,,,,,,,,,,,,,,,,,,,,,,,,,,,,,,,,,,,,,,,,,,,,,,,,,,,,,,,,,,,,,,,,,,,,,,,,,,,,,,,,,,,,,,,,,,,,,,,,,7076,"<span lang=""EN-GB"">Suppose you want to read a digital document when you are in a park surrounded by your close friends.<o:p></o:p></span>"
10/29/2018 20:06,10/29/2018 20:16,0,185.244.215.227,88,632,0,11/5/2018 19:17,R_1joBcImbJ64xR8T,,,,,,,anonymous,EN,"1,2,3,4,6",1,,1,,1,,1,,1,,1,2,,2,,1,1,,2,,1,,2,,1,,1,,"1,2,3,4",,,,,,,,,,,,,,,,,,,,,,,,,,,,,,1,,1,,1,,1,,1,,2,1,,1,,1,,4,,1,,2,,1,,1,,2,,,,,,,,,,,,,,,,,,,,,,,,,,,,,,,,,,,,,,,,,,,,,,,,,,,,,,,,,,,,,,,,,,,,,,,,,,,,,,,,,,,,,,,,,,,,,,,,,,,,,,,,,,,,,,,,,,,,,,,,,,,,,49549,"<span lang=""EN-GB"">Suppose
     you want to listen to some audio when you are at home with people you are
     close to (e.g., friends, family members).<strong><o:p></o:p></strong></span>"
11/5/2018 19:32,11/5/2018 19:39,0,76.120.34.122,100,371,1,11/5/2018 19:39,R_2ToX47ncfdqotPq,,,,,38.90499878,-104.6981964,anonymous,EN,"1,2,3,4,5","1,2",,5,,"1,3,4",,1,,1,,3,"2,3",,2,,3,"1,2",,2,,"1,3,6",,"2,3",,1,,4,,,,,,,,,,,,,,,,,,,,,,,,,,,,,,,,,,,,,,,,,,,,,,,,,,,,,,,,,,,,,,,,,,,,,,,,,,,,,,,,,,,,,,,,,,,,,,,,,,,,,,,,,,,,,,,,,,,,,,,,,,,,,,,,,,,,,,,,,,,,,,,,,,,,,,,,,,,,,,,,,,,,,,,,,,,,,,,,,,,,,,,,61910,"<span lang=""EN-GB"">Suppose
     you want to a view a text message
     when you are walking with a very close friend on a street<o:p></o:p></span>"
10/29/2018 20:43,10/29/2018 20:44,0,64.33.96.161,78,43,0,11/5/2018 19:44,R_2EFT2tAy7EXXOYx,,,,,,,anonymous,EN,"1,2,4,5,6",,,,,,,,,,,,,,,,,,,,,,,,,,,,,,,,,,,,,,,,,,,,,,,,,,,,,,,,,,,,,,,,,,,,,,,,,,,,,,,,,,,,,,,,,,,,,,,,,,,,,,,,,,,,,,,,,,,,,,,,,,,,,,,,,,,,,,,,,,,,,,,,,,,,,,,,,,,,,,,,,,,,,,,,,,,,,,,,,,,,,,,,,,,,,,,,,,,,,,,,,,,,,,,,,,,64792,"<span lang=""EN-GB"">Suppose
     you want to watch some video when you are with people you know (e.g.,
     acquaintances, colleagues) in a park.<o:p></o:p></span>"
11/5/2018 19:43,11/5/2018 19:46,0,107.77.215.168,100,178,1,11/5/2018 19:46,R_yx2hzrKTURRxS9P,,,,,28.51400757,-81.35700226,anonymous,EN,"1,4,5","3,5",,2,,"2,4",,1,,"1,3,4",,2,2,,"1,2",,2,"2,4",,"1,3",,"2,6",,5,,3,,1,,,,,,,,,,,,,,,,,,,,,,,,,,,,,,,,,,,,,,,,,,,,,,,,,,,,,,,,,,,,,,,,,,,,,,,,,,,,,,,,,,,,,,,,,,,,,,,,,,,,,,,,,,,,,,,,,,,,,,,,,,,,,,,,,,,,,,,,,,,,,,,,,,,,,,,,,,,,,,,,,,,,,,,,,,,,,,,,,,,,,,,,29476,"Suppose you are alone at home, you want to take a break from studying/working&nbsp;<p>so you decide to play a video game with some with some people you know (e.g., acquaintances, colleagues).<o:p></o:p></p>"
11/5/2018 19:50,11/5/2018 19:55,0,103.104.17.24,100,283,1,11/5/2018 19:55,R_38WggpIXFNmYSe5,,,,,10.2447052,123.8493958,anonymous,EN,"1,2,4","2,5",,1,,1,,1,,1,,1,1,,1,,1,1,,1,,1,,1,,1,,2,,2,,,,,,,,,,,,,,,,,,,,,,,,,,,,,,"1,2",,1,,1,,1,,1,,1,1,,1,,1,,1,,1,,1,,1,,1,,2,,,,,,,,,,,,,,,,,,,,,,,,,,,,,,,,,,,,,,,,,,,,,,,,,,,,,,,,,,,,,,,,,,,,,,,,,,,,,,,,,,,,,,,,,,,,,,,,,,,,,,,,,,,,,,,,,,,,,,male,28,financial specialist,5,5,,3,24300,"<span lang=""EN-GB"">Suppose you want to take a click a photo when you are with your close friends&nbsp;</span>and family members at Starbucks"
11/5/2018 19:41,11/5/2018 19:55,0,47.156.7.6,100,791,1,11/5/2018 19:55,R_4T4zkiav1JZ9L45,,,,,34.209198,-118.8739014,anonymous,EN,"1,2,3","4,5",,5,,1,,3,,1,,1,1,,"1,2",,4,6,,3,,"1,2,3",,5,,1,,"1,2",,,,,,,,,,,,,,,,,,,,,,,,,,,,,,,,,,,,,,,,,,,,,,,,,,,,,,,,,,,,,,,,,,,,,,,,,,,,,,,,,,,,,,,,,,,,,,,,,,,,,,,,,,,,,,,,,,,,,,,,,,,,,,,,,,,,,,,,,,,,,,,,,,,,,,,,,,,,,,,,,,,,,,,,,,,,,,,,,,,,,,,,8341,"<span lang=""EN-GB"">Suppose you have planned to meet a friend next week and you want to put this on your calendar when you are surrounded by people you know (e.g., acquaintances, colleagues) at a restaurant.<o:p></o:p></span>"
10/29/2018 21:05,10/29/2018 21:08,0,72.218.65.216,88,179,0,11/5/2018 20:08,R_3ISHkesllNCJfTK,,,,,,,anonymous,EN,"1,2,3,4,5,6","2,5",,1,,"1,3",,1,,3,,"2,3","1,2",,2,,"2,3","2,3",,"1,2",,"1,3",,"1,2",,"1,2,3",,2,,"1,2",,,,,,,,,,,,,,,,,,,,,,,,,,,,,,,,,,,,,,,,,,,,,,,,,,,,,,,,,,,,,,,,,,,,,,,,,,,,,,,,,,,,,,,,,,,,,,,,,,,,,,,,,,,,,,,,,,,,,,,,,,,,,,,,,,,,,,,,,,,,,,,,,,,,,,,,,,,,,,,,,,,,,,,,,,,,,,,,,,,,,,2059,"<span lang=""EN-GB"">Suppose
     you want to a view a text message when you are surrounded with people you
     are close to (e.g., friends, family members) at your home.<strong><o:p></o:p></strong></span>"
11/5/2018 20:11,11/5/2018 20:12,0,76.173.70.38,100,19,1,11/5/2018 20:12,R_2WMBJiRWJIYfour,,,,,21.43519592,-158.1781006,anonymous,EN,"1,2",,,,,,,,,,,,,,,,,,,,,,,,,,,,,,,,,,,,,,,,,,,,,,,,,,,,,,,,,,,,,,,,,,,,,,,,,,,,,,,,,,,,,,,,,,,,,,,,,,,,,,,,,,,,,,,,,,,,,,,,,,,,,,,,,,,,,,,,,,,,,,,,,,,,,,,,,,,,,,,,,,,,,,,,,,,,,,,,,,,,,,,,,,,,,,,,,,,,,,,,,,,,,,,,,,,98836,"<span lang=""EN-GB"" style=""font-size:11.0pt;line-height:115%;
font-family:&quot;Arial&quot;,sans-serif;mso-fareast-font-family:Arial;mso-ansi-language:
EN-GB;mso-fareast-language:EN-US;mso-bidi-language:AR-SA"">Suppose you want to check your social media when you are alone in a park.</span>"
11/5/2018 20:15,11/5/2018 20:20,0,69.29.118.56,100,308,1,11/5/2018 20:20,R_wTdmmpdgWCDEmWd,,,,,34.88540649,-89.67630005,anonymous,EN,"1,2,3,4,5,6",2,,3,,3,,1,,1,,3,3,,3,,1,1,,2,,1,,2,,1,,2,,,,,,,,,,,,,,,,,,,,,,,,,,,,,,,,,,,,,,,,,,,,,,,,,,,,,,,,,,,,,,,,,,,,,,,,,,,,,,,,,,,,,,,,,,,,,,,,,,,,,,,,,,,,,,,,,,,,,,,,,,,,,,,,,,,,,,,,,,,,,,,,,,,,,,,,,,,,,,,,,,,,,,,,,,,,,,,,,,,,,,,,26078,"<span lang=""EN-GB"">Suppose
     you want to a send a text message when you are surrounded by people you
     know (e.g., acquaintances, colleagues) at your home.<o:p></o:p></span>"
11/5/2018 20:23,11/5/2018 20:30,0,184.21.134.26,100,396,1,11/5/2018 20:30,R_3LhTosDiq3igye2,,,,,34.4367981,-85.71240234,anonymous,EN,"1,2,3",2,,5,,2,,3,,1,,2,5,,5,,3,3,,5,,6,,5,,5,,4,,,,,,,,,,,,,,,,,,,,,,,,,,,,,,,,,,,,,,,,,,,,,,,,,,,,,,,,,,,,,,,,,,,,,,,,,,,,,,,,,,,,,,,,,,,,,,,,,,,,,,,,,,,,,,,,,,,,,,,,,,,,,,,,,,,,,,,,,,,,,,,,,,,,,,,,,,,,,,,,,,,,,,,,,,,,,,,,,,,,,,,,12243,"<span lang=""EN-GB"">Suppose
     you want to set up a reminder about something when you are with people you
     know (e.g., acquaintances, colleagues) at Starbucks.<o:p></o:p></span>"
11/5/2018 20:31,11/5/2018 20:32,0,216.107.42.227,100,17,1,11/5/2018 20:32,R_1gIx1ep8jqCtQGl,,,,,37.75100708,-97.8219986,anonymous,EN,1,,,,,,,,,,,,,,,,,,,,,,,,,,,,,,,,,,,,,,,,,,,,,,,,,,,,,,,,,,,,,,,,,,,,,,,,,,,,,,,,,,,,,,,,,,,,,,,,,,,,,,,,,,,,,,,,,,,,,,,,,,,,,,,,,,,,,,,,,,,,,,,,,,,,,,,,,,,,,,,,,,,,,,,,,,,,,,,,,,,,,,,,,,,,,,,,,,,,,,,,,,,,,,,,,,,54130,"<span lang=""EN-GB"">Suppose you are alone at home, you want to take a break from studying/working&nbsp;</span>so you decide to play an online/digital game."
11/5/2018 20:38,11/5/2018 20:38,0,72.89.57.210,100,23,1,11/5/2018 20:38,R_2QS8BkBGk6otDOT,,,,,40.6006012,-73.75800323,anonymous,EN,1,,,,,,,,,,,,,,,,,,,,,,,,,,,,,,,,,,,,,,,,,,,,,,,,,,,,,,,,,,,,,,,,,,,,,,,,,,,,,,,,,,,,,,,,,,,,,,,,,,,,,,,,,,,,,,,,,,,,,,,,,,,,,,,,,,,,,,,,,,,,,,,,,,,,,,,,,,,,,,,,,,,,,,,,,,,,,,,,,,,,,,,,,,,,,,,,,,,,,,,,,,,,,,,,,,,96681,"<span lang=""EN-GB"">Suppose you want to browse the internet when you are with people you know (e.g., acquaintances, colleagues) at a restaurant.<o:p></o:p></span>"
10/30/2018 7:07,11/5/2018 20:52,0,67.162.172.207,100,571528,1,11/5/2018 20:52,R_2tmp2lIr33yozcZ,,,,,28.80799866,-81.88580322,anonymous,EN,"1,2,3,4,6","2,5",,1,,1,,3,,1,,2,1,,2,,2,6,,1,,"1,3",,2,,1,,2,,,,,,,,,,,,,,,,,,,,,,,,,,,,,,,,,,,,,,,,,,,,,,,,,,,,,,,,,,,,,,,,,,,,,,,,,,,,,,,,,,,,,,,,,,,,,,,,,,,,,,,,,,,,,,,,,,,,,,,,,,,,,,,,,,,,,,,,,,,,,,,,,,,,,,,,,,,,,,,,,,,,,,,,,,,,,,,,,,,,,,,,78634,"<span lang=""EN-GB"">Suppose
     you want to purchase something (e.g., book, household items) online when
     you are with your close friends at a park.<o:p></o:p></span>"
10/29/2018 21:50,10/29/2018 21:57,0,76.253.189.177,88,375,0,11/5/2018 20:57,R_yxyjsSrMmN69QNX,,,,,,,anonymous,EN,"1,2,3,4,5","1,2,5",,3,,"1,2",,1,,1,,3,"1,2",,1,,3,6,,1,,3,,1,,"1,3",,"1,2",,2,,,,,,,,,,,,,,,,,,,,,,,,,,,,,,,,,,,,,,,,,,,,,,,,,,,,,,,,,,,,,,,,,,,,,,,,,,,,,,,,,,,,,,,,,,,,,,,,,,,,,,,,,,,,,,,,,,,,,,,,,,,,,,,,,,,,,,,,,,,,,,,,,,,,,,,,,,,,,,,,,,,,,,,,,,,,,,,,,,,,,,56896,"<span lang=""EN-GB"">Suppose
     you want to a send a text message when you with people you know (e.g., acquaintances,
     colleagues) at a street<strong>.</strong><o:p></o:p></span>"
11/5/2018 20:57,11/5/2018 21:01,0,76.22.149.186,100,248,1,11/5/2018 21:01,R_3q87nYQQtIP5sfe,,,,,36.07600403,-87.39949799,anonymous,EN,"1,2,3,4",2,,1,,1,,1,,1,,1,2,,5,,2,3,,2,,2,,2,,1,,2,,,,,,,,,,,,,,,,,,,,,,,,,,,,,,,,,,,,,,,,,,,,,,,,,,,,,,,,,,,,,,,,,,,,,,,,,,,,,,,,,,,,,,,,,,,,,,,,,,,,,,,,,,,,,,,,,,,,,,,,,,,,,,,,,,,,,,,,,,,,,,,,,,,,,,,,,,,,,,,,,,,,,,,,,,,,,,,,,,,,,,,,64294,"<span lang=""EN-GB"">Suppose
     you want to watch some video when you are alone at Starbucks.<o:p></o:p></span>"
11/5/2018 21:08,11/5/2018 21:11,0,172.77.116.148,100,165,1,11/5/2018 21:11,R_2Ebr1YuZ1J6hFIg,,,,,41.14039612,-81.85839844,anonymous,EN,"1,2,3,4,6","2,3,5",,"1,3",,"1,2",,3,,2,,4,1,,1,,4,3,,5,,7,,5,,2,,1,,"4,6",,,,,,,,,,,,,,,,,,,,,,,,,,,,,,,,,,,,,,,,,,,,,,,,,,,,,,,,,,,,,,,,,,,,,,,,,,,,,,,,,,,,,,,,1,,1,,1,,1,,1,,1,1,,1,,1,,1,,1,,1,,1,,1,,1,,,,,,,,,,,,,,,,,,,,,,,,,,,,,,,2,,1,,1,,3,,1,,1,1,,1,,2,,3,,1,,2,,1,,"1,3",,1,,,,,,,,,4322,"<span lang=""EN-GB"" style=""font-size:11.0pt;line-height:115%;
font-family:&quot;Arial&quot;,sans-serif;mso-fareast-font-family:Arial;mso-ansi-language:
EN-GB;mso-fareast-language:EN-US;mso-bidi-language:AR-SA"">Suppose you want to
take a click a photo when you are at Starbucks.</span>"
11/5/2018 21:14,11/5/2018 21:14,0,98.5.252.172,100,13,1,11/5/2018 21:14,R_2ZKCyi76cgyAb5r,,,,,42.9335022,-78.81150055,anonymous,EN,2,,,,,,,,,,,,,,,,,,,,,,,,,,,,,,,,,,,,,,,,,,,,,,,,,,,,,,,,,,,,,,,,,,,,,,,,,,,,,,,,,,,,,,,,,,,,,,,,,,,,,,,,,,,,,,,,,,,,,,,,,,,,,,,,,,,,,,,,,,,,,,,,,,,,,,,,,,,,,,,,,,,,,,,,,,,,,,,,,,,,,,,,,,,,,,,,,,,,,,,,,,,,,,,,,,,1739,"Suppose you want to purchase something (e.g., book,
     household items) online when you are with people
     you know (e.g., acquaintances, colleagues) at
     Starbucks.<o:p></o:p>"
11/5/2018 21:19,11/5/2018 21:19,0,13.8.123.100,100,10,1,11/5/2018 21:19,R_1M8hdSyiVIVVrH3,,,,,43.21960449,-77.46160126,anonymous,EN,1,,,,,,,,,,,,,,,,,,,,,,,,,,,,,,,,,,,,,,,,,,,,,,,,,,,,,,,,,,,,,,,,,,,,,,,,,,,,,,,,,,,,,,,,,,,,,,,,,,,,,,,,,,,,,,,,,,,,,,,,,,,,,,,,,,,,,,,,,,,,,,,,,,,,,,,,,,,,,,,,,,,,,,,,,,,,,,,,,,,,,,,,,,,,,,,,,,,,,,,,,,,,,,,,,,,95480,"<span lang=""EN-GB"">Suppose you want to browse the internet when you are at home with people you are close to (e.g., friends, family members)<strong><o:p></o:p></strong></span>"
11/5/2018 21:25,11/5/2018 21:26,0,68.8.229.141,100,17,1,11/5/2018 21:26,R_1LpWDzpS4b6bG8A,,,,,32.76069641,-117.0720978,anonymous,EN,"1,2",,,,,,,,,,,,,,,,,,,,,,,,,,,,,,,,,,,,,,,,,,,,,,,,,,,,,,,,,,,,,,,,,,,,,,,,,,,,,,,,,,,,,,,,,,,,,,,,,,,,,,,,,,,,,,,,,,,,,,,,,,,,,,,,,,,,,,,,,,,,,,,,,,,,,,,,,,,,,,,,,,,,,,,,,,,,,,,,,,,,,,,,,,,,,,,,,,,,,,,,,,,,,,,,,,,5720,"<span lang=""EN-GB"">Suppose you want to call your mother for sharing an important
     update about your life when you are surrounded by people you know (e.g.,
     acquaintances, colleagues) at your home.<o:p></o:p></span>"
11/5/2018 21:25,11/5/2018 21:26,0,67.83.76.156,100,48,1,11/5/2018 21:26,R_9Yz9i83dRojdkeB,,,,,40.8085022,-73.9197998,anonymous,EN,1,,,,,,,,,,,,,,,,,,,,,,,,,,,,,,,,,,,,,,,,,,,,,,,,,,,,,,,,,,,,,,,,,,,,,,,,,,,,,,,,,,,,,,,,,,,,,,,,,,,,,,,,,,,,,,,,,,,,,,,,,,,,,,,,,,,,,,,,,,,,,,,,,,,,,,,,,,,,,,,,,,,,,,,,,,,,,,,,,,,,,,,,,,,,,,,,,,,,,,,,,,,,,,,,,,,68352,"<span lang=""EN-GB"">Suppose you are alone at home, you want to take a break from studying/working&nbsp;</span>so you decide to play an online/digital game."
11/5/2018 21:30,11/5/2018 21:33,0,67.191.210.179,100,154,1,11/5/2018 21:33,R_3sAMKZIzS5FogEz,,,,,33.55310059,-84.40029907,anonymous,EN,"1,2,5,6",3,,2,,4,,1,,4,,3,3,,1,,3,3,,2,,4,,2,,1,,1,,2,,,,,,,,,,,,,,,,,,,,,,,,,,,,,,2,,2,,3,,1,,1,,3,2,,2,,1,,2,,2,,2,,1,,1,,1,,,,,,,,,,,,,,,,,,,,,,,,,,,,,,,,,,,,,,,,,,,,,,,,,,,,,,,,,,,,,,,,,,,,,,,,,,,,,,,,,,,,,,,,,,,,,,,,,,,,,,,,,,,,,,,,,,,,,,,,,,,,,87026,"<span lang=""EN-GB"">Suppose you want to a send a text message when you are alone at a street.<o:p></o:p></span>"
11/5/2018 22:14,11/5/2018 22:14,0,24.245.78.230,100,15,1,11/5/2018 22:14,R_STTAd7gTGWO9SwN,,,,,35.32499695,-81.84600067,anonymous,EN,"1,4",,,,,,,,,,,,,,,,,,,,,,,,,,,,,,,,,,,,,,,,,,,,,,,,,,,,,,,,,,,,,,,,,,,,,,,,,,,,,,,,,,,,,,,,,,,,,,,,,,,,,,,,,,,,,,,,,,,,,,,,,,,,,,,,,,,,,,,,,,,,,,,,,,,,,,,,,,,,,,,,,,,,,,,,,,,,,,,,,,,,,,,,,,,,,,,,,,,,,,,,,,,,,,,,,,,56918,"<span lang=""EN-GB"">Suppose
     you are at home with some people you know (e.g., acquaintances,
     colleagues) when you realize today is the last day to pay one of your
     bills online.<o:p></o:p></span>"
10/29/2018 23:24,10/29/2018 23:29,0,96.245.133.9,88,279,0,11/5/2018 22:29,R_2ClE9B8KFnhrOIq,,,,,,,anonymous,EN,"1,2,5","2,4",,1,,"1,3",,3,,1,,3,"1,2,3",,2,,3,"1,3",,"1,2",,6,,"1,2",,1,,"1,2",,"1,2",,,,,,,,,,,,,,,,,,,,,,,,,,,,,,,,,,,,,,,,,,,,,,,,,,,,,,,,,,,,,,,,,,,,,,,,,,,,,,,,,,,,,,,,,,,,,,,,,,,,,,,,,,,,,,,,,,,,,,,,,,,,,,,,,,,,,,,,,,,,,,,,,,,,,,,,,,,,,,,,,,,,,,,,,,,,,,,,,,,,,,61541,"<span lang=""EN-GB"">Suppose you are at a coffee shop, you have just read a book you loved and now&nbsp;</span>you want to write a review for it to share with your close family and friends."
11/5/2018 22:35,11/5/2018 22:37,0,73.121.124.183,100,146,1,11/5/2018 22:37,R_ZmbzBdc1eoPwQ5H,,,,,35.79220581,-83.563797,anonymous,EN,"1,2,4,5","1,2",,2,,1,,3,,2,,2,2,,"1,2",,2,2,,2,,2,,1,,"1,2",,"1,2",,,,,,,,,,,,,,,,,,,,,,,,,,,,,,,,,,,,,,,,,,,,,,,,,,,,,,,,,,,,,,,,,,,,,,,,,,,,,,,,,,,,,,,,,,,,,,,,,,,,,,,,,,,,,,,,,,,,,,,,,,,,,,,,,,,,,,,,,,,,,,,,,,,,,,,,,,,,,,,,,,,,,,,,,,,,,,,,,,,,,,,,78846,"<span lang=""EN-GB"">Suppose you want to browse the internet when you are alone at a restaurant.<o:p></o:p></span>"
11/5/2018 22:41,11/5/2018 22:42,0,72.52.125.65,100,57,1,11/5/2018 22:42,R_3NRpVfGcMN8sqG6,,,,,37.75100708,-97.8219986,anonymous,EN,2,,,,,,,,,,,,,,,,,,,,,,,,,,,,,,,,,,,,,,,,,,,,,,,,,,,,,,,,,,,,,,,,,,,,,,,,,,,,,,,,,,,,,,,,,,,,,,,,,,,,,,,,,,,,,,,,,,,,,,,,,,,,,,,,,,,,,,,,,,,,,,,,,,,,,,,,,,,,,,,,,,,,,,,,,,,,,,,,,,,,,,,,,,,,,,,,,,,,,,,,,,,,,,,,,,,88117,"<span lang=""EN-GB"">Suppose you want to a send an email when you are surrounded with people you are close to (e.g., friends, family members) at your home.<strong><o:p></o:p></strong></span>"
10/29/2018 23:41,10/29/2018 23:44,0,117.195.228.161,78,201,0,11/5/2018 22:44,R_3nxBb2YbhkGO7l3,,,,,,,anonymous,EN,"1,2,3,4,6",,,,,,,,,,,,,,,,,,,,,,,,,,,,,,,,,,,,,,,,,,,,,,,,,,,,,,,,,,,,,,,,,,,,,,,,,,,,,,,,,,,,,,,,,,,,,,,,,,,,,,,,,,,,,,,,,,,,,,,,,,,,,,,,,,,,,,,,,,,,,,,,,,,,,,,,,,,,,,,,,,,,,,,,,,,,,,,,,,,,,,,,,,,,,,,,,,,,,,,,,,,,,,,,,,,13737,"<span lang=""EN-GB"">Suppose you want to browse the internet when you are with people you know (e.g., acquaintances, colleagues) at a park.<o:p></o:p></span>"
11/5/2018 22:49,11/5/2018 22:49,0,76.80.159.26,100,24,1,11/5/2018 22:49,R_W37Fio9zZkWrJHX,,,,,34.06990051,-118.3491974,anonymous,EN,1,,,,,,,,,,,,,,,,,,,,,,,,,,,,,,,,,,,,,,,,,,,,,,,,,,,,,,,,,,,,,,,,,,,,,,,,,,,,,,,,,,,,,,,,,,,,,,,,,,,,,,,,,,,,,,,,,,,,,,,,,,,,,,,,,,,,,,,,,,,,,,,,,,,,,,,,,,,,,,,,,,,,,,,,,,,,,,,,,,,,,,,,,,,,,,,,,,,,,,,,,,,,,,,,,,,52925,"<span lang=""EN-GB"">Suppose
     you want to listen to some audio when you are at home with people you are
     close to (e.g., friends, family members).<strong><o:p></o:p></strong></span>"
11/5/2018 22:53,11/5/2018 22:54,0,73.236.166.76,100,19,1,11/5/2018 22:54,R_3lMnQP8LzaXv4Eu,,,,,40.07780457,-80.97879791,anonymous,EN,2,,,,,,,,,,,,,,,,,,,,,,,,,,,,,,,,,,,,,,,,,,,,,,,,,,,,,,,,,,,,,,,,,,,,,,,,,,,,,,,,,,,,,,,,,,,,,,,,,,,,,,,,,,,,,,,,,,,,,,,,,,,,,,,,,,,,,,,,,,,,,,,,,,,,,,,,,,,,,,,,,,,,,,,,,,,,,,,,,,,,,,,,,,,,,,,,,,,,,,,,,,,,,,,,,,,83366,"<span lang=""EN-GB"">Suppose you are at home with people you are close to (e.g., friends, family members) when you realize today is the last day to pay one of your bills online.<o:p></o:p></span>"
10/29/2018 23:57,10/29/2018 23:57,0,71.231.76.16,1,6,0,11/5/2018 22:57,R_2pQQZtW8MU5hx5s,,,,,,,anonymous,EN,,,,,,,,,,,,,,,,,,,,,,,,,,,,,,,,,,,,,,,,,,,,,,,,,,,,,,,,,,,,,,,,,,,,,,,,,,,,,,,,,,,,,,,,,,,,,,,,,,,,,,,,,,,,,,,,,,,,,,,,,,,,,,,,,,,,,,,,,,,,,,,,,,,,,,,,,,,,,,,,,,,,,,,,,,,,,,,,,,,,,,,,,,,,,,,,,,,,,,,,,,,,,,,,,,,,55736,"<span lang=""EN-GB"">Suppose
     you want to watch some video when you are with people you know (e.g.,
     acquaintances, colleagues) in a park.<o:p></o:p></span>"
11/5/2018 22:56,11/5/2018 22:57,0,67.143.161.8,100,87,1,11/5/2018 22:57,R_23ZYbyZOeM951yQ,,,,,37.75100708,-97.8219986,anonymous,EN,"1,2",,,,,,,,,,,,,,,,,,,,,,,,,,,,,,,,,,,,,,,,,,,,,,,,,,,,,,,,,,,,,,,,,,,,,,,,,,,,,,,,,,,,,,,,,,,,,,,,,,,,,,,,,,,,,,,,,,,,,,,,,,,,,,,,,,,,,,,,,,,,,,,,,,,,,,,,,,,,,,,,,,,,,,,,,,,,,,,,,,,,,,,,,,,,,,,,,,,,,,,,,,,,,,,,,,,46668,"<span lang=""EN-GB"">Suppose you are at work with some people you know (e.g., acquaintances, colleagues) when you realize that you have to immediately pay one of your bills online.<o:p></o:p></span>"
11/6/2018 0:05,11/6/2018 0:05,0,24.255.157.99,100,23,1,11/6/2018 0:05,R_2ErQpeKppTdA5s0,,,,,38.82369995,-97.64209747,anonymous,EN,1,,,,,,,,,,,,,,,,,,,,,,,,,,,,,,,,,,,,,,,,,,,,,,,,,,,,,,,,,,,,,,,,,,,,,,,,,,,,,,,,,,,,,,,,,,,,,,,,,,,,,,,,,,,,,,,,,,,,,,,,,,,,,,,,,,,,,,,,,,,,,,,,,,,,,,,,,,,,,,,,,,,,,,,,,,,,,,,,,,,,,,,,,,,,,,,,,,,,,,,,,,,,,,,,,,,48973,"<span lang=""EN-GB"">Suppose you want to take a click a photo when you are with your close friends&nbsp;</span>and family members at Starbucks"
11/6/2018 0:10,11/6/2018 0:11,0,108.175.202.227,100,18,1,11/6/2018 0:11,R_2wccCHisM8WFdlK,,,,,32.03909302,-81.12419891,anonymous,EN,"2,3",,,,,,,,,,,,,,,,,,,,,,,,,,,,,,,,,,,,,,,,,,,,,,,,,,,,,,,,,,,,,,,,,,,,,,,,,,,,,,,,,,,,,,,,,,,,,,,,,,,,,,,,,,,,,,,,,,,,,,,,,,,,,,,,,,,,,,,,,,,,,,,,,,,,,,,,,,,,,,,,,,,,,,,,,,,,,,,,,,,,,,,,,,,,,,,,,,,,,,,,,,,,,,,,,,,57532,"<span lang=""EN-GB"">Suppose
     you want to watch some video when you are with people you know (e.g.,
     acquaintances, colleagues) in a park.<o:p></o:p></span>"
11/6/2018 0:36,11/6/2018 0:47,0,202.166.215.130,100,664,1,11/6/2018 0:47,R_3h5fAZgZbAEJ3K1,,,,,27.71670532,85.31671143,anonymous,EN,"1,2,3,6","1,2,3",,"1,2",,"1,2,3",,1,,3,,"1,2","1,2,3",,"1,2",,"1,2","1,2,3",,"1,2",,"1,2,3",,"1,2",,"1,2,3",,"1,2",,"2,6",,,,,,,,,,,,,,,,,,,,,,,,,,,,,,"1,2,3",,"1,2",,"1,2",,1,,1,,"1,2","1,3",,"1,2,3",,"1,2",,"1,2,3",,"1,2",,"1,2",,"1,2",,"1,2",,"1,2",,,,,,,,,,,,,,,,,,,,,,,,,,,,,,,,,,,,,,,,,,,,,,,,,,,,,,,,,,,,,,,,,,,,,,,,,,,,,,,,,,,,,,,,,"1,2,3",,"1,2",,"1,2,3",,1,,2,,1,"1,2",,2,,"1,2",,2,,"1,2,3",,"1,2",,"1,2,3",,"1,2",,2,,,,,,,,,98882,"<span lang=""EN-GB"" style=""font-size:11.0pt;line-height:115%;
font-family:&quot;Arial&quot;,sans-serif;mso-fareast-font-family:Arial;mso-ansi-language:
EN-GB;mso-fareast-language:EN-US;mso-bidi-language:AR-SA"">Suppose you want to
take a click a photo when you are at Starbucks.</span>"
11/6/2018 0:34,11/6/2018 0:49,0,98.116.208.64,100,901,1,11/6/2018 0:49,R_u7H1dtLWCrRpAWt,,,,,40.7118988,-73.79440308,anonymous,EN,"1,2,4,6","2,3",,1,,1,,3,,1,,2,"1,2",,2,,3,"1,3",,"1,2",,"1,3,4",,1,,"1,2,3",,4,,,,,,,,,,,,,,,,,,,,,,,,,,,,,,,,,,,,,,,,,,,,,,,,,,,,,,,,,,,,,,,,,,,,,,,,,,,,,,,,,,,,,,,,,,,,,,,,,,,,,,,,,,,,,,,,,,,,,,,,,,,,,,,,,,,,,,,,,,,,,,,,,,,,,,,,,,,,,,,,,,,,,,,,,,,,,,,,,,,,,,,,84478,"<span lang=""EN-GB"">Suppose you want to browse the internet when you are at home with people you know (e.g., acquaintances, colleagues).<o:p></o:p></span>"
11/5/2018 7:03,11/6/2018 0:53,0,41.66.225.156,100,64212,1,11/6/2018 0:53,R_2uKSTNI9bk66LLk,,,,,5.550003052,-0.216705322,anonymous,EN,1,,,,,,,,,,,,,,,,,,,,,,,,,,,,,,,,,,,,,,,,,,,,,,,,,,,,,,,,,,,,,,,,,,,,,,,,,,,,,,,,,,,,,,,,,,,,,,,,,,,,,,,,,,,,,,,,,,,,,,,,,,,,,,,,,,,,,,,,,,,,,,,,,,,,,,,,,,,,,,,,,,,,,,,,,,,,,,,,,,,,,,,,,,,,,,,,,,,,,,,,,,,,,,,,,,,72676,"<span lang=""EN-GB"">Suppose you want to read a digital document when you are in a park surrounded by your close friends.<o:p></o:p></span>"
11/6/2018 2:38,11/6/2018 2:39,0,68.202.175.23,100,21,1,11/6/2018 2:39,R_2waf8WHGzjJe5hE,,,,,29.00579834,-82.18280029,anonymous,EN,"1,2",,,,,,,,,,,,,,,,,,,,,,,,,,,,,,,,,,,,,,,,,,,,,,,,,,,,,,,,,,,,,,,,,,,,,,,,,,,,,,,,,,,,,,,,,,,,,,,,,,,,,,,,,,,,,,,,,,,,,,,,,,,,,,,,,,,,,,,,,,,,,,,,,,,,,,,,,,,,,,,,,,,,,,,,,,,,,,,,,,,,,,,,,,,,,,,,,,,,,,,,,,,,,,,,,,,89174,"<span lang=""EN-GB"">Suppose you want to read a digital document when you are at a park.<o:p></o:p></span>"
10/30/2018 4:36,10/30/2018 4:43,0,99.178.253.71,88,469,0,11/6/2018 3:44,R_2ylxFZnz6uO8wFw,,,,,,,anonymous,EN,"1,2,3","1,2,4,5",,3,,"1,2,3,4",,1,,3,,3,"1,2,3",,"1,2,3",,3,"1,2,3",,"1,2,3",,"1,2,3",,"1,2,3",,"1,2",,4,,"2,3",,,,,,,,,,,,,,,,,,,,,,,,,,,,,,"1,2,5",,3,,"1,2,3,4",,1,,3,,3,"1,2",,"1,2,3",,"1,2,3",,"1,2,3,4",,"1,2,3",,"1,2,3",,"1,2,3",,"1,2",,4,,,,,,,,,,,,,,,,,,,,,,,,,,,,,,,,,,,,,,,,,,,,,,,,,,,,,,,,,,,,,,,,,,,,,,,,,,,,,,,,,,,,,,,,,,,,,,,,,,,,,,,,,,,,,,,,,,,,,,,,,,,,,7541,"Suppose you want to find a route to a coffee shop
     when you are at home with your by your colleagues<o:p></o:p>"
10/30/2018 4:49,10/30/2018 4:50,0,172.126.0.46,78,98,0,11/6/2018 3:51,R_1rMR9sUxm3Wuyjb,,,,,,,anonymous,EN,"1,2,3,4",,,,,,,,,,,,,,,,,,,,,,,,,,,,,,,,,,,,,,,,,,,,,,,,,,,,,,,,,,,,,,,,,,,,,,,,,,,,,,,,,,,,,,,,,,,,,,,,,,,,,,,,,,,,,,,,,,,,,,,,,,,,,,,,,,,,,,,,,,,,,,,,,,,,,,,,,,,,,,,,,,,,,,,,,,,,,,,,,,,,,,,,,,,,,,,,,,,,,,,,,,,,,,,,,,,54819,"<span lang=""EN-GB"">Suppose
     you want to listen to some audio when you are alone at Starbucks.<o:p></o:p></span>"
10/30/2018 4:29,10/30/2018 4:52,0,108.213.128.25,88,1373,0,11/6/2018 3:52,R_3Rq1imKmfQbZl9c,,,,,,,anonymous,EN,"1,3,4","1,2",,2,,"1,2,3",,1,,1,,"2,3",3,,"1,2,3",,"2,3","1,2,3",,"2,3",,"2,3,4",,"2,3",,"1,2,3",,2,,4,,,,,,,,,,,,,,,,,,,,,,,,,,,,,,,,,,,,,,,,,,,,,,,,,,,,,,,,,,,,,,,,,,,,,,,,,,,,,,,,,,,,,,,,,,,,,,,,,,,,,,,,,,,,,,,,,,,,,,,,,,,,,,,,,,,,,,,,,,,,,,,,,,,,,,,,,,,,,,,,,,,,,,,,,,,,,,,,,,,,,,59637,"<span lang=""EN-GB"">Suppose you want to browse the internet when you are alone at a restaurant.<o:p></o:p></span>"
11/6/2018 3:53,11/6/2018 3:54,0,217.77.215.33,100,16,1,11/6/2018 3:54,R_T6Ejk91ChyCZM8V,,,,,46.96589661,31.99740601,anonymous,EN,"1,2",,,,,,,,,,,,,,,,,,,,,,,,,,,,,,,,,,,,,,,,,,,,,,,,,,,,,,,,,,,,,,,,,,,,,,,,,,,,,,,,,,,,,,,,,,,,,,,,,,,,,,,,,,,,,,,,,,,,,,,,,,,,,,,,,,,,,,,,,,,,,,,,,,,,,,,,,,,,,,,,,,,,,,,,,,,,,,,,,,,,,,,,,,,,,,,,,,,,,,,,,,,,,,,,,,,87394,"<span lang=""EN-GB"" style=""font-size:11.0pt;line-height:115%;
font-family:&quot;Arial&quot;,sans-serif;mso-fareast-font-family:Arial;mso-ansi-language:
EN-GB;mso-fareast-language:EN-US;mso-bidi-language:AR-SA"">Suppose you want to browse the internet when you are alone at your home.</span>"
11/6/2018 3:59,11/6/2018 4:00,0,134.0.212.74,100,70,1,11/6/2018 4:00,R_2YRJ3inREIDIuuc,,,,,23.61329651,58.5933075,anonymous,EN,"1,2,3,4","2,3,4",,2,,"1,2,4",,1,,"2,4",,1,1,,5,,3,2,,"2,3",,"1,2,4",,"1,3",,2,,"1,2",,,,,,,,,,,,,,,,,,,,,,,,,,,,,,,,,,,,,,,,,,,,,,,,,,,,,,,,,,,,,,,,,,,,,,,,,,,,,,,,,,,,,,,,,,,,,,,,,,,,,,,,,,,,,,,,,,,,,,,,,,,,,,,,,,,,,,,,,,,,,,,,,,,,,,,,,,,,,,,,,,,,,,,,,,,,,,,,,,,,,,,,94124,"<span lang=""EN-GB"">Suppose
     you want to a send an email when you are surrounded by people you know
     (e.g., acquaintances, colleagues) your home.<o:p></o:p></span>"
10/30/2018 5:20,10/30/2018 5:21,0,71.171.99.75,78,113,0,11/6/2018 4:22,R_1CpXzWLfc19AImB,,,,,,,anonymous,EN,"1,2,3,4,5",,,,,,,,,,,,,,,,,,,,,,,,,,,,,,,,,,,,,,,,,,,,,,,,,,,,,,,,,,,,,,,,,,,,,,,,,,,,,,,,,,,,,,,,,,,,,,,,,,,,,,,,,,,,,,,,,,,,,,,,,,,,,,,,,,,,,,,,,,,,,,,,,,,,,,,,,,,,,,,,,,,,,,,,,,,,,,,,,,,,,,,,,,,,,,,,,,,,,,,,,,,,,,,,,,,73446,"<span lang=""EN-GB"">Suppose
     you are at home with some people you know (e.g., acquaintances,
     colleagues) when you realize today is the last day to pay one of your
     bills online.<o:p></o:p></span>"
11/6/2018 4:39,11/6/2018 4:42,0,75.185.181.160,100,174,1,11/6/2018 4:42,R_1Qnk9nqAJstvCAG,,,,,41.0196991,-81.62120056,anonymous,EN,"1,2,4","2,5",,3,,1,,1,,1,,3,2,,2,,"1,2","2,3",,2,,"3,4",,"2,3",,"1,2",,2,,,,,,,,,,,,,,,,,,,,,,,,,,,,,,,,,,,,,,,,,,,,,,,,,,,,,,,,,,,,,,,,,,,,,,,,,,,,,,,,,,,,,,,,,,,,,,,,,,,,,,,,,,,,,,,,,,,,,,,,,,,,,,,,,,,,,,,,,,,,,,,,,,,,,,,,,,,,,,,,,,,,,,,,,,,,,,,,,,,,,,,,62275,"<span lang=""EN-GB"">Suppose you are at a park with some people you know (e.g., acquaintances, colleagues) when you realize that you have to immediately pay one of your bills online.<o:p></o:p></span>"
11/6/2018 4:50,11/6/2018 4:52,0,80.187.102.104,100,93,1,11/6/2018 4:52,R_3NKf6jAENBqovY9,,,,,50.0144043,8.352203369,anonymous,EN,"1,2,3,4,5,6",2,,2,,2,,3,,1,,4,3,,1,,1,1,,3,,4,,1,,5,,2,,,,,,,,,,,,,,,,,,,,,,,,,,,,,,,,,,,,,,,,,,,,,,,,,,,,,,,,,,,,,,,,,,,,,,,,,,,,,,,,,,,,,,,,,,,,,,,,,,,,,,,,,,,,,,,,,,,,,,,,,,,,,,,,,,,,,,,,,,,,,,,,,,,,,,,,,,,,,,,,,,,,,,,,,,,,,,,,,,,,,,,,48631,"<span lang=""EN-GB"">Suppose you are at a coffee shop, you have just read a book you loved and now&nbsp;</span>you want to write a review for it to share with your close family and friends."
11/6/2018 4:54,11/6/2018 4:54,0,173.91.205.6,100,20,1,11/6/2018 4:54,R_0vrSlckmMtE6y8V,,,,,41.10499573,-80.69450378,anonymous,EN,"1,2",,,,,,,,,,,,,,,,,,,,,,,,,,,,,,,,,,,,,,,,,,,,,,,,,,,,,,,,,,,,,,,,,,,,,,,,,,,,,,,,,,,,,,,,,,,,,,,,,,,,,,,,,,,,,,,,,,,,,,,,,,,,,,,,,,,,,,,,,,,,,,,,,,,,,,,,,,,,,,,,,,,,,,,,,,,,,,,,,,,,,,,,,,,,,,,,,,,,,,,,,,,,,,,,,,,92986,"<span lang=""EN-GB"">Suppose you have planned to meet a friend next week and you want to put this on your calendar when you are surrounded by people you know (e.g., acquaintances, colleagues) at a restaurant.<o:p></o:p></span>"
11/6/2018 5:11,11/6/2018 5:15,0,174.238.13.176,100,244,1,11/6/2018 5:15,R_12mw1oZaXAGqX8t,,,,,32.21270752,-110.8828964,anonymous,EN,"1,2,3,4",2,,1,,"1,2",,1,,1,,4,1,,5,,"2,3","1,2,3",,2,,6,,2,,1,,4,,,,,,,,,,,,,,,,,,,,,,,,,,,,,,,,,,,,,,,,,,,,,,,,,,,,,,,,,,,,,,,,,,,,,,,,,,,,,,,,,,,,,,,,,,,,,,,,,,,,,,,,,,,,,,,,,,,,,,,,,,,,,,,,,,,,,,,,,,,,,,,,,,,,,,,,,,,,,,,,,,,,,,,,,,,,,,,,,,,,,,,,91654,"<span lang=""EN-GB"">Suppose you are at sitting at Starbucks and you want to play a digital/online&nbsp;</span>game."
11/6/2018 5:15,11/6/2018 5:18,0,75.4.60.205,100,183,1,11/6/2018 5:18,R_10NRyzFpEI8XbBm,,,,,36.8164978,-83.41899872,anonymous,EN,"1,2,3,4,5","1,5",,1,,"1,2,3",,1,,1,,4,"1,2,3",,"1,2",,"2,3",1,,"1,2,3",,"1,2,3",,"1,2",,"1,2,3",,"1,2",,,,,,,,,,,,,,,,,,,,,,,,,,,,,,,,,,,,,,,,,,,,,,,,,,,,,,,,,,,,,,,,,,,,,,,,,,,,,,,,,,,,,,,,,,,,,,,,,,,,,,,,,,,,,,,,,,,,,,,,,,,,,,,,,,,,,,,,,,,,,,,,,,,,,,,,,,,,,,,,,,,,,,,,,,,,,,,,,,,,,,,,20702,"<span lang=""EN-GB"">Suppose
     you want to a send a text message when you are surrounded by people you
     know (e.g., acquaintances, colleagues) at your home.<o:p></o:p></span>"
11/6/2018 5:11,11/6/2018 5:19,0,184.56.109.29,100,478,1,11/6/2018 5:19,R_XmNDF1EXK7jMNfH,,,,,42.07629395,-80.06680298,anonymous,EN,"1,2,3",2,,5,,6,,1,,1,,4,5,,2,,4,6,,5,,7,,5,,5,,4,,2,,,,,,,,,,,,,,,,,,,,,,,,,,,,,,7,,1,,6,,1,,2,,4,5,,5,,5,,6,,6,,5,,7,,5,,4,,,,,,,,,,,,,,,,,,,,,,,,,,,,,,,,,,,,,,,,,,,,,,,,,,,,,,,,,,,,,,,,,,,,,,,,,,,,,,,,,,,,,,,,,,,,,,,,,,,,,,,,,,,,,,,,,,,,,,,,,,,,,2088,"<span lang=""EN-GB"">Suppose you are at a park, you have just read a book you loved and now you&nbsp;</span>want to write a review for it to share with people you are close to (e.g., friends, family members)"
11/6/2018 5:14,11/6/2018 5:20,0,99.189.184.91,100,347,1,11/6/2018 5:20,R_1Hdbopjed5cFcu1,,,,,41.38259888,-81.79640198,anonymous,EN,"1,2,4",2,,5,,2,,3,,1,,3,1,,5,,1,4,,2,,3,,2,,5,,4,,,,,,,,,,,,,,,,,,,,,,,,,,,,,,,,,,,,,,,,,,,,,,,,,,,,,,,,,,,,,,,,,,,,,,,,,,,,,,,,,,,,,,,,,,,,,,,,,,,,,,,,,,,,,,,,,,,,,,,,,,,,,,,,,,,,,,,,,,,,,,,,,,,,,,,,,,,,,,,,,,,,,,,,,,,,,,,,,,,,,,,,84880,"<span lang=""EN-GB"">Suppose you want to watch some video when you are alone in a park.<o:p></o:p></span>"
11/6/2018 5:36,11/6/2018 5:38,0,108.51.198.131,100,124,1,11/6/2018 5:38,R_3Eu2hLF5FlwtBU8,,,,,38.96150208,-77.34179688,anonymous,EN,"1,2,3",4,,"2,3",,"1,2,3",,1,,2,,"2,3",2,,"2,3",,"2,3","1,2,4",,1,,"1,2,3",,3,,"1,2,3",,1,,,,,,,,,,,,,,,,,,,,,,,,,,,,,,,,,,,,,,,,,,,,,,,,,,,,,,,,,,,,,,,,,,,,,,,,,,,,,,,,,,,,,,,,,,,,,,,,,,,,,,,,,,,,,,,,,,,,,,,,,,,,,,,,,,,,,,,,,,,,,,,,,,,,,,,,,,,,,,,,,,,,,,,,,,,,,,,,,,,,,,,,22990,"<span lang=""EN-GB"">Suppose
     you want to listen to some audio when you are with your friends at
     Starbucks.<o:p></o:p></span>"
11/6/2018 5:39,11/6/2018 5:39,0,50.32.216.169,100,24,1,11/6/2018 5:39,R_3gRhpNuFV6msruY,,,,,39.89489746,-76.14649963,anonymous,EN,"1,3",,,,,,,,,,,,,,,,,,,,,,,,,,,,,,,,,,,,,,,,,,,,,,,,,,,,,,,,,,,,,,,,,,,,,,,,,,,,,,,,,,,,,,,,,,,,,,,,,,,,,,,,,,,,,,,,,,,,,,,,,,,,,,,,,,,,,,,,,,,,,,,,,,,,,,,,,,,,,,,,,,,,,,,,,,,,,,,,,,,,,,,,,,,,,,,,,,,,,,,,,,,,,,,,,,,25273,"<span lang=""EN-GB"">Suppose
     you want to listen to some audio when you are alone at your home.<strong><o:p></o:p></strong></span>"
10/29/2018 10:05,10/30/2018 6:45,0,100.35.97.44,88,74383,0,11/6/2018 5:46,R_2QJy7rAHtxtKZyY,,,,,,,anonymous,EN,"1,2,3,4,5,6","2,5",,1,,3,,3,,1,,1,"1,2",,2,,1,3,,2,,3,,2,,"2,3",,1,,"1,2,3,4,5,6",,,,,,,,,,,,,,,,,,,,,,,,,,,,,,"2,5",,1,,3,,1,,1,,"1,2,3",5,,"2,3",,"2,3",,3,,3,,2,,3,,5,,4,,"2,5",,5,,3,,3,,1,,"2,3",5,,2,,2,,"2,3",,"2,3",,2,,"2,3",,5,,4,,,,,,,,,,,,,,,,,,,,,,,,,,,,,,,,,,,,,,,,,,,,,,,,,,,,,,,,,,,,,,,,,,,,,,,,,,,,,,,,,,,,,,,,,,,,,,,,65915,"<span lang=""EN-GB"">Suppose you are at a coffee shop, you have just read a book you loved and now&nbsp;</span>you want to write a review for it to share with your close family and friends."
10/30/2018 6:45,10/30/2018 6:48,0,42.106.12.160,78,197,0,11/6/2018 5:49,R_bd5oJ4cyqPdZGYF,,,,,,,anonymous,EN,"1,2,3,5,6",,,,,,,,,,,,,,,,,,,,,,,,,,,,,,,,,,,,,,,,,,,,,,,,,,,,,,,,,,,,,,,,,,,,,,,,,,,,,,,,,,,,,,,,,,,,,,,,,,,,,,,,,,,,,,,,,,,,,,,,,,,,,,,,,,,,,,,,,,,,,,,,,,,,,,,,,,,,,,,,,,,,,,,,,,,,,,,,,,,,,,,,,,,,,,,,,,,,,,,,,,,,,,,,,,,58017,"<span lang=""EN-GB"" style=""font-size:11.0pt;line-height:115%;
font-family:&quot;Arial&quot;,sans-serif;mso-fareast-font-family:Arial;mso-ansi-language:
EN-GB;mso-fareast-language:EN-US;mso-bidi-language:AR-SA"">Suppose you want to a
view a text message when you are alone at home</span>"
10/30/2018 6:45,10/30/2018 6:49,0,24.158.191.7,78,239,0,11/6/2018 5:49,R_3qmrp7RtleM8N61,,,,,,,anonymous,EN,"1,2,4",,,,,,,,,,,,,,,,,,,,,,,,,,,,,,,,,,,,,,,,,,,,,,,,,,,,,,,,,,,,,,,,,,,,,,,,,,,,,,,,,,,,,,,,,,,,,,,,,,,,,,,,,,,,,,,,,,,,,,,,,,,,,,,,,,,,,,,,,,,,,,,,,,,,,,,,,,,,,,,,,,,,,,,,,,,,,,,,,,,,,,,,,,,,,,,,,,,,,,,,,,,,,,,,,,,87564,"<span lang=""EN-GB"">Suppose you want to watch some video when you are with your close friends at Starbucks.<o:p></o:p></span>"
10/30/2018 6:49,10/30/2018 6:50,0,152.160.190.44,78,40,0,11/6/2018 5:50,R_210slVr0mNlnqr7,,,,,,,anonymous,EN,"1,2,3,4,5,6",,,,,,,,,,,,,,,,,,,,,,,,,,,,,,,,,,,,,,,,,,,,,,,,,,,,,,,,,,,,,,,,,,,,,,,,,,,,,,,,,,,,,,,,,,,,,,,,,,,,,,,,,,,,,,,,,,,,,,,,,,,,,,,,,,,,,,,,,,,,,,,,,,,,,,,,,,,,,,,,,,,,,,,,,,,,,,,,,,,,,,,,,,,,,,,,,,,,,,,,,,,,,,,,,,,45872,"<span lang=""EN-GB"">Suppose
     you want to purchase something online when you are with people you know
     (e.g., acquaintances, colleagues) at your home.<o:p></o:p></span>"
10/28/2018 9:25,10/30/2018 6:56,0,96.230.114.121,88,163876,0,11/6/2018 5:56,R_3NUt4Gi3o9ebiu9,,,,,,,anonymous,EN,"1,2,3","1,2,4,5",,1,,"1,2,3",,3,,"2,3",,3,"1,2",,"1,2,3",,3,"1,2,3",,"1,2,3",,"3,6",,"1,2,3",,"1,2,3",,"1,2",,"1,2",,,,,,,,,,,,,,,,,,,,,,,,,,,,,,,,,,,,,,,,,,,,,,,,,,,,,,,,,,,,,,,,,,,,,,,,,,,,,,,,,,,,,,,,,,,,,,,,,,,,,,,,,,,,,,,,,,,,,,,,,,,,,,,,,,,,,,,,,,,,,,,,,,,,,,,,,,,,,,,,,,,,,,,,,,,,,,,,,,,,,,47650,"<span lang=""EN-GB"">Suppose
     you want to set up a reminder when you are at a park by yourself.<o:p></o:p></span>"
10/30/2018 6:55,10/30/2018 6:58,0,12.36.230.58,78,157,0,11/6/2018 5:58,R_1JRSJ4xMimqMwuI,,,,,,,anonymous,EN,"1,2,3,4",,,,,,,,,,,,,,,,,,,,,,,,,,,,,,,,,,,,,,,,,,,,,,,,,,,,,,,,,,,,,,,,,,,,,,,,,,,,,,,,,,,,,,,,,,,,,,,,,,,,,,,,,,,,,,,,,,,,,,,,,,,,,,,,,,,,,,,,,,,,,,,,,,,,,,,,,,,,,,,,,,,,,,,,,,,,,,,,,,,,,,,,,,,,,,,,,,,,,,,,,,,,,,,,,,,72485,"<span lang=""EN-GB"">Suppose you want to browse the internet when you are at home with people you are close to (e.g., friends, family members)<strong><o:p></o:p></strong></span>"
10/30/2018 6:56,10/30/2018 6:59,0,68.231.178.131,78,199,0,11/6/2018 5:59,R_3EEyQb1lOLEIP11,,,,,,,anonymous,EN,"1,2,3",,,,,,,,,,,,,,,,,,,,,,,,,,,,,,,,,,,,,,,,,,,,,,,,,,,,,,,,,,,,,,,,,,,,,,,,,,,,,,,,,,,,,,,,,,,,,,,,,,,,,,,,,,,,,,,,,,,,,,,,,,,,,,,,,,,,,,,,,,,,,,,,,,,,,,,,,,,,,,,,,,,,,,,,,,,,,,,,,,,,,,,,,,,,,,,,,,,,,,,,,,,,,,,,,,,59741,"<span lang=""EN-GB"">Suppose
     you are at starbucks and you realize today is the last day to pay one of
     your bills online.<o:p></o:p></span>"
10/30/2018 7:02,10/30/2018 7:03,0,174.83.29.150,78,67,0,11/6/2018 6:03,R_8q7XRxmzTsCak5b,,,,,,,anonymous,EN,"1,3,4",,,,,,,,,,,,,,,,,,,,,,,,,,,,,,,,,,,,,,,,,,,,,,,,,,,,,,,,,,,,,,,,,,,,,,,,,,,,,,,,,,,,,,,,,,,,,,,,,,,,,,,,,,,,,,,,,,,,,,,,,,,,,,,,,,,,,,,,,,,,,,,,,,,,,,,,,,,,,,,,,,,,,,,,,,,,,,,,,,,,,,,,,,,,,,,,,,,,,,,,,,,,,,,,,,,77171,"<span lang=""EN-GB"">Suppose you want to browse the internet when you are at home with people you know (e.g., acquaintances, colleagues).<o:p></o:p></span>"
10/30/2018 6:58,10/30/2018 7:04,0,100.35.97.44,78,419,0,11/6/2018 6:05,R_3qBXIvwvxRFFykg,,,,,,,anonymous,EN,"1,2,4,5",,,,,,,,,,,,,,,,,,,,,,,,,,,,,,,,,,,,,,,,,,,,,,,,,,,,,,,,,,,,,,,,,,,,,,,,,,,,,,,,,,,,,,,,,,,,,,,,,,,,,,,,,,,,,,,,,,,,,,,,,,,,,,,,,,,,,,,,,,,,,,,,,,,,,,,,,,,,,,,,,,,,,,,,,,,,,,,,,,,,,,,,,,,,,,,,,,,,,,,,,,,,,,,,,,,34252,"<span lang=""EN-GB"">Suppose you are alone at home, you want to take a break from studying/working&nbsp;</span>so you decide to play an online/digital game with some close friends ."
10/30/2018 7:04,10/30/2018 7:04,0,66.38.28.100,1,12,0,11/6/2018 6:05,R_2zjB8iBXK1lM8dj,,,,,,,anonymous,EN,,,,,,,,,,,,,,,,,,,,,,,,,,,,,,,,,,,,,,,,,,,,,,,,,,,,,,,,,,,,,,,,,,,,,,,,,,,,,,,,,,,,,,,,,,,,,,,,,,,,,,,,,,,,,,,,,,,,,,,,,,,,,,,,,,,,,,,,,,,,,,,,,,,,,,,,,,,,,,,,,,,,,,,,,,,,,,,,,,,,,,,,,,,,,,,,,,,,,,,,,,,,,,,,,,,,35708,"<span lang=""EN-GB"">Suppose you have planned to meet a friend next week and you want to put this on your calendar when you are with a very close friend at a park.&nbsp;<o:p></o:p></span>"
10/30/2018 7:07,10/30/2018 7:07,0,108.24.43.40,78,32,0,11/6/2018 6:08,R_22QzOALgx3Ym8lt,,,,,,,anonymous,EN,"1,2,3,4,5",,,,,,,,,,,,,,,,,,,,,,,,,,,,,,,,,,,,,,,,,,,,,,,,,,,,,,,,,,,,,,,,,,,,,,,,,,,,,,,,,,,,,,,,,,,,,,,,,,,,,,,,,,,,,,,,,,,,,,,,,,,,,,,,,,,,,,,,,,,,,,,,,,,,,,,,,,,,,,,,,,,,,,,,,,,,,,,,,,,,,,,,,,,,,,,,,,,,,,,,,,,,,,,,,,,300,"<span lang=""EN-GB"">Suppose you are alone and relaxing at home, you have just read a new book that&nbsp;</span>you loved and now you want a write a review for your close family and friends."
11/6/2018 6:09,11/6/2018 6:09,0,76.179.251.212,100,35,1,11/6/2018 6:09,R_3n6QAcN3cXMbatA,,,,,44.82420349,-68.79180145,anonymous,EN,"2,3",,,,,,,,,,,,,,,,,,,,,,,,,,,,,,,,,,,,,,,,,,,,,,,,,,,,,,,,,,,,,,,,,,,,,,,,,,,,,,,,,,,,,,,,,,,,,,,,,,,,,,,,,,,,,,,,,,,,,,,,,,,,,,,,,,,,,,,,,,,,,,,,,,,,,,,,,,,,,,,,,,,,,,,,,,,,,,,,,,,,,,,,,,,,,,,,,,,,,,,,,,,,,,,,,,,28391,"<span lang=""EN-GB"">Suppose
     you want to a send a text message when you are with a very close friend at
     a restaurant&nbsp;<o:p></o:p></span>"
11/6/2018 6:00,11/6/2018 6:12,0,136.33.180.191,100,726,1,11/6/2018 6:12,R_3Ra15PDpEIYLHeJ,,,,,38.8618927,-94.66100311,anonymous,EN,"1,2,4,5","1,2,3",,1,,"1,2",,1,,1,,"2,3","1,2",,"1,2",,"2,3","1,3",,1,,"1,3",,1,,"1,3",,"1,2",,2,,,,,,,,,,,,,,,,,,,,,,,,,,,,,,"2,3",,1,,1,,1,,2,,"2,3","1,2,3",,1,,2,,3,,"1,3",,1,,"1,3",,1,,"1,2",,,,,,,,,,,,,,,,,,,,,,,,,,,,,,,,,,,,,,,,,,,,,,,,,,,,,,,,,,,,,,,,,,,,,,,,,,,,,,,,,,,,,,,,,,,,,,,,,,,,,,,,,,,,,,,,,,,,,,,,,,,,,81643,"<span lang=""EN-GB"">Suppose
     you want to call your mother for sharing an important update about your
     life when you are alone at Starbucks.<o:p></o:p></span>"
11/6/2018 6:09,11/6/2018 6:18,0,76.179.251.212,100,516,1,11/6/2018 6:18,R_1MZq3LJWTKAMyDm,,,,,44.82420349,-68.79180145,anonymous,EN,"1,2,3,4,5,6","1,2,4,5",,5,,1,,1,,1,,"2,3",3,,5,,"2,3","2,3",,"1,2",,6,,"1,2",,"1,3",,1,,3,,,,,,,,,,,,,,,,,,,,,,,,,,,,,,,,,,,,,,,,,,,,,,,,,,,,,,,,,,,4,,5,,1,,3,,2,,2,2,,5,,5,,6,,7,,5,,7,,3,,4,,,,,,,,,,,,,,,,,,,,,,,,,,,,,,,,,,,,,,,,,,,,,,,,,,,,,,,,,,,,,,,,,,,,,,,,,,,,,,,,,,,,,,,,,female,51,supervisor,5,1,,7,81861,"<span lang=""EN-GB"">Suppose you are alone and relaxing at home, you have just read a new book that&nbsp;</span>you loved and now you want a write a review for your close family and friends."
10/30/2018 7:29,10/30/2018 7:29,0,100.35.97.44,1,21,0,11/6/2018 6:29,R_2uvn5iH2td8ModX,,,,,,,anonymous,EN,"1,2,4,5",,,,,,,,,,,,,,,,,,,,,,,,,,,,,,,,,,,,,,,,,,,,,,,,,,,,,,,,,,,,,,,,,,,,,,,,,,,,,,,,,,,,,,,,,,,,,,,,,,,,,,,,,,,,,,,,,,,,,,,,,,,,,,,,,,,,,,,,,,,,,,,,,,,,,,,,,,,,,,,,,,,,,,,,,,,,,,,,,,,,,,,,,,,,,,,,,,,,,,,,,,,,,,,,,,,41476,"<span lang=""EN-GB"">Suppose you want to find a route to home while walking on a street with your close friends.<o:p></o:p></span>"
11/6/2018 6:37,11/6/2018 6:37,0,148.108.98.33,100,12,1,11/6/2018 6:37,R_1f9rgNaXOgmfg7D,,,,,41.12199402,-81.5684967,anonymous,EN,"1,2",,,,,,,,,,,,,,,,,,,,,,,,,,,,,,,,,,,,,,,,,,,,,,,,,,,,,,,,,,,,,,,,,,,,,,,,,,,,,,,,,,,,,,,,,,,,,,,,,,,,,,,,,,,,,,,,,,,,,,,,,,,,,,,,,,,,,,,,,,,,,,,,,,,,,,,,,,,,,,,,,,,,,,,,,,,,,,,,,,,,,,,,,,,,,,,,,,,,,,,,,,,,,,,,,,,58033,"Suppose you are alone at home, you want to take a break from studying/working&nbsp;<p>so you decide to play a video game with some with some people you know (e.g., acquaintances, colleagues).<o:p></o:p></p>"
11/6/2018 6:31,11/6/2018 6:42,0,75.131.9.235,100,715,1,11/6/2018 6:42,R_cUZhy9ePtEuLOmt,,,,,33.56329346,-84.21649933,anonymous,EN,"1,2,4",2,,5,,3,,1,,1,,3,3,,2,,3,3,,2,,6,,2,,3,,4,,2,,,,,,,,,,,,,,,,,,,,,,,,,,,,,,2,,5,,2,,1,,1,,"1,2",3,,5,,5,,3,,"3,6",,2,,"3,6",,3,,2,,,,,,,,,,,,,,,,,,,,,,,,,,,,,,,,,,,,,,,,,,,,,,,,,,,,,,,,,,,,,,,,,,,,,,,,,,,,,,,,,,,,,,,,,,,,,,,,,,,,,,,,,,,,,,,,,,,,,,female,43,insurance agent,6,1,,1,37331,"<span lang=""EN-GB"">Suppose you want to read a digital document when you are at Starbucks with people you know (e.g., acquaintances, colleagues).<o:p></o:p></span>"
10/30/2018 7:49,10/30/2018 7:51,0,72.193.214.50,78,122,0,11/6/2018 6:51,R_301Zd8F3z6w7ZSB,,,,,,,anonymous,EN,"1,2,3,4",,,,,,,,,,,,,,,,,,,,,,,,,,,,,,,,,,,,,,,,,,,,,,,,,,,,,,,,,,,,,,,,,,,,,,,,,,,,,,,,,,,,,,,,,,,,,,,,,,,,,,,,,,,,,,,,,,,,,,,,,,,,,,,,,,,,,,,,,,,,,,,,,,,,,,,,,,,,,,,,,,,,,,,,,,,,,,,,,,,,,,,,,,,,,,,,,,,,,,,,,,,,,,,,,,,68649,"<span lang=""EN-GB"">Suppose you are at a park with some people you know (e.g., acquaintances, colleagues) when you realize that you have to immediately pay one of your bills online.<o:p></o:p></span>"
10/30/2018 7:54,10/30/2018 7:55,0,199.87.130.130,78,60,0,11/6/2018 6:55,R_1MYdGYnWaPYcz2e,,,,,,,anonymous,EN,"1,2,3,4",,,,,,,,,,,,,,,,,,,,,,,,,,,,,,,,,,,,,,,,,,,,,,,,,,,,,,,,,,,,,,,,,,,,,,,,,,,,,,,,,,,,,,,,,,,,,,,,,,,,,,,,,,,,,,,,,,,,,,,,,,,,,,,,,,,,,,,,,,,,,,,,,,,,,,,,,,,,,,,,,,,,,,,,,,,,,,,,,,,,,,,,,,,,,,,,,,,,,,,,,,,,,,,,,,,36451,"<span lang=""EN-GB"" style=""font-size:11.0pt;line-height:115%;
font-family:&quot;Arial&quot;,sans-serif;mso-fareast-font-family:Arial;mso-ansi-language:
EN-GB;mso-fareast-language:EN-US;mso-bidi-language:AR-SA"">Suppose you have
planned to meet a friend next week and you want put this on your calendar<span style=""color:#434343""> when you with </span>people you know (e.g.,
acquaintances, colleagues)<span style=""color:#434343""> at a park</span></span>"
11/6/2018 6:50,11/6/2018 7:06,0,142.129.124.193,100,999,1,11/6/2018 7:09,R_Wkt55Bx4Yph0Zz3,,,,,34.10740662,-118.3652039,anonymous,EN,"1,2,3,4","2,4,5",,1,,"1,2,3",,1,,"1,3",,"2,3","1,2,4",consistently glitch free,"2,3",,"2,3","1,2,3",,"2,3,4",terminology should be consistent,"1,2,3,6",,"2,3,4",terminology and decision progression should be consistent,"1,2,4",performance speed,4,,2,,,,,,,,,,,,,,,,,,,,,,,,,,,,,,2,,1,,"1,2,3",,1,,"1,2",,3,"1,2,3",,3,,3,,2,,3,,"1,2",,3,,"1,2,3",,2,,,,,,,,,,,,,,,,,,,,,,,,,,,,,,,,,,,,,,,,,,,,,,,,,,,,,,,,,,,,,,,,,,,,,,,,,,,,,,,,,,,,,,,,,,,,,,,,,,,,,,,,,,,,,,,,,,,,,,male,65,retired,5,1,,2,52376,"<span lang=""EN-GB"">Suppose you want to a send a text message when you are surrounded with people you are close to (e.g., friends, family members) at your home.<strong><o:p></o:p></strong></span>"
10/30/2018 8:06,10/30/2018 8:07,0,204.108.237.194,1,37,0,11/6/2018 7:09,R_2B2Jk7bhD51zOnn,,,,,,,anonymous,EN,,,,,,,,,,,,,,,,,,,,,,,,,,,,,,,,,,,,,,,,,,,,,,,,,,,,,,,,,,,,,,,,,,,,,,,,,,,,,,,,,,,,,,,,,,,,,,,,,,,,,,,,,,,,,,,,,,,,,,,,,,,,,,,,,,,,,,,,,,,,,,,,,,,,,,,,,,,,,,,,,,,,,,,,,,,,,,,,,,,,,,,,,,,,,,,,,,,,,,,,,,,,,,,,,,,,87638,"<span lang=""EN-GB"">Suppose you want to call your mother for sharing an important
     update about your life when you are surrounded by people you know (e.g.,
     acquaintances, colleagues) at your home.<o:p></o:p></span>"
10/30/2018 8:14,10/30/2018 8:14,0,99.105.80.78,1,4,0,11/6/2018 7:14,R_YbIHrnlCpyvcgr7,,,,,,,anonymous,EN,,,,,,,,,,,,,,,,,,,,,,,,,,,,,,,,,,,,,,,,,,,,,,,,,,,,,,,,,,,,,,,,,,,,,,,,,,,,,,,,,,,,,,,,,,,,,,,,,,,,,,,,,,,,,,,,,,,,,,,,,,,,,,,,,,,,,,,,,,,,,,,,,,,,,,,,,,,,,,,,,,,,,,,,,,,,,,,,,,,,,,,,,,,,,,,,,,,,,,,,,,,,,,,,,,,,32115,"<span lang=""EN-GB"" style=""font-size:11.0pt;line-height:115%;
font-family:&quot;Arial&quot;,sans-serif;mso-fareast-font-family:Arial;mso-ansi-language:
EN-GB;mso-fareast-language:EN-US;mso-bidi-language:AR-SA"">Suppose you want to
find a route to a coffee shop when you are alone at home.</span>"
10/30/2018 8:18,10/30/2018 8:19,0,72.185.190.207,78,16,0,11/6/2018 7:19,R_2q9RKzf8TZVAKjv,,,,,,,anonymous,EN,"1,2,3,4",,,,,,,,,,,,,,,,,,,,,,,,,,,,,,,,,,,,,,,,,,,,,,,,,,,,,,,,,,,,,,,,,,,,,,,,,,,,,,,,,,,,,,,,,,,,,,,,,,,,,,,,,,,,,,,,,,,,,,,,,,,,,,,,,,,,,,,,,,,,,,,,,,,,,,,,,,,,,,,,,,,,,,,,,,,,,,,,,,,,,,,,,,,,,,,,,,,,,,,,,,,,,,,,,,,52666,"<span lang=""EN-GB"">Suppose you want to listen to some audio when you are alone in a park.<o:p></o:p></span>"
11/6/2018 7:23,11/6/2018 7:24,0,148.87.23.6,100,98,1,11/6/2018 7:24,R_2dXCaE6xfUqzca8,,,,,37.37640381,-122.0238037,anonymous,EN,"1,2,3,4,5","2,4",,1,,1,,1,,"1,2",,2,"1,3",,"2,3",,"2,3","2,3",,"1,2",,"1,2",,"1,2",,"1,2",,1,,,,,,,,,,,,,,,,,,,,,,,,,,,,,,,,,,,,,,,,,,,,,,,,,,,,,,,,,,,,,,,,,,,,,,,,,,,,,,,,,,,,,,,,,,,,,,,,,,,,,,,,,,,,,,,,,,,,,,,,,,,,,,,,,,,,,,,,,,,,,,,,,,,,,,,,,,,,,,,,,,,,,,,,,,,,,,,,,,,,,,,,64218,"<span lang=""EN-GB"">Suppose you want to a send a text message when you are alone at a street.<o:p></o:p></span>"
11/6/2018 7:27,11/6/2018 7:30,0,67.243.227.61,100,180,1,11/6/2018 7:30,R_2AGbipiiA06q1T2,,,,,40.75970459,-73.9917984,anonymous,EN,"1,2,4","2,5",,1,,"2,3",,1,,6,,3,"1,2,3,4",location services,1,,2,"2,3",,"1,2",,"1,3,4",,"1,2",,"1,2,3",,"1,2",,,,,,,,,,,,,,,,,,,,,,,,,,,,,,,,,,,,,,,,,,,,,,,,,,,,,,,,,,,,,,,,,,,,,,,,,,,,,,,,,,,,,,,,,,,,,,,,,,,,,,,,,,,,,,,,,,,,,,,,,,,,,,,,,,,,,,,,,,,,,,,,,,,,,,,,,,,,,,,,,,,,,,,,,,,,,,,,,,,,,,,,30285,"<span lang=""EN-GB"">Suppose
     you want to a send an email when you are walking on a street with people
     you know (e.g., acquaintances, colleagues)<strong>.</strong><o:p></o:p></span>"
11/6/2018 7:38,11/6/2018 7:39,0,66.26.239.197,100,8,1,11/6/2018 7:39,R_1OjXwrE9whyyL2U,,,,,35.86839294,-80.31500244,anonymous,EN,1,,,,,,,,,,,,,,,,,,,,,,,,,,,,,,,,,,,,,,,,,,,,,,,,,,,,,,,,,,,,,,,,,,,,,,,,,,,,,,,,,,,,,,,,,,,,,,,,,,,,,,,,,,,,,,,,,,,,,,,,,,,,,,,,,,,,,,,,,,,,,,,,,,,,,,,,,,,,,,,,,,,,,,,,,,,,,,,,,,,,,,,,,,,,,,,,,,,,,,,,,,,,,,,,,,,73686,"<span lang=""EN-GB"">Suppose
     you want to set up a reminder about something when you are at Starbucks by
     yourself.<o:p></o:p></span>"
10/30/2018 8:39,10/30/2018 8:40,0,72.209.17.198,78,46,0,11/6/2018 7:40,R_tKG6gIKI9woPQ9X,,,,,,,anonymous,EN,"1,2,3,4",,,,,,,,,,,,,,,,,,,,,,,,,,,,,,,,,,,,,,,,,,,,,,,,,,,,,,,,,,,,,,,,,,,,,,,,,,,,,,,,,,,,,,,,,,,,,,,,,,,,,,,,,,,,,,,,,,,,,,,,,,,,,,,,,,,,,,,,,,,,,,,,,,,,,,,,,,,,,,,,,,,,,,,,,,,,,,,,,,,,,,,,,,,,,,,,,,,,,,,,,,,,,,,,,,,59049,"<span lang=""EN-GB"">Suppose you want to read a digital document when you are at a park.<o:p></o:p></span>"
11/6/2018 7:45,11/6/2018 7:47,0,65.113.205.122,100,80,1,11/6/2018 7:47,R_0llk3peEpHM0zkt,,,,,28.62139893,-81.42939758,anonymous,EN,"2,3,4,6",2,,"1,3",,2,,1,,3,,1,"2,3",,"1,2",,3,"1,2",,"1,2",,"2,3",,2,,"1,2,3",,"1,2",,,,,,,,,,,,,,,,,,,,,,,,,,,,,,,,,,,,,,,,,,,,,,,,,,,,,,,,,,,,,,,,,,,,,,,,,,,,,,,,,,,,,,,,,,,,,,,,,,,,,,,,,,,,,,,,,,,,,,,,,,,,,,,,,,,,,,,,,,,,,,,,,,,,,,,,,,,,,,,,,,,,,,,,,,,,,,,,,,,,,,,,96698,"Suppose you want to purchase something (e.g., book,
     household items) online when you are with people
     you know (e.g., acquaintances, colleagues) at
     Starbucks.<o:p></o:p>"
11/6/2018 7:40,11/6/2018 7:49,0,50.241.98.138,100,534,1,11/6/2018 7:49,R_2WU5xHAfOiOr6w8,,,,,41.55029297,-72.99629974,anonymous,EN,"1,2,4,5",7,,1,,6,,3,,4,,2,"1,2,3",,2,,4,6,,5,,7,,2,,1,,"1,2",,,,,,,,,,,,,,,,,,,,,,,,,,,,,,,,,,,,,,,,,,,,,,,,,,,,,,,,,,,,,,,,,,,,,,,,,,,,,,,,,,,,,,,,,,,,,,,,,,,,,,,,,,,,,,,,,,,,,,,,,,,,,,,,,,,,,,,,,,,,,,,,,,,,,,,,,,,,,,,,,,,,,,,,,,,,,,,,,,,,,,,,5857,"<span lang=""EN-GB"">Suppose
     you are at starbucks and you realize today is the last day to pay one of
     your bills online.<o:p></o:p></span>"
11/6/2018 7:49,11/6/2018 7:52,0,174.255.5.2,100,161,1,11/6/2018 7:52,R_1DZoz5F60LxDf3r,,,,,37.75100708,-97.8219986,anonymous,EN,"1,2,3,4,6","1,5",,1,,1,,1,,1,,2,2,,1,,2,2,,1,,"1,3,4",,2,,1,,2,,,,,,,,,,,,,,,,,,,,,,,,,,,,,,,,,,,,,,,,,,,,,,,,,,,,,,,,,,,,,,,,,,,,,,,,,,,,,,,,,,,,,,,,,,,,,,,,,,,,,,,,,,,,,,,,,,,,,,,,,,,,,,,,,,,,,,,,,,,,,,,,,,,,,,,,,,,,,,,,,,,,,,,,,,,,,,,,,,,,,,,,81065,"<span lang=""EN-GB"">Suppose
     you want to a view a text message
     when you are walking with a very close friend on a street<o:p></o:p></span>"
11/6/2018 7:56,11/6/2018 7:56,0,64.89.93.238,100,5,1,11/6/2018 7:56,R_0MOcxUYCOSLwPg5,,,,,26.09840393,-80.18219757,anonymous,EN,3,,,,,,,,,,,,,,,,,,,,,,,,,,,,,,,,,,,,,,,,,,,,,,,,,,,,,,,,,,,,,,,,,,,,,,,,,,,,,,,,,,,,,,,,,,,,,,,,,,,,,,,,,,,,,,,,,,,,,,,,,,,,,,,,,,,,,,,,,,,,,,,,,,,,,,,,,,,,,,,,,,,,,,,,,,,,,,,,,,,,,,,,,,,,,,,,,,,,,,,,,,,,,,,,,,,93911,"<span lang=""EN-GB"">Suppose
     you want to take a click a photo when you are alone at home.<o:p></o:p></span>"
11/6/2018 7:56,11/6/2018 7:57,0,64.89.93.238,100,52,1,11/6/2018 7:57,R_1kG19Ri64G7pmXg,,,,,26.09840393,-80.18219757,anonymous,EN,"1,2,3,4,5","1,2,3,4",,"1,2",,"2,3,4",,1,,"1,2,3,4",,1,"2,3",,2,,3,"2,3",,1,,6,,"2,3",,"2,3",,"1,2",,,,,,,,,,,,,,,,,,,,,,,,,,,,,,,,,,,,,,,,,,,,,,,,,,,,,,,,,,,,,,,,,,,,,,,,,,,,,,,,,,,,,,,,,,,,,,,,,,,,,,,,,,,,,,,,,,,,,,,,,,,,,,,,,,,,,,,,,,,,,,,,,,,,,,,,,,,,,,,,,,,,,,,,,,,,,,,,,,,,,,,,17194,"<span lang=""EN-GB"">Suppose
     you want to a send an email when you are surrounded by people you know
     (e.g., acquaintances, colleagues) at a restaurant.<o:p></o:p></span>"
11/6/2018 7:58,11/6/2018 8:00,0,64.89.93.238,100,145,1,11/6/2018 8:00,R_2pKyMxvvA8XQffM,,,,,26.09840393,-80.18219757,anonymous,EN,"1,2,4,5,6","4,5",,"1,2",,"1,4",,3,,"1,3,4",,4,"1,2",,"1,3",,4,"2,4",,"2,3",,"2,3",,"1,2,3",,"1,3",,2,,,,,,,,,,,,,,,,,,,,,,,,,,,,,,,,,,,,,,,,,,,,,,,,,,,,,,,,,,,,,,,,,,,,,,,,,,,,,,,,,,,,,,,,,,,,,,,,,,,,,,,,,,,,,,,,,,,,,,,,,,,,,,,,,,,,,,,,,,,,,,,,,,,,,,,,,,,,,,,,,,,,,,,,,,,,,,,,,,,,,,,,74930,"<span lang=""EN-GB"">Suppose
     you want to a send a text message when you are surrounded by people you
     know (e.g., acquaintances, colleagues) at a restaurant.<o:p></o:p></span>"
11/6/2018 8:08,11/6/2018 8:11,0,98.199.81.116,100,184,1,11/6/2018 8:11,R_1ewu1HkJvw4qhGH,,,,,29.56170654,-95.27210236,anonymous,EN,"1,2,3,4,5,6","1,2",,1,,1,,1,,1,,2,"2,3",,"2,3",,"1,2,3","2,3,4",,2,,2,,2,,"1,2",,2,,,,,,,,,,,,,,,,,,,,,,,,,,,,,,,,,,,,,,,,,,,,,,,,,,,,,,,,,,,,,,,,,,,,,,,,,,,,,,,,,,,,,,,,,,,,,,,,,,,,,,,,,,,,,,,,,,,,,,,,,,,,,,,,,,,,,,,,,,,,,,,,,,,,,,,,,,,,,,,,,,,,,,,,,,,,,,,,,,,,,,,,27167,"<span lang=""EN-GB"">Suppose
     you want to a send an email when you are with a very close friend at a
     restaurant&nbsp;<o:p></o:p></span>"
11/6/2018 8:17,11/6/2018 8:20,0,63.236.108.73,100,190,1,11/6/2018 8:20,R_1Ig8fctict5NyTw,,,,,27.92100525,-82.50789642,anonymous,EN,"1,2,3","2,4",,1,,2,,1,,6,,4,5,,5,,4,6,,5,,6,,5,,1,,2,,2,,,,,,,,,,,,,,,,,,,,,,,,,,,,,,7,,5,,1,,3,,6,,4,5,,3,,5,,6,,4,,5,,7,,5,,1,,,,,,,,,,,,,,,,,,,,,,,,,,,,,,,,,,,,,,,,,,,,,,,,,,,,,,,,,,,,,,,,,,,,,,,,,,,,,,,,,,,,,,,,,,,,,,,,,,,,,,,,,,,,,,,,,,,,,,,,,,,,,75198,"<span lang=""EN-GB"">Suppose
     you want to listen to some audio when you are alone at Starbucks.<o:p></o:p></span>"
10/30/2018 9:35,10/30/2018 9:35,0,107.130.159.70,1,9,0,11/6/2018 8:35,R_2wBUCLJNQP7vejj,,,,,,,anonymous,EN,,,,,,,,,,,,,,,,,,,,,,,,,,,,,,,,,,,,,,,,,,,,,,,,,,,,,,,,,,,,,,,,,,,,,,,,,,,,,,,,,,,,,,,,,,,,,,,,,,,,,,,,,,,,,,,,,,,,,,,,,,,,,,,,,,,,,,,,,,,,,,,,,,,,,,,,,,,,,,,,,,,,,,,,,,,,,,,,,,,,,,,,,,,,,,,,,,,,,,,,,,,,,,,,,,,,12467,"<span lang=""EN-GB"">Suppose
     you want to listen to some audio when you with people you know (e.g.,
     acquaintances, colleagues) at Starbucks<o:p></o:p></span>"
11/6/2018 8:32,11/6/2018 8:39,0,172.58.21.236,100,415,1,11/6/2018 8:39,R_s6j4DAxfZwULmhz,,,,,33.95689392,-118.3072968,anonymous,EN,"1,2,3",2,,1,,2,,1,,1,,2,1,,3,,2,2,,2,,3,,2,,1,,4,,2,,,,,,,,,,,,,,,,,,,,,,,,,,,,,,2,,1,,2,,1,,1,,2,1,,3,,3,,1,,3,,2,,3,,1,,1,,,,,,,,,,,,,,,,,,,,,,,,,,,,,,,,,,,,,,,,,,,,,,,,,,,,,,,,,,,,,,,,,,,,,,,,,,,,,,,,,,,,,,,,,,,,,,,,,,,,,,,,,,,,,,,,,,,,,,Female,42,Conservatir,5,3,,4,3508,"<span lang=""EN-GB"">Suppose you want to control some devices/appliances (e.g., smart lights) when you are alone at home.<o:p></o:p></span>"
10/30/2018 9:37,10/30/2018 9:45,0,70.91.231.129,78,484,0,11/6/2018 8:45,R_1ikrQb2zbvkhgK1,,,,,,,anonymous,EN,"1,2,3,4",,,,,,,,,,,,,,,,,,,,,,,,,,,,,,,,,,,,,,,,,,,,,,,,,,,,,,,,,,,,,,,,,,,,,,,,,,,,,,,,,,,,,,,,,,,,,,,,,,,,,,,,,,,,,,,,,,,,,,,,,,,,,,,,,,,,,,,,,,,,,,,,,,,,,,,,,,,,,,,,,,,,,,,,,,,,,,,,,,,,,,,,,,,,,,,,,,,,,,,,,,,,,,,,,,,44378,"<span lang=""EN-GB"">Suppose
     you want to read a digital document when you are at Starbucks.<o:p></o:p></span>"
11/6/2018 8:48,11/6/2018 8:56,0,174.85.138.221,100,445,1,11/6/2018 8:56,R_3fPmXThdSWqbxZ2,,,,,33.63389587,-86.59809875,anonymous,EN,"1,2,4,6",2,,3,,1,,1,,1,,3,3,,1,,3,4,,1,,3,,2,,3,,2,,,,,,,,,,,,,,,,,,,,,,,,,,,,,,,,,,,,,,,,,,,,,,,,,,,,,,,,,,,,,,,,,,,,,,,,,,,,,,,,,,,,,,,,,,,,,,,,,,,,,,,,,,,,,,,,,,,,,,,,,,,,,,,,,,,,,,,,,,,,,,,,,,,,,,,,,,,,,,,,,,,,,,,,,,,,,,,,,,,,,,,,70226,"<span lang=""EN-GB"">Suppose you want to a view a text message when you are alone at a street.<o:p></o:p></span>"
10/30/2018 9:57,10/30/2018 9:58,0,98.167.251.3,78,54,0,11/6/2018 8:58,R_1PRVIVGfYAPhNUd,,,,,,,anonymous,EN,"1,2,3,4,5,6",,,,,,,,,,,,,,,,,,,,,,,,,,,,,,,,,,,,,,,,,,,,,,,,,,,,,,,,,,,,,,,,,,,,,,,,,,,,,,,,,,,,,,,,,,,,,,,,,,,,,,,,,,,,,,,,,,,,,,,,,,,,,,,,,,,,,,,,,,,,,,,,,,,,,,,,,,,,,,,,,,,,,,,,,,,,,,,,,,,,,,,,,,,,,,,,,,,,,,,,,,,,,,,,,,,74382,"<span lang=""EN-GB"">Suppose
     you want to a send an email when you are with a very close friend at a
     restaurant&nbsp;<o:p></o:p></span>"
11/6/2018 9:01,11/6/2018 9:01,0,205.173.36.174,100,12,1,11/6/2018 9:01,R_3r38rmw0R0LZlHJ,,,,,30.35839844,-81.69200134,anonymous,EN,"1,2",,,,,,,,,,,,,,,,,,,,,,,,,,,,,,,,,,,,,,,,,,,,,,,,,,,,,,,,,,,,,,,,,,,,,,,,,,,,,,,,,,,,,,,,,,,,,,,,,,,,,,,,,,,,,,,,,,,,,,,,,,,,,,,,,,,,,,,,,,,,,,,,,,,,,,,,,,,,,,,,,,,,,,,,,,,,,,,,,,,,,,,,,,,,,,,,,,,,,,,,,,,,,,,,,,,25988,"<span lang=""EN-GB"">Suppose you have planned to meet a friend next week and you want to put this on your calendar when you are surrounded with people you are close to (e.g., friends, family members) at your home.<strong><o:p></o:p></strong></span>"
10/30/2018 10:09,10/30/2018 10:11,0,47.196.164.246,78,139,0,11/6/2018 9:12,R_2fAcqGWOqN52A93,,,,,,,anonymous,EN,"1,2,3,4,5",,,,,,,,,,,,,,,,,,,,,,,,,,,,,,,,,,,,,,,,,,,,,,,,,,,,,,,,,,,,,,,,,,,,,,,,,,,,,,,,,,,,,,,,,,,,,,,,,,,,,,,,,,,,,,,,,,,,,,,,,,,,,,,,,,,,,,,,,,,,,,,,,,,,,,,,,,,,,,,,,,,,,,,,,,,,,,,,,,,,,,,,,,,,,,,,,,,,,,,,,,,,,,,,,,,83588,"<span lang=""EN-GB"">Suppose you want to a send an email when you are surrounded with people you are close to (e.g., friends, family members) at your home.<strong><o:p></o:p></strong></span>"
10/30/2018 10:18,10/30/2018 10:18,0,38.108.198.203,1,8,0,11/6/2018 9:18,R_1DwI1BZUOtmjbTl,,,,,,,anonymous,EN,"1,2,3",,,,,,,,,,,,,,,,,,,,,,,,,,,,,,,,,,,,,,,,,,,,,,,,,,,,,,,,,,,,,,,,,,,,,,,,,,,,,,,,,,,,,,,,,,,,,,,,,,,,,,,,,,,,,,,,,,,,,,,,,,,,,,,,,,,,,,,,,,,,,,,,,,,,,,,,,,,,,,,,,,,,,,,,,,,,,,,,,,,,,,,,,,,,,,,,,,,,,,,,,,,,,,,,,,,88251,"<span lang=""EN-GB"">Suppose
     you want to a send an email when you are surrounded by people you know
     (e.g., acquaintances, colleagues) at a restaurant.<o:p></o:p></span>"
10/30/2018 10:21,10/30/2018 10:22,0,142.197.227.119,78,24,0,11/6/2018 9:22,R_4SFkpTGyGZfnDDX,,,,,,,anonymous,EN,"1,2,5",,,,,,,,,,,,,,,,,,,,,,,,,,,,,,,,,,,,,,,,,,,,,,,,,,,,,,,,,,,,,,,,,,,,,,,,,,,,,,,,,,,,,,,,,,,,,,,,,,,,,,,,,,,,,,,,,,,,,,,,,,,,,,,,,,,,,,,,,,,,,,,,,,,,,,,,,,,,,,,,,,,,,,,,,,,,,,,,,,,,,,,,,,,,,,,,,,,,,,,,,,,,,,,,,,,15177,"<span lang=""EN-GB"" style=""font-size:11.0pt;line-height:115%;
font-family:&quot;Arial&quot;,sans-serif;mso-fareast-font-family:Arial;mso-ansi-language:
EN-GB;mso-fareast-language:EN-US;mso-bidi-language:AR-SA"">Suppose you want to a
send an email when you are at Starbucks.</span>"
11/6/2018 9:21,11/6/2018 9:22,0,108.11.27.43,100,60,1,11/6/2018 9:22,R_1Q0Mu0EFxEPYyMj,,,,,39.43200684,-74.69619751,anonymous,EN,"2,4",,,,,,,,,,,,,,,,,,,,,,,,,,,,,,,,,,,,,,,,,,,,,,,,,,,,,,,,,,,,,,,,,,,,,,,,,,,,,,,,,,,,,,,,,,,,,,,,,,,,,,,,,,,,,,,,,,,,,,,,,,,,,,,,,,,,,,,,,,,,,,,,,,,,,,,,,,,,,,,,,,,,,,,,,,,,,,,,,,,,,,,,,,,,,,,,,,,,,,,,,,,,,,,,,,,28047,"<span lang=""EN-GB"">Suppose you are at sitting at Starbucks and you want to play a digital/online&nbsp;</span>game with some close friends."
10/30/2018 10:19,10/30/2018 10:23,0,104.190.169.245,88,243,0,11/6/2018 9:23,R_1JK1qwx5azTz9uc,,,,,,,anonymous,EN,"1,2,3,4",2,,1,,1,,1,,1,,3,"1,2,3",,2,,3,6,,2,,"1,3,6",,2,,"1,2",,4,,2,,,,,,,,,,,,,,,,,,,,,,,,,,,,,,,,,,,,,,,,,,,,,,,,,,,,,,,,,,,,,,,,,,,,,,,,,,,,,,,,,,,,,,,,,,,,,,,,,,,,,,,,,,,,,,,,,,,,,,,,,,,,,,,,,,,,,,,,,,,,,,,,,,,,,,,,,,,,,,,,,,,,,,,,,,,,,,,,,,,,,,30918,"<span lang=""EN-GB"">Suppose
     you want to set up a reminder when you are at a park by yourself.<o:p></o:p></span>"
11/6/2018 9:40,11/6/2018 9:40,0,98.67.165.59,100,11,1,11/6/2018 9:40,R_uzcmyntMCHMR1wB,,,,,34.62049866,-86.5510025,anonymous,EN,4,,,,,,,,,,,,,,,,,,,,,,,,,,,,,,,,,,,,,,,,,,,,,,,,,,,,,,,,,,,,,,,,,,,,,,,,,,,,,,,,,,,,,,,,,,,,,,,,,,,,,,,,,,,,,,,,,,,,,,,,,,,,,,,,,,,,,,,,,,,,,,,,,,,,,,,,,,,,,,,,,,,,,,,,,,,,,,,,,,,,,,,,,,,,,,,,,,,,,,,,,,,,,,,,,,,542,"<span lang=""EN-GB"">Suppose you want to take a click a photo when you with </span><span lang=""EN-GB"">some people you know (e.g.,
     acquaintances, colleagues)</span><span lang=""EN-GB""> at home<o:p></o:p></span>"
11/6/2018 9:41,11/6/2018 9:41,0,107.174.250.179,100,29,1,11/6/2018 9:41,R_21v4eEYvFhA9ONu,,,,,42.88639832,-78.87809753,anonymous,EN,1,,,,,,,,,,,,,,,,,,,,,,,,,,,,,,,,,,,,,,,,,,,,,,,,,,,,,,,,,,,,,,,,,,,,,,,,,,,,,,,,,,,,,,,,,,,,,,,,,,,,,,,,,,,,,,,,,,,,,,,,,,,,,,,,,,,,,,,,,,,,,,,,,,,,,,,,,,,,,,,,,,,,,,,,,,,,,,,,,,,,,,,,,,,,,,,,,,,,,,,,,,,,,,,,,,,19403,"<span lang=""EN-GB"">Suppose you want to browse the internet when you are at home with people you are close to (e.g., friends, family members)<strong><o:p></o:p></strong></span>"
11/6/2018 9:44,11/6/2018 9:44,0,69.113.172.181,100,42,1,11/6/2018 9:44,R_3KVghumG8fRnsk9,,,,,40.71350098,-73.354599,anonymous,EN,4,,,,,,,,,,,,,,,,,,,,,,,,,,,,,,,,,,,,,,,,,,,,,,,,,,,,,,,,,,,,,,,,,,,,,,,,,,,,,,,,,,,,,,,,,,,,,,,,,,,,,,,,,,,,,,,,,,,,,,,,,,,,,,,,,,,,,,,,,,,,,,,,,,,,,,,,,,,,,,,,,,,,,,,,,,,,,,,,,,,,,,,,,,,,,,,,,,,,,,,,,,,,,,,,,,,98908,"<span lang=""EN-GB"">Suppose you want to control some devices/appliances (e.g., smart lights) when you are at home with people you are close to (e.g., friends, family members)<strong><o:p></o:p></strong></span>"
11/6/2018 9:40,11/6/2018 9:45,0,24.246.151.139,100,256,1,11/6/2018 9:45,R_3s4TphcBcfFC7PM,,,,,36.40899658,-81.43959808,anonymous,EN,"2,3,4",3,,5,,2,,1,,1,,2,2,,3,,2,1,,2,,3,,2,,5,,2,,4,,,,,,,,,,,,,,,,,,,,,,,,,,,,,,,,,,,,,,,,,,,,,,,,,,,,,,,,,,,,,,,,,,,,,,,,,,,,,,,,,,,,,,,,3,,5,,3,,1,,1,,1,1,,1,,1,,1,,3,,3,,3,,5,,2,,,,,,,,,,,,,,,,,,,,,,,,,,,,,,,,,,,,,,,,,,,,,,,,,,,,,,,,,,,,female,44,service advisor,4,1,,12,3916,"<span lang=""EN-GB"">Suppose
     you are at home with some people you know (e.g., acquaintances,
     colleagues) when you realize today is the last day to pay one of your
     bills online.<o:p></o:p></span>"
11/6/2018 9:40,11/6/2018 9:47,0,108.31.246.175,100,435,1,11/6/2018 9:47,R_OvTJC0qOX1w3Lpf,,,,,38.63710022,-76.87779999,anonymous,EN,"1,2",,,,,,,,,,,,,,,,,,,,,,,,,,,,,,,,,,,,,,,,,,,,,,,,,,,,,,,,,,,,,,,,,,,,,,,,,,,,,,,,,,,,,,,,,,,,,,,,,,,,,,,,,,,,,,,,,,,,,,,,,,,,,,,,,,,,,,,,,,,,,,,,,,,,,,,,,,,,,,,,,,,,,,,,,,,,,,,,,,,,,,,,,,,,,,,,,,,,,,,,,,,,,,,,,,,51534,"<span lang=""EN-GB"">Suppose
     you want to a view a text message when you are surrounded by people you
     know (e.g., acquaintances, colleagues) at a restaurant.<o:p></o:p></span>"
11/6/2018 9:48,11/6/2018 9:48,0,162.251.103.170,100,26,1,11/6/2018 9:48,R_3Q7fq7iVVAaUBb3,,,,,41.53709412,-89.45739746,anonymous,EN,"1,2",,,,,,,,,,,,,,,,,,,,,,,,,,,,,,,,,,,,,,,,,,,,,,,,,,,,,,,,,,,,,,,,,,,,,,,,,,,,,,,,,,,,,,,,,,,,,,,,,,,,,,,,,,,,,,,,,,,,,,,,,,,,,,,,,,,,,,,,,,,,,,,,,,,,,,,,,,,,,,,,,,,,,,,,,,,,,,,,,,,,,,,,,,,,,,,,,,,,,,,,,,,,,,,,,,,54908,"<span lang=""EN-GB"">Suppose you have planned to meet a friend next week and you want to put this on your calendar when you are with a very close friend at a restaurant&nbsp;<o:p></o:p></span>"
11/6/2018 9:52,11/6/2018 9:54,0,68.104.153.225,100,135,1,11/6/2018 9:54,R_2fkrkF0LQS1fZCd,,,,,33.49130249,-112.2468033,anonymous,EN,"1,2,4","2,4",,2,,1,,1,,1,,"2,3",1,,3,,1,3,,"1,2",,"2,4",,1,,1,,"1,2",,,,,,,,,,,,,,,,,,,,,,,,,,,,,,,,,,,,,,,,,,,,,,,,,,,,,,,,,,,,,,,,,,,,,,,,,,,,,,,,,,,,,,,,,,,,,,,,,,,,,,,,,,,,,,,,,,,,,,,,,,,,,,,,,,,,,,,,,,,,,,,,,,,,,,,,,,,,,,,,,,,,,,,,,,,,,,,,,,,,,,,,66425,"<span lang=""EN-GB"">Suppose you are at your gym and you want to track the amount of calories&nbsp;</span>you have burnt your workout.&nbsp;"
11/6/2018 9:49,11/6/2018 9:58,0,99.61.181.109,100,520,1,11/6/2018 9:58,R_paC59QZKrFzf9AJ,,,,,30.01980591,-95.40869904,anonymous,EN,"1,2,4","4,5",,1,,"1,3",,3,,4,,3,"1,2,3",,3,,3,2,,2,,6,,2,,"1,2,3",,1,,2,,,,,,,,,,,,,,,,,,,,,,,,,,,,,,"2,3,5",,1,,"1,2,3",,1,,4,,3,"1,2,3",,3,,3,,2,,3,,2,,3,,"1,2,3",,"1,2",,,,,,,,,,,,,,,,,,,,,,,,,,,,,,,,,,,,,,,,,,,,,,,,,,,,,,,,,,,,,,,,,,,,,,,,,,,,,,,,,,,,,,,,,,,,,,,,,,,,,,,,,,,,,,,,,,,,,,Female,51,Content Writer,4,1,,2,31642,"<span style=""color: rgb(0, 0, 0); font-family: Times; font-size: 16px;"">Suppose you want control some devices/appliances (e.g., smart lights) when you are with people you know (e.g., acquaintances, colleagues).</span>"
11/6/2018 10:01,11/6/2018 10:07,0,170.228.37.10,100,325,1,11/6/2018 10:07,R_3lAknDogkIwiuQX,,,,,42.39590454,-83.14109802,anonymous,EN,"1,2,3,4,5,6","1,2,3",,2,,3,,1,,1,,1,"1,2",,2,,1,"1,3",,"1,2",,"1,2,3",,1,,"1,2,3",,2,,,,,,,,,,,,,,,,,,,,,,,,,,,,,,,,,,,,,,,,,,,,,,,,,,,,,,,,,,,,,,,,,,,,,,,,,,,,,,,,,,,,,,,,,,,,,,,,,,,,,,,,,,,,,,,,,,,,,,,,,,,,,,,,,,,,,,,,,,,,,,,,,,,,,,,,,,,,,,,,,,,,,,,,,,,,,,,,,,,,,,,,3237,"<span lang=""EN-GB"">Suppose
     you want to watch some video when you are alone at Starbucks.<o:p></o:p></span>"
11/6/2018 9:59,11/6/2018 10:13,0,174.195.140.128,100,828,1,11/6/2018 10:13,R_3KHJctppS6edkfC,,,,,36.10670471,-86.77429962,anonymous,EN,"1,2,4","1,2,5",,5,,1,,1,,1,,2,"1,2",,5,,3,"2,3,4",,2,,"1,3",,"1,2,3",,1,,4,,,,,,,,,,,,,,,,,,,,,,,,,,,,,,,,,,,,,,,,,,,,,,,,,,,,,,,,,,,,,,,,,,,,,,,,,,,,,,,,,,,,,,,,,,,,,,,,,,,,,,,,,,,,,,,,,,,,,,,,,,,,,,,,,,,,,,,,,,,,,,,,,,,,,,,,,,,,,,,,,,,,,,,,,,,,,,,,,,,,,,,,10113,"<span lang=""EN-GB"">Suppose
     you want to call your mother for sharing an important update about your
     life when you are with a very close friend at a restaurant&nbsp;<o:p></o:p></span>"
11/6/2018 10:09,11/6/2018 10:18,0,71.176.70.228,100,521,1,11/6/2018 10:18,R_3Rq5xg8Y5mPvovt,,,,,43.03540039,-76.12819672,anonymous,EN,"1,2,3,4,5,6","1,2",,5,,3,,3,,1,,2,5,,2,,2,3,,2,,2,,2,,5,,4,,"1,2,4,5","2,4",,1,,"2,4",,3,,1,,1,1,,5,,5,,3,,"2,3",,2,,"2,3",,5,,4,,"2,5",,1,,"3,4",,1,,1,,1,5,,5,,5,,3,,"2,3",,2,,"2,3",,5,,"1,2",,,,,,,,,,,,,,,,,,,,,,,,,,,,,,,2,,1,,3,,1,,1,,1,5,,5,,5,,3,,3,,2,,3,,5,,4,,1,,5,,4,,1,,"2,3,4",,1,5,,5,,5,,4,,2,,"1,3",,2,,5,,4,,,,,,,,,,,,,,,,,,,,,,,,,,,,,,,male,20,student,3,1,,1,2682,"<span lang=""EN-GB"">Suppose you want to call your mother for sharing an important
     update about your life when you are surrounded by people you know (e.g.,
     acquaintances, colleagues) at your home.<o:p></o:p></span>"
11/6/2018 10:18,11/6/2018 10:23,0,71.176.70.228,100,286,1,11/6/2018 10:23,R_xurCMpsJJ8AHfmF,,,,,43.03540039,-76.12819672,anonymous,EN,"1,2,3,4,5,6","1,2",,1,,3,,3,,1,,1,5,,5,,1,3,,"1,2",,"2,3",,"1,2",,5,,4,,"2,6",,,,,,,,,,,,,,,,,,,,,,,,,,,,,,"1,2",,5,,3,,3,,1,,1,5,,5,,5,,3,,3,,2,,3,,3,,4,,,,,,,,,,,,,,,,,,,,,,,,,,,,,,,,,,,,,,,,,,,,,,,,,,,,,,,,,,,,,,,,,,,,,,,,,,,,,,,,,,,,,,,,,"1,2",,5,,3,,1,,1,,1,5,,5,,5,,"2,3",,"2,3",,"2,3",,"2,3",,5,,4,,female,40,home maker,3,5,,2,84638,"<span lang=""EN-GB"">Suppose
     you want to a view a text message when you with people you know (e.g.,
     acquaintances, colleagues) at a street<strong>.</strong><o:p></o:p></span>"
11/6/2018 10:24,11/6/2018 10:25,0,98.213.21.48,100,18,1,11/6/2018 10:25,R_3KJce2TCE1iNcoS,,,,,41.3441925,-89.09549713,anonymous,EN,"2,3",,,,,,,,,,,,,,,,,,,,,,,,,,,,,,,,,,,,,,,,,,,,,,,,,,,,,,,,,,,,,,,,,,,,,,,,,,,,,,,,,,,,,,,,,,,,,,,,,,,,,,,,,,,,,,,,,,,,,,,,,,,,,,,,,,,,,,,,,,,,,,,,,,,,,,,,,,,,,,,,,,,,,,,,,,,,,,,,,,,,,,,,,,,,,,,,,,,,,,,,,,,,,,,,,,,71248,"<span lang=""EN-GB"">Suppose
     you want to watch some video when you are with your close friends in a
     park.<o:p></o:p></span>"
11/6/2018 10:23,11/6/2018 10:28,0,71.176.70.228,100,296,1,11/6/2018 10:28,R_2b18sJIhCHQwZuY,,,,,43.03540039,-76.12819672,anonymous,EN,"1,2,3,4,5,6","1,2",,5,,"2,3",,3,,1,,1,1,,5,,1,6,,2,,"2,3",,2,,5,,4,,"2,6",,,,,,,,,,,,,,,,,,,,,,,,,,,,,,"1,2",,5,,6,,1,,1,,1,5,,2,,2,,3,,"2,3",,2,,"2,3",,5,,4,,,,,,,,,,,,,,,,,,,,,,,,,,,,,,,,,,,,,,,,,,,,,,,,,,,,,,,,,,,,,,,,,,,,,,,,,,,,,,,,,,,,,,,,,"1,2",,5,,"1,2",,3,,1,,1,5,,5,,5,,"2,3",,"2,3",,2,,"2,3",,5,,4,,female,46,home maker,1,2,,1,73394,"<span lang=""EN-GB"">Suppose
     you want to a send a text message when you with people you know (e.g., acquaintances,
     colleagues) at a street<strong>.</strong><o:p></o:p></span>"
11/6/2018 10:28,11/6/2018 10:28,0,197.237.9.100,100,37,1,11/6/2018 10:29,R_2ygf9L6jRzYL03Q,,,,,-1.283294678,36.81669617,anonymous,EN,1,,,,,,,,,,,,,,,,,,,,,,,,,,,,,,,,,,,,,,,,,,,,,,,,,,,,,,,,,,,,,,,,,,,,,,,,,,,,,,,,,,,,,,,,,,,,,,,,,,,,,,,,,,,,,,,,,,,,,,,,,,,,,,,,,,,,,,,,,,,,,,,,,,,,,,,,,,,,,,,,,,,,,,,,,,,,,,,,,,,,,,,,,,,,,,,,,,,,,,,,,,,,,,,,,,,36945,"<span lang=""EN-GB"" style=""font-size:11.0pt;line-height:115%;
font-family:&quot;Arial&quot;,sans-serif;mso-fareast-font-family:Arial;mso-ansi-language:
EN-GB;mso-fareast-language:EN-US;mso-bidi-language:AR-SA"">Suppose you want to a
view a text message when you are alone at home</span>"
10/30/2018 11:30,10/30/2018 11:33,0,70.66.159.29,88,195,0,11/6/2018 10:33,R_2eWO7Za8sbNZnyl,,,,,,,anonymous,EN,"1,2,3,4,6","2,4",,1,,"1,2,3",,1,,1,,2,"1,2",,"1,2",,2,"2,3",,"1,2",,"1,3",,"1,2",,"1,2,3",,"1,2",,"1,2,3,4",,,,,,,,,,,,,,,,,,,,,,,,,,,,,,,,,,,,,,,,,,,,,,,,,,,,,,,,,,,7,,5,,6,,3,,1,,4,5,,5,,5,,6,,7,,5,,7,,5,,4,,,,,,,,,,,,,,,,,,,,,,,,,,,,,,,,,,,,,,,,,,,,,,,,,,,,,,,,,,,,,,,,,,,,,,,,,,,,,,,,,,,,,,,,,,,,,,,,8363,"<span lang=""EN-GB"">Suppose you have planned to meet a friend next week and you want to put this on your calendar when you are with a very close friend at a restaurant&nbsp;<o:p></o:p></span>"
11/6/2018 10:46,11/6/2018 10:50,0,174.126.58.124,100,228,1,11/6/2018 10:50,R_3GDJJAbgRBR5vbY,,,,,43.5440979,-116.5660019,anonymous,EN,"1,2,3,4",2,,5,,1,,1,,1,,3,2,,5,,2,2,,2,,6,,2,,1,,2,,,,,,,,,,,,,,,,,,,,,,,,,,,,,,,,,,,,,,,,,,,,,,,,,,,,,,,,,,,,,,,,,,,,,,,,,,,,,,,,,,,,,,,,,,,,,,,,,,,,,,,,,,,,,,,,,,,,,,,,,,,,,,,,,,,,,,,,,,,,,,,,,,,,,,,,,,,,,,,,,,,,,,,,,,,,,,,,,,,,,,,,86005,"<span lang=""EN-GB"">Suppose
     you want to purchase something online when you are alone at a park.<o:p></o:p></span>"
11/6/2018 10:28,11/6/2018 10:54,0,71.176.70.228,100,1539,1,11/6/2018 10:54,R_3NEh2g1Eaes8P6d,,,,,43.03540039,-76.12819672,anonymous,EN,"1,2,3,4,5,6",2,,1,,6,,1,,1,,1,1,,5,,1,3,,"1,2",,"2,3",,"1,2",,5,,4,,"2,6",,,,,,,,,,,,,,,,,,,,,,,,,,,,,,2,,1,,3,,1,,1,,1,5,,5,,5,,3,,"1,2,3",,2,,"1,2,3",,5,,4,,,,,,,,,,,,,,,,,,,,,,,,,,,,,,,,,,,,,,,,,,,,,,,,,,,,,,,,,,,,,,,,,,,,,,,,,,,,,,,,,,,,,,,,,2,,5,,6,,1,,1,,1,5,,5,,5,,3,,"2,3",,"1,2",,"2,3",,5,,4,,female,40,home maker,2,1,,2,5697,"<span lang=""EN-GB"">Suppose
     you want to find a route to home when you are alone at Starbucks.<o:p></o:p></span>"
11/6/2018 10:55,11/6/2018 10:55,0,198.52.38.5,100,21,1,11/6/2018 10:55,R_3P7biMjPHfr7F7t,,,,,34.05839539,-118.2779999,anonymous,EN,"1,3",,,,,,,,,,,,,,,,,,,,,,,,,,,,,,,,,,,,,,,,,,,,,,,,,,,,,,,,,,,,,,,,,,,,,,,,,,,,,,,,,,,,,,,,,,,,,,,,,,,,,,,,,,,,,,,,,,,,,,,,,,,,,,,,,,,,,,,,,,,,,,,,,,,,,,,,,,,,,,,,,,,,,,,,,,,,,,,,,,,,,,,,,,,,,,,,,,,,,,,,,,,,,,,,,,,9048,"<span lang=""EN-GB"">Suppose you want to browse the internet when you are alone at a restaurant.<o:p></o:p></span>"
11/6/2018 10:56,11/6/2018 10:56,0,151.181.82.110,100,16,1,11/6/2018 10:56,R_DMqZtSJboTuWABH,,,,,43.04440308,-76.17579651,anonymous,EN,"1,2",,,,,,,,,,,,,,,,,,,,,,,,,,,,,,,,,,,,,,,,,,,,,,,,,,,,,,,,,,,,,,,,,,,,,,,,,,,,,,,,,,,,,,,,,,,,,,,,,,,,,,,,,,,,,,,,,,,,,,,,,,,,,,,,,,,,,,,,,,,,,,,,,,,,,,,,,,,,,,,,,,,,,,,,,,,,,,,,,,,,,,,,,,,,,,,,,,,,,,,,,,,,,,,,,,,9682,"<span lang=""EN-GB"">Suppose
     you want to listen to some audio when you are with people you know (e.g.,
     acquaintances, colleagues) in a park.<o:p></o:p></span>


<p><span lang=""EN-GB"" style=""color:red"">&nbsp;</span></p>"
11/6/2018 10:56,11/6/2018 10:59,0,151.181.82.110,100,205,1,11/6/2018 10:59,R_Wwf5qXrHDXLuJ3j,,,,,43.04440308,-76.17579651,anonymous,EN,"1,2,4","1,2,3,4,5",,1,,"1,2",,1,,1,,2,"1,2,3",,"2,3",,1,6,,"1,2",,6,,1,,"1,2,3",,"1,2",,,,,,,,,,,,,,,,,,,,,,,,,,,,,,,,,,,,,,,,,,,,,,,,,,,,,,,,,,,,,,,,,,,,,,,,,,,,,,,,,,,,,,,,,,,,,,,,,,,,,,,,,,,,,,,,,,,,,,,,,,,,,,,,,,,,,,,,,,,,,,,,,,,,,,,,,,,,,,,,,,,,,,,,,,,,,,,,,,,,,,,,44661,"<span lang=""EN-GB"">Suppose you want to call your mother for sharing an important
     update about your life&nbsp; when you
     with people you know (e.g., acquaintances, colleagues) at a park<o:p></o:p></span>"
11/6/2018 10:58,11/6/2018 11:00,0,74.95.83.109,100,82,1,11/6/2018 11:00,R_Q4Uav62IAluSKJP,,,,,39.62640381,-75.84580231,anonymous,EN,"1,2,3,4,6",2,,"2,3",,3,,1,,1,,4,2,,1,,2,2,,2,,"1,2,3",,2,,2,,1,,,,,,,,,,,,,,,,,,,,,,,,,,,,,,,,,,,,,,,,,,,,,,,,,,,,,,,,,,,,,,,,,,,,,,,,,,,,,,,,,,,,,,,,,,,,,,,,,,,,,,,,,,,,,,,,,,,,,,,,,,,,,,,,,,,,,,,,,,,,,,,,,,,,,,,,,,,,,,,,,,,,,,,,,,,,,,,,,,,,,,,,89396,"<span lang=""EN-GB"">Suppose you want to browse through one of your social media profiles when you&nbsp;</span>are at your home."
11/6/2018 10:54,11/6/2018 11:01,0,71.176.70.228,100,403,1,11/6/2018 11:01,R_ZkQYHoCL3uPpzgd,,,,,43.03540039,-76.12819672,anonymous,EN,"1,2,3,4,5,6",2,,5,,2,,3,,1,,1,5,,2,,1,3,,"1,2",,3,,"1,2",,1,,4,,"2,4,5,6",,,,,,,,,,,,,,,,,,,,,,,,,,,,,,"1,2",,1,,2,,3,,1,,1,"1,2",,5,,5,,3,,"2,3",,2,,"2,3",,5,,4,,,,,,,,,,,,,,,,,,,,,,,,,,,,,,,2,,1,,"2,3",,1,,1,,1,5,,5,,5,,3,,3,,2,,3,,5,,4,,1,,2,,4,,3,,"2,3,4",,"1,2",5,,1,,1,,4,,2,,3,,2,,5,,4,,"1,2",,1,,"2,3",,3,,1,,1,5,,5,,5,,3,,"2,3",,2,,"2,3",,5,,4,,male,45,manager,5,1,,4,97373,"<span lang=""EN-GB"">Suppose
     you want to a view a text message when you are surrounded by people you
     know (e.g., acquaintances, colleagues) at your home.<o:p></o:p></span>"
11/6/2018 11:01,11/6/2018 11:06,0,173.95.134.235,100,305,1,11/6/2018 11:06,R_rd1FIgff3rMql8d,,,,,35.98150635,-78.53919983,anonymous,EN,"1,2,4,5",2,,1,,"1,2,3,4",,1,,1,,3,"1,2,3",,"1,2,3",,3,"2,4",,2,,3,,2,,1,,"1,2",,1,2,,"1,2,3",,1,,1,,3,,3,"1,2,3",,"1,2,3",,3,,3,,3,,2,,3,,"1,2,3",,"1,2",,,,,,,,,,,,,,,,,,,,,,,,,,,,,,,,,,,,,,,,,,,,,,,,,,,,,,,,,,,,,,,,,,,,,,,,,,,,,,,,,,,,,,,,,,,,,,,,,,,,,,,,,,,,,,,,,,,,,,,,,,,,,,,,,,,,,,,,,,,,,,,,,,,,,,,,,,64280,"<span lang=""EN-GB"">Suppose you want to watch some video when you are alone at your home.<strong><o:p></o:p></strong></span>"
11/6/2018 11:07,11/6/2018 11:12,0,69.148.165.226,100,349,1,11/6/2018 11:12,R_3EjaYb8lpuu1Av7,,,,,38.99530029,-94.36519623,anonymous,EN,"1,2,3",2,,5,,3,,1,,1,,3,3,,3,,2,6,,1,,3,,1,,5,,2,,,,,,,,,,,,,,,,,,,,,,,,,,,,,,,,,,,,,,,,,,,,,,,,,,,,,,,,,,,,,,,,,,,,,,,,,,,,,,,,,,,,,,,,,,,,,,,,,,,,,,,,,,,,,,,,,,,,,,,,,,,,,,,,,,,,,,,,,,,,,,,,,,,,,,,,,,,,,,,,,,,,,,,,,,,,,,,,,,,,,,,,3441,"<span lang=""EN-GB"">Suppose you are at sitting in a park and you want to play a digital/online game.<o:p></o:p></span>"
11/6/2018 11:17,11/6/2018 11:18,0,73.5.106.65,100,31,1,11/6/2018 11:18,R_1f0GmXOlFQkyWyq,,,,,35.08210754,-89.85009766,anonymous,EN,"2,3",,,,,,,,,,,,,,,,,,,,,,,,,,,,,,,,,,,,,,,,,,,,,,,,,,,,,,,,,,,,,,,,,,,,,,,,,,,,,,,,,,,,,,,,,,,,,,,,,,,,,,,,,,,,,,,,,,,,,,,,,,,,,,,,,,,,,,,,,,,,,,,,,,,,,,,,,,,,,,,,,,,,,,,,,,,,,,,,,,,,,,,,,,,,,,,,,,,,,,,,,,,,,,,,,,,47780,"<span lang=""EN-GB"">Suppose
     you want to listen to some audio when you are alone at your home.<strong><o:p></o:p></strong></span>"
11/6/2018 11:19,11/6/2018 11:19,0,76.189.131.161,100,23,1,11/6/2018 11:19,R_1jMThOlFAZVH9QJ,,,,,41.14489746,-81.34980011,anonymous,EN,"1,2",,,,,,,,,,,,,,,,,,,,,,,,,,,,,,,,,,,,,,,,,,,,,,,,,,,,,,,,,,,,,,,,,,,,,,,,,,,,,,,,,,,,,,,,,,,,,,,,,,,,,,,,,,,,,,,,,,,,,,,,,,,,,,,,,,,,,,,,,,,,,,,,,,,,,,,,,,,,,,,,,,,,,,,,,,,,,,,,,,,,,,,,,,,,,,,,,,,,,,,,,,,,,,,,,,,54825,"<span lang=""EN-GB"">Suppose
     you want to a view a text message
     when you are walking with a very close friend on a street<o:p></o:p></span>"
11/6/2018 11:13,11/6/2018 11:20,0,72.191.252.29,100,415,1,11/6/2018 11:20,R_3G1WdZkghJNzeuL,,,,,32.92269897,-96.62480164,anonymous,EN,"1,2,3,4,5","1,2,5",,"1,2",,"1,2,3,4",,1,,1,,"2,3","1,2,3",,"1,2,3",,"2,3","1,2,4",,"1,2,3",,"1,2,3,4",,"1,2,3",,"1,2,3",,"1,2",,2,,,,,,,,,,,,,,,,,,,,,,,,,,,,,,"1,2,3,4,5",,"1,2,3",,"1,2,3,4",,1,,1,,"2,3","1,2,3",,"1,2,3",,"1,2,3",,"1,2,4",,"1,2,3,4",,"1,2,3",,"1,2,3,4",,"1,2,3",,"1,2",,,,,,,,,,,,,,,,,,,,,,,,,,,,,,,,,,,,,,,,,,,,,,,,,,,,,,,,,,,,,,,,,,,,,,,,,,,,,,,,,,,,,,,,,,,,,,,,,,,,,,,,,,,,,,,,,,,,,,Male,44,Manufacturing Senior Engineer,5,1,,4,99709,"<span lang=""EN-GB"">Suppose you want to a view a text message when you are alone at a street.<o:p></o:p></span>"
11/6/2018 11:17,11/6/2018 11:21,0,172.58.24.232,100,211,1,11/6/2018 11:21,R_D8f7tWiYm4yscNj,,,,,34.07330322,-117.6987,anonymous,EN,"1,2,5,6",4,,5,,"1,2,3",,3,,1,,"2,3","2,3",,"2,3",,2,3,,"1,2",,4,,1,,5,,1,,,,,,,,,,,,,,,,,,,,,,,,,,,,,,,,,,,,,,,,,,,,,,,,,,,,,,,,,,,,,,,,,,,,,,,,,,,,,,,,,,,,,,,,,,,,,,,,,,,,,,,,,,,,,,,,,,,,,,,,,,,,,,,,,,,,,,,,,,,,,,,,,,,,,,,,,,,,,,,,,,,,,,,,,,,,,,,,,,,,,,,,84382,"<span lang=""EN-GB"">Suppose
     you are at home with some people you know (e.g., acquaintances,
     colleagues) when you realize today is the last day to pay one of your
     bills online.<o:p></o:p></span>"
10/30/2018 12:25,10/30/2018 12:25,0,216.163.247.1,78,25,0,11/6/2018 11:25,R_3dJP5ViCVitYYjQ,,,,,,,anonymous,EN,"1,2,4,5",,,,,,,,,,,,,,,,,,,,,,,,,,,,,,,,,,,,,,,,,,,,,,,,,,,,,,,,,,,,,,,,,,,,,,,,,,,,,,,,,,,,,,,,,,,,,,,,,,,,,,,,,,,,,,,,,,,,,,,,,,,,,,,,,,,,,,,,,,,,,,,,,,,,,,,,,,,,,,,,,,,,,,,,,,,,,,,,,,,,,,,,,,,,,,,,,,,,,,,,,,,,,,,,,,,27078,"<span lang=""EN-GB"">Suppose
     you want to read a digital document when you are at home with people you
     are close to (e.g., friends, family members).<strong><o:p></o:p></strong></span>"
11/6/2018 11:23,11/6/2018 11:25,0,173.251.90.109,100,129,1,11/6/2018 11:25,R_1ptItb6Mm9fqZ0p,,,,,40.65710449,-74.64320374,anonymous,EN,"1,2,3,4",4,,2,,2,,1,,"1,2",,3,"2,3",,3,,3,"2,3",,"1,2",,3,,2,,"1,2",,"1,2",,,,,,,,,,,,,,,,,,,,,,,,,,,,,,,,,,,,,,,,,,,,,,,,,,,,,,,,,,,,,,,,,,,,,,,,,,,,,,,,,,,,,,,,,,,,,,,,,,,,,,,,,,,,,,,,,,,,,,,,,,,,,,,,,,,,,,,,,,,,,,,,,,,,,,,,,,,,,,,,,,,,,,,,,,,,,,,,,,,,,,,,5086,"<span lang=""EN-GB"">Suppose
     you want to a view a text message when you with people you know (e.g.,
     acquaintances, colleagues) at a street<strong>.</strong><o:p></o:p></span>"
11/6/2018 11:26,11/6/2018 11:27,0,97.126.71.122,100,17,1,11/6/2018 11:27,R_BFYzup4862JphIJ,,,,,47.61160278,-122.305603,anonymous,EN,"1,2",,,,,,,,,,,,,,,,,,,,,,,,,,,,,,,,,,,,,,,,,,,,,,,,,,,,,,,,,,,,,,,,,,,,,,,,,,,,,,,,,,,,,,,,,,,,,,,,,,,,,,,,,,,,,,,,,,,,,,,,,,,,,,,,,,,,,,,,,,,,,,,,,,,,,,,,,,,,,,,,,,,,,,,,,,,,,,,,,,,,,,,,,,,,,,,,,,,,,,,,,,,,,,,,,,,13220,"<span lang=""EN-GB"">Suppose you want to control some devices/appliances (e.g., smart lights) when you are at home with people you are close to (e.g., friends, family members)<strong><o:p></o:p></strong></span>"
11/6/2018 11:21,11/6/2018 11:27,0,72.69.249.163,100,368,1,11/6/2018 11:27,R_2aWTshyvjpUIfmx,,,,,40.71389771,-74.00700378,anonymous,EN,"1,2,4","2,3,5",,"1,3",,"1,4",,1,,1,,3,"1,2,3",,"2,3",,3,"1,2,3",,"1,2",,"1,3,4",,"1,2",,"1,2,3",,"1,2",,2,,,,,,,,,,,,,,,,,,,,,,,,,,,,,,"1,2,3,5",,"2,3",,3,,1,,1,,3,"1,2,3",,2,,"2,3",,"1,2,3",,"1,3,4",,"1,2",,"1,3,4",,"1,2,3",,"1,2",,,,,,,,,,,,,,,,,,,,,,,,,,,,,,,,,,,,,,,,,,,,,,,,,,,,,,,,,,,,,,,,,,,,,,,,,,,,,,,,,,,,,,,,,,,,,,,,,,,,,,,,,,,,,,,,,,,,,,,,,,,,,68294,"<span lang=""EN-GB"">Suppose
     you want to a send an email when you are with a very close friend at a
     restaurant&nbsp;<o:p></o:p></span>"
11/6/2018 11:29,11/6/2018 11:29,0,12.40.43.242,100,6,1,11/6/2018 11:29,R_1hG394SH5TZ3T1S,,,,,39.08500671,-94.63559723,anonymous,EN,3,,,,,,,,,,,,,,,,,,,,,,,,,,,,,,,,,,,,,,,,,,,,,,,,,,,,,,,,,,,,,,,,,,,,,,,,,,,,,,,,,,,,,,,,,,,,,,,,,,,,,,,,,,,,,,,,,,,,,,,,,,,,,,,,,,,,,,,,,,,,,,,,,,,,,,,,,,,,,,,,,,,,,,,,,,,,,,,,,,,,,,,,,,,,,,,,,,,,,,,,,,,,,,,,,,,61416,"<span lang=""EN-GB"">Suppose you want to set up a reminder about something when you are at Starbucks with close friends.<o:p></o:p></span>"
11/6/2018 11:32,11/6/2018 11:34,0,65.102.59.14,100,114,1,11/6/2018 11:34,R_1CCJa810rqKI421,,,,,45.48399353,-122.6365051,anonymous,EN,"1,2,4","2,4,5",,1,,"1,2,3",,1,,1,,"1,2","1,2,3",,2,,"1,2",6,,5,,"3,6",,"1,2",,1,,4,,,,,,,,,,,,,,,,,,,,,,,,,,,,,,,,,,,,,,,,,,,,,,,,,,,,,,,,,,,,,,,,,,,,,,,,,,,,,,,,,,,,,,,,,,,,,,,,,,,,,,,,,,,,,,,,,,,,,,,,,,,,,,,,,,,,,,,,,,,,,,,,,,,,,,,,,,,,,,,,,,,,,,,,,,,,,,,,,,,,,,,,75676,"<span lang=""EN-GB"">Suppose you are alone at home, you want to take a break from studying/working&nbsp;</span>so you decide to play an online/digital game with some close friends ."
11/6/2018 11:41,11/6/2018 11:42,0,108.14.194.166,100,36,1,11/6/2018 11:42,R_1Iuuksk0tKVWUm1,,,,,40.64239502,-73.97579956,anonymous,EN,"1,2",,,,,,,,,,,,,,,,,,,,,,,,,,,,,,,,,,,,,,,,,,,,,,,,,,,,,,,,,,,,,,,,,,,,,,,,,,,,,,,,,,,,,,,,,,,,,,,,,,,,,,,,,,,,,,,,,,,,,,,,,,,,,,,,,,,,,,,,,,,,,,,,,,,,,,,,,,,,,,,,,,,,,,,,,,,,,,,,,,,,,,,,,,,,,,,,,,,,,,,,,,,,,,,,,,,95130,"<span lang=""EN-GB"">Suppose
     you want to set up a reminder when you are at a park by yourself.<o:p></o:p></span>"
11/6/2018 11:40,11/6/2018 11:43,0,141.126.132.106,100,207,1,11/6/2018 11:43,R_2c1HXt9lOXs0VT8,,,,,43.12049866,-89.35230255,anonymous,EN,"1,2,4","2,3,4,5",,"1,3",,"1,2,3",,1,,1,,4,3,,"2,3",,"2,3","2,3",,3,,"3,6",,"1,2",,"1,3",,"1,2",,,,,,,,,,,,,,,,,,,,,,,,,,,,,,,,,,,,,,,,,,,,,,,,,,,,,,,,,,,,,,,,,,,,,,,,,,,,,,,,,,,,,,,,,,,,,,,,,,,,,,,,,,,,,,,,,,,,,,,,,,,,,,,,,,,,,,,,,,,,,,,,,,,,,,,,,,,,,,,,,,,,,,,,,,,,,,,,,,,,,,,,95391,"<span lang=""EN-GB"">Suppose you are at a coffee shop, you have just read a book you loved and now&nbsp;</span>you want to write a review for it to share with your close family and friends."
11/6/2018 11:46,11/6/2018 11:51,0,104.188.190.225,100,247,1,11/6/2018 11:51,R_2Quh92MAEHqI4X9,,,,,28.58009338,-81.48459625,anonymous,EN,"1,2,3,4,5,6","3,4",,"1,2,3",,"2,3",,1,,"2,3,4",,"1,2","1,2",,"1,2",,"1,2","2,3",,"1,2",,"1,2,3",,"1,2",,"1,2",,"1,2",,"1,2,3,4,5","3,5",,3,,"2,3",,1,,"1,3",,2,"1,2",,2,,"2,3",,"2,3",,"2,3,4",,"1,2",,"1,3",,3,,"1,2",,"2,3,4",,"1,2",,"2,3",,1,,4,,"1,2","1,2",,"1,2",,"1,2",,"1,2,3",,"1,2,3",,"1,2",,"1,2,3",,"2,3",,"1,2",,"2,3",,"2,3",,"2,3",,1,,"1,2",,"1,3","1,2",,"2,3",,3,,"1,2",,"1,2,3",,"2,3",,"1,3",,"2,3",,"1,2",,"2,3,4",,"1,2",,"2,3",,1,,"2,3",,1,"1,2",,"1,2",,1,,"1,2,3",,"1,2",,"1,2",,"1,2",,1,,"1,2",,"2,3",,"2,3",,"3,4",,1,,"2,3",,"1,2","2,3",,3,,"1,2",,3,,7,,"1,2",,"2,3",,"1,2",,"1,2",,,,,,,,,,,,,,,,,,,,,,,,,,,,,,,,,,,,,,98908,"<span lang=""EN-GB"">Suppose you are at a park with some people you know (e.g., acquaintances, colleagues) when you realize that you have to immediately pay one of your bills online.<o:p></o:p></span>"
11/6/2018 11:57,11/6/2018 11:58,0,198.49.31.143,100,34,1,11/6/2018 11:58,R_27wLIUoyVuArvmV,,,,,33.396698,-86.83460236,anonymous,EN,"2,3,5,6",4,,"2,3",,"2,4",,1,,"3,4",,3,"1,3",,2,,4,"1,2",,"1,2",,"2,4",,3,,"1,2",,2,,,,,,,,,,,,,,,,,,,,,,,,,,,,,,,,,,,,,,,,,,,,,,,,,,,,,,,,,,,,,,,,,,,,,,,,,,,,,,,,,,,,,,,,,,,,,,,,,,,,,,,,,,,,,,,,,,,,,,,,,,,,,,,,,,,,,,,,,,,,,,,,,,,,,,,,,,,,,,,,,,,,,,,,,,,,,,,,,,,,,,,,72771,"<span lang=""EN-GB"">Suppose you want to find a route to a coffee shop when you are
     at home </span><span lang=""EN-GB"">with
     people you are close to (e.g., friends, family members)</span><strong><span lang=""EN-GB""><o:p></o:p></span></strong>"
10/30/2018 12:59,10/30/2018 13:00,0,24.131.30.199,78,81,0,11/6/2018 12:00,R_24r7Ll2QoMmKmnv,,,,,,,anonymous,EN,"1,2,6",,,,,,,,,,,,,,,,,,,,,,,,,,,,,,,,,,,,,,,,,,,,,,,,,,,,,,,,,,,,,,,,,,,,,,,,,,,,,,,,,,,,,,,,,,,,,,,,,,,,,,,,,,,,,,,,,,,,,,,,,,,,,,,,,,,,,,,,,,,,,,,,,,,,,,,,,,,,,,,,,,,,,,,,,,,,,,,,,,,,,,,,,,,,,,,,,,,,,,,,,,,,,,,,,,,45081,"<span lang=""EN-GB"">Suppose
     you want to listen to some audio when you are with people you know (e.g.,
     acquaintances, colleagues) in a park.<o:p></o:p></span>


<p><span lang=""EN-GB"" style=""color:red"">&nbsp;</span></p>"
11/6/2018 11:01,11/6/2018 12:02,0,71.176.70.228,100,3639,1,11/6/2018 12:02,R_9KTSDQzvCRClr7H,,,,,43.03540039,-76.12819672,anonymous,EN,"1,2,3,4,5,6",2,,1,,2,,3,,1,,1,1,,2,,1,3,,"1,2",,"2,3",,"1,2",,1,,4,,6,,,,,,,,,,,,,,,,,,,,,,,,,,,,,,,,,,,,,,,,,,,,,,,,,,,,,,,,,,,,,,,,,,,,,,,,,,,,,,,,,,,,,,,,,,,,,,,,,,,,,,,,,,,,,,,,,,,,,,,,,,,,,,,,,,,,,,,,,,,,,,,,,,2,,5,,2,,1,,2,,1,"1,2",,"2,3",,"2,3",,3,,"3,4",,2,,"3,4",,1,,2,,male,50,veteran,4,4,,2,70869,"<span lang=""EN-GB"">Suppose it is a regular working day, you want to track the total amount of calories&nbsp;</span>you consume and burn off during the day.&nbsp;"
11/6/2018 12:02,11/6/2018 12:04,0,99.10.169.29,100,164,1,11/6/2018 12:04,R_u54PLujWG8FVKyB,,,,,26.66439819,-80.17410278,anonymous,EN,"1,2,3,4,6","2,3,5",,1,,"1,2,3,4",,1,,"1,3",,3,"1,2",,"1,2,3",,3,"1,2,3",,"1,2,3",,"1,3",,2,,"2,3",,"1,2",,,,,,,,,,,,,,,,,,,,,,,,,,,,,,,,,,,,,,,,,,,,,,,,,,,,,,,,,,,,,,,,,,,,,,,,,,,,,,,,,,,,,,,,,,,,,,,,,,,,,,,,,,,,,,,,,,,,,,,,,,,,,,,,,,,,,,,,,,,,,,,,,,,,,,,,,,,,,,,,,,,,,,,,,,,,,,,,,,,,,,,,78364,"<span lang=""EN-GB"">Suppose
     you want to a view a text message when you are surrounded by people you
     know (e.g., acquaintances, colleagues) at a restaurant.<o:p></o:p></span>"
11/6/2018 12:05,11/6/2018 12:12,0,99.10.169.29,100,456,1,11/6/2018 12:12,R_XtciWgrzZRwKWs1,,,,,26.66439819,-80.17410278,anonymous,EN,"1,2,3,4,6","2,5",,1,,1,,1,,3,,3,2,,3,,3,2,,2,,"1,3",,2,,3,,"1,2",,2,,,,,,,,,,,,,,,,,,,,,,,,,,,,,,2,,3,,1,,1,,2,,3,2,,3,,3,,1,,"1,3",,2,,"1,3",,3,,2,,,,,,,,,,,,,,,,,,,,,,,,,,,,,,,,,,,,,,,,,,,,,,,,,,,,,,,,,,,,,,,,,,,,,,,,,,,,,,,,,,,,,,,,,,,,,,,,,,,,,,,,,,,,,,,,,,,,,,female,50,RN,5,3,,8,30918,"<span lang=""EN-GB"">Suppose
     you want to a send a text message when you are surrounded by people you
     know (e.g., acquaintances, colleagues) at your home.<o:p></o:p></span>"
11/6/2018 12:26,11/6/2018 12:26,0,107.184.168.185,100,8,1,11/6/2018 12:26,R_3njXk5jUHlsqJ43,,,,,33.67480469,-117.908905,anonymous,EN,"3,4",,,,,,,,,,,,,,,,,,,,,,,,,,,,,,,,,,,,,,,,,,,,,,,,,,,,,,,,,,,,,,,,,,,,,,,,,,,,,,,,,,,,,,,,,,,,,,,,,,,,,,,,,,,,,,,,,,,,,,,,,,,,,,,,,,,,,,,,,,,,,,,,,,,,,,,,,,,,,,,,,,,,,,,,,,,,,,,,,,,,,,,,,,,,,,,,,,,,,,,,,,,,,,,,,,,91701,"<span lang=""EN-GB"">Suppose you want to call your mother for sharing an important
     update about your life when you are surrounded by people you know (e.g.,
     acquaintances, colleagues) at your home.<o:p></o:p></span>"
11/6/2018 12:28,11/6/2018 12:31,0,71.183.92.137,100,204,1,11/6/2018 12:31,R_1GD3UgSSNbJ4VvA,,,,,40.78160095,-73.95110321,anonymous,EN,6,,,,,,,,,,,,,,,,,,,,,,,,,,,,,,,,,,,,,,,,,,,,,,,,,,,,,,,,,,,,,,,,,,,,,,,,,,,,,,,,,,,,,,,,,,,,,,,,,,,,,,,,,,,,,,,,,,,,,,,,,,,,,,,,,,,,,,,,,,,,,,,,,,,,,,,,,,,,,,,,,,,,,,,,,,,,,,,,,,,,,,,,,,,,,,,,,,,,,,,,,,,,,,,,,,,59914,"<span lang=""EN-GB"">Suppose you want to browse the internet when you are at home with people you know (e.g., acquaintances, colleagues).<o:p></o:p></span>"
11/6/2018 12:28,11/6/2018 12:32,0,107.77.215.43,100,257,1,11/6/2018 12:32,R_vJmFLI5uuH0ndYZ,,,,,28.51400757,-81.35700226,anonymous,EN,"1,2,3,4",2,,3,,1,,1,,1,,"1,2,3",2,,5,,"1,2,3",6,,"1,2",,"2,3",,2,,1,,4,,,,,,,,,,,,,,,,,,,,,,,,,,,,,,,,,,,,,,,,,,,,,,,,,,,,,,,,,,,,,,,,,,,,,,,,,,,,,,,,,,,,,,,,,,,,,,,,,,,,,,,,,,,,,,,,,,,,,,,,,,,,,,,,,,,,,,,,,,,,,,,,,,,,,,,,,,,,,,,,,,,,,,,,,,,,,,,,,,,,,,,,84135,"<span lang=""EN-GB"">Suppose
     you want to call your mother for sharing an important update about your
     life when you are alone at Starbucks.<o:p></o:p></span>"
11/6/2018 12:27,11/6/2018 12:32,0,76.176.131.201,100,322,1,11/6/2018 12:32,R_2wSGZKylZAFgWFt,,,,,33.16020203,-117.3249969,anonymous,EN,"1,2,4",2,,1,,1,,1,,1,,2,1,,5,,2,3,,2,,3,,2,,1,,"1,2",,2,,,,,,,,,,,,,,,,,,,,,,,,,,,,,,2,,1,,1,,1,,1,,2,1,,5,,5,,3,,3,,2,,3,,1,,"1,2",,,,,,,,,,,,,,,,,,,,,,,,,,,,,,,,,,,,,,,,,,,,,,,,,,,,,,,,,,,,,,,,,,,,,,,,,,,,,,,,,,,,,,,,,,,,,,,,,,,,,,,,,,,,,,,,,,,,,,female,34,graphic designer,6,1,,5,95821,"<span style=""color: rgb(0, 0, 0); font-family: Times; font-size: 16px;"">Suppose you want control some devices/appliances (e.g., smart lights) when you are with people you know (e.g., acquaintances, colleagues).</span>"
11/6/2018 12:27,11/6/2018 12:34,0,63.202.171.143,100,371,1,11/6/2018 12:34,R_1psBGXdc3QjfOI4,,,,,37.78120422,-122.4613953,anonymous,EN,"1,2,4","1,2,5",,3,,1,,1,,1,,3,"1,2,3",,5,,3,1,,"1,2",,"1,3,4,6",,"1,2",,"1,2,3",,4,,2,,,,,,,,,,,,,,,,,,,,,,,,,,,,,,"2,5",,3,,3,,1,,1,,3,3,,5,,5,,6,,"1,3,4",,5,,7,,3,,4,,,,,,,,,,,,,,,,,,,,,,,,,,,,,,,,,,,,,,,,,,,,,,,,,,,,,,,,,,,,,,,,,,,,,,,,,,,,,,,,,,,,,,,,,,,,,,,,,,,,,,,,,,,,,,,,,,,,,,,,,,,,,2854,"<span lang=""EN-GB"">Suppose
     you want to a send a text message when you with people you know (e.g., acquaintances,
     colleagues) at a street<strong>.</strong><o:p></o:p></span>"
11/6/2018 12:33,11/6/2018 12:34,0,162.129.251.85,100,14,1,11/6/2018 12:34,R_33jMPkDT53a9oKV,,,,,39.32650757,-76.60479736,anonymous,EN,"1,2",,,,,,,,,,,,,,,,,,,,,,,,,,,,,,,,,,,,,,,,,,,,,,,,,,,,,,,,,,,,,,,,,,,,,,,,,,,,,,,,,,,,,,,,,,,,,,,,,,,,,,,,,,,,,,,,,,,,,,,,,,,,,,,,,,,,,,,,,,,,,,,,,,,,,,,,,,,,,,,,,,,,,,,,,,,,,,,,,,,,,,,,,,,,,,,,,,,,,,,,,,,,,,,,,,,66241,"<span lang=""EN-GB"">Suppose you want to call your mother for sharing an important
     update about your life&nbsp; when you
     with people you know (e.g., acquaintances, colleagues) at a park<o:p></o:p></span>"
11/6/2018 12:35,11/6/2018 12:35,0,107.207.112.237,100,16,1,11/6/2018 12:35,R_1eL5TCPqCqFxOg5,,,,,26.73829651,-80.27600098,anonymous,EN,"1,2",,,,,,,,,,,,,,,,,,,,,,,,,,,,,,,,,,,,,,,,,,,,,,,,,,,,,,,,,,,,,,,,,,,,,,,,,,,,,,,,,,,,,,,,,,,,,,,,,,,,,,,,,,,,,,,,,,,,,,,,,,,,,,,,,,,,,,,,,,,,,,,,,,,,,,,,,,,,,,,,,,,,,,,,,,,,,,,,,,,,,,,,,,,,,,,,,,,,,,,,,,,,,,,,,,,43768,"<span lang=""EN-GB"">Suppose it is a regular working day, you want to track the total amount of calories&nbsp;</span>you consume and burn off during the day.&nbsp;"
11/6/2018 12:37,11/6/2018 12:37,0,216.255.244.203,100,15,1,11/6/2018 12:37,R_3h41FnxrvWvowbP,,,,,29.1605072,-82.12879944,anonymous,EN,2,,,,,,,,,,,,,,,,,,,,,,,,,,,,,,,,,,,,,,,,,,,,,,,,,,,,,,,,,,,,,,,,,,,,,,,,,,,,,,,,,,,,,,,,,,,,,,,,,,,,,,,,,,,,,,,,,,,,,,,,,,,,,,,,,,,,,,,,,,,,,,,,,,,,,,,,,,,,,,,,,,,,,,,,,,,,,,,,,,,,,,,,,,,,,,,,,,,,,,,,,,,,,,,,,,,99081,"<span lang=""EN-GB"" style=""font-size:11.0pt;line-height:115%;
font-family:&quot;Arial&quot;,sans-serif;mso-fareast-font-family:Arial;mso-ansi-language:
EN-GB;mso-fareast-language:EN-US;mso-bidi-language:AR-SA"">Suppose you want to check your social media when you are alone in a park.</span>"
11/6/2018 12:28,11/6/2018 12:40,0,198.58.78.212,100,689,1,11/6/2018 12:40,R_xn346dfhKOFBsw9,,,,,29.41889954,-98.6894989,anonymous,EN,"1,2,3,4,5,6","1,2,4,5",,"1,2,3",,"1,2,3,4",,1,,1,,"2,3","1,2,3",,"1,2",,"2,3","3,4",,"1,2",,"1,2,3,4",,"1,2",,"1,2,3",,"1,2",,"1,2","4,5",,"1,2,3",,"1,2",,1,,1,,"2,3","1,2,3",,1,,2,,"1,2,3",,"1,2,3,4",,"1,2",,"1,2,3,4",,"1,2,3",,"1,2",,"1,2,3,5",,"1,2",,"1,2,3",,1,,1,,"2,3","1,2,3",,"1,2",,"1,2",,"1,2,3,4",,"1,2,3,4",,"1,2",,"1,2,3,4",,"1,2,3",,"1,2",,,,,,,,,,,,,,,,,,,,,,,,,,,,,,,,,,,,,,,,,,,,,,,,,,,,,,,,,,,,,,,,,,,,,,,,,,,,,,,,,,,,,,,,,,,,,,,,,,,,,,,,,,,,,,,,,,,,,,,,,,,,,77885,"<span lang=""EN-GB"">Suppose
     you want to set up a reminder about something when you are with people you
     know (e.g., acquaintances, colleagues) at Starbucks.<o:p></o:p></span>"
11/6/2018 12:34,11/6/2018 12:41,0,47.198.197.108,100,422,1,11/6/2018 12:41,R_Pv8F82XthL1VzQl,,,,,28.03010559,-82.60479736,anonymous,EN,"1,2,3,5,6",2,,1,,3,,1,,1,,2,"2,3",,"1,3",,2,4,,2,,"1,2,3",,2,,1,,2,,2,,,,,,,,,,,,,,,,,,,,,,,,,,,,,,"1,2",,1,,"2,3",,1,,1,,2,"1,2",,2,,2,,"2,3",,"2,3,4",,1,,"2,3,4",,"1,2",,2,,,,,,,,,,,,,,,,,,,,,,,,,,,,,,,,,,,,,,,,,,,,,,,,,,,,,,,,,,,,,,,,,,,,,,,,,,,,,,,,,,,,,,,,,,,,,,,,,,,,,,,,,,,,,,,,,,,,,,male,30,sales manager,3,1,,3,35805,"<span lang=""EN-GB"">Suppose you want to browse internet when you are with your close friends at a restaurant.<o:p></o:p></span>"
11/6/2018 12:38,11/6/2018 12:42,0,180.131.254.10,100,235,1,11/6/2018 12:42,R_2CBaJzWo4KNzee4,,,,,35.69000244,139.6900024,anonymous,EN,"1,2",,,,,,,,,,,,,,,,,,,,,,,,,,,,,,,,,,,,,,,,,,,,,,,,,,,,,,,,,,,,,,,,,,,,,,,,,,,,,,,,,,,,,,,,,,,,,,,,,,,,,,,,,,,,,,,,,,,,,,,,,,,,,,,,,,,,,,,,,,,,,,,,,,,,,,,,,,,,,,,,,,,,,,,,,,,,,,,,,,,,,,,,,,,,,,,,,,,,,,,,,,,,,,,,,,,8844,"<span lang=""EN-GB"">Suppose
     you want to purchase something online when you are alone at a park.<o:p></o:p></span>"
11/6/2018 12:42,11/6/2018 12:44,0,180.131.254.10,100,110,1,11/6/2018 12:44,R_ZCsWZaUmgyxoeWd,,,,,35.69000244,139.6900024,anonymous,EN,"1,2,3,4,5,6","2,5",,5,,"1,2,3,4",,1,,1,,1,2,,5,,1,6,,1,,6,,"1,2",,1,,4,,,,,,,,,,,,,,,,,,,,,,,,,,,,,,,,,,,,,,,,,,,,,,,,,,,,,,,,,,,,,,,,,,,,,,,,,,,,,,,,,,,,,,,,,,,,,,,,,,,,,,,,,,,,,,,,,,,,,,,,,,,,,,,,,,,,,,,,,,,,,,,,,,,,,,,,,,,,,,,,,,,,,,,,,,,,,,,,,,,,,,,,41589,"<span lang=""EN-GB"">Suppose
     you want to find a route to home when you are alone at Starbucks.<o:p></o:p></span>"
11/6/2018 12:46,11/6/2018 12:47,0,107.167.116.228,100,34,1,11/6/2018 12:47,R_1ihCz508jlNkatq,,,,,37.75100708,-97.8219986,anonymous,EN,"2,3",,,,,,,,,,,,,,,,,,,,,,,,,,,,,,,,,,,,,,,,,,,,,,,,,,,,,,,,,,,,,,,,,,,,,,,,,,,,,,,,,,,,,,,,,,,,,,,,,,,,,,,,,,,,,,,,,,,,,,,,,,,,,,,,,,,,,,,,,,,,,,,,,,,,,,,,,,,,,,,,,,,,,,,,,,,,,,,,,,,,,,,,,,,,,,,,,,,,,,,,,,,,,,,,,,,514,"<span lang=""EN-GB"">Suppose you want to a send an email when you are surrounded with people you are close to (e.g., friends, family members) at your home.<strong><o:p></o:p></strong></span>"
11/6/2018 12:51,11/6/2018 12:52,0,199.181.202.26,100,72,1,11/6/2018 12:52,R_3pfl0MlWwppkXXA,,,,,41.92289734,-87.64830017,anonymous,EN,"1,2,3,4,6","1,2,3,4,5",,"1,2,3",,"1,2,3,4",,3,,"1,2,3,4",,"1,2,3","1,2,3",,"1,2,3",,"1,2","1,2,3,4",,"1,2,3",,"1,2,3,4",,"1,2,3",,"1,2,3",,"1,2",,,,,,,,,,,,,,,,,,,,,,,,,,,,,,,,,,,,,,,,,,,,,,,,,,,,,,,,,,,,,,,,,,,,,,,,,,,,,,,,,,,,,,,,,,,,,,,,,,,,,,,,,,,,,,,,,,,,,,,,,,,,,,,,,,,,,,,,,,,,,,,,,,,,,,,,,,,,,,,,,,,,,,,,,,,,,,,,,,,,,,,,62517,"<span lang=""EN-GB"">Suppose you are at sitting at Starbucks and you want to play a digital/online&nbsp;</span>game with some close friends."
11/6/2018 12:47,11/6/2018 12:52,0,134.174.21.171,100,344,1,11/6/2018 12:52,R_3mjJ0qE0npbKJO7,,,,,42.33470154,-71.03749847,anonymous,EN,"1,2,3,4,5",1,,1,,"1,3,4",,1,,"1,3",,2,"1,2",,2,,"2,3",3,,"1,2,3",,"1,2,3",,"1,2,3",,1,,2,,,,,,,,,,,,,,,,,,,,,,,,,,,,,,,,,,,,,,,,,,,,,,,,,,,,,,,,,,,,,,,,,,,,,,,,,,,,,,,,,,,,,,,,,,,,,,,,,,,,,,,,,,,,,,,,,,,,,,,,,,,,,,,,,,,,,,,,,,,,,,,,,,,,,,,,,,,,,,,,,,,,,,,,,,,,,,,,,,,,,,,,48251,"<span lang=""EN-GB"">Suppose you want to set up a reminder when you are at a park with close friends.<o:p></o:p></span>"
11/6/2018 12:48,11/6/2018 12:54,0,50.232.154.218,100,358,1,11/6/2018 12:54,R_1geyGYD5PV8BBe5,,,,,40.20840454,-74.82910156,anonymous,EN,"1,2,3,4","1,2,4",,3,,"1,2,4",,1,,2,,3,5,,"2,3",,3,2,,"1,2",,"2,3",,"1,2",,"1,2,3",,4,,2,,,,,,,,,,,,,,,,,,,,,,,,,,,,,,"1,2,4",,1,,"1,2",,1,,2,,3,5,,1,,"1,2,3",,2,,"2,3",,"1,2",,"2,3",,"1,2,3",,4,,,,,,,,,,,,,,,,,,,,,,,,,,,,,,,,,,,,,,,,,,,,,,,,,,,,,,,,,,,,,,,,,,,,,,,,,,,,,,,,,,,,,,,,,,,,,,,,,,,,,,,,,,,,,,,,,,,,,,,,,,,,,5927,"<span lang=""EN-GB"">Suppose you want to find a route to home while walking on a street with your close friends.<o:p></o:p></span>"
11/6/2018 12:27,11/6/2018 12:58,0,71.176.70.228,100,1899,1,11/6/2018 12:58,R_3kbwbiUSF9XXmIO,,,,,43.03540039,-76.12819672,anonymous,EN,"1,2,3,4,5,6","1,2",,1,,3,,1,,1,,1,3,,5,,1,3,,"1,2",,"2,3",,"1,2",,"1,3",,4,,"2,4,6",,,,,,,,,,,,,,,,,,,,,,,,,,,,,,2,,5,,3,,1,,1,,1,1,,5,,5,,3,,3,,2,,3,,"1,3",,1,,,,,,,,,,,,,,,,,,,,,,,,,,,,,,,2,,5,,1,,1,,1,,1,5,,5,,5,,3,,3,,5,,3,,1,,4,,,,,,,,,,,,,,,,,,,,,,,,,,,,,,,2,,5,,2,,1,,1,,1,3,,2,,2,,3,,"2,3",,2,,"2,3",,1,,1,,female,50,home maker,3,1,,3,47036,"<span lang=""EN-GB"" style=""font-size:11.0pt;line-height:115%;
font-family:&quot;Arial&quot;,sans-serif;mso-fareast-font-family:Arial;mso-ansi-language:
EN-GB;mso-fareast-language:EN-US;mso-bidi-language:AR-SA"">Suppose you want to
take a click a photo when you are at Starbucks.</span>"
11/6/2018 12:58,11/6/2018 12:59,0,73.75.239.33,100,22,1,11/6/2018 12:59,R_C9vu6EVJqKvTJ97,,,,,42.04930115,-88.10649872,anonymous,EN,"1,2",,,,,,,,,,,,,,,,,,,,,,,,,,,,,,,,,,,,,,,,,,,,,,,,,,,,,,,,,,,,,,,,,,,,,,,,,,,,,,,,,,,,,,,,,,,,,,,,,,,,,,,,,,,,,,,,,,,,,,,,,,,,,,,,,,,,,,,,,,,,,,,,,,,,,,,,,,,,,,,,,,,,,,,,,,,,,,,,,,,,,,,,,,,,,,,,,,,,,,,,,,,,,,,,,,,51961,"<span lang=""EN-GB"">Suppose you have planned to meet a friend next week and you want to put this on your calendar when you are surrounded by people you know (e.g., acquaintances, colleagues) at a restaurant.<o:p></o:p></span>"
11/6/2018 12:59,11/6/2018 12:59,0,24.254.121.244,100,33,1,11/6/2018 12:59,R_2uIkEryHRfcuRyV,,,,,30.48730469,-87.18720245,anonymous,EN,"2,3",,,,,,,,,,,,,,,,,,,,,,,,,,,,,,,,,,,,,,,,,,,,,,,,,,,,,,,,,,,,,,,,,,,,,,,,,,,,,,,,,,,,,,,,,,,,,,,,,,,,,,,,,,,,,,,,,,,,,,,,,,,,,,,,,,,,,,,,,,,,,,,,,,,,,,,,,,,,,,,,,,,,,,,,,,,,,,,,,,,,,,,,,,,,,,,,,,,,,,,,,,,,,,,,,,,3299,"<span lang=""EN-GB"">Suppose you are at a park, you have just read a book you loved and now you&nbsp;</span>want to write a review for it to share with people you are close to (e.g., friends, family members)"
11/6/2018 12:54,11/6/2018 13:03,0,173.190.79.183,100,512,1,11/6/2018 13:03,R_3M5QtrDHHmyJuSc,,,,,41.69920349,-93.04550171,anonymous,EN,"1,2,3,4,5","1,2",,3,,2,,1,,3,,2,"1,2",,1,,2,2,,"2,3",,3,,"2,3",,1,,"1,2",,"2,4",,,,,,,,,,,,,,,,,,,,,,,,,,,,,,2,,1,,1,,1,,3,,2,"1,2",,1,,1,,2,,"2,3",,1,,"2,3",,1,,2,,,,,,,,,,,,,,,,,,,,,,,,,,,,,,,2,,1,,3,,1,,3,,2,"1,2",,1,,1,,2,,"2,3",,2,,"2,3",,1,,2,,,,,,,,,,,,,,,,,,,,,,,,,,,,,,,,,,,,,,,,,,,,,,,,,,,,,,,,,,,,Female,27,Business Manager,3,1,,3,35942,"<span lang=""EN-GB"">Suppose you are alone at home, you want to take a break from studying/working&nbsp;</span>so you decide to play an online/digital game."
11/6/2018 13:01,11/6/2018 13:03,0,37.218.246.142,100,161,1,11/6/2018 13:03,R_20Yhjln87ip0Pfo,,,,,47,8,anonymous,EN,"1,2,3,4",5,,"1,2,3",,6,,1,,2,,"2,3",1,,"1,2,3",,1,"1,4",,"1,3",,"1,2",,"1,2",,1,,"1,2",,,,,,,,,,,,,,,,,,,,,,,,,,,,,,,,,,,,,,,,,,,,,,,,,,,,,,,,,,,,,,,,,,,,,,,,,,,,,,,,,,,,,,,,,,,,,,,,,,,,,,,,,,,,,,,,,,,,,,,,,,,,,,,,,,,,,,,,,,,,,,,,,,,,,,,,,,,,,,,,,,,,,,,,,,,,,,,,,,,,,,,,67319,"<span lang=""EN-GB"">Suppose you are at sitting in a park and you want to play a digital/online game.<o:p></o:p></span>"
11/6/2018 12:59,11/6/2018 13:04,0,71.176.70.228,100,294,1,11/6/2018 13:04,R_erghknoqomgeEc9,,,,,43.03540039,-76.12819672,anonymous,EN,"1,2,3,4,5,6","1,2",,5,,"2,3,4",,3,,1,,4,5,,5,,4,"3,4",,"1,2,3",,3,,"1,2,3",,5,,4,,"1,3,4,5",4,,5,,3,,3,,1,,4,5,,5,,5,,6,,3,,"1,2",,3,,5,,4,,,,,,,,,,,,,,,,,,,,,,,,,,,,,,,4,,3,,"1,3",,3,,1,,4,5,,5,,5,,3,,3,,2,,3,,3,,4,,3,,5,,3,,1,,1,,4,5,,5,,5,,3,,3,,2,,3,,5,,4,,"3,4",,5,,3,,3,,3,,1,5,,5,,5,,3,,3,,2,,3,,5,,4,,,,,,,,,,,,,,,,,,,,,,,,,,,,,,,male,40,home maker,3,1,,2,22305,"<span lang=""EN-GB"">Suppose
     you want to read a digital document when you are alone at home.<strong><o:p></o:p></strong></span>"
11/6/2018 13:04,11/6/2018 13:08,0,71.176.70.228,100,232,1,11/6/2018 13:08,R_3HizvlrCVP5pDWa,,,,,43.03540039,-76.12819672,anonymous,EN,"1,2,3,4,5,6",2,,5,,"1,2",,3,,1,,1,"2,3",,2,,1,3,,"1,2",,3,,"1,2",,5,,4,,6,,,,,,,,,,,,,,,,,,,,,,,,,,,,,,,,,,,,,,,,,,,,,,,,,,,,,,,,,,,,,,,,,,,,,,,,,,,,,,,,,,,,,,,,,,,,,,,,,,,,,,,,,,,,,,,,,,,,,,,,,,,,,,,,,,,,,,,,,,,,,,,,,,2,,5,,"2,3",,3,,1,,1,3,,5,,5,,3,,3,,2,,3,,3,,4,,female,20,student,3,3,,2,70396,"<span lang=""EN-GB"" style=""font-size:11.0pt;line-height:115%;
font-family:&quot;Arial&quot;,sans-serif;mso-fareast-font-family:Arial;mso-ansi-language:
EN-GB;mso-fareast-language:EN-US;mso-bidi-language:AR-SA"">Suppose you have
planned to meet a friend next week and you want put this on your calendar<span style=""color:#434343""> when you with </span>people you know (e.g.,
acquaintances, colleagues)<span style=""color:#434343""> at a park</span></span>"
11/6/2018 13:09,11/6/2018 13:09,0,99.203.85.117,100,21,1,11/6/2018 13:09,R_Yc6RMzGg2n7iS09,,,,,34.74899292,-80.76159668,anonymous,EN,2,,,,,,,,,,,,,,,,,,,,,,,,,,,,,,,,,,,,,,,,,,,,,,,,,,,,,,,,,,,,,,,,,,,,,,,,,,,,,,,,,,,,,,,,,,,,,,,,,,,,,,,,,,,,,,,,,,,,,,,,,,,,,,,,,,,,,,,,,,,,,,,,,,,,,,,,,,,,,,,,,,,,,,,,,,,,,,,,,,,,,,,,,,,,,,,,,,,,,,,,,,,,,,,,,,,45784,"<span lang=""EN-GB"">Suppose you are at your gym and you want to track the amount of calories&nbsp;</span>you have burnt your workout.&nbsp;"
11/6/2018 13:19,11/6/2018 13:19,0,68.105.25.24,100,10,1,11/6/2018 13:19,R_1ruGdNz8TaCoZdh,,,,,41.38529968,-81.70439911,anonymous,EN,"2,4",,,,,,,,,,,,,,,,,,,,,,,,,,,,,,,,,,,,,,,,,,,,,,,,,,,,,,,,,,,,,,,,,,,,,,,,,,,,,,,,,,,,,,,,,,,,,,,,,,,,,,,,,,,,,,,,,,,,,,,,,,,,,,,,,,,,,,,,,,,,,,,,,,,,,,,,,,,,,,,,,,,,,,,,,,,,,,,,,,,,,,,,,,,,,,,,,,,,,,,,,,,,,,,,,,,4246,"<span lang=""EN-GB"">Suppose
     you want to a view a text message when you are alone at Starbucks.<o:p></o:p></span>"
11/6/2018 13:18,11/6/2018 13:20,0,141.238.29.205,100,125,1,11/6/2018 13:20,R_3foEax97YSsdK28,,,,,42.43330383,-79.33390045,anonymous,EN,"1,2,3,4","1,2",,2,,"1,3",,1,,"1,3",,2,"1,2",,2,,1,3,,2,,2,,"1,2",,"2,3",,2,,,,,,,,,,,,,,,,,,,,,,,,,,,,,,,,,,,,,,,,,,,,,,,,,,,,,,,,,,,,,,,,,,,,,,,,,,,,,,,,,,,,,,,,,,,,,,,,,,,,,,,,,,,,,,,,,,,,,,,,,,,,,,,,,,,,,,,,,,,,,,,,,,,,,,,,,,,,,,,,,,,,,,,,,,,,,,,,,,,,,,,,91493,"<span lang=""EN-GB"" style=""font-size:11.0pt;line-height:115%;
font-family:&quot;Arial&quot;,sans-serif;mso-fareast-font-family:Arial;mso-ansi-language:
EN-GB;mso-fareast-language:EN-US;mso-bidi-language:AR-SA"">Suppose you want to a
view a text message when you are alone at home</span>"
11/6/2018 13:33,11/6/2018 13:33,0,73.73.33.102,100,9,1,11/6/2018 13:33,R_2EzelTQiJwRAB5X,,,,,41.97940063,-88.20629883,anonymous,EN,3,,,,,,,,,,,,,,,,,,,,,,,,,,,,,,,,,,,,,,,,,,,,,,,,,,,,,,,,,,,,,,,,,,,,,,,,,,,,,,,,,,,,,,,,,,,,,,,,,,,,,,,,,,,,,,,,,,,,,,,,,,,,,,,,,,,,,,,,,,,,,,,,,,,,,,,,,,,,,,,,,,,,,,,,,,,,,,,,,,,,,,,,,,,,,,,,,,,,,,,,,,,,,,,,,,,22092,"<span lang=""EN-GB"" style=""font-size:11.0pt;line-height:115%;
font-family:&quot;Arial&quot;,sans-serif;mso-fareast-font-family:Arial;mso-ansi-language:
EN-GB;mso-fareast-language:EN-US;mso-bidi-language:AR-SA"">Suppose you want to a
send an email when you are alone at home</span>"
11/6/2018 13:08,11/6/2018 13:34,0,71.176.70.228,100,1592,1,11/6/2018 13:34,R_DpFDdTKkChayOjf,,,,,43.03540039,-76.12819672,anonymous,EN,"1,2,3,4,5,6",2,,5,,2,,3,,1,,1,5,,5,,1,3,,"1,2",,"2,3",,"1,2",,2,,4,,"1,3,4,5,6",1,,5,,1,,1,,1,,1,1,,5,,5,,3,,3,,2,,3,,1,,4,,,,,,,,,,,,,,,,,,,,,,,,,,,,,,,4,,5,,"1,2",,1,,1,,1,"1,2",,5,,5,,"2,3",,3,,"1,2",,3,,5,,4,,"2,3",,1,,1,,1,,1,,1,3,,5,,5,,3,,3,,2,,3,,"1,3",,"1,2",,1,,5,,1,,3,,"3,4",,1,5,,5,,5,,"2,3",,2,,"2,3",,2,,1,,4,,2,,1,,3,,1,,1,,1,5,,5,,5,,6,,3,,2,,3,,5,,4,,female,20,student,1,1,,2,92868,"<span lang=""EN-GB"">Suppose
     you want to purchase something online when you are with people you are
     close to (e.g., friends, family members) at home.<o:p></o:p></span>"
11/6/2018 13:32,11/6/2018 13:35,0,173.235.15.150,100,210,1,11/6/2018 13:35,R_3rUFwmCKs7twgPA,,,,,32.31489563,-90.17819977,anonymous,EN,"1,2,3,4,5,6","2,4",,1,,2,,1,,1,,3,2,,5,,3,2,,2,,7,,2,,1,,1,,2,,,,,,,,,,,,,,,,,,,,,,,,,,,,,,7,,5,,6,,1,,6,,4,5,,5,,5,,6,,7,,5,,7,,5,,4,,,,,,,,,,,,,,,,,,,,,,,,,,,,,,,,,,,,,,,,,,,,,,,,,,,,,,,,,,,,,,,,,,,,,,,,,,,,,,,,,,,,,,,,,,,,,,,,,,,,,,,,,,,,,,,,,,,,,,female,33,office manager,3,1,,3,71148,"<span lang=""EN-GB"">Suppose
     you want to a send an email when you are surrounded by people you know
     (e.g., acquaintances, colleagues) at a restaurant.<o:p></o:p></span>"
11/6/2018 13:36,11/6/2018 13:39,0,99.61.29.154,100,159,1,11/6/2018 13:39,R_1nZ80eJXesHKpcm,,,,,29.50540161,-98.66880035,anonymous,EN,"1,2,3,4,6","1,2,3",,"1,2,3",,"1,2,4",,1,,1,,"1,2,3","1,2,3",,"1,2,3",,"1,2,3","1,2,3",,"1,2",,"1,2,3,4",,"1,2,3",,"1,2,3",,"1,2",,,,,,,,,,,,,,,,,,,,,,,,,,,,,,,,,,,,,,,,,,,,,,,,,,,,,,,,,,,,,,,,,,,,,,,,,,,,,,,,,,,,,,,,,,,,,,,,,,,,,,,,,,,,,,,,,,,,,,,,,,,,,,,,,,,,,,,,,,,,,,,,,,,,,,,,,,,,,,,,,,,,,,,,,,,,,,,,,,,,,,,,41107,"Suppose you want to find a route to a coffee shop
     when you are at home with your by your colleagues<o:p></o:p>"
11/6/2018 13:27,11/6/2018 13:39,0,104.143.209.66,100,724,1,11/6/2018 13:39,R_2TIcHGCYdSbjTuo,,,,,40.76069641,-74.1882019,anonymous,EN,"1,2,4",2,,1,,"1,2,3",,2,Turning it towards my friends,1,,1,"1,2,3",,5,,2,2,,2,,"3,4",,"1,2",,1,,1,,,,,,,,,,,,,,,,,,,,,,,,,,,,,,,,,,,,,,,,,,,,,,,,,,,,,,,,,,,,,,,,,,,,,,,,,,,,,,,,,,,,,,,,,,,,,,,,,,,,,,,,,,,,,,,,,,,,,,,,,,,,,,,,,,,,,,,,,,,,,,,,,,,,,,,,,,,,,,,,,,,,,,,,,,,,,,,,,,,,,,,,71602,"<span lang=""EN-GB"">Suppose you want to watch some video when you are with your close friends at Starbucks.<o:p></o:p></span>"
11/6/2018 13:41,11/6/2018 13:42,0,67.161.81.229,100,79,1,11/6/2018 13:42,R_339YUYEcSOWwGsk,,,,,48.74899292,-122.4887009,anonymous,EN,"1,2,3,5,6",7,,"2,3",,"1,2,4",,1,,"1,3",,"1,3","1,3",,"1,3",,3,6,,"2,3",,"1,3",,"1,2",,"1,3",,"1,2",,,,,,,,,,,,,,,,,,,,,,,,,,,,,,,,,,,,,,,,,,,,,,,,,,,,,,,,,,,,,,,,,,,,,,,,,,,,,,,,,,,,,,,,,,,,,,,,,,,,,,,,,,,,,,,,,,,,,,,,,,,,,,,,,,,,,,,,,,,,,,,,,,,,,,,,,,,,,,,,,,,,,,,,,,,,,,,,,,,,,,,,90423,"<span id=""docs-internal-guid-5a7e3441-7fff-9d1f-10e6-454a1d940975""><span style=""font-size: 11pt; font-family: Arial; color: rgb(0, 0, 0); background-color: transparent; font-variant-numeric: normal; font-variant-east-asian: normal; vertical-align: baseline; white-space: pre-wrap;"">Suppose you want to call your mother for sharing an important update about your life &nbsp;when you are alone at home</span><br> <br><br></span>"
11/6/2018 13:39,11/6/2018 13:45,0,71.176.70.228,100,380,1,11/6/2018 13:45,R_1hSgkSTSsjo6R1o,,,,,43.03540039,-76.12819672,anonymous,EN,"1,2,3,4,5,6",7,,1,,"2,3",,1,,1,,1,1,,2,,1,"2,3",,"1,2",,"2,3",,"1,2",,5,,4,,"1,4,5,6",4,,5,,3,,3,,1,,1,5,,5,,5,,"1,3",,3,,2,,3,,5,,4,,,,,,,,,,,,,,,,,,,,,,,,,,,,,,,,,,,,,,,,,,,,,,,,,,,,,,,,,,,,2,,1,,3,,1,,1,,1,5,,5,,5,,3,,3,,2,,3,,5,,4,,1,,5,,4,,1,,"2,3,4",,1,3,,1,,1,,3,,2,,2,,2,,5,,4,,2,,5,,6,,1,,1,,1,5,,5,,5,,3,,"2,3",,2,,"2,3",,1,,4,,female,50,Home maker,3,1,,2,66715,"<span lang=""EN-GB"">Suppose
     you want to set up a reminder when you are with people you know (e.g.,
     acquaintances, colleagues) at your home.<o:p></o:p></span>"
11/6/2018 13:46,11/6/2018 13:48,0,86.34.17.235,100,168,1,11/6/2018 13:48,R_2YtX4InEVK4ol6g,,,,,44.43330383,26.1000061,anonymous,EN,"1,2,3,4,5",2,,5,,2,,1,,3,,3,2,,5,,2,3,,2,,2,,3,,1,,2,,,,,,,,,,,,,,,,,,,,,,,,,,,,,,,,,,,,,,,,,,,,,,,,,,,,,,,,,,,,,,,,,,,,,,,,,,,,,,,,,,,,,,,,,,,,,,,,,,,,,,,,,,,,,,,,,,,,,,,,,,,,,,,,,,,,,,,,,,,,,,,,,,,,,,,,,,,,,,,,,,,,,,,,,,,,,,,,,,,,,,,,5181,"<span lang=""EN-GB"">Suppose
     you want to a view a text message when you are surrounded with people you
     are close to (e.g., friends, family members) at your home.<strong><o:p></o:p></strong></span>"
11/6/2018 13:46,11/6/2018 13:49,0,192.17.49.180,100,185,1,11/6/2018 13:49,R_3kbk10lAGihNXq9,,,,,40.10949707,-88.20359802,anonymous,EN,"1,2,3,4,6","2,5",,1,,"1,2,3,4",,1,,1,,"2,3","2,3",,"1,2,3",,"2,3",6,,2,,"3,4",,5,,5,,2,,,,,,,,,,,,,,,,,,,,,,,,,,,,,,,,,,,,,,,,,,,,,,,,,,,,,,,,,,,,,,,,,,,,,,,,,,,,,,,,,,,,,,,,,,,,,,,,,,,,,,,,,,,,,,,,,,,,,,,,,,,,,,,,,,,,,,,,,,,,,,,,,,,,,,,,,,,,,,,,,,,,,,,,,,,,,,,,,,,,,,,,4094,"<span lang=""EN-GB"">Suppose you are on a short vacation and you want to take a picture in front&nbsp;</span>of an iconic monument when you are surrounded by many people."
11/6/2018 13:45,11/6/2018 13:51,0,71.176.70.228,100,321,1,11/6/2018 13:51,R_1eQScKXYeUwbkjg,,,,,43.03540039,-76.12819672,anonymous,EN,"1,2,3,4,5,6",3,,1,,3,,3,,1,,1,1,,5,,1,3,,"1,2",,2,,"1,2",,1,,4,,"4,6",,,,,,,,,,,,,,,,,,,,,,,,,,,,,,,,,,,,,,,,,,,,,,,,,,,,,,,,,,,,,,,,,,,,,,,,,,,,,,,,,,,,,,,,"2,3",,5,,3,,3,,1,,1,2,,5,,5,,3,,"2,3",,2,,"2,3",,5,,4,,,,,,,,,,,,,,,,,,,,,,,,,,,,,,,2,,5,,"2,3",,1,,1,,1,3,,5,,5,,3,,3,,2,,3,,5,,4,,male,20,student,2,2,,2,36483,"<span lang=""EN-GB"" style=""font-size:11.0pt;line-height:115%;
font-family:&quot;Arial&quot;,sans-serif;mso-fareast-font-family:Arial;mso-ansi-language:
EN-GB;mso-fareast-language:EN-US;mso-bidi-language:AR-SA"">Suppose you want to a
send an email when you are at Starbucks.</span>"
11/6/2018 13:54,11/6/2018 13:57,0,74.72.160.98,100,141,1,11/6/2018 13:57,R_3fl6qfez6CVuNrP,,,,,40.69689941,-73.78769684,anonymous,EN,"1,2,3,4",3,,1,,2,,1,,1,,2,2,,2,,3,2,,2,,2,,1,,3,,2,,,,,,,,,,,,,,,,,,,,,,,,,,,,,,,,,,,,,,,,,,,,,,,,,,,,,,,,,,,,,,,,,,,,,,,,,,,,,,,,,,,,,,,,,,,,,,,,,,,,,,,,,,,,,,,,,,,,,,,,,,,,,,,,,,,,,,,,,,,,,,,,,,,,,,,,,,,,,,,,,,,,,,,,,,,,,,,,,,,,,,,,32063,"Suppose you want to purchase something (e.g., book,
     household items) online when you are with people
     you know (e.g., acquaintances, colleagues) at
     Starbucks.<o:p></o:p>"
11/6/2018 13:57,11/6/2018 13:59,0,12.219.86.114,100,79,1,11/6/2018 13:59,R_z1GwdWrbhKn9Z9n,,,,,41.88139343,-87.64299774,anonymous,EN,"1,2,4",5,,2,,2,,1,,"2,3",,4,5,,1,,2,2,,1,,4,,5,,2,,2,,,,,,,,,,,,,,,,,,,,,,,,,,,,,,,,,,,,,,,,,,,,,,,,,,,,,,,,,,,,,,,,,,,,,,,,,,,,,,,,,,,,,,,,,,,,,,,,,,,,,,,,,,,,,,,,,,,,,,,,,,,,,,,,,,,,,,,,,,,,,,,,,,,,,,,,,,,,,,,,,,,,,,,,,,,,,,,,,,,,,,,,1866,"<span lang=""EN-GB"">Suppose
     you want to watch some video when you are with people you know (e.g.,
     acquaintances, colleagues) at your home.<o:p></o:p></span>"
11/6/2018 13:59,11/6/2018 14:01,0,66.66.193.83,100,147,1,11/6/2018 14:01,R_vvr0RhZTVgFNAVX,,,,,43.08340454,-77.63439941,anonymous,EN,"1,2,3,4",4,,5,,1,,3,,1,,1,5,,2,,1,3,,2,,"1,2",,1,,1,,4,,,,,,,,,,,,,,,,,,,,,,,,,,,,,,,,,,,,,,,,,,,,,,,,,,,,,,,,,,,,,,,,,,,,,,,,,,,,,,,,,,,,,,,,,,,,,,,,,,,,,,,,,,,,,,,,,,,,,,,,,,,,,,,,,,,,,,,,,,,,,,,,,,,,,,,,,,,,,,,,,,,,,,,,,,,,,,,,,,,,,,,,9567,"<span lang=""EN-GB"">Suppose
     you want to set up a reminder when you are alone at your home.<strong><o:p></o:p></strong></span>"
11/6/2018 14:01,11/6/2018 14:03,0,68.142.176.244,100,123,1,11/6/2018 14:03,R_yqKGyGI5Q27dPu9,,,,,37.58250427,-77.5196991,anonymous,EN,"1,2,3,4,5","1,2,3,4,5",,3,,"1,2",,1,,1,,1,"2,3",,"1,3",,"2,3","1,2,3",,5,,"1,2",,"1,2",,"1,3",,1,,,,,,,,,,,,,,,,,,,,,,,,,,,,,,,,,,,,,,,,,,,,,,,,,,,,,,,,,,,,,,,,,,,,,,,,,,,,,,,,,,,,,,,,,,,,,,,,,,,,,,,,,,,,,,,,,,,,,,,,,,,,,,,,,,,,,,,,,,,,,,,,,,,,,,,,,,,,,,,,,,,,,,,,,,,,,,,,,,,,,,,,55967,"<span lang=""EN-GB"">Suppose you want to control some devices/appliances (e.g., smart lights) when you are alone at home.<o:p></o:p></span>"
11/6/2018 14:01,11/6/2018 14:04,0,107.13.186.80,100,184,1,11/6/2018 14:04,R_3MMsuVI2CEA3UQH,,,,,35.76449585,-78.7111969,anonymous,EN,"1,2",,,,,,,,,,,,,,,,,,,,,,,,,,,,,,,,,,,,,,,,,,,,,,,,,,,,,,,,,,,,,,,,,,,,,,,,,,,,,,,,,,,,,,,,,,,,,,,,,,,,,,,,,,,,,,,,,,,,,,,,,,,,,,,,,,,,,,,,,,,,,,,,,,,,,,,,,,,,,,,,,,,,,,,,,,,,,,,,,,,,,,,,,,,,,,,,,,,,,,,,,,,,,,,,,,,43963,"<span lang=""EN-GB"">Suppose
     you want to read a digital document) when you are at home with people you
     know (e.g., acquaintances, colleagues).<o:p></o:p></span>"
11/6/2018 14:01,11/6/2018 14:04,0,64.183.43.48,100,213,1,11/6/2018 14:04,R_2ByfMr6WH9GZSia,,,,,34.06219482,-118.2762985,anonymous,EN,"2,3,4","1,2",,"1,2,3",,"1,3",,3,,1,,"2,3","1,2",,2,,2,"1,4",,5,,"1,2,3,4",,2,,5,,4,,,,,,,,,,,,,,,,,,,,,,,,,,,,,,,,,,,,,,,,,,,,,,,,,,,,,,,,,,,,,,,,,,,,,,,,,,,,,,,,,,,,,,,,,,,,,,,,,,,,,,,,,,,,,,,,,,,,,,,,,,,,,,,,,,,,,,,,,,,,,,,,,,,,,,,,,,,,,,,,,,,,,,,,,,,,,,,,,,,,,,,,9827,"<span lang=""EN-GB"">Suppose
     you want to set up a reminder when you with people you know (e.g.,
     acquaintances, colleagues) at a park.<o:p></o:p></span>"
11/6/2018 14:07,11/6/2018 14:07,0,107.77.249.6,100,35,1,11/6/2018 14:07,R_3JaeNezcyv17wYC,,,,,35.22709656,-80.8431015,anonymous,EN,"1,2",,,,,,,,,,,,,,,,,,,,,,,,,,,,,,,,,,,,,,,,,,,,,,,,,,,,,,,,,,,,,,,,,,,,,,,,,,,,,,,,,,,,,,,,,,,,,,,,,,,,,,,,,,,,,,,,,,,,,,,,,,,,,,,,,,,,,,,,,,,,,,,,,,,,,,,,,,,,,,,,,,,,,,,,,,,,,,,,,,,,,,,,,,,,,,,,,,,,,,,,,,,,,,,,,,,736,"<span lang=""EN-GB"">Suppose
     you want to call your mother for sharing an important update about your
     life&nbsp; when you are alone at a park<o:p></o:p></span>"
11/6/2018 13:52,11/6/2018 14:12,0,71.176.70.228,100,1215,1,11/6/2018 14:12,R_23dCtnffJ7ZMNGY,,,,,43.03540039,-76.12819672,anonymous,EN,"1,2,3,4,5,6",2,,5,,"2,3",,3,,1,,1,5,,"1,3",,1,3,,"1,2",,"2,3",,"1,2",,1,,4,,"2,4,5,6",,,,,,,,,,,,,,,,,,,,,,,,,,,,,,2,,1,,1,,1,,1,,1,1,,5,,5,,3,,"2,3",,2,,"2,3",,5,,4,,,,,,,,,,,,,,,,,,,,,,,,,,,,,,,2,,1,,"2,3",,1,,1,,1,2,,5,,5,,3,,3,,2,,3,,5,,4,,2,,2,,2,,1,,3,,2,5,,"1,2",,"1,2",,4,,2,,3,,2,,5,,4,,2,,3,,1,,1,,1,,1,5,,2,,2,,3,,"2,3",,2,,"2,3",,5,,4,,female,45,manager,4,1,,4,16845,"<span lang=""EN-GB"">Suppose you want to a send a text message when you are surrounded with people you are close to (e.g., friends, family members) at your home.<strong><o:p></o:p></strong></span>"
11/6/2018 14:12,11/6/2018 14:19,0,71.176.70.228,100,404,1,11/6/2018 14:19,R_xbjXctfeSYdGNl7,,,,,43.03540039,-76.12819672,anonymous,EN,"1,2,3,4,5,6",2,,3,,2,,1,,1,,1,1,,5,,1,3,,"1,2",,3,,"1,2",,1,,4,,6,,,,,,,,,,,,,,,,,,,,,,,,,,,,,,,,,,,,,,,,,,,,,,,,,,,,,,,,,,,,,,,,,,,,,,,,,,,,,,,,,,,,,,,,,,,,,,,,,,,,,,,,,,,,,,,,,,,,,,,,,,,,,,,,,,,,,,,,,,,,,,,,,,2,,5,,3,,1,,1,,1,5,,2,,2,,3,,3,,2,,3,,5,,4,,male,50,consultant,4,1,,4,90984,"<span lang=""EN-GB"">Suppose you want to find a route to home while walking on a street with people you know (e.g., acquaintances, colleagues).<o:p></o:p></span>"
11/6/2018 14:15,11/6/2018 14:21,0,162.253.239.18,100,381,1,11/6/2018 14:21,R_DCVSbiCasjgUr0l,,,,,40.67469788,-95.86190033,anonymous,EN,"1,2,3,4","1,2,5",,3,,"1,2",,1,,3,,"2,3","1,2",,2,,"2,3","2,3",,"1,2",,"2,3,4",,"1,2",,1,,2,,2,,,,,,,,,,,,,,,,,,,,,,,,,,,,,,"1,2",,5,,1,,1,,2,,1,"1,2",,"1,2",,1,,3,,3,,2,,3,,1,,2,,,,,,,,,,,,,,,,,,,,,,,,,,,,,,,,,,,,,,,,,,,,,,,,,,,,,,,,,,,,,,,,,,,,,,,,,,,,,,,,,,,,,,,,,,,,,,,,,,,,,,,,,,,,,,,,,,,,,,,,,,,,,17455,"<span lang=""EN-GB"">Suppose
     you want to call your mother for sharing an important update about your
     life yourself when you are with a very close friend at a park.&nbsp;<o:p></o:p></span>"
11/6/2018 14:22,11/6/2018 14:25,0,68.39.226.118,100,134,1,11/6/2018 14:25,R_1PRZTkkJ02BbeTT,,,,,40.13090515,-85.6536026,anonymous,EN,"1,2,3,4",2,,3,,"1,2,3,4",,1,,"2,3,4",,4,"2,3",,3,,3,2,,3,,3,,1,,"1,2",,2,,,,,,,,,,,,,,,,,,,,,,,,,,,,,,,,,,,,,,,,,,,,,,,,,,,,,,,,,,,,,,,,,,,,,,,,,,,,,,,,,,,,,,,,,,,,,,,,,,,,,,,,,,,,,,,,,,,,,,,,,,,,,,,,,,,,,,,,,,,,,,,,,,,,,,,,,,,,,,,,,,,,,,,,,,,,,,,,,,,,,,,,62438,"<span lang=""EN-GB"">Suppose you want to take a click a photo when you are with your close friends&nbsp;</span>and family members at Starbucks"
11/6/2018 14:20,11/6/2018 14:25,0,71.176.70.228,100,352,1,11/6/2018 14:25,R_2Qu5b5wHjMogmOZ,,,,,43.03540039,-76.12819672,anonymous,EN,"1,2,4,5,6",2,,1,,2,,3,,1,,1,1,,2,,1,3,,"1,2",,3,,"1,2",,5,,4,,"2,4",,,,,,,,,,,,,,,,,,,,,,,,,,,,,,2,,3,,1,,1,,1,,1,"1,2,3",,2,,2,,3,,"2,3",,2,,"2,3",,5,,4,,,,,,,,,,,,,,,,,,,,,,,,,,,,,,,2,,1,,6,,1,,1,,1,3,,2,,2,,3,,3,,2,,3,,5,,4,,,,,,,,,,,,,,,,,,,,,,,,,,,,,,,,,,,,,,,,,,,,,,,,,,,,,,,,,,,,agender,40,software engineer,5,1,,5,79489,"<span lang=""EN-GB"">Suppose you want to browse the internet when you are with people you know (e.g., acquaintances, colleagues) at a restaurant.<o:p></o:p></span>"
11/6/2018 14:23,11/6/2018 14:27,0,97.91.236.225,100,264,1,11/6/2018 14:27,R_1pKaNVQOQxixzXi,,,,,38.53520203,-90.00060272,anonymous,EN,"1,2,3","1,2",,5,,1,,3,,2,,4,5,,3,,4,1,,5,,"1,6",,1,,1,,4,,,,,,,,,,,,,,,,,,,,,,,,,,,,,,,,,,,,,,,,,,,,,,,,,,,,,,,,,,,,,,,,,,,,,,,,,,,,,,,,,,,,,,,,,,,,,,,,,,,,,,,,,,,,,,,,,,,,,,,,,,,,,,,,,,,,,,,,,,,,,,,,,,,,,,,,,,,,,,,,,,,,,,,,,,,,,,,,,,,,,,,,8079,"<span lang=""EN-GB"">Suppose you are on a short vacation alone and you want to take a picture in front&nbsp;</span>of an iconic monument."
11/6/2018 14:24,11/6/2018 14:29,0,73.19.93.238,100,267,1,11/6/2018 14:29,R_2xEF6mNmWlePd60,,,,,47.01289368,-122.876297,anonymous,EN,"1,2,3,6","2,4,5",,1,,"1,3",,1,,"3,4",,2,1,,3,,2,3,,1,,"3,4,6",,2,,1,,"1,2",,,,,,,,,,,,,,,,,,,,,,,,,,,,,,,,,,,,,,,,,,,,,,,,,,,,,,,,,,,,,,,,,,,,,,,,,,,,,,,,,,,,,,,,,,,,,,,,,,,,,,,,,,,,,,,,,,,,,,,,,,,,,,,,,,,,,,,,,,,,,,,,,,,,,,,,,,,,,,,,,,,,,,,,,,,,,,,,,,,,,,,,80495,"<span lang=""EN-GB"">Suppose you want to watch some video when you are alone in a park.<o:p></o:p></span>"
10/23/2018 22:12,10/30/2018 15:29,0,76.93.229.113,78,580624,0,11/6/2018 14:30,R_V2N9V1ymFXNTzHP,,,,,,,anonymous,EN,"1,2,5",,,,,,,,,,,,,,,,,,,,,,,,,,,,,,,,,,,,,,,,,,,,,,,,,,,,,,,,,,,,,,,,,,,,,,,,,,,,,,,,,,,,,,,,,,,,,,,,,,,,,,,,,,,,,,,,,,,,,,,,,,,,,,,,,,,,,,,,,,,,,,,,,,,,,,,,,,,,,,,,,,,,,,,,,,,,,,,,,,,,,,,,,,,,,,,,,,,,,,,,,,,,,,,,,,,2646,"<span lang=""EN-GB"">Suppose
     you want to read a digital document) when you are at home with people you
     know (e.g., acquaintances, colleagues).<o:p></o:p></span>"
11/6/2018 14:22,11/6/2018 14:33,0,24.229.175.162,100,656,1,11/6/2018 14:33,R_2D63JsNQhguMKze,,,,,40.54110718,-75.12590027,anonymous,EN,"2,3,4,5","2,4",,1,,"1,3",,3,,"3,4",,2,"1,2,3",,2,,1,6,,2,,1,,4,buttons easily accessible with one hand,3,,1,,,,,,,,,,,,,,,,,,,,,,,,,,,,,,,,,,,,,,,,,,,,,,,,,,,,,,,,,,,,,,,,,,,,,,,,,,,,,,,,,,,,,,,,,,,,,,,,,,,,,,,,,,,,,,,,,,,,,,,,,,,,,,,,,,,,,,,,,,,,,,,,,,,,,,,,,,,,,,,,,,,,,,,,,,,,,,,,,,,,,,,,73569,"<span lang=""EN-GB"">Suppose you are at Starbucks with your close friends and you realize today is the last day to pay one of your bills online.<o:p></o:p></span>"
11/6/2018 14:26,11/6/2018 14:35,0,71.176.70.228,100,573,1,11/6/2018 14:35,R_3qsbwKGUlkDCxmF,,,,,43.03540039,-76.12819672,anonymous,EN,"1,2,4,5,6",7,,1,,"1,2",,3,,1,,1,"1,2",,2,,1,"1,2,3",,2,,3,,2,,3,,2,,"1,4",4,,1,,3,,3,,1,,1,3,,5,,5,,3,,3,,2,,3,,5,,4,,,,,,,,,,,,,,,,,,,,,,,,,,,,,,,,,,,,,,,,,,,,,,,,,,,,,,,,,,,,2,,1,,3,,1,,1,,1,1,,5,,5,,3,,"2,3",,"1,2",,"2,3",,3,,4,,,,,,,,,,,,,,,,,,,,,,,,,,,,,,,,,,,,,,,,,,,,,,,,,,,,,,,,,,,,female,40,RN,5,3,,4,70257,"<span lang=""EN-GB"">Suppose you are at home with people you are close to (e.g., friends, family members) when you realize today is the last day to pay one of your bills online.<o:p></o:p></span>"
11/6/2018 14:30,11/6/2018 14:36,0,73.122.139.216,100,415,1,11/6/2018 14:36,R_3popTUX4yH6Smqh,,,,,33.6053009,-84.48130035,anonymous,EN,"1,2,4","1,2,5",,1,,"1,2,3,4",,1,,4,,2,"1,2,3",,"1,2",,2,"2,3,4",,"2,3",,"2,3,4",,"2,3",,"1,2,3",,2,,2,,,,,,,,,,,,,,,,,,,,,,,,,,,,,,"1,2,5",,1,,2,,1,,4,,2,"1,2,3",,"1,2",,"1,2",,"2,3,4",,"2,3,4",,2,,"2,3,4",,"1,2,3",,2,,,,,,,,,,,,,,,,,,,,,,,,,,,,,,,,,,,,,,,,,,,,,,,,,,,,,,,,,,,,,,,,,,,,,,,,,,,,,,,,,,,,,,,,,,,,,,,,,,,,,,,,,,,,,,,,,,,,,,Female,19,Sales Associate,2,7,Mixed,5,11690,"<span id=""docs-internal-guid-5a7e3441-7fff-9d1f-10e6-454a1d940975""><span style=""font-size: 11pt; font-family: Arial; color: rgb(0, 0, 0); background-color: transparent; font-variant-numeric: normal; font-variant-east-asian: normal; vertical-align: baseline; white-space: pre-wrap;"">Suppose you want to call your mother for sharing an important update about your life &nbsp;when you are alone at home</span><br> <br><br></span>"
11/6/2018 14:35,11/6/2018 14:41,0,71.176.70.228,100,326,1,11/6/2018 14:41,R_2cznmTRH8KOkXx0,,,,,43.03540039,-76.12819672,anonymous,EN,"1,2,4,5,6","1,2",,5,,"2,3,4",,1,,1,,1,5,,"2,3",,1,"3,4",,2,,"2,3",,2,,5,,4,,"5,6",,,,,,,,,,,,,,,,,,,,,,,,,,,,,,,,,,,,,,,,,,,,,,,,,,,,,,,,,,,,,,,,,,,,,,,,,,,,,,,,,,,,,,,,,,,,,,,,,,,,,,,,,,,,,,,,,,,,,1,,2,,4,,1,,"3,4",,1,3,,"1,3",,"1,3",,4,,2,,3,,2,,5,,4,,2,,5,,3,,3,,1,,1,"2,3",,2,,2,,3,,"2,3",,"1,2",,"2,3",,5,,4,,female,46,driver,2,3,,1,29224,"<span lang=""EN-GB"">Suppose
     you want to a view a text message when you are surrounded with people you
     are close to (e.g., friends, family members) at your home.<strong><o:p></o:p></strong></span>"
10/30/2018 15:40,10/30/2018 15:41,0,50.204.163.226,78,40,0,11/6/2018 14:41,R_ctNwokNRDsIspi1,,,,,,,anonymous,EN,"1,2,3,4",,,,,,,,,,,,,,,,,,,,,,,,,,,,,,,,,,,,,,,,,,,,,,,,,,,,,,,,,,,,,,,,,,,,,,,,,,,,,,,,,,,,,,,,,,,,,,,,,,,,,,,,,,,,,,,,,,,,,,,,,,,,,,,,,,,,,,,,,,,,,,,,,,,,,,,,,,,,,,,,,,,,,,,,,,,,,,,,,,,,,,,,,,,,,,,,,,,,,,,,,,,,,,,,,,,43307,"<span lang=""EN-GB"">Suppose
     you want to a send an email when you are surrounded by people you know
     (e.g., acquaintances, colleagues) your home.<o:p></o:p></span>"
11/6/2018 14:41,11/6/2018 14:44,0,71.176.70.228,100,156,1,11/6/2018 14:44,R_2Cv17SqE93hcYrN,,,,,43.03540039,-76.12819672,anonymous,EN,"1,2,4,5,6","2,5",,1,,2,,3,,1,,1,5,,"2,3",,1,3,,2,,3,,2,,5,,2,,4,,,,,,,,,,,,,,,,,,,,,,,,,,,,,,,,,,,,,,,,,,,,,,,,,,,,,,,,,,,,,,,,,,,,,,,,,,,,,,,,,,,,,,,,"2,3",,5,,3,,1,,1,,1,"1,2",,2,,2,,3,,3,,"1,2",,3,,5,,2,,,,,,,,,,,,,,,,,,,,,,,,,,,,,,,,,,,,,,,,,,,,,,,,,,,,,,,,,,,,female,45,RN,5,2,,3,13748,"<span lang=""EN-GB"">Suppose
     you are at starbucks and you realize today is the last day to pay one of
     your bills online.<o:p></o:p></span>"
10/30/2018 15:43,10/30/2018 15:45,0,108.56.192.241,1,72,0,11/6/2018 14:45,R_2VIJKBOmnCqndvO,,,,,,,anonymous,EN,,,,,,,,,,,,,,,,,,,,,,,,,,,,,,,,,,,,,,,,,,,,,,,,,,,,,,,,,,,,,,,,,,,,,,,,,,,,,,,,,,,,,,,,,,,,,,,,,,,,,,,,,,,,,,,,,,,,,,,,,,,,,,,,,,,,,,,,,,,,,,,,,,,,,,,,,,,,,,,,,,,,,,,,,,,,,,,,,,,,,,,,,,,,,,,,,,,,,,,,,,,,,,,,,,,,64795,"<span lang=""EN-GB"">Suppose you want to read a digital document when you are in a park with people you know (e.g., acquaintances, colleagues).<o:p></o:p></span>"
11/6/2018 14:43,11/6/2018 14:47,0,213.213.152.174,100,271,1,11/6/2018 14:47,R_1r6LAJzdl9blMIP,,,,,64.12510681,-21.81970215,anonymous,EN,"1,2,3,6","2,3,4,5",,1,,3,,1,,2,,4,"1,2",,1,,"1,2,3","2,3",,2,,"3,4",,2,,"1,2",,"1,2",,,,,,,,,,,,,,,,,,,,,,,,,,,,,,,,,,,,,,,,,,,,,,,,,,,,,,,,,,,,,,,,,,,,,,,,,,,,,,,,,,,,,,,,,,,,,,,,,,,,,,,,,,,,,,,,,,,,,,,,,,,,,,,,,,,,,,,,,,,,,,,,,,,,,,,,,,,,,,,,,,,,,,,,,,,,,,,,,,,,,,,,20288,"<span lang=""EN-GB"">Suppose
     you want to listen to some audio when you are alone at your home.<strong><o:p></o:p></strong></span>"
11/6/2018 14:44,11/6/2018 14:48,0,71.176.70.228,100,224,1,11/6/2018 14:48,R_1pXugetoW9JiRYC,,,,,43.03540039,-76.12819672,anonymous,EN,"1,2,4,5,6",2,,1,,2,,1,,1,,1,5,,"2,3",,1,"1,2,3",,1,,3,,1,,5,,4,,"2,6",,,,,,,,,,,,,,,,,,,,,,,,,,,,,,2,,5,,"1,3",,1,,1,,1,2,,2,,2,,3,,"2,3",,"1,2",,"2,3",,"2,3",,4,,,,,,,,,,,,,,,,,,,,,,,,,,,,,,,,,,,,,,,,,,,,,,,,,,,,,,,,,,,,,,,,,,,,,,,,,,,,,,,,,,,,,,,,,2,,3,,"2,3",,1,,1,,1,"1,3",,2,,2,,3,,"2,3",,2,,"2,3",,"1,3",,4,,Female,40,Teacher,3,2,,2,61628,"<span lang=""EN-GB"">Suppose you have planned to meet a friend next week and you want to put this on your calendar when you are with a very close friend at a restaurant&nbsp;<o:p></o:p></span>"
11/6/2018 14:49,11/6/2018 14:55,0,71.176.70.228,100,357,1,11/6/2018 14:55,R_aV4bhzlISsRhvxv,,,,,43.03540039,-76.12819672,anonymous,EN,"1,2,3,4,5,6",2,,"1,2",,"2,3",,3,,1,,1,5,,5,,1,"1,2,3",,"1,2",,"2,3",,"1,2",,1,,4,,"1,2,4","2,4",,3,,"2,3",,3,,1,,1,5,,5,,5,,"1,2,3",,"2,3",,3,,"2,3",,5,,"1,2",,2,,1,,1,,3,,1,,1,5,,"2,3",,"2,3",,3,,"2,3",,2,,"2,3",,"2,3",,4,,,,,,,,,,,,,,,,,,,,,,,,,,,,,,,"2,3",,1,,3,,3,,1,,1,2,,2,,2,,3,,"2,3",,2,,"2,3",,1,,4,,,,,,,,,,,,,,,,,,,,,,,,,,,,,,,,,,,,,,,,,,,,,,,,,,,,,,,,,,,,female,45,researcher,5,1,,3,64601,"<span lang=""EN-GB"">Suppose you want to watch some video when you are with your close friends at Starbucks.<o:p></o:p></span>"
11/6/2018 14:55,11/6/2018 14:55,0,208.54.44.240,100,25,1,11/6/2018 14:55,R_3ITaeh495MQ9W72,,,,,35.27310181,-80.95709991,anonymous,EN,2,,,,,,,,,,,,,,,,,,,,,,,,,,,,,,,,,,,,,,,,,,,,,,,,,,,,,,,,,,,,,,,,,,,,,,,,,,,,,,,,,,,,,,,,,,,,,,,,,,,,,,,,,,,,,,,,,,,,,,,,,,,,,,,,,,,,,,,,,,,,,,,,,,,,,,,,,,,,,,,,,,,,,,,,,,,,,,,,,,,,,,,,,,,,,,,,,,,,,,,,,,,,,,,,,,,25161,"<span lang=""EN-GB"" style=""font-size:11.0pt;line-height:115%;
font-family:&quot;Arial&quot;,sans-serif;mso-fareast-font-family:Arial;mso-ansi-language:
EN-GB;mso-fareast-language:EN-US;mso-bidi-language:AR-SA"">Suppose you want to a
send an email when you are at Starbucks.</span>"
11/6/2018 14:56,11/6/2018 14:57,0,108.41.130.169,100,96,1,11/6/2018 14:57,R_BVtFrBDhapauFBT,,,,,40.62510681,-74.03029633,anonymous,EN,"1,2,3,4,6","1,2",,1,,6,,3,,"2,3",,3,"1,3",,2,,4,"2,3",,5,,3,,"1,2",,2,,2,,,,,,,,,,,,,,,,,,,,,,,,,,,,,,,,,,,,,,,,,,,,,,,,,,,,,,,,,,,,,,,,,,,,,,,,,,,,,,,,,,,,,,,,,,,,,,,,,,,,,,,,,,,,,,,,,,,,,,,,,,,,,,,,,,,,,,,,,,,,,,,,,,,,,,,,,,,,,,,,,,,,,,,,,,,,,,,,,,,,,,,,69757,"<span lang=""EN-GB"" style=""font-size:11.0pt;line-height:115%;
font-family:&quot;Arial&quot;,sans-serif;mso-fareast-font-family:Arial;mso-ansi-language:
EN-GB;mso-fareast-language:EN-US;mso-bidi-language:AR-SA"">Suppose you want to a
view a text message when you are alone at home</span>"
11/6/2018 15:08,11/6/2018 15:08,0,108.83.80.179,100,12,1,11/6/2018 15:08,R_1oFleS41ljtCMri,,,,,25.89630127,-80.3062973,anonymous,EN,"1,3",,,,,,,,,,,,,,,,,,,,,,,,,,,,,,,,,,,,,,,,,,,,,,,,,,,,,,,,,,,,,,,,,,,,,,,,,,,,,,,,,,,,,,,,,,,,,,,,,,,,,,,,,,,,,,,,,,,,,,,,,,,,,,,,,,,,,,,,,,,,,,,,,,,,,,,,,,,,,,,,,,,,,,,,,,,,,,,,,,,,,,,,,,,,,,,,,,,,,,,,,,,,,,,,,,,74352,"<span lang=""EN-GB"">Suppose you want to watch some video when you are alone in a park.<o:p></o:p></span>"
11/6/2018 15:02,11/6/2018 15:08,0,71.176.70.228,100,393,1,11/6/2018 15:08,R_ByA2qDgjOyt8pQl,,,,,43.03540039,-76.12819672,anonymous,EN,"1,2,4,5,6",3,,3,,"2,3",,3,,1,,1,"1,2",,"1,2",,1,3,,"1,2",,"1,2",,"1,2",,5,,4,,"2,4",,,,,,,,,,,,,,,,,,,,,,,,,,,,,,2,,1,,2,,3,,1,,1,1,,"2,3",,"2,3",,3,,"2,3",,2,,"2,3",,5,,4,,,,,,,,,,,,,,,,,,,,,,,,,,,,,,,"2,3",,1,,6,,1,,1,,1,5,,2,,2,,"1,2,3",,"2,3",,"1,2",,"2,3",,5,,4,,,,,,,,,,,,,,,,,,,,,,,,,,,,,,,,,,,,,,,,,,,,,,,,,,,,,,,,,,,,male,50,veteran,4,3,,2,46109,"<span lang=""EN-GB"">Suppose you want to browse the internet when you are alone at a restaurant.<o:p></o:p></span>"
11/6/2018 15:14,11/6/2018 15:15,0,99.203.85.117,100,84,1,11/6/2018 15:15,R_2UXdmzoMaqDrd2e,,,,,34.74899292,-80.76159668,anonymous,EN,2,,,,,,,,,,,,,,,,,,,,,,,,,,,,,,,,,,,,,,,,,,,,,,,,,,,,,,,,,,,,,,,,,,,,,,,,,,,,,,,,,,,,,,,,,,,,,,,,,,,,,,,,,,,,,,,,,,,,,,,,,,,,,,,,,,,,,,,,,,,,,,,,,,,,,,,,,,,,,,,,,,,,,,,,,,,,,,,,,,,,,,,,,,,,,,,,,,,,,,,,,,,,,,,,,,,13050,"<span lang=""EN-GB"">Suppose
     you want to a view a text message when you are with a very close friend at
     a restaurant&nbsp;<o:p></o:p></span>"
11/6/2018 15:08,11/6/2018 15:16,0,71.176.70.228,100,449,1,11/6/2018 15:16,R_2sq6ylwcWRKlCrD,,,,,43.03540039,-76.12819672,anonymous,EN,"1,2,4,6","1,2",,1,,2,,1,,1,,1,2,,2,,1,3,,"1,2",,3,,"1,2",,3,,4,,4,,,,,,,,,,,,,,,,,,,,,,,,,,,,,,,,,,,,,,,,,,,,,,,,,,,,,,,,,,,,,,,,,,,,,,,,,,,,,,,,,,,,,,,,2,,3,,3,,3,,1,,1,1,,2,,2,,3,,3,,"1,2",,3,,5,,4,,,,,,,,,,,,,,,,,,,,,,,,,,,,,,,,,,,,,,,,,,,,,,,,,,,,,,,,,,,,male,50,veteran,5,1,,3,1802,"<span lang=""EN-GB"">Suppose you want to read a digital document when you are in a park surrounded by your close friends.<o:p></o:p></span>"
11/6/2018 15:12,11/6/2018 15:16,0,108.203.195.172,100,231,1,11/6/2018 15:16,R_1N50ZZ7cSq7G5wf,,,,,30.40660095,-91.14679718,anonymous,EN,"1,2,4",1,,"2,3",,"1,2",,1,,1,,"2,3","1,2,3",,"2,3",,2,"3,4",,"2,3",,2,,"2,3",,"1,3",,"1,2",,,,,,,,,,,,,,,,,,,,,,,,,,,,,,,,,,,,,,,,,,,,,,,,,,,,,,,,,,,,,,,,,,,,,,,,,,,,,,,,,,,,,,,,,,,,,,,,,,,,,,,,,,,,,,,,,,,,,,,,,,,,,,,,,,,,,,,,,,,,,,,,,,,,,,,,,,,,,,,,,,,,,,,,,,,,,,,,,,,,,,,,21927,"<span lang=""EN-GB"">Suppose you want to listen to some audio when you are alone in a park.<o:p></o:p></span>"
10/30/2018 16:14,10/30/2018 16:15,0,71.33.161.229,78,28,0,11/6/2018 15:19,R_3e3HtZ1EjDnJknL,,,,,,,anonymous,EN,"1,2,3,4",,,,,,,,,,,,,,,,,,,,,,,,,,,,,,,,,,,,,,,,,,,,,,,,,,,,,,,,,,,,,,,,,,,,,,,,,,,,,,,,,,,,,,,,,,,,,,,,,,,,,,,,,,,,,,,,,,,,,,,,,,,,,,,,,,,,,,,,,,,,,,,,,,,,,,,,,,,,,,,,,,,,,,,,,,,,,,,,,,,,,,,,,,,,,,,,,,,,,,,,,,,,,,,,,,,12852,"<span lang=""EN-GB"">Suppose
     you want to a send a text message when you are with a very close friend at
     a restaurant&nbsp;<o:p></o:p></span>"
11/6/2018 15:18,11/6/2018 15:28,0,71.176.70.228,100,599,1,11/6/2018 15:28,R_2dlPQpEhXwoaT4E,,,,,43.03540039,-76.12819672,anonymous,EN,"1,2,3,4,6",2,,5,,1,,3,,1,,1,1,,5,,1,3,,"1,2",,"2,3",,"1,2",,5,,4,,"2,4",,,,,,,,,,,,,,,,,,,,,,,,,,,,,,2,,1,,3,,3,,1,,1,1,,5,,5,,3,,3,,5,,3,,5,,"1,2",,,,,,,,,,,,,,,,,,,,,,,,,,,,,,,2,,1,,6,,1,,1,,1,5,,2,,5,,3,,3,,2,,3,,5,,4,,,,,,,,,,,,,,,,,,,,,,,,,,,,,,,,,,,,,,,,,,,,,,,,,,,,,,,,,,,,,,,,,,,11113,"<span lang=""EN-GB"">Suppose you are at a coffee shop, you have just read a book you loved and now&nbsp;</span>you want to write a review for it to share with your close family and friends."
11/6/2018 15:28,11/6/2018 15:40,0,71.176.70.228,100,716,1,11/6/2018 15:40,R_snV0ExlX3VPT0jL,,,,,43.03540039,-76.12819672,anonymous,EN,"1,2,3,4,5,6",1,,1,,"1,2,3",,3,,1,,1,2,,2,,1,3,,"1,2",,2,,"1,2",,5,,4,,"1,3,4",2,,1,,1,,3,,1,,1,"2,3",,2,,2,,3,,3,,2,,3,,5,,4,,,,,,,,,,,,,,,,,,,,,,,,,,,,,,,2,,3,,3,,3,,1,,1,2,,5,,5,,3,,3,,2,,3,,5,,4,,2,,1,,1,,1,,1,,1,3,,5,,5,,"2,3",,3,,5,,3,,5,,4,,,,,,,,,,,,,,,,,,,,,,,,,,,,,,,,,,,,,,,,,,,,,,,,,,,,,,,,,,,,female,45,home maker,3,2,,2,34061,"<span lang=""EN-GB"">Suppose you want to a send an email when you are surrounded with people you are close to (e.g., friends, family members) at your home.<strong><o:p></o:p></strong></span>"
10/30/2018 16:26,10/30/2018 16:27,0,71.176.70.228,78,15,0,11/6/2018 15:42,R_3QRXdHGJmIL9xE0,,,,,,,anonymous,EN,"1,2,3,4,5,6",,,,,,,,,,,,,,,,,,,,,,,,,,,,,,,,,,,,,,,,,,,,,,,,,,,,,,,,,,,,,,,,,,,,,,,,,,,,,,,,,,,,,,,,,,,,,,,,,,,,,,,,,,,,,,,,,,,,,,,,,,,,,,,,,,,,,,,,,,,,,,,,,,,,,,,,,,,,,,,,,,,,,,,,,,,,,,,,,,,,,,,,,,,,,,,,,,,,,,,,,,,,,,,,,,,95815,
11/6/2018 15:39,11/6/2018 15:45,0,74.65.15.242,100,336,1,11/6/2018 15:45,R_3EPYj1IqLg0aGNZ,,,,,43.13960266,-77.45600128,anonymous,EN,"1,2,4",2,,"1,2",,"1,2,3,4",,1,,1,,3,"1,2",,"1,2,3",,"2,3","2,3,4",,"1,2",,"2,3",,"1,2",,"1,2",,4,,,,,,,,,,,,,,,,,,,,,,,,,,,,,,,,,,,,,,,,,,,,,,,,,,,,,,,,,,,,,,,,,,,,,,,,,,,,,,,,,,,,,,,,,,,,,,,,,,,,,,,,,,,,,,,,,,,,,,,,,,,,,,,,,,,,,,,,,,,,,,,,,,,,,,,,,,,,,,,,,,,,,,,,,,,,,,,,,,,,,,,,78666,"Suppose you want to find a route to a coffee shop
     when you are at home with your by your colleagues<o:p></o:p>"
10/30/2018 16:31,10/30/2018 16:34,0,71.176.70.228,78,146,0,11/6/2018 15:45,R_zVIEm3wP3bWYqqd,,,,,,,anonymous,EN,"1,2,4,6",,,,,,,,,,,,,,,,,,,,,,,,,,,,,,,,,,,,,,,,,,,,,,,,,,,,,,,,,,,,,,,,,,,,,,,,,,,,,,,,,,,,,,,,,,,,,,,,,,,,,,,,,,,,,,,,,,,,,,,,,,,,,,,,,,,,,,,,,,,,,,,,,,,,,,,,,,,,,,,,,,,,,,,,,,,,,,,,,,,,,,,,,,,,,,,,,,,,,,,,,,,,,,,,,,,41758,"<span lang=""EN-GB"">Suppose
     you want to listen to some audio when you are with people you know (e.g.,
     acquaintances, colleagues) at your home.<o:p></o:p></span>"
10/26/2018 14:05,10/30/2018 16:34,0,104.129.192.91,88,354564,0,11/6/2018 15:45,R_1eDUNJ2kRhggMAr,,,,,,,anonymous,EN,"1,2,6",2,,1,,2,,1,,1,,3,3,,5,,3,2,,2,,3,,2,,5,,2,,"2,6",,,,,,,,,,,,,,,,,,,,,,,,,,,,,,,,,,,,,,,,,,,,,,,,,,,,,,,,,,,,,,,,,,,,,,,,,,,,,,,,,,,,,,,,,,,,,,,,,,,,,,,,,,,,,,,,,,,,,,,,,,,,,,,,,,,,,,,,,,,,,,,,,,,,,,,,,,,,,,,,,,,,,,,,,,,,,,,,,,,,,,55747,"<span lang=""EN-GB"">Suppose you are at your gym and you want to track the amount of calories&nbsp;</span>you have burnt your workout.&nbsp;"
10/30/2018 16:26,10/30/2018 16:26,0,71.176.70.228,1,24,0,11/6/2018 15:52,R_2653IjAy30vVY54,,,,,,,anonymous,EN,"1,2,4,5,6",,,,,,,,,,,,,,,,,,,,,,,,,,,,,,,,,,,,,,,,,,,,,,,,,,,,,,,,,,,,,,,,,,,,,,,,,,,,,,,,,,,,,,,,,,,,,,,,,,,,,,,,,,,,,,,,,,,,,,,,,,,,,,,,,,,,,,,,,,,,,,,,,,,,,,,,,,,,,,,,,,,,,,,,,,,,,,,,,,,,,,,,,,,,,,,,,,,,,,,,,,,,,,,,,,,71489,"<span lang=""EN-GB"">Suppose you are at home with people you are close to (e.g., friends, family members) when you realize today is the last day to pay one of your bills online.<o:p></o:p></span>"
11/6/2018 15:52,11/6/2018 15:56,0,104.174.95.139,100,255,1,11/6/2018 15:56,R_3PzZs4Tbq8WUp2w,,,,,33.82679749,-118.3117981,anonymous,EN,"1,2,4",2,,1,,1,,1,,1,,2,3,,2,,2,1,,1,,3,,1,,1,,2,,2,,,,,,,,,,,,,,,,,,,,,,,,,,,,,,2,,1,,1,,1,,1,,1,3,,"1,3",,3,,1,,3,,1,,3,,1,,2,,,,,,,,,,,,,,,,,,,,,,,,,,,,,,,,,,,,,,,,,,,,,,,,,,,,,,,,,,,,,,,,,,,,,,,,,,,,,,,,,,,,,,,,,,,,,,,,,,,,,,,,,,,,,,,,,,,,,,,,,,,,,60304,"<span lang=""EN-GB"">Suppose you are on a short vacation and you want to take a picture in front&nbsp;</span>of an iconic monument when you are surrounded by many people."
11/6/2018 16:08,11/6/2018 16:08,0,174.83.55.242,100,13,1,11/6/2018 16:08,R_1me240jLqbG6neV,,,,,42.27029419,-71.84169769,anonymous,EN,"1,2",,,,,,,,,,,,,,,,,,,,,,,,,,,,,,,,,,,,,,,,,,,,,,,,,,,,,,,,,,,,,,,,,,,,,,,,,,,,,,,,,,,,,,,,,,,,,,,,,,,,,,,,,,,,,,,,,,,,,,,,,,,,,,,,,,,,,,,,,,,,,,,,,,,,,,,,,,,,,,,,,,,,,,,,,,,,,,,,,,,,,,,,,,,,,,,,,,,,,,,,,,,,,,,,,,,12477,"<span lang=""EN-GB"">Suppose you want to read a digital document when you are at a park.<o:p></o:p></span>"
11/6/2018 16:11,11/6/2018 16:11,0,68.228.240.204,100,11,1,11/6/2018 16:11,R_9Y1zOptd7jbOWad,,,,,32.21499634,-110.7758026,anonymous,EN,"1,2",,,,,,,,,,,,,,,,,,,,,,,,,,,,,,,,,,,,,,,,,,,,,,,,,,,,,,,,,,,,,,,,,,,,,,,,,,,,,,,,,,,,,,,,,,,,,,,,,,,,,,,,,,,,,,,,,,,,,,,,,,,,,,,,,,,,,,,,,,,,,,,,,,,,,,,,,,,,,,,,,,,,,,,,,,,,,,,,,,,,,,,,,,,,,,,,,,,,,,,,,,,,,,,,,,,10730,"<span lang=""EN-GB"">Suppose you want to find a route to home while walking on a street with your close friends.<o:p></o:p></span>"
10/30/2018 17:08,10/30/2018 17:14,0,67.171.203.158,78,376,0,11/6/2018 16:14,R_2RaGVakSdPsGQZj,,,,,,,anonymous,EN,"1,2,3,5",,,,,,,,,,,,,,,,,,,,,,,,,,,,,,,,,,,,,,,,,,,,,,,,,,,,,,,,,,,,,,,,,,,,,,,,,,,,,,,,,,,,,,,,,,,,,,,,,,,,,,,,,,,,,,,,,,,,,,,,,,,,,,,,,,,,,,,,,,,,,,,,,,,,,,,,,,,,,,,,,,,,,,,,,,,,,,,,,,,,,,,,,,,,,,,,,,,,,,,,,,,,,,,,,,,10307,"<span lang=""EN-GB"">Suppose you want to a send an email when you are surrounded with people you are close to (e.g., friends, family members) at your home.<strong><o:p></o:p></strong></span>"
10/30/2018 17:15,10/30/2018 17:16,0,65.96.76.236,78,80,0,11/6/2018 16:16,R_2w5esoPyuhAhgsQ,,,,,,,anonymous,EN,"1,2,5",,,,,,,,,,,,,,,,,,,,,,,,,,,,,,,,,,,,,,,,,,,,,,,,,,,,,,,,,,,,,,,,,,,,,,,,,,,,,,,,,,,,,,,,,,,,,,,,,,,,,,,,,,,,,,,,,,,,,,,,,,,,,,,,,,,,,,,,,,,,,,,,,,,,,,,,,,,,,,,,,,,,,,,,,,,,,,,,,,,,,,,,,,,,,,,,,,,,,,,,,,,,,,,,,,,65645,"<span lang=""EN-GB"">Suppose you want to take a click a photo when you are with your close friends&nbsp;</span>and family members at Starbucks"
11/6/2018 16:22,11/6/2018 16:22,0,107.213.216.165,100,13,1,11/6/2018 16:22,R_p3IY0BvjUbMfDBD,,,,,25.60620117,-80.34259796,anonymous,EN,4,,,,,,,,,,,,,,,,,,,,,,,,,,,,,,,,,,,,,,,,,,,,,,,,,,,,,,,,,,,,,,,,,,,,,,,,,,,,,,,,,,,,,,,,,,,,,,,,,,,,,,,,,,,,,,,,,,,,,,,,,,,,,,,,,,,,,,,,,,,,,,,,,,,,,,,,,,,,,,,,,,,,,,,,,,,,,,,,,,,,,,,,,,,,,,,,,,,,,,,,,,,,,,,,,,,37932,"<span lang=""EN-GB"">Suppose you want to watch some video when you are alone at your home.<strong><o:p></o:p></strong></span>"
11/6/2018 17:00,11/6/2018 17:00,0,100.15.249.32,100,14,1,11/6/2018 17:00,R_bQTkKS1cQo0UgZr,,,,,38.74920654,-77.4878006,anonymous,EN,"2,3",,,,,,,,,,,,,,,,,,,,,,,,,,,,,,,,,,,,,,,,,,,,,,,,,,,,,,,,,,,,,,,,,,,,,,,,,,,,,,,,,,,,,,,,,,,,,,,,,,,,,,,,,,,,,,,,,,,,,,,,,,,,,,,,,,,,,,,,,,,,,,,,,,,,,,,,,,,,,,,,,,,,,,,,,,,,,,,,,,,,,,,,,,,,,,,,,,,,,,,,,,,,,,,,,,,22172,"<span lang=""EN-GB"">Suppose you are alone at home when you realize today is the last day to pay one of your bills online.<o:p></o:p></span>"
10/30/2018 18:04,10/30/2018 18:04,0,108.215.91.38,78,50,0,11/6/2018 17:04,R_viymIVjbYVllPDr,,,,,,,anonymous,EN,"1,2,3,4,6",,,,,,,,,,,,,,,,,,,,,,,,,,,,,,,,,,,,,,,,,,,,,,,,,,,,,,,,,,,,,,,,,,,,,,,,,,,,,,,,,,,,,,,,,,,,,,,,,,,,,,,,,,,,,,,,,,,,,,,,,,,,,,,,,,,,,,,,,,,,,,,,,,,,,,,,,,,,,,,,,,,,,,,,,,,,,,,,,,,,,,,,,,,,,,,,,,,,,,,,,,,,,,,,,,,44174,"<span lang=""EN-GB"">Suppose
     you are at a park and you realize today is the last day to pay one of your
     bills online.<o:p></o:p></span>"
11/6/2018 17:06,11/6/2018 17:06,0,68.60.128.52,100,23,1,11/6/2018 17:06,R_1rcRvkmYE6wS2Ho,,,,,42.64419556,-82.89849854,anonymous,EN,"1,2",,,,,,,,,,,,,,,,,,,,,,,,,,,,,,,,,,,,,,,,,,,,,,,,,,,,,,,,,,,,,,,,,,,,,,,,,,,,,,,,,,,,,,,,,,,,,,,,,,,,,,,,,,,,,,,,,,,,,,,,,,,,,,,,,,,,,,,,,,,,,,,,,,,,,,,,,,,,,,,,,,,,,,,,,,,,,,,,,,,,,,,,,,,,,,,,,,,,,,,,,,,,,,,,,,,77730,"<span lang=""EN-GB"">Suppose
     you want to a send an email when you are with a very close friend at a
     restaurant&nbsp;<o:p></o:p></span>"
11/6/2018 17:15,11/6/2018 17:16,0,206.207.225.115,100,56,1,11/6/2018 17:16,R_3lDiLHGvUlv1YeD,,,,,32.23379517,-110.9499969,anonymous,EN,2,,,,,,,,,,,,,,,,,,,,,,,,,,,,,,,,,,,,,,,,,,,,,,,,,,,,,,,,,,,,,,,,,,,,,,,,,,,,,,,,,,,,,,,,,,,,,,,,,,,,,,,,,,,,,,,,,,,,,,,,,,,,,,,,,,,,,,,,,,,,,,,,,,,,,,,,,,,,,,,,,,,,,,,,,,,,,,,,,,,,,,,,,,,,,,,,,,,,,,,,,,,,,,,,,,,68627,"<span lang=""EN-GB"">Suppose
     you want to a send an email when you are surrounded by people you know
     (e.g., acquaintances, colleagues) at a restaurant.<o:p></o:p></span>"
11/6/2018 17:13,11/6/2018 17:18,0,73.102.7.145,100,292,1,11/6/2018 17:18,R_a8HM0z6mZPWkaul,,,,,40.45089722,-86.1352005,anonymous,EN,"1,3,4","2,3,4",,1,,"1,2,3",,3,,1,,"2,3","1,2,3",,3,,2,"1,2,3",,"1,2",,6,,"1,2",,"1,2",,2,,,,,,,,,,,,,,,,,,,,,,,,,,,,,,,,,,,,,,,,,,,,,,,,,,,,,,,,,,,,,,,,,,,,,,,,,,,,,,,,,,,,,,,,,,,,,,,,,,,,,,,,,,,,,,,,,,,,,,,,,,,,,,,,,,,,,,,,,,,,,,,,,,,,,,,,,,,,,,,,,,,,,,,,,,,,,,,,,,,,,,,,97961,"<span lang=""EN-GB"">Suppose you want to browse the internet when you are with people you know (e.g., acquaintances, colleagues) at a park.<o:p></o:p></span>"
11/6/2018 17:18,11/6/2018 17:23,0,73.252.48.164,100,310,1,11/6/2018 17:23,R_3mZWeaSB3vPv7pe,,,,,32.55299377,-92.04219818,anonymous,EN,"1,2,6",2,,"1,3",,"1,2,3",,3,,1,,"2,3","2,3",,"1,2,3",,"2,3",2,,2,,"3,4",,"1,2",,"1,2,3",,2,,,,,,,,,,,,,,,,,,,,,,,,,,,,,,,,,,,,,,,,,,,,,,,,,,,,,,,,,,,,,,,,,,,,,,,,,,,,,,,,,,,,,,,,,,,,,,,,,,,,,,,,,,,,,,,,,,,,,,,,,,,,,,,,,,,,,,,,,,,,,,,,,,,,,,,,,,,,,,,,,,,,,,,,,,,,,,,,,,,,,,,,17158,"<span lang=""EN-GB"">Suppose you have planned to meet a friend next week and you want to put this on your calendar when you are with a very close friend at a park.&nbsp;<o:p></o:p></span>"
10/30/2018 18:19,10/30/2018 18:30,0,24.210.211.61,88,641,0,11/6/2018 17:30,R_OxKECZqMjG8EX73,,,,,,,anonymous,EN,"1,2,3","2,3,4,5",,1,,"1,2,3",,1,,3,,"1,2,3","1,2,3",,"2,3",,"1,2,3","1,2,4",,"2,3",,"3,4",,"2,3",,"1,2,3",,2,,2,,,,,,,,,,,,,,,,,,,,,,,,,,,,,,,,,,,,,,,,,,,,,,,,,,,,,,,,,,,,,,,,,,,,,,,,,,,,,,,,,,,,,,,,,,,,,,,,,,,,,,,,,,,,,,,,,,,,,,,,,,,,,,,,,,,,,,,,,,,,,,,,,,,,,,,,,,,,,,,,,,,,,,,,,,,,,,,,,,,,,,53439,"<span lang=""EN-GB"">Suppose you have planned to meet a friend next week and you want to put this on your calendar when you are with a very close friend at a restaurant&nbsp;<o:p></o:p></span>"
10/30/2018 18:28,10/30/2018 18:31,0,73.147.173.199,78,167,0,11/6/2018 17:31,R_7WZIhv6UVW63hZf,,,,,,,anonymous,EN,"1,2,4",,,,,,,,,,,,,,,,,,,,,,,,,,,,,,,,,,,,,,,,,,,,,,,,,,,,,,,,,,,,,,,,,,,,,,,,,,,,,,,,,,,,,,,,,,,,,,,,,,,,,,,,,,,,,,,,,,,,,,,,,,,,,,,,,,,,,,,,,,,,,,,,,,,,,,,,,,,,,,,,,,,,,,,,,,,,,,,,,,,,,,,,,,,,,,,,,,,,,,,,,,,,,,,,,,,65656,"<span lang=""EN-GB"">Suppose you are at home with people you are close to (e.g., friends, family members) when you realize today is the last day to pay one of your bills online.<o:p></o:p></span>"
11/6/2018 17:35,11/6/2018 17:36,0,73.30.20.192,100,57,1,11/6/2018 17:36,R_2XhTnwFFpYf5TtM,,,,,40.09559631,-75.373703,anonymous,EN,"1,2,3,4,5,6",3,,2,,3,,1,,3,,2,3,,2,,3,3,,2,,"2,3",,2,,2,,2,,,,,,,,,,,,,,,,,,,,,,,,,,,,,,,,,,,,,,,,,,,,,,,,,,,,,,,,,,,,,,,,,,,,,,,,,,,,,,,,,,,,,,,,,,,,,,,,,,,,,,,,,,,,,,,,,,,,,,,,,,,,,,,,,,,,,,,,,,,,,,,,,,,,,,,,,,,,,,,,,,,,,,,,,,,,,,,,,,,,,,,,61236,"<span lang=""EN-GB"">Suppose you want to control some devices/appliances (e.g., smart lights) when you are alone at home.<o:p></o:p></span>"
11/6/2018 17:40,11/6/2018 17:41,0,73.32.107.73,100,58,1,11/6/2018 17:41,R_ReKQtDf7NloepjP,,,,,29.79710388,-95.4957962,anonymous,EN,"2,3",,,,,,,,,,,,,,,,,,,,,,,,,,,,,,,,,,,,,,,,,,,,,,,,,,,,,,,,,,,,,,,,,,,,,,,,,,,,,,,,,,,,,,,,,,,,,,,,,,,,,,,,,,,,,,,,,,,,,,,,,,,,,,,,,,,,,,,,,,,,,,,,,,,,,,,,,,,,,,,,,,,,,,,,,,,,,,,,,,,,,,,,,,,,,,,,,,,,,,,,,,,,,,,,,,,8733,"<span lang=""EN-GB"">Suppose
     you want to purchase something online when you are with people you know
     (e.g., acquaintances, colleagues) at your home.<o:p></o:p></span>"
11/6/2018 17:46,11/6/2018 17:49,0,71.178.218.112,100,190,1,11/6/2018 17:49,R_31WWcMGUxz8k81c,,,,,38.98849487,-76.79100037,anonymous,EN,"2,4",,,,,,,,,,,,,,,,,,,,,,,,,,,,,,,,,,,,,,,,,,,,,,,,,,,,,,,,,,,,,,,,,,,,,,,,,,,,,,,,,,,,,,,,,,,,,,,,,,,,,,,,,,,,,,,,,,,,,,,,,,,,,,,,,,,,,,,,,,,,,,,,,,,,,,,,,,,,,,,,,,,,,,,,,,,,,,,,,,,,,,,,,,,,,,,,,,,,,,,,,,,,,,,,,,,33379,"<span lang=""EN-GB"">Suppose
     you want to call your mother for sharing an important update about your
     life yourself when you are with a very close friend at a park.&nbsp;<o:p></o:p></span>"
11/6/2018 17:45,11/6/2018 17:51,0,67.20.139.42,100,346,1,11/6/2018 17:51,R_25yDBCLxddmpV9u,,,,,32.33009338,-80.84349823,anonymous,EN,"1,2,4,5","1,2,5",,5,,"1,2,3",,1,,"2,3",,4,3,,"1,2,3",,4,"2,4",,5,,3,,2,,"1,2,3",,1,,,,,,,,,,,,,,,,,,,,,,,,,,,,,,,,,,,,,,,,,,,,,,,,,,,,,,,,,,,,,,,,,,,,,,,,,,,,,,,,,,,,,,,,,,,,,,,,,,,,,,,,,,,,,,,,,,,,,,,,,,,,,,,,,,,,,,,,,,,,,,,,,,,,,,,,,,,,,,,,,,,,,,,,,,,,,,,,,,,,,,,,1294,"<span lang=""EN-GB"">Suppose
     you want to a view a text message when you are surrounded by people you
     know (e.g., acquaintances, colleagues) at a restaurant.<o:p></o:p></span>"
11/6/2018 17:54,11/6/2018 17:56,0,98.183.23.10,100,174,1,11/6/2018 17:56,R_YY0LakK8H0NtuoN,,,,,30.77729797,-86.48320007,anonymous,EN,"2,3,4",2,,1,,1,,1,,1,,2,3,,2,,2,2,,2,,1,,2,,"1,2",,2,,2,,,,,,,,,,,,,,,,,,,,,,,,,,,,,,2,,1,,1,,1,,1,,2,3,,2,,2,,1,,1,,2,,1,,"1,2",,2,,,,,,,,,,,,,,,,,,,,,,,,,,,,,,,,,,,,,,,,,,,,,,,,,,,,,,,,,,,,,,,,,,,,,,,,,,,,,,,,,,,,,,,,,,,,,,,,,,,,,,,,,,,,,,,,,,,,,,female,44,homemaker,5,1,,4,49192,"<span lang=""EN-GB"">Suppose you want to set up a reminder when you are at a park with close friends.<o:p></o:p></span>"
11/6/2018 17:54,11/6/2018 18:00,0,174.48.22.60,100,361,1,11/6/2018 18:00,R_1jvMl9ZrbJI5nnd,,,,,26.66439819,-80.17410278,anonymous,EN,"1,2,3,4,5","2,3,4",,"1,2",,"1,2",,1,,"2,3",,"1,3","1,2",,"1,2,3",,"1,2","2,3,4",,"1,2",,"2,3,4",,5,,"1,2",,"1,2",,,,,,,,,,,,,,,,,,,,,,,,,,,,,,,,,,,,,,,,,,,,,,,,,,,,,,,,,,,,,,,,,,,,,,,,,,,,,,,,,,,,,,,,,,,,,,,,,,,,,,,,,,,,,,,,,,,,,,,,,,,,,,,,,,,,,,,,,,,,,,,,,,,,,,,,,,,,,,,,,,,,,,,,,,,,,,,,,,,,,,,,19921,"<span lang=""EN-GB"">Suppose you are alone at home, you want to take a break from studying/working&nbsp;</span>so you decide to play an online/digital game."
10/30/2018 19:10,10/30/2018 19:13,0,69.207.40.34,78,164,0,11/6/2018 18:13,R_wRySCxxsEbuBPKp,,,,,,,anonymous,EN,"1,2,4",,,,,,,,,,,,,,,,,,,,,,,,,,,,,,,,,,,,,,,,,,,,,,,,,,,,,,,,,,,,,,,,,,,,,,,,,,,,,,,,,,,,,,,,,,,,,,,,,,,,,,,,,,,,,,,,,,,,,,,,,,,,,,,,,,,,,,,,,,,,,,,,,,,,,,,,,,,,,,,,,,,,,,,,,,,,,,,,,,,,,,,,,,,,,,,,,,,,,,,,,,,,,,,,,,,18795,"<span lang=""EN-GB"">Suppose
     you want to read a digital document when you are alone at home.<strong><o:p></o:p></strong></span>"
11/6/2018 18:17,11/6/2018 18:17,0,24.34.217.234,100,19,1,11/6/2018 18:17,R_3Mnk56kogbe67vY,,,,,43.03250122,-71.19120026,anonymous,EN,"2,3",,,,,,,,,,,,,,,,,,,,,,,,,,,,,,,,,,,,,,,,,,,,,,,,,,,,,,,,,,,,,,,,,,,,,,,,,,,,,,,,,,,,,,,,,,,,,,,,,,,,,,,,,,,,,,,,,,,,,,,,,,,,,,,,,,,,,,,,,,,,,,,,,,,,,,,,,,,,,,,,,,,,,,,,,,,,,,,,,,,,,,,,,,,,,,,,,,,,,,,,,,,,,,,,,,,56346,"<span lang=""EN-GB"">Suppose
     you want to set up a reminder when you are with people you know (e.g.,
     acquaintances, colleagues) at your home.<o:p></o:p></span>"
11/6/2018 18:22,11/6/2018 18:25,0,99.59.205.14,100,128,1,11/6/2018 18:25,R_2xDdJqzLy4KFxk9,,,,,38.80690002,-90.34010315,anonymous,EN,"1,2,4,5,6","1,2,3,4,5",,"1,2,3",,"1,2,3,4",,1,,"1,2,3,4",,"1,2,3","1,2,3",,"1,2,3",,1,"1,2,3,4",,"1,2,3",,"1,2,3,4",,"1,2,3",,"1,2,3",,"1,2",,,,,,,,,,,,,,,,,,,,,,,,,,,,,,,,,,,,,,,,,,,,,,,,,,,,,,,,,,,,,,,,,,,,,,,,,,,,,,,,,,,,,,,,,,,,,,,,,,,,,,,,,,,,,,,,,,,,,,,,,,,,,,,,,,,,,,,,,,,,,,,,,,,,,,,,,,,,,,,,,,,,,,,,,,,,,,,,,,,,,,,,15378,"<span lang=""EN-GB"">Suppose
     you want to a send an email when you are with a very close friend at a
     restaurant&nbsp;<o:p></o:p></span>"
11/6/2018 18:25,11/6/2018 18:29,0,67.190.187.119,100,228,1,11/6/2018 18:29,R_2CDOLoavhFbPJ8W,,,,,39.90150452,-104.9406967,anonymous,EN,"1,2,3,4,6",2,,3,,3,,3,,2,,2,2,,1,,3,2,,2,,"1,3",,2,,3,,2,,,,,,,,,,,,,,,,,,,,,,,,,,,,,,,,,,,,,,,,,,,,,,,,,,,,,,,,,,,,,,,,,,,,,,,,,,,,,,,,,,,,,,,,,,,,,,,,,,,,,,,,,,,,,,,,,,,,,,,,,,,,,,,,,,,,,,,,,,,,,,,,,,,,,,,,,,,,,,,,,,,,,,,,,,,,,,,,,,,,,,,,89902,"<span lang=""EN-GB"">Suppose you want to browse the internet when you are with people you know (e.g., acquaintances, colleagues) at a restaurant.<o:p></o:p></span>"
11/6/2018 18:10,11/6/2018 18:33,0,184.102.178.114,100,1372,1,11/6/2018 18:33,R_3R7oBQr9bdhB5ih,,,,,30.4006958,-87.68569946,anonymous,EN,"1,2,3,4,6",5,,5,,"2,3",,3,,1,,3,2,,5,,3,2,,2,,"3,4,6",,2,,"1,2,3",,4,,"1,2,4",4,,5,,"1,2,3",,3,,1,,4,5,,5,,5,,6,,3,,"1,2",,3,,5,,4,,5,,5,,6,,3,,1,,3,2,,5,,5,,6,,3,,1,,3,,"1,2,3",,4,,,,,,,,,,,,,,,,,,,,,,,,,,,,,,,5,,5,,6,,3,,1,,3,5,,5,,5,,6,,3,,2,,3,,5,,4,,,,,,,,,,,,,,,,,,,,,,,,,,,,,,,,,,,,,,,,,,,,,,,,,,,,,,,,,,,,Male,72,Retired,3,1,,3,25073,"<span lang=""EN-GB"">Suppose
     you are at starbucks and you realize today is the last day to pay one of
     your bills online.<o:p></o:p></span>"
11/6/2018 18:39,11/6/2018 18:39,0,64.26.68.82,100,12,1,11/6/2018 18:39,R_RV4REY9yE7Z0Xv3,,,,,39.44610596,-77.33499908,anonymous,EN,"1,2",,,,,,,,,,,,,,,,,,,,,,,,,,,,,,,,,,,,,,,,,,,,,,,,,,,,,,,,,,,,,,,,,,,,,,,,,,,,,,,,,,,,,,,,,,,,,,,,,,,,,,,,,,,,,,,,,,,,,,,,,,,,,,,,,,,,,,,,,,,,,,,,,,,,,,,,,,,,,,,,,,,,,,,,,,,,,,,,,,,,,,,,,,,,,,,,,,,,,,,,,,,,,,,,,,,280,"<span lang=""EN-GB"">Suppose you want to browse the internet when you are at home with people you are close to (e.g., friends, family members)<strong><o:p></o:p></strong></span>"
10/26/2018 1:14,10/30/2018 19:40,0,174.213.17.50,1,411951,0,11/6/2018 18:41,R_3irK3taoF4c6zAq,,,,,,,anonymous,EN,,,,,,,,,,,,,,,,,,,,,,,,,,,,,,,,,,,,,,,,,,,,,,,,,,,,,,,,,,,,,,,,,,,,,,,,,,,,,,,,,,,,,,,,,,,,,,,,,,,,,,,,,,,,,,,,,,,,,,,,,,,,,,,,,,,,,,,,,,,,,,,,,,,,,,,,,,,,,,,,,,,,,,,,,,,,,,,,,,,,,,,,,,,,,,,,,,,,,,,,,,,,,,,,,,,,73314,"<span lang=""EN-GB"">Suppose
     you want to set up a reminder when you are alone at your home.<strong><o:p></o:p></strong></span>"
11/6/2018 18:42,11/6/2018 18:42,0,74.78.175.80,100,12,1,11/6/2018 18:42,R_1eIz9656JR6DGOq,,,,,44.543396,-70.5644989,anonymous,EN,1,,,,,,,,,,,,,,,,,,,,,,,,,,,,,,,,,,,,,,,,,,,,,,,,,,,,,,,,,,,,,,,,,,,,,,,,,,,,,,,,,,,,,,,,,,,,,,,,,,,,,,,,,,,,,,,,,,,,,,,,,,,,,,,,,,,,,,,,,,,,,,,,,,,,,,,,,,,,,,,,,,,,,,,,,,,,,,,,,,,,,,,,,,,,,,,,,,,,,,,,,,,,,,,,,,,91768,"<span lang=""EN-GB"">Suppose you are at a coffee shop, you have just read a book you loved and now&nbsp;</span>you want to write a review for it to share with your close family and friends."
11/6/2018 18:49,11/6/2018 18:49,0,68.101.82.217,100,16,1,11/6/2018 18:49,R_ufaLnRprj9g2jkJ,,,,,29.1605072,-82.12879944,anonymous,EN,"2,3",,,,,,,,,,,,,,,,,,,,,,,,,,,,,,,,,,,,,,,,,,,,,,,,,,,,,,,,,,,,,,,,,,,,,,,,,,,,,,,,,,,,,,,,,,,,,,,,,,,,,,,,,,,,,,,,,,,,,,,,,,,,,,,,,,,,,,,,,,,,,,,,,,,,,,,,,,,,,,,,,,,,,,,,,,,,,,,,,,,,,,,,,,,,,,,,,,,,,,,,,,,,,,,,,,,82082,"<span lang=""EN-GB"">Suppose
     you want to a send an email when you are walking on a street.<o:p></o:p></span>"
10/30/2018 20:24,10/30/2018 20:24,0,65.131.44.128,78,20,0,11/6/2018 19:24,R_tVTDH0XFd3lSaSB,,,,,,,anonymous,EN,"1,3,6",,,,,,,,,,,,,,,,,,,,,,,,,,,,,,,,,,,,,,,,,,,,,,,,,,,,,,,,,,,,,,,,,,,,,,,,,,,,,,,,,,,,,,,,,,,,,,,,,,,,,,,,,,,,,,,,,,,,,,,,,,,,,,,,,,,,,,,,,,,,,,,,,,,,,,,,,,,,,,,,,,,,,,,,,,,,,,,,,,,,,,,,,,,,,,,,,,,,,,,,,,,,,,,,,,,22234,"<span lang=""EN-GB"">Suppose you want to set up a reminder about something when you are at Starbucks with close friends.<o:p></o:p></span>"
11/6/2018 19:30,11/6/2018 19:32,0,73.123.237.220,100,151,1,11/6/2018 19:32,R_2qm8BfJ38HD1vxw,,,,,42.4138031,-71.00520325,anonymous,EN,"1,2,3,4",2,,1,,2,,1,,1,,4,3,,1,,3,3,,2,,3,,1,,5,,2,,,,,,,,,,,,,,,,,,,,,,,,,,,,,,,,,,,,,,,,,,,,,,,,,,,,,,,,,,,,,,,,,,,,,,,,,,,,,,,,,,,,,,,,,,,,,,,,,,,,,,,,,,,,,,,,,,,,,,,,,,,,,,,,,,,,,,,,,,,,,,,,,,,,,,,,,,,,,,,,,,,,,,,,,,,,,,,,,,,,,,,,74541,"<span lang=""EN-GB"">Suppose
     you want to a send a text message when you are surrounded by people you
     know (e.g., acquaintances, colleagues) at your home.<o:p></o:p></span>"
11/6/2018 19:27,11/6/2018 19:33,0,68.11.66.182,100,389,1,11/6/2018 19:33,R_2QSOOtIiq5fV7AS,,,,,30.00559998,-90.06439972,anonymous,EN,"1,2,4",7,,3,,"1,2,3",,1,,"1,3",,3,"1,2,3",,"1,2",,4,"1,2",,3,,6,,3,,"1,2,3",,4,,,,,,,,,,,,,,,,,,,,,,,,,,,,,,,,,,,,,,,,,,,,,,,,,,,,,,,,,,,,,,,,,,,,,,,,,,,,,,,,,,,,,,,,,,,,,,,,,,,,,,,,,,,,,,,,,,,,,,,,,,,,,,,,,,,,,,,,,,,,,,,,,,,,,,,,,,,,,,,,,,,,,,,,,,,,,,,,,,,,,,,,83626,"<span lang=""EN-GB"">Suppose
     you want to watch some video when you are with people you know (e.g.,
     acquaintances, colleagues) in a park.<o:p></o:p></span>"
11/6/2018 19:36,11/6/2018 19:40,0,184.56.109.29,100,267,1,11/6/2018 19:40,R_1LcILwLTyfgaVqi,,,,,42.07629395,-80.06680298,anonymous,EN,"1,2,3",2,,5,,6,,1,,6,,4,3,,5,,4,6,,5,,7,,5,,5,,4,,2,,,,,,,,,,,,,,,,,,,,,,,,,,,,,,2,,1,,6,,1,,1,,1,5,,5,,5,,1,,3,,2,,3,,1,,4,,,,,,,,,,,,,,,,,,,,,,,,,,,,,,,,,,,,,,,,,,,,,,,,,,,,,,,,,,,,,,,,,,,,,,,,,,,,,,,,,,,,,,,,,,,,,,,,,,,,,,,,,,,,,,,,,,,,,,Male,29,General Manager,5,5,,4,39775,"<span lang=""EN-GB"">Suppose
     you want to a view a text message when you are alone at Starbucks.<o:p></o:p></span>"
11/6/2018 19:48,11/6/2018 19:49,0,76.173.70.38,100,29,1,11/6/2018 19:49,R_3n2CxGj4c4AnSvr,,,,,21.43519592,-158.1781006,anonymous,EN,"1,4",,,,,,,,,,,,,,,,,,,,,,,,,,,,,,,,,,,,,,,,,,,,,,,,,,,,,,,,,,,,,,,,,,,,,,,,,,,,,,,,,,,,,,,,,,,,,,,,,,,,,,,,,,,,,,,,,,,,,,,,,,,,,,,,,,,,,,,,,,,,,,,,,,,,,,,,,,,,,,,,,,,,,,,,,,,,,,,,,,,,,,,,,,,,,,,,,,,,,,,,,,,,,,,,,,,45078,"<span lang=""EN-GB"" style=""font-size:11.0pt;line-height:115%;
font-family:&quot;Arial&quot;,sans-serif;mso-fareast-font-family:Arial;mso-ansi-language:
EN-GB;mso-fareast-language:EN-US;mso-bidi-language:AR-SA"">Suppose you want to a
send an email when you are at Starbucks.</span>"
11/6/2018 20:00,11/6/2018 20:00,0,172.58.173.30,100,13,1,11/6/2018 20:00,R_3ReHCxyRvyIpMI4,,,,,28.00680542,-82.55599976,anonymous,EN,2,,,,,,,,,,,,,,,,,,,,,,,,,,,,,,,,,,,,,,,,,,,,,,,,,,,,,,,,,,,,,,,,,,,,,,,,,,,,,,,,,,,,,,,,,,,,,,,,,,,,,,,,,,,,,,,,,,,,,,,,,,,,,,,,,,,,,,,,,,,,,,,,,,,,,,,,,,,,,,,,,,,,,,,,,,,,,,,,,,,,,,,,,,,,,,,,,,,,,,,,,,,,,,,,,,,87839,"<span lang=""EN-GB"">Suppose
     you want to a send a text message when you are with a very close friend at
     a restaurant&nbsp;<o:p></o:p></span>"
11/6/2018 20:00,11/6/2018 20:00,0,172.58.173.30,100,9,1,11/6/2018 20:00,R_1DtKyf4Zj3GmqS8,,,,,28.00680542,-82.55599976,anonymous,EN,2,,,,,,,,,,,,,,,,,,,,,,,,,,,,,,,,,,,,,,,,,,,,,,,,,,,,,,,,,,,,,,,,,,,,,,,,,,,,,,,,,,,,,,,,,,,,,,,,,,,,,,,,,,,,,,,,,,,,,,,,,,,,,,,,,,,,,,,,,,,,,,,,,,,,,,,,,,,,,,,,,,,,,,,,,,,,,,,,,,,,,,,,,,,,,,,,,,,,,,,,,,,,,,,,,,,29439,"<span lang=""EN-GB"">Suppose
     you want to read a digital document) when you are at home with people you
     know (e.g., acquaintances, colleagues).<o:p></o:p></span>"
11/6/2018 20:00,11/6/2018 20:01,0,172.58.173.30,100,7,1,11/6/2018 20:01,R_8ivmHQYkHF7XJLj,,,,,28.00680542,-82.55599976,anonymous,EN,4,,,,,,,,,,,,,,,,,,,,,,,,,,,,,,,,,,,,,,,,,,,,,,,,,,,,,,,,,,,,,,,,,,,,,,,,,,,,,,,,,,,,,,,,,,,,,,,,,,,,,,,,,,,,,,,,,,,,,,,,,,,,,,,,,,,,,,,,,,,,,,,,,,,,,,,,,,,,,,,,,,,,,,,,,,,,,,,,,,,,,,,,,,,,,,,,,,,,,,,,,,,,,,,,,,,21395,"<span lang=""EN-GB"">Suppose
     you want to set up a reminder when you are at a park by yourself.<o:p></o:p></span>"
11/4/2018 20:23,11/6/2018 20:02,0,99.33.197.34,100,171548,1,11/6/2018 20:02,R_1F3zAjjWi6oVkD1,,,,,26.31680298,-80.27529907,anonymous,EN,"1,2,3,4",5,,1,,3,,1,,3,,3,2,,2,,2,"1,2",,1,,3,,1,,"1,2",,2,,,,,,,,,,,,,,,,,,,,,,,,,,,,,,,,,,,,,,,,,,,,,,,,,,,,,,,,,,,,,,,,,,,,,,,,,,,,,,,,,,,,,,,,,,,,,,,,,,,,,,,,,,,,,,,,,,,,,,,,,,,,,,,,,,,,,,,,,,,,,,,,,,,,,,,,,,,,,,,,,,,,,,,,,,,,,,,,,,,,,,,,59774,"<span lang=""EN-GB"">Suppose you want to find a route to home while walking on a street with people you know (e.g., acquaintances, colleagues).<o:p></o:p></span>"
11/6/2018 20:08,11/6/2018 20:08,0,73.179.242.158,100,21,1,11/6/2018 20:08,R_qFxBJIftA38BcIh,,,,,26.65870667,-80.24140167,anonymous,EN,"1,2",,,,,,,,,,,,,,,,,,,,,,,,,,,,,,,,,,,,,,,,,,,,,,,,,,,,,,,,,,,,,,,,,,,,,,,,,,,,,,,,,,,,,,,,,,,,,,,,,,,,,,,,,,,,,,,,,,,,,,,,,,,,,,,,,,,,,,,,,,,,,,,,,,,,,,,,,,,,,,,,,,,,,,,,,,,,,,,,,,,,,,,,,,,,,,,,,,,,,,,,,,,,,,,,,,,11579,"<span lang=""EN-GB"">Suppose
     you want to a send an email when you are surrounded by people you know
     (e.g., acquaintances, colleagues) your home.<o:p></o:p></span>"
10/30/2018 21:14,10/30/2018 21:16,0,162.226.106.112,78,128,0,11/6/2018 20:16,R_25Xdw1Axb6JcgTk,,,,,,,anonymous,EN,"1,2,4,5",,,,,,,,,,,,,,,,,,,,,,,,,,,,,,,,,,,,,,,,,,,,,,,,,,,,,,,,,,,,,,,,,,,,,,,,,,,,,,,,,,,,,,,,,,,,,,,,,,,,,,,,,,,,,,,,,,,,,,,,,,,,,,,,,,,,,,,,,,,,,,,,,,,,,,,,,,,,,,,,,,,,,,,,,,,,,,,,,,,,,,,,,,,,,,,,,,,,,,,,,,,,,,,,,,,14599,"<span lang=""EN-GB"" style=""font-size:11.0pt;line-height:115%;
font-family:&quot;Arial&quot;,sans-serif;mso-fareast-font-family:Arial;mso-ansi-language:
EN-GB;mso-fareast-language:EN-US;mso-bidi-language:AR-SA"">Suppose you want to
take a click a photo when you are at Starbucks.</span>"
11/6/2018 20:24,11/6/2018 20:24,0,69.115.241.117,100,15,1,11/6/2018 20:24,R_3sYUd6xvH1NdPZ7,,,,,40.90870667,-74.65540314,anonymous,EN,"1,4",,,,,,,,,,,,,,,,,,,,,,,,,,,,,,,,,,,,,,,,,,,,,,,,,,,,,,,,,,,,,,,,,,,,,,,,,,,,,,,,,,,,,,,,,,,,,,,,,,,,,,,,,,,,,,,,,,,,,,,,,,,,,,,,,,,,,,,,,,,,,,,,,,,,,,,,,,,,,,,,,,,,,,,,,,,,,,,,,,,,,,,,,,,,,,,,,,,,,,,,,,,,,,,,,,,62813,"<span lang=""EN-GB"">Suppose
     you want to listen to some audio when you are with people you know (e.g.,
     acquaintances, colleagues) in a park.<o:p></o:p></span>


<p><span lang=""EN-GB"" style=""color:red"">&nbsp;</span></p>"
11/6/2018 20:24,11/6/2018 20:25,0,172.58.173.30,100,36,1,11/6/2018 20:25,R_T0f5G4eTFhgVlG9,,,,,28.00680542,-82.55599976,anonymous,EN,3,,,,,,,,,,,,,,,,,,,,,,,,,,,,,,,,,,,,,,,,,,,,,,,,,,,,,,,,,,,,,,,,,,,,,,,,,,,,,,,,,,,,,,,,,,,,,,,,,,,,,,,,,,,,,,,,,,,,,,,,,,,,,,,,,,,,,,,,,,,,,,,,,,,,,,,,,,,,,,,,,,,,,,,,,,,,,,,,,,,,,,,,,,,,,,,,,,,,,,,,,,,,,,,,,,,93634,"<span lang=""EN-GB"">Suppose
     you are at a park and you realize today is the last day to pay one of your
     bills online.<o:p></o:p></span>"
10/30/2018 21:43,10/30/2018 21:43,0,204.210.213.184,1,5,0,11/6/2018 20:43,R_2fkzPqdwuKibdwX,,,,,,,anonymous,EN,,,,,,,,,,,,,,,,,,,,,,,,,,,,,,,,,,,,,,,,,,,,,,,,,,,,,,,,,,,,,,,,,,,,,,,,,,,,,,,,,,,,,,,,,,,,,,,,,,,,,,,,,,,,,,,,,,,,,,,,,,,,,,,,,,,,,,,,,,,,,,,,,,,,,,,,,,,,,,,,,,,,,,,,,,,,,,,,,,,,,,,,,,,,,,,,,,,,,,,,,,,,,,,,,,,,13967,"<span lang=""EN-GB"">Suppose
     you want to take a click a photo when you are alone at home.<o:p></o:p></span>"
11/6/2018 20:45,11/6/2018 20:45,0,75.74.59.44,100,33,1,11/6/2018 20:45,R_3002bQ4n14XK14y,,,,,25.83250427,-80.28079987,anonymous,EN,"1,2,3,4,5,6",2,,2,,2,,1,,2,,1,2,,1,,2,2,,1,,2,,1,,1,,1,,,,,,,,,,,,,,,,,,,,,,,,,,,,,,,,,,,,,,,,,,,,,,,,,,,,,,,,,,,,,,,,,,,,,,,,,,,,,,,,,,,,,,,,,,,,,,,,,,,,,,,,,,,,,,,,,,,,,,,,,,,,,,,,,,,,,,,,,,,,,,,,,,,,,,,,,,,,,,,,,,,,,,,,,,,,,,,,,,,,,,,,64153,"<span lang=""EN-GB"">Suppose you want to browse internet when you are with your close friends at a restaurant.<o:p></o:p></span>"
10/30/2018 21:47,10/30/2018 21:49,0,173.169.135.144,78,79,0,11/6/2018 20:49,R_1flUh6hF8benW9U,,,,,,,anonymous,EN,"2,3,4",,,,,,,,,,,,,,,,,,,,,,,,,,,,,,,,,,,,,,,,,,,,,,,,,,,,,,,,,,,,,,,,,,,,,,,,,,,,,,,,,,,,,,,,,,,,,,,,,,,,,,,,,,,,,,,,,,,,,,,,,,,,,,,,,,,,,,,,,,,,,,,,,,,,,,,,,,,,,,,,,,,,,,,,,,,,,,,,,,,,,,,,,,,,,,,,,,,,,,,,,,,,,,,,,,,67137,"Suppose
     you want to call your mother for sharing an important update about your
     life when you are surrounded by people you
     know (e.g., acquaintances, colleagues) at a restaurant.<o:p></o:p>"
11/6/2018 21:12,11/6/2018 21:13,0,71.176.197.238,100,47,1,11/6/2018 21:13,R_8dMpSOuUYbm5bCF,,,,,37.27000427,-77.40380096,anonymous,EN,"1,2",,,,,,,,,,,,,,,,,,,,,,,,,,,,,,,,,,,,,,,,,,,,,,,,,,,,,,,,,,,,,,,,,,,,,,,,,,,,,,,,,,,,,,,,,,,,,,,,,,,,,,,,,,,,,,,,,,,,,,,,,,,,,,,,,,,,,,,,,,,,,,,,,,,,,,,,,,,,,,,,,,,,,,,,,,,,,,,,,,,,,,,,,,,,,,,,,,,,,,,,,,,,,,,,,,,83480,"<span lang=""EN-GB"">Suppose you are at Starbucks with your close friends and you realize today is the last day to pay one of your bills online.<o:p></o:p></span>"
11/6/2018 21:55,11/6/2018 21:55,0,24.175.216.24,100,17,1,11/6/2018 21:55,R_1GgbB3jIWuEjDO1,,,,,26.21539307,-98.23590088,anonymous,EN,"1,2",,,,,,,,,,,,,,,,,,,,,,,,,,,,,,,,,,,,,,,,,,,,,,,,,,,,,,,,,,,,,,,,,,,,,,,,,,,,,,,,,,,,,,,,,,,,,,,,,,,,,,,,,,,,,,,,,,,,,,,,,,,,,,,,,,,,,,,,,,,,,,,,,,,,,,,,,,,,,,,,,,,,,,,,,,,,,,,,,,,,,,,,,,,,,,,,,,,,,,,,,,,,,,,,,,,86984,"Suppose
     you want to call your mother for sharing an important update about your
     life when you are surrounded by people you
     know (e.g., acquaintances, colleagues) at a restaurant.<o:p></o:p>"
11/6/2018 21:56,11/6/2018 21:57,0,75.9.168.188,100,27,1,11/6/2018 21:57,R_3e8gk3gBmQBVi8I,,,,,43.01280212,-88.27050018,anonymous,EN,"1,2",,,,,,,,,,,,,,,,,,,,,,,,,,,,,,,,,,,,,,,,,,,,,,,,,,,,,,,,,,,,,,,,,,,,,,,,,,,,,,,,,,,,,,,,,,,,,,,,,,,,,,,,,,,,,,,,,,,,,,,,,,,,,,,,,,,,,,,,,,,,,,,,,,,,,,,,,,,,,,,,,,,,,,,,,,,,,,,,,,,,,,,,,,,,,,,,,,,,,,,,,,,,,,,,,,,75012,"<span lang=""EN-GB"">Suppose you want to call your mother for sharing an important
     update about your life&nbsp; when you
     with people you know (e.g., acquaintances, colleagues) at a park<o:p></o:p></span>"
11/6/2018 21:57,11/6/2018 21:58,0,73.243.4.169,100,84,1,11/6/2018 21:58,R_1i2vkesLdyYWXwD,,,,,38.79020691,-104.8199005,anonymous,EN,"1,5,6","1,3",,"2,3",,"2,3",,1,,"1,4",,4,2,,"2,3",,4,"2,3",,1,,"3,4",,"2,3",,"1,3",,"1,2",,,,,,,,,,,,,,,,,,,,,,,,,,,,,,,,,,,,,,,,,,,,,,,,,,,,,,,,,,,,,,,,,,,,,,,,,,,,,,,,,,,,,,,,,,,,,,,,,,,,,,,,,,,,,,,,,,,,,,,,,,,,,,,,,,,,,,,,,,,,,,,,,,,,,,,,,,,,,,,,,,,,,,,,,,,,,,,,,,,,,,,,15670,"<span lang=""EN-GB"">Suppose you are on a short vacation alone and you want to take a picture in front&nbsp;</span>of an iconic monument."
11/6/2018 22:01,11/6/2018 22:01,0,73.213.227.58,100,12,1,11/6/2018 22:01,R_3spMTtXbv9cZ17O,,,,,39.37159729,-76.67440033,anonymous,EN,"2,4",,,,,,,,,,,,,,,,,,,,,,,,,,,,,,,,,,,,,,,,,,,,,,,,,,,,,,,,,,,,,,,,,,,,,,,,,,,,,,,,,,,,,,,,,,,,,,,,,,,,,,,,,,,,,,,,,,,,,,,,,,,,,,,,,,,,,,,,,,,,,,,,,,,,,,,,,,,,,,,,,,,,,,,,,,,,,,,,,,,,,,,,,,,,,,,,,,,,,,,,,,,,,,,,,,,8306,"<span lang=""EN-GB"">Suppose you have planned to meet a friend next week and you want to put this on your calendar when you are with a very close friend at a park.&nbsp;<o:p></o:p></span>"
11/6/2018 22:04,11/6/2018 22:06,0,47.134.148.164,100,80,1,11/6/2018 22:06,R_pmlyOSLNXqAXmj7,,,,,35.90600586,-82.07050323,anonymous,EN,"1,3,5",2,,"1,3",,"1,3",,1,,1,,"1,2","1,2,3",,"1,2",,1,"1,3",,1,,"1,3",,1,,"1,3",,1,,,,,,,,,,,,,,,,,,,,,,,,,,,,,,,,,,,,,,,,,,,,,,,,,,,,,,,,,,,,,,,,,,,,,,,,,,,,,,,,,,,,,,,,,,,,,,,,,,,,,,,,,,,,,,,,,,,,,,,,,,,,,,,,,,,,,,,,,,,,,,,,,,,,,,,,,,,,,,,,,,,,,,,,,,,,,,,,,,,,,,,,57380,"<span lang=""EN-GB"">Suppose
     you want to purchase something online when you are alone at a park.<o:p></o:p></span>"
11/6/2018 22:12,11/6/2018 22:14,0,174.202.29.135,100,128,1,11/6/2018 22:14,R_2YbQEmDVBPO4fn5,,,,,40.69239807,-73.96659851,anonymous,EN,"1,2,4,6",3,,2,,4,,1,,"3,4",,4,1,,2,,1,3,,2,,1,,3,,2,,2,,,,,,,,,,,,,,,,,,,,,,,,,,,,,,,,,,,,,,,,,,,,,,,,,,,,,,,,,,,,,,,,,,,,,,,,,,,,,,,,,,,,,,,,,,,,,,,,,,,,,,,,,,,,,,,,,,,,,,,,,,,,,,,,,,,,,,,,,,,,,,,,,,,,,,,,,,,,,,,,,,,,,,,,,,,,,,,,,,,,,,,,42377,"<span lang=""EN-GB"">Suppose you are alone at home when you realize today is the last day to pay one of your bills online.<o:p></o:p></span>"
11/6/2018 22:03,11/6/2018 22:15,0,209.6.37.60,100,669,1,11/6/2018 22:15,R_1NysuAGK1cprZPP,,,,,42.38290405,-71.10279846,anonymous,EN,"1,2,3,4,5","2,5",,5,,"1,3",,3,,1,,2,"1,2",,"2,3",,2,6,,2,,3,,2,,1,,2,,"1,2","2,4",,5,,"1,3",,3,,1,,4,"1,2",,2,,2,,6,,3,,2,,3,,1,,2,,"1,2,5",,5,,2,,1,,2,,4,"1,2",,"1,2",,2,,6,,"2,3",,5,,"2,3",,1,,2,,,,,,,,,,,,,,,,,,,,,,,,,,,,,,,,,,,,,,,,,,,,,,,,,,,,,,,,,,,,,,,,,,,,,,,,,,,,,,,,,,,,,,,,,,,,,,,,,,,,,,,,,,,,,,,,,,,,,,,,,,,,,76040,"<span lang=""EN-GB"">Suppose
     you want to purchase something online when you are alone at your home.<o:p></o:p></span>"
11/6/2018 22:19,11/6/2018 22:21,0,71.255.106.136,100,139,1,11/6/2018 22:21,R_2R3Pf3T265gO8G2,,,,,40.01609802,-75.71829987,anonymous,EN,"1,2,3,4,5,6","2,4",,"2,3",,"2,4",,1,,"2,3",,2,"2,3",,"1,3",,2,"2,3",,1,,"2,3",,"1,2,3",,"2,3",,2,,,,,,,,,,,,,,,,,,,,,,,,,,,,,,,,,,,,,,,,,,,,,,,,,,,,,,,,,,,,,,,,,,,,,,,,,,,,,,,,,,,,,,,,,,,,,,,,,,,,,,,,,,,,,,,,,,,,,,,,,,,,,,,,,,,,,,,,,,,,,,,,,,,,,,,,,,,,,,,,,,,,,,,,,,,,,,,,,,,,,,,,45919,"<span lang=""EN-GB"">Suppose you are at work with some people you know (e.g., acquaintances, colleagues) when you realize that you have to immediately pay one of your bills online.<o:p></o:p></span>"
11/6/2018 22:21,11/6/2018 22:23,0,184.16.146.114,100,127,1,11/6/2018 22:23,R_1otAqmKpvsXxN86,,,,,41.67630005,-85.96209717,anonymous,EN,"1,2,3,4",5,,2,,1,,1,,4,,4,2,,2,,1,3,,2,,7,,1,,3,,2,,,,,,,,,,,,,,,,,,,,,,,,,,,,,,,,,,,,,,,,,,,,,,,,,,,,,,,,,,,,,,,,,,,,,,,,,,,,,,,,,,,,,,,,,,,,,,,,,,,,,,,,,,,,,,,,,,,,,,,,,,,,,,,,,,,,,,,,,,,,,,,,,,,,,,,,,,,,,,,,,,,,,,,,,,,,,,,,,,,,,,,,86038,"<span lang=""EN-GB"">Suppose
     you want to call your mother for sharing an important update about your
     life&nbsp; when you are alone at a park<o:p></o:p></span>"
11/6/2018 22:39,11/6/2018 22:40,0,162.254.36.111,100,17,1,11/6/2018 22:40,R_29mQBMZBArLF7Jm,,,,,34.05839539,-118.2779999,anonymous,EN,"1,2",,,,,,,,,,,,,,,,,,,,,,,,,,,,,,,,,,,,,,,,,,,,,,,,,,,,,,,,,,,,,,,,,,,,,,,,,,,,,,,,,,,,,,,,,,,,,,,,,,,,,,,,,,,,,,,,,,,,,,,,,,,,,,,,,,,,,,,,,,,,,,,,,,,,,,,,,,,,,,,,,,,,,,,,,,,,,,,,,,,,,,,,,,,,,,,,,,,,,,,,,,,,,,,,,,,90028,"<span lang=""EN-GB"">Suppose
     you want to a view a text message
     when you are walking with a very close friend on a street<o:p></o:p></span>"
11/6/2018 22:35,11/6/2018 22:43,0,172.117.83.48,100,464,1,11/6/2018 22:43,R_2bMYflra22r6dlN,,,,,33.81100464,-117.2180023,anonymous,EN,"1,2,6",2,,1,,"1,2,3",,1,,1,,2,5,,1,,2,3,,2,,3,,2,,1,,4,,"2,6",,,,,,,,,,,,,,,,,,,,,,,,,,,,,,5,,1,,"1,3",,1,,1,,1,3,,1,,1,,3,,3,,5,,3,,1,,4,,,,,,,,,,,,,,,,,,,,,,,,,,,,,,,,,,,,,,,,,,,,,,,,,,,,,,,,,,,,,,,,,,,,,,,,,,,,,,,,,,,,,,,,,4,,1,,1,,1,,2,,1,"1,2,3",,1,,1,,3,,3,,2,,"3,4",,1,,4,,,,,,,,,85735,"<span lang=""EN-GB"">Suppose you want to a send a text message when you are alone at a street.<o:p></o:p></span>"
11/6/2018 22:38,11/6/2018 22:43,0,128.211.185.208,100,256,1,11/6/2018 22:43,R_2ah5dWRN5f7a5f9,,,,,40.42489624,-86.91619873,anonymous,EN,"1,2,3,4,6",2,,5,,2,,1,,1,,1,5,,5,,1,"1,3",,2,,1,,2,,"1,2,3",,2,,2,,,,,,,,,,,,,,,,,,,,,,,,,,,,,,2,,5,,"1,2",,1,,1,,1,5,,5,,5,,3,,6,,5,,7,,5,,4,,,,,,,,,,,,,,,,,,,,,,,,,,,,,,,,,,,,,,,,,,,,,,,,,,,,,,,,,,,,,,,,,,,,,,,,,,,,,,,,,,,,,,,,,,,,,,,,,,,,,,,,,,,,,,,,,,,,,,,,,,,,,37511,"<span lang=""EN-GB"">Suppose you want to take a click a photo when you with </span><span lang=""EN-GB"">some people you know (e.g.,
     acquaintances, colleagues)</span><span lang=""EN-GB""> at home<o:p></o:p></span>"
11/6/2018 22:45,11/6/2018 22:45,0,174.224.18.158,100,21,1,11/6/2018 22:45,R_1NyVSZHdkdbJR25,,,,,45.56530762,-122.6447983,anonymous,EN,"1,2",,,,,,,,,,,,,,,,,,,,,,,,,,,,,,,,,,,,,,,,,,,,,,,,,,,,,,,,,,,,,,,,,,,,,,,,,,,,,,,,,,,,,,,,,,,,,,,,,,,,,,,,,,,,,,,,,,,,,,,,,,,,,,,,,,,,,,,,,,,,,,,,,,,,,,,,,,,,,,,,,,,,,,,,,,,,,,,,,,,,,,,,,,,,,,,,,,,,,,,,,,,,,,,,,,,78318,"<span lang=""EN-GB"">Suppose you want to read a digital document when you are at a park.<o:p></o:p></span>"
11/6/2018 22:44,11/6/2018 22:47,0,70.143.97.10,100,166,1,11/6/2018 22:47,R_1kSayGVy1IHN3Yh,,,,,32.83099365,-96.76920319,anonymous,EN,"1,2,3,6","1,2",,3,,"1,2,4",,1,,1,,2,"1,3",,"1,2,3",,3,"3,4",,"1,2",,"1,3,4",,1,,1,,2,,,,,,,,,,,,,,,,,,,,,,,,,,,,,,,,,,,,,,,,,,,,,,,,,,,,,,,,,,,,,,,,,,,,,,,,,,,,,,,,,,,,,,,,,,,,,,,,,,,,,,,,,,,,,,,,,,,,,,,,,,,,,,,,,,,,,,,,,,,,,,,,,,,,,,,,,,,,,,,,,,,,,,,,,,,,,,,,,,,,,,,,65473,"<span lang=""EN-GB"">Suppose you want to a send an email when you are surrounded with people you are close to (e.g., friends, family members) at your home.<strong><o:p></o:p></strong></span>"
11/6/2018 23:11,11/6/2018 23:18,0,73.41.213.86,100,368,1,11/6/2018 23:18,R_2djcv71kKpSNOFA,,,,,38.77029419,-121.337204,anonymous,EN,"1,2,3,4","2,4,5",,3,,"1,2,3",,3,,1,,3,"1,2,3",,2,,3,"1,2,3",,"2,4",Specifically *not* changing the interface as mentioned above,"3,4",,2,,"1,2,3",,"1,2",,,,,,,,,,,,,,,,,,,,,,,,,,,,,,,,,,,,,,,,,,,,,,,,,,,,,,,,,,,,,,,,,,,,,,,,,,,,,,,,,,,,,,,,,,,,,,,,,,,,,,,,,,,,,,,,,,,,,,,,,,,,,,,,,,,,,,,,,,,,,,,,,,,,,,,,,,,,,,,,,,,,,,,,,,,,,,,,,,,,,,,,57602,"<span lang=""EN-GB"">Suppose
     you want to listen to some audio when you are with people you know (e.g.,
     acquaintances, colleagues) at your home.<o:p></o:p></span>"
11/6/2018 23:08,11/6/2018 23:18,0,50.32.160.121,100,586,1,11/6/2018 23:18,R_3mdZqMejyJwGKWt,,,,,40.0019989,-75.99780273,anonymous,EN,"1,2,3,4","2,5",,1,,"1,3",,1,,3,,"2,3","1,2,3",,2,,"2,3","1,3",,"1,2",,1,,2,,5,,2,,,,,,,,,,,,,,,,,,,,,,,,,,,,,,,,,,,,,,,,,,,,,,,,,,,,,,,,,,,,,,,,,,,,,,,,,,,,,,,,,,,,,,,,,,,,,,,,,,,,,,,,,,,,,,,,,,,,,,,,,,,,,,,,,,,,,,,,,,,,,,,,,,,,,,,,,,,,,,,,,,,,,,,,,,,,,,,,,,,,,,,,39072,"<span lang=""EN-GB"">Suppose you want to set up a reminder when you are at a park with close friends.<o:p></o:p></span>"
11/6/2018 23:25,11/6/2018 23:25,0,143.246.226.175,100,13,1,11/6/2018 23:25,R_2fBYSL9w7tShzZa,,,,,40.00880432,-81.73870087,anonymous,EN,"1,2",,,,,,,,,,,,,,,,,,,,,,,,,,,,,,,,,,,,,,,,,,,,,,,,,,,,,,,,,,,,,,,,,,,,,,,,,,,,,,,,,,,,,,,,,,,,,,,,,,,,,,,,,,,,,,,,,,,,,,,,,,,,,,,,,,,,,,,,,,,,,,,,,,,,,,,,,,,,,,,,,,,,,,,,,,,,,,,,,,,,,,,,,,,,,,,,,,,,,,,,,,,,,,,,,,,22323,"<span lang=""EN-GB"">Suppose you want to a send a text message when you are surrounded with people you are close to (e.g., friends, family members) at your home.<strong><o:p></o:p></strong></span>"
10/24/2018 0:40,10/31/2018 0:27,0,54.240.197.232,78,604003,0,11/6/2018 23:27,R_3RvXUiQtYK8khp7,,,,,,,anonymous,EN,"1,2,3,4,5,6",,,,,,,,,,,,,,,,,,,,,,,,,,,,,,,,,,,,,,,,,,,,,,,,,,,,,,,,,,,,,,,,,,,,,,,,,,,,,,,,,,,,,,,,,,,,,,,,,,,,,,,,,,,,,,,,,,,,,,,,,,,,,,,,,,,,,,,,,,,,,,,,,,,,,,,,,,,,,,,,,,,,,,,,,,,,,,,,,,,,,,,,,,,,,,,,,,,,,,,,,,,,,,,,,,,44116,"<span lang=""EN-GB"">Suppose
     you want to a view a text message
     when you are walking with a very close friend on a street<o:p></o:p></span>"
11/6/2018 23:31,11/6/2018 23:31,0,178.161.64.46,100,20,1,11/6/2018 23:31,R_RtptqICfmQaOoed,,,,,29.3697052,47.978302,anonymous,EN,"1,2",,,,,,,,,,,,,,,,,,,,,,,,,,,,,,,,,,,,,,,,,,,,,,,,,,,,,,,,,,,,,,,,,,,,,,,,,,,,,,,,,,,,,,,,,,,,,,,,,,,,,,,,,,,,,,,,,,,,,,,,,,,,,,,,,,,,,,,,,,,,,,,,,,,,,,,,,,,,,,,,,,,,,,,,,,,,,,,,,,,,,,,,,,,,,,,,,,,,,,,,,,,,,,,,,,,88455,"<span lang=""EN-GB"" style=""font-size:11.0pt;line-height:115%;
font-family:&quot;Arial&quot;,sans-serif;mso-fareast-font-family:Arial;mso-ansi-language:
EN-GB;mso-fareast-language:EN-US;mso-bidi-language:AR-SA"">Suppose you want to a
send an email when you are alone at home</span>"
10/31/2018 0:40,10/31/2018 0:41,0,68.2.94.44,78,68,0,11/6/2018 23:41,R_2WTK8oP5trepgke,,,,,,,anonymous,EN,"1,2,3,4,6",,,,,,,,,,,,,,,,,,,,,,,,,,,,,,,,,,,,,,,,,,,,,,,,,,,,,,,,,,,,,,,,,,,,,,,,,,,,,,,,,,,,,,,,,,,,,,,,,,,,,,,,,,,,,,,,,,,,,,,,,,,,,,,,,,,,,,,,,,,,,,,,,,,,,,,,,,,,,,,,,,,,,,,,,,,,,,,,,,,,,,,,,,,,,,,,,,,,,,,,,,,,,,,,,,,76873,"<span lang=""EN-GB"">Suppose
     you want to a send an email when you are surrounded by people you know
     (e.g., acquaintances, colleagues) at a restaurant.<o:p></o:p></span>"
11/6/2018 23:44,11/6/2018 23:44,0,196.17.65.71,100,20,1,11/6/2018 23:44,R_3rYwHDqtCw9rI8R,,,,,34.05439758,-118.2440033,anonymous,EN,3,,,,,,,,,,,,,,,,,,,,,,,,,,,,,,,,,,,,,,,,,,,,,,,,,,,,,,,,,,,,,,,,,,,,,,,,,,,,,,,,,,,,,,,,,,,,,,,,,,,,,,,,,,,,,,,,,,,,,,,,,,,,,,,,,,,,,,,,,,,,,,,,,,,,,,,,,,,,,,,,,,,,,,,,,,,,,,,,,,,,,,,,,,,,,,,,,,,,,,,,,,,,,,,,,,,87194,"<span lang=""EN-GB"">Suppose
     you want to set up a reminder when you with people you know (e.g.,
     acquaintances, colleagues) at a park.<o:p></o:p></span>"
11/6/2018 23:43,11/6/2018 23:53,0,24.27.227.1,100,599,1,11/6/2018 23:53,R_sngHEFMTN3yENKV,,,,,29.42080688,-98.5644989,anonymous,EN,"1,2,3",2,,1,,"1,2,3",,1,,1,,3,"1,2",,2,,"2,3",3,,2,,3,,2,,"1,2",,4,,,,,,,,,,,,,,,,,,,,,,,,,,,,,,,,,,,,,,,,,,,,,,,,,,,,,,,,,,,,,,,,,,,,,,,,,,,,,,,,,,,,,,,,,,,,,,,,,,,,,,,,,,,,,,,,,,,,,,,,,,,,,,,,,,,,,,,,,,,,,,,,,,,,,,,,,,,,,,,,,,,,,,,,,,,,,,,,,,,,,,,,18275,"<span lang=""EN-GB"">Suppose you want to a view a text message when you are alone at a street.<o:p></o:p></span>"
11/6/2018 23:49,11/6/2018 23:53,0,98.224.184.136,100,265,1,11/6/2018 23:53,R_1DSxCDU5wTC1lvP,,,,,42.67300415,-82.77529907,anonymous,EN,"2,3,4",2,,1,,2,,1,,1,,"2,3","1,2,3",,3,,2,1,,2,,6,,2,,5,,1,,,,,,,,,,,,,,,,,,,,,,,,,,,,,,,,,,,,,,,,,,,,,,,,,,,,,,,,,,,,,,,,,,,,,,,,,,,,,,,,,,,,,,,,,,,,,,,,,,,,,,,,,,,,,,,,,,,,,,,,,,,,,,,,,,,,,,,,,,,,,,,,,,,,,,,,,,,,,,,,,,,,,,,,,,,,,,,,,,,,,,,,38337,"<span lang=""EN-GB"">Suppose you have planned to meet a friend next week and you want to put this on your calendar when you are surrounded with people you are close to (e.g., friends, family members) at your home.<strong><o:p></o:p></strong></span>"
11/6/2018 23:51,11/6/2018 23:55,0,67.10.113.226,100,263,1,11/6/2018 23:55,R_3McgXokYK0Avue2,,,,,30.06860352,-94.17549896,anonymous,EN,"1,2,3,4","2,4,5",,1,,"1,2,3",,1,,1,,3,"1,2,3",,"1,2",,"2,3","1,2",,"1,2",,"1,3,4",,"1,2",,"2,3",,"1,2",,,,,,,,,,,,,,,,,,,,,,,,,,,,,,,,,,,,,,,,,,,,,,,,,,,,,,,,,,,,,,,,,,,,,,,,,,,,,,,,,,,,,,,,,,,,,,,,,,,,,,,,,,,,,,,,,,,,,,,,,,,,,,,,,,,,,,,,,,,,,,,,,,,,,,,,,,,,,,,,,,,,,,,,,,,,,,,,,,,,,,,,50531,"<span lang=""EN-GB"">Suppose you want to set up a reminder about something when you are at Starbucks with close friends.<o:p></o:p></span>"
11/7/2018 0:26,11/7/2018 0:33,0,108.175.202.227,100,398,1,11/7/2018 0:33,R_1OMDBbMcFLJhmSL,,,,,32.03909302,-81.12419891,anonymous,EN,"1,2,3","2,5",,1,,"1,2,3,4",,1,,"1,2",,1,3,,2,,"2,3","1,2,3,4",,"1,2",,"2,3,6",,"1,2",,"1,2,3",,4,,,,,,,,,,,,,,,,,,,,,,,,,,,,,,,,,,,,,,,,,,,,,,,,,,,,,,,,,,,,,,,,,,,,,,,,,,,,,,,,,,,,,,,,,,,,,,,,,,,,,,,,,,,,,,,,,,,,,,,,,,,,,,,,,,,,,,,,,,,,,,,,,,,,,,,,,,,,,,,,,,,,,,,,,,,,,,,,,,,,,,,,29287,"<span lang=""EN-GB"">Suppose you are on a short vacation and you want to take a picture in front&nbsp;</span>of an iconic monument when you are surrounded by many people."
11/7/2018 0:22,11/7/2018 0:34,0,47.39.58.119,100,687,1,11/7/2018 0:34,R_1Q3nog3jLNtyTpu,,,,,43.227005,-123.5158005,anonymous,EN,"1,2,3,4",7,,3,,"1,2",,1,,1,,3,"1,2",,5,,3,2,,2,,7,,2,,"2,3",,4,,2,,,,,,,,,,,,,,,,,,,,,,,,,,,,,,"1,2,5",,3,,"1,2,3",,1,,1,,3,"1,2",,2,,2,,2,,"3,4",,2,,"3,4",,"2,3",,4,,,,,,,,,,,,,,,,,,,,,,,,,,,,,,,,,,,,,,,,,,,,,,,,,,,,,,,,,,,,,,,,,,,,,,,,,,,,,,,,,,,,,,,,,,,,,,,,,,,,,,,,,,,,,,,,,,,,,,female,46,virtual assistant,6,1,,3,61857,"<span lang=""EN-GB"">Suppose
     you want to set up a reminder about something when you are with people you
     know (e.g., acquaintances, colleagues) at Starbucks.<o:p></o:p></span>"
11/7/2018 0:28,11/7/2018 0:37,0,69.251.165.225,100,539,1,11/7/2018 0:37,R_2YKU1aDD3eAATyM,,,,,39.33610535,-76.50140381,anonymous,EN,"1,2,3,6","1,2,5",,"1,2",,6,,1,,1,,3,2,,5,,3,"1,2,3,4",,"2,3",,6,,"2,3",,1,,4,,2,,,,,,,,,,,,,,,,,,,,,,,,,,,,,,"1,2,5",,"1,2",,2,,1,,1,,3,2,,5,,5,,"1,2,3,4",,7,,5,,7,,5,,4,,,,,,,,,,,,,,,,,,,,,,,,,,,,,,,,,,,,,,,,,,,,,,,,,,,,,,,,,,,,,,,,,,,,,,,,,,,,,,,,,,,,,,,,,,,,,,,,,,,,,,,,,,,,,,,,,,,,,,Male,29,unemployed,1,1,,6,63967,"<span lang=""EN-GB"">Suppose
     you want to set up a reminder about something when you are at Starbucks by
     yourself.<o:p></o:p></span>"
11/7/2018 0:47,11/7/2018 0:47,0,205.175.98.210,100,16,1,11/7/2018 0:47,R_stC9XxjHosMxXDb,,,,,47.68490601,-122.2967987,anonymous,EN,"2,3",,,,,,,,,,,,,,,,,,,,,,,,,,,,,,,,,,,,,,,,,,,,,,,,,,,,,,,,,,,,,,,,,,,,,,,,,,,,,,,,,,,,,,,,,,,,,,,,,,,,,,,,,,,,,,,,,,,,,,,,,,,,,,,,,,,,,,,,,,,,,,,,,,,,,,,,,,,,,,,,,,,,,,,,,,,,,,,,,,,,,,,,,,,,,,,,,,,,,,,,,,,,,,,,,,,36351,"<span lang=""EN-GB"">Suppose
     you want to find a route to home when you are alone at Starbucks.<o:p></o:p></span>"
11/7/2018 0:52,11/7/2018 0:59,0,76.105.139.121,100,387,1,11/7/2018 0:59,R_vfc4KB4a7bgLntn,,,,,45.37269592,-122.7630997,anonymous,EN,"1,2,3,4,6","2,3,4",,4,Split screen view,2,,1,,1,,2,"1,2,3",,2,,2,2,,1,,7,,1,,"1,2,3,4",Encryption,"1,2",,1,"2,4",,3,,5,I control the laptop.,1,,1,,4,"2,3",,5,,5,,6,,3,,5,,7,,5,,4,,,,,,,,,,,,,,,,,,,,,,,,,,,,,,,,,,,,,,,,,,,,,,,,,,,,,,,,,,,,,,,,,,,,,,,,,,,,,,,,,,,,,,,,,,,,,,,,,,,,,,,,,,,,,,,,,,,,,,,,,,,,,,,,,,,,,,,,,,,,,,,,,,,,,,,,,,38202,"Suppose you want to purchase something (e.g., book,
     household items) online when you are with people
     you know (e.g., acquaintances, colleagues) at
     Starbucks.<o:p></o:p>"
11/7/2018 1:26,11/7/2018 1:26,0,216.223.196.120,100,12,1,11/7/2018 1:26,R_2WAydFzABl8ZpZ2,,,,,33.73770142,-78.97869873,anonymous,EN,3,,,,,,,,,,,,,,,,,,,,,,,,,,,,,,,,,,,,,,,,,,,,,,,,,,,,,,,,,,,,,,,,,,,,,,,,,,,,,,,,,,,,,,,,,,,,,,,,,,,,,,,,,,,,,,,,,,,,,,,,,,,,,,,,,,,,,,,,,,,,,,,,,,,,,,,,,,,,,,,,,,,,,,,,,,,,,,,,,,,,,,,,,,,,,,,,,,,,,,,,,,,,,,,,,,,71830,"<span lang=""EN-GB"">Suppose
     you want to take a click a photo when you are alone at home.<o:p></o:p></span>"
11/7/2018 2:24,11/7/2018 2:26,0,154.123.46.49,100,119,1,11/7/2018 2:26,R_23eM5OVuYAXDjxy,,,,,-1.283294678,36.81669617,anonymous,EN,"1,2,6",3,,3,,1,,3,,1,,4,2,,"1,3",,2,"2,4",,2,,2,,5,,2,,4,,,,,,,,,,,,,,,,,,,,,,,,,,,,,,,,,,,,,,,,,,,,,,,,,,,,,,,,,,,,,,,,,,,,,,,,,,,,,,,,,,,,,,,,,,,,,,,,,,,,,,,,,,,,,,,,,,,,,,,,,,,,,,,,,,,,,,,,,,,,,,,,,,,,,,,,,,,,,,,,,,,,,,,,,,,,,,,,,,,,,,,,7627,"<span lang=""EN-GB"">Suppose you are at sitting in a park and you want to play a digital/online game.<o:p></o:p></span>"
10/31/2018 3:52,10/31/2018 3:54,0,173.94.44.251,78,160,0,11/7/2018 2:55,R_3Ppf8V8xzqPH4O5,,,,,,,anonymous,EN,"1,2,3,4,6",,,,,,,,,,,,,,,,,,,,,,,,,,,,,,,,,,,,,,,,,,,,,,,,,,,,,,,,,,,,,,,,,,,,,,,,,,,,,,,,,,,,,,,,,,,,,,,,,,,,,,,,,,,,,,,,,,,,,,,,,,,,,,,,,,,,,,,,,,,,,,,,,,,,,,,,,,,,,,,,,,,,,,,,,,,,,,,,,,,,,,,,,,,,,,,,,,,,,,,,,,,,,,,,,,,9004,"<span lang=""EN-GB"">Suppose you are alone at home, you want to take a break from studying/working&nbsp;</span>so you decide to play an online/digital game."
11/7/2018 3:05,11/7/2018 3:05,0,207.174.245.19,100,20,1,11/7/2018 3:05,R_2qfICVWGVQqVP4x,,,,,42.66140747,-84.07209778,anonymous,EN,"2,3",,,,,,,,,,,,,,,,,,,,,,,,,,,,,,,,,,,,,,,,,,,,,,,,,,,,,,,,,,,,,,,,,,,,,,,,,,,,,,,,,,,,,,,,,,,,,,,,,,,,,,,,,,,,,,,,,,,,,,,,,,,,,,,,,,,,,,,,,,,,,,,,,,,,,,,,,,,,,,,,,,,,,,,,,,,,,,,,,,,,,,,,,,,,,,,,,,,,,,,,,,,,,,,,,,,79097,"<span lang=""EN-GB"">Suppose you want to control some devices/appliances (e.g., smart lights) when you are alone at home.<o:p></o:p></span>"
11/7/2018 3:10,11/7/2018 3:11,0,75.161.3.68,100,26,1,11/7/2018 3:11,R_1QhWWsIzzFqkHiY,,,,,35.10099792,-106.5183029,anonymous,EN,"1,3",,,,,,,,,,,,,,,,,,,,,,,,,,,,,,,,,,,,,,,,,,,,,,,,,,,,,,,,,,,,,,,,,,,,,,,,,,,,,,,,,,,,,,,,,,,,,,,,,,,,,,,,,,,,,,,,,,,,,,,,,,,,,,,,,,,,,,,,,,,,,,,,,,,,,,,,,,,,,,,,,,,,,,,,,,,,,,,,,,,,,,,,,,,,,,,,,,,,,,,,,,,,,,,,,,,68014,"<span style=""color: rgb(0, 0, 0); font-family: Times; font-size: 16px;"">Suppose you want control some devices/appliances (e.g., smart lights) when you are with people you know (e.g., acquaintances, colleagues).</span>"
11/7/2018 3:15,11/7/2018 3:16,0,69.122.181.184,100,91,1,11/7/2018 3:16,R_Tjft4PG3ukI3zUt,,,,,40.78660583,-73.19609833,anonymous,EN,"1,2,3,6",7,,5,,2,,3,,1,,4,5,,5,,4,6,,5,,7,,1,,1,,4,,,,,,,,,,,,,,,,,,,,,,,,,,,,,,,,,,,,,,,,,,,,,,,,,,,,,,,,,,,,,,,,,,,,,,,,,,,,,,,,,,,,,,,,,,,,,,,,,,,,,,,,,,,,,,,,,,,,,,,,,,,,,,,,,,,,,,,,,,,,,,,,,,,,,,,,,,,,,,,,,,,,,,,,,,,,,,,,,,,,,,,,97678,"<span lang=""EN-GB"">Suppose
     you want to watch some video when
     you are at home with people you are close to (e.g., friends, family
     members)<strong><o:p></o:p></strong></span>"
11/7/2018 3:30,11/7/2018 3:30,0,108.50.25.219,100,9,1,11/7/2018 3:30,R_31u6PVootxXbFPf,,,,,41.4394989,-75.4312973,anonymous,EN,2,,,,,,,,,,,,,,,,,,,,,,,,,,,,,,,,,,,,,,,,,,,,,,,,,,,,,,,,,,,,,,,,,,,,,,,,,,,,,,,,,,,,,,,,,,,,,,,,,,,,,,,,,,,,,,,,,,,,,,,,,,,,,,,,,,,,,,,,,,,,,,,,,,,,,,,,,,,,,,,,,,,,,,,,,,,,,,,,,,,,,,,,,,,,,,,,,,,,,,,,,,,,,,,,,,,49777,"<span lang=""EN-GB"">Suppose you are at your gym and you want to track the amount of calories&nbsp;</span>you have burnt your workout.&nbsp;"
11/7/2018 3:31,11/7/2018 3:35,0,172.56.13.139,100,244,1,11/7/2018 3:35,R_R7VpqTIR4E2ty8N,,,,,41.77810669,-87.70690155,anonymous,EN,"2,3,6","1,2,5",,1,,3,,1,,1,,4,"1,2",,"1,3",,1,6,,2,,7,,2,,1,,2,,,,,,,,,,,,,,,,,,,,,,,,,,,,,,,,,,,,,,,,,,,,,,,,,,,,,,,,,,,,,,,,,,,,,,,,,,,,,,,,,,,,,,,,,,,,,,,,,,,,,,,,,,,,,,,,,,,,,,,,,,,,,,,,,,,,,,,,,,,,,,,,,,,,,,,,,,,,,,,,,,,,,,,,,,,,,,,,,,,,,,,,38262,"<span lang=""EN-GB"">Suppose
     you want&nbsp; to a send a text message
     when you are walking with a very close friend on a street<o:p></o:p></span>"
11/7/2018 3:44,11/7/2018 3:48,0,75.115.91.218,100,225,1,11/7/2018 3:48,R_3nwHsx6GkVmsaFf,,,,,28.11450195,-81.62010193,anonymous,EN,"1,2,3","2,3,4,5",,"1,3",,1,,1,,1,,"2,3","1,2,3",,"1,2,3",,"2,3","1,2,3",,"1,2",,"3,4",,2,,"1,2,3",,"1,2",,,,,,,,,,,,,,,,,,,,,,,,,,,,,,,,,,,,,,,,,,,,,,,,,,,,,,,,,,,,,,,,,,,,,,,,,,,,,,,,,,,,,,,,,,,,,,,,,,,,,,,,,,,,,,,,,,,,,,,,,,,,,,,,,,,,,,,,,,,,,,,,,,,,,,,,,,,,,,,,,,,,,,,,,,,,,,,,,,,,,,,,79391,"<span lang=""EN-GB"">Suppose
     you want to purchase something (e.g., book, household items) online when
     you are with your close friends at a park.<o:p></o:p></span>"
11/7/2018 4:14,11/7/2018 4:21,0,67.149.98.48,100,444,1,11/7/2018 4:21,R_2PoJfiOVmRYCbhh,,,,,42.5592041,-83.00289917,anonymous,EN,"1,2,3","2,4",,3,,2,,3,,1,,2,3,,2,,"2,3","1,3",,2,,3,,2,,"1,2",,1,,,,,,,,,,,,,,,,,,,,,,,,,,,,,,,,,,,,,,,,,,,,,,,,,,,,,,,,,,,,,,,,,,,,,,,,,,,,,,,,,,,,,,,,,,,,,,,,,,,,,,,,,,,,,,,,,,,,,,,,,,,,,,,,,,,,,,,,,,,,,,,,,,,,,,,,,,,,,,,,,,,,,,,,,,,,,,,,,,,,,,,,15345,"<span lang=""EN-GB"">Suppose
     you want to listen to some audio when you are at home with people you are
     close to (e.g., friends, family members).<strong><o:p></o:p></strong></span>"
11/7/2018 4:20,11/7/2018 4:23,0,68.34.149.67,100,162,1,11/7/2018 4:23,R_2CemGHdf1CJTgEH,,,,,35.0249939,-85.14589691,anonymous,EN,"1,2,3,4","1,2,3",,1,,2,,1,,1,,3,2,,"1,3",,2,3,,2,,"1,3,4",,2,,"1,3",,"1,2",,,,,,,,,,,,,,,,,,,,,,,,,,,,,,,,,,,,,,,,,,,,,,,,,,,,,,,,,,,,,,,,,,,,,,,,,,,,,,,,,,,,,,,,,,,,,,,,,,,,,,,,,,,,,,,,,,,,,,,,,,,,,,,,,,,,,,,,,,,,,,,,,,,,,,,,,,,,,,,,,,,,,,,,,,,,,,,,,,,,,,,,17596,"<span lang=""EN-GB"" style=""font-size:11.0pt;line-height:115%;
font-family:&quot;Arial&quot;,sans-serif;mso-fareast-font-family:Arial;mso-ansi-language:
EN-GB;mso-fareast-language:EN-US;mso-bidi-language:AR-SA"">Suppose you have
planned to meet a friend next week and you want put this on your calendar<span style=""color:#434343""> when you with </span>people you know (e.g.,
acquaintances, colleagues)<span style=""color:#434343""> at a park</span></span>"
11/7/2018 4:31,11/7/2018 4:34,0,24.63.221.67,100,188,1,11/7/2018 4:34,R_2RTSivQVcJ7L6B2,,,,,41.91040039,-70.64199829,anonymous,EN,"1,2,4,5,6",1,,5,,"1,4",,1,,1,,2,"2,3",,"1,2,3",,2,"2,4",,3,,"2,3",,"1,3",,3,,2,,,,,,,,,,,,,,,,,,,,,,,,,,,,,,,,,,,,,,,,,,,,,,,,,,,,,,,,,,,,,,,,,,,,,,,,,,,,,,,,,,,,,,,,,,,,,,,,,,,,,,,,,,,,,,,,,,,,,,,,,,,,,,,,,,,,,,,,,,,,,,,,,,,,,,,,,,,,,,,,,,,,,,,,,,,,,,,,,,,,,,,,52841,"<span lang=""EN-GB"">Suppose you want to control some devices/appliances (e.g., smart lights) when you are at home with people you are close to (e.g., friends, family members)<strong><o:p></o:p></strong></span>"
11/7/2018 4:40,11/7/2018 4:46,0,24.169.13.161,100,370,1,11/7/2018 4:46,R_9G257VVBzks55Nn,,,,,42.66830444,-73.7743988,anonymous,EN,"1,2,3,4,5","1,2,5",,5,,"1,2,4",,1,,1,,3,3,,3,,1,6,,2,,2,,2,,5,,2,,,,,,,,,,,,,,,,,,,,,,,,,,,,,,,,,,,,,,,,,,,,,,,,,,,,,,,,,,,,,,,,,,,,,,,,,,,,,,,,,,,,,,,,,,,,,,,,,,,,,,,,,,,,,,,,,,,,,,,,,,,,,,,,,,,,,,,,,,,,,,,,,,,,,,,,,,,,,,,,,,,,,,,,,,,,,,,,,,,,,,,,26861,"<span lang=""EN-GB"">Suppose
     you want to call your mother for sharing an important update about your
     life when you are with a very close friend at a restaurant&nbsp;<o:p></o:p></span>"
11/7/2018 4:44,11/7/2018 4:48,0,76.64.77.12,100,207,1,11/7/2018 4:48,R_2SGJ1v1Ho9f4ZDF,,,,,43.66560364,-79.38300323,anonymous,EN,"1,2,3","2,5",,3,,"1,2,3,4",,1,,1,,2,"1,2",,2,,"2,3",2,,5,,6,,2,,1,,4,,,,,,,,,,,,,,,,,,,,,,,,,,,,,,,,,,,,,,,,,,,,,,,,,,,,,,,,,,,,,,,,,,,,,,,,,,,,,,,,,,,,,,,,,,,,,,,,,,,,,,,,,,,,,,,,,,,,,,,,,,,,,,,,,,,,,,,,,,,,,,,,,,,,,,,,,,,,,,,,,,,,,,,,,,,,,,,,,,,,,,,,31407,"<span lang=""EN-GB"">Suppose you are at your gym and you want to track the amount of calories&nbsp;</span>you have burnt your workout.&nbsp;"
11/7/2018 4:45,11/7/2018 4:49,0,103.98.63.241,100,256,1,11/7/2018 4:49,R_vddiQDIDjNIXJf3,,,,,13.08329773,80.28329468,anonymous,EN,"1,2,4,6","1,2,4",,2,,"2,3",,1,,"3,4",,2,3,,"1,3",,"2,3","2,3",,5,,"2,4",,"1,2",,"1,2",,"1,2",,,,,,,,,,,,,,,,,,,,,,,,,,,,,,,,,,,,,,,,,,,,,,,,,,,,,,,,,,,,,,,,,,,,,,,,,,,,,,,,,,,,,,,,,,,,,,,,,,,,,,,,,,,,,,,,,,,,,,,,,,,,,,,,,,,,,,,,,,,,,,,,,,,,,,,,,,,,,,,,,,,,,,,,,,,,,,,,,,,,,,,,51467,"<span lang=""EN-GB"">Suppose
     you want to watch some video when you are alone at Starbucks.<o:p></o:p></span>"
11/7/2018 4:54,11/7/2018 4:54,0,184.152.100.80,100,19,1,11/7/2018 4:54,R_1mhi50wLrNcadaj,,,,,40.88200378,-73.95439911,anonymous,EN,"2,3",,,,,,,,,,,,,,,,,,,,,,,,,,,,,,,,,,,,,,,,,,,,,,,,,,,,,,,,,,,,,,,,,,,,,,,,,,,,,,,,,,,,,,,,,,,,,,,,,,,,,,,,,,,,,,,,,,,,,,,,,,,,,,,,,,,,,,,,,,,,,,,,,,,,,,,,,,,,,,,,,,,,,,,,,,,,,,,,,,,,,,,,,,,,,,,,,,,,,,,,,,,,,,,,,,,90724,"<span lang=""EN-GB"">Suppose you have planned to meet a friend next week and you want to put this on your calendar when you are with a very close friend at a park.&nbsp;<o:p></o:p></span>"
11/7/2018 4:56,11/7/2018 4:59,0,69.166.8.18,100,143,1,11/7/2018 4:59,R_CdZaKFs23tCUcuJ,,,,,37.75100708,-97.8219986,anonymous,EN,"1,2,3,4","1,2,3,4,5",,"1,2,3",,"1,2",,1,,2,,"2,3","1,2,3",,"1,2,3",,2,"1,2,3",,"1,2",,"1,2,3,4",,"2,3",,5,,2,,,,,,,,,,,,,,,,,,,,,,,,,,,,,,,,,,,,,,,,,,,,,,,,,,,,,,,,,,,,,,,,,,,,,,,,,,,,,,,,,,,,,,,,,,,,,,,,,,,,,,,,,,,,,,,,,,,,,,,,,,,,,,,,,,,,,,,,,,,,,,,,,,,,,,,,,,,,,,,,,,,,,,,,,,,,,,,,,,,,,,,,75894,"<span lang=""EN-GB"">Suppose
     you want to a send a text message when you are with a very close friend at
     a restaurant&nbsp;<o:p></o:p></span>"
11/7/2018 4:59,11/7/2018 5:12,0,107.77.197.9,100,761,1,11/7/2018 5:12,R_1Cfpd2mPewCziiS,,,,,32.77870178,-96.82170105,anonymous,EN,"1,2,3","2,3,5",,1,,"1,2,3",,1,,1,,2,"1,2",,2,,2,"1,3",,2,,"3,4",,2,,"2,3",,2,,2,,,,,,,,,,,,,,,,,,,,,,,,,,,,,,"2,3",,3,,"1,2,3",,1,,2,,2,3,,1,,1,,"2,3",,"3,4",,2,,"3,4",,"1,2",,2,,,,,,,,,,,,,,,,,,,,,,,,,,,,,,,,,,,,,,,,,,,,,,,,,,,,,,,,,,,,,,,,,,,,,,,,,,,,,,,,,,,,,,,,,,,,,,,,,,,,,,,,,,,,,,,,,,,,,,Female,55,hospice nurse,4,1,,6,37640,"<span lang=""EN-GB"">Suppose
     you are at starbucks and you realize today is the last day to pay one of
     your bills online.<o:p></o:p></span>"
11/7/2018 5:21,11/7/2018 5:21,0,12.40.43.242,100,8,1,11/7/2018 5:21,R_b8HdsOZYZ4CHv4B,,,,,39.08500671,-94.63559723,anonymous,EN,3,,,,,,,,,,,,,,,,,,,,,,,,,,,,,,,,,,,,,,,,,,,,,,,,,,,,,,,,,,,,,,,,,,,,,,,,,,,,,,,,,,,,,,,,,,,,,,,,,,,,,,,,,,,,,,,,,,,,,,,,,,,,,,,,,,,,,,,,,,,,,,,,,,,,,,,,,,,,,,,,,,,,,,,,,,,,,,,,,,,,,,,,,,,,,,,,,,,,,,,,,,,,,,,,,,,76923,"<span lang=""EN-GB"">Suppose you want to watch some video when you are alone at your home.<strong><o:p></o:p></strong></span>"
11/7/2018 5:15,11/7/2018 5:24,0,66.76.213.99,100,549,1,11/7/2018 5:24,R_2CV3CurvIUYyeAQ,,,,,37.15969849,-94.311203,anonymous,EN,"1,2,4,5","2,3,4,5",,1,,"1,2,3",,1,,3,,"2,3","2,3",,2,,"2,3","2,3",,2,,"1,3,4",,2,,"1,2,3",,2,,2,,,,,,,,,,,,,,,,,,,,,,,,,,,,,,"2,3,5",,1,,"1,2,3",,1,,2,,2,"2,3",,"2,3",,"2,3",,"2,3",,"1,3",,2,,"1,3",,"1,2,3",,2,,,,,,,,,,,,,,,,,,,,,,,,,,,,,,,,,,,,,,,,,,,,,,,,,,,,,,,,,,,,,,,,,,,,,,,,,,,,,,,,,,,,,,,,,,,,,,,,,,,,,,,,,,,,,,,,,,,,,,Female,43,Homemaker,3,1,,1,1045,"<span lang=""EN-GB"">Suppose
     you want to set up a reminder when you are at a park by yourself.<o:p></o:p></span>"
11/7/2018 5:22,11/7/2018 5:27,0,74.112.96.5,100,293,1,11/7/2018 5:27,R_Bu1ccRxT6hAz45j,,,,,43.03889465,-87.90650177,anonymous,EN,"1,2,4,6",2,,1,,"1,2",,3,,1,,2,2,,2,,1,"1,2",,2,,1,,2,,1,,1,,,,,,,,,,,,,,,,,,,,,,,,,,,,,,,,,,,,,,,,,,,,,,,,,,,,,,,,,,,,,,,,,,,,,,,,,,,,,,,,,,,,,,,,,,,,,,,,,,,,,,,,,,,,,,,,,,,,,,,,,,,,,,,,,,,,,,,,,,,,,,,,,,,,,,,,,,,,,,,,,,,,,,,,,,,,,,,,,,,,,,,,54351,"<span lang=""EN-GB"">Suppose
     you are at home with some people you know (e.g., acquaintances,
     colleagues) when you realize today is the last day to pay one of your
     bills online.<o:p></o:p></span>"
11/7/2018 5:31,11/7/2018 5:33,0,184.155.48.221,100,149,1,11/7/2018 5:33,R_2VOdJAVlinF2diI,,,,,33.48120117,-88.35540009,anonymous,EN,"1,2,3,4",2,,1,,1,,1,,1,,2,1,,2,,1,2,,2,,2,,1,,1,,2,,,,,,,,,,,,,,,,,,,,,,,,,,,,,,,,,,,,,,,,,,,,,,,,,,,,,,,,,,,,,,,,,,,,,,,,,,,,,,,,,,,,,,,,,,,,,,,,,,,,,,,,,,,,,,,,,,,,,,,,,,,,,,,,,,,,,,,,,,,,,,,,,,,,,,,,,,,,,,,,,,,,,,,,,,,,,,,,,,,,,,,,67561,"<span lang=""EN-GB"">Suppose
     you want to a send an email when you are with a very close friend at a
     restaurant&nbsp;<o:p></o:p></span>"
11/7/2018 5:41,11/7/2018 5:44,0,72.94.156.130,100,171,1,11/7/2018 5:44,R_4ORWxEzn0LuxqHn,,,,,40.10960388,-75.15499878,anonymous,EN,"1,2,4,5","1,5",,3,,4,,1,,4,,3,3,,3,,3,"1,2,4",,"2,3",,"3,4",,3,,2,,2,,,,,,,,,,,,,,,,,,,,,,,,,,,,,,,,,,,,,,,,,,,,,,,,,,,,,,,,,,,,,,,,,,,,,,,,,,,,,,,,,,,,,,,,,,,,,,,,,,,,,,,,,,,,,,,,,,,,,,,,,,,,,,,,,,,,,,,,,,,,,,,,,,,,,,,,,,,,,,,,,,,,,,,,,,,,,,,,,,,,,,,,79191,"<span lang=""EN-GB"">Suppose
     you want to listen to some audio when you are with your close friends in a
     park.<o:p></o:p></span>"
11/7/2018 5:43,11/7/2018 5:46,0,24.159.128.34,100,184,1,11/7/2018 5:46,R_2qlVAtm6D8j4UlX,,,,,36.44610596,-77.67310333,anonymous,EN,"1,2,3,4,6",2,,"1,2",,2,,1,,1,,1,1,,1,,1,2,,"1,3",,"1,2,3,4",,"1,3",,1,,2,,2,,,,,,,,,,,,,,,,,,,,,,,,,,,,,,"1,2",,"1,2",,1,,1,,1,,1,3,,1,,1,,1,,1,,"1,3",,"1,2",,1,,2,,,,,,,,,,,,,,,,,,,,,,,,,,,,,,,,,,,,,,,,,,,,,,,,,,,,,,,,,,,,,,,,,,,,,,,,,,,,,,,,,,,,,,,,,,,,,,,,,,,,,,,,,,,,,,,,,,,,,,,,,,,,,18092,"<span lang=""EN-GB"">Suppose you want to find a route to home while walking on a street.<o:p></o:p></span>"
10/31/2018 6:49,10/31/2018 6:49,0,216.107.59.254,1,9,0,11/7/2018 5:49,R_NW44RNes0IIgX73,,,,,,,anonymous,EN,,,,,,,,,,,,,,,,,,,,,,,,,,,,,,,,,,,,,,,,,,,,,,,,,,,,,,,,,,,,,,,,,,,,,,,,,,,,,,,,,,,,,,,,,,,,,,,,,,,,,,,,,,,,,,,,,,,,,,,,,,,,,,,,,,,,,,,,,,,,,,,,,,,,,,,,,,,,,,,,,,,,,,,,,,,,,,,,,,,,,,,,,,,,,,,,,,,,,,,,,,,,,,,,,,,,37768,"<span lang=""EN-GB"">Suppose you are at a coffee shop, you have just read a book you loved and now&nbsp;</span>you want to write a review for it to share with your close family and friends."
11/7/2018 5:49,11/7/2018 5:50,0,68.59.37.15,100,26,1,11/7/2018 5:50,R_zes4Szh4M96Jg1b,,,,,45.00959778,-93.3423996,anonymous,EN,"1,3",,,,,,,,,,,,,,,,,,,,,,,,,,,,,,,,,,,,,,,,,,,,,,,,,,,,,,,,,,,,,,,,,,,,,,,,,,,,,,,,,,,,,,,,,,,,,,,,,,,,,,,,,,,,,,,,,,,,,,,,,,,,,,,,,,,,,,,,,,,,,,,,,,,,,,,,,,,,,,,,,,,,,,,,,,,,,,,,,,,,,,,,,,,,,,,,,,,,,,,,,,,,,,,,,,,76355,"<span lang=""EN-GB"">Suppose
     you want to set up a reminder when you are with people you know (e.g.,
     acquaintances, colleagues) at your home.<o:p></o:p></span>"
11/7/2018 5:46,11/7/2018 5:50,0,63.149.61.176,100,235,1,11/7/2018 5:50,R_3HStQuIWohRpf3e,,,,,36.6098938,-88.30319977,anonymous,EN,"1,2,4","1,2",,"1,2",,"1,2,3,4",,1,,1,,"1,3","1,2,3",,"1,2",,"1,2,3","2,3",,"1,2,3",,2,,"2,3",,"1,2,3",,"1,2",,,,,,,,,,,,,,,,,,,,,,,,,,,,,,,,,,,,,,,,,,,,,,,,,,,,,,,,,,,,,,,,,,,,,,,,,,,,,,,,,,,,,,,,,,,,,,,,,,,,,,,,,,,,,,,,,,,,,,,,,,,,,,,,,,,,,,,,,,,,,,,,,,,,,,,,,,,,,,,,,,,,,,,,,,,,,,,,,,,,,,,,90977,"<span lang=""EN-GB"">Suppose
     you want to listen to some audio when you are at home with people you are
     close to (e.g., friends, family members).<strong><o:p></o:p></strong></span>"
11/7/2018 5:53,11/7/2018 5:53,0,50.108.192.230,100,17,1,11/7/2018 5:53,R_2cvaCJEsx6axXLf,,,,,42.31199646,-75.48940277,anonymous,EN,"1,4",,,,,,,,,,,,,,,,,,,,,,,,,,,,,,,,,,,,,,,,,,,,,,,,,,,,,,,,,,,,,,,,,,,,,,,,,,,,,,,,,,,,,,,,,,,,,,,,,,,,,,,,,,,,,,,,,,,,,,,,,,,,,,,,,,,,,,,,,,,,,,,,,,,,,,,,,,,,,,,,,,,,,,,,,,,,,,,,,,,,,,,,,,,,,,,,,,,,,,,,,,,,,,,,,,,8184,"<span id=""docs-internal-guid-5a7e3441-7fff-9d1f-10e6-454a1d940975""><span style=""font-size: 11pt; font-family: Arial; color: rgb(0, 0, 0); background-color: transparent; font-variant-numeric: normal; font-variant-east-asian: normal; vertical-align: baseline; white-space: pre-wrap;"">Suppose you want to call your mother for sharing an important update about your life &nbsp;when you are alone at home</span><br> <br><br></span>"
11/7/2018 5:51,11/7/2018 5:56,0,136.2.32.183,100,317,1,11/7/2018 5:56,R_sTGo7lznEwSbkqZ,,,,,42.46170044,-83.40529633,anonymous,EN,"1,2,6",2,,5,,6,,3,,1,,"2,3",3,,5,,"2,3",6,,2,,3,,2,,5,,4,,1,4,,1,,"1,2",,3,,1,,"2,3",2,,5,,5,,6,,6,,2,,6,,5,,4,,,,,,,,,,,,,,,,,,,,,,,,,,,,,,,,,,,,,,,,,,,,,,,,,,,,,,,,,,,,,,,,,,,,,,,,,,,,,,,,,,,,,,,,,,,,,,,,,,,,,,,,,,,,,,,,,,,,,,,,,,,,,,,,,,,,,,,,,,,,,,,,,,,Female,32,Product Manager,5,1,,8,4594,"<span lang=""EN-GB"">Suppose
     you want to read a digital document when you are alone at home.<strong><o:p></o:p></strong></span>"
10/31/2018 6:56,10/31/2018 6:58,0,184.184.191.189,1,76,0,11/7/2018 5:58,R_yPBZ4BSwQWcK653,,,,,,,anonymous,EN,,,,,,,,,,,,,,,,,,,,,,,,,,,,,,,,,,,,,,,,,,,,,,,,,,,,,,,,,,,,,,,,,,,,,,,,,,,,,,,,,,,,,,,,,,,,,,,,,,,,,,,,,,,,,,,,,,,,,,,,,,,,,,,,,,,,,,,,,,,,,,,,,,,,,,,,,,,,,,,,,,,,,,,,,,,,,,,,,,,,,,,,,,,,,,,,,,,,,,,,,,,,,,,,,,,,51550,"<span lang=""EN-GB"">Suppose you are on a short vacation and you want to take a picture in front&nbsp;</span>of an iconic monument when you are surrounded by many people."
11/7/2018 5:57,11/7/2018 6:01,0,69.85.217.236,100,215,1,11/7/2018 6:01,R_8HBKjZBEf97QXgB,,,,,30.69619751,-88.18209839,anonymous,EN,"1,2,3,4,6","2,5",,2,,2,,1,,"1,4",,1,"1,2,3",,5,,"1,2,3",3,,2,,6,,1,,"1,2,3",,2,,,,,,,,,,,,,,,,,,,,,,,,,,,,,,,,,,,,,,,,,,,,,,,,,,,,,,,,,,,,,,,,,,,,,,,,,,,,,,,,,,,,,,,,,,,,,,,,,,,,,,,,,,,,,,,,,,,,,,,,,,,,,,,,,,,,,,,,,,,,,,,,,,,,,,,,,,,,,,,,,,,,,,,,,,,,,,,,,,,,,,,,34934,"<span lang=""EN-GB"">Suppose you want to a send an email when you are surrounded with people you are close to (e.g., friends, family members) at your home.<strong><o:p></o:p></strong></span>"
11/7/2018 6:01,11/7/2018 6:02,0,134.241.2.61,100,57,1,11/7/2018 6:02,R_2OZqggKxOZ7iyE5,,,,,42.30070496,-71.42549896,anonymous,EN,"1,2,3",3,,1,,2,,1,,1,,"1,2",1,,1,,1,2,,1,,1,,1,,"1,2",,"1,2",,,,,,,,,,,,,,,,,,,,,,,,,,,,,,,,,,,,,,,,,,,,,,,,,,,,,,,,,,,,,,,,,,,,,,,,,,,,,,,,,,,,,,,,,,,,,,,,,,,,,,,,,,,,,,,,,,,,,,,,,,,,,,,,,,,,,,,,,,,,,,,,,,,,,,,,,,,,,,,,,,,,,,,,,,,,,,,,,,,,,,,,25512,"<span lang=""EN-GB"">Suppose
     you are at a park and you realize today is the last day to pay one of your
     bills online.<o:p></o:p></span>"
11/7/2018 6:05,11/7/2018 6:05,0,69.14.241.38,100,21,1,11/7/2018 6:05,R_1lAABEzGHIbEWl0,,,,,40.09989929,-83.01570129,anonymous,EN,"3,4",,,,,,,,,,,,,,,,,,,,,,,,,,,,,,,,,,,,,,,,,,,,,,,,,,,,,,,,,,,,,,,,,,,,,,,,,,,,,,,,,,,,,,,,,,,,,,,,,,,,,,,,,,,,,,,,,,,,,,,,,,,,,,,,,,,,,,,,,,,,,,,,,,,,,,,,,,,,,,,,,,,,,,,,,,,,,,,,,,,,,,,,,,,,,,,,,,,,,,,,,,,,,,,,,,,42395,"<span lang=""EN-GB"">Suppose you are at a park with some people you know (e.g., acquaintances, colleagues) when you realize that you have to immediately pay one of your bills online.<o:p></o:p></span>"
10/31/2018 7:12,10/31/2018 7:13,0,24.192.47.235,78,32,0,11/7/2018 6:13,R_pmwxK5QBhEJKKDn,,,,,,,anonymous,EN,"2,4,6",,,,,,,,,,,,,,,,,,,,,,,,,,,,,,,,,,,,,,,,,,,,,,,,,,,,,,,,,,,,,,,,,,,,,,,,,,,,,,,,,,,,,,,,,,,,,,,,,,,,,,,,,,,,,,,,,,,,,,,,,,,,,,,,,,,,,,,,,,,,,,,,,,,,,,,,,,,,,,,,,,,,,,,,,,,,,,,,,,,,,,,,,,,,,,,,,,,,,,,,,,,,,,,,,,,42918,"<span lang=""EN-GB"">Suppose you have planned to meet a friend next week and you want to put this on your calendar when you are surrounded with people you are close to (e.g., friends, family members) at your home.<strong><o:p></o:p></strong></span>"
11/7/2018 6:14,11/7/2018 6:14,0,168.169.226.88,100,16,1,11/7/2018 6:14,R_2PcXWJJvubqnZVX,,,,,42.09280396,-79.2440033,anonymous,EN,2,,,,,,,,,,,,,,,,,,,,,,,,,,,,,,,,,,,,,,,,,,,,,,,,,,,,,,,,,,,,,,,,,,,,,,,,,,,,,,,,,,,,,,,,,,,,,,,,,,,,,,,,,,,,,,,,,,,,,,,,,,,,,,,,,,,,,,,,,,,,,,,,,,,,,,,,,,,,,,,,,,,,,,,,,,,,,,,,,,,,,,,,,,,,,,,,,,,,,,,,,,,,,,,,,,,81184,"<span lang=""EN-GB"">Suppose you are at sitting at Starbucks and you want to play a digital/online&nbsp;</span>game with some close friends."
11/7/2018 6:21,11/7/2018 6:25,0,129.44.133.66,100,282,1,11/7/2018 6:25,R_3fQab29A1lhxXJ3,,,,,42.84410095,-78.81819916,anonymous,EN,"1,2,3,4",3,,"1,2",,1,,1,,1,,1,"1,3",,5,,2,2,,"1,2",,"1,3",,5,,"2,3",,1,,,,,,,,,,,,,,,,,,,,,,,,,,,,,,,,,,,,,,,,,,,,,,,,,,,,,,,,,,,,,,,,,,,,,,,,,,,,,,,,,,,,,,,,,,,,,,,,,,,,,,,,,,,,,,,,,,,,,,,,,,,,,,,,,,,,,,,,,,,,,,,,,,,,,,,,,,,,,,,,,,,,,,,,,,,,,,,,,,,,,,,,58793,"<span lang=""EN-GB"">Suppose you want to browse internet when you are with your close friends at a restaurant.<o:p></o:p></span>"
11/7/2018 6:27,11/7/2018 6:28,0,47.220.23.57,100,31,1,11/7/2018 6:28,R_2fCZZYxMlGX75pS,,,,,30.3125,-95.45269775,anonymous,EN,"1,2",,,,,,,,,,,,,,,,,,,,,,,,,,,,,,,,,,,,,,,,,,,,,,,,,,,,,,,,,,,,,,,,,,,,,,,,,,,,,,,,,,,,,,,,,,,,,,,,,,,,,,,,,,,,,,,,,,,,,,,,,,,,,,,,,,,,,,,,,,,,,,,,,,,,,,,,,,,,,,,,,,,,,,,,,,,,,,,,,,,,,,,,,,,,,,,,,,,,,,,,,,,,,,,,,,,56542,"<span lang=""EN-GB"" style=""font-size:11.0pt;line-height:115%;
font-family:&quot;Arial&quot;,sans-serif;mso-fareast-font-family:Arial;mso-ansi-language:
EN-GB;mso-fareast-language:EN-US;mso-bidi-language:AR-SA"">Suppose you want to browse the internet when you are alone at your home.</span>"
10/31/2018 7:28,10/31/2018 7:28,0,73.204.124.125,78,31,0,11/7/2018 6:29,R_3pgVTAoXsEGJE0c,,,,,,,anonymous,EN,"1,2,3,4",,,,,,,,,,,,,,,,,,,,,,,,,,,,,,,,,,,,,,,,,,,,,,,,,,,,,,,,,,,,,,,,,,,,,,,,,,,,,,,,,,,,,,,,,,,,,,,,,,,,,,,,,,,,,,,,,,,,,,,,,,,,,,,,,,,,,,,,,,,,,,,,,,,,,,,,,,,,,,,,,,,,,,,,,,,,,,,,,,,,,,,,,,,,,,,,,,,,,,,,,,,,,,,,,,,44523,"<span lang=""EN-GB"">Suppose
     you want to a view a text message when you are surrounded by people you
     know (e.g., acquaintances, colleagues) at your home.<o:p></o:p></span>"
11/7/2018 6:30,11/7/2018 6:30,0,75.111.239.251,100,29,1,11/7/2018 6:30,R_3QSneZQJ9GS64uu,,,,,33.51589966,-101.9344025,anonymous,EN,"1,2",,,,,,,,,,,,,,,,,,,,,,,,,,,,,,,,,,,,,,,,,,,,,,,,,,,,,,,,,,,,,,,,,,,,,,,,,,,,,,,,,,,,,,,,,,,,,,,,,,,,,,,,,,,,,,,,,,,,,,,,,,,,,,,,,,,,,,,,,,,,,,,,,,,,,,,,,,,,,,,,,,,,,,,,,,,,,,,,,,,,,,,,,,,,,,,,,,,,,,,,,,,,,,,,,,,81745,"<span lang=""EN-GB"">Suppose
     you want to call your mother for sharing an important update about your
     life when you are alone at Starbucks.<o:p></o:p></span>"
11/7/2018 6:20,11/7/2018 6:30,0,73.205.213.198,100,612,1,11/7/2018 6:30,R_cSUxLxjkemUxDeF,,,,,27.28889465,-80.29799652,anonymous,EN,"1,2,4","3,4",,5,,"1,2,3",,1,,"1,3,4",,"2,3","1,2,3",,"1,2",,"2,3",2,,"1,3",,"3,4",,2,,"1,2,3",,4,,,,,,,,,,,,,,,,,,,,,,,,,,,,,,,,,,,,,,,,,,,,,,,,,,,,,,,,,,,,,,,,,,,,,,,,,,,,,,,,,,,,,,,,,,,,,,,,,,,,,,,,,,,,,,,,,,,,,,,,,,,,,,,,,,,,,,,,,,,,,,,,,,,,,,,,,,,,,,,,,,,,,,,,,,,,,,,,,,,,,,,,91464,"<span lang=""EN-GB"" style=""font-size:11.0pt;line-height:115%;
font-family:&quot;Arial&quot;,sans-serif;mso-fareast-font-family:Arial;mso-ansi-language:
EN-GB;mso-fareast-language:EN-US;mso-bidi-language:AR-SA"">Suppose you want to
take a click a photo when you are at Starbucks.</span>"
11/7/2018 6:25,11/7/2018 6:30,0,71.228.182.243,100,347,1,11/7/2018 6:30,R_1QDZDlTru3JNehC,,,,,35.96560669,-86.50479889,anonymous,EN,"2,3,4",2,,1,,"1,2,3,4",,1,,1,,2,"1,2",,"1,3",,2,"2,3",,"1,2,3",,"1,3,4",,"1,2",,"1,3",,1,,,,,,,,,,,,,,,,,,,,,,,,,,,,,,,,,,,,,,,,,,,,,,,,,,,,,,,,,,,,,,,,,,,,,,,,,,,,,,,,,,,,,,,,,,,,,,,,,,,,,,,,,,,,,,,,,,,,,,,,,,,,,,,,,,,,,,,,,,,,,,,,,,,,,,,,,,,,,,,,,,,,,,,,,,,,,,,,,,,,,,,,7048,"<span lang=""EN-GB"">Suppose
     you want to a send an email when you are walking on a street with people
     you know (e.g., acquaintances, colleagues)<strong>.</strong><o:p></o:p></span>"
10/31/2018 7:30,10/31/2018 7:30,0,24.158.191.7,1,8,0,11/7/2018 6:31,R_1pswcdy8yhzp8Ty,,,,,,,anonymous,EN,,,,,,,,,,,,,,,,,,,,,,,,,,,,,,,,,,,,,,,,,,,,,,,,,,,,,,,,,,,,,,,,,,,,,,,,,,,,,,,,,,,,,,,,,,,,,,,,,,,,,,,,,,,,,,,,,,,,,,,,,,,,,,,,,,,,,,,,,,,,,,,,,,,,,,,,,,,,,,,,,,,,,,,,,,,,,,,,,,,,,,,,,,,,,,,,,,,,,,,,,,,,,,,,,,,,26086,"<span lang=""EN-GB"">Suppose
     you want to set up a reminder when you are at home with people you are
     close to (e.g., friends, family members).<strong><o:p></o:p></strong></span>"
11/7/2018 6:29,11/7/2018 6:34,0,24.154.176.123,100,320,1,11/7/2018 6:34,R_1LeDeuftFqSRlcW,,,,,40.88589478,-79.93399811,anonymous,EN,"2,3,4",4,,1,,2,,1,,1,,"2,3","2,3",,1,,2,"2,4",,1,,"3,4",,1,,"1,2",,2,,,,,,,,,,,,,,,,,,,,,,,,,,,,,,,,,,,,,,,,,,,,,,,,,,,,,,,,,,,,,,,,,,,,,,,,,,,,,,,,,,,,,,,,,,,,,,,,,,,,,,,,,,,,,,,,,,,,,,,,,,,,,,,,,,,,,,,,,,,,,,,,,,,,,,,,,,,,,,,,,,,,,,,,,,,,,,,,,,,,,,,,54789,"<span lang=""EN-GB"" style=""font-size:11.0pt;line-height:115%;
font-family:&quot;Arial&quot;,sans-serif;mso-fareast-font-family:Arial;mso-ansi-language:
EN-GB;mso-fareast-language:EN-US;mso-bidi-language:AR-SA"">Suppose you have
planned to meet a friend next week and you want put this on your calendar<span style=""color:#434343""> when you with </span>people you know (e.g.,
acquaintances, colleagues)<span style=""color:#434343""> at a park</span></span>"
11/7/2018 6:36,11/7/2018 6:36,0,104.129.196.195,100,7,1,11/7/2018 6:36,R_3halR01GYAceCT5,,,,,37.75100708,-97.8219986,anonymous,EN,3,,,,,,,,,,,,,,,,,,,,,,,,,,,,,,,,,,,,,,,,,,,,,,,,,,,,,,,,,,,,,,,,,,,,,,,,,,,,,,,,,,,,,,,,,,,,,,,,,,,,,,,,,,,,,,,,,,,,,,,,,,,,,,,,,,,,,,,,,,,,,,,,,,,,,,,,,,,,,,,,,,,,,,,,,,,,,,,,,,,,,,,,,,,,,,,,,,,,,,,,,,,,,,,,,,,36170,"<span lang=""EN-GB"">Suppose
     you want to call your mother for sharing an important update about your
     life&nbsp; when you are alone at a park<o:p></o:p></span>"
10/31/2018 7:27,10/31/2018 7:39,0,206.246.76.6,88,735,0,11/7/2018 6:39,R_2rq1JOUi7sD5iYt,,,,,,,anonymous,EN,"1,2,3,4,5,6","1,2,3,4,5,6",nothing,"1,2,3,4",nothing,"1,2,3,4,5",nothing,"1,2",nothing,"1,2,3,4,5",nothing,"1,2,3","1,2,3,4",nothing,"1,2,3,4",nothing,"1,2,3","1,2,3,4,5",nothing,"1,2,3,4",nothing,"1,2,3,4,5,6",nothing,"1,2,3,4",nothing,"1,2,3,4",nothing,"1,2,3",nothing,"1,2,3,4,5,6",7,,5,,6,,3,,6,,4,5,,5,,5,,6,,7,,5,,7,,5,,4,,,,,,,,,,,,,,,,,,,,,,,,,,,,,,,"1,2,3,4,5,6",nothing,"1,2,3,4",nothing,"1,2,3,4,5",nothing,"1,2",nothing,"1,2,3,4,5",nothing,"1,2,3","1,2,3,4",nothing,"1,2,3,4",nothing,"1,2,3,4",nothing,"1,2,3,4,5",nothing,"1,2,3,4,5",nothing,"1,2,3,4",nothing,"1,2,3,4,5",nothing,"1,2,3,4",nothing,"1,2,3",nothing,,,,,,,,,,,,,,,,,,,,,,,,,,,,,,"1,2,3,4,5,6",nothing,"1,2,3,4",nothing,"1,2,3,4,5",nothing,"1,2",nothing,"1,2,3,4,5",nothing,"1,2,3","1,2,3,4",nothing,"1,2,3,4",nothing,"1,2,3,4",nothing,"1,2,3,4,5",nothing,"1,2,3,4,5",nothing,"1,2,3,4",nothing,"1,2,3,4,5",nothing,"1,2,3,4",nothing,"1,2,3",nothing,7,,5,,6,,3,,6,,4,5,,5,,5,,6,,7,,5,,6,,5,,4,,,,,,,,,56513,"<span lang=""EN-GB"">Suppose you want to read a digital document when you are in a park with people you know (e.g., acquaintances, colleagues).<o:p></o:p></span>"
10/31/2018 7:41,10/31/2018 7:42,0,159.136.221.21,78,47,0,11/7/2018 6:42,R_2v0MxixDJ8gBue9,,,,,,,anonymous,EN,"1,3,4",,,,,,,,,,,,,,,,,,,,,,,,,,,,,,,,,,,,,,,,,,,,,,,,,,,,,,,,,,,,,,,,,,,,,,,,,,,,,,,,,,,,,,,,,,,,,,,,,,,,,,,,,,,,,,,,,,,,,,,,,,,,,,,,,,,,,,,,,,,,,,,,,,,,,,,,,,,,,,,,,,,,,,,,,,,,,,,,,,,,,,,,,,,,,,,,,,,,,,,,,,,,,,,,,,,91966,"<span lang=""EN-GB"">Suppose you have planned to meet a friend next week and you want to put this on your calendar when you are with a very close friend at a restaurant&nbsp;<o:p></o:p></span>"
11/7/2018 6:46,11/7/2018 6:47,0,149.101.1.115,100,22,1,11/7/2018 6:47,R_1IfTRrJDcXSK95b,,,,,38.94309998,-76.96520233,anonymous,EN,"2,3",,,,,,,,,,,,,,,,,,,,,,,,,,,,,,,,,,,,,,,,,,,,,,,,,,,,,,,,,,,,,,,,,,,,,,,,,,,,,,,,,,,,,,,,,,,,,,,,,,,,,,,,,,,,,,,,,,,,,,,,,,,,,,,,,,,,,,,,,,,,,,,,,,,,,,,,,,,,,,,,,,,,,,,,,,,,,,,,,,,,,,,,,,,,,,,,,,,,,,,,,,,,,,,,,,,38344,"Suppose you want to find a route to a coffee shop
     when you are at home with your by your colleagues<o:p></o:p>"
11/7/2018 6:38,11/7/2018 6:47,0,69.44.7.114,100,511,1,11/7/2018 6:47,R_9M0VAV1gvawStcR,,,,,38.3572998,-90.64980316,anonymous,EN,"1,2,3,4,6","1,2",,"1,3",,1,,1,,1,,1,"1,2,3",,2,,1,2,,2,,1,,2,,1,,2,,"1,2,3,4,6","1,2",,"2,3",,"1,2",,1,,1,,1,2,,1,,2,,2,,"1,2",,1,,"1,2",,1,,2,,"2,3",,"1,2,3",,1,,1,,1,,1,1,,2,,1,,1,,"1,2",,1,,2,,"2,3",,2,,7,,"1,2",,1,,3,,1,,3,3,,"2,3",,"2,3",,3,,1,,1,,"1,2,3,4",,1,,1,,"1,2,3",,"1,2",,1,,1,,1,,1,1,,2,,1,,"1,2",,"1,2",,1,,"1,2,3",,1,,2,,,,,,,,,,,,,,,,,,,,,,,,,,,,,,,1,,1,,1,,1,,1,,1,1,,1,,1,,1,,1,,1,,1,,1,,1,,,,,,,,,58994,"<span lang=""EN-GB"">Suppose you want to take a click a photo when you with </span><span lang=""EN-GB"">some people you know (e.g.,
     acquaintances, colleagues)</span><span lang=""EN-GB""> at home<o:p></o:p></span>"
11/7/2018 6:42,11/7/2018 6:53,0,70.188.37.50,100,653,1,11/7/2018 6:53,R_27P45TifNPaC1iA,,,,,37.30290222,-79.93219757,anonymous,EN,"1,2,3",2,,"1,3",,"1,2,3",,1,,"1,2",,"2,3","1,2",,2,,"2,3",3,,1,,"1,3,4",,"1,3",,"1,2,3",,"1,2",,,,,,,,,,,,,,,,,,,,,,,,,,,,,,,,,,,,,,,,,,,,,,,,,,,,,,,,,,,,,,,,,,,,,,,,,,,,,,,,,,,,,,,,,,,,,,,,,,,,,,,,,,,,,,,,,,,,,,,,,,,,,,,,,,,,,,,,,,,,,,,,,,,,,,,,,,,,,,,,,,,,,,,,,,,,,,,,,,,,,,,,90186,"<span lang=""EN-GB"">Suppose
     you want&nbsp; to a send a text message
     when you are walking with a very close friend on a street<o:p></o:p></span>"
10/31/2018 7:52,10/31/2018 7:54,0,73.61.61.207,78,64,0,11/7/2018 6:54,R_2V4nqODQJk0POE6,,,,,,,anonymous,EN,"1,2,3,4,6",,,,,,,,,,,,,,,,,,,,,,,,,,,,,,,,,,,,,,,,,,,,,,,,,,,,,,,,,,,,,,,,,,,,,,,,,,,,,,,,,,,,,,,,,,,,,,,,,,,,,,,,,,,,,,,,,,,,,,,,,,,,,,,,,,,,,,,,,,,,,,,,,,,,,,,,,,,,,,,,,,,,,,,,,,,,,,,,,,,,,,,,,,,,,,,,,,,,,,,,,,,,,,,,,,,94243,"<span lang=""EN-GB"">Suppose
     you want to call your mother for sharing an important update about your
     life&nbsp; when you are alone at a park<o:p></o:p></span>"
11/7/2018 6:58,11/7/2018 6:58,0,50.82.246.200,100,20,1,11/7/2018 6:58,R_1oAMEfogg7IJZPy,,,,,37.80189514,-89.02320099,anonymous,EN,"1,2",,,,,,,,,,,,,,,,,,,,,,,,,,,,,,,,,,,,,,,,,,,,,,,,,,,,,,,,,,,,,,,,,,,,,,,,,,,,,,,,,,,,,,,,,,,,,,,,,,,,,,,,,,,,,,,,,,,,,,,,,,,,,,,,,,,,,,,,,,,,,,,,,,,,,,,,,,,,,,,,,,,,,,,,,,,,,,,,,,,,,,,,,,,,,,,,,,,,,,,,,,,,,,,,,,,99841,"<span lang=""EN-GB"">Suppose
     you want to set up a reminder about something when you are at Starbucks by
     yourself.<o:p></o:p></span>"
11/7/2018 7:10,11/7/2018 7:11,0,174.230.1.3,100,25,1,11/7/2018 7:11,R_b9PJVaLnGu5lLfr,,,,,42.50509644,-83.40720367,anonymous,EN,"1,2",,,,,,,,,,,,,,,,,,,,,,,,,,,,,,,,,,,,,,,,,,,,,,,,,,,,,,,,,,,,,,,,,,,,,,,,,,,,,,,,,,,,,,,,,,,,,,,,,,,,,,,,,,,,,,,,,,,,,,,,,,,,,,,,,,,,,,,,,,,,,,,,,,,,,,,,,,,,,,,,,,,,,,,,,,,,,,,,,,,,,,,,,,,,,,,,,,,,,,,,,,,,,,,,,,,12379,"<span lang=""EN-GB"">Suppose you want to find a route to a coffee shop when you are
     at home </span><span lang=""EN-GB"">with
     people you are close to (e.g., friends, family members)</span><strong><span lang=""EN-GB""><o:p></o:p></span></strong>"
11/7/2018 7:14,11/7/2018 7:14,0,173.19.165.161,100,14,1,11/7/2018 7:14,R_3O9pN6ikoNyH8Cm,,,,,41.53849792,-90.56130219,anonymous,EN,"1,2",,,,,,,,,,,,,,,,,,,,,,,,,,,,,,,,,,,,,,,,,,,,,,,,,,,,,,,,,,,,,,,,,,,,,,,,,,,,,,,,,,,,,,,,,,,,,,,,,,,,,,,,,,,,,,,,,,,,,,,,,,,,,,,,,,,,,,,,,,,,,,,,,,,,,,,,,,,,,,,,,,,,,,,,,,,,,,,,,,,,,,,,,,,,,,,,,,,,,,,,,,,,,,,,,,,4626,"<span lang=""EN-GB"">Suppose
     you want to a send an email when you are surrounded by people you know
     (e.g., acquaintances, colleagues) at a restaurant.<o:p></o:p></span>"
11/7/2018 7:12,11/7/2018 7:15,0,76.8.237.163,100,178,1,11/7/2018 7:15,R_1mrQIhnyXAbSNzo,,,,,34.87590027,-88.59159851,anonymous,EN,"1,2,3",2,,1,,2,,1,,1,,2,1,,1,,2,2,,2,,3,,2,,1,,2,,2,,,,,,,,,,,,,,,,,,,,,,,,,,,,,,2,,1,,1,,1,,1,,2,1,,2,,1,,2,,2,,2,,3,,1,,2,,,,,,,,,,,,,,,,,,,,,,,,,,,,,,,,,,,,,,,,,,,,,,,,,,,,,,,,,,,,,,,,,,,,,,,,,,,,,,,,,,,,,,,,,,,,,,,,,,,,,,,,,,,,,,,,,,,,,,,,,,,,,84503,"<span lang=""EN-GB"">Suppose
     you want to a send a text message when you are surrounded by people you
     know (e.g., acquaintances, colleagues) at your home.<o:p></o:p></span>"
11/7/2018 7:02,11/7/2018 7:15,0,35.138.115.137,100,780,1,11/7/2018 7:15,R_10pgwUdBiBf66az,,,,,28.0381012,-81.93920135,anonymous,EN,"1,2,4",2,,"1,3",,"1,2,3",,1,,2,,"2,3","1,2,3",,2,,"2,3",6,,2,,"1,3,4",,2,,"1,3",,2,,"2,4",,,,,,,,,,,,,,,,,,,,,,,,,,,,,,"2,3",,"1,3",,"1,2,3",,1,,"2,3",,"2,3","1,2,3",,2,,"2,3",,"1,2",,"1,3,4",,2,,"1,3,4",,"1,3",,2,,,,,,,,,,,,,,,,,,,,,,,,,,,,,,,"2,3,4",,"1,3",,"1,2,3",,1,,"2,3",,"2,3","1,2,3",,"2,3",,"2,3",,"1,2",,"1,3,4",,2,,"1,3,4",,"1,3",,2,,,,,,,,,,,,,,,,,,,,,,,,,,,,,,,,,,,,,,,,,,,,,,,,,,,,,,,,,,,,,,,,,,,7673,"<span lang=""EN-GB"">Suppose
     you want to a view a text message when you are alone at Starbucks.<o:p></o:p></span>"
11/7/2018 7:14,11/7/2018 7:16,0,97.96.75.213,100,134,1,11/7/2018 7:17,R_2UY1TKwJDHmFOJG,,,,,27.96110535,-81.93979645,anonymous,EN,"1,2,3,4,5,6","1,2",,1,,"1,2,3",,1,,"1,3",,"2,3","1,2,3",,"1,2,3",,"1,2,3","2,3,4",,"1,2,3",,"1,2,3,4",,"1,2,3",,"1,2,3",,"1,2",,,,,,,,,,,,,,,,,,,,,,,,,,,,,,,,,,,,,,,,,,,,,,,,,,,,,,,,,,,,,,,,,,,,,,,,,,,,,,,,,,,,,,,,,,,,,,,,,,,,,,,,,,,,,,,,,,,,,,,,,,,,,,,,,,,,,,,,,,,,,,,,,,,,,,,,,,,,,,,,,,,,,,,,,,,,,,,,,,,,,,,,83392,"<span lang=""EN-GB"">Suppose
     you want to set up a reminder when you are alone at your home.<strong><o:p></o:p></strong></span>"
11/7/2018 7:17,11/7/2018 7:17,0,172.58.184.2,100,12,1,11/7/2018 7:17,R_uwA5buE9khtWsDv,,,,,38.99960327,-76.88400269,anonymous,EN,"1,2",,,,,,,,,,,,,,,,,,,,,,,,,,,,,,,,,,,,,,,,,,,,,,,,,,,,,,,,,,,,,,,,,,,,,,,,,,,,,,,,,,,,,,,,,,,,,,,,,,,,,,,,,,,,,,,,,,,,,,,,,,,,,,,,,,,,,,,,,,,,,,,,,,,,,,,,,,,,,,,,,,,,,,,,,,,,,,,,,,,,,,,,,,,,,,,,,,,,,,,,,,,,,,,,,,,53463,"<span lang=""EN-GB"">Suppose you want to set up a reminder when you are at a park with close friends.<o:p></o:p></span>"
11/7/2018 7:19,11/7/2018 7:22,0,104.136.35.179,100,195,1,11/7/2018 7:22,R_Q9Aj1Bbxiq0bDqh,,,,,28.75770569,-81.35079956,anonymous,EN,"2,3,4",2,,1,,"1,2",,1,,1,,"1,2",2,,1,,"1,2","1,2,3",,"1,2",,"2,3",,2,,"1,2",,2,,,,,,,,,,,,,,,,,,,,,,,,,,,,,,,,,,,,,,,,,,,,,,,,,,,,,,,,,,,,,,,,,,,,,,,,,,,,,,,,,,,,,,,,,,,,,,,,,,,,,,,,,,,,,,,,,,,,,,,,,,,,,,,,,,,,,,,,,,,,,,,,,,,,,,,,,,,,,,,,,,,,,,,,,,,,,,,,,,,,,,,,66095,"<span lang=""EN-GB"">Suppose it is a regular working day, you want to track the total amount of calories&nbsp;</span>you consume and burn off during the day.&nbsp;"
11/7/2018 6:56,11/7/2018 7:23,0,97.100.149.39,100,1618,1,11/7/2018 7:23,R_2TpYDU6iV4nomkM,,,,,28.33059692,-81.35440063,anonymous,EN,"1,2,4",2,,5,,"1,2,3",,3,,1,,2,"1,2",,"2,3",,2,"1,2,3,4",,"1,2",,6,,"1,2",,"1,2,3",,4,,"1,4","4,6",using mouse,3,,"1,2,3",,3,,1,,2,"1,2",,3,,3,,"1,2,3,4",,"3,4",,"1,2",,"3,4",,"1,2,3",,4,,,,,,,,,,,,,,,,,,,,,,,,,,,,,,,,,,,,,,,,,,,,,,,,,,,,,,,,,,,,"1,2",,5,,"1,2,3,4",,3,,1,,2,"1,2",,3,,3,,"2,3,4",,"2,3",,2,,"2,3",,"1,2",,4,,,,,,,,,,,,,,,,,,,,,,,,,,,,,,,,,,,,,,,,,,,,,,,,,,,,,,,,,,,,male,50,Internet Analyst,5,3,,2,5632,"<span lang=""EN-GB"">Suppose you are alone at home, you want to take a break from studying/working&nbsp;</span>so you decide to play an online/digital game with some close friends ."
11/7/2018 7:23,11/7/2018 7:23,0,74.110.162.181,100,7,1,11/7/2018 7:23,R_2qvZaPgAKvzxyMW,,,,,37.66279602,-77.53399658,anonymous,EN,3,,,,,,,,,,,,,,,,,,,,,,,,,,,,,,,,,,,,,,,,,,,,,,,,,,,,,,,,,,,,,,,,,,,,,,,,,,,,,,,,,,,,,,,,,,,,,,,,,,,,,,,,,,,,,,,,,,,,,,,,,,,,,,,,,,,,,,,,,,,,,,,,,,,,,,,,,,,,,,,,,,,,,,,,,,,,,,,,,,,,,,,,,,,,,,,,,,,,,,,,,,,,,,,,,,,36239,"<span lang=""EN-GB"">Suppose
     you want to a send an email when you are surrounded by people you know
     (e.g., acquaintances, colleagues) your home.<o:p></o:p></span>"
10/31/2018 8:16,10/31/2018 8:25,0,162.205.46.191,88,560,0,11/7/2018 7:25,R_1JXeOqIFGz3Cqpt,,,,,,,anonymous,EN,"1,2,3,4","2,5",,1,,"1,3,5",The device should have the necessary hardware to play audio (ie speakers or built-in headphones),1,,1,,"2,3","2,3,4",The ability to use more secure cellular service over an open wireless network.,"2,4",Complete customization available with a knowledge of the programming required.,"2,3","1,2",,2,,"1,2,3,4,6",,2,,"1,2",,"1,2,3",Cases and other non-electronic addons,2,,,,,,,,,,,,,,,,,,,,,,,,,,,,,,,,,,,,,,,,,,,,,,,,,,,,,,,,,,,,,,,,,,,,,,,,,,,,,,,,,,,,,,,,,,,,,,,,,,,,,,,,,,,,,,,,,,,,,,,,,,,,,,,,,,,,,,,,,,,,,,,,,,,,,,,,,,,,,,,,,,,,,,,,,,,,,,,,,,,,,,157,"<span lang=""EN-GB"">Suppose
     you want to listen to some audio when you with people you know (e.g.,
     acquaintances, colleagues) at Starbucks<o:p></o:p></span>"
11/7/2018 7:34,11/7/2018 7:37,0,98.219.187.29,100,220,1,11/7/2018 7:37,R_3dKgEEHGJUDeqs5,,,,,40.4723053,-79.91320038,anonymous,EN,"1,2,3","2,4,5",,2,,"1,2",,3,,4,,4,"1,2",,5,,2,"1,3",,"1,2",,"2,3",,"1,2",,"1,2",,2,,,,,,,,,,,,,,,,,,,,,,,,,,,,,,,,,,,,,,,,,,,,,,,,,,,,,,,,,,,,,,,,,,,,,,,,,,,,,,,,,,,,,,,,,,,,,,,,,,,,,,,,,,,,,,,,,,,,,,,,,,,,,,,,,,,,,,,,,,,,,,,,,,,,,,,,,,,,,,,,,,,,,,,,,,,,,,,,,,,,,,,,51939,"<span lang=""EN-GB"">Suppose
     you want to watch some video when you are with people you know (e.g.,
     acquaintances, colleagues) at your home.<o:p></o:p></span>"
11/7/2018 7:32,11/7/2018 7:40,0,71.176.116.42,100,502,1,11/7/2018 7:40,R_3saj4YGmpRrNGHU,,,,,43.07339478,-76.05580139,anonymous,EN,"1,2,3,4,6","1,2,5",,"1,2,3",,"1,2",,1,,1,,4,"1,2,3",,3,,1,6,,"2,3",,6,,"2,3",,"1,2,3",,2,,,,,,,,,,,,,,,,,,,,,,,,,,,,,,,,,,,,,,,,,,,,,,,,,,,,,,,,,,,,,,,,,,,,,,,,,,,,,,,,,,,,,,,,,,,,,,,,,,,,,,,,,,,,,,,,,,,,,,,,,,,,,,,,,,,,,,,,,,,,,,,,,,,,,,,,,,,,,,,,,,,,,,,,,,,,,,,,,,,,,,,,62509,"Suppose
     you want to call your mother for sharing an important update about your
     life when you are surrounded by people you
     know (e.g., acquaintances, colleagues) at a restaurant.<o:p></o:p>"
10/31/2018 8:34,10/31/2018 8:35,0,76.104.93.152,78,61,0,11/7/2018 7:41,R_yKn7CioRYVLCBDX,,,,,,,anonymous,EN,"1,2,4",,,,,,,,,,,,,,,,,,,,,,,,,,,,,,,,,,,,,,,,,,,,,,,,,,,,,,,,,,,,,,,,,,,,,,,,,,,,,,,,,,,,,,,,,,,,,,,,,,,,,,,,,,,,,,,,,,,,,,,,,,,,,,,,,,,,,,,,,,,,,,,,,,,,,,,,,,,,,,,,,,,,,,,,,,,,,,,,,,,,,,,,,,,,,,,,,,,,,,,,,,,,,,,,,,,51502,"<span lang=""EN-GB"">Suppose
     you want to listen to some audio when you are with your friends at
     Starbucks.<o:p></o:p></span>"
11/7/2018 7:48,11/7/2018 7:49,0,216.107.42.227,100,16,1,11/7/2018 7:49,R_uagUPG4hKMeyJfX,,,,,37.75100708,-97.8219986,anonymous,EN,1,,,,,,,,,,,,,,,,,,,,,,,,,,,,,,,,,,,,,,,,,,,,,,,,,,,,,,,,,,,,,,,,,,,,,,,,,,,,,,,,,,,,,,,,,,,,,,,,,,,,,,,,,,,,,,,,,,,,,,,,,,,,,,,,,,,,,,,,,,,,,,,,,,,,,,,,,,,,,,,,,,,,,,,,,,,,,,,,,,,,,,,,,,,,,,,,,,,,,,,,,,,,,,,,,,,84235,"<span lang=""EN-GB"">Suppose
     you want to listen to some audio when you are alone at your home.<strong><o:p></o:p></strong></span>"
11/7/2018 7:48,11/7/2018 7:49,0,69.55.114.50,100,15,1,11/7/2018 7:49,R_AgPep4Q8uMB4zlf,,,,,36.38900757,-85.32050323,anonymous,EN,2,,,,,,,,,,,,,,,,,,,,,,,,,,,,,,,,,,,,,,,,,,,,,,,,,,,,,,,,,,,,,,,,,,,,,,,,,,,,,,,,,,,,,,,,,,,,,,,,,,,,,,,,,,,,,,,,,,,,,,,,,,,,,,,,,,,,,,,,,,,,,,,,,,,,,,,,,,,,,,,,,,,,,,,,,,,,,,,,,,,,,,,,,,,,,,,,,,,,,,,,,,,,,,,,,,,31546,"<span lang=""EN-GB"">Suppose you are alone at home, you want to take a break from studying/working&nbsp;</span>so you decide to play an online/digital game."
11/7/2018 7:49,11/7/2018 7:50,0,47.200.6.31,100,9,1,11/7/2018 7:50,R_3sb5dtlq7vTqe9Y,,,,,28.11470032,-82.36779785,anonymous,EN,"2,3",,,,,,,,,,,,,,,,,,,,,,,,,,,,,,,,,,,,,,,,,,,,,,,,,,,,,,,,,,,,,,,,,,,,,,,,,,,,,,,,,,,,,,,,,,,,,,,,,,,,,,,,,,,,,,,,,,,,,,,,,,,,,,,,,,,,,,,,,,,,,,,,,,,,,,,,,,,,,,,,,,,,,,,,,,,,,,,,,,,,,,,,,,,,,,,,,,,,,,,,,,,,,,,,,,,42497,"<span lang=""EN-GB"" style=""font-size:11.0pt;line-height:115%;
font-family:&quot;Arial&quot;,sans-serif;mso-fareast-font-family:Arial;mso-ansi-language:
EN-GB;mso-fareast-language:EN-US;mso-bidi-language:AR-SA"">Suppose you want to a
send an email when you are alone at home</span>"
11/7/2018 7:49,11/7/2018 7:51,0,216.107.42.227,100,118,1,11/7/2018 7:51,R_2tuilDWopHgXHPB,,,,,37.75100708,-97.8219986,anonymous,EN,2,,,,,,,,,,,,,,,,,,,,,,,,,,,,,,,,,,,,,,,,,,,,,,,,,,,,,,,,,,,,,,,,,,,,,,,,,,,,,,,,,,,,,,,,,,,,,,,,,,,,,,,,,,,,,,,,,,,,,,,,,,,,,,,,,,,,,,,,,,,,,,,,,,,,,,,,,,,,,,,,,,,,,,,,,,,,,,,,,,,,,,,,,,,,,,,,,,,,,,,,,,,,,,,,,,,78413,"<span lang=""EN-GB"">Suppose you want to browse the internet when you are at home with people you know (e.g., acquaintances, colleagues).<o:p></o:p></span>"
11/7/2018 7:56,11/7/2018 7:56,0,73.182.209.236,100,13,1,11/7/2018 7:56,R_56B0WB1n1z2vgYh,,,,,41.57609558,-72.50930023,anonymous,EN,"2,3",,,,,,,,,,,,,,,,,,,,,,,,,,,,,,,,,,,,,,,,,,,,,,,,,,,,,,,,,,,,,,,,,,,,,,,,,,,,,,,,,,,,,,,,,,,,,,,,,,,,,,,,,,,,,,,,,,,,,,,,,,,,,,,,,,,,,,,,,,,,,,,,,,,,,,,,,,,,,,,,,,,,,,,,,,,,,,,,,,,,,,,,,,,,,,,,,,,,,,,,,,,,,,,,,,,30125,"<span lang=""EN-GB"">Suppose you have planned to meet a friend next week and you want to put this on your calendar when you are alone at a park<o:p></o:p></span>"
11/7/2018 7:58,11/7/2018 7:58,0,68.99.108.34,100,16,1,11/7/2018 7:58,R_2uOGEPOIwzHsgRo,,,,,36.91679382,-76.28749847,anonymous,EN,"1,2",,,,,,,,,,,,,,,,,,,,,,,,,,,,,,,,,,,,,,,,,,,,,,,,,,,,,,,,,,,,,,,,,,,,,,,,,,,,,,,,,,,,,,,,,,,,,,,,,,,,,,,,,,,,,,,,,,,,,,,,,,,,,,,,,,,,,,,,,,,,,,,,,,,,,,,,,,,,,,,,,,,,,,,,,,,,,,,,,,,,,,,,,,,,,,,,,,,,,,,,,,,,,,,,,,,80683,"<span lang=""EN-GB"">Suppose you have planned to meet a friend next week and you want to&nbsp;put this on your calendar </span><span lang=""EN-GB"">when</span><span lang=""EN-GB""> you are surrounded by people you know (e.g., acquaintances, colleagues) at your home.</span><span lang=""EN-GB""><o:p></o:p></span>"
11/7/2018 7:58,11/7/2018 7:59,0,154.77.54.253,100,32,1,11/7/2018 7:59,R_2cjzu4T3gyZUf7K,,,,,-1.283294678,36.81669617,anonymous,EN,1,,,,,,,,,,,,,,,,,,,,,,,,,,,,,,,,,,,,,,,,,,,,,,,,,,,,,,,,,,,,,,,,,,,,,,,,,,,,,,,,,,,,,,,,,,,,,,,,,,,,,,,,,,,,,,,,,,,,,,,,,,,,,,,,,,,,,,,,,,,,,,,,,,,,,,,,,,,,,,,,,,,,,,,,,,,,,,,,,,,,,,,,,,,,,,,,,,,,,,,,,,,,,,,,,,,76368,"<span lang=""EN-GB"">Suppose
     you want to set up a reminder when you are at home with people you are
     close to (e.g., friends, family members).<strong><o:p></o:p></strong></span>"
10/31/2018 8:57,10/31/2018 8:59,0,76.104.36.52,78,94,0,11/7/2018 7:59,R_ebuvmRu3AgocKkN,,,,,,,anonymous,EN,"1,2,4,6",,,,,,,,,,,,,,,,,,,,,,,,,,,,,,,,,,,,,,,,,,,,,,,,,,,,,,,,,,,,,,,,,,,,,,,,,,,,,,,,,,,,,,,,,,,,,,,,,,,,,,,,,,,,,,,,,,,,,,,,,,,,,,,,,,,,,,,,,,,,,,,,,,,,,,,,,,,,,,,,,,,,,,,,,,,,,,,,,,,,,,,,,,,,,,,,,,,,,,,,,,,,,,,,,,,21307,"<span lang=""EN-GB"">Suppose you want to watch some video when you are alone in a park.<o:p></o:p></span>"
11/7/2018 7:55,11/7/2018 7:59,0,71.82.199.53,100,227,1,11/7/2018 7:59,R_RnltuYf3DOxDvoZ,,,,,43.42480469,-83.97450256,anonymous,EN,"1,2,4",1,,5,,1,,3,,2,,3,2,,3,,1,4,,3,,2,,3,,1,,2,,,,,,,,,,,,,,,,,,,,,,,,,,,,,,,,,,,,,,,,,,,,,,,,,,,,,,,,,,,,,,,,,,,,,,,,,,,,,,,,,,,,,,,,,,,,,,,,,,,,,,,,,,,,,,,,,,,,,,,,,,,,,,,,,,,,,,,,,,,,,,,,,,,,,,,,,,,,,,,,,,,,,,,,,,,,,,,,,,,,,,,,16184,"<span lang=""EN-GB"">Suppose
     you want to find a route to home when you are at Starbucks with your close
     friends.<o:p></o:p></span>"
11/7/2018 7:59,11/7/2018 8:00,0,64.150.142.126,100,94,1,11/7/2018 8:00,R_2WA32AuuMZfi2oe,,,,,33.55070496,-79.05280304,anonymous,EN,"1,2,3,4,5,6",4,,3,,1,,1,,1,,3,1,,2,,2,3,,2,,1,,1,,2,,1,,,,,,,,,,,,,,,,,,,,,,,,,,,,,,,,,,,,,,,,,,,,,,,,,,,,,,,,,,,,,,,,,,,,,,,,,,,,,,,,,,,,,,,,,,,,,,,,,,,,,,,,,,,,,,,,,,,,,,,,,,,,,,,,,,,,,,,,,,,,,,,,,,,,,,,,,,,,,,,,,,,,,,,,,,,,,,,,,,,,,,,,9383,"<span lang=""EN-GB"">Suppose
     you want to a view a text message when you are with a very close friend at
     a restaurant&nbsp;<o:p></o:p></span>"
11/7/2018 8:00,11/7/2018 8:01,0,75.90.180.182,100,16,1,11/7/2018 8:01,R_2VO622LS98nt65B,,,,,29.81350708,-82.47200012,anonymous,EN,"1,2",,,,,,,,,,,,,,,,,,,,,,,,,,,,,,,,,,,,,,,,,,,,,,,,,,,,,,,,,,,,,,,,,,,,,,,,,,,,,,,,,,,,,,,,,,,,,,,,,,,,,,,,,,,,,,,,,,,,,,,,,,,,,,,,,,,,,,,,,,,,,,,,,,,,,,,,,,,,,,,,,,,,,,,,,,,,,,,,,,,,,,,,,,,,,,,,,,,,,,,,,,,,,,,,,,,55123,"<span lang=""EN-GB"">Suppose you are at work with some people you know (e.g., acquaintances, colleagues) when you realize that you have to immediately pay one of your bills online.<o:p></o:p></span>"
11/7/2018 8:00,11/7/2018 8:05,0,76.4.131.119,100,256,1,11/7/2018 8:05,R_2VQsqgUvh10xgVW,,,,,29.25410461,-82.10949707,anonymous,EN,"1,2,3,4,5,6","2,4",,1,,"1,2,3",,1,,1,,1,1,,1,,1,1,,1,,"1,2",,1,,"1,2",,2,,2,,,,,,,,,,,,,,,,,,,,,,,,,,,,,,"1,2",,1,,1,,1,,1,,"1,2",1,,"1,2",,"1,2",,1,,"1,2,3,4",,1,,1,,"1,2",,"1,2",,,,,,,,,,,,,,,,,,,,,,,,,,,,,,,,,,,,,,,,,,,,,,,,,,,,,,,,,,,,,,,,,,,,,,,,,,,,,,,,,,,,,,,,,,,,,,,,,,,,,,,,,,,,,,,,,,,,,,,,,,,,,8716,"<span lang=""EN-GB"">Suppose
     you want to watch some video when you are with people you know (e.g.,
     acquaintances, colleagues) in a park.<o:p></o:p></span>"
11/7/2018 7:57,11/7/2018 8:06,0,99.194.178.88,100,556,1,11/7/2018 8:06,R_YVWWJKbdiYja1sR,,,,,30.47520447,-87.69920349,anonymous,EN,"1,2,3,4,5","1,2,3,4,5",,"1,2,3",,"1,2,3,4",,1,,1,,4,"1,2,3",,"1,2,3",,"2,3","1,2,3",,"1,2,3",,"3,6",,"1,2,3",,"1,2,3",,1,,,,,,,,,,,,,,,,,,,,,,,,,,,,,,,,,,,,,,,,,,,,,,,,,,,,,,,,,,,,,,,,,,,,,,,,,,,,,,,,,,,,,,,,,,,,,,,,,,,,,,,,,,,,,,,,,,,,,,,,,,,,,,,,,,,,,,,,,,,,,,,,,,,,,,,,,,,,,,,,,,,,,,,,,,,,,,,,,,,,,,,,18408,"<span lang=""EN-GB"">Suppose you want to call your mother for sharing an important
     update about your life when you are surrounded by people you know (e.g.,
     acquaintances, colleagues) at your home.<o:p></o:p></span>"
11/7/2018 8:02,11/7/2018 8:12,0,98.115.181.61,100,571,1,11/7/2018 8:12,R_2QAsExv7cKpChZG,,,,,39.98429871,-75.82530212,anonymous,EN,"1,2,3","2,4",,5,,"1,2,3",,3,,1,,2,2,,5,,2,2,,2,,3,,2,,5,,4,,2,,,,,,,,,,,,,,,,,,,,,,,,,,,,,,"2,5",,5,,"1,3",,1,,2,,2,"1,2",,5,,5,,6,,3,,2,,3,,5,,4,,,,,,,,,,,,,,,,,,,,,,,,,,,,,,,,,,,,,,,,,,,,,,,,,,,,,,,,,,,,,,,,,,,,,,,,,,,,,,,,,,,,,,,,,,,,,,,,,,,,,,,,,,,,,,,,,,,,,,female,51,graphic designer,2,1,,3,44013,"Suppose you want to purchase something (e.g., book,
     household items) online when you are with people
     you know (e.g., acquaintances, colleagues) at
     Starbucks.<o:p></o:p>"
11/7/2018 7:56,11/7/2018 8:13,0,70.91.231.129,100,992,1,11/7/2018 8:13,R_2SDk3s81FmnkfTL,,,,,42.51899719,-83.15699768,anonymous,EN,"1,2,3,4,5","1,2,4",,"2,3",,6,,3,,6,,2,"1,2,3",,"2,3",,"1,3","1,3,4",,"1,2",,"2,6",,"1,2",,"1,2",,"1,2",,,,,,,,,,,,,,,,,,,,,,,,,,,,,,,,,,,,,,,,,,,,,,,,,,,,,,,,,,,,,,,,,,,,,,,,,,,,,,,,,,,,,,,,,,,,,,,,,,,,,,,,,,,,,,,,,,,,,,,,,,,,,,,,,,,,,,,,,,,,,,,,,,,,,,,,,,,,,,,,,,,,,,,,,,,,,,,,,,,,,,,,13930,"<span lang=""EN-GB"">Suppose
     you want to purchase something online when you are with people you are
     close to (e.g., friends, family members) at home.<o:p></o:p></span>"
11/7/2018 8:17,11/7/2018 8:18,0,96.92.212.73,100,33,1,11/7/2018 8:18,R_2QZ1RnKgyXClPGo,,,,,42.1598053,-87.96440125,anonymous,EN,"1,2",,,,,,,,,,,,,,,,,,,,,,,,,,,,,,,,,,,,,,,,,,,,,,,,,,,,,,,,,,,,,,,,,,,,,,,,,,,,,,,,,,,,,,,,,,,,,,,,,,,,,,,,,,,,,,,,,,,,,,,,,,,,,,,,,,,,,,,,,,,,,,,,,,,,,,,,,,,,,,,,,,,,,,,,,,,,,,,,,,,,,,,,,,,,,,,,,,,,,,,,,,,,,,,,,,,37848,"<span lang=""EN-GB"">Suppose you have planned to meet a friend next week and you want to put this on your calendar when you are alone at Starbucks.<o:p></o:p></span>"
11/7/2018 8:09,11/7/2018 8:18,0,174.104.109.30,100,504,1,11/7/2018 8:18,R_2ZZEXZatv9CCwRW,,,,,41.14489746,-81.34980011,anonymous,EN,"1,2,3,4","2,4",,1,,"1,3",,1,,1,,3,"1,2",,5,,3,"2,3",,2,,3,,2,,"1,2",,1,,2,,,,,,,,,,,,,,,,,,,,,,,,,,,,,,"2,5",,1,,"1,2,3",,1,,2,,3,1,,1,,5,,3,,3,,2,,3,,1,,4,,,,,,,,,,,,,,,,,,,,,,,,,,,,,,,,,,,,,,,,,,,,,,,,,,,,,,,,,,,,,,,,,,,,,,,,,,,,,,,,,,,,,,,,,,,,,,,,,,,,,,,,,,,,,,,,,,,,,,,,,,,,,91974,"<span lang=""EN-GB"">Suppose you want to set up a reminder about something when you are at Starbucks with close friends.<o:p></o:p></span>"
11/4/2018 11:55,11/7/2018 8:21,0,73.139.19.187,100,246316,1,11/7/2018 8:21,R_1CCoYsGRZMOMNh9,,,,,25.60620117,-80.34259796,anonymous,EN,"4,5",,,,,,,,,,,,,,,,,,,,,,,,,,,,,,,,,,,,,,,,,,,,,,,,,,,,,,,,,,,,,,,,,,,,,,,,,,,,,,,,,,,,,,,,,,,,,,,,,,,,,,,,,,,,,,,,,,,,,,,,,,,,,,,,,,,,,,,,,,,,,,,,,,,,,,,,,,,,,,,,,,,,,,,,,,,,,,,,,,,,,,,,,,,,,,,,,,,,,,,,,,,,,,,,,,,20070,"<span lang=""EN-GB"">Suppose you want to find a route to home while walking on a street with your close friends.<o:p></o:p></span>"
11/7/2018 8:15,11/7/2018 8:21,0,98.67.109.109,100,397,1,11/7/2018 8:21,R_emM4URWxyP8AsAV,,,,,34.77890015,-86.54380035,anonymous,EN,"1,2,3,4,5","1,2,3,4,5",,"1,2,3",,"1,2,3,4",,1,,1,,1,"1,2,3",,"1,2,3",,3,"1,2,4",,"1,2,3",,"2,3",,"1,2,3",,"1,2,3",,"1,2",,,,,,,,,,,,,,,,,,,,,,,,,,,,,,,,,,,,,,,,,,,,,,,,,,,,,,,,,,,,,,,,,,,,,,,,,,,,,,,,,,,,,,,,,,,,,,,,,,,,,,,,,,,,,,,,,,,,,,,,,,,,,,,,,,,,,,,,,,,,,,,,,,,,,,,,,,,,,,,,,,,,,,,,,,,,,,,,,,,,,,,,47641,"<span lang=""EN-GB"">Suppose
     you want to a send a text message when you with people you know (e.g., acquaintances,
     colleagues) at a street<strong>.</strong><o:p></o:p></span>"
11/7/2018 8:13,11/7/2018 8:22,0,24.162.110.32,100,560,1,11/7/2018 8:22,R_2bN7BXOw9Q28jZC,,,,,31.07099915,-97.38980103,anonymous,EN,"2,3,4",2,,1,,1,,1,,1,,3,3,,2,,1,3,,2,,4,,2,,1,,2,,,,,,,,,,,,,,,,,,,,,,,,,,,,,,,,,,,,,,,,,,,,,,,,,,,,,,,,,,,,,,,,,,,,,,,,,,,,,,,,,,,,,,,,,,,,,,,,,,,,,,,,,,,,,,,,,,,,,,,,,,,,,,,,,,,,,,,,,,,,,,,,,,,,,,,,,,,,,,,,,,,,,,,,,,,,,,,,,,,,,,,,80134,"<span lang=""EN-GB"">Suppose you want to call your mother for sharing an important
     update about your life&nbsp; when you
     with people you know (e.g., acquaintances, colleagues) at a park<o:p></o:p></span>"
11/7/2018 8:23,11/7/2018 8:23,0,72.209.17.198,100,33,1,11/7/2018 8:23,R_1MZcVh0lBJVfXxx,,,,,41.7776947,-72.5243988,anonymous,EN,"2,3",,,,,,,,,,,,,,,,,,,,,,,,,,,,,,,,,,,,,,,,,,,,,,,,,,,,,,,,,,,,,,,,,,,,,,,,,,,,,,,,,,,,,,,,,,,,,,,,,,,,,,,,,,,,,,,,,,,,,,,,,,,,,,,,,,,,,,,,,,,,,,,,,,,,,,,,,,,,,,,,,,,,,,,,,,,,,,,,,,,,,,,,,,,,,,,,,,,,,,,,,,,,,,,,,,,16868,"<span lang=""EN-GB"">Suppose you want to browse the internet when you are with people you know (e.g., acquaintances, colleagues) at a park.<o:p></o:p></span>"
11/7/2018 8:24,11/7/2018 8:24,0,143.199.125.10,100,10,1,11/7/2018 8:24,R_BQVclb0pDtgReG5,,,,,39.48950195,-104.8447037,anonymous,EN,"1,2",,,,,,,,,,,,,,,,,,,,,,,,,,,,,,,,,,,,,,,,,,,,,,,,,,,,,,,,,,,,,,,,,,,,,,,,,,,,,,,,,,,,,,,,,,,,,,,,,,,,,,,,,,,,,,,,,,,,,,,,,,,,,,,,,,,,,,,,,,,,,,,,,,,,,,,,,,,,,,,,,,,,,,,,,,,,,,,,,,,,,,,,,,,,,,,,,,,,,,,,,,,,,,,,,,,50559,"<span lang=""EN-GB"">Suppose you want to watch some video when you are alone in a park.<o:p></o:p></span>"
11/7/2018 8:25,11/7/2018 8:25,0,99.20.113.89,100,19,1,11/7/2018 8:25,R_2wSs3mfMk5rs0e2,,,,,29.13830566,-80.99559784,anonymous,EN,1,,,,,,,,,,,,,,,,,,,,,,,,,,,,,,,,,,,,,,,,,,,,,,,,,,,,,,,,,,,,,,,,,,,,,,,,,,,,,,,,,,,,,,,,,,,,,,,,,,,,,,,,,,,,,,,,,,,,,,,,,,,,,,,,,,,,,,,,,,,,,,,,,,,,,,,,,,,,,,,,,,,,,,,,,,,,,,,,,,,,,,,,,,,,,,,,,,,,,,,,,,,,,,,,,,,21113,"<span lang=""EN-GB"">Suppose
     you want to set up a reminder when you with people you know (e.g.,
     acquaintances, colleagues) at a park.<o:p></o:p></span>"
11/7/2018 8:25,11/7/2018 8:25,0,104.60.117.36,100,28,1,11/7/2018 8:25,R_3IVLCfVIeQFetOn,,,,,37.11360168,-93.28959656,anonymous,EN,"1,2",,,,,,,,,,,,,,,,,,,,,,,,,,,,,,,,,,,,,,,,,,,,,,,,,,,,,,,,,,,,,,,,,,,,,,,,,,,,,,,,,,,,,,,,,,,,,,,,,,,,,,,,,,,,,,,,,,,,,,,,,,,,,,,,,,,,,,,,,,,,,,,,,,,,,,,,,,,,,,,,,,,,,,,,,,,,,,,,,,,,,,,,,,,,,,,,,,,,,,,,,,,,,,,,,,,99953,"<span lang=""EN-GB"">Suppose you want to take a click a photo when you are with your close friends&nbsp;</span>and family members at Starbucks"
11/7/2018 8:22,11/7/2018 8:26,0,69.73.61.226,100,193,1,11/7/2018 8:26,R_31YnuDO7E78GyUG,,,,,34.71080017,-86.74250031,anonymous,EN,"1,2,3,4,5","1,2",,"1,2",,"1,2",,1,,1,,3,"1,2,3",,3,,2,2,,"2,3",,"2,3",,2,,"1,2,3",,2,,,,,,,,,,,,,,,,,,,,,,,,,,,,,,,,,,,,,,,,,,,,,,,,,,,,,,,,,,,,,,,,,,,,,,,,,,,,,,,,,,,,,,,,,,,,,,,,,,,,,,,,,,,,,,,,,,,,,,,,,,,,,,,,,,,,,,,,,,,,,,,,,,,,,,,,,,,,,,,,,,,,,,,,,,,,,,,,,,,,,,,,27432,"<span lang=""EN-GB"">Suppose
     you want to purchase something online when you are with people you know
     (e.g., acquaintances, colleagues) at your home.<o:p></o:p></span>"
11/7/2018 8:24,11/7/2018 8:26,0,65.213.86.26,100,121,1,11/7/2018 8:26,R_1joKc05QOwG91uQ,,,,,40.80110168,-73.93710327,anonymous,EN,"1,2,3,4","2,4,5",,"1,2,3",,"1,2,3,4",,1,,3,,"1,2","1,2,3",,"1,2,3",,"1,2,3",2,,"1,2",,"1,2,3",,"1,2",,"1,2,3",,"1,2",,,,,,,,,,,,,,,,,,,,,,,,,,,,,,,,,,,,,,,,,,,,,,,,,,,,,,,,,,,,,,,,,,,,,,,,,,,,,,,,,,,,,,,,,,,,,,,,,,,,,,,,,,,,,,,,,,,,,,,,,,,,,,,,,,,,,,,,,,,,,,,,,,,,,,,,,,,,,,,,,,,,,,,,,,,,,,,,,,,,,,,,65768,"<span lang=""EN-GB"">Suppose you want to watch some video when you are with your close friends at Starbucks.<o:p></o:p></span>"
11/7/2018 7:58,11/7/2018 8:27,0,143.166.255.112,100,1757,1,11/7/2018 8:27,R_27jPGl5kCcWixLb,,,,,30.51449585,-97.66799927,anonymous,EN,"1,2,3,4,5,6","2,5",,1,,"1,2,3",,1,,1,,"2,3","1,2",,"2,3",,"2,3","1,2,3,4",,"1,2",,"1,3,4",,"1,2",,"1,3",,"1,2",,"1,2,4","2,4",,"1,3",,"1,2,3",,1,,2,,"2,3","1,2,3",,"2,3",,"2,3",,"1,2,3",,"1,2,4",,"2,3",,"3,4",,"1,2,3",,"1,2",,"2,5",,1,,"1,2,3",,1,,2,,"2,3","2,3",,"1,2,3",,2,,3,,1,,2,,"1,3,4",,"1,2,3",,"1,2",,,,,,,,,,,,,,,,,,,,,,,,,,,,,,,"2,3,4,5",,1,,"1,2,3",,1,,2,,"2,3","2,3",,"2,3",,2,,"1,2,3",,"1,3",,2,,"1,3,4",,"1,2,3",,"1,2",,,,,,,,,,,,,,,,,,,,,,,,,,,,,,,,,,,,,,,,,,,,,,,,,,,,,,,,,,,,,,,,,,,94078,"<span lang=""EN-GB"">Suppose
     you want to watch some video when you are with your close friends in a
     park.<o:p></o:p></span>"
10/31/2018 9:18,10/31/2018 9:28,0,100.37.57.182,88,604,0,11/7/2018 8:29,R_3DUY1CdbUfHI5qh,,,,,,,anonymous,EN,"1,2,3,4","2,4",,3,,"2,3",,3,,1,,"2,3",3,,2,,"2,3",2,,2,,3,,2,,2,,4,,"1,3",,,,,,,,,,,,,,,,,,,,,,,,,,,,,,,,,,,,,,,,,,,,,,,,,,,,,,,,,,,,,,,,,,,,,,,,,,,,,,,,,,,,,,,,,,,,,,,,,,,,,,,,,,,,,,,,,,,,,,,,,,,,,,,,,,,,,,,,,,,,,,,,,,,,,,,,,,,,,,,,,,,,,,,,,,,,,,,,,,,,,,55226,"Suppose you are alone at home, you want to take a break from studying/working&nbsp;<p>so you decide to play a video game with some with some people you know (e.g., acquaintances, colleagues).<o:p></o:p></p>"
11/7/2018 8:31,11/7/2018 8:31,0,107.175.34.162,100,14,1,11/7/2018 8:31,R_2ydNG6mGl58JaVG,,,,,42.88639832,-78.87809753,anonymous,EN,3,,,,,,,,,,,,,,,,,,,,,,,,,,,,,,,,,,,,,,,,,,,,,,,,,,,,,,,,,,,,,,,,,,,,,,,,,,,,,,,,,,,,,,,,,,,,,,,,,,,,,,,,,,,,,,,,,,,,,,,,,,,,,,,,,,,,,,,,,,,,,,,,,,,,,,,,,,,,,,,,,,,,,,,,,,,,,,,,,,,,,,,,,,,,,,,,,,,,,,,,,,,,,,,,,,,51805,"<span lang=""EN-GB"" style=""font-size:11.0pt;line-height:115%;
font-family:&quot;Arial&quot;,sans-serif;mso-fareast-font-family:Arial;mso-ansi-language:
EN-GB;mso-fareast-language:EN-US;mso-bidi-language:AR-SA"">Suppose you want to a
send an email when you are at Starbucks.</span>"
11/5/2018 7:51,11/7/2018 8:35,0,107.175.34.162,100,175411,1,11/7/2018 8:35,R_z8amoLkyZQnfHRD,,,,,42.88639832,-78.87809753,anonymous,EN,2,,,,,,,,,,,,,,,,,,,,,,,,,,,,,,,,,,,,,,,,,,,,,,,,,,,,,,,,,,,,,,,,,,,,,,,,,,,,,,,,,,,,,,,,,,,,,,,,,,,,,,,,,,,,,,,,,,,,,,,,,,,,,,,,,,,,,,,,,,,,,,,,,,,,,,,,,,,,,,,,,,,,,,,,,,,,,,,,,,,,,,,,,,,,,,,,,,,,,,,,,,,,,,,,,,,92861,"<span lang=""EN-GB"">Suppose
     you want to set up a reminder when you with people you know (e.g.,
     acquaintances, colleagues) at a park.<o:p></o:p></span>"
11/7/2018 8:35,11/7/2018 8:35,0,107.175.34.162,100,13,1,11/7/2018 8:35,R_p0p2ZMWCaf64jlv,,,,,42.88639832,-78.87809753,anonymous,EN,"1,6",,,,,,,,,,,,,,,,,,,,,,,,,,,,,,,,,,,,,,,,,,,,,,,,,,,,,,,,,,,,,,,,,,,,,,,,,,,,,,,,,,,,,,,,,,,,,,,,,,,,,,,,,,,,,,,,,,,,,,,,,,,,,,,,,,,,,,,,,,,,,,,,,,,,,,,,,,,,,,,,,,,,,,,,,,,,,,,,,,,,,,,,,,,,,,,,,,,,,,,,,,,,,,,,,,,96725,"<span lang=""EN-GB"">Suppose you have planned to meet a friend next week and you want to put this on your calendar when you are surrounded by people you know (e.g., acquaintances, colleagues) at a restaurant.<o:p></o:p></span>"
11/7/2018 8:36,11/7/2018 8:36,0,64.239.192.71,100,7,1,11/7/2018 8:36,R_1pVD9FY312osdrj,,,,,32.6322937,-93.28859711,anonymous,EN,1,,,,,,,,,,,,,,,,,,,,,,,,,,,,,,,,,,,,,,,,,,,,,,,,,,,,,,,,,,,,,,,,,,,,,,,,,,,,,,,,,,,,,,,,,,,,,,,,,,,,,,,,,,,,,,,,,,,,,,,,,,,,,,,,,,,,,,,,,,,,,,,,,,,,,,,,,,,,,,,,,,,,,,,,,,,,,,,,,,,,,,,,,,,,,,,,,,,,,,,,,,,,,,,,,,,18181,"<span lang=""EN-GB"">Suppose
     you want to purchase something (e.g., book, household items) online when
     you are with your close friends at a park.<o:p></o:p></span>"
10/31/2018 9:37,10/31/2018 9:37,0,47.220.158.46,78,35,0,11/7/2018 8:37,R_1rNSDR4pKBfBwHV,,,,,,,anonymous,EN,"1,2,3,4",,,,,,,,,,,,,,,,,,,,,,,,,,,,,,,,,,,,,,,,,,,,,,,,,,,,,,,,,,,,,,,,,,,,,,,,,,,,,,,,,,,,,,,,,,,,,,,,,,,,,,,,,,,,,,,,,,,,,,,,,,,,,,,,,,,,,,,,,,,,,,,,,,,,,,,,,,,,,,,,,,,,,,,,,,,,,,,,,,,,,,,,,,,,,,,,,,,,,,,,,,,,,,,,,,,82531,"<span lang=""EN-GB"">Suppose you want to read a digital document when you are in a park surrounded by your close friends.<o:p></o:p></span>"
11/5/2018 11:06,11/7/2018 8:39,0,107.77.202.138,100,163958,1,11/7/2018 8:39,R_1Gvwnn1skA9vtix,,,,,38.99960327,-76.88400269,anonymous,EN,"1,2,4",2,,5,,4,,1,,1,,"1,2,3",2,,3,,4,"2,4",,2,,2,,2,,3,,2,,,,,,,,,,,,,,,,,,,,,,,,,,,,,,,,,,,,,,,,,,,,,,,,,,,,,,,,,,,,,,,,,,,,,,,,,,,,,,,,,,,,,,,,,,,,,,,,,,,,,,,,,,,,,,,,,,,,,,,,,,,,,,,,,,,,,,,,,,,,,,,,,,,,,,,,,,,,,,,,,,,,,,,,,,,,,,,,,,,,,,,,38968,"Suppose you want to find a route to a coffee shop
     when you are at home with your by your colleagues<o:p></o:p>"
11/7/2018 8:34,11/7/2018 8:40,0,128.206.173.254,100,358,1,11/7/2018 8:40,R_2aCSeFSOe9MG4NA,,,,,38.95170593,-92.33409882,anonymous,EN,"1,2,3,6","2,3",,3,,"1,2,3",,1,,"1,3,4",,"2,3","1,2,3",,"2,3",,"2,3","1,3",,2,,"3,4",,3,,"1,2,3",,2,,,,,,,,,,,,,,,,,,,,,,,,,,,,,,,,,,,,,,,,,,,,,,,,,,,,,,,,,,,,,,,,,,,,,,,,,,,,,,,,,,,,,,,,,,,,,,,,,,,,,,,,,,,,,,,,,,,,,,,,,,,,,,,,,,,,,,,,,,,,,,,,,,,,,,,,,,,,,,,,,,,,,,,,,,,,,,,,,,,,,,,,91001,"<span lang=""EN-GB"">Suppose you are at a coffee shop, you have just read a book you loved and now&nbsp;</span>you want to write a review for it to share with your close family and friends."
11/7/2018 8:39,11/7/2018 8:40,0,68.230.206.160,100,60,1,11/7/2018 8:40,R_2tm8cjk5okXBuEf,,,,,36.76339722,-76.33969879,anonymous,EN,1,,,,,,,,,,,,,,,,,,,,,,,,,,,,,,,,,,,,,,,,,,,,,,,,,,,,,,,,,,,,,,,,,,,,,,,,,,,,,,,,,,,,,,,,,,,,,,,,,,,,,,,,,,,,,,,,,,,,,,,,,,,,,,,,,,,,,,,,,,,,,,,,,,,,,,,,,,,,,,,,,,,,,,,,,,,,,,,,,,,,,,,,,,,,,,,,,,,,,,,,,,,,,,,,,,,20572,"<span lang=""EN-GB"">Suppose you are on a short vacation alone and you want to take a picture in front&nbsp;</span>of an iconic monument."
11/7/2018 8:39,11/7/2018 8:41,0,148.87.23.7,100,135,1,11/7/2018 8:41,R_1pMRPqfVhxtJWaW,,,,,37.37640381,-122.0238037,anonymous,EN,"1,2,3,4,5,6",2,,2,,"1,2",,1,,1,,1,3,,2,,1,1,,2,,2,,2,,1,,2,,2,,,,,,,,,,,,,,,,,,,,,,,,,,,,,,"2,3",,1,,"1,3",,1,,1,,4,2,,"1,2",,2,,"1,2",,"2,4",,2,,1,,2,,2,,,,,,,,,,,,,,,,,,,,,,,,,,,,,,,,,,,,,,,,,,,,,,,,,,,,,,,,,,,,,,,,,,,,,,,,,,,,,,,,,,,,,,,,,,,,,,,,,,,,,,,,,,,,,,,,,,,,,,,,,,,,,28348,"<span lang=""EN-GB"">Suppose you want to listen to some audio when you are alone in a park.<o:p></o:p></span>"
11/7/2018 8:42,11/7/2018 8:43,0,98.168.128.80,100,87,1,11/7/2018 8:43,R_vYU5rHf2PvhonMR,,,,,35.62150574,-97.47329712,anonymous,EN,"1,2,3,4","1,2,3,4,5",,"2,3",,"2,3",,1,,2,,2,2,,"2,3",,2,"2,3",,5,,"3,4",,3,,"1,2,3",,4,,,,,,,,,,,,,,,,,,,,,,,,,,,,,,,,,,,,,,,,,,,,,,,,,,,,,,,,,,,,,,,,,,,,,,,,,,,,,,,,,,,,,,,,,,,,,,,,,,,,,,,,,,,,,,,,,,,,,,,,,,,,,,,,,,,,,,,,,,,,,,,,,,,,,,,,,,,,,,,,,,,,,,,,,,,,,,,,,,,,,,,,70099,"<span lang=""EN-GB"">Suppose
     you want to set up a reminder when you are with people you know (e.g.,
     acquaintances, colleagues) at your home.<o:p></o:p></span>"
10/31/2018 9:42,10/31/2018 9:44,0,76.127.93.162,78,164,0,11/7/2018 8:45,R_30qNGx2OlWd6jmI,,,,,,,anonymous,EN,"1,2,4",,,,,,,,,,,,,,,,,,,,,,,,,,,,,,,,,,,,,,,,,,,,,,,,,,,,,,,,,,,,,,,,,,,,,,,,,,,,,,,,,,,,,,,,,,,,,,,,,,,,,,,,,,,,,,,,,,,,,,,,,,,,,,,,,,,,,,,,,,,,,,,,,,,,,,,,,,,,,,,,,,,,,,,,,,,,,,,,,,,,,,,,,,,,,,,,,,,,,,,,,,,,,,,,,,,28761,"<span lang=""EN-GB"">Suppose
     you want to a send an email when you are walking on a street with people
     you know (e.g., acquaintances, colleagues)<strong>.</strong><o:p></o:p></span>"
10/31/2018 9:20,10/31/2018 9:45,0,173.91.143.161,88,1486,0,11/7/2018 8:46,R_vk1bD0vNsRaibOF,,,,,,,anonymous,EN,"1,2,3,4,6","2,3,5",,1,,1,,1,,1,,1,1,,1,,1,"1,2",,1,,"3,4",,1,,1,,2,,"2,6",,,,,,,,,,,,,,,,,,,,,,,,,,,,,,,,,,,,,,,,,,,,,,,,,,,,,,,,,,,,,,,,,,,,,,,,,,,,,,,,,,,,,,,,,,,,,,,,,,,,,,,,,,,,,,,,,,,,,,,,,,,,,,,,,,,,,,,,,,,,,,,,,,,,,,,,,,,,,,,,,,,,,,,,,,,,,,,,,,,,,,96319,"<span lang=""EN-GB"">Suppose you want to browse the internet when you are with people you know (e.g., acquaintances, colleagues) at a restaurant.<o:p></o:p></span>"
11/7/2018 8:45,11/7/2018 8:48,0,68.96.22.87,100,178,1,11/7/2018 8:48,R_aeYK33jSAG7FYmR,,,,,41.26420593,-96.12059784,anonymous,EN,"2,3,4,5",5,,1,,1,,1,,6,,4,2,,5,,4,6,,2,,"1,3",,5,,1,,1,,,,,,,,,,,,,,,,,,,,,,,,,,,,,,,,,,,,,,,,,,,,,,,,,,,,,,,,,,,,,,,,,,,,,,,,,,,,,,,,,,,,,,,,,,,,,,,,,,,,,,,,,,,,,,,,,,,,,,,,,,,,,,,,,,,,,,,,,,,,,,,,,,,,,,,,,,,,,,,,,,,,,,,,,,,,,,,,,,,,,,,,80176,"<span lang=""EN-GB"">Suppose
     you want to watch some video when you are alone at Starbucks.<o:p></o:p></span>"
11/7/2018 8:49,11/7/2018 8:49,0,173.18.87.107,100,11,1,11/7/2018 8:49,R_1E4Hm5cyujDhjjQ,,,,,41.59300232,-93.85919952,anonymous,EN,"1,2",,,,,,,,,,,,,,,,,,,,,,,,,,,,,,,,,,,,,,,,,,,,,,,,,,,,,,,,,,,,,,,,,,,,,,,,,,,,,,,,,,,,,,,,,,,,,,,,,,,,,,,,,,,,,,,,,,,,,,,,,,,,,,,,,,,,,,,,,,,,,,,,,,,,,,,,,,,,,,,,,,,,,,,,,,,,,,,,,,,,,,,,,,,,,,,,,,,,,,,,,,,,,,,,,,,80107,"<span lang=""EN-GB"">Suppose you have planned to meet a friend next week and you want to&nbsp;put this on your calendar </span><span lang=""EN-GB"">when</span><span lang=""EN-GB""> you are surrounded by people you know (e.g., acquaintances, colleagues) at your home.</span><span lang=""EN-GB""><o:p></o:p></span>"
10/31/2018 9:48,10/31/2018 9:53,0,199.19.252.40,88,335,0,11/7/2018 8:54,R_1ibpfk7hWgowK9n,,,,,,,anonymous,EN,"1,2,4,5,6","1,2,3,4,5",,"1,2,3",,"1,2,3,4",,1,,1,,"2,3","1,2,3",,"1,2,3",,"2,3","1,2",,"1,2,3",,"1,2,3,4,6",,"1,2,3",,"1,2,3",,2,,"2,6",,,,,,,,,,,,,,,,,,,,,,,,,,,,,,,,,,,,,,,,,,,,,,,,,,,,,,,,,,,,,,,,,,,,,,,,,,,,,,,,,,,,,,,,,,,,,,,,,,,,,,,,,,,,,,,,,,,,,,,,,,,,,,,,,,,,,,,,,,,,,,,,,,,,,,,,,,,,,,,,,,,,,,,,,,,,,,,,,,,,,,48397,"<span lang=""EN-GB"" style=""font-size:11.0pt;line-height:115%;
font-family:&quot;Arial&quot;,sans-serif;mso-fareast-font-family:Arial;mso-ansi-language:
EN-GB;mso-fareast-language:EN-US;mso-bidi-language:AR-SA"">Suppose you want to a
send a text message when you are alone at Starbucks.</span>"
11/7/2018 8:53,11/7/2018 8:57,0,72.186.185.81,100,201,1,11/7/2018 8:57,R_ZESk8w00X7NeZgd,,,,,28.07629395,-82.48519897,anonymous,EN,"1,2,3,4",2,,1,,3,,1,,2,,2,2,,2,,3,3,,2,,4,,2,,1,,2,,,,,,,,,,,,,,,,,,,,,,,,,,,,,,,,,,,,,,,,,,,,,,,,,,,,,,,,,,,,,,,,,,,,,,,,,,,,,,,,,,,,,,,,,,,,,,,,,,,,,,,,,,,,,,,,,,,,,,,,,,,,,,,,,,,,,,,,,,,,,,,,,,,,,,,,,,,,,,,,,,,,,,,,,,,,,,,,,,,,,,,,77302,"<span lang=""EN-GB"">Suppose
     you want to listen to some audio when you are with your close friends in a
     park.<o:p></o:p></span>"
11/7/2018 8:57,11/7/2018 8:58,0,98.7.39.56,100,95,1,11/7/2018 8:58,R_1LtVSjkuoQQCEia,,,,,40.77630615,-73.95290375,anonymous,EN,"1,2,3,4,6",5,,1,,2,,1,,1,,4,5,,5,,4,6,,5,,7,,1,,"1,3",,4,,,,,,,,,,,,,,,,,,,,,,,,,,,,,,,,,,,,,,,,,,,,,,,,,,,,,,,,,,,,,,,,,,,,,,,,,,,,,,,,,,,,,,,,,,,,,,,,,,,,,,,,,,,,,,,,,,,,,,,,,,,,,,,,,,,,,,,,,,,,,,,,,,,,,,,,,,,,,,,,,,,,,,,,,,,,,,,,,,,,,,,,54343,"<span lang=""EN-GB"">Suppose
     you want to a send an email when you are walking on a street.<o:p></o:p></span>"
11/7/2018 9:01,11/7/2018 9:03,0,65.34.112.177,100,149,1,11/7/2018 9:03,R_2EuBE2aEU2D9oor,,,,,30.61430359,-87.32510376,anonymous,EN,"1,2,3,5","1,2",,"1,2",,"1,2",,1,,1,,1,"1,2,3",,"1,2,3",,1,"3,4",,"1,2,3",,"2,3,4",,"1,2",,3,,1,,,,,,,,,,,,,,,,,,,,,,,,,,,,,,,,,,,,,,,,,,,,,,,,,,,,,,,,,,,,,,,,,,,,,,,,,,,,,,,,,,,,,,,,,,,,,,,,,,,,,,,,,,,,,,,,,,,,,,,,,,,,,,,,,,,,,,,,,,,,,,,,,,,,,,,,,,,,,,,,,,,,,,,,,,,,,,,,,,,,,,,,37734,"<span lang=""EN-GB"">Suppose
     you want to watch some video when you are with your close friends in a
     park.<o:p></o:p></span>"
11/7/2018 9:03,11/7/2018 9:05,0,68.119.208.25,100,131,1,11/7/2018 9:05,R_2VQoRruv2n6j0Yl,,,,,35.71260071,-82.54910278,anonymous,EN,"2,3,4",2,,"1,2,3",,"1,2,3,4",,1,,3,,2,"1,2,3",,1,,2,4,,"1,3",,"1,2,3",,"1,2,3",,"1,2,3",,"1,2",,,,,,,,,,,,,,,,,,,,,,,,,,,,,,,,,,,,,,,,,,,,,,,,,,,,,,,,,,,,,,,,,,,,,,,,,,,,,,,,,,,,,,,,,,,,,,,,,,,,,,,,,,,,,,,,,,,,,,,,,,,,,,,,,,,,,,,,,,,,,,,,,,,,,,,,,,,,,,,,,,,,,,,,,,,,,,,,,,,,,,,,81940,"<span lang=""EN-GB"">Suppose
     you want to listen to some audio when you are with people you know (e.g.,
     acquaintances, colleagues) in a park.<o:p></o:p></span>


<p><span lang=""EN-GB"" style=""color:red"">&nbsp;</span></p>"
11/7/2018 9:08,11/7/2018 9:08,0,135.84.167.186,100,13,1,11/7/2018 9:08,R_5bgJqwIVSpMVapj,,,,,38.90139771,-77.05039978,anonymous,EN,"1,2",,,,,,,,,,,,,,,,,,,,,,,,,,,,,,,,,,,,,,,,,,,,,,,,,,,,,,,,,,,,,,,,,,,,,,,,,,,,,,,,,,,,,,,,,,,,,,,,,,,,,,,,,,,,,,,,,,,,,,,,,,,,,,,,,,,,,,,,,,,,,,,,,,,,,,,,,,,,,,,,,,,,,,,,,,,,,,,,,,,,,,,,,,,,,,,,,,,,,,,,,,,,,,,,,,,20316,"<span lang=""EN-GB"">Suppose you want to browse the internet when you are with people you know (e.g., acquaintances, colleagues) at a restaurant.<o:p></o:p></span>"
10/31/2018 10:09,10/31/2018 10:09,0,47.149.20.170,78,20,0,11/7/2018 9:09,R_3g5D3KOgvYSdiZu,,,,,,,anonymous,EN,"1,2,3,4,5",,,,,,,,,,,,,,,,,,,,,,,,,,,,,,,,,,,,,,,,,,,,,,,,,,,,,,,,,,,,,,,,,,,,,,,,,,,,,,,,,,,,,,,,,,,,,,,,,,,,,,,,,,,,,,,,,,,,,,,,,,,,,,,,,,,,,,,,,,,,,,,,,,,,,,,,,,,,,,,,,,,,,,,,,,,,,,,,,,,,,,,,,,,,,,,,,,,,,,,,,,,,,,,,,,,52201,"<span lang=""EN-GB"">Suppose
     you want to listen to some audio when you are with people you know (e.g.,
     acquaintances, colleagues) in a park.<o:p></o:p></span>


<p><span lang=""EN-GB"" style=""color:red"">&nbsp;</span></p>"
11/7/2018 9:07,11/7/2018 9:11,0,74.65.15.242,100,274,1,11/7/2018 9:11,R_OI6Gn2kHEqNd6md,,,,,43.13960266,-77.45600128,anonymous,EN,"1,2,4","2,5",,5,,3,,1,,1,,4,2,,5,,3,3,,2,,3,,2,,1,,4,,,,,,,,,,,,,,,,,,,,,,,,,,,,,,,,,,,,,,,,,,,,,,,,,,,,,,,,,,,,,,,,,,,,,,,,,,,,,,,,,,,,,,,,,,,,,,,,,,,,,,,,,,,,,,,,,,,,,,,,,,,,,,,,,,,,,,,,,,,,,,,,,,,,,,,,,,,,,,,,,,,,,,,,,,,,,,,,,,,,,,,,73809,"<span lang=""EN-GB"">Suppose you want to take a click a photo when you are with your close friends&nbsp;</span>and family members at Starbucks"
11/7/2018 9:10,11/7/2018 9:14,0,204.191.220.155,100,195,1,11/7/2018 9:14,R_Wj9azD0IsHkRRq9,,,,,53.55000305,-113.5,anonymous,EN,"1,2,3,6","1,2",,1,,3,,1,,"1,3",,"2,3",2,,"1,2,3",,"2,3","2,3",,"1,2",,"1,2",,"1,3",,"1,2",,2,,,,,,,,,,,,,,,,,,,,,,,,,,,,,,,,,,,,,,,,,,,,,,,,,,,,,,,,,,,,,,,,,,,,,,,,,,,,,,,,,,,,,,,,,,,,,,,,,,,,,,,,,,,,,,,,,,,,,,,,,,,,,,,,,,,,,,,,,,,,,,,,,,,,,,,,,,,,,,,,,,,,,,,,,,,,,,,,,,,,,,,,35304,"<span lang=""EN-GB"">Suppose you are alone at home, you want to take a break from studying/working&nbsp;</span>so you decide to play an online/digital game with some close friends ."
11/7/2018 9:12,11/7/2018 9:15,0,74.101.247.66,100,153,1,11/7/2018 9:15,R_ZKbzRLT3JuT4dAB,,,,,40.76269531,-73.77449799,anonymous,EN,"2,3,4,5","1,2",,"1,2",,"1,3,4",,1,,"1,2,3,4",,"1,2","1,2,3",,"1,2,3",,"1,2","1,3,4",,"1,2,3",,"2,4",,2,,1,,"1,2",,,,,,,,,,,,,,,,,,,,,,,,,,,,,,,,,,,,,,,,,,,,,,,,,,,,,,,,,,,,,,,,,,,,,,,,,,,,,,,,,,,,,,,,,,,,,,,,,,,,,,,,,,,,,,,,,,,,,,,,,,,,,,,,,,,,,,,,,,,,,,,,,,,,,,,,,,,,,,,,,,,,,,,,,,,,,,,,,,,,,,,,90683,"<span lang=""EN-GB"">Suppose
     you want to call your mother for sharing an important update about your
     life yourself when you are with a very close friend at a park.&nbsp;<o:p></o:p></span>"
11/7/2018 9:20,11/7/2018 9:22,0,47.233.9.244,100,138,1,11/7/2018 9:22,R_25YoMRAW6eI4WjM,,,,,38.49150085,-90.37719727,anonymous,EN,"1,2,3","2,3",,1,,"1,2,3,4",,1,,3,,3,"1,2",,"2,3",,2,"2,3",,2,,"1,2",,"1,2",,1,,2,,,,,,,,,,,,,,,,,,,,,,,,,,,,,,,,,,,,,,,,,,,,,,,,,,,,,,,,,,,,,,,,,,,,,,,,,,,,,,,,,,,,,,,,,,,,,,,,,,,,,,,,,,,,,,,,,,,,,,,,,,,,,,,,,,,,,,,,,,,,,,,,,,,,,,,,,,,,,,,,,,,,,,,,,,,,,,,,,,,,,,,,19721,"<span lang=""EN-GB"">Suppose
     you want to set up a reminder when you are at a park by yourself.<o:p></o:p></span>"
10/31/2018 10:22,10/31/2018 10:28,0,67.214.193.219,88,307,0,11/7/2018 9:28,R_2xKt3RaJeWgZwaJ,,,,,,,anonymous,EN,"1,2,3,4","2,3,4,5",,1,,"1,2,3",,1,,"1,3",,"2,3","1,2,3",,"1,2",,"2,3","1,2,3",,"1,2",,"1,3,4",,"1,2",,1,,"1,2",,"2,4",,,,,,,,,,,,,,,,,,,,,,,,,,,,,,,,,,,,,,,,,,,,,,,,,,,,,,,,,,,,,,,,,,,,,,,,,,,,,,,,,,,,,,,,,,,,,,,,,,,,,,,,,,,,,,,,,,,,,,,,,,,,,,,,,,,,,,,,,,,,,,,,,,,,,,,,,,,,,,,,,,,,,,,,,,,,,,,,,,,,,,23138,"Suppose you want to purchase something online when
     you are with people you know (e.g., acquaintances,
     colleagues) at a park.<o:p></o:p>"
10/31/2018 10:26,10/31/2018 10:30,0,73.167.72.237,88,258,0,11/7/2018 9:31,R_22nutl9RSCiBhoV,,,,,,,anonymous,EN,"2,3,4,5",2,,3,,2,,1,,1,,3,2,,"1,2,3",,3,1,,2,,3,,2,,"1,2,3",,"1,2",,2,,,,,,,,,,,,,,,,,,,,,,,,,,,,,,,,,,,,,,,,,,,,,,,,,,,,,,,,,,,,,,,,,,,,,,,,,,,,,,,,,,,,,,,,,,,,,,,,,,,,,,,,,,,,,,,,,,,,,,,,,,,,,,,,,,,,,,,,,,,,,,,,,,,,,,,,,,,,,,,,,,,,,,,,,,,,,,,,,,,,,,26559,"<span lang=""EN-GB"" style=""font-size:11.0pt;line-height:115%;
font-family:&quot;Arial&quot;,sans-serif;mso-fareast-font-family:Arial;mso-ansi-language:
EN-GB;mso-fareast-language:EN-US;mso-bidi-language:AR-SA"">Suppose you want to
take a click a photo when you are at Starbucks.</span>"
10/31/2018 10:34,10/31/2018 10:34,0,128.230.138.35,1,31,0,11/7/2018 9:37,R_3JKPFd0mQoRUKtL,,,,,,,anonymous,EN,"1,2,3,4,5,6",,,,,,,,,,,,,,,,,,,,,,,,,,,,,,,,,,,,,,,,,,,,,,,,,,,,,,,,,,,,,,,,,,,,,,,,,,,,,,,,,,,,,,,,,,,,,,,,,,,,,,,,,,,,,,,,,,,,,,,,,,,,,,,,,,,,,,,,,,,,,,,,,,,,,,,,,,,,,,,,,,,,,,,,,,,,,,,,,,,,,,,,,,,,,,,,,,,,,,,,,,,,,,,,,,,41708,"<span lang=""EN-GB"">Suppose
     you want to a send an email when you are walking on a street.<o:p></o:p></span>"
10/31/2018 10:40,10/31/2018 10:42,0,184.98.240.158,78,156,0,11/7/2018 9:42,R_3Rl7Qx5rTL3ci8t,,,,,,,anonymous,EN,"1,2,4,5,6",,,,,,,,,,,,,,,,,,,,,,,,,,,,,,,,,,,,,,,,,,,,,,,,,,,,,,,,,,,,,,,,,,,,,,,,,,,,,,,,,,,,,,,,,,,,,,,,,,,,,,,,,,,,,,,,,,,,,,,,,,,,,,,,,,,,,,,,,,,,,,,,,,,,,,,,,,,,,,,,,,,,,,,,,,,,,,,,,,,,,,,,,,,,,,,,,,,,,,,,,,,,,,,,,,,19743,"<span lang=""EN-GB"">Suppose you want to browse the internet when you are at home with people you know (e.g., acquaintances, colleagues).<o:p></o:p></span>"
11/7/2018 9:42,11/7/2018 9:43,0,172.117.42.35,100,40,1,11/7/2018 9:43,R_2yskQ3rHSrFdBBz,,,,,33.96530151,-118.2727051,anonymous,EN,"1,2,3,4,5,6",3,,2,,2,,1,,1,,2,2,,1,,2,2,,1,,2,,2,,2,,2,,,,,,,,,,,,,,,,,,,,,,,,,,,,,,,,,,,,,,,,,,,,,,,,,,,,,,,,,,,,,,,,,,,,,,,,,,,,,,,,,,,,,,,,,,,,,,,,,,,,,,,,,,,,,,,,,,,,,,,,,,,,,,,,,,,,,,,,,,,,,,,,,,,,,,,,,,,,,,,,,,,,,,,,,,,,,,,,,,,,,,,,86115,"<span lang=""EN-GB"">Suppose you want to set up a reminder about something when you are at Starbucks with close friends.<o:p></o:p></span>"
11/7/2018 9:43,11/7/2018 9:44,0,172.117.42.35,100,50,1,11/7/2018 9:44,R_6xItSpfJHQ10rWp,,,,,33.96530151,-118.2727051,anonymous,EN,"1,2,4,5,6","1,4",,"1,2,3",,"1,2,3,4",,1,,1,,2,"1,2,3",,1,,"1,2","1,2,4",,"1,2,3",,1,,"1,2",,"2,3",,1,,,,,,,,,,,,,,,,,,,,,,,,,,,,,,,,,,,,,,,,,,,,,,,,,,,,,,,,,,,,,,,,,,,,,,,,,,,,,,,,,,,,,,,,,,,,,,,,,,,,,,,,,,,,,,,,,,,,,,,,,,,,,,,,,,,,,,,,,,,,,,,,,,,,,,,,,,,,,,,,,,,,,,,,,,,,,,,,,,,,,,,,95573,"<span lang=""EN-GB"" style=""font-size:11.0pt;line-height:115%;
font-family:&quot;Arial&quot;,sans-serif;mso-fareast-font-family:Arial;mso-ansi-language:
EN-GB;mso-fareast-language:EN-US;mso-bidi-language:AR-SA"">Suppose you want to
read a digital document when you are at Starbucks surrounded with your close
friends.</span>"
11/7/2018 9:43,11/7/2018 9:46,0,107.207.112.237,100,163,1,11/7/2018 9:46,R_24IDK1kGjNJmIob,,,,,26.73829651,-80.27600098,anonymous,EN,"1,2,5","1,2,3,4,5",,1,,"1,3,4",,1,,1,,2,"1,2",,2,,2,"2,3",,"1,2",,"2,3",,2,,"1,2",,1,,,,,,,,,,,,,,,,,,,,,,,,,,,,,,,,,,,,,,,,,,,,,,,,,,,,,,,,,,,,,,,,,,,,,,,,,,,,,,,,,,,,,,,,,,,,,,,,,,,,,,,,,,,,,,,,,,,,,,,,,,,,,,,,,,,,,,,,,,,,,,,,,,,,,,,,,,,,,,,,,,,,,,,,,,,,,,,,,,,,,,,,81843,"<span lang=""EN-GB"">Suppose
     you want to purchase something online when you are alone at a park.<o:p></o:p></span>"
11/7/2018 9:42,11/7/2018 9:46,0,209.237.110.242,100,221,1,11/7/2018 9:46,R_3OlaAizet0sjNDg,,,,,45.57130432,-94.20359802,anonymous,EN,"1,2,4,5,6","2,3,4,5",,1,,"1,2,3",,1,,1,,4,"1,2",,1,,"2,3","2,3",,2,,"1,3,4",,"1,2",,"1,2,3",,2,,,,,,,,,,,,,,,,,,,,,,,,,,,,,,,,,,,,,,,,,,,,,,,,,,,,,,,,,,,,,,,,,,,,,,,,,,,,,,,,,,,,,,,,,,,,,,,,,,,,,,,,,,,,,,,,,,,,,,,,,,,,,,,,,,,,,,,,,,,,,,,,,,,,,,,,,,,,,,,,,,,,,,,,,,,,,,,,,,,,,,,,51869,"<span lang=""EN-GB"">Suppose
     you want to listen to some audio when you are alone at your home.<strong><o:p></o:p></strong></span>"
11/7/2018 9:25,11/7/2018 9:46,0,66.87.153.125,100,1251,1,11/7/2018 9:46,R_1JWnaVD9Ixt6gs1,,,,,35.84539795,-86.48670197,anonymous,EN,"1,2,4,5","1,2",,"1,2",,2,,1,,3,,"2,3","2,3",,"1,3",,"2,3","3,4",,"2,3",,"2,3",,"2,3",,"1,3",,2,,"2,5",,,,,,,,,,,,,,,,,,,,,,,,,,,,,,2,,1,,"1,2,3",,1,,3,,"2,3","2,3",,2,,2,,"2,3",,3,,2,,3,,1,,4,,,,,,,,,,,,,,,,,,,,,,,,,,,,,,,,,,,,,,,,,,,,,,,,,,,,,,,,,,,,1,,5,,"2,4",,1,,"2,3",,"2,3",3,,"1,2",,"1,2",,4,,2,,3,,2,,1,,4,,,,,,,,,,,,,,,,,,,,,,,,,,,,,,,Female,47,Hairdresser,2,1,,2,82155,"<span lang=""EN-GB"">Suppose
     you want to purchase something (e.g., book, household items) online when
     you are with your close friends at a park.<o:p></o:p></span>"
11/7/2018 9:45,11/7/2018 9:53,0,50.235.29.58,100,501,1,11/7/2018 9:53,R_2TXjIaDqxeUrHMO,,,,,42.27940369,-83.78399658,anonymous,EN,"1,2,3",2,,1,,"1,2,3",,1,,1,,2,"2,3",,5,,2,1,,2,,6,,2,,"1,2",,2,,2,,,,,,,,,,,,,,,,,,,,,,,,,,,,,,"2,5",,1,,2,,1,,1,,2,"1,2",,5,,5,,1,,6,,2,,6,,"1,2",,2,,,,,,,,,,,,,,,,,,,,,,,,,,,,,,,,,,,,,,,,,,,,,,,,,,,,,,,,,,,,,,,,,,,,,,,,,,,,,,,,,,,,,,,,,,,,,,,,,,,,,,,,,,,,,,,,,,,,,,female,37,store support,5,1,,6,1757,"<span style=""color: rgb(0, 0, 0); font-family: Times; font-size: 16px;"">Suppose you want control some devices/appliances (e.g., smart lights) when you are with people you know (e.g., acquaintances, colleagues).</span>"
11/7/2018 9:54,11/7/2018 9:55,0,71.14.59.99,100,27,1,11/7/2018 9:55,R_2BzZINtQm1B9j0b,,,,,33.17170715,-86.27130127,anonymous,EN,1,,,,,,,,,,,,,,,,,,,,,,,,,,,,,,,,,,,,,,,,,,,,,,,,,,,,,,,,,,,,,,,,,,,,,,,,,,,,,,,,,,,,,,,,,,,,,,,,,,,,,,,,,,,,,,,,,,,,,,,,,,,,,,,,,,,,,,,,,,,,,,,,,,,,,,,,,,,,,,,,,,,,,,,,,,,,,,,,,,,,,,,,,,,,,,,,,,,,,,,,,,,,,,,,,,,570,"Suppose you want to find a route to a coffee shop
     when you are at home with your by your colleagues<o:p></o:p>"
10/31/2018 11:03,10/31/2018 11:03,0,164.58.69.2,1,7,0,11/7/2018 10:03,R_1opDiORonhPnKx2,,,,,,,anonymous,EN,,,,,,,,,,,,,,,,,,,,,,,,,,,,,,,,,,,,,,,,,,,,,,,,,,,,,,,,,,,,,,,,,,,,,,,,,,,,,,,,,,,,,,,,,,,,,,,,,,,,,,,,,,,,,,,,,,,,,,,,,,,,,,,,,,,,,,,,,,,,,,,,,,,,,,,,,,,,,,,,,,,,,,,,,,,,,,,,,,,,,,,,,,,,,,,,,,,,,,,,,,,,,,,,,,,,62352,"<span lang=""EN-GB"">Suppose
     you want to a view a text message when you are surrounded by people you
     know (e.g., acquaintances, colleagues) at a restaurant.<o:p></o:p></span>"
11/7/2018 10:07,11/7/2018 10:07,0,71.176.67.179,100,37,1,11/7/2018 10:07,R_3jU8W93aoUSmT8X,,,,,43.15280151,-76.22350311,anonymous,EN,"1,2",,,,,,,,,,,,,,,,,,,,,,,,,,,,,,,,,,,,,,,,,,,,,,,,,,,,,,,,,,,,,,,,,,,,,,,,,,,,,,,,,,,,,,,,,,,,,,,,,,,,,,,,,,,,,,,,,,,,,,,,,,,,,,,,,,,,,,,,,,,,,,,,,,,,,,,,,,,,,,,,,,,,,,,,,,,,,,,,,,,,,,,,,,,,,,,,,,,,,,,,,,,,,,,,,,,93954,"<span lang=""EN-GB"">Suppose you want to browse through one of your social media profiles when you&nbsp;</span>are at your home."
11/7/2018 10:15,11/7/2018 10:15,0,73.171.243.54,100,6,1,11/7/2018 10:15,R_oZVJPJ39YJuHP4R,,,,,30.27870178,-81.58309937,anonymous,EN,2,,,,,,,,,,,,,,,,,,,,,,,,,,,,,,,,,,,,,,,,,,,,,,,,,,,,,,,,,,,,,,,,,,,,,,,,,,,,,,,,,,,,,,,,,,,,,,,,,,,,,,,,,,,,,,,,,,,,,,,,,,,,,,,,,,,,,,,,,,,,,,,,,,,,,,,,,,,,,,,,,,,,,,,,,,,,,,,,,,,,,,,,,,,,,,,,,,,,,,,,,,,,,,,,,,,17638,"<span lang=""EN-GB"">Suppose
     you want to a view a text message when you are surrounded by people you
     know (e.g., acquaintances, colleagues) at a restaurant.<o:p></o:p></span>"
11/7/2018 10:16,11/7/2018 10:18,0,148.0.46.80,100,152,1,11/7/2018 10:18,R_28RIZrwNpCgrJgs,,,,,18.46670532,-69.90000153,anonymous,EN,"1,2,3,4","2,3,4,5",,"2,3",,"2,3,4",,1,,"2,3,4",,"2,3","1,2,3",,"1,2,3",,"1,2,3","1,2,4",,"1,2,3",,"1,2,3,4",,"1,2,3",,"1,2,3",,"1,2",,,,,,,,,,,,,,,,,,,,,,,,,,,,,,,,,,,,,,,,,,,,,,,,,,,,,,,,,,,,,,,,,,,,,,,,,,,,,,,,,,,,,,,,,,,,,,,,,,,,,,,,,,,,,,,,,,,,,,,,,,,,,,,,,,,,,,,,,,,,,,,,,,,,,,,,,,,,,,,,,,,,,,,,,,,,,,,,,,,,,,,,67375,"<span lang=""EN-GB"">Suppose
     you are at home with some people you know (e.g., acquaintances,
     colleagues) when you realize today is the last day to pay one of your
     bills online.<o:p></o:p></span>"
11/7/2018 10:27,11/7/2018 10:27,0,96.31.203.185,100,22,1,11/7/2018 10:27,R_22EWvIKaWoOYZTc,,,,,38.29789734,-86.95330048,anonymous,EN,4,,,,,,,,,,,,,,,,,,,,,,,,,,,,,,,,,,,,,,,,,,,,,,,,,,,,,,,,,,,,,,,,,,,,,,,,,,,,,,,,,,,,,,,,,,,,,,,,,,,,,,,,,,,,,,,,,,,,,,,,,,,,,,,,,,,,,,,,,,,,,,,,,,,,,,,,,,,,,,,,,,,,,,,,,,,,,,,,,,,,,,,,,,,,,,,,,,,,,,,,,,,,,,,,,,,26319,"<span lang=""EN-GB"">Suppose you want to a send a text message when you are surrounded with people you are close to (e.g., friends, family members) at your home.<strong><o:p></o:p></strong></span>"
11/7/2018 10:28,11/7/2018 10:29,0,198.189.238.10,100,58,1,11/7/2018 10:29,R_1DMaCAeJ5QGwbmJ,,,,,37.28269958,-121.8264999,anonymous,EN,"1,2,3,4,5,6","1,2",,2,,"1,2,3,4",,1,,"1,3,4",,2,"1,2",,1,,2,2,,2,,"1,2,3",,"1,2",,"2,3",,1,,,,,,,,,,,,,,,,,,,,,,,,,,,,,,,,,,,,,,,,,,,,,,,,,,,,,,,,,,,,,,,,,,,,,,,,,,,,,,,,,,,,,,,,,,,,,,,,,,,,,,,,,,,,,,,,,,,,,,,,,,,,,,,,,,,,,,,,,,,,,,,,,,,,,,,,,,,,,,,,,,,,,,,,,,,,,,,,,,,,,,,,43461,"<span lang=""EN-GB"" style=""font-size:11.0pt;line-height:115%;
font-family:&quot;Arial&quot;,sans-serif;mso-fareast-font-family:Arial;mso-ansi-language:
EN-GB;mso-fareast-language:EN-US;mso-bidi-language:AR-SA"">Suppose you want to check your social media when you are alone in a park.</span>"
11/7/2018 10:16,11/7/2018 10:30,0,71.225.107.23,100,823,1,11/7/2018 10:30,R_d9Wok9ewZsb4wDv,,,,,40.04679871,-75.53099823,anonymous,EN,"1,2,4,5","1,2",,"1,2,3",,"1,2,3,4",,1,,"1,4",,1,"1,3",,5,,1,2,,"1,2,3",,6,,"2,3",,1,,4,,,,,,,,,,,,,,,,,,,,,,,,,,,,,,,,,,,,,,,,,,,,,,,,,,,,,,,,,,,,,,,,,,,,,,,,,,,,,,,,,,,,,,,,,,,,,,,,,,,,,,,,,,,,,,,,,,,,,,,,,,,,,,,,,,,,,,,,,,,,,,,,,,,,,,,,,,,,,,,,,,,,,,,,,,,,,,,,,,,,,,,,45977,"<span lang=""EN-GB"">Suppose
     you want to watch some video when you are with people you know (e.g.,
     acquaintances, colleagues) in a park.<o:p></o:p></span>"
11/7/2018 10:26,11/7/2018 10:33,0,162.195.100.159,100,378,1,11/7/2018 10:33,R_R3x7EazGyuYTqG5,,,,,29.65769958,-81.65950012,anonymous,EN,"1,2,3,4","1,2",,"1,2,3",,"1,2,4",,1,,1,,"2,3",2,,3,,3,"3,4",,"1,3",,"2,3,4",,3,,"1,2",,2,,,,,,,,,,,,,,,,,,,,,,,,,,,,,,,,,,,,,,,,,,,,,,,,,,,,,,,,,,,,,,,,,,,,,,,,,,,,,,,,,,,,,,,,,,,,,,,,,,,,,,,,,,,,,,,,,,,,,,,,,,,,,,,,,,,,,,,,,,,,,,,,,,,,,,,,,,,,,,,,,,,,,,,,,,,,,,,,,,,,,,,,94713,"<span lang=""EN-GB"">Suppose you want to find a route to home while walking on a street.<o:p></o:p></span>"
11/7/2018 10:24,11/7/2018 10:41,0,45.53.197.6,100,998,1,11/7/2018 10:41,R_2TzU8aE3GqCHBmf,,,,,38.79319763,-82.93060303,anonymous,EN,"1,3,4",2,,1,,1,,1,,1,,4,5,,4,"screen brightness adjustment, easy volume changes",4,5,"none, don't want to be bothered during video playback",4,no glare screen/easy screen positioning,7,,4,"this is a repeat question, see previous answer","1,2",,"1,2",,4,,,,,,,,,,,,,,,,,,,,,,,,,,,,,,,,,,,,,,,,,,,,,,,,,,,,,,,,,,,,,,,,,,,,,,,,,,,,,,,,,,,,,,,,"2,4,5",,1,,2,,"1,2","lightweight and good screen lighting, easy to hookup headphones",2,,4,2,,5,,5,,6,,6,,2,,"1,6",,"1,2",,"1,2",,,,,,,,,,,,,,,,,,,,,,,,,,,,,,,,,,,,,,,,,,,,,,,,,,,,,,,,,,,,,,,,,,,19130,"<span lang=""EN-GB"">Suppose you want to watch some video when you are alone in a park.<o:p></o:p></span>"
11/7/2018 10:42,11/7/2018 10:43,0,216.249.144.81,100,21,1,11/7/2018 10:43,R_2eXP4ZWl9QWHaEt,,,,,36.6098938,-88.30319977,anonymous,EN,3,,,,,,,,,,,,,,,,,,,,,,,,,,,,,,,,,,,,,,,,,,,,,,,,,,,,,,,,,,,,,,,,,,,,,,,,,,,,,,,,,,,,,,,,,,,,,,,,,,,,,,,,,,,,,,,,,,,,,,,,,,,,,,,,,,,,,,,,,,,,,,,,,,,,,,,,,,,,,,,,,,,,,,,,,,,,,,,,,,,,,,,,,,,,,,,,,,,,,,,,,,,,,,,,,,,93276,"<span lang=""EN-GB"">Suppose
     you are at a park and you realize today is the last day to pay one of your
     bills online.<o:p></o:p></span>"
11/7/2018 10:46,11/7/2018 10:48,0,174.24.96.20,100,84,1,11/7/2018 10:48,R_1LtnkQE1sAFwPv2,,,,,38.94970703,-104.7669983,anonymous,EN,"1,2,4",3,,3,,4,,1,,3,,4,3,,5,,3,2,,1,,3,,2,,1,,2,,,,,,,,,,,,,,,,,,,,,,,,,,,,,,,,,,,,,,,,,,,,,,,,,,,,,,,,,,,,,,,,,,,,,,,,,,,,,,,,,,,,,,,,,,,,,,,,,,,,,,,,,,,,,,,,,,,,,,,,,,,,,,,,,,,,,,,,,,,,,,,,,,,,,,,,,,,,,,,,,,,,,,,,,,,,,,,,,,,,,,,,78099,"<span lang=""EN-GB"">Suppose you are at sitting in a park and you want to play a digital/online game.<o:p></o:p></span>"
11/7/2018 10:49,11/7/2018 10:50,0,186.7.133.41,100,60,1,11/7/2018 10:50,R_24eXiyy9qpsPn5B,,,,,19.44999695,-70.69999695,anonymous,EN,"1,2,4,6",2,,1,,2,,1,,1,,3,2,,1,,4,3,,1,,1,,2,,1,,1,,,,,,,,,,,,,,,,,,,,,,,,,,,,,,,,,,,,,,,,,,,,,,,,,,,,,,,,,,,,,,,,,,,,,,,,,,,,,,,,,,,,,,,,,,,,,,,,,,,,,,,,,,,,,,,,,,,,,,,,,,,,,,,,,,,,,,,,,,,,,,,,,,,,,,,,,,,,,,,,,,,,,,,,,,,,,,,,,,,,,,,,47522,"<span lang=""EN-GB"">Suppose you want to watch some video when you are with your close friends at Starbucks.<o:p></o:p></span>"
11/7/2018 10:49,11/7/2018 10:54,0,72.23.155.141,100,329,1,11/7/2018 10:54,R_1rxodbcoip5E1qo,,,,,40.87289429,-80.25589752,anonymous,EN,"1,2,3",4,,1,,2,,3,,1,,1,"2,3",,5,,3,1,,2,,3,,2,,1,,1,,,,,,,,,,,,,,,,,,,,,,,,,,,,,,,,,,,,,,,,,,,,,,,,,,,,,,,,,,,,,,,,,,,,,,,,,,,,,,,,,,,,,,,,,,,,,,,,,,,,,,,,,,,,,,,,,,,,,,,,,,,,,,,,,,,,,,,,,,,,,,,,,,,,,,,,,,,,,,,,,,,,,,,,,,,,,,,,,,,,,,,,245,"<span lang=""EN-GB"">Suppose you are alone at home, you want to take a break from studying/working&nbsp;</span>so you decide to play an online/digital game."
11/7/2018 10:49,11/7/2018 10:56,0,192.119.168.172,100,438,1,11/7/2018 10:56,R_3mfAKfe0IVDAwpX,,,,,37.75100708,-97.8219986,anonymous,EN,"1,2,3,4,5,6",1,,2,,2,,1,,1,,1,3,,2,,1,"2,4",,2,,2,,2,,1,,2,,2,,,,,,,,,,,,,,,,,,,,,,,,,,,,,,1,,2,,3,,1,,1,,1,3,,1,,1,,"1,4",,"1,2,3",,1,,2,,1,,2,,,,,,,,,,,,,,,,,,,,,,,,,,,,,,,,,,,,,,,,,,,,,,,,,,,,,,,,,,,,,,,,,,,,,,,,,,,,,,,,,,,,,,,,,,,,,,,,,,,,,,,,,,,,,,,,,,,,,,,,,,,,,55978,"<span lang=""EN-GB"">Suppose
     you want to a send an email when you are walking on a street with people
     you know (e.g., acquaintances, colleagues)<strong>.</strong><o:p></o:p></span>"
11/7/2018 10:59,11/7/2018 11:00,0,204.87.69.143,100,15,1,11/7/2018 11:00,R_1P28mC3rdoOC5a3,,,,,35.42590332,-97.52610016,anonymous,EN,"1,2",,,,,,,,,,,,,,,,,,,,,,,,,,,,,,,,,,,,,,,,,,,,,,,,,,,,,,,,,,,,,,,,,,,,,,,,,,,,,,,,,,,,,,,,,,,,,,,,,,,,,,,,,,,,,,,,,,,,,,,,,,,,,,,,,,,,,,,,,,,,,,,,,,,,,,,,,,,,,,,,,,,,,,,,,,,,,,,,,,,,,,,,,,,,,,,,,,,,,,,,,,,,,,,,,,,88158,"<span lang=""EN-GB"">Suppose you have planned to meet a friend next week and you want to put this on your calendar when you are alone at a park<o:p></o:p></span>"
11/7/2018 11:04,11/7/2018 11:07,0,174.17.10.36,100,162,1,11/7/2018 11:07,R_3ix7JB9x5SmRKRL,,,,,33.63150024,-112.052002,anonymous,EN,"1,2,4,5,6",2,,1,,1,,1,,1,,1,1,,2,,1,2,,1,,3,,2,,1,,2,,,,,,,,,,,,,,,,,,,,,,,,,,,,,,,,,,,,,,,,,,,,,,,,,,,,,,,,,,,,,,,,,,,,,,,,,,,,,,,,,,,,,,,,,,,,,,,,,,,,,,,,,,,,,,,,,,,,,,,,,,,,,,,,,,,,,,,,,,,,,,,,,,,,,,,,,,,,,,,,,,,,,,,,,,,,,,,,,,,,,,,,98489,"<span lang=""EN-GB"">Suppose
     you are at starbucks and you realize today is the last day to pay one of
     your bills online.<o:p></o:p></span>"
11/7/2018 11:11,11/7/2018 11:12,0,24.180.22.225,100,9,1,11/7/2018 11:12,R_1OUi51oXEV4m54C,,,,,34.07449341,-118.1434021,anonymous,EN,"1,2",,,,,,,,,,,,,,,,,,,,,,,,,,,,,,,,,,,,,,,,,,,,,,,,,,,,,,,,,,,,,,,,,,,,,,,,,,,,,,,,,,,,,,,,,,,,,,,,,,,,,,,,,,,,,,,,,,,,,,,,,,,,,,,,,,,,,,,,,,,,,,,,,,,,,,,,,,,,,,,,,,,,,,,,,,,,,,,,,,,,,,,,,,,,,,,,,,,,,,,,,,,,,,,,,,,4992,"<span lang=""EN-GB"">Suppose you want to a view a text message when you are alone at a street.<o:p></o:p></span>"
11/7/2018 11:05,11/7/2018 11:13,0,96.63.190.136,100,452,1,11/7/2018 11:13,R_1IGEw0BhLHWHVKj,,,,,42.46710205,-96.35279846,anonymous,EN,"2,3,4,5,6","1,2,3,4,5",,1,,"2,4",,1,,1,,3,3,,2,,"1,2",3,,"1,2",,"1,2,3,4",,"1,2",,1,,"1,2",,,,,,,,,,,,,,,,,,,,,,,,,,,,,,,,,,,,,,,,,,,,,,,,,,,,,,,,,,,,,,,,,,,,,,,,,,,,,,,,,,,,,,,,,,,,,,,,,,,,,,,,,,,,,,,,,,,,,,,,,,,,,,,,,,,,,,,,,,,,,,,,,,,,,,,,,,,,,,,,,,,,,,,,,,,,,,,,,,,,,,,,68761,"<span lang=""EN-GB"" style=""font-size:11.0pt;line-height:115%;
font-family:&quot;Arial&quot;,sans-serif;mso-fareast-font-family:Arial;mso-ansi-language:
EN-GB;mso-fareast-language:EN-US;mso-bidi-language:AR-SA"">Suppose you have
planned to meet a friend next week and you want put this on your calendar<span style=""color:#434343""> when you with </span>people you know (e.g.,
acquaintances, colleagues)<span style=""color:#434343""> at a park</span></span>"
10/31/2018 12:19,10/31/2018 12:21,0,74.109.204.210,78,99,0,11/7/2018 11:21,R_2ayp6XwKulBnRKS,,,,,,,anonymous,EN,"1,2,3,4",,,,,,,,,,,,,,,,,,,,,,,,,,,,,,,,,,,,,,,,,,,,,,,,,,,,,,,,,,,,,,,,,,,,,,,,,,,,,,,,,,,,,,,,,,,,,,,,,,,,,,,,,,,,,,,,,,,,,,,,,,,,,,,,,,,,,,,,,,,,,,,,,,,,,,,,,,,,,,,,,,,,,,,,,,,,,,,,,,,,,,,,,,,,,,,,,,,,,,,,,,,,,,,,,,,21719,"<span lang=""EN-GB"">Suppose you are at sitting at Starbucks and you want to play a digital/online&nbsp;</span>game."
11/7/2018 11:21,11/7/2018 11:21,0,76.20.9.115,100,21,1,11/7/2018 11:21,R_1FJI2JFxXnNozHW,,,,,38.68499756,-121.0680008,anonymous,EN,"1,2",,,,,,,,,,,,,,,,,,,,,,,,,,,,,,,,,,,,,,,,,,,,,,,,,,,,,,,,,,,,,,,,,,,,,,,,,,,,,,,,,,,,,,,,,,,,,,,,,,,,,,,,,,,,,,,,,,,,,,,,,,,,,,,,,,,,,,,,,,,,,,,,,,,,,,,,,,,,,,,,,,,,,,,,,,,,,,,,,,,,,,,,,,,,,,,,,,,,,,,,,,,,,,,,,,,74729,"<span lang=""EN-GB"">Suppose you are at sitting at Starbucks and you want to play a digital/online&nbsp;</span>game."
11/7/2018 11:17,11/7/2018 11:22,0,68.129.203.42,100,313,1,11/7/2018 11:22,R_2ffdgdkOkSg0ZcU,,,,,41.04269409,-73.62619781,anonymous,EN,"2,3,5","2,4",,3,,3,,1,,1,,1,5,,5,,2,2,,3,,1,,"1,3",,3,,1,,,,,,,,,,,,,,,,,,,,,,,,,,,,,,,,,,,,,,,,,,,,,,,,,,,,,,,,,,,,,,,,,,,,,,,,,,,,,,,,,,,,,,,,,,,,,,,,,,,,,,,,,,,,,,,,,,,,,,,,,,,,,,,,,,,,,,,,,,,,,,,,,,,,,,,,,,,,,,,,,,,,,,,,,,,,,,,,,,,,,,,,53194,"<span lang=""EN-GB"">Suppose
     you want to set up a reminder when you are at home with people you are
     close to (e.g., friends, family members).<strong><o:p></o:p></strong></span>"
10/31/2018 20:22,11/7/2018 11:25,0,174.239.3.8,100,576195,1,11/7/2018 11:25,R_Tefri6BFJ3UNs6B,,,,,21.45309448,-158.017395,anonymous,EN,"1,2,4",2,,1,,3,,1,,1,,1,2,,1,,1,3,,1,,1,,2,,1,,2,,,,,,,,,,,,,,,,,,,,,,,,,,,,,,,,,,,,,,,,,,,,,,,,,,,,,,,,,,,,,,,,,,,,,,,,,,,,,,,,,,,,,,,,,,,,,,,,,,,,,,,,,,,,,,,,,,,,,,,,,,,,,,,,,,,,,,,,,,,,,,,,,,,,,,,,,,,,,,,,,,,,,,,,,,,,,,,,,,,,,,,,88124,"<span lang=""EN-GB"">Suppose you want to control some devices/appliances (e.g., smart lights) when you are at home with people you are close to (e.g., friends, family members)<strong><o:p></o:p></strong></span>"
11/7/2018 11:11,11/7/2018 11:30,0,207.244.89.106,100,1103,1,11/7/2018 11:30,R_UQ1ioyC6g13G4Y9,,,,,40.5171051,-74.39730072,anonymous,EN,"1,2,6",3,,3,,2,,1,,4,,2,3,,3,,2,3,,1,,4,,1,,2,,1,,1,4,,3,,3,,1,,4,,2,3,,3,,2,,3,,3,,2,,3,,2,,2,,,,,,,,,,,,,,,,,,,,,,,,,,,,,,,,,,,,,,,,,,,,,,,,,,,,,,,,,,,,,,,,,,,,,,,,,,,,,,,,,,,,,,,,,,,,,,,,,,,,,,,,,,,,,,,,,,,,,,,,,,,,,,,,,,,,,,,,,,,,,,,,,,,,,,,,,,42086,"Suppose you are alone at home, you want to take a break from studying/working&nbsp;<p>so you decide to play a video game with some with some people you know (e.g., acquaintances, colleagues).<o:p></o:p></p>"
11/7/2018 11:30,11/7/2018 11:33,0,207.244.89.106,100,179,1,11/7/2018 11:33,R_1Nbw7CoLwFvpo7J,,,,,40.5171051,-74.39730072,anonymous,EN,"1,2,6","2,4",,"2,3",,"2,4",,1,,"2,4",,"1,3","1,3",,"1,3",,"2,3","2,4",,"2,3",,"2,3",,"2,3",,"2,3",,"1,2",,,,,,,,,,,,,,,,,,,,,,,,,,,,,,,,,,,,,,,,,,,,,,,,,,,,,,,,,,,,,,,,,,,,,,,,,,,,,,,,,,,,,,,,,,,,,,,,,,,,,,,,,,,,,,,,,,,,,,,,,,,,,,,,,,,,,,,,,,,,,,,,,,,,,,,,,,,,,,,,,,,,,,,,,,,,,,,,,,,,,,,,63647,"Suppose
     you want to call your mother for sharing an important update about your
     life when you are surrounded by people you
     know (e.g., acquaintances, colleagues) at a restaurant.<o:p></o:p>"
11/7/2018 11:36,11/7/2018 11:36,0,107.170.186.79,100,9,1,11/7/2018 11:36,R_2XjuYOuTCETTXYv,,,,,40.73080444,-73.99749756,anonymous,EN,6,,,,,,,,,,,,,,,,,,,,,,,,,,,,,,,,,,,,,,,,,,,,,,,,,,,,,,,,,,,,,,,,,,,,,,,,,,,,,,,,,,,,,,,,,,,,,,,,,,,,,,,,,,,,,,,,,,,,,,,,,,,,,,,,,,,,,,,,,,,,,,,,,,,,,,,,,,,,,,,,,,,,,,,,,,,,,,,,,,,,,,,,,,,,,,,,,,,,,,,,,,,,,,,,,,,61951,"<span lang=""EN-GB"">Suppose
     you want to read a digital document) when you are at home with people you
     know (e.g., acquaintances, colleagues).<o:p></o:p></span>"
11/7/2018 11:36,11/7/2018 11:36,0,107.170.186.79,100,8,1,11/7/2018 11:36,R_VKcT3F8UZiuGAy5,,,,,40.73080444,-73.99749756,anonymous,EN,3,,,,,,,,,,,,,,,,,,,,,,,,,,,,,,,,,,,,,,,,,,,,,,,,,,,,,,,,,,,,,,,,,,,,,,,,,,,,,,,,,,,,,,,,,,,,,,,,,,,,,,,,,,,,,,,,,,,,,,,,,,,,,,,,,,,,,,,,,,,,,,,,,,,,,,,,,,,,,,,,,,,,,,,,,,,,,,,,,,,,,,,,,,,,,,,,,,,,,,,,,,,,,,,,,,,34888,"<span lang=""EN-GB"">Suppose you want to control some devices/appliances (e.g., smart lights) when you are at home with people you are close to (e.g., friends, family members)<strong><o:p></o:p></strong></span>"
10/31/2018 11:25,10/31/2018 12:37,0,128.230.138.35,1,4302,0,11/7/2018 11:38,R_6A07fbLr5zT1O3n,,,,,,,anonymous,EN,"1,2,3,4,5",,,,,,,,,,,,,,,,,,,,,,,,,,,,,,,,,,,,,,,,,,,,,,,,,,,,,,,,,,,,,,,,,,,,,,,,,,,,,,,,,,,,,,,,,,,,,,,,,,,,,,,,,,,,,,,,,,,,,,,,,,,,,,,,,,,,,,,,,,,,,,,,,,,,,,,,,,,,,,,,,,,,,,,,,,,,,,,,,,,,,,,,,,,,,,,,,,,,,,,,,,,,,,,,,,,69248,"<span lang=""EN-GB"">Suppose
     you want to a view a text message when you with people you know (e.g.,
     acquaintances, colleagues) at a street<strong>.</strong><o:p></o:p></span>"
11/7/2018 11:37,11/7/2018 11:38,0,107.170.186.79,100,81,1,11/7/2018 11:38,R_9v5GsZKs2voAtwJ,,,,,40.73080444,-73.99749756,anonymous,EN,"1,2,3,4,5,6",2,,1,,1,,1,,2,,3,2,,2,,1,3,,1,,2,,2,,1,,1,,,,,,,,,,,,,,,,,,,,,,,,,,,,,,,,,,,,,,,,,,,,,,,,,,,,,,,,,,,,,,,,,,,,,,,,,,,,,,,,,,,,,,,,,,,,,,,,,,,,,,,,,,,,,,,,,,,,,,,,,,,,,,,,,,,,,,,,,,,,,,,,,,,,,,,,,,,,,,,,,,,,,,,,,,,,,,,,,,,,,,,,43305,"<span lang=""EN-GB"">Suppose you want to take a click a photo when you with </span><span lang=""EN-GB"">some people you know (e.g.,
     acquaintances, colleagues)</span><span lang=""EN-GB""> at home<o:p></o:p></span>"
11/7/2018 11:29,11/7/2018 11:42,0,186.94.161.43,100,778,1,11/7/2018 11:42,R_OKbojfdqim0WIUN,,,,,10.63169861,-71.64060211,anonymous,EN,"1,2,4,6",2,,3,,"1,2",,1,,3,,3,2,,3,,3,2,,2,,4,,2,,1,,2,,2,,,,,,,,,,,,,,,,,,,,,,,,,,,,,,2,,1,,1,,1,,3,,1,2,,3,,2,,3,,3,,2,,3,,3,,2,,,,,,,,,,,,,,,,,,,,,,,,,,,,,,,,,,,,,,,,,,,,,,,,,,,,,,,,,,,,,,,,,,,,,,,,,,,,,,,,,,,,,,,,,,,,,,,,,,,,,,,,,,,,,,,,,,,,,,,,,,,,,78534,"<span lang=""EN-GB"">Suppose
     you want to listen to some audio when you are with people you know (e.g.,
     acquaintances, colleagues) at your home.<o:p></o:p></span>"
11/7/2018 11:47,11/7/2018 11:49,0,199.187.200.246,100,125,1,11/7/2018 11:49,R_21I2fjYNYZK8o20,,,,,36.38900757,-85.32050323,anonymous,EN,"2,3,4",7,,5,,6,,1,,1,,4,5,,5,,3,6,,3,,7,,5,,5,,4,,,,,,,,,,,,,,,,,,,,,,,,,,,,,,,,,,,,,,,,,,,,,,,,,,,,,,,,,,,,,,,,,,,,,,,,,,,,,,,,,,,,,,,,,,,,,,,,,,,,,,,,,,,,,,,,,,,,,,,,,,,,,,,,,,,,,,,,,,,,,,,,,,,,,,,,,,,,,,,,,,,,,,,,,,,,,,,,,,,,,,,,42212,"<span lang=""EN-GB"" style=""font-size:11.0pt;line-height:115%;
font-family:&quot;Arial&quot;,sans-serif;mso-fareast-font-family:Arial;mso-ansi-language:
EN-GB;mso-fareast-language:EN-US;mso-bidi-language:AR-SA"">Suppose you want to a
view a text message when you are alone at home</span>"
11/7/2018 11:50,11/7/2018 11:50,0,199.187.200.246,100,25,1,11/7/2018 11:50,R_3EfKITWByhHJ26j,,,,,36.38900757,-85.32050323,anonymous,EN,"2,3",,,,,,,,,,,,,,,,,,,,,,,,,,,,,,,,,,,,,,,,,,,,,,,,,,,,,,,,,,,,,,,,,,,,,,,,,,,,,,,,,,,,,,,,,,,,,,,,,,,,,,,,,,,,,,,,,,,,,,,,,,,,,,,,,,,,,,,,,,,,,,,,,,,,,,,,,,,,,,,,,,,,,,,,,,,,,,,,,,,,,,,,,,,,,,,,,,,,,,,,,,,,,,,,,,,64252,"<span lang=""EN-GB"">Suppose
     you want to call your mother for sharing an important update about your
     life when you are with a very close friend at a restaurant&nbsp;<o:p></o:p></span>"
11/7/2018 11:51,11/7/2018 11:52,0,76.124.18.251,100,22,1,11/7/2018 11:52,R_ZDCJ1ddDqrYQvO9,,,,,39.86540222,-75.3884964,anonymous,EN,"2,3",,,,,,,,,,,,,,,,,,,,,,,,,,,,,,,,,,,,,,,,,,,,,,,,,,,,,,,,,,,,,,,,,,,,,,,,,,,,,,,,,,,,,,,,,,,,,,,,,,,,,,,,,,,,,,,,,,,,,,,,,,,,,,,,,,,,,,,,,,,,,,,,,,,,,,,,,,,,,,,,,,,,,,,,,,,,,,,,,,,,,,,,,,,,,,,,,,,,,,,,,,,,,,,,,,,8015,"<span lang=""EN-GB"">Suppose
     you want to a send an email when you are surrounded by people you know
     (e.g., acquaintances, colleagues) your home.<o:p></o:p></span>"
11/7/2018 11:50,11/7/2018 11:55,0,70.184.213.190,100,299,1,11/7/2018 11:55,R_vplnFL2645AfxrH,,,,,41.15229797,-96.03710175,anonymous,EN,"1,2,3","1,2,4",,"1,2,3",,"1,2,3,4",,1,,"2,3",,"2,3","1,2,3",,"1,2,3",,2,"2,3",,"1,2,3",,"1,2,3",,"1,2",,"1,2,3",,"1,2",,,,,,,,,,,,,,,,,,,,,,,,,,,,,,,,,,,,,,,,,,,,,,,,,,,,,,,,,,,,,,,,,,,,,,,,,,,,,,,,,,,,,,,,,,,,,,,,,,,,,,,,,,,,,,,,,,,,,,,,,,,,,,,,,,,,,,,,,,,,,,,,,,,,,,,,,,,,,,,,,,,,,,,,,,,,,,,,,,,,,,,,2397,"Suppose you want to purchase something (e.g., book,
     household items) online when you are with people
     you know (e.g., acquaintances, colleagues) at
     Starbucks.<o:p></o:p>"
11/7/2018 11:57,11/7/2018 12:00,0,45.24.171.50,100,198,1,11/7/2018 12:00,R_1k1doLRB1dOGDUL,,,,,30.54049683,-88.6875,anonymous,EN,"1,2,5",4,,5,,"1,2",,1,,2,,1,"1,2",,5,,2,2,,2,,3,,2,,5,,4,,,,,,,,,,,,,,,,,,,,,,,,,,,,,,,,,,,,,,,,,,,,,,,,,,,,,,,,,,,,,,,,,,,,,,,,,,,,,,,,,,,,,,,,,,,,,,,,,,,,,,,,,,,,,,,,,,,,,,,,,,,,,,,,,,,,,,,,,,,,,,,,,,,,,,,,,,,,,,,,,,,,,,,,,,,,,,,,,,,,,,,,90454,"<span lang=""EN-GB"">Suppose
     you want to a send a text message when you are surrounded by people you
     know (e.g., acquaintances, colleagues) at a restaurant.<o:p></o:p></span>"
11/7/2018 11:58,11/7/2018 12:00,0,209.51.76.185,100,132,1,11/7/2018 12:00,R_3noXI9iIZOpd7wT,,,,,33.47169495,-82.08339691,anonymous,EN,"1,2,6","3,4",,2,,3,,1,,"2,3",,3,3,,1,,3,2,,3,,3,,2,,"1,3",,2,,,,,,,,,,,,,,,,,,,,,,,,,,,,,,,,,,,,,,,,,,,,,,,,,,,,,,,,,,,,,,,,,,,,,,,,,,,,,,,,,,,,,,,,,,,,,,,,,,,,,,,,,,,,,,,,,,,,,,,,,,,,,,,,,,,,,,,,,,,,,,,,,,,,,,,,,,,,,,,,,,,,,,,,,,,,,,,,,,,,,,,,5288,"<span lang=""EN-GB"">Suppose
     you want to a view a text message when you are with a very close friend at
     a restaurant&nbsp;<o:p></o:p></span>"
10/31/2018 13:14,10/31/2018 13:14,0,128.230.138.35,1,11,0,11/7/2018 12:14,R_3Ljo7a3ZzbdmymJ,,,,,,,anonymous,EN,"2,4,5,6",,,,,,,,,,,,,,,,,,,,,,,,,,,,,,,,,,,,,,,,,,,,,,,,,,,,,,,,,,,,,,,,,,,,,,,,,,,,,,,,,,,,,,,,,,,,,,,,,,,,,,,,,,,,,,,,,,,,,,,,,,,,,,,,,,,,,,,,,,,,,,,,,,,,,,,,,,,,,,,,,,,,,,,,,,,,,,,,,,,,,,,,,,,,,,,,,,,,,,,,,,,,,,,,,,,65066,"<span lang=""EN-GB"">Suppose you are alone at home, you want to take a break from studying/working&nbsp;</span>so you decide to play an online/digital game."
11/7/2018 12:14,11/7/2018 12:14,0,165.225.34.173,100,37,1,11/7/2018 12:14,R_22s6bJTKko82LOk,,,,,32.77870178,-96.82170105,anonymous,EN,"1,2",,,,,,,,,,,,,,,,,,,,,,,,,,,,,,,,,,,,,,,,,,,,,,,,,,,,,,,,,,,,,,,,,,,,,,,,,,,,,,,,,,,,,,,,,,,,,,,,,,,,,,,,,,,,,,,,,,,,,,,,,,,,,,,,,,,,,,,,,,,,,,,,,,,,,,,,,,,,,,,,,,,,,,,,,,,,,,,,,,,,,,,,,,,,,,,,,,,,,,,,,,,,,,,,,,,16807,"<span id=""docs-internal-guid-5a7e3441-7fff-9d1f-10e6-454a1d940975""><span style=""font-size: 11pt; font-family: Arial; color: rgb(0, 0, 0); background-color: transparent; font-variant-numeric: normal; font-variant-east-asian: normal; vertical-align: baseline; white-space: pre-wrap;"">Suppose you want to call your mother for sharing an important update about your life &nbsp;when you are alone at home</span><br> <br><br></span>"
11/7/2018 12:19,11/7/2018 12:21,0,40.136.252.137,100,108,1,11/7/2018 12:21,R_3JIsPpb8gEoHwpy,,,,,35.46980286,-79.17169952,anonymous,EN,"1,2,3,4",3,,1,,3,,1,,1,,2,"1,3",,3,,2,2,,"2,3",,"2,4",,1,,1,,1,,,,,,,,,,,,,,,,,,,,,,,,,,,,,,,,,,,,,,,,,,,,,,,,,,,,,,,,,,,,,,,,,,,,,,,,,,,,,,,,,,,,,,,,,,,,,,,,,,,,,,,,,,,,,,,,,,,,,,,,,,,,,,,,,,,,,,,,,,,,,,,,,,,,,,,,,,,,,,,,,,,,,,,,,,,,,,,,,,,,,,,,95636,"<span lang=""EN-GB"">Suppose
     you want to set up a reminder when you are alone at your home.<strong><o:p></o:p></strong></span>"
11/7/2018 12:06,11/7/2018 12:21,0,67.253.117.130,100,932,1,11/7/2018 12:21,R_4YGFld7wSpIhU3L,,,,,44.09480286,-70.23899841,anonymous,EN,"1,2,4","2,4,5",,1,,1,,3,,1,,"2,3","1,2,3",,"1,3",,1,2,,"1,2",,3,,1,,1,,"1,2",,,,,,,,,,,,,,,,,,,,,,,,,,,,,,,,,,,,,,,,,,,,,,,,,,,,,,,,,,,,,,,,,,,,,,,,,,,,,,,,,,,,,,,,,,,,,,,,,,,,,,,,,,,,,,,,,,,,,,,,,,,,,,,,,,,,,,,,,,,,,,,,,,,,,,,,,,,,,,,,,,,,,,,,,,,,,,,,,,,,,,,,98596,"<span lang=""EN-GB"">Suppose you are at sitting at Starbucks and you want to play a digital/online&nbsp;</span>game with some close friends."
11/7/2018 12:24,11/7/2018 12:24,0,99.203.74.43,100,9,1,11/7/2018 12:24,R_2VjBb0Ka0IArX18,,,,,33.94970703,-118.2462006,anonymous,EN,2,,,,,,,,,,,,,,,,,,,,,,,,,,,,,,,,,,,,,,,,,,,,,,,,,,,,,,,,,,,,,,,,,,,,,,,,,,,,,,,,,,,,,,,,,,,,,,,,,,,,,,,,,,,,,,,,,,,,,,,,,,,,,,,,,,,,,,,,,,,,,,,,,,,,,,,,,,,,,,,,,,,,,,,,,,,,,,,,,,,,,,,,,,,,,,,,,,,,,,,,,,,,,,,,,,,66523,"<span lang=""EN-GB"">Suppose you have planned to meet a friend next week and you want to put this on your calendar when you are surrounded by people you know (e.g., acquaintances, colleagues) at a restaurant.<o:p></o:p></span>"
11/7/2018 12:26,11/7/2018 12:31,0,73.90.207.71,100,351,1,11/7/2018 12:31,R_1Q6PwQcsQKa6Fnr,,,,,36.78630066,-119.828598,anonymous,EN,"1,2,4","2,3,4,5",,"1,3",,"1,2",,1,,"2,3,4",,"1,2","1,2,3",,"2,3",,"1,2,3","2,3,4",,"1,2,3",,"3,4,6",,2,,"1,3",,2,,,,,,,,,,,,,,,,,,,,,,,,,,,,,,,,,,,,,,,,,,,,,,,,,,,,,,,,,,,,,,,,,,,,,,,,,,,,,,,,,,,,,,,,,,,,,,,,,,,,,,,,,,,,,,,,,,,,,,,,,,,,,,,,,,,,,,,,,,,,,,,,,,,,,,,,,,,,,,,,,,,,,,,,,,,,,,,,,,,,,,,,82397,"<span lang=""EN-GB"">Suppose you want to a send a text message when you are alone at a street.<o:p></o:p></span>"
11/7/2018 12:33,11/7/2018 12:35,0,24.104.67.2,100,109,1,11/7/2018 12:35,R_2P0wKHcmzCDtc8v,,,,,39.95129395,-75.17410278,anonymous,EN,"1,2,4,5",4,,1,,4,,3,,4,,3,3,,3,,2,"2,3",,3,,4,,3,,3,,2,,,,,,,,,,,,,,,,,,,,,,,,,,,,,,,,,,,,,,,,,,,,,,,,,,,,,,,,,,,,,,,,,,,,,,,,,,,,,,,,,,,,,,,,,,,,,,,,,,,,,,,,,,,,,,,,,,,,,,,,,,,,,,,,,,,,,,,,,,,,,,,,,,,,,,,,,,,,,,,,,,,,,,,,,,,,,,,,,,,,,,,,57650,"<span lang=""EN-GB"">Suppose you want to browse the internet when you are alone at a restaurant.<o:p></o:p></span>"
11/7/2018 12:39,11/7/2018 12:40,0,71.34.153.69,100,30,1,11/7/2018 12:40,R_2wdc2T4YeDz7xOb,,,,,38.90499878,-104.6981964,anonymous,EN,4,,,,,,,,,,,,,,,,,,,,,,,,,,,,,,,,,,,,,,,,,,,,,,,,,,,,,,,,,,,,,,,,,,,,,,,,,,,,,,,,,,,,,,,,,,,,,,,,,,,,,,,,,,,,,,,,,,,,,,,,,,,,,,,,,,,,,,,,,,,,,,,,,,,,,,,,,,,,,,,,,,,,,,,,,,,,,,,,,,,,,,,,,,,,,,,,,,,,,,,,,,,,,,,,,,,2200,"<span lang=""EN-GB"">Suppose
     you want to call your mother for sharing an important update about your
     life when you are alone at Starbucks.<o:p></o:p></span>"
10/31/2018 13:38,10/31/2018 13:41,0,73.109.82.205,78,152,0,11/7/2018 12:41,R_3qlJMAoXmWhB6T0,,,,,,,anonymous,EN,"1,2,4",,,,,,,,,,,,,,,,,,,,,,,,,,,,,,,,,,,,,,,,,,,,,,,,,,,,,,,,,,,,,,,,,,,,,,,,,,,,,,,,,,,,,,,,,,,,,,,,,,,,,,,,,,,,,,,,,,,,,,,,,,,,,,,,,,,,,,,,,,,,,,,,,,,,,,,,,,,,,,,,,,,,,,,,,,,,,,,,,,,,,,,,,,,,,,,,,,,,,,,,,,,,,,,,,,,14281,"<span lang=""EN-GB"">Suppose
     you want to read a digital document when you are at home with people you
     are close to (e.g., friends, family members).<strong><o:p></o:p></strong></span>"
11/6/2018 13:00,11/7/2018 12:48,0,198.203.181.181,100,85659,1,11/7/2018 12:48,R_1OxBuGb1JMUW33K,,,,,37.75100708,-97.8219986,anonymous,EN,"1,2,3,4",7,,3,,"1,2,3",,1,,"1,4",,4,3,,"1,2,3",,"2,3","2,4",,"2,3",,2,,2,,"1,2,3",,"1,2",,,,,,,,,,,,,,,,,,,,,,,,,,,,,,,,,,,,,,,,,,,,,,,,,,,,,,,,,,,,,,,,,,,,,,,,,,,,,,,,,,,,,,,,,,,,,,,,,,,,,,,,,,,,,,,,,,,,,,,,,,,,,,,,,,,,,,,,,,,,,,,,,,,,,,,,,,,,,,,,,,,,,,,,,,,,,,,,,,,,,,,,28359,"<span lang=""EN-GB"">Suppose
     you want to take a click a photo when you are alone at home.<o:p></o:p></span>"
11/7/2018 12:40,11/7/2018 12:59,0,162.193.159.71,100,1102,1,11/7/2018 12:59,R_2bOkeQKmQwB7JQh,,,,,31.77630615,-106.4932022,anonymous,EN,"1,2,6","1,2",,1,,"1,2,3",,1,,1,,"2,3","1,2,3",,"1,2,3",,"2,3","1,2",,"1,2",,6,,"1,2",,"1,4",processing power and RAM,"1,2",,"2,6",,,,,,,,,,,,,,,,,,,,,,,,,,,,,,"1,2",,1,,"1,2,3",,1,,2,,"1,2","1,2",,"1,2,3",,"1,2,3",,1,,"1,2,3,4",,"1,2",,"1,2,3,4",,"1,2",,"1,2",,,,,,,,,,,,,,,,,,,,,,,,,,,,,,,,,,,,,,,,,,,,,,,,,,,,,,,,,,,,,,,,,,,,,,,,,,,,,,,,,,,,,,,,,"1,2",,5,,"1,2,3",,1,,1,,1,"1,2",,1,,"1,2",,"3,4",,"2,3,4",,"1,2",,"2,3,4",,1,,2,,,,,,,,,9308,"<span lang=""EN-GB"">Suppose you want to call your mother for sharing an important
     update about your life&nbsp; when you
     with people you know (e.g., acquaintances, colleagues) at a park<o:p></o:p></span>"
10/31/2018 14:03,10/31/2018 14:04,0,152.130.7.65,78,53,0,11/7/2018 13:04,R_2c7LBSBrgvX1VFx,,,,,,,anonymous,EN,"1,2,3,4,6",,,,,,,,,,,,,,,,,,,,,,,,,,,,,,,,,,,,,,,,,,,,,,,,,,,,,,,,,,,,,,,,,,,,,,,,,,,,,,,,,,,,,,,,,,,,,,,,,,,,,,,,,,,,,,,,,,,,,,,,,,,,,,,,,,,,,,,,,,,,,,,,,,,,,,,,,,,,,,,,,,,,,,,,,,,,,,,,,,,,,,,,,,,,,,,,,,,,,,,,,,,,,,,,,,,68438,"<span lang=""EN-GB"">Suppose you are on a short vacation and you want to take a picture in front&nbsp;</span>of an iconic monument when you are surrounded by many people."
11/7/2018 13:06,11/7/2018 13:06,0,172.58.201.19,100,30,1,11/7/2018 13:06,R_2bZ8vgArqJ3wnn7,,,,,40.03430176,-75.12129974,anonymous,EN,"2,4",,,,,,,,,,,,,,,,,,,,,,,,,,,,,,,,,,,,,,,,,,,,,,,,,,,,,,,,,,,,,,,,,,,,,,,,,,,,,,,,,,,,,,,,,,,,,,,,,,,,,,,,,,,,,,,,,,,,,,,,,,,,,,,,,,,,,,,,,,,,,,,,,,,,,,,,,,,,,,,,,,,,,,,,,,,,,,,,,,,,,,,,,,,,,,,,,,,,,,,,,,,,,,,,,,,8140,"<span lang=""EN-GB"" style=""font-size:11.0pt;line-height:115%;
font-family:&quot;Arial&quot;,sans-serif;mso-fareast-font-family:Arial;mso-ansi-language:
EN-GB;mso-fareast-language:EN-US;mso-bidi-language:AR-SA"">Suppose you have
planned to meet a friend next week and you want put this on your calendar<span style=""color:#434343""> when you with </span>people you know (e.g.,
acquaintances, colleagues)<span style=""color:#434343""> at a park</span></span>"
11/7/2018 13:09,11/7/2018 13:12,0,209.107.214.171,100,219,1,11/7/2018 13:12,R_1jwvX7Pwh8ILcOt,,,,,32.79040527,-96.80439758,anonymous,EN,"1,2,3,4,6",5,,3,,1,,1,,1,,"2,3","1,2",,5,,"2,3",6,,"1,2",,"2,6",,2,,"1,2",,2,,,,,,,,,,,,,,,,,,,,,,,,,,,,,,,,,,,,,,,,,,,,,,,,,,,,,,,,,,,,,,,,,,,,,,,,,,,,,,,,,,,,,,,,,,,,,,,,,,,,,,,,,,,,,,,,,,,,,,,,,,,,,,,,,,,,,,,,,,,,,,,,,,,,,,,,,,,,,,,,,,,,,,,,,,,,,,,,,,,,,,,,79715,"<span lang=""EN-GB"">Suppose
     you are at home with some people you know (e.g., acquaintances,
     colleagues) when you realize today is the last day to pay one of your
     bills online.<o:p></o:p></span>"
11/7/2018 13:09,11/7/2018 13:12,0,208.206.3.188,100,231,1,11/7/2018 13:12,R_DIVPVSjvVsJthwR,,,,,41.90499878,-71.1026001,anonymous,EN,"1,2,3,4,6","1,2,3",,3,,"1,2,3,4",,1,,1,,2,1,,2,,2,4,,2,,"3,4",,2,,2,,4,,2,,,,,,,,,,,,,,,,,,,,,,,,,,,,,,2,,2,,2,,1,,3,,1,2,,2,,2,,3,,3,,1,,2,,1,,2,,,,,,,,,,,,,,,,,,,,,,,,,,,,,,,,,,,,,,,,,,,,,,,,,,,,,,,,,,,,,,,,,,,,,,,,,,,,,,,,,,,,,,,,,,,,,,,,,,,,,,,,,,,,,,,,,,,,,,,,,,,,,46679,"Suppose you want to purchase something (e.g., book,
     household items) online when you are with people
     you know (e.g., acquaintances, colleagues) at
     Starbucks.<o:p></o:p>"
11/7/2018 13:13,11/7/2018 13:14,0,142.129.109.174,100,54,1,11/7/2018 13:14,R_1ezbZHP8YpkyjEu,,,,,34.07659912,-118.2646027,anonymous,EN,"1,2,3,5,6","1,3",,2,,"2,4",,1,,"3,4",,"2,3","2,3",,"2,3",,"2,3","2,4",,"1,2",,"1,2",,1,,"1,2",,"1,2",,,,,,,,,,,,,,,,,,,,,,,,,,,,,,,,,,,,,,,,,,,,,,,,,,,,,,,,,,,,,,,,,,,,,,,,,,,,,,,,,,,,,,,,,,,,,,,,,,,,,,,,,,,,,,,,,,,,,,,,,,,,,,,,,,,,,,,,,,,,,,,,,,,,,,,,,,,,,,,,,,,,,,,,,,,,,,,,,,,,,,,,91392,"<span lang=""EN-GB"">Suppose
     you want to call your mother for sharing an important update about your
     life when you are with a very close friend at a restaurant&nbsp;<o:p></o:p></span>"
10/31/2018 14:12,10/31/2018 14:15,0,73.226.185.204,78,194,0,11/7/2018 13:15,R_2zhCn6ca31aM6T0,,,,,,,anonymous,EN,"2,3,4,5",,,,,,,,,,,,,,,,,,,,,,,,,,,,,,,,,,,,,,,,,,,,,,,,,,,,,,,,,,,,,,,,,,,,,,,,,,,,,,,,,,,,,,,,,,,,,,,,,,,,,,,,,,,,,,,,,,,,,,,,,,,,,,,,,,,,,,,,,,,,,,,,,,,,,,,,,,,,,,,,,,,,,,,,,,,,,,,,,,,,,,,,,,,,,,,,,,,,,,,,,,,,,,,,,,,25960,"<span lang=""EN-GB"" style=""font-size:11.0pt;line-height:115%;
font-family:&quot;Arial&quot;,sans-serif;mso-fareast-font-family:Arial;mso-ansi-language:
EN-GB;mso-fareast-language:EN-US;mso-bidi-language:AR-SA"">Suppose you want to a
send a text message when you are alone at Starbucks.</span>"
11/7/2018 13:13,11/7/2018 13:17,0,167.99.169.48,100,267,1,11/7/2018 13:17,R_3CUfhkiBk0ULt1X,,,,,37.34829712,-121.9844055,anonymous,EN,"1,2,3,4",4,,3,,3,,1,,1,,2,1,,2,,3,6,,5,,3,,5,,1,,2,,,,,,,,,,,,,,,,,,,,,,,,,,,,,,,,,,,,,,,,,,,,,,,,,,,,,,,,,,,,,,,,,,,,,,,,,,,,,,,,,,,,,,,,,,,,,,,,,,,,,,,,,,,,,,,,,,,,,,,,,,,,,,,,,,,,,,,,,,,,,,,,,,,,,,,,,,,,,,,,,,,,,,,,,,,,,,,,,,,,,,,,53665,"<span lang=""EN-GB"">Suppose
     you want to a send an email when you are surrounded by people you know
     (e.g., acquaintances, colleagues) at a restaurant.<o:p></o:p></span>"
11/7/2018 13:17,11/7/2018 13:18,0,99.203.21.236,100,39,1,11/7/2018 13:18,R_1JJBkBiL221fnca,,,,,35.83340454,-78.57990265,anonymous,EN,"1,2",,,,,,,,,,,,,,,,,,,,,,,,,,,,,,,,,,,,,,,,,,,,,,,,,,,,,,,,,,,,,,,,,,,,,,,,,,,,,,,,,,,,,,,,,,,,,,,,,,,,,,,,,,,,,,,,,,,,,,,,,,,,,,,,,,,,,,,,,,,,,,,,,,,,,,,,,,,,,,,,,,,,,,,,,,,,,,,,,,,,,,,,,,,,,,,,,,,,,,,,,,,,,,,,,,,88472,"<span lang=""EN-GB"">Suppose
     you want to watch some video when you are with people you know (e.g.,
     acquaintances, colleagues) at your home.<o:p></o:p></span>"
11/7/2018 13:18,11/7/2018 13:20,0,104.63.109.149,100,122,1,11/7/2018 13:20,R_XR3eoL9LiJSpVHr,,,,,32.60839844,-117.0565033,anonymous,EN,"1,2,3,4,6","3,4",,2,,"2,3",,1,,"1,2",,"1,2","1,2",,"1,2",,"2,3","2,3,4",,"1,3",,"2,3,4",,"2,3",,"1,2",,"1,2",,,,,,,,,,,,,,,,,,,,,,,,,,,,,,,,,,,,,,,,,,,,,,,,,,,,,,,,,,,,,,,,,,,,,,,,,,,,,,,,,,,,,,,,,,,,,,,,,,,,,,,,,,,,,,,,,,,,,,,,,,,,,,,,,,,,,,,,,,,,,,,,,,,,,,,,,,,,,,,,,,,,,,,,,,,,,,,,,,,,,,,,51835,"<span lang=""EN-GB"">Suppose you are at work with some people you know (e.g., acquaintances, colleagues) when you realize that you have to immediately pay one of your bills online.<o:p></o:p></span>"
11/7/2018 13:18,11/7/2018 13:20,0,65.246.1.5,100,100,1,11/7/2018 13:20,R_3lzzBu6PfW5ZEkp,,,,,39.33650208,-76.54109955,anonymous,EN,"1,2,3,4,5",2,,1,,"1,2,3",,1,,"2,4",,"2,3","1,2,3",,"2,3",,4,"2,3",,"2,3",,"3,4",,"1,3",,5,,2,,,,,,,,,,,,,,,,,,,,,,,,,,,,,,,,,,,,,,,,,,,,,,,,,,,,,,,,,,,,,,,,,,,,,,,,,,,,,,,,,,,,,,,,,,,,,,,,,,,,,,,,,,,,,,,,,,,,,,,,,,,,,,,,,,,,,,,,,,,,,,,,,,,,,,,,,,,,,,,,,,,,,,,,,,,,,,,,,,,,,,,,31720,"<span lang=""EN-GB"">Suppose
     you are at starbucks and you realize today is the last day to pay one of
     your bills online.<o:p></o:p></span>"
11/7/2018 13:11,11/7/2018 13:24,0,173.216.98.133,100,770,1,11/7/2018 13:24,R_3iCKrjalhVVejgl,,,,,35.78259277,-91.6352005,anonymous,EN,"1,2,3,4","2,4",,"1,3",,"1,2,3",,1,,1,,3,"1,2,3",,"1,2",,"1,2,3",1,,"1,2",,"3,4",,"1,2",,"1,2",,2,,,,,,,,,,,,,,,,,,,,,,,,,,,,,,,,,,,,,,,,,,,,,,,,,,,,,,,,,,,,,,,,,,,,,,,,,,,,,,,,,,,,,,,,,,,,,,,,,,,,,,,,,,,,,,,,,,,,,,,,,,,,,,,,,,,,,,,,,,,,,,,,,,,,,,,,,,,,,,,,,,,,,,,,,,,,,,,,,,,,,,,,53523,"<span lang=""EN-GB"">Suppose you are at sitting at Starbucks and you want to play a digital/online&nbsp;</span>game."
11/7/2018 13:23,11/7/2018 13:26,0,99.203.128.54,100,191,1,11/7/2018 13:26,R_1pnSPVcciyvYzij,,,,,41.56959534,-81.52570343,anonymous,EN,"1,2",,,,,,,,,,,,,,,,,,,,,,,,,,,,,,,,,,,,,,,,,,,,,,,,,,,,,,,,,,,,,,,,,,,,,,,,,,,,,,,,,,,,,,,,,,,,,,,,,,,,,,,,,,,,,,,,,,,,,,,,,,,,,,,,,,,,,,,,,,,,,,,,,,,,,,,,,,,,,,,,,,,,,,,,,,,,,,,,,,,,,,,,,,,,,,,,,,,,,,,,,,,,,,,,,,,8517,"<span lang=""EN-GB"">Suppose
     you want to a send an email when you are walking on a street with people
     you know (e.g., acquaintances, colleagues)<strong>.</strong><o:p></o:p></span>"
10/31/2018 14:24,10/31/2018 14:27,0,104.219.34.241,88,170,0,11/7/2018 13:27,R_zVxeNMgcd2y5OUh,,,,,,,anonymous,EN,"1,2,3",2,,1,,1,,1,,1,,1,1,,1,,1,6,,1,,7,,1,,5,,4,,"1,2,3",,,,,,,,,,,,,,,,,,,,,,,,,,,,,,,,,,,,,,,,,,,,,,,,,,,,,,,,,,,2,,1,,1,,1,,1,,1,1,,5,,5,,6,,7,,1,,7,,5,,4,,,,,,,,,,,,,,,,,,,,,,,,,,,,,,,,,,,,,,,,,,,,,,,,,,,,,,,,,,,,,,,,,,,,,,,,,,,,,,,,,,,,,,,,,,,,,,,,80123,"<span lang=""EN-GB"">Suppose you want to control some devices/appliances (e.g., smart lights) when you are alone at home.<o:p></o:p></span>"
10/31/2018 14:28,10/31/2018 14:29,0,67.140.141.167,78,39,0,11/7/2018 13:29,R_2DSPNg5uHjz6Jk5,,,,,,,anonymous,EN,"1,3,4",,,,,,,,,,,,,,,,,,,,,,,,,,,,,,,,,,,,,,,,,,,,,,,,,,,,,,,,,,,,,,,,,,,,,,,,,,,,,,,,,,,,,,,,,,,,,,,,,,,,,,,,,,,,,,,,,,,,,,,,,,,,,,,,,,,,,,,,,,,,,,,,,,,,,,,,,,,,,,,,,,,,,,,,,,,,,,,,,,,,,,,,,,,,,,,,,,,,,,,,,,,,,,,,,,,95039,"<span lang=""EN-GB"">Suppose you have planned to meet a friend next week and you want to put this on your calendar when you are surrounded with people you are close to (e.g., friends, family members) at your home.<strong><o:p></o:p></strong></span>"
11/7/2018 13:29,11/7/2018 13:29,0,197.237.9.100,100,19,1,11/7/2018 13:29,R_2q2CxyJICvK7yWB,,,,,-1.283294678,36.81669617,anonymous,EN,2,,,,,,,,,,,,,,,,,,,,,,,,,,,,,,,,,,,,,,,,,,,,,,,,,,,,,,,,,,,,,,,,,,,,,,,,,,,,,,,,,,,,,,,,,,,,,,,,,,,,,,,,,,,,,,,,,,,,,,,,,,,,,,,,,,,,,,,,,,,,,,,,,,,,,,,,,,,,,,,,,,,,,,,,,,,,,,,,,,,,,,,,,,,,,,,,,,,,,,,,,,,,,,,,,,,48033,"<span lang=""EN-GB"">Suppose
     you want to find a route to home when you are at Starbucks with your close
     friends.<o:p></o:p></span>"
11/7/2018 13:29,11/7/2018 13:30,0,159.118.108.230,100,17,1,11/7/2018 13:30,R_1d68Y4atZuCgUaf,,,,,30.35980225,-89.16459656,anonymous,EN,"1,5",,,,,,,,,,,,,,,,,,,,,,,,,,,,,,,,,,,,,,,,,,,,,,,,,,,,,,,,,,,,,,,,,,,,,,,,,,,,,,,,,,,,,,,,,,,,,,,,,,,,,,,,,,,,,,,,,,,,,,,,,,,,,,,,,,,,,,,,,,,,,,,,,,,,,,,,,,,,,,,,,,,,,,,,,,,,,,,,,,,,,,,,,,,,,,,,,,,,,,,,,,,,,,,,,,,66493,"<span lang=""EN-GB"">Suppose
     you want to watch some video when you are with your close friends in a
     park.<o:p></o:p></span>"
11/7/2018 13:32,11/7/2018 13:38,0,70.63.116.210,100,353,1,11/7/2018 13:38,R_1rlxWrq9YKsJExG,,,,,35.80140686,-78.68769836,anonymous,EN,"1,2,3",2,,1,,1,,1,,1,,3,"1,2,3",,2,,3,"1,2,3",,1,,"1,3",,1,,"1,2,3",,2,,2,,,,,,,,,,,,,,,,,,,,,,,,,,,,,,2,,1,,1,,1,,1,,3,"1,2,3",,1,,2,,1,,3,,2,,6,,"1,2,3",,4,,,,,,,,,,,,,,,,,,,,,,,,,,,,,,,,,,,,,,,,,,,,,,,,,,,,,,,,,,,,,,,,,,,,,,,,,,,,,,,,,,,,,,,,,,,,,,,,,,,,,,,,,,,,,,,,,,,,,,,,,,,,,30971,"<span lang=""EN-GB"">Suppose
     you want to set up a reminder when you are with people you know (e.g.,
     acquaintances, colleagues) at your home.<o:p></o:p></span>"
11/7/2018 13:37,11/7/2018 13:39,0,173.173.58.217,100,133,1,11/7/2018 13:39,R_5njrwm1rw3yx6kV,,,,,31.07099915,-97.38980103,anonymous,EN,"1,2,3,6","1,2",,3,,"1,2",,1,,"1,2",,1,"1,2,3",,2,,"1,2",3,,3,,4,,1,,3,,"1,2",,,,,,,,,,,,,,,,,,,,,,,,,,,,,,,,,,,,,,,,,,,,,,,,,,,,,,,,,,,,,,,,,,,,,,,,,,,,,,,,,,,,,,,,,,,,,,,,,,,,,,,,,,,,,,,,,,,,,,,,,,,,,,,,,,,,,,,,,,,,,,,,,,,,,,,,,,,,,,,,,,,,,,,,,,,,,,,,,,,,,,,,64361,"Suppose you are alone at home, you want to take a break from studying/working&nbsp;<p>so you decide to play a video game with some with some people you know (e.g., acquaintances, colleagues).<o:p></o:p></p>"
11/7/2018 13:39,11/7/2018 13:41,0,192.243.74.12,100,117,1,11/7/2018 13:41,R_W8XeFP6ZCLl7bVL,,,,,38.04640198,-84.49530029,anonymous,EN,"2,3,4",4,,1,,3,,3,,1,,3,3,,3,,1,3,,2,,4,,2,,2,,1,,,,,,,,,,,,,,,,,,,,,,,,,,,,,,,,,,,,,,,,,,,,,,,,,,,,,,,,,,,,,,,,,,,,,,,,,,,,,,,,,,,,,,,,,,,,,,,,,,,,,,,,,,,,,,,,,,,,,,,,,,,,,,,,,,,,,,,,,,,,,,,,,,,,,,,,,,,,,,,,,,,,,,,,,,,,,,,,,,,,,,,,626,"<span lang=""EN-GB"">Suppose you want to watch some video when you are alone at your home.<strong><o:p></o:p></strong></span>"
10/31/2018 14:40,10/31/2018 14:41,0,68.230.52.46,78,74,0,11/7/2018 13:42,R_AmweNBugGZaGdZT,,,,,,,anonymous,EN,"2,3,4",,,,,,,,,,,,,,,,,,,,,,,,,,,,,,,,,,,,,,,,,,,,,,,,,,,,,,,,,,,,,,,,,,,,,,,,,,,,,,,,,,,,,,,,,,,,,,,,,,,,,,,,,,,,,,,,,,,,,,,,,,,,,,,,,,,,,,,,,,,,,,,,,,,,,,,,,,,,,,,,,,,,,,,,,,,,,,,,,,,,,,,,,,,,,,,,,,,,,,,,,,,,,,,,,,,42025,"<span lang=""EN-GB"">Suppose
     you want to a view a text message when you with people you know (e.g.,
     acquaintances, colleagues) at a street<strong>.</strong><o:p></o:p></span>"
11/7/2018 13:34,11/7/2018 13:45,0,50.53.21.124,100,660,1,11/7/2018 13:45,R_2rNRQw6La4QDIGF,,,,,45.52009583,-122.8603973,anonymous,EN,"1,2,3,4,6","2,5",,1,,"1,2,3",,1,,3,,3,2,,"1,2,3",,3,1,,2,,"1,2,3,4",,2,,1,,"1,2",,"2,6",,,,,,,,,,,,,,,,,,,,,,,,,,,,,,2,,1,,"1,2",,1,,1,,1,5,,"1,2",,"1,2",,3,,"1,2,3",,"1,2",,"1,2,3",,5,,4,,,,,,,,,,,,,,,,,,,,,,,,,,,,,,,,,,,,,,,,,,,,,,,,,,,,,,,,,,,,,,,,,,,,,,,,,,,,,,,,,,,,,,,,,2,,1,,"1,2,3",,1,,1,,2,5,,1,,"1,2",,3,,"1,2,3",,2,,"1,2,3",,5,,4,,,,,,,,,92330,"<span lang=""EN-GB"">Suppose
     you want to a view a text message
     when you are walking with a very close friend on a street<o:p></o:p></span>"
11/7/2018 13:43,11/7/2018 13:45,0,24.224.18.23,100,133,1,11/7/2018 13:45,R_11YhkbkFs9a4SXw,,,,,37.99310303,-100.9893036,anonymous,EN,"1,2,3,4,5,6",2,,1,,1,,1,,2,,3,3,,3,,1,"3,4",,1,,4,,3,,3,,4,,,,,,,,,,,,,,,,,,,,,,,,,,,,,,,,,,,,,,,,,,,,,,,,,,,,,,,,,,,,,,,,,,,,,,,,,,,,,,,,,,,,,,,,,,,,,,,,,,,,,,,,,,,,,,,,,,,,,,,,,,,,,,,,,,,,,,,,,,,,,,,,,,,,,,,,,,,,,,,,,,,,,,,,,,,,,,,,,,,,,,,,38737,"<span lang=""EN-GB"">Suppose
     you want to find a route to home when you are alone at Starbucks.<o:p></o:p></span>"
11/7/2018 13:45,11/7/2018 13:51,0,172.58.201.19,100,390,1,11/7/2018 13:51,R_1IhCuPLEreL23iR,,,,,40.03430176,-75.12129974,anonymous,EN,"1,2,4,5",2,,1,,"1,2,3",,1,,3,,2,"1,2",,"1,2",,2,"2,3",,"1,2",,"1,3",,"1,2",,"1,2,3",,2,,2,,,,,,,,,,,,,,,,,,,,,,,,,,,,,,"2,4",,3,,"1,2,3",,1,,2,,"1,2","1,2,3",,2,,3,,"2,3",,3,,"1,2",,1,,"1,2,3",,4,,,,,,,,,,,,,,,,,,,,,,,,,,,,,,,,,,,,,,,,,,,,,,,,,,,,,,,,,,,,,,,,,,,,,,,,,,,,,,,,,,,,,,,,,,,,,,,,,,,,,,,,,,,,,,,,,,,,,,,,,,,,,17990,"<span lang=""EN-GB"">Suppose you are on a short vacation alone and you want to take a picture in front&nbsp;</span>of an iconic monument."
11/7/2018 13:53,11/7/2018 13:56,0,73.48.230.135,100,211,1,11/7/2018 13:56,R_vZkyAueHtmMaLJf,,,,,36.82530212,-119.6801987,anonymous,EN,"1,2,3,4","1,2,4",,5,,"1,2",,1,,1,,3,3,,3,,3,"2,4",,1,,3,,2,,"1,2,3",,"1,2",,,,,,,,,,,,,,,,,,,,,,,,,,,,,,,,,,,,,,,,,,,,,,,,,,,,,,,,,,,,,,,,,,,,,,,,,,,,,,,,,,,,,,,,,,,,,,,,,,,,,,,,,,,,,,,,,,,,,,,,,,,,,,,,,,,,,,,,,,,,,,,,,,,,,,,,,,,,,,,,,,,,,,,,,,,,,,,,,,,,,,,,84683,"Suppose you want to find a route to a coffee shop
     when you are at home with your by your colleagues<o:p></o:p>"
10/31/2018 15:00,10/31/2018 15:00,0,76.219.73.98,1,6,0,11/7/2018 14:01,R_3NxgdzfHlgeerSE,,,,,,,anonymous,EN,,,,,,,,,,,,,,,,,,,,,,,,,,,,,,,,,,,,,,,,,,,,,,,,,,,,,,,,,,,,,,,,,,,,,,,,,,,,,,,,,,,,,,,,,,,,,,,,,,,,,,,,,,,,,,,,,,,,,,,,,,,,,,,,,,,,,,,,,,,,,,,,,,,,,,,,,,,,,,,,,,,,,,,,,,,,,,,,,,,,,,,,,,,,,,,,,,,,,,,,,,,,,,,,,,,,94693,"<span lang=""EN-GB"">Suppose you are at a coffee shop, you have just read a book you loved and now&nbsp;</span>you want to write a review for it to share with your close family and friends."
11/7/2018 14:09,11/7/2018 14:10,0,73.61.18.157,100,19,1,11/7/2018 14:10,R_1rdeI65pd04nUPA,,,,,42.34269714,-71.09220123,anonymous,EN,1,,,,,,,,,,,,,,,,,,,,,,,,,,,,,,,,,,,,,,,,,,,,,,,,,,,,,,,,,,,,,,,,,,,,,,,,,,,,,,,,,,,,,,,,,,,,,,,,,,,,,,,,,,,,,,,,,,,,,,,,,,,,,,,,,,,,,,,,,,,,,,,,,,,,,,,,,,,,,,,,,,,,,,,,,,,,,,,,,,,,,,,,,,,,,,,,,,,,,,,,,,,,,,,,,,,31730,"<span lang=""EN-GB"">Suppose
     you want to set up a reminder when you are at a park by yourself.<o:p></o:p></span>"
11/7/2018 14:09,11/7/2018 14:12,0,98.172.83.110,100,187,1,11/7/2018 14:12,R_2aRmEvHqe3XaTRy,,,,,33.59609985,-112.1199036,anonymous,EN,"1,2,4",2,,1,,1,,1,,2,,2,1,,2,,3,2,,2,,3,,2,,1,,2,,,,,,,,,,,,,,,,,,,,,,,,,,,,,,,,,,,,,,,,,,,,,,,,,,,,,,,,,,,,,,,,,,,,,,,,,,,,,,,,,,,,,,,,,,,,,,,,,,,,,,,,,,,,,,,,,,,,,,,,,,,,,,,,,,,,,,,,,,,,,,,,,,,,,,,,,,,,,,,,,,,,,,,,,,,,,,,,,,,,,,,,2129,"<span lang=""EN-GB"">Suppose
     you want to set up a reminder about something when you are with people you
     know (e.g., acquaintances, colleagues) at Starbucks.<o:p></o:p></span>"
11/7/2018 14:08,11/7/2018 14:14,0,67.42.90.221,100,310,1,11/7/2018 14:14,R_1P19XAgEJnf4JH6,,,,,47.36070251,-122.6000977,anonymous,EN,"1,2,4,6",2,,1,,2,,1,,3,,4,2,,3,,2,2,,2,,3,,2,,1,,4,,,,,,,,,,,,,,,,,,,,,,,,,,,,,,,,,,,,,,,,,,,,,,,,,,,,,,,,,,,,,,,,,,,,,,,,,,,,,,,,,,,,,,,,,,,,,,,,,,,,,,,,,,,,,,,,,,,,,,,,,,,,,,,,,,,,,,,,,,,,,,,,,,,,,,,,,,,,,,,,,,,,,,,,,,,,,,,,,,,,,,,,53870,"<span lang=""EN-GB"">Suppose you want to watch some video when you are with your close friends at Starbucks.<o:p></o:p></span>"
11/7/2018 14:11,11/7/2018 14:20,0,199.101.34.12,100,562,1,11/7/2018 14:20,R_1rxIXejquUzO7d2,,,,,33.43209839,-111.642601,anonymous,EN,"1,2,3,4,5","1,2,5",,"1,2",,"1,2,3,4",,1,,1,,2,"1,2,3",,"1,2,3",,2,"1,2,3,4",,"1,2,3",,6,,"1,2,3",,5,,"1,2",,"1,2,4,5","1,2,4",,"1,2",,2,,1,,1,,2,"1,2,3",,"1,2,3",,"1,2",,1,,"2,3,4",,2,,"2,3,4",,"1,3",,"1,2",,"1,2,5",,"1,2",,"1,2,3",,1,,1,,2,"1,2,3",,"1,2,3",,1,,2,,"1,2,3,4",,"1,2",,"1,2,3",,"1,2,3",,2,,,,,,,,,,,,,,,,,,,,,,,,,,,,,,,"1,2,3,5",,"1,2",,2,,1,,1,,2,"1,2,3",,"1,2,3",,"1,2",,3,,"2,3",,2,,"2,3,4",,"1,2",,2,,"1,2",,2,,"1,2,4",,1,,1,,2,"1,2,3",,"1,3",,1,,4,,6,,3,,"1,2,4",,5,,2,,,,,,,,,,,,,,,,,,,,,,,,,,,,,,,,,,,,,,52415,"<span style=""color: rgb(0, 0, 0); font-family: Times; font-size: 16px;"">Suppose you want control some devices/appliances (e.g., smart lights) when you are with people you know (e.g., acquaintances, colleagues).</span>"
11/7/2018 14:19,11/7/2018 14:21,0,12.111.139.130,100,107,1,11/7/2018 14:21,R_1GwZQUkgIwf9JL9,,,,,30.26870728,-81.74729919,anonymous,EN,"1,2,3","1,2,4,5",,2,,"1,2,3",,3,,3,,2,3,,3,,4,2,,"1,3",,"1,4",,"2,3",,3,,1,,,,,,,,,,,,,,,,,,,,,,,,,,,,,,,,,,,,,,,,,,,,,,,,,,,,,,,,,,,,,,,,,,,,,,,,,,,,,,,,,,,,,,,,,,,,,,,,,,,,,,,,,,,,,,,,,,,,,,,,,,,,,,,,,,,,,,,,,,,,,,,,,,,,,,,,,,,,,,,,,,,,,,,,,,,,,,,,,,,,,,,,37324,"<span lang=""EN-GB"">Suppose
     you want to a send an email when you are with a very close friend at a
     restaurant&nbsp;<o:p></o:p></span>"
11/7/2018 14:24,11/7/2018 14:24,0,96.19.10.138,100,38,1,11/7/2018 14:24,R_2xEnOdGINAVup4k,,,,,34.70550537,-112.2639008,anonymous,EN,"1,2",,,,,,,,,,,,,,,,,,,,,,,,,,,,,,,,,,,,,,,,,,,,,,,,,,,,,,,,,,,,,,,,,,,,,,,,,,,,,,,,,,,,,,,,,,,,,,,,,,,,,,,,,,,,,,,,,,,,,,,,,,,,,,,,,,,,,,,,,,,,,,,,,,,,,,,,,,,,,,,,,,,,,,,,,,,,,,,,,,,,,,,,,,,,,,,,,,,,,,,,,,,,,,,,,,,2158,"<span lang=""EN-GB"">Suppose you have planned to meet a friend next week and you want to put this on your calendar when you are alone at Starbucks.<o:p></o:p></span>"
11/7/2018 14:19,11/7/2018 14:25,0,72.224.10.231,100,371,1,11/7/2018 14:25,R_p3OCBC7omd4ZlIJ,,,,,42.72869873,-73.66829681,anonymous,EN,"1,2,5","1,2,3",,5,,1,,1,,2,,1,5,,5,,1,6,,2,,6,,2,,"1,2",,2,,2,,,,,,,,,,,,,,,,,,,,,,,,,,,,,,7,,5,,6,,3,,6,,4,5,,5,,5,,6,,7,,5,,7,,5,,4,,,,,,,,,,,,,,,,,,,,,,,,,,,,,,,,,,,,,,,,,,,,,,,,,,,,,,,,,,,,,,,,,,,,,,,,,,,,,,,,,,,,,,,,,,,,,,,,,,,,,,,,,,,,,,,,,,,,,,female,26,mturk worker,2,7,white and hispanic,2,80584,"<span lang=""EN-GB"">Suppose you want to browse the internet when you are with people you know (e.g., acquaintances, colleagues) at a restaurant.<o:p></o:p></span>"
11/7/2018 14:27,11/7/2018 14:35,0,143.176.14.237,100,447,1,11/7/2018 14:35,R_1cS5JTJYwNMIx2u,,,,,52.36300659,4.89239502,anonymous,EN,"1,2,4","1,2,3,4",,"1,2,3",,"1,2",,1,,"1,3,4",,2,"1,2",,5,,2,"2,3",,"1,2",,"1,2,3,6",,"1,2",,"1,2,3",,"1,2",,2,,,,,,,,,,,,,,,,,,,,,,,,,,,,,,"1,2",,3,,2,,1,,2,,3,5,,5,,5,,"3,4",,"1,2",,2,,"1,2,3",,"1,2",,4,,,,,,,,,,,,,,,,,,,,,,,,,,,,,,,,,,,,,,,,,,,,,,,,,,,,,,,,,,,,,,,,,,,,,,,,,,,,,,,,,,,,,,,,,,,,,,,,,,,,,,,,,,,,,,,,,,,,,,,,,,,,,75985,"<span lang=""EN-GB"">Suppose you want to call your mother for sharing an important
     update about your life&nbsp; when you
     with people you know (e.g., acquaintances, colleagues) at a park<o:p></o:p></span>"
10/31/2018 15:34,10/31/2018 15:35,0,104.235.142.154,78,70,0,11/7/2018 14:35,R_2flzxPJs2VkcMKf,,,,,,,anonymous,EN,"1,2,3,4",,,,,,,,,,,,,,,,,,,,,,,,,,,,,,,,,,,,,,,,,,,,,,,,,,,,,,,,,,,,,,,,,,,,,,,,,,,,,,,,,,,,,,,,,,,,,,,,,,,,,,,,,,,,,,,,,,,,,,,,,,,,,,,,,,,,,,,,,,,,,,,,,,,,,,,,,,,,,,,,,,,,,,,,,,,,,,,,,,,,,,,,,,,,,,,,,,,,,,,,,,,,,,,,,,,7538,"<span lang=""EN-GB"">Suppose you are at home with people you are close to (e.g., friends, family members) when you realize today is the last day to pay one of your bills online.<o:p></o:p></span>"
11/7/2018 14:33,11/7/2018 14:37,0,128.248.76.109,100,204,1,11/7/2018 14:37,R_1MQVwjrxqMwixjg,,,,,41.88049316,-87.68730164,anonymous,EN,"1,2,3",2,,1,,1,,1,,1,,3,3,,1,,4,2,,5,,"3,4",,2,,1,,4,,,,,,,,,,,,,,,,,,,,,,,,,,,,,,,,,,,,,,,,,,,,,,,,,,,,,,,,,,,,,,,,,,,,,,,,,,,,,,,,,,,,,,,,,,,,,,,,,,,,,,,,,,,,,,,,,,,,,,,,,,,,,,,,,,,,,,,,,,,,,,,,,,,,,,,,,,,,,,,,,,,,,,,,,,,,,,,,,,,,,,,,60687,"<span lang=""EN-GB"">Suppose
     you want to call your mother for sharing an important update about your
     life when you are alone at Starbucks.<o:p></o:p></span>"
11/7/2018 14:38,11/7/2018 14:38,0,107.208.243.132,100,17,1,11/7/2018 14:38,R_1hF0WIILD9JF2UA,,,,,31.83830261,-106.5363998,anonymous,EN,"1,2",,,,,,,,,,,,,,,,,,,,,,,,,,,,,,,,,,,,,,,,,,,,,,,,,,,,,,,,,,,,,,,,,,,,,,,,,,,,,,,,,,,,,,,,,,,,,,,,,,,,,,,,,,,,,,,,,,,,,,,,,,,,,,,,,,,,,,,,,,,,,,,,,,,,,,,,,,,,,,,,,,,,,,,,,,,,,,,,,,,,,,,,,,,,,,,,,,,,,,,,,,,,,,,,,,,8259,"<span lang=""EN-GB"">Suppose
     you want to set up a reminder when you are at home with people you are
     close to (e.g., friends, family members).<strong><o:p></o:p></strong></span>"
11/7/2018 14:35,11/7/2018 14:40,0,68.226.85.183,100,315,1,11/7/2018 14:40,R_30f6Z4EDUGchBgd,,,,,41.89639282,-71.52069855,anonymous,EN,"1,2,3,4,5,6","2,4,5",,1,,"1,2",,3,,1,,3,"1,2",,1,,3,2,,"1,2",,4,,2,,5,,4,,,,,,,,,,,,,,,,,,,,,,,,,,,,,,,,,,,,,,,,,,,,,,,,,,,,,,,,,,,,,,,,,,,,,,,,,,,,,,,,,,,,,,,,,,,,,,,,,,,,,,,,,,,,,,,,,,,,,,,,,,,,,,,,,,,,,,,,,,,,,,,,,,,,,,,,,,,,,,,,,,,,,,,,,,,,,,,,,,,,,,,,24632,"<span lang=""EN-GB"">Suppose you are alone at home when you realize today is the last day to pay one of your bills online.<o:p></o:p></span>"
10/31/2018 15:35,10/31/2018 15:40,0,67.189.131.19,88,315,0,11/7/2018 14:40,R_eIIntwawRjRmR4l,,,,,,,anonymous,EN,"1,2,3,4","2,5",,5,,6,,3,,1,,4,"1,2,3,4","not being cyberstalked and having absolutely every bit of data collected, stored and/or sold",5,,4,6,,5,,5,something that isn't annoying and the ability to turn off/minimize notifications,5,,5,,4,,"2,4",,,,,,,,,,,,,,,,,,,,,,,,,,,,,,,,,,,,,,,,,,,,,,,,,,,,,,,,,,,,,,,,,,,,,,,,,,,,,,,,,,,,,,,,,,,,,,,,,,,,,,,,,,,,,,,,,,,,,,,,,,,,,,,,,,,,,,,,,,,,,,,,,,,,,,,,,,,,,,,,,,,,,,,,,,,,,,,,,,,,,,41445,"<span lang=""EN-GB"">Suppose you want to browse the internet when you are with your close friends at a park.<o:p></o:p></span>"
11/7/2018 14:39,11/7/2018 14:42,0,128.239.108.100,100,170,1,11/7/2018 14:42,R_2AKLl0zBkDQmG4N,,,,,37.3105011,-76.74680328,anonymous,EN,1,,,,,,,,,,,,,,,,,,,,,,,,,,,,,,,,,,,,,,,,,,,,,,,,,,,,,,,,,,,,,,,,,,,,,,,,,,,,,,,,,,,,,,,,,,,,,,,,,,,,,,,,,,,,,,,,,,,,,,,,,,,,,,,,,,,,,,,,,,,,,,,,,,,,,,,,,,,,,,,,,,,,,,,,,,,,,,,,,,,,,,,,,,,,,,,,,,,,,,,,,,,,,,,,,,,88457,"<span lang=""EN-GB"" style=""font-size:11.0pt;line-height:115%;
font-family:&quot;Arial&quot;,sans-serif;mso-fareast-font-family:Arial;mso-ansi-language:
EN-GB;mso-fareast-language:EN-US;mso-bidi-language:AR-SA"">Suppose you want to a
send an email when you are alone at home</span>"
11/7/2018 14:47,11/7/2018 14:48,0,209.193.15.146,100,33,1,11/7/2018 14:48,R_1LqvEPPW6TkDTsN,,,,,60.61450195,-151.2546082,anonymous,EN,"1,2",,,,,,,,,,,,,,,,,,,,,,,,,,,,,,,,,,,,,,,,,,,,,,,,,,,,,,,,,,,,,,,,,,,,,,,,,,,,,,,,,,,,,,,,,,,,,,,,,,,,,,,,,,,,,,,,,,,,,,,,,,,,,,,,,,,,,,,,,,,,,,,,,,,,,,,,,,,,,,,,,,,,,,,,,,,,,,,,,,,,,,,,,,,,,,,,,,,,,,,,,,,,,,,,,,,7665,"<span lang=""EN-GB"">Suppose
     you want to set up a reminder about something when you are at Starbucks by
     yourself.<o:p></o:p></span>"
11/7/2018 14:48,11/7/2018 14:48,0,209.193.15.146,100,13,1,11/7/2018 14:48,R_1qUjEoYFndr8QWd,,,,,60.61450195,-151.2546082,anonymous,EN,"1,3",,,,,,,,,,,,,,,,,,,,,,,,,,,,,,,,,,,,,,,,,,,,,,,,,,,,,,,,,,,,,,,,,,,,,,,,,,,,,,,,,,,,,,,,,,,,,,,,,,,,,,,,,,,,,,,,,,,,,,,,,,,,,,,,,,,,,,,,,,,,,,,,,,,,,,,,,,,,,,,,,,,,,,,,,,,,,,,,,,,,,,,,,,,,,,,,,,,,,,,,,,,,,,,,,,,91601,"<span lang=""EN-GB"">Suppose
     you want to watch some video when you are alone at Starbucks.<o:p></o:p></span>"
10/31/2018 15:48,10/31/2018 15:53,0,204.145.237.254,88,292,0,11/7/2018 14:53,R_2wv2pbEu7HAQ96D,,,,,,,anonymous,EN,"1,2,3,4,5","2,4,5",,1,,"1,3",,1,,1,,3,"1,2,3",,5,,3,"1,3",,2,,"1,2,3,4",,2,,"1,2",,"1,2",,"1,2,3,4",,,,,,,,,,,,,,,,,,,,,,,,,,,,,,,,,,,,,,,,,,,,,,,,,,,,,,,,,,,,,,,,,,,,,,,,,,,,,,,,,,,,,,,,,,,,,,,,,,,,,,,,,,,,,,,,,,,,,,,,,,,,,,,,,,,,,,,,,,,,,,,,,,,,,,,,,,,,,,,,,,,,,,,,,,,,,,,,,,,,,,33271,"<span lang=""EN-GB"">Suppose it is a regular working day, you want to track the total amount of calories&nbsp;</span>you consume and burn off during the day.&nbsp;"
11/7/2018 14:57,11/7/2018 14:59,0,204.210.213.184,100,97,1,11/7/2018 14:59,R_1eKPHUw5xF9Egez,,,,,42.11329651,-80.09760284,anonymous,EN,"1,2,3,4,6",4,,2,,3,,3,,3,,2,2,,1,,2,3,,2,,7,,2,,3,,2,,"1,4",3,,2,,3,,3,,2,,4,5,,3,,3,,2,,4,,1,,2,,3,,1,,,,,,,,,,,,,,,,,,,,,,,,,,,,,,,,,,,,,,,,,,,,,,,,,,,,,,,,,,,,3,,2,,3,,1,,2,,1,2,,2,,2,,3,,3,,1,,2,,1,,2,,,,,,,,,,,,,,,,,,,,,,,,,,,,,,,,,,,,,,,,,,,,,,,,,,,,,,,,,,,,,,,,,,,99954,"<span lang=""EN-GB"">Suppose you want to call your mother for sharing an important
     update about your life when you are surrounded by people you know (e.g.,
     acquaintances, colleagues) at your home.<o:p></o:p></span>"
11/7/2018 14:58,11/7/2018 15:03,0,74.92.223.177,100,313,1,11/7/2018 15:03,R_31hgIg0b7xA7x7v,,,,,39.70860291,-104.9311981,anonymous,EN,"1,2,4,5",1,,"1,2,3",,"1,2,3,4",,1,,3,,3,"1,2,4",when it records,"1,2,3",,"1,2","1,3,4",,"1,2,3",,"2,3,5",Yelp alert,"1,3",,"1,2,3",,"1,2",,,,,,,,,,,,,,,,,,,,,,,,,,,,,,,,,,,,,,,,,,,,,,,,,,,,,,,,,,,,,,,,,,,,,,,,,,,,,,,,,,,,,,,,,,,,,,,,,,,,,,,,,,,,,,,,,,,,,,,,,,,,,,,,,,,,,,,,,,,,,,,,,,,,,,,,,,,,,,,,,,,,,,,,,,,,,,,,,,,,,,,,6637,"<span lang=""EN-GB"">Suppose you want to find a route to a coffee shop when you are
     at home </span><span lang=""EN-GB"">with
     people you are close to (e.g., friends, family members)</span><strong><span lang=""EN-GB""><o:p></o:p></span></strong>"
11/7/2018 14:54,11/7/2018 15:04,0,24.173.132.158,100,578,1,11/7/2018 15:04,R_1f1VeSFuXuXNJGP,,,,,27.4066925,-82.38999939,anonymous,EN,"1,2,3,4","1,2",,5,,1,,1,,3,,2,2,,1,,2,6,,2,,6,,2,,1,,4,,2,,,,,,,,,,,,,,,,,,,,,,,,,,,,,,"1,2",,5,,1,,1,,2,,"1,2",2,,1,,1,,"3,4",,"1,2",,2,,"1,2",,1,,4,,,,,,,,,,,,,,,,,,,,,,,,,,,,,,,,,,,,,,,,,,,,,,,,,,,,,,,,,,,,,,,,,,,,,,,,,,,,,,,,,,,,,,,,,,,,,,,,,,,,,,,,,,,,,,,,,,,,,,Female,59,Paralegal,7,1,,5,42007,"<span lang=""EN-GB"">Suppose
     you want to call your mother for sharing an important update about your
     life yourself when you are with a very close friend at a park.&nbsp;<o:p></o:p></span>"
10/30/2018 16:37,10/31/2018 16:12,0,100.14.228.55,78,84901,0,11/7/2018 15:12,R_Au5QbfPYvPILxxT,,,,,,,anonymous,EN,"2,3,4,5",,,,,,,,,,,,,,,,,,,,,,,,,,,,,,,,,,,,,,,,,,,,,,,,,,,,,,,,,,,,,,,,,,,,,,,,,,,,,,,,,,,,,,,,,,,,,,,,,,,,,,,,,,,,,,,,,,,,,,,,,,,,,,,,,,,,,,,,,,,,,,,,,,,,,,,,,,,,,,,,,,,,,,,,,,,,,,,,,,,,,,,,,,,,,,,,,,,,,,,,,,,,,,,,,,,99349,"<span lang=""EN-GB"">Suppose you want to control some devices/appliances (e.g., smart lights) when you are alone at home.<o:p></o:p></span>"
10/31/2018 16:16,10/31/2018 16:16,0,71.245.252.57,1,14,0,11/7/2018 15:17,R_2pPJisGDUHuV8Vl,,,,,,,anonymous,EN,,,,,,,,,,,,,,,,,,,,,,,,,,,,,,,,,,,,,,,,,,,,,,,,,,,,,,,,,,,,,,,,,,,,,,,,,,,,,,,,,,,,,,,,,,,,,,,,,,,,,,,,,,,,,,,,,,,,,,,,,,,,,,,,,,,,,,,,,,,,,,,,,,,,,,,,,,,,,,,,,,,,,,,,,,,,,,,,,,,,,,,,,,,,,,,,,,,,,,,,,,,,,,,,,,,,89736,"<span lang=""EN-GB"">Suppose you want to a send a text message when you are alone at a street.<o:p></o:p></span>"
11/7/2018 15:14,11/7/2018 15:18,0,38.108.137.247,100,264,1,11/7/2018 15:18,R_3mmiaDOe0FsHJdp,,,,,41.56950378,-93.79940033,anonymous,EN,"1,2,3,4","1,2",,2,,"1,3,4",,1,,1,,"2,3","2,3",,"1,3",,2,"2,4",,2,,"2,4",,2,,"1,3",,4,,,,,,,,,,,,,,,,,,,,,,,,,,,,,,,,,,,,,,,,,,,,,,,,,,,,,,,,,,,,,,,,,,,,,,,,,,,,,,,,,,,,,,,,,,,,,,,,,,,,,,,,,,,,,,,,,,,,,,,,,,,,,,,,,,,,,,,,,,,,,,,,,,,,,,,,,,,,,,,,,,,,,,,,,,,,,,,,,,,,,,,,59913,"<span lang=""EN-GB"">Suppose you have planned to meet a friend next week and you want to put this on your calendar when you are surrounded with people you are close to (e.g., friends, family members) at your home.<strong><o:p></o:p></strong></span>"
11/7/2018 15:00,11/7/2018 15:19,0,98.212.246.35,100,1167,1,11/7/2018 15:19,R_AHenTF1EcFZFUtj,,,,,40.13699341,-87.62169647,anonymous,EN,"1,2,4,5",2,,3,,"1,2,3",,1,,"1,3",,2,"1,3",,3,,1,"2,3",,1,,"1,3,4",,1,,"1,2,3",,"1,2",,,,,,,,,,,,,,,,,,,,,,,,,,,,,,,,,,,,,,,,,,,,,,,,,,,,,,,,,,,,,,,,,,,,,,,,,,,,,,,,,,,,,,,,,,,,,,,,,,,,,,,,,,,,,,,,,,,,,,,,,,,,,,,,,,,,,,,,,,,,,,,,,,,,,,,,,,,,,,,,,,,,,,,,,,,,,,,,,,,,,,,,32869,"<span lang=""EN-GB"">Suppose
     you want to a send a text message when you are surrounded by people you
     know (e.g., acquaintances, colleagues) at your home.<o:p></o:p></span>"
10/31/2018 16:21,10/31/2018 16:22,0,71.176.70.228,1,17,0,11/7/2018 15:24,R_12AzxaF9vfkrDTq,,,,,,,anonymous,EN,"1,2,3,4,5,6",,,,,,,,,,,,,,,,,,,,,,,,,,,,,,,,,,,,,,,,,,,,,,,,,,,,,,,,,,,,,,,,,,,,,,,,,,,,,,,,,,,,,,,,,,,,,,,,,,,,,,,,,,,,,,,,,,,,,,,,,,,,,,,,,,,,,,,,,,,,,,,,,,,,,,,,,,,,,,,,,,,,,,,,,,,,,,,,,,,,,,,,,,,,,,,,,,,,,,,,,,,,,,,,,,,6286,"<span lang=""EN-GB"">Suppose you are on a short vacation alone and you want to take a picture in front&nbsp;</span>of an iconic monument."
11/7/2018 15:17,11/7/2018 15:25,0,157.166.167.129,100,444,1,11/7/2018 15:25,R_7NSZJWib5QqTxbb,,,,,33.82359314,-84.3214035,anonymous,EN,"1,2,4,6","2,4,5",,"1,3",,"1,2,3",,1,,"1,2,3",,"1,2,3",3,,5,,3,"1,2,3",,"1,2",,"3,6",,"1,2",,5,,2,,,,,,,,,,,,,,,,,,,,,,,,,,,,,,,,,,,,,,,,,,,,,,,,,,,,,,,,,,,,,,,,,,,,,,,,,,,,,,,,,,,,,,,,,,,,,,,,,,,,,,,,,,,,,,,,,,,,,,,,,,,,,,,,,,,,,,,,,,,,,,,,,,,,,,,,,,,,,,,,,,,,,,,,,,,,,,,,,,,,,,,,82430,"<span lang=""EN-GB"" style=""font-size:11.0pt;line-height:115%;
font-family:&quot;Arial&quot;,sans-serif;mso-fareast-font-family:Arial;mso-ansi-language:
EN-GB;mso-fareast-language:EN-US;mso-bidi-language:AR-SA"">Suppose you want to a
send an email when you are at Starbucks.</span>"
11/7/2018 15:25,11/7/2018 15:31,0,68.9.19.218,100,358,1,11/7/2018 15:31,R_pFSwdBUQMJTeShb,,,,,41.90890503,-71.43479919,anonymous,EN,"1,2,3,4,5,6","1,2,3,4",,1,,1,,1,,1,,1,"1,2",,"1,2,3",,"1,2","1,2",,1,,"3,4",,1,,"1,2,3",,2,,,,,,,,,,,,,,,,,,,,,,,,,,,,,,,,,,,,,,,,,,,,,,,,,,,,,,,,,,,,,,,,,,,,,,,,,,,,,,,,,,,,,,,,,,,,,,,,,,,,,,,,,,,,,,,,,,,,,,,,,,,,,,,,,,,,,,,,,,,,,,,,,,,,,,,,,,,,,,,,,,,,,,,,,,,,,,,,,,,,,,,,27027,"<span lang=""EN-GB"">Suppose you are at home with people you are close to (e.g., friends, family members) when you realize today is the last day to pay one of your bills online.<o:p></o:p></span>"
11/7/2018 15:30,11/7/2018 15:34,0,76.120.83.60,100,224,1,11/7/2018 15:34,R_3hylbQtfBLS7ra0,,,,,39.82589722,-104.9113007,anonymous,EN,"1,2,4,5","1,5",,"2,3",,"3,4",,1,,4,,3,"1,2",,"2,3",,3,"2,3",,"2,3",,"1,2,3",,"1,2,3",,5,,4,,,,,,,,,,,,,,,,,,,,,,,,,,,,,,,,,,,,,,,,,,,,,,,,,,,,,,,,,,,,,,,,,,,,,,,,,,,,,,,,,,,,,,,,,,,,,,,,,,,,,,,,,,,,,,,,,,,,,,,,,,,,,,,,,,,,,,,,,,,,,,,,,,,,,,,,,,,,,,,,,,,,,,,,,,,,,,,,,,,,,,,,3492,"<span lang=""EN-GB"">Suppose you have planned to meet a friend next week and you want to put this on your calendar when you are surrounded by people you know (e.g., acquaintances, colleagues) at a restaurant.<o:p></o:p></span>"
11/7/2018 15:29,11/7/2018 15:43,0,174.192.18.216,100,845,1,11/7/2018 15:43,R_306KNuwSosZDU94,,,,,42.35839844,-71.05979919,anonymous,EN,"1,2,3","2,4,5",,1,,"1,2,3",,3,,1,,3,"1,2,3",,"1,2,3",,3,"1,2",,5,,"1,3,4",,"1,2",,"1,2,4",security issues,"1,2",,,,,,,,,,,,,,,,,,,,,,,,,,,,,,,,,,,,,,,,,,,,,,,,,,,,,,,,,,,,,,,,,,,,,,,,,,,,,,,,,,,,,,,,,,,,,,,,,,,,,,,,,,,,,,,,,,,,,,,,,,,,,,,,,,,,,,,,,,,,,,,,,,,,,,,,,,,,,,,,,,,,,,,,,,,,,,,,,,,,,,,,9304,"<span lang=""EN-GB"">Suppose
     you want to read a digital document) when you are at home with people you
     know (e.g., acquaintances, colleagues).<o:p></o:p></span>"
11/7/2018 15:34,11/7/2018 15:44,0,69.207.192.31,100,570,1,11/7/2018 15:44,R_a4rVTpik2Wsaty1,,,,,42.70050049,-74.92430115,anonymous,EN,"1,2,3","1,2",,1,,2,,1,,"1,2",,1,"1,2",,"1,2",,2,1,,2,,4,,2,,"1,2",,4,,,,,,,,,,,,,,,,,,,,,,,,,,,,,,,,,,,,,,,,,,,,,,,,,,,,,,,,,,,,,,,,,,,,,,,,,,,,,,,,,,,,,,,,,,,,,,,,,,,,,,,,,,,,,,,,,,,,,,,,,,,,,,,,,,,,,,,,,,,,,,,,,,,,,,,,,,,,,,,,,,,,,,,,,,,,,,,,,,,,,,,,83881,"<span lang=""EN-GB"">Suppose you want to watch some video when you are alone in a park.<o:p></o:p></span>"
11/7/2018 15:23,11/7/2018 15:45,0,73.119.226.90,100,1300,1,11/7/2018 15:45,R_2sSH0soK7OBIJKk,,,,,42.96560669,-71.44930267,anonymous,EN,"1,2,4","2,3",,1,,"1,2,3",,1,,1,,3,2,,1,,3,"1,2,3",,"1,2,3",,"3,4",,"1,2,3",,"1,3",,"1,2",,"2,4",,,,,,,,,,,,,,,,,,,,,,,,,,,,,,"2,5",,1,,"1,2,3",,1,,"1,2,3",,"1,2",2,,"2,3",,"1,2,3",,"1,2,3",,"3,4",,"1,2",,"3,4",,"1,3",,"1,2",,,,,,,,,,,,,,,,,,,,,,,,,,,,,,,"1,2,3,5",,1,,"1,2,3",,1,,"1,2",,3,2,,"2,3",,5,,1,,4,,"1,2",,4,,"1,3",,"1,2",,,,,,,,,,,,,,,,,,,,,,,,,,,,,,,,,,,,,,,,,,,,,,,,,,,,,,,,,,,,,,,,,,,54487,"<span lang=""EN-GB"">Suppose you are on a short vacation and you want to take a picture in front&nbsp;</span>of an iconic monument when you are surrounded by many people."
11/7/2018 15:45,11/7/2018 15:45,0,172.58.21.218,100,13,1,11/7/2018 15:45,R_1EhdcVH3Wtuznrc,,,,,33.95689392,-118.3072968,anonymous,EN,"1,2",,,,,,,,,,,,,,,,,,,,,,,,,,,,,,,,,,,,,,,,,,,,,,,,,,,,,,,,,,,,,,,,,,,,,,,,,,,,,,,,,,,,,,,,,,,,,,,,,,,,,,,,,,,,,,,,,,,,,,,,,,,,,,,,,,,,,,,,,,,,,,,,,,,,,,,,,,,,,,,,,,,,,,,,,,,,,,,,,,,,,,,,,,,,,,,,,,,,,,,,,,,,,,,,,,,87767,"<span lang=""EN-GB"">Suppose you want to find a route to home while walking on a street.<o:p></o:p></span>"
11/7/2018 15:46,11/7/2018 15:50,0,71.34.17.50,100,249,1,11/7/2018 15:50,R_2ALuNO3mOUvIfxH,,,,,44.93840027,-93.2213974,anonymous,EN,"1,2,4",5,,5,,"2,3",,3,,1,,3,5,,2,,3,6,,"1,2",,7,,1,,1,,4,,,,,,,,,,,,,,,,,,,,,,,,,,,,,,,,,,,,,,,,,,,,,,,,,,,,,,,,,,,,,,,,,,,,,,,,,,,,,,,,,,,,,,,,,,,,,,,,,,,,,,,,,,,,,,,,,,,,,,,,,,,,,,,,,,,,,,,,,,,,,,,,,,,,,,,,,,,,,,,,,,,,,,,,,,,,,,,,,,,,,,,,67793,"<span lang=""EN-GB"">Suppose
     you want to a send a text message when you are surrounded by people you
     know (e.g., acquaintances, colleagues) at a restaurant.<o:p></o:p></span>"
11/7/2018 16:04,11/7/2018 16:04,0,172.58.232.169,100,21,1,11/7/2018 16:04,R_yz5iLP7NsbOEQDv,,,,,40.73210144,-74.06600189,anonymous,EN,"1,2",,,,,,,,,,,,,,,,,,,,,,,,,,,,,,,,,,,,,,,,,,,,,,,,,,,,,,,,,,,,,,,,,,,,,,,,,,,,,,,,,,,,,,,,,,,,,,,,,,,,,,,,,,,,,,,,,,,,,,,,,,,,,,,,,,,,,,,,,,,,,,,,,,,,,,,,,,,,,,,,,,,,,,,,,,,,,,,,,,,,,,,,,,,,,,,,,,,,,,,,,,,,,,,,,,,71494,"<span lang=""EN-GB"">Suppose you are alone at home, you want to take a break from studying/working&nbsp;</span>so you decide to play an online/digital game with some close friends ."
11/7/2018 16:07,11/7/2018 16:11,0,108.48.11.55,100,225,1,11/7/2018 16:11,R_uqQ793jCDQrz8e5,,,,,38.98390198,-77.36750031,anonymous,EN,"1,2,3,4","2,5",,1,,"1,3",,1,,1,,3,2,,3,,1,6,,2,,6,,2,,"1,2,3",,4,,,,,,,,,,,,,,,,,,,,,,,,,,,,,,,,,,,,,,,,,,,,,,,,,,,,,,,,,,,,,,,,,,,,,,,,,,,,,,,,,,,,,,,,,,,,,,,,,,,,,,,,,,,,,,,,,,,,,,,,,,,,,,,,,,,,,,,,,,,,,,,,,,,,,,,,,,,,,,,,,,,,,,,,,,,,,,,,,,,,,,,,25686,"<span lang=""EN-GB"">Suppose you want to set up a reminder about something when you are at Starbucks with close friends.<o:p></o:p></span>"
11/7/2018 16:12,11/7/2018 16:13,0,108.12.239.48,100,25,1,11/7/2018 16:13,R_1jJvGDqrpyOu3m2,,,,,41.87289429,-71.39070129,anonymous,EN,"1,2",,,,,,,,,,,,,,,,,,,,,,,,,,,,,,,,,,,,,,,,,,,,,,,,,,,,,,,,,,,,,,,,,,,,,,,,,,,,,,,,,,,,,,,,,,,,,,,,,,,,,,,,,,,,,,,,,,,,,,,,,,,,,,,,,,,,,,,,,,,,,,,,,,,,,,,,,,,,,,,,,,,,,,,,,,,,,,,,,,,,,,,,,,,,,,,,,,,,,,,,,,,,,,,,,,,28703,"<span lang=""EN-GB"">Suppose you have planned to meet a friend next week and you want to put this on your calendar when you are with a very close friend at a park.&nbsp;<o:p></o:p></span>"
11/7/2018 15:47,11/7/2018 16:13,0,98.197.167.218,100,1578,1,11/7/2018 16:13,R_TipvCkjdEIPPVbX,,,,,30.00419617,-95.17279816,anonymous,EN,"1,2,5","1,2",,1,,2,,1,,"1,3",,"2,3","1,2",,1,,2,1,,2,,"2,3,4",,2,,2,,2,,,,,,,,,,,,,,,,,,,,,,,,,,,,,,,,,,,,,,,,,,,,,,,,,,,,,,,,,,,,,,,,,,,,,,,,,,,,,,,,,,,,,,,,,,,,,,,,,,,,,,,,,,,,,,,,,,,,,,,,,,,,,,,,,,,,,,,,,,,,,,,,,,,,,,,,,,,,,,,,,,,,,,,,,,,,,,,,,,,,,,,,86523,"<span lang=""EN-GB"">Suppose you want to read a digital document when you are at a park.<o:p></o:p></span>"
11/7/2018 16:24,11/7/2018 16:26,0,104.48.179.53,100,126,1,11/7/2018 16:26,R_3qF2HF2Ag6GPJng,,,,,29.54049683,-95.32080078,anonymous,EN,"1,2,3",2,,"1,3",,"1,2",,1,,"1,4",,"1,2",1,,"1,3",,2,"1,3",,2,,4,,"1,3",,"1,2",,1,,,,,,,,,,,,,,,,,,,,,,,,,,,,,,,,,,,,,,,,,,,,,,,,,,,,,,,,,,,,,,,,,,,,,,,,,,,,,,,,,,,,,,,,,,,,,,,,,,,,,,,,,,,,,,,,,,,,,,,,,,,,,,,,,,,,,,,,,,,,,,,,,,,,,,,,,,,,,,,,,,,,,,,,,,,,,,,,,,,,,,,,75342,"<span lang=""EN-GB"">Suppose you are at Starbucks with your close friends and you realize today is the last day to pay one of your bills online.<o:p></o:p></span>"
11/7/2018 16:24,11/7/2018 16:28,0,68.44.158.184,100,227,1,11/7/2018 16:28,R_2dg6ArmabTFwbxc,,,,,39.67889404,-86.13020325,anonymous,EN,"1,2,3,4,5","2,3,5",,1,,"1,3",,1,,1,,"2,3","1,2,3",,"2,3",,"2,3","1,2",,"1,2",,3,,"1,2,3",,"1,2",,"1,2",,,,,,,,,,,,,,,,,,,,,,,,,,,,,,,,,,,,,,,,,,,,,,,,,,,,,,,,,,,,,,,,,,,,,,,,,,,,,,,,,,,,,,,,,,,,,,,,,,,,,,,,,,,,,,,,,,,,,,,,,,,,,,,,,,,,,,,,,,,,,,,,,,,,,,,,,,,,,,,,,,,,,,,,,,,,,,,,,,,,,,,,96933,"<span lang=""EN-GB"">Suppose
     you want to a view a text message when you are surrounded by people you
     know (e.g., acquaintances, colleagues) at a restaurant.<o:p></o:p></span>"
11/7/2018 16:25,11/7/2018 16:30,0,130.76.112.27,100,316,1,11/7/2018 16:30,R_tSrDVTy4GRrtpCx,,,,,38.57829285,-90.66660309,anonymous,EN,"1,2,3","2,3",,"1,2",,3,,1,,1,,"1,3","1,2,3",,1,,"1,2","1,2",,"1,2",,"4,6",,2,,"1,2",,4,,,,,,,,,,,,,,,,,,,,,,,,,,,,,,,,,,,,,,,,,,,,,,,,,,,,,,,,,,,,,,,,,,,,,,,,,,,,,,,,,,,,,,,,,,,,,,,,,,,,,,,,,,,,,,,,,,,,,,,,,,,,,,,,,,,,,,,,,,,,,,,,,,,,,,,,,,,,,,,,,,,,,,,,,,,,,,,,,,,,,,,,67697,"<span lang=""EN-GB"">Suppose
     you want to set up a reminder when you with people you know (e.g.,
     acquaintances, colleagues) at a park.<o:p></o:p></span>"
11/7/2018 16:38,11/7/2018 16:46,0,24.45.155.43,100,502,1,11/7/2018 16:46,R_2y7MucxQYofWwGB,,,,,40.76089478,-72.98709869,anonymous,EN,"1,2,3,4,5","2,4,5",,3,,"1,2,3,4",,1,,"1,3",,3,"1,2,3",,2,,3,"1,2,3,4",,"1,2,3",,"1,3",,"1,2,3",,"1,2,3",,"1,2",,2,,,,,,,,,,,,,,,,,,,,,,,,,,,,,,"1,2,5",,3,,"1,2,3",,1,,1,,3,"1,2,3",,2,,"1,2",,"1,2",,"1,3",,"1,2",,"1,3",,"1,2,3",,2,,,,,,,,,,,,,,,,,,,,,,,,,,,,,,,,,,,,,,,,,,,,,,,,,,,,,,,,,,,,,,,,,,,,,,,,,,,,,,,,,,,,,,,,,,,,,,,,,,,,,,,,,,,,,,,,,,,,,,,,,,,,,74674,"<span lang=""EN-GB"">Suppose you have planned to meet a friend next week and you want to put this on your calendar when you are alone at a park<o:p></o:p></span>"
11/7/2018 16:47,11/7/2018 16:47,0,192.180.6.93,100,41,1,11/7/2018 16:47,R_3rHDFGG7KoAoj6k,,,,,41.12379456,-83.18440247,anonymous,EN,"1,2,3,4",3,,3,,1,,1,,4,,2,2,,2,,4,3,,1,,1,,5,,2,,2,,,,,,,,,,,,,,,,,,,,,,,,,,,,,,,,,,,,,,,,,,,,,,,,,,,,,,,,,,,,,,,,,,,,,,,,,,,,,,,,,,,,,,,,,,,,,,,,,,,,,,,,,,,,,,,,,,,,,,,,,,,,,,,,,,,,,,,,,,,,,,,,,,,,,,,,,,,,,,,,,,,,,,,,,,,,,,,,,,,,,,,,99551,"<span lang=""EN-GB"" style=""font-size:11.0pt;line-height:115%;
font-family:&quot;Arial&quot;,sans-serif;mso-fareast-font-family:Arial;mso-ansi-language:
EN-GB;mso-fareast-language:EN-US;mso-bidi-language:AR-SA"">Suppose you want to
take a click a photo when you are at Starbucks.</span>"
10/31/2018 17:49,10/31/2018 17:50,0,71.176.70.228,1,20,0,11/7/2018 16:50,R_72FfIn7M3Gv9yrD,,,,,,,anonymous,EN,"1,2,3,4,5",,,,,,,,,,,,,,,,,,,,,,,,,,,,,,,,,,,,,,,,,,,,,,,,,,,,,,,,,,,,,,,,,,,,,,,,,,,,,,,,,,,,,,,,,,,,,,,,,,,,,,,,,,,,,,,,,,,,,,,,,,,,,,,,,,,,,,,,,,,,,,,,,,,,,,,,,,,,,,,,,,,,,,,,,,,,,,,,,,,,,,,,,,,,,,,,,,,,,,,,,,,,,,,,,,,97015,"<span lang=""EN-GB"">Suppose
     you are at a park and you realize today is the last day to pay one of your
     bills online.<o:p></o:p></span>"
10/31/2018 17:52,10/31/2018 17:57,0,71.65.112.114,87,280,0,11/7/2018 16:57,R_3NJu60k3u3FNC4b,,,,,,,anonymous,EN,"1,2,3",2,,1,,"1,2",,3,,1,,3,"1,2",,5,,3,1,,5,,6,,5,,"1,3",,2,,,,,,,,,,,,,,,,,,,,,,,,,,,,,,,,,,,,,,,,,,,,,,,,,,,,,,,,,,,,,,,,,,,,,,,,,,,,,,,,,,,,,,,,,,,,,,,,,,,,,,,,,,,,,,,,,,,,,,,,,,,,,,,,,,,,,,,,,,,,,,,,,,,,,,,,,,,,,,,,,,,,,,,,,,,,,,,,,,,,,,,,47264,"<span lang=""EN-GB"">Suppose you want to read a digital document when you are in a park with people you know (e.g., acquaintances, colleagues).<o:p></o:p></span>"
11/5/2018 17:28,11/7/2018 16:58,0,73.66.56.180,100,171013,1,11/7/2018 16:58,R_eX4jcv6vCsj8dMt,,,,,38.65539551,-121.2611008,anonymous,EN,1,,,,,,,,,,,,,,,,,,,,,,,,,,,,,,,,,,,,,,,,,,,,,,,,,,,,,,,,,,,,,,,,,,,,,,,,,,,,,,,,,,,,,,,,,,,,,,,,,,,,,,,,,,,,,,,,,,,,,,,,,,,,,,,,,,,,,,,,,,,,,,,,,,,,,,,,,,,,,,,,,,,,,,,,,,,,,,,,,,,,,,,,,,,,,,,,,,,,,,,,,,,,,,,,,,,54639,"<span lang=""EN-GB"">Suppose
     you want to watch some video when
     you are at home with people you are close to (e.g., friends, family
     members)<strong><o:p></o:p></strong></span>"
10/31/2018 17:54,10/31/2018 17:59,0,104.190.140.50,78,251,0,11/7/2018 16:59,R_uxpAu0F4CcpotJT,,,,,,,anonymous,EN,"1,2,4",,,,,,,,,,,,,,,,,,,,,,,,,,,,,,,,,,,,,,,,,,,,,,,,,,,,,,,,,,,,,,,,,,,,,,,,,,,,,,,,,,,,,,,,,,,,,,,,,,,,,,,,,,,,,,,,,,,,,,,,,,,,,,,,,,,,,,,,,,,,,,,,,,,,,,,,,,,,,,,,,,,,,,,,,,,,,,,,,,,,,,,,,,,,,,,,,,,,,,,,,,,,,,,,,,,26397,"<span lang=""EN-GB"">Suppose you are at work with some people you know (e.g., acquaintances, colleagues) when you realize that you have to immediately pay one of your bills online.<o:p></o:p></span>"
11/7/2018 16:44,11/7/2018 16:59,0,68.55.75.147,100,853,1,11/7/2018 16:59,R_10pKmvS1pUuXpGc,,,,,42.65930176,-83.12249756,anonymous,EN,"1,2,4",5,,3,,1,,1,,1,,1,1,,3,,2,3,,1,,3,,1,,1,,2,,,,,,,,,,,,,,,,,,,,,,,,,,,,,,,,,,,,,,,,,,,,,,,,,,,,,,,,,,,,,,,,,,,,,,,,,,,,,,,,,,,,,,,,,,,,,,,,,,,,,,,,,,,,,,,,,,,,,,,,,,,,,,,,,,,,,,,,,,,,,,,,,,,,,,,,,,,,,,,,,,,,,,,,,,,,,,,,,,,,,,,,39536,"<span lang=""EN-GB"">Suppose
     you want to set up a reminder when you are alone at your home.<strong><o:p></o:p></strong></span>"
11/7/2018 16:53,11/7/2018 17:00,0,142.93.17.55,100,372,1,11/7/2018 17:00,R_3nBPasA5wA0XY3m,,,,,37.34829712,-121.9844055,anonymous,EN,"2,3,6",7,,3,,6,,3,,4,,"2,3",2,,2,,4,2,,2,,3,,2,,1,,2,,,,,,,,,,,,,,,,,,,,,,,,,,,,,,,,,,,,,,,,,,,,,,,,,,,,,,,,,,,,,,,,,,,,,,,,,,,,,,,,,,,,,,,,,,,,,,,,,,,,,,,,,,,,,,,,,,,,,,,,,,,,,,,,,,,,,,,,,,,,,,,,,,,,,,,,,,,,,,,,,,,,,,,,,,,,,,,,,,,,,,,,88750,"<span lang=""EN-GB"">Suppose
     you want to purchase something online when you are with people you know
     (e.g., acquaintances, colleagues) at your home.<o:p></o:p></span>"
10/31/2018 17:38,10/31/2018 18:08,0,66.250.143.159,78,1791,0,11/7/2018 17:08,R_2uwJ47HsI7POZMF,,,,,,,anonymous,EN,"1,3,4",,,,,,,,,,,,,,,,,,,,,,,,,,,,,,,,,,,,,,,,,,,,,,,,,,,,,,,,,,,,,,,,,,,,,,,,,,,,,,,,,,,,,,,,,,,,,,,,,,,,,,,,,,,,,,,,,,,,,,,,,,,,,,,,,,,,,,,,,,,,,,,,,,,,,,,,,,,,,,,,,,,,,,,,,,,,,,,,,,,,,,,,,,,,,,,,,,,,,,,,,,,,,,,,,,,39875,"<span lang=""EN-GB"">Suppose
     you are at home with some people you know (e.g., acquaintances,
     colleagues) when you realize today is the last day to pay one of your
     bills online.<o:p></o:p></span>"
11/7/2018 17:16,11/7/2018 17:16,0,24.38.196.246,100,26,1,11/7/2018 17:16,R_bqhzTSPVaA02UJH,,,,,40.62049866,-73.92389679,anonymous,EN,"1,2",,,,,,,,,,,,,,,,,,,,,,,,,,,,,,,,,,,,,,,,,,,,,,,,,,,,,,,,,,,,,,,,,,,,,,,,,,,,,,,,,,,,,,,,,,,,,,,,,,,,,,,,,,,,,,,,,,,,,,,,,,,,,,,,,,,,,,,,,,,,,,,,,,,,,,,,,,,,,,,,,,,,,,,,,,,,,,,,,,,,,,,,,,,,,,,,,,,,,,,,,,,,,,,,,,,88223,"<span lang=""EN-GB"">Suppose
     you want to listen to some audio when you are with your close friends in a
     park.<o:p></o:p></span>"
10/31/2018 18:17,10/31/2018 18:19,0,71.71.202.110,78,130,0,11/7/2018 17:19,R_TemA3aXwufL2PcJ,,,,,,,anonymous,EN,"1,2,3",,,,,,,,,,,,,,,,,,,,,,,,,,,,,,,,,,,,,,,,,,,,,,,,,,,,,,,,,,,,,,,,,,,,,,,,,,,,,,,,,,,,,,,,,,,,,,,,,,,,,,,,,,,,,,,,,,,,,,,,,,,,,,,,,,,,,,,,,,,,,,,,,,,,,,,,,,,,,,,,,,,,,,,,,,,,,,,,,,,,,,,,,,,,,,,,,,,,,,,,,,,,,,,,,,,47473,"<span lang=""EN-GB"" style=""font-size:11.0pt;line-height:115%;
font-family:&quot;Arial&quot;,sans-serif;mso-fareast-font-family:Arial;mso-ansi-language:
EN-GB;mso-fareast-language:EN-US;mso-bidi-language:AR-SA"">Suppose you want to
find a route to a coffee shop when you are alone at home.</span>"
11/7/2018 17:20,11/7/2018 17:20,0,75.17.226.28,100,40,1,11/7/2018 17:20,R_3h5ebXQDTWkoc0U,,,,,32.91029358,-96.72850037,anonymous,EN,"2,3",,,,,,,,,,,,,,,,,,,,,,,,,,,,,,,,,,,,,,,,,,,,,,,,,,,,,,,,,,,,,,,,,,,,,,,,,,,,,,,,,,,,,,,,,,,,,,,,,,,,,,,,,,,,,,,,,,,,,,,,,,,,,,,,,,,,,,,,,,,,,,,,,,,,,,,,,,,,,,,,,,,,,,,,,,,,,,,,,,,,,,,,,,,,,,,,,,,,,,,,,,,,,,,,,,,79216,"<span lang=""EN-GB"">Suppose
     you want to set up a reminder when you with people you know (e.g.,
     acquaintances, colleagues) at a park.<o:p></o:p></span>"
11/7/2018 17:24,11/7/2018 17:27,0,107.77.236.19,100,192,1,11/7/2018 17:27,R_XmMfkcuU1BWANqN,,,,,34.07969666,-83.93080139,anonymous,EN,"1,2,4",1,,3,,"1,2",,3,,4,,2,1,,1,,1,4,,1,,1,,2,,"2,3",,2,,,,,,,,,,,,,,,,,,,,,,,,,,,,,,,,,,,,,,,,,,,,,,,,,,,,,,,,,,,,,,,,,,,,,,,,,,,,,,,,,,,,,,,,,,,,,,,,,,,,,,,,,,,,,,,,,,,,,,,,,,,,,,,,,,,,,,,,,,,,,,,,,,,,,,,,,,,,,,,,,,,,,,,,,,,,,,,,,,,,,,,,24450,"<span lang=""EN-GB"">Suppose you want to a send a text message when you are surrounded with people you are close to (e.g., friends, family members) at your home.<strong><o:p></o:p></strong></span>"
11/7/2018 17:27,11/7/2018 17:28,0,73.160.155.33,100,58,1,11/7/2018 17:28,R_2sk8sGYnaenhlER,,,,,39.75390625,-74.9960022,anonymous,EN,"1,2,3","1,3,4",,"2,3",,"1,2",,1,,1,,2,"1,3",,2,,2,"1,2,3",,"1,3",,"1,3",,"1,2",,"1,2",,1,,,,,,,,,,,,,,,,,,,,,,,,,,,,,,,,,,,,,,,,,,,,,,,,,,,,,,,,,,,,,,,,,,,,,,,,,,,,,,,,,,,,,,,,,,,,,,,,,,,,,,,,,,,,,,,,,,,,,,,,,,,,,,,,,,,,,,,,,,,,,,,,,,,,,,,,,,,,,,,,,,,,,,,,,,,,,,,,,,,,,,,,37744,"<span lang=""EN-GB"">Suppose you are at sitting at Starbucks and you want to play a digital/online&nbsp;</span>game."
10/31/2018 18:28,10/31/2018 18:28,0,71.176.70.228,1,17,0,11/7/2018 17:28,R_1g2eElkV1tIEftU,,,,,,,anonymous,EN,"1,2,3,4,5",,,,,,,,,,,,,,,,,,,,,,,,,,,,,,,,,,,,,,,,,,,,,,,,,,,,,,,,,,,,,,,,,,,,,,,,,,,,,,,,,,,,,,,,,,,,,,,,,,,,,,,,,,,,,,,,,,,,,,,,,,,,,,,,,,,,,,,,,,,,,,,,,,,,,,,,,,,,,,,,,,,,,,,,,,,,,,,,,,,,,,,,,,,,,,,,,,,,,,,,,,,,,,,,,,,69110,"<span lang=""EN-GB"">Suppose
     you want to set up a reminder about something when you are at Starbucks by
     yourself.<o:p></o:p></span>"
10/31/2018 18:29,10/31/2018 18:29,0,73.34.171.124,1,15,0,11/7/2018 17:30,R_3qr1yKCFvu7l7mo,,,,,,,anonymous,EN,,,,,,,,,,,,,,,,,,,,,,,,,,,,,,,,,,,,,,,,,,,,,,,,,,,,,,,,,,,,,,,,,,,,,,,,,,,,,,,,,,,,,,,,,,,,,,,,,,,,,,,,,,,,,,,,,,,,,,,,,,,,,,,,,,,,,,,,,,,,,,,,,,,,,,,,,,,,,,,,,,,,,,,,,,,,,,,,,,,,,,,,,,,,,,,,,,,,,,,,,,,,,,,,,,,,19024,"Suppose you want to purchase something (e.g., book,
     household items) online when you are with people
     you know (e.g., acquaintances, colleagues) at
     Starbucks.<o:p></o:p>"
10/31/2018 18:30,10/31/2018 18:32,0,24.154.43.118,77,67,0,11/7/2018 17:32,R_26fHS7guiTTXGds,,,,,,,anonymous,EN,"1,2,3",,,,,,,,,,,,,,,,,,,,,,,,,,,,,,,,,,,,,,,,,,,,,,,,,,,,,,,,,,,,,,,,,,,,,,,,,,,,,,,,,,,,,,,,,,,,,,,,,,,,,,,,,,,,,,,,,,,,,,,,,,,,,,,,,,,,,,,,,,,,,,,,,,,,,,,,,,,,,,,,,,,,,,,,,,,,,,,,,,,,,,,,,,,,,,,,,,,,,,,,,,,,,,,,,,,215,"<span lang=""EN-GB"">Suppose you want to find a route to a coffee shop when you are
     at home </span><span lang=""EN-GB"">with
     people you are close to (e.g., friends, family members)</span><strong><span lang=""EN-GB""><o:p></o:p></span></strong>"
10/27/2018 13:33,10/31/2018 18:34,0,108.219.51.154,1,363667,0,11/7/2018 17:35,R_x57fGrmTGnDmrS1,,,,,,,anonymous,EN,,,,,,,,,,,,,,,,,,,,,,,,,,,,,,,,,,,,,,,,,,,,,,,,,,,,,,,,,,,,,,,,,,,,,,,,,,,,,,,,,,,,,,,,,,,,,,,,,,,,,,,,,,,,,,,,,,,,,,,,,,,,,,,,,,,,,,,,,,,,,,,,,,,,,,,,,,,,,,,,,,,,,,,,,,,,,,,,,,,,,,,,,,,,,,,,,,,,,,,,,,,,,,,,,,,,85919,"<span lang=""EN-GB"">Suppose you want to set up a reminder when you are at a park with close friends.<o:p></o:p></span>"
11/7/2018 17:35,11/7/2018 17:35,0,172.58.105.166,100,34,1,11/7/2018 17:35,R_wSNVT2TWyZvMRdn,,,,,32.78289795,-96.87139893,anonymous,EN,"1,2",,,,,,,,,,,,,,,,,,,,,,,,,,,,,,,,,,,,,,,,,,,,,,,,,,,,,,,,,,,,,,,,,,,,,,,,,,,,,,,,,,,,,,,,,,,,,,,,,,,,,,,,,,,,,,,,,,,,,,,,,,,,,,,,,,,,,,,,,,,,,,,,,,,,,,,,,,,,,,,,,,,,,,,,,,,,,,,,,,,,,,,,,,,,,,,,,,,,,,,,,,,,,,,,,,,7090,"<span lang=""EN-GB"">Suppose
     you want to set up a reminder about something when you are at Starbucks by
     yourself.<o:p></o:p></span>"
11/7/2018 17:35,11/7/2018 17:39,0,73.21.12.45,100,215,1,11/7/2018 17:39,R_26b9m4dtHPTt3aW,,,,,31.60429382,-81.88710022,anonymous,EN,"1,2,3,4,6",7,,1,,"1,2,3,4",,1,,1,,1,5,,1,,1,"1,2,3",,5,,"1,2,3,4",,"1,2",,1,,"1,2",,,,,,,,,,,,,,,,,,,,,,,,,,,,,,,,,,,,,,,,,,,,,,,,,,,,,,,,,,,,,,,,,,,,,,,,,,,,,,,,,,,,,,,,,,,,,,,,,,,,,,,,,,,,,,,,,,,,,,,,,,,,,,,,,,,,,,,,,,,,,,,,,,,,,,,,,,,,,,,,,,,,,,,,,,,,,,,,,,,,,,,,28730,"<span lang=""EN-GB"" style=""font-size:11.0pt;line-height:115%;
font-family:&quot;Arial&quot;,sans-serif;mso-fareast-font-family:Arial;mso-ansi-language:
EN-GB;mso-fareast-language:EN-US;mso-bidi-language:AR-SA"">Suppose you want to
read a digital document when you are at Starbucks surrounded with your close
friends.</span>"
11/7/2018 17:39,11/7/2018 17:43,0,73.32.85.185,100,214,1,11/7/2018 17:43,R_12Gz1O4GybF3TLr,,,,,29.9335022,-95.39810181,anonymous,EN,"1,2,3,4,5","1,2,3,4,5",,"1,2",,1,,1,,2,,2,"1,2",,"1,2,3",,"2,3","2,3,4",,"1,2,3",,"1,2,3",,"1,2,3",,"1,2,3",,"1,2",,,,,,,,,,,,,,,,,,,,,,,,,,,,,,,,,,,,,,,,,,,,,,,,,,,,,,,,,,,,,,,,,,,,,,,,,,,,,,,,,,,,,,,,,,,,,,,,,,,,,,,,,,,,,,,,,,,,,,,,,,,,,,,,,,,,,,,,,,,,,,,,,,,,,,,,,,,,,,,,,,,,,,,,,,,,,,,,,,,,,,,,69943,"<span lang=""EN-GB"">Suppose you want to browse internet when you are with your close friends at a restaurant.<o:p></o:p></span>"
10/31/2018 18:40,10/31/2018 18:42,0,71.176.70.228,1,159,0,11/7/2018 17:43,R_3gUFEXDYI6AfMNW,,,,,,,anonymous,EN,"1,2,3,4,5,6",,,,,,,,,,,,,,,,,,,,,,,,,,,,,,,,,,,,,,,,,,,,,,,,,,,,,,,,,,,,,,,,,,,,,,,,,,,,,,,,,,,,,,,,,,,,,,,,,,,,,,,,,,,,,,,,,,,,,,,,,,,,,,,,,,,,,,,,,,,,,,,,,,,,,,,,,,,,,,,,,,,,,,,,,,,,,,,,,,,,,,,,,,,,,,,,,,,,,,,,,,,,,,,,,,,30399,"<span lang=""EN-GB"">Suppose you want to take a click a photo when you are with your close friends&nbsp;</span>and family members at Starbucks"
10/31/2018 18:44,10/31/2018 18:46,0,199.189.242.15,77,119,0,11/7/2018 17:46,R_1C2sUSKzZ82Ijx6,,,,,,,anonymous,EN,"1,2,3,4",,,,,,,,,,,,,,,,,,,,,,,,,,,,,,,,,,,,,,,,,,,,,,,,,,,,,,,,,,,,,,,,,,,,,,,,,,,,,,,,,,,,,,,,,,,,,,,,,,,,,,,,,,,,,,,,,,,,,,,,,,,,,,,,,,,,,,,,,,,,,,,,,,,,,,,,,,,,,,,,,,,,,,,,,,,,,,,,,,,,,,,,,,,,,,,,,,,,,,,,,,,,,,,,,,,14599,"<span lang=""EN-GB"">Suppose
     you want&nbsp; to a send a text message
     when you are walking with a very close friend on a street<o:p></o:p></span>"
11/7/2018 17:47,11/7/2018 17:47,0,173.93.180.82,100,23,1,11/7/2018 17:47,R_3gXzpCCxkmOuTwX,,,,,32.20770264,-80.74759674,anonymous,EN,"2,4",,,,,,,,,,,,,,,,,,,,,,,,,,,,,,,,,,,,,,,,,,,,,,,,,,,,,,,,,,,,,,,,,,,,,,,,,,,,,,,,,,,,,,,,,,,,,,,,,,,,,,,,,,,,,,,,,,,,,,,,,,,,,,,,,,,,,,,,,,,,,,,,,,,,,,,,,,,,,,,,,,,,,,,,,,,,,,,,,,,,,,,,,,,,,,,,,,,,,,,,,,,,,,,,,,,84947,"<span lang=""EN-GB"">Suppose
     you want to purchase something online when you are alone at your home.<o:p></o:p></span>"
10/31/2018 18:47,10/31/2018 18:57,0,68.11.118.227,88,577,0,11/7/2018 17:57,R_3KD6s9MBF4qRHeZ,,,,,,,anonymous,EN,"1,2,4",2,,1,,2,,1,,1,,2,2,,5,,2,3,,2,,6,,2,,"1,3",,4,,2,,,,,,,,,,,,,,,,,,,,,,,,,,,,,,,,,,,,,,,,,,,,,,,,,,,,,,,,,,,,,,,,,,,,,,,,,,,,,,,,,,,,,,,,,,,,,,,,,,,,,,,,,,,,,,,,,,,,,,,,,,,,,,,,,,,,,,,,,,,,,,,,,,,,,,,,,,,,,,,,,,,,,,,,,,,,,,,,,,,,,,61329,"<span lang=""EN-GB"">Suppose you want to read a digital document when you are in a park surrounded by your close friends.<o:p></o:p></span>"
10/31/2018 19:00,10/31/2018 19:00,0,209.95.56.51,77,42,0,11/7/2018 18:00,R_ys9APNmy7xX9Rex,,,,,,,anonymous,EN,"1,2,4",,,,,,,,,,,,,,,,,,,,,,,,,,,,,,,,,,,,,,,,,,,,,,,,,,,,,,,,,,,,,,,,,,,,,,,,,,,,,,,,,,,,,,,,,,,,,,,,,,,,,,,,,,,,,,,,,,,,,,,,,,,,,,,,,,,,,,,,,,,,,,,,,,,,,,,,,,,,,,,,,,,,,,,,,,,,,,,,,,,,,,,,,,,,,,,,,,,,,,,,,,,,,,,,,,,12992,"<span lang=""EN-GB"">Suppose
     you want to purchase something online when you are with people you know
     (e.g., acquaintances, colleagues) at your home.<o:p></o:p></span>"
11/7/2018 17:59,11/7/2018 18:01,0,174.206.21.57,100,135,1,11/7/2018 18:01,R_2yk1HPkZmYOZ8VO,,,,,32.76489258,-97.01119995,anonymous,EN,"1,2,3,4,6",1,,2,,1,,3,,2,,2,2,,2,,1,6,,3,,2,,2,,2,,1,,,,,,,,,,,,,,,,,,,,,,,,,,,,,,,,,,,,,,,,,,,,,,,,,,,,,,,,,,,,,,,,,,,,,,,,,,,,,,,,,,,,,,,,,,,,,,,,,,,,,,,,,,,,,,,,,,,,,,,,,,,,,,,,,,,,,,,,,,,,,,,,,,,,,,,,,,,,,,,,,,,,,,,,,,,,,,,,,,,,,,,,88878,"<span lang=""EN-GB"">Suppose
     you want to listen to some audio when you are alone at Starbucks.<o:p></o:p></span>"
10/31/2018 19:04,10/31/2018 19:04,0,100.15.86.161,77,18,0,11/7/2018 18:04,R_2znzpi9sIX166z0,,,,,,,anonymous,EN,"1,2,3,4",,,,,,,,,,,,,,,,,,,,,,,,,,,,,,,,,,,,,,,,,,,,,,,,,,,,,,,,,,,,,,,,,,,,,,,,,,,,,,,,,,,,,,,,,,,,,,,,,,,,,,,,,,,,,,,,,,,,,,,,,,,,,,,,,,,,,,,,,,,,,,,,,,,,,,,,,,,,,,,,,,,,,,,,,,,,,,,,,,,,,,,,,,,,,,,,,,,,,,,,,,,,,,,,,,,23464,"<span lang=""EN-GB"">Suppose you want to a view a text message when you are alone at a street.<o:p></o:p></span>"
11/7/2018 18:15,11/7/2018 18:18,0,75.85.180.90,100,232,1,11/7/2018 18:18,R_2tnDpz8IJemaKIp,,,,,32.91610718,-117.1401978,anonymous,EN,"1,2,3","2,3",,"1,2",,2,,1,,"2,3",,2,1,,"2,3",,2,2,,"2,3",,1,,"1,3",,1,,1,,,,,,,,,,,,,,,,,,,,,,,,,,,,,,,,,,,,,,,,,,,,,,,,,,,,,,,,,,,,,,,,,,,,,,,,,,,,,,,,,,,,,,,,,,,,,,,,,,,,,,,,,,,,,,,,,,,,,,,,,,,,,,,,,,,,,,,,,,,,,,,,,,,,,,,,,,,,,,,,,,,,,,,,,,,,,,,,,,,,,,,,4124,"<span lang=""EN-GB"">Suppose
     you want to watch some video when you are with people you know (e.g.,
     acquaintances, colleagues) in a park.<o:p></o:p></span>"
11/7/2018 18:20,11/7/2018 18:24,0,73.45.132.80,100,292,1,11/7/2018 18:24,R_2QAu24aWcTfCuwa,,,,,40.76809692,-89.6026001,anonymous,EN,"1,2,4,5","2,3,4,5",,3,,"1,2,3",,1,,3,,"2,3","1,2,3,4",Preferably knowledge of security settings (is the device publicly accessible),"1,3",,"1,2,3",6,,"1,2,3",,"1,3,6",,"1,2,3",,"1,2,3",,4,,,,,,,,,,,,,,,,,,,,,,,,,,,,,,,,,,,,,,,,,,,,,,,,,,,,,,,,,,,,,,,,,,,,,,,,,,,,,,,,,,,,,,,,,,,,,,,,,,,,,,,,,,,,,,,,,,,,,,,,,,,,,,,,,,,,,,,,,,,,,,,,,,,,,,,,,,,,,,,,,,,,,,,,,,,,,,,,,,,,,,,,77698,"<span lang=""EN-GB"">Suppose you want to a send a text message when you are alone at a street.<o:p></o:p></span>"
10/31/2018 19:17,10/31/2018 19:25,0,99.111.118.15,77,509,0,11/7/2018 18:25,R_11dOs7UPoxdvYpl,,,,,,,anonymous,EN,"1,2,3,4",,,,,,,,,,,,,,,,,,,,,,,,,,,,,,,,,,,,,,,,,,,,,,,,,,,,,,,,,,,,,,,,,,,,,,,,,,,,,,,,,,,,,,,,,,,,,,,,,,,,,,,,,,,,,,,,,,,,,,,,,,,,,,,,,,,,,,,,,,,,,,,,,,,,,,,,,,,,,,,,,,,,,,,,,,,,,,,,,,,,,,,,,,,,,,,,,,,,,,,,,,,,,,,,,,,81288,"<span lang=""EN-GB"">Suppose
     you want to a send a text message when you with people you know (e.g., acquaintances,
     colleagues) at a street<strong>.</strong><o:p></o:p></span>"
11/7/2018 18:44,11/7/2018 18:47,0,174.99.51.2,100,156,1,11/7/2018 18:47,R_2tExvUGXnW32vl5,,,,,35.89489746,-78.70510101,anonymous,EN,"1,2,3","1,2,3,4,5",,"2,3",,"1,2",,1,,1,,2,"1,2,3",,"1,2,3",,"2,3","2,4",,"1,3",,"1,2,3,4",,2,,"1,2",,"1,2",,,,,,,,,,,,,,,,,,,,,,,,,,,,,,,,,,,,,,,,,,,,,,,,,,,,,,,,,,,,,,,,,,,,,,,,,,,,,,,,,,,,,,,,,,,,,,,,,,,,,,,,,,,,,,,,,,,,,,,,,,,,,,,,,,,,,,,,,,,,,,,,,,,,,,,,,,,,,,,,,,,,,,,,,,,,,,,,,,,,,,,,78127,"<span lang=""EN-GB"">Suppose you want to control some devices/appliances (e.g., smart lights) when you are alone at home.<o:p></o:p></span>"
11/7/2018 18:48,11/7/2018 18:48,0,96.59.80.244,100,19,1,11/7/2018 18:48,R_12z2rNAuzVJCPz7,,,,,27.91700745,-82.80269623,anonymous,EN,"1,2",,,,,,,,,,,,,,,,,,,,,,,,,,,,,,,,,,,,,,,,,,,,,,,,,,,,,,,,,,,,,,,,,,,,,,,,,,,,,,,,,,,,,,,,,,,,,,,,,,,,,,,,,,,,,,,,,,,,,,,,,,,,,,,,,,,,,,,,,,,,,,,,,,,,,,,,,,,,,,,,,,,,,,,,,,,,,,,,,,,,,,,,,,,,,,,,,,,,,,,,,,,,,,,,,,,52185,"<span lang=""EN-GB"">Suppose
     you are at a park and you realize today is the last day to pay one of your
     bills online.<o:p></o:p></span>"
11/7/2018 18:42,11/7/2018 18:50,0,47.34.84.13,100,458,1,11/7/2018 18:50,R_323gmZnBrzLjYEp,,,,,38.44560242,-91.02059937,anonymous,EN,"1,2,6","1,2,3,4,5",,"1,2,3",,"1,2,3,4",,1,,1,,"2,3","1,2,3",,"1,2,3",,2,"1,2,3,4",,"1,2,3",,"1,3,4",,"1,2,3",,"1,3",,"1,2",,,,,,,,,,,,,,,,,,,,,,,,,,,,,,,,,,,,,,,,,,,,,,,,,,,,,,,,,,,,,,,,,,,,,,,,,,,,,,,,,,,,,,,,,,,,,,,,,,,,,,,,,,,,,,,,,,,,,,,,,,,,,,,,,,,,,,,,,,,,,,,,,,,,,,,,,,,,,,,,,,,,,,,,,,,,,,,,,,,,,,,,73405,"<span lang=""EN-GB"">Suppose
     you want to set up a reminder when you are with people you know (e.g.,
     acquaintances, colleagues) at your home.<o:p></o:p></span>"
10/31/2018 19:52,10/31/2018 19:54,0,66.172.225.105,88,145,0,11/7/2018 18:54,R_SPOFpTjgOQ1LgeB,,,,,,,anonymous,EN,"1,2,3","1,2,3,4",,1,,"1,2",,1,,3,,2,"1,2,3",,"1,2",,2,"2,3",,2,,"1,2,3,4",,2,,"1,3",,2,,2,,,,,,,,,,,,,,,,,,,,,,,,,,,,,,,,,,,,,,,,,,,,,,,,,,,,,,,,,,,,,,,,,,,,,,,,,,,,,,,,,,,,,,,,,,,,,,,,,,,,,,,,,,,,,,,,,,,,,,,,,,,,,,,,,,,,,,,,,,,,,,,,,,,,,,,,,,,,,,,,,,,,,,,,,,,,,,,,,,,,,,69068,"<span lang=""EN-GB"">Suppose
     you want to a send a text message when you are with a very close friend at
     a restaurant&nbsp;<o:p></o:p></span>"
11/7/2018 18:50,11/7/2018 18:56,0,73.192.78.206,100,330,1,11/7/2018 18:56,R_3HSyGrzLz3A9wpv,,,,,31.18069458,-81.49490356,anonymous,EN,"1,2,4","2,5",,1,,"1,2,3",,1,,1,,3,3,,2,,3,"1,3,4",,"1,2",,3,,"1,2",,2,,2,,2,,,,,,,,,,,,,,,,,,,,,,,,,,,,,,"2,5",,1,,"1,2,3",,1,,1,,3,"1,2,3",,2,,2,,3,,"1,2,3",,"1,2",,"1,3",,"1,2",,"1,2",,,,,,,,,,,,,,,,,,,,,,,,,,,,,,,,,,,,,,,,,,,,,,,,,,,,,,,,,,,,,,,,,,,,,,,,,,,,,,,,,,,,,,,,,,,,,,,,,,,,,,,,,,,,,,,,,,,,,,,,,,,,,38668,"Suppose you want to purchase something (e.g., book,
     household items) online when you are with people
     you know (e.g., acquaintances, colleagues) at
     Starbucks.<o:p></o:p>"
10/31/2018 19:53,10/31/2018 20:00,0,74.128.70.235,88,439,0,11/7/2018 19:00,R_1cTFZuklcGiFc7w,,,,,,,anonymous,EN,"1,2,3,5","1,2,4,5",,3,,"1,2,3",,3,,1,,2,"1,2",,3,,2,"2,4",,2,,6,,2,,"1,2,3",,"1,2",,"1,2,3",,,,,,,,,,,,,,,,,,,,,,,,,,,,,,,,,,,,,,,,,,,,,,,,,,,,,,,,,,,,,,,,,,,,,,,,,,,,,,,,,,,,,,,,,,,,,,,,,,,,,,,,,,,,,,,,,,,,,,,,,,,,,,,,,,,,,,,,,,,,,,,,,,,,,,,,,,,,,,,,,,,,,,,,,,,,,,,,,,,,,,56983,"<span lang=""EN-GB"" style=""font-size:11.0pt;line-height:115%;
font-family:&quot;Arial&quot;,sans-serif;mso-fareast-font-family:Arial;mso-ansi-language:
EN-GB;mso-fareast-language:EN-US;mso-bidi-language:AR-SA"">Suppose you want to browse the internet when you are alone at your home.</span>"
11/7/2018 18:46,11/7/2018 19:03,0,67.247.14.78,100,1041,1,11/7/2018 19:03,R_1eIxvmHvN0r0CeG,,,,,40.72290039,-73.84729767,anonymous,EN,"1,2,3",2,,1,,"1,2",,1,,1,,2,"1,2,3",,5,,2,6,,2,,3,,2,,1,,2,,2,,,,,,,,,,,,,,,,,,,,,,,,,,,,,,2,,1,,"1,2,3",,1,,2,,1,3,,2,,2,,6,,3,,2,,3,,1,,2,,,,,,,,,,,,,,,,,,,,,,,,,,,,,,,,,,,,,,,,,,,,,,,,,,,,,,,,,,,,,,,,,,,,,,,,,,,,,,,,,,,,,,,,,,,,,,,,,,,,,,,,,,,,,,,,,,,,,,male,21,clerk,3,1,,5,13980,"<span lang=""EN-GB"">Suppose you are on a short vacation alone and you want to take a picture in front&nbsp;</span>of an iconic monument."
11/7/2018 19:03,11/7/2018 19:04,0,71.12.58.41,100,28,1,11/7/2018 19:04,R_3oI5q5ViqkwWmkS,,,,,33.02490234,-84.95770264,anonymous,EN,"1,3",,,,,,,,,,,,,,,,,,,,,,,,,,,,,,,,,,,,,,,,,,,,,,,,,,,,,,,,,,,,,,,,,,,,,,,,,,,,,,,,,,,,,,,,,,,,,,,,,,,,,,,,,,,,,,,,,,,,,,,,,,,,,,,,,,,,,,,,,,,,,,,,,,,,,,,,,,,,,,,,,,,,,,,,,,,,,,,,,,,,,,,,,,,,,,,,,,,,,,,,,,,,,,,,,,,24254,"<span lang=""EN-GB"">Suppose you have planned to meet a friend next week and you want to put this on your calendar when you are surrounded by people you know (e.g., acquaintances, colleagues) at a restaurant.<o:p></o:p></span>"
10/31/2018 20:02,10/31/2018 20:07,0,98.166.42.184,88,352,0,11/7/2018 19:08,R_2aXgUh02ILCXjPm,,,,,,,anonymous,EN,"1,2,3,4,6",2,,1,,2,,1,,2,,3,3,,2,,3,3,,2,,4,,2,,"1,2",,2,,2,,,,,,,,,,,,,,,,,,,,,,,,,,,,,,,,,,,,,,,,,,,,,,,,,,,,,,,,,,,,,,,,,,,,,,,,,,,,,,,,,,,,,,,,,,,,,,,,,,,,,,,,,,,,,,,,,,,,,,,,,,,,,,,,,,,,,,,,,,,,,,,,,,,,,,,,,,,,,,,,,,,,,,,,,,,,,,,,,,,,,,61238,"<span lang=""EN-GB"">Suppose
     you want to listen to some audio when you with people you know (e.g.,
     acquaintances, colleagues) at Starbucks<o:p></o:p></span>"
11/7/2018 18:59,11/7/2018 19:09,0,173.64.20.243,100,615,1,11/7/2018 19:09,R_3j65hVNGDvKHP5Y,,,,,43.00280762,-78.85469818,anonymous,EN,"1,2,3","1,2,4,5",,1,,"1,2,3",,1,,"2,3",,3,"1,2,3",,"2,3",,"2,3","1,2,3,4",,"1,2,3",,"2,3",,"1,2,3",,"2,3",,1,,,,,,,,,,,,,,,,,,,,,,,,,,,,,,,,,,,,,,,,,,,,,,,,,,,,,,,,,,,,,,,,,,,,,,,,,,,,,,,,,,,,,,,,,,,,,,,,,,,,,,,,,,,,,,,,,,,,,,,,,,,,,,,,,,,,,,,,,,,,,,,,,,,,,,,,,,,,,,,,,,,,,,,,,,,,,,,,,,,,,,,,7583,"<span style=""color: rgb(0, 0, 0); font-family: Times; font-size: 16px;"">Suppose you want control some devices/appliances (e.g., smart lights) when you are with people you know (e.g., acquaintances, colleagues).</span>"
11/7/2018 19:04,11/7/2018 19:09,0,71.181.69.78,100,323,1,11/7/2018 19:09,R_795cJ4qP0juYswh,,,,,42.8177948,-72.02749634,anonymous,EN,"1,2,4","2,3,4,5",,1,,"1,2",,3,,1,,3,"1,2",,"1,2,3",,"2,3",2,,2,,"1,3",,2,,"1,2,3",,1,,,,,,,,,,,,,,,,,,,,,,,,,,,,,,,,,,,,,,,,,,,,,,,,,,,,,,,,,,,,,,,,,,,,,,,,,,,,,,,,,,,,,,,,,,,,,,,,,,,,,,,,,,,,,,,,,,,,,,,,,,,,,,,,,,,,,,,,,,,,,,,,,,,,,,,,,,,,,,,,,,,,,,,,,,,,,,,,,,,,,,,,74396,"<span lang=""EN-GB"">Suppose you want to browse the internet when you are alone at a restaurant.<o:p></o:p></span>"
11/7/2018 19:10,11/7/2018 19:11,0,129.71.255.19,100,14,1,11/7/2018 19:11,R_3DITc6Umqnjbd2V,,,,,38.41419983,-81.7582016,anonymous,EN,"2,4",,,,,,,,,,,,,,,,,,,,,,,,,,,,,,,,,,,,,,,,,,,,,,,,,,,,,,,,,,,,,,,,,,,,,,,,,,,,,,,,,,,,,,,,,,,,,,,,,,,,,,,,,,,,,,,,,,,,,,,,,,,,,,,,,,,,,,,,,,,,,,,,,,,,,,,,,,,,,,,,,,,,,,,,,,,,,,,,,,,,,,,,,,,,,,,,,,,,,,,,,,,,,,,,,,,45041,"<span lang=""EN-GB"">Suppose you are at sitting in a park and you want to play a digital/online game.<o:p></o:p></span>"
10/31/2018 20:15,10/31/2018 20:15,0,172.11.220.144,1,18,0,11/7/2018 19:15,R_2BaIHk0Bym3yk52,,,,,,,anonymous,EN,"1,2,3,4,5,6",,,,,,,,,,,,,,,,,,,,,,,,,,,,,,,,,,,,,,,,,,,,,,,,,,,,,,,,,,,,,,,,,,,,,,,,,,,,,,,,,,,,,,,,,,,,,,,,,,,,,,,,,,,,,,,,,,,,,,,,,,,,,,,,,,,,,,,,,,,,,,,,,,,,,,,,,,,,,,,,,,,,,,,,,,,,,,,,,,,,,,,,,,,,,,,,,,,,,,,,,,,,,,,,,,,51993,"<span lang=""EN-GB"">Suppose you are at work with some people you know (e.g., acquaintances, colleagues) when you realize that you have to immediately pay one of your bills online.<o:p></o:p></span>"
11/7/2018 19:17,11/7/2018 19:17,0,47.136.218.13,100,18,1,11/7/2018 19:17,R_2zpsbOg7iNDTqB3,,,,,34.02819824,-117.0489044,anonymous,EN,1,,,,,,,,,,,,,,,,,,,,,,,,,,,,,,,,,,,,,,,,,,,,,,,,,,,,,,,,,,,,,,,,,,,,,,,,,,,,,,,,,,,,,,,,,,,,,,,,,,,,,,,,,,,,,,,,,,,,,,,,,,,,,,,,,,,,,,,,,,,,,,,,,,,,,,,,,,,,,,,,,,,,,,,,,,,,,,,,,,,,,,,,,,,,,,,,,,,,,,,,,,,,,,,,,,,10151,"<span lang=""EN-GB"">Suppose
     you want to a send an email when you are walking on a street.<o:p></o:p></span>"
11/7/2018 19:16,11/7/2018 19:18,0,68.180.15.122,100,76,1,11/7/2018 19:18,R_3lS0jfxzxR7FR3i,,,,,33.59240723,-101.9366989,anonymous,EN,"1,2",,,,,,,,,,,,,,,,,,,,,,,,,,,,,,,,,,,,,,,,,,,,,,,,,,,,,,,,,,,,,,,,,,,,,,,,,,,,,,,,,,,,,,,,,,,,,,,,,,,,,,,,,,,,,,,,,,,,,,,,,,,,,,,,,,,,,,,,,,,,,,,,,,,,,,,,,,,,,,,,,,,,,,,,,,,,,,,,,,,,,,,,,,,,,,,,,,,,,,,,,,,,,,,,,,,28388,"<span lang=""EN-GB"" style=""font-size:11.0pt;line-height:115%;
font-family:&quot;Arial&quot;,sans-serif;mso-fareast-font-family:Arial;mso-ansi-language:
EN-GB;mso-fareast-language:EN-US;mso-bidi-language:AR-SA"">Suppose you want to a
view a text message when you are alone at home</span>"
11/7/2018 19:18,11/7/2018 19:18,0,47.136.218.13,100,12,1,11/7/2018 19:18,R_Tvcs8w3g93THaOB,,,,,34.02819824,-117.0489044,anonymous,EN,2,,,,,,,,,,,,,,,,,,,,,,,,,,,,,,,,,,,,,,,,,,,,,,,,,,,,,,,,,,,,,,,,,,,,,,,,,,,,,,,,,,,,,,,,,,,,,,,,,,,,,,,,,,,,,,,,,,,,,,,,,,,,,,,,,,,,,,,,,,,,,,,,,,,,,,,,,,,,,,,,,,,,,,,,,,,,,,,,,,,,,,,,,,,,,,,,,,,,,,,,,,,,,,,,,,,10262,"<span lang=""EN-GB"">Suppose you want to set up a reminder about something when you are at Starbucks with close friends.<o:p></o:p></span>"
11/7/2018 19:12,11/7/2018 19:18,0,131.216.48.254,100,392,1,11/7/2018 19:18,R_Wfh4wvtEriskaLT,,,,,36.20440674,-115.2232971,anonymous,EN,"1,2,3,4","1,2,3",,1,,2,,1,,4,,2,2,,3,,4,3,,2,,6,,2,,1,,1,,,,,,,,,,,,,,,,,,,,,,,,,,,,,,,,,,,,,,,,,,,,,,,,,,,,,,,,,,,,,,,,,,,,,,,,,,,,,,,,,,,,,,,,,,,,,,,,,,,,,,,,,,,,,,,,,,,,,,,,,,,,,,,,,,,,,,,,,,,,,,,,,,,,,,,,,,,,,,,,,,,,,,,,,,,,,,,,,,,,,,,,36044,"<span lang=""EN-GB"">Suppose
     you want to set up a reminder when you are at a park by yourself.<o:p></o:p></span>"
11/7/2018 19:18,11/7/2018 19:18,0,47.136.218.13,100,17,1,11/7/2018 19:18,R_WD4Vqqo2LzLkXfz,,,,,34.02819824,-117.0489044,anonymous,EN,6,,,,,,,,,,,,,,,,,,,,,,,,,,,,,,,,,,,,,,,,,,,,,,,,,,,,,,,,,,,,,,,,,,,,,,,,,,,,,,,,,,,,,,,,,,,,,,,,,,,,,,,,,,,,,,,,,,,,,,,,,,,,,,,,,,,,,,,,,,,,,,,,,,,,,,,,,,,,,,,,,,,,,,,,,,,,,,,,,,,,,,,,,,,,,,,,,,,,,,,,,,,,,,,,,,,92555,"<span lang=""EN-GB"" style=""font-size:11.0pt;line-height:115%;
font-family:&quot;Arial&quot;,sans-serif;mso-fareast-font-family:Arial;mso-ansi-language:
EN-GB;mso-fareast-language:EN-US;mso-bidi-language:AR-SA"">Suppose you want to check your social media when you are alone in a park.</span>"
11/7/2018 19:18,11/7/2018 19:18,0,107.203.158.111,100,51,1,11/7/2018 19:18,R_2t5x0juKdfjXtQc,,,,,32.86320496,-97.33769989,anonymous,EN,"1,2",,,,,,,,,,,,,,,,,,,,,,,,,,,,,,,,,,,,,,,,,,,,,,,,,,,,,,,,,,,,,,,,,,,,,,,,,,,,,,,,,,,,,,,,,,,,,,,,,,,,,,,,,,,,,,,,,,,,,,,,,,,,,,,,,,,,,,,,,,,,,,,,,,,,,,,,,,,,,,,,,,,,,,,,,,,,,,,,,,,,,,,,,,,,,,,,,,,,,,,,,,,,,,,,,,,49208,"<span lang=""EN-GB"">Suppose
     you want to a send an email when you are surrounded by people you know
     (e.g., acquaintances, colleagues) your home.<o:p></o:p></span>"
11/7/2018 19:14,11/7/2018 19:19,0,71.199.32.188,100,255,1,11/7/2018 19:19,R_3Mch4MYJ6qpcYhI,,,,,41.74699402,-111.8226013,anonymous,EN,"2,3,4","2,3",,1,,"1,3",,3,,1,,2,"1,2",,"1,3",,4,"1,2",,"1,2",,6,,2,,1,,4,,,,,,,,,,,,,,,,,,,,,,,,,,,,,,,,,,,,,,,,,,,,,,,,,,,,,,,,,,,,,,,,,,,,,,,,,,,,,,,,,,,,,,,,,,,,,,,,,,,,,,,,,,,,,,,,,,,,,,,,,,,,,,,,,,,,,,,,,,,,,,,,,,,,,,,,,,,,,,,,,,,,,,,,,,,,,,,,,,,,,,,,31174,"<span lang=""EN-GB"">Suppose you are at a park with some people you know (e.g., acquaintances, colleagues) when you realize that you have to immediately pay one of your bills online.<o:p></o:p></span>"
11/7/2018 19:18,11/7/2018 19:19,0,47.136.218.13,100,6,1,11/7/2018 19:19,R_233Kx3QAQGWUjlV,,,,,34.02819824,-117.0489044,anonymous,EN,5,,,,,,,,,,,,,,,,,,,,,,,,,,,,,,,,,,,,,,,,,,,,,,,,,,,,,,,,,,,,,,,,,,,,,,,,,,,,,,,,,,,,,,,,,,,,,,,,,,,,,,,,,,,,,,,,,,,,,,,,,,,,,,,,,,,,,,,,,,,,,,,,,,,,,,,,,,,,,,,,,,,,,,,,,,,,,,,,,,,,,,,,,,,,,,,,,,,,,,,,,,,,,,,,,,,95743,"<span lang=""EN-GB"">Suppose you want to a send an email when you are surrounded with people you are close to (e.g., friends, family members) at your home.<strong><o:p></o:p></strong></span>"
10/31/2018 20:19,10/31/2018 20:20,0,67.227.105.64,1,11,0,11/7/2018 19:20,R_2783lzmvT4gRqaS,,,,,,,anonymous,EN,,,,,,,,,,,,,,,,,,,,,,,,,,,,,,,,,,,,,,,,,,,,,,,,,,,,,,,,,,,,,,,,,,,,,,,,,,,,,,,,,,,,,,,,,,,,,,,,,,,,,,,,,,,,,,,,,,,,,,,,,,,,,,,,,,,,,,,,,,,,,,,,,,,,,,,,,,,,,,,,,,,,,,,,,,,,,,,,,,,,,,,,,,,,,,,,,,,,,,,,,,,,,,,,,,,,19695,"<span lang=""EN-GB"">Suppose you want to read a digital document when you are at a park.<o:p></o:p></span>"
11/7/2018 19:18,11/7/2018 19:27,0,64.60.20.98,100,544,1,11/7/2018 19:27,R_1jxKHKJslNVo6zk,,,,,34.0493927,-118.2640991,anonymous,EN,"1,2,3,4,5",7,,3,,1,,3,,1,,4,5,,5,,4,"2,4",,5,,6,,5,,5,,2,,1,"2,4",,3,,1,,1,,1,,"1,2",1,,5,,5,,6,,7,,5,,6,,5,,4,,,,,,,,,,,,,,,,,,,,,,,,,,,,,,,,,,,,,,,,,,,,,,,,,,,,,,,,,,,,,,,,,,,,,,,,,,,,,,,,,,,,,,,,,,,,,,,,,,,,,,,,,,,,,,,,,,,,,,,,,,,,,,,,,,,,,,,,,,,,,,,,,,,,,,,,,,28746,"<span lang=""EN-GB"">Suppose you are at home with people you are close to (e.g., friends, family members) when you realize today is the last day to pay one of your bills online.<o:p></o:p></span>"
11/7/2018 19:24,11/7/2018 19:28,0,65.94.215.183,100,264,1,11/7/2018 19:28,R_2aPFOaiEbEYi59p,,,,,46.51330566,-81.02249908,anonymous,EN,"1,2,4",2,,1,,"2,4",,1,,3,,3,"1,2",,"1,3",,1,"2,4",,"2,3",,"1,6",,"2,3",,1,,2,,,,,,,,,,,,,,,,,,,,,,,,,,,,,,,,,,,,,,,,,,,,,,,,,,,,,,,,,,,,,,,,,,,,,,,,,,,,,,,,,,,,,,,,,,,,,,,,,,,,,,,,,,,,,,,,,,,,,,,,,,,,,,,,,,,,,,,,,,,,,,,,,,,,,,,,,,,,,,,,,,,,,,,,,,,,,,,,,,,,,,,,53058,"Suppose you are alone at home, you want to take a break from studying/working&nbsp;<p>so you decide to play a video game with some with some people you know (e.g., acquaintances, colleagues).<o:p></o:p></p>"
11/7/2018 19:25,11/7/2018 19:31,0,69.29.152.96,100,362,1,11/7/2018 19:31,R_3GDuDOyOiiSzxMY,,,,,34.94569397,-92.03179932,anonymous,EN,"1,2,3",2,,1,,"1,2,3",,1,,1,,3,"1,2,3",,3,,3,2,,"2,3",,2,,"2,3",,2,,2,,2,,,,,,,,,,,,,,,,,,,,,,,,,,,,,,2,,"1,3",,"1,2,3",,1,,2,,3,"1,2,3",,3,,"2,3",,2,,"1,3,4",,"1,2",,3,,"1,2,3",,2,,,,,,,,,,,,,,,,,,,,,,,,,,,,,,,,,,,,,,,,,,,,,,,,,,,,,,,,,,,,,,,,,,,,,,,,,,,,,,,,,,,,,,,,,,,,,,,,,,,,,,,,,,,,,,,,,,,,,,,,,,,,,87045,"<span lang=""EN-GB"">Suppose
     you want to listen to some audio when you are at home with people you are
     close to (e.g., friends, family members).<strong><o:p></o:p></strong></span>"
11/7/2018 19:35,11/7/2018 19:36,0,71.28.234.243,100,26,1,11/7/2018 19:36,R_3IXKwSo5FUDn6l8,,,,,37.88079834,-84.56459808,anonymous,EN,1,,,,,,,,,,,,,,,,,,,,,,,,,,,,,,,,,,,,,,,,,,,,,,,,,,,,,,,,,,,,,,,,,,,,,,,,,,,,,,,,,,,,,,,,,,,,,,,,,,,,,,,,,,,,,,,,,,,,,,,,,,,,,,,,,,,,,,,,,,,,,,,,,,,,,,,,,,,,,,,,,,,,,,,,,,,,,,,,,,,,,,,,,,,,,,,,,,,,,,,,,,,,,,,,,,,27530,"<span lang=""EN-GB"" style=""font-size:11.0pt;line-height:115%;
font-family:&quot;Arial&quot;,sans-serif;mso-fareast-font-family:Arial;mso-ansi-language:
EN-GB;mso-fareast-language:EN-US;mso-bidi-language:AR-SA"">Suppose you want to
take a click a photo when you are at Starbucks.</span>"
11/7/2018 19:41,11/7/2018 19:44,0,45.56.183.101,100,176,1,11/7/2018 19:44,R_2rYKC5UUJLoZeOg,,,,,37.75100708,-97.8219986,anonymous,EN,"1,2,3,4","2,5",,3,,"1,2,3",,1,,"1,3",,"2,3","1,2",,2,,"1,2,3","1,2,3",,"1,2",,"1,2,3",,"1,2",,"1,3",,1,,,,,,,,,,,,,,,,,,,,,,,,,,,,,,,,,,,,,,,,,,,,,,,,,,,,,,,,,,,,,,,,,,,,,,,,,,,,,,,,,,,,,,,,,,,,,,,,,,,,,,,,,,,,,,,,,,,,,,,,,,,,,,,,,,,,,,,,,,,,,,,,,,,,,,,,,,,,,,,,,,,,,,,,,,,,,,,,,,,,,,,,81404,"<span lang=""EN-GB"">Suppose you want to browse the internet when you are at home with people you are close to (e.g., friends, family members)<strong><o:p></o:p></strong></span>"
10/31/2018 20:42,10/31/2018 20:45,0,198.137.18.74,77,129,0,11/7/2018 19:45,R_24CxztBkJFYX4Tb,,,,,,,anonymous,EN,"1,3,4",,,,,,,,,,,,,,,,,,,,,,,,,,,,,,,,,,,,,,,,,,,,,,,,,,,,,,,,,,,,,,,,,,,,,,,,,,,,,,,,,,,,,,,,,,,,,,,,,,,,,,,,,,,,,,,,,,,,,,,,,,,,,,,,,,,,,,,,,,,,,,,,,,,,,,,,,,,,,,,,,,,,,,,,,,,,,,,,,,,,,,,,,,,,,,,,,,,,,,,,,,,,,,,,,,,28705,"<span lang=""EN-GB"" style=""font-size:11.0pt;line-height:115%;
font-family:&quot;Arial&quot;,sans-serif;mso-fareast-font-family:Arial;mso-ansi-language:
EN-GB;mso-fareast-language:EN-US;mso-bidi-language:AR-SA"">Suppose you want to a
view a text message when you are alone at home</span>"
11/7/2018 19:51,11/7/2018 19:51,0,68.104.153.225,100,9,1,11/7/2018 19:51,R_3O1bBlVREYSoyNk,,,,,33.49130249,-112.2468033,anonymous,EN,1,,,,,,,,,,,,,,,,,,,,,,,,,,,,,,,,,,,,,,,,,,,,,,,,,,,,,,,,,,,,,,,,,,,,,,,,,,,,,,,,,,,,,,,,,,,,,,,,,,,,,,,,,,,,,,,,,,,,,,,,,,,,,,,,,,,,,,,,,,,,,,,,,,,,,,,,,,,,,,,,,,,,,,,,,,,,,,,,,,,,,,,,,,,,,,,,,,,,,,,,,,,,,,,,,,,96564,"<span lang=""EN-GB"">Suppose
     you want to a send an email when you are surrounded by people you know
     (e.g., acquaintances, colleagues) at a restaurant.<o:p></o:p></span>"
11/7/2018 19:50,11/7/2018 19:53,0,68.227.28.61,100,142,1,11/7/2018 19:53,R_3OpEygsMNFzssza,,,,,36.27650452,-115.2884979,anonymous,EN,"1,2,3,4","1,2,3,4,5",,"1,2",,"1,2,3,4",,1,,"1,2",,"1,2","1,3",,"2,3",,"1,2","1,2,3",,"1,2",,"1,2,3",,"1,2",,"1,2",,2,,2,,,,,,,,,,,,,,,,,,,,,,,,,,,,,,"1,2,3,4,5",,"1,2,3",,2,,1,,1,,"1,2","1,2,3",,"1,2",,2,,"1,2,3",,"1,2,3",,"1,2",,"1,2,3,4",,"1,2",,"1,2",,,,,,,,,,,,,,,,,,,,,,,,,,,,,,,,,,,,,,,,,,,,,,,,,,,,,,,,,,,,,,,,,,,,,,,,,,,,,,,,,,,,,,,,,,,,,,,,,,,,,,,,,,,,,,,,,,,,,,,,,,,,,52253,"<span lang=""EN-GB"">Suppose
     you want to listen to some audio when you are with your friends at
     Starbucks.<o:p></o:p></span>"
11/7/2018 19:59,11/7/2018 19:59,0,172.58.7.40,100,14,1,11/7/2018 19:59,R_3dYeh9B0eYZkmCb,,,,,33.7355957,-84.10089874,anonymous,EN,"2,3",,,,,,,,,,,,,,,,,,,,,,,,,,,,,,,,,,,,,,,,,,,,,,,,,,,,,,,,,,,,,,,,,,,,,,,,,,,,,,,,,,,,,,,,,,,,,,,,,,,,,,,,,,,,,,,,,,,,,,,,,,,,,,,,,,,,,,,,,,,,,,,,,,,,,,,,,,,,,,,,,,,,,,,,,,,,,,,,,,,,,,,,,,,,,,,,,,,,,,,,,,,,,,,,,,,86981,"<span lang=""EN-GB"">Suppose
     you want to a view a text message when you are surrounded by people you
     know (e.g., acquaintances, colleagues) at a restaurant.<o:p></o:p></span>"
11/7/2018 20:10,11/7/2018 20:12,0,192.180.6.93,100,84,1,11/7/2018 20:12,R_ZDJZoI9JJm8O21H,,,,,41.12379456,-83.18440247,anonymous,EN,"1,2,3",5,,3,,2,,1,,3,,3,2,,5,,"1,2",1,,1,,1,,5,,2,,2,,,,,,,,,,,,,,,,,,,,,,,,,,,,,,,,,,,,,,,,,,,,,,,,,,,,,,,,,,,,,,,,,,,,,,,,,,,,,,,,,,,,,,,,,,,,,,,,,,,,,,,,,,,,,,,,,,,,,,,,,,,,,,,,,,,,,,,,,,,,,,,,,,,,,,,,,,,,,,,,,,,,,,,,,,,,,,,,,,,,,,,,70472,"<span lang=""EN-GB"">Suppose
     you want to read a digital document when you are alone at home.<strong><o:p></o:p></strong></span>"
11/7/2018 20:21,11/7/2018 20:21,0,131.93.186.201,100,20,1,11/7/2018 20:21,R_RqpP6hMD4xA1CKd,,,,,44.52119446,-89.55879974,anonymous,EN,"1,2",,,,,,,,,,,,,,,,,,,,,,,,,,,,,,,,,,,,,,,,,,,,,,,,,,,,,,,,,,,,,,,,,,,,,,,,,,,,,,,,,,,,,,,,,,,,,,,,,,,,,,,,,,,,,,,,,,,,,,,,,,,,,,,,,,,,,,,,,,,,,,,,,,,,,,,,,,,,,,,,,,,,,,,,,,,,,,,,,,,,,,,,,,,,,,,,,,,,,,,,,,,,,,,,,,,67542,"<span lang=""EN-GB"">Suppose you want to set up a reminder when you are at a park with close friends.<o:p></o:p></span>"
11/7/2018 20:18,11/7/2018 20:27,0,76.123.4.54,100,519,1,11/7/2018 20:27,R_1OVwtnjJ3neYmIt,,,,,38.03390503,-78.49240112,anonymous,EN,"1,2,4","1,2,3,4,5",,1,,"1,2",,1,,1,,1,"1,2,3",,"1,2",,1,6,,1,,1,,1,,"1,2",,"1,2",,2,,,,,,,,,,,,,,,,,,,,,,,,,,,,,,2,,1,,1,,1,,1,,1,3,,1,,2,,1,,1,,"1,2",,"1,2",,1,,"1,2",,,,,,,,,,,,,,,,,,,,,,,,,,,,,,,,,,,,,,,,,,,,,,,,,,,,,,,,,,,,,,,,,,,,,,,,,,,,,,,,,,,,,,,,,,,,,,,,,,,,,,,,,,,,,,,,,,,,,,,,,,,,,53677,"<span lang=""EN-GB"">Suppose
     you want to a send a text message when you are surrounded by people you
     know (e.g., acquaintances, colleagues) at a restaurant.<o:p></o:p></span>"
11/7/2018 20:25,11/7/2018 20:31,0,154.122.137.138,100,323,1,11/7/2018 20:31,R_3HM5I4jrmW9vufr,,,,,-1.283294678,36.81669617,anonymous,EN,"1,2,4,6",1,,2,,"1,2",,1,,"1,3",,"1,3","1,2",,1,,3,2,,"1,2",,"2,3",,2,,"1,3",,2,,,,,,,,,,,,,,,,,,,,,,,,,,,,,,,,,,,,,,,,,,,,,,,,,,,,,,,,,,,,,,,,,,,,,,,,,,,,,,,,,,,,,,,,,,,,,,,,,,,,,,,,,,,,,,,,,,,,,,,,,,,,,,,,,,,,,,,,,,,,,,,,,,,,,,,,,,,,,,,,,,,,,,,,,,,,,,,,,,,,,,,,44041,"<span id=""docs-internal-guid-5a7e3441-7fff-9d1f-10e6-454a1d940975""><span style=""font-size: 11pt; font-family: Arial; color: rgb(0, 0, 0); background-color: transparent; font-variant-numeric: normal; font-variant-east-asian: normal; vertical-align: baseline; white-space: pre-wrap;"">Suppose you want to call your mother for sharing an important update about your life &nbsp;when you are alone at home</span><br> <br><br></span>"
10/31/2018 21:31,10/31/2018 21:31,0,67.182.33.94,77,23,0,11/7/2018 20:31,R_1TUC8skBLS9aOIN,,,,,,,anonymous,EN,"1,2,4,5,6",,,,,,,,,,,,,,,,,,,,,,,,,,,,,,,,,,,,,,,,,,,,,,,,,,,,,,,,,,,,,,,,,,,,,,,,,,,,,,,,,,,,,,,,,,,,,,,,,,,,,,,,,,,,,,,,,,,,,,,,,,,,,,,,,,,,,,,,,,,,,,,,,,,,,,,,,,,,,,,,,,,,,,,,,,,,,,,,,,,,,,,,,,,,,,,,,,,,,,,,,,,,,,,,,,,77691,"<span lang=""EN-GB"">Suppose
     you want to a view a text message when you are surrounded by people you
     know (e.g., acquaintances, colleagues) at your home.<o:p></o:p></span>"
11/7/2018 20:34,11/7/2018 20:39,0,148.75.33.250,100,296,1,11/7/2018 20:39,R_BMaT4j5Xld1gJFf,,,,,40.79389954,-74.02580261,anonymous,EN,"1,2,3",5,,1,,1,,1,,1,,2,"1,2,3",,5,,4,1,,5,,6,,5,,1,,"1,2",,,,,,,,,,,,,,,,,,,,,,,,,,,,,,,,,,,,,,,,,,,,,,,,,,,,,,,,,,,,,,,,,,,,,,,,,,,,,,,,,,,,,,,,,,,,,,,,,,,,,,,,,,,,,,,,,,,,,,,,,,,,,,,,,,,,,,,,,,,,,,,,,,,,,,,,,,,,,,,,,,,,,,,,,,,,,,,,,,,,,,,,55708,"<span lang=""EN-GB"">Suppose you are at Starbucks with your close friends and you realize today is the last day to pay one of your bills online.<o:p></o:p></span>"
11/7/2018 20:45,11/7/2018 20:47,0,73.224.94.75,100,136,1,11/7/2018 20:47,R_1nZ5i6erdNYjcCE,,,,,30.13819885,-81.77420044,anonymous,EN,"1,2,3,4,5,6","1,2",,"1,2",,"1,3",,1,,1,,1,"1,2,3",,"1,3",,1,"1,2,3,4",,"1,2",,"1,2",,"1,2",,1,,1,,2,,,,,,,,,,,,,,,,,,,,,,,,,,,,,,"1,2",,"1,2",,"1,2",,1,,1,,1,1,,"1,3",,1,,2,,"1,2",,"1,2",,"1,2",,1,,1,,,,,,,,,,,,,,,,,,,,,,,,,,,,,,,,,,,,,,,,,,,,,,,,,,,,,,,,,,,,,,,,,,,,,,,,,,,,,,,,,,,,,,,,,,,,,,,,,,,,,,,,,,,,,,,,,,,,,,,,,,,,,18126,"<span lang=""EN-GB"">Suppose
     you want to a send a text message when you with people you know (e.g., acquaintances,
     colleagues) at a street<strong>.</strong><o:p></o:p></span>"
11/7/2018 20:55,11/7/2018 20:55,0,69.250.227.142,100,23,1,11/7/2018 20:55,R_2z70AiPnYAUllXM,,,,,38.85650635,-77.05919647,anonymous,EN,"1,2",,,,,,,,,,,,,,,,,,,,,,,,,,,,,,,,,,,,,,,,,,,,,,,,,,,,,,,,,,,,,,,,,,,,,,,,,,,,,,,,,,,,,,,,,,,,,,,,,,,,,,,,,,,,,,,,,,,,,,,,,,,,,,,,,,,,,,,,,,,,,,,,,,,,,,,,,,,,,,,,,,,,,,,,,,,,,,,,,,,,,,,,,,,,,,,,,,,,,,,,,,,,,,,,,,,85697,"<span lang=""EN-GB"">Suppose you want to a view a text message when you are alone at a street.<o:p></o:p></span>"
10/31/2018 22:00,10/31/2018 22:00,0,66.26.165.219,1,56,0,11/7/2018 21:01,R_2zdSRW08iciOLIK,,,,,,,anonymous,EN,"1,2,3,4,5",,,,,,,,,,,,,,,,,,,,,,,,,,,,,,,,,,,,,,,,,,,,,,,,,,,,,,,,,,,,,,,,,,,,,,,,,,,,,,,,,,,,,,,,,,,,,,,,,,,,,,,,,,,,,,,,,,,,,,,,,,,,,,,,,,,,,,,,,,,,,,,,,,,,,,,,,,,,,,,,,,,,,,,,,,,,,,,,,,,,,,,,,,,,,,,,,,,,,,,,,,,,,,,,,,,17451,"<span lang=""EN-GB"">Suppose you want to take a click a photo when you are with your close friends&nbsp;</span>and family members at Starbucks"
11/7/2018 20:55,11/7/2018 21:01,0,43.241.65.7,100,350,1,11/7/2018 21:01,R_3qDmMoneYmXRNDf,,,,,17.37530518,78.47439575,anonymous,EN,"1,2,6",3,,2,,1,,1,,1,,1,2,,2,,1,2,,2,,3,,2,,2,,1,,1,2,,1,,2,,1,,1,,1,2,,1,,1,,1,,2,,2,,2,,2,,2,,,,,,,,,,,,,,,,,,,,,,,,,,,,,,,,,,,,,,,,,,,,,,,,,,,,,,,,,,,,,,,,,,,,,,,,,,,,,,,,,,,,,,,,,,,,,,,,,,,,,,,,,,,,,,,,,,,,,,,,,,,,,,,,,,,,,,,,,,,,,,,,,,,Male,32,Software Engineer,6,5,,5,86652,"<span lang=""EN-GB"">Suppose you want to watch some video when you are with your close friends at Starbucks.<o:p></o:p></span>"
10/31/2018 22:02,10/31/2018 22:05,0,174.50.150.25,88,226,0,11/7/2018 21:06,R_0ok800hNZJK8I3T,,,,,,,anonymous,EN,"1,2,3,4","2,4",,5,,"1,2,3",,1,,1,,4,1,,"1,2",,4,"2,3",,2,,6,,2,,"1,2",,1,,"1,4",,,,,,,,,,,,,,,,,,,,,,,,,,,,,,,,,,,,,,,,,,,,,,,,,,,,,,,,,,,,,,,,,,,,,,,,,,,,,,,,,,,,,,,,,,,,,,,,,,,,,,,,,,,,,,,,,,,,,,,,,,,,,,,,,,,,,,,,,,,,,,,,,,,,,,,,,,,,,,,,,,,,,,,,,,,,,,,,,,,,,,29707,"<span lang=""EN-GB"">Suppose you are at sitting at Starbucks and you want to play a digital/online&nbsp;</span>game with some close friends."
11/7/2018 21:07,11/7/2018 21:13,0,50.34.160.20,100,376,1,11/7/2018 21:13,R_1ogPlplml3YgcgI,,,,,48.0171051,-122.0671997,anonymous,EN,"1,2,3",2,,5,,1,,1,,1,,2,1,,2,,2,4,,1,,"1,3",,"1,2",,1,,2,,,,,,,,,,,,,,,,,,,,,,,,,,,,,,,,,,,,,,,,,,,,,,,,,,,,,,,,,,,,,,,,,,,,,,,,,,,,,,,,,,,,,,,,,,,,,,,,,,,,,,,,,,,,,,,,,,,,,,,,,,,,,,,,,,,,,,,,,,,,,,,,,,,,,,,,,,,,,,,,,,,,,,,,,,,,,,,,,,,,,,,,44225,"<span lang=""EN-GB"">Suppose
     you want to purchase something (e.g., book, household items) online when
     you are with your close friends at a park.<o:p></o:p></span>"
11/7/2018 21:04,11/7/2018 21:19,0,72.46.49.190,100,887,1,11/7/2018 21:19,R_Cm1aXuSXTXxHkmB,,,,,40.80630493,-96.65450287,anonymous,EN,"1,2,6",2,,1,,"1,2,3",,3,,"1,3",,4,"1,2,3",,2,,4,1,,2,,2,,2,,"1,3",,2,,2,,,,,,,,,,,,,,,,,,,,,,,,,,,,,,2,,1,,"1,2",,1,,1,,4,2,,5,,5,,1,,"1,3",,2,,1,,"1,3",,2,,,,,,,,,,,,,,,,,,,,,,,,,,,,,,,,,,,,,,,,,,,,,,,,,,,,,,,,,,,,,,,,,,,,,,,,,,,,,,,,,,,,,,,,,,,,,,,,,,,,,,,,,,,,,,,,,,,,,,,,,,,,,71180,"<span lang=""EN-GB"">Suppose you want to take a click a photo when you with </span><span lang=""EN-GB"">some people you know (e.g.,
     acquaintances, colleagues)</span><span lang=""EN-GB""> at home<o:p></o:p></span>"
11/7/2018 21:23,11/7/2018 21:23,0,97.85.54.222,100,21,1,11/7/2018 21:23,R_31nQF04kzChRzFU,,,,,45.07899475,-83.46019745,anonymous,EN,"1,2",,,,,,,,,,,,,,,,,,,,,,,,,,,,,,,,,,,,,,,,,,,,,,,,,,,,,,,,,,,,,,,,,,,,,,,,,,,,,,,,,,,,,,,,,,,,,,,,,,,,,,,,,,,,,,,,,,,,,,,,,,,,,,,,,,,,,,,,,,,,,,,,,,,,,,,,,,,,,,,,,,,,,,,,,,,,,,,,,,,,,,,,,,,,,,,,,,,,,,,,,,,,,,,,,,,41543,"<span lang=""EN-GB"">Suppose
     you want to set up a reminder when you are at home with people you are
     close to (e.g., friends, family members).<strong><o:p></o:p></strong></span>"
10/31/2018 22:12,10/31/2018 22:36,0,23.89.222.120,88,1393,0,11/7/2018 21:36,R_3fAUMq0M1FXrNBC,,,,,,,anonymous,EN,"1,2,3,4,5","2,3,4",,"1,2,3",,"1,2,3,4",,1,,"1,2,3,4",,"1,2,3","1,2,3",,"2,3",,"1,2,3","1,2,3,4",,"1,2,3",,"1,2,3,4",,"1,2,3",,"1,2,3",,1,,"1,2,3,4",,,,,,,,,,,,,,,,,,,,,,,,,,,,,,"1,2,3,4,5",,"1,2,3",,"1,2,3,4",,1,,"1,2,3,4",,"1,2,3","1,2,3",,"1,2,3",,"1,2,3",,"1,2,3",,"1,2,3,4",,"1,2,3",,"1,2,3,4",,"1,2,3",,"1,2",,"1,2,3,4",,"1,2,3",,"1,2,3,4",,1,,"1,2,3",,"1,2,3","1,2,3",,"1,2,3",,"1,2,3",,"1,2,3,4",,"1,2,3",,"1,2,3",,"1,2,3,4",,"1,2,3",,"1,2",,"1,2,3",,"1,2,3",,"1,2,3",,1,,"1,2,3,4",,"1,2,3","1,2,3",,"1,2,3",,"1,2,3",,"1,2,3",,"1,2,3",,"1,2,3",,"1,2,3",,"1,2,3",,"1,2",,,,,,,,,,,,,,,,,,,,,,,,,,,,,,,,,,,,,,,,,,,,,,,,,,,,,,,,,,,,,,,,,,,94358,"<span lang=""EN-GB"">Suppose you are at your gym and you want to track the amount of calories&nbsp;</span>you have burnt your workout.&nbsp;"
11/7/2018 21:31,11/7/2018 21:40,0,71.34.153.69,100,560,1,11/7/2018 21:40,R_1fiSjrfIIY6c8dy,,,,,38.90499878,-104.6981964,anonymous,EN,"1,2,4,5",2,,1,,"1,2,3",,1,,"1,2,3",,"1,2","1,2,3",,"2,3",,"2,3","1,2",,"1,2,3",,"3,6",,2,,3,,"1,2",,,,,,,,,,,,,,,,,,,,,,,,,,,,,,,,,,,,,,,,,,,,,,,,,,,,,,,,,,,,,,,,,,,,,,,,,,,,,,,,,,,,,,,,,,,,,,,,,,,,,,,,,,,,,,,,,,,,,,,,,,,,,,,,,,,,,,,,,,,,,,,,,,,,,,,,,,,,,,,,,,,,,,,,,,,,,,,,,,,,,,,,71165,"<span lang=""EN-GB"">Suppose you want to watch some video when you are alone in a park.<o:p></o:p></span>"
11/7/2018 21:57,11/7/2018 21:59,0,62.150.121.250,100,104,1,11/7/2018 21:59,R_2PtzqGuLCk7IZH3,,,,,0,0,anonymous,EN,"1,2,3,4,5,6",1,,2,,2,,1,,1,,3,1,,"1,2,3",,1,3,,2,,2,,2,,2,,2,,,,,,,,,,,,,,,,,,,,,,,,,,,,,,,,,,,,,,,,,,,,,,,,,,,,,,,,,,,,,,,,,,,,,,,,,,,,,,,,,,,,,,,,,,,,,,,,,,,,,,,,,,,,,,,,,,,,,,,,,,,,,,,,,,,,,,,,,,,,,,,,,,,,,,,,,,,,,,,,,,,,,,,,,,,,,,,,,,,,,,,,33251,"<span lang=""EN-GB"">Suppose
     you want to find a route to home when you are alone at Starbucks.<o:p></o:p></span>"
11/7/2018 22:00,11/7/2018 22:01,0,108.205.148.100,100,27,1,11/7/2018 22:01,R_3EQCYE8IVnJbaB3,,,,,37.21170044,-93.2990036,anonymous,EN,2,,,,,,,,,,,,,,,,,,,,,,,,,,,,,,,,,,,,,,,,,,,,,,,,,,,,,,,,,,,,,,,,,,,,,,,,,,,,,,,,,,,,,,,,,,,,,,,,,,,,,,,,,,,,,,,,,,,,,,,,,,,,,,,,,,,,,,,,,,,,,,,,,,,,,,,,,,,,,,,,,,,,,,,,,,,,,,,,,,,,,,,,,,,,,,,,,,,,,,,,,,,,,,,,,,,79974,"<span lang=""EN-GB"">Suppose you have planned to meet a friend next week and you want to put this on your calendar when you are surrounded with people you are close to (e.g., friends, family members) at your home.<strong><o:p></o:p></strong></span>"
11/7/2018 22:07,11/7/2018 22:08,0,107.10.22.171,100,85,1,11/7/2018 22:08,R_zVCXIe3XA6g1RjX,,,,,40.97909546,-81.53469849,anonymous,EN,"1,2,3,4,5","3,4",,2,,"1,2",,1,,"2,3",,1,2,,3,,3,"3,4",,1,,3,,"1,3",,1,,"1,2",,,,,,,,,,,,,,,,,,,,,,,,,,,,,,,,,,,,,,,,,,,,,,,,,,,,,,,,,,,,,,,,,,,,,,,,,,,,,,,,,,,,,,,,,,,,,,,,,,,,,,,,,,,,,,,,,,,,,,,,,,,,,,,,,,,,,,,,,,,,,,,,,,,,,,,,,,,,,,,,,,,,,,,,,,,,,,,,,,,,,,,,83380,"<span lang=""EN-GB"">Suppose you want to control some devices/appliances (e.g., smart lights) when you are at home with people you are close to (e.g., friends, family members)<strong><o:p></o:p></strong></span>"
11/7/2018 22:07,11/7/2018 22:11,0,24.242.147.184,100,248,1,11/7/2018 22:11,R_3OkyF5cSUnDMnAv,,,,,31.11720276,-97.6651001,anonymous,EN,"1,2,3","1,2",,"2,3",,"1,3",,1,,1,,3,2,,3,,4,"1,4",,5,,"1,3",,5,,"1,2,3",,2,,,,,,,,,,,,,,,,,,,,,,,,,,,,,,,,,,,,,,,,,,,,,,,,,,,,,,,,,,,,,,,,,,,,,,,,,,,,,,,,,,,,,,,,,,,,,,,,,,,,,,,,,,,,,,,,,,,,,,,,,,,,,,,,,,,,,,,,,,,,,,,,,,,,,,,,,,,,,,,,,,,,,,,,,,,,,,,,,,,,,,,,37326,"<span lang=""EN-GB"">Suppose you are at your gym and you want to track the amount of calories&nbsp;</span>you have burnt your workout.&nbsp;"
11/7/2018 22:11,11/7/2018 22:18,0,47.146.61.203,100,442,1,11/7/2018 22:18,R_2fIeAGACu0UjWSp,,,,,33.49830627,-117.0957947,anonymous,EN,"1,2,3,6",2,,3,,"1,2",,1,,"1,2",,"1,2","1,2",,5,,"1,2","1,3",,"1,2",,1,,"1,2",,"1,3",,"1,2",,2,,,,,,,,,,,,,,,,,,,,,,,,,,,,,,"1,2",,1,,1,,1,,2,,2,"1,2",,2,,2,,3,,1,,"1,2",,1,,1,,4,,,,,,,,,,,,,,,,,,,,,,,,,,,,,,,,,,,,,,,,,,,,,,,,,,,,,,,,,,,,,,,,,,,,,,,,,,,,,,,,,,,,,,,,,,,,,,,,,,,,,,,,,,,,,,,,,,,,,,Female,33,Manager,3,5,,2,7523,"<span lang=""EN-GB"">Suppose
     you want to a send an email when you are with a very close friend at a
     restaurant&nbsp;<o:p></o:p></span>"
11/7/2018 22:12,11/7/2018 22:26,0,98.18.7.82,100,825,1,11/7/2018 22:26,R_3hfnaTCKpuaVsQJ,,,,,32.4282074,-97.53489685,anonymous,EN,"1,2,3,4",2,,1,,1,,1,,1,,2,"1,2",,2,,2,2,,2,,6,,2,,"1,2,3",,"1,2",,"1,2,3,4","2,4",,5,,"1,2",,1,,1,,2,"1,2",,5,,5,,2,,7,,"1,2",,7,,"1,2,3",,"1,2",,"1,2,5",,1,,"1,2",,1,,1,,2,"1,2",,2,,2,,"2,3,4",,3,,"1,2",,3,,"1,2,3",,"1,2",,4,,5,,"1,2",,3,,1,,2,"1,2",,2,,5,,2,,7,,2,,3,,"1,2,3",,"1,2",,"2,3,4,5",,5,,"1,2",,1,,1,,2,"1,2",,2,,2,,"1,2,3,4",,3,,"1,2",,3,,"1,2,3",,"1,2",,,,,,,,,,,,,,,,,,,,,,,,,,,,,,,,,,,,,,,,,,,,,,,,,,,,,,,,,,,,,,,,,,,81915,"<span lang=""EN-GB"">Suppose
     you want to purchase something online when you are with people you are
     close to (e.g., friends, family members) at home.<o:p></o:p></span>"
11/7/2018 22:23,11/7/2018 22:29,0,216.84.205.167,100,363,1,11/7/2018 22:29,R_9B2pqTWzm85OiOZ,,,,,37.45480347,-120.6931,anonymous,EN,"1,2,3,4,6",4,,1,,"1,2,3",,1,,1,,4,5,,2,,3,6,,2,,4,,2,,5,,"1,2",,,,,,,,,,,,,,,,,,,,,,,,,,,,,,,,,,,,,,,,,,,,,,,,,,,,,,,,,,,,,,,,,,,,,,,,,,,,,,,,,,,,,,,,,,,,,,,,,,,,,,,,,,,,,,,,,,,,,,,,,,,,,,,,,,,,,,,,,,,,,,,,,,,,,,,,,,,,,,,,,,,,,,,,,,,,,,,,,,,,,,,,77440,"<span lang=""EN-GB"">Suppose you have planned to meet a friend next week and you want to put this on your calendar when you are with a very close friend at a park.&nbsp;<o:p></o:p></span>"
11/7/2018 22:37,11/7/2018 22:39,0,23.244.246.103,100,124,1,11/7/2018 22:39,R_OsceHJHn1NC0oNz,,,,,32.75889587,-97.32800293,anonymous,EN,"2,5,6",7,,5,,6,,3,,6,,4,5,,5,,4,6,,5,,7,,5,,5,,4,,5,,,,,,,,,,,,,,,,,,,,,,,,,,,,,,,,,,,,,,,,,,,,,,,,,,,,,,,,,,,,,,,,,,,,,,,,,,,,,,,,,,,,,,,,,,,,,,,,,,,,,,,,,,,,,,,,,,,,,7,,5,,6,,3,,6,,4,5,,5,,5,,6,,7,,5,,7,,5,,4,,,,,,,,,,,,,,,,,,,,,,,,,,,,,,,Male,34,Software Engineeer,5,1,,3,67512,"<span lang=""EN-GB"" style=""font-size:11.0pt;line-height:115%;
font-family:&quot;Arial&quot;,sans-serif;mso-fareast-font-family:Arial;mso-ansi-language:
EN-GB;mso-fareast-language:EN-US;mso-bidi-language:AR-SA"">Suppose you want to a
send an email when you are alone at home</span>"
11/7/2018 22:39,11/7/2018 22:40,0,70.162.49.39,100,23,1,11/7/2018 22:40,R_3FIr0N7gUpdypws,,,,,33.36650085,-111.9311981,anonymous,EN,2,,,,,,,,,,,,,,,,,,,,,,,,,,,,,,,,,,,,,,,,,,,,,,,,,,,,,,,,,,,,,,,,,,,,,,,,,,,,,,,,,,,,,,,,,,,,,,,,,,,,,,,,,,,,,,,,,,,,,,,,,,,,,,,,,,,,,,,,,,,,,,,,,,,,,,,,,,,,,,,,,,,,,,,,,,,,,,,,,,,,,,,,,,,,,,,,,,,,,,,,,,,,,,,,,,,70292,"<span lang=""EN-GB"">Suppose
     you want&nbsp; to a send a text message
     when you are walking with a very close friend on a street<o:p></o:p></span>"
11/7/2018 22:39,11/7/2018 22:41,0,65.131.81.30,100,113,1,11/7/2018 22:41,R_1BWp7718fBXsd1Y,,,,,41.60600281,-109.2300034,anonymous,EN,"1,2,3",2,,"1,2",,2,,1,,4,,3,"1,2",,3,,2,3,,1,,"1,2,3",,"2,3",,"1,2",,"1,2",,,,,,,,,,,,,,,,,,,,,,,,,,,,,,,,,,,,,,,,,,,,,,,,,,,,,,,,,,,,,,,,,,,,,,,,,,,,,,,,,,,,,,,,,,,,,,,,,,,,,,,,,,,,,,,,,,,,,,,,,,,,,,,,,,,,,,,,,,,,,,,,,,,,,,,,,,,,,,,,,,,,,,,,,,,,,,,,,,,,,,,,12546,"<span lang=""EN-GB"">Suppose
     you want to a send a text message when you are with a very close friend at
     a restaurant&nbsp;<o:p></o:p></span>"
11/7/2018 22:54,11/7/2018 22:54,0,143.59.14.54,100,21,1,11/7/2018 22:54,R_3R9lVNsDd1Y9l6x,,,,,42.37559509,-83.28890228,anonymous,EN,"1,2",,,,,,,,,,,,,,,,,,,,,,,,,,,,,,,,,,,,,,,,,,,,,,,,,,,,,,,,,,,,,,,,,,,,,,,,,,,,,,,,,,,,,,,,,,,,,,,,,,,,,,,,,,,,,,,,,,,,,,,,,,,,,,,,,,,,,,,,,,,,,,,,,,,,,,,,,,,,,,,,,,,,,,,,,,,,,,,,,,,,,,,,,,,,,,,,,,,,,,,,,,,,,,,,,,,8522,"<span lang=""EN-GB"">Suppose you want to browse the internet when you are at home with people you know (e.g., acquaintances, colleagues).<o:p></o:p></span>"
11/7/2018 23:06,11/7/2018 23:06,0,96.3.121.75,100,31,1,11/7/2018 23:06,R_2dQiDWONJ0B5FSe,,,,,44.36920166,-103.361702,anonymous,EN,"1,2",,,,,,,,,,,,,,,,,,,,,,,,,,,,,,,,,,,,,,,,,,,,,,,,,,,,,,,,,,,,,,,,,,,,,,,,,,,,,,,,,,,,,,,,,,,,,,,,,,,,,,,,,,,,,,,,,,,,,,,,,,,,,,,,,,,,,,,,,,,,,,,,,,,,,,,,,,,,,,,,,,,,,,,,,,,,,,,,,,,,,,,,,,,,,,,,,,,,,,,,,,,,,,,,,,,36031,"<span lang=""EN-GB"">Suppose
     you are at home with some people you know (e.g., acquaintances,
     colleagues) when you realize today is the last day to pay one of your
     bills online.<o:p></o:p></span>"
11/7/2018 23:17,11/7/2018 23:17,0,136.59.192.213,100,14,1,11/7/2018 23:17,R_24vLxl4bBGdbe3U,,,,,33.97950745,-84.3411026,anonymous,EN,"1,2",,,,,,,,,,,,,,,,,,,,,,,,,,,,,,,,,,,,,,,,,,,,,,,,,,,,,,,,,,,,,,,,,,,,,,,,,,,,,,,,,,,,,,,,,,,,,,,,,,,,,,,,,,,,,,,,,,,,,,,,,,,,,,,,,,,,,,,,,,,,,,,,,,,,,,,,,,,,,,,,,,,,,,,,,,,,,,,,,,,,,,,,,,,,,,,,,,,,,,,,,,,,,,,,,,,18499,"<span lang=""EN-GB"">Suppose you are at work with some people you know (e.g., acquaintances, colleagues) when you realize that you have to immediately pay one of your bills online.<o:p></o:p></span>"
11/7/2018 23:29,11/7/2018 23:29,0,71.223.31.96,100,24,1,11/7/2018 23:29,R_300prJAP9sMkkI6,,,,,33.59609985,-112.1199036,anonymous,EN,"1,2",,,,,,,,,,,,,,,,,,,,,,,,,,,,,,,,,,,,,,,,,,,,,,,,,,,,,,,,,,,,,,,,,,,,,,,,,,,,,,,,,,,,,,,,,,,,,,,,,,,,,,,,,,,,,,,,,,,,,,,,,,,,,,,,,,,,,,,,,,,,,,,,,,,,,,,,,,,,,,,,,,,,,,,,,,,,,,,,,,,,,,,,,,,,,,,,,,,,,,,,,,,,,,,,,,,62902,"<span lang=""EN-GB"">Suppose you want to read a digital document when you are at a park.<o:p></o:p></span>"
11/7/2018 23:31,11/7/2018 23:31,0,192.3.124.46,100,15,1,11/7/2018 23:31,R_28HDYKER60KPZBW,,,,,42.88639832,-78.87809753,anonymous,EN,1,,,,,,,,,,,,,,,,,,,,,,,,,,,,,,,,,,,,,,,,,,,,,,,,,,,,,,,,,,,,,,,,,,,,,,,,,,,,,,,,,,,,,,,,,,,,,,,,,,,,,,,,,,,,,,,,,,,,,,,,,,,,,,,,,,,,,,,,,,,,,,,,,,,,,,,,,,,,,,,,,,,,,,,,,,,,,,,,,,,,,,,,,,,,,,,,,,,,,,,,,,,,,,,,,,,86922,"<span lang=""EN-GB"">Suppose you want to find a route to home while walking on a street with people you know (e.g., acquaintances, colleagues).<o:p></o:p></span>"
11/7/2018 23:38,11/7/2018 23:38,0,206.214.67.92,100,21,1,11/7/2018 23:38,R_2ve1qzBXnXiVyBh,,,,,36.12339783,-115.1428986,anonymous,EN,4,,,,,,,,,,,,,,,,,,,,,,,,,,,,,,,,,,,,,,,,,,,,,,,,,,,,,,,,,,,,,,,,,,,,,,,,,,,,,,,,,,,,,,,,,,,,,,,,,,,,,,,,,,,,,,,,,,,,,,,,,,,,,,,,,,,,,,,,,,,,,,,,,,,,,,,,,,,,,,,,,,,,,,,,,,,,,,,,,,,,,,,,,,,,,,,,,,,,,,,,,,,,,,,,,,,77975,"<span lang=""EN-GB"">Suppose
     you want to a view a text message
     when you are walking with a very close friend on a street<o:p></o:p></span>"
11/1/2018 0:44,11/1/2018 0:45,0,23.244.246.46,77,50,0,11/7/2018 23:46,R_3nSJcnKuK5OEUv8,,,,,,,anonymous,EN,"2,5,6",,,,,,,,,,,,,,,,,,,,,,,,,,,,,,,,,,,,,,,,,,,,,,,,,,,,,,,,,,,,,,,,,,,,,,,,,,,,,,,,,,,,,,,,,,,,,,,,,,,,,,,,,,,,,,,,,,,,,,,,,,,,,,,,,,,,,,,,,,,,,,,,,,,,,,,,,,,,,,,,,,,,,,,,,,,,,,,,,,,,,,,,,,,,,,,,,,,,,,,,,,,,,,,,,,,94457,"<span lang=""EN-GB"">Suppose you want to browse the internet when you are alone at a restaurant.<o:p></o:p></span>"
11/7/2018 23:50,11/7/2018 23:52,0,74.73.234.176,100,80,1,11/7/2018 23:52,R_1n2rn1sjOblz6Ha,,,,,40.69400024,-73.99030304,anonymous,EN,"1,2",,,,,,,,,,,,,,,,,,,,,,,,,,,,,,,,,,,,,,,,,,,,,,,,,,,,,,,,,,,,,,,,,,,,,,,,,,,,,,,,,,,,,,,,,,,,,,,,,,,,,,,,,,,,,,,,,,,,,,,,,,,,,,,,,,,,,,,,,,,,,,,,,,,,,,,,,,,,,,,,,,,,,,,,,,,,,,,,,,,,,,,,,,,,,,,,,,,,,,,,,,,,,,,,,,,34234,"<span lang=""EN-GB"">Suppose it is a regular working day, you want to track the total amount of calories&nbsp;</span>you consume and burn off during the day.&nbsp;"
11/7/2018 23:57,11/7/2018 23:57,0,206.214.67.92,100,12,1,11/7/2018 23:57,R_2WNNu2kcKHKxfNV,,,,,36.12339783,-115.1428986,anonymous,EN,1,,,,,,,,,,,,,,,,,,,,,,,,,,,,,,,,,,,,,,,,,,,,,,,,,,,,,,,,,,,,,,,,,,,,,,,,,,,,,,,,,,,,,,,,,,,,,,,,,,,,,,,,,,,,,,,,,,,,,,,,,,,,,,,,,,,,,,,,,,,,,,,,,,,,,,,,,,,,,,,,,,,,,,,,,,,,,,,,,,,,,,,,,,,,,,,,,,,,,,,,,,,,,,,,,,,65572,"<span lang=""EN-GB"">Suppose
     you want to call your mother for sharing an important update about your
     life when you are alone at Starbucks.<o:p></o:p></span>"
11/7/2018 23:57,11/7/2018 23:58,0,206.214.67.92,100,23,1,11/7/2018 23:58,R_3qjxKbFvLlub2B4,,,,,36.12339783,-115.1428986,anonymous,EN,6,,,,,,,,,,,,,,,,,,,,,,,,,,,,,,,,,,,,,,,,,,,,,,,,,,,,,,,,,,,,,,,,,,,,,,,,,,,,,,,,,,,,,,,,,,,,,,,,,,,,,,,,,,,,,,,,,,,,,,,,,,,,,,,,,,,,,,,,,,,,,,,,,,,,,,,,,,,,,,,,,,,,,,,,,,,,,,,,,,,,,,,,,,,,,,,,,,,,,,,,,,,,,,,,,,,19699,"<span lang=""EN-GB"">Suppose you are at sitting at Starbucks and you want to play a digital/online&nbsp;</span>game with some close friends."
11/7/2018 23:57,11/7/2018 23:58,0,107.205.138.228,100,23,1,11/7/2018 23:58,R_1q2oubMcxGJI7JI,,,,,39.1401062,-86.50830078,anonymous,EN,"1,2",,,,,,,,,,,,,,,,,,,,,,,,,,,,,,,,,,,,,,,,,,,,,,,,,,,,,,,,,,,,,,,,,,,,,,,,,,,,,,,,,,,,,,,,,,,,,,,,,,,,,,,,,,,,,,,,,,,,,,,,,,,,,,,,,,,,,,,,,,,,,,,,,,,,,,,,,,,,,,,,,,,,,,,,,,,,,,,,,,,,,,,,,,,,,,,,,,,,,,,,,,,,,,,,,,,70582,"<span lang=""EN-GB"">Suppose you have planned to meet a friend next week and you want to put this on your calendar when you are alone at a park<o:p></o:p></span>"
11/1/2018 1:22,11/1/2018 1:32,0,67.227.105.64,1,612,0,11/8/2018 0:33,R_1KkdFtGR8oZH6Sf,,,,,,,anonymous,EN,,,,,,,,,,,,,,,,,,,,,,,,,,,,,,,,,,,,,,,,,,,,,,,,,,,,,,,,,,,,,,,,,,,,,,,,,,,,,,,,,,,,,,,,,,,,,,,,,,,,,,,,,,,,,,,,,,,,,,,,,,,,,,,,,,,,,,,,,,,,,,,,,,,,,,,,,,,,,,,,,,,,,,,,,,,,,,,,,,,,,,,,,,,,,,,,,,,,,,,,,,,,,,,,,,,,66831,"<span lang=""EN-GB"">Suppose
     you want to read a digital document when you are at home with people you
     are close to (e.g., friends, family members).<strong><o:p></o:p></strong></span>"
11/8/2018 0:47,11/8/2018 0:52,0,107.77.241.12,100,267,1,11/8/2018 0:52,R_32VXDrMur9WVcXE,,,,,36.16589355,-86.78440094,anonymous,EN,"1,2,3,4,6",3,,3,,2,,1,,3,,3,3,,2,,3,6,,2,,6,,2,,3,,4,,2,,,,,,,,,,,,,,,,,,,,,,,,,,,,,,2,,3,,1,,1,,3,,2,3,,2,,2,,1,,3,,1,,3,,3,,2,,,,,,,,,,,,,,,,,,,,,,,,,,,,,,,,,,,,,,,,,,,,,,,,,,,,,,,,,,,,,,,,,,,,,,,,,,,,,,,,,,,,,,,,,,,,,,,,,,,,,,,,,,,,,,,,,,,,,,Female,44,Mturk,6,1,,4,43014,"<span lang=""EN-GB"">Suppose you want to find a route to a coffee shop when you are
     at home </span><span lang=""EN-GB"">with
     people you are close to (e.g., friends, family members)</span><strong><span lang=""EN-GB""><o:p></o:p></span></strong>"
11/8/2018 1:03,11/8/2018 1:04,0,45.4.196.93,100,59,1,11/8/2018 1:04,R_3dSShUJz7x5jUEl,,,,,40.74839783,-73.99669647,anonymous,EN,"2,4,6","2,3",,"1,2",,1,,1,,"3,4",,2,2,,3,,2,2,,2,,"2,3",,3,,"1,2",,"1,2",,,,,,,,,,,,,,,,,,,,,,,,,,,,,,,,,,,,,,,,,,,,,,,,,,,,,,,,,,,,,,,,,,,,,,,,,,,,,,,,,,,,,,,,,,,,,,,,,,,,,,,,,,,,,,,,,,,,,,,,,,,,,,,,,,,,,,,,,,,,,,,,,,,,,,,,,,,,,,,,,,,,,,,,,,,,,,,,,,,,,,,,57425,"<span lang=""EN-GB"">Suppose you are alone at home, you want to take a break from studying/working&nbsp;</span>so you decide to play an online/digital game with some close friends ."
11/8/2018 1:11,11/8/2018 1:13,0,107.178.131.110,100,123,1,11/8/2018 1:13,R_8wzC5dS6idL1qWB,,,,,37.75100708,-97.8219986,anonymous,EN,"4,5,6","2,3",,3,,3,,1,,3,,1,2,,2,,2,3,,2,,1,,"1,2",,"1,2",,2,,,,,,,,,,,,,,,,,,,,,,,,,,,,,,,,,,,,,,,,,,,,,,,,,,,,,,,,,,,,,,,,,,,,,,,,,,,,,,,,,,,,,,,,,,,,,,,,,,,,,,,,,,,,,,,,,,,,,,,,,,,,,,,,,,,,,,,,,,,,,,,,,,,,,,,,,,,,,,,,,,,,,,,,,,,,,,,,,,,,,,,,58307,"<span lang=""EN-GB"">Suppose
     you want to set up a reminder when you are alone at your home.<strong><o:p></o:p></strong></span>"
11/1/2018 2:13,11/1/2018 2:15,0,170.83.232.69,77,83,0,11/8/2018 1:15,R_21srJdIxjvqcvN7,,,,,,,anonymous,EN,"2,3,6",,,,,,,,,,,,,,,,,,,,,,,,,,,,,,,,,,,,,,,,,,,,,,,,,,,,,,,,,,,,,,,,,,,,,,,,,,,,,,,,,,,,,,,,,,,,,,,,,,,,,,,,,,,,,,,,,,,,,,,,,,,,,,,,,,,,,,,,,,,,,,,,,,,,,,,,,,,,,,,,,,,,,,,,,,,,,,,,,,,,,,,,,,,,,,,,,,,,,,,,,,,,,,,,,,,30735,"<span lang=""EN-GB"">Suppose you want to find a route to home while walking on a street.<o:p></o:p></span>"
11/8/2018 1:13,11/8/2018 1:15,0,107.178.131.110,100,135,1,11/8/2018 1:15,R_3n0DTuhhcXnd042,,,,,37.75100708,-97.8219986,anonymous,EN,"2,4,6",4,,3,,3,,3,,6,,3,3,,2,,3,4,,2,,4,,3,,1,,4,,,,,,,,,,,,,,,,,,,,,,,,,,,,,,,,,,,,,,,,,,,,,,,,,,,,,,,,,,,,,,,,,,,,,,,,,,,,,,,,,,,,,,,,,,,,,,,,,,,,,,,,,,,,,,,,,,,,,,,,,,,,,,,,,,,,,,,,,,,,,,,,,,,,,,,,,,,,,,,,,,,,,,,,,,,,,,,,,,,,,,,,35897,"<span lang=""EN-GB"">Suppose
     you want to watch some video when you are with your close friends in a
     park.<o:p></o:p></span>"
10/31/2018 16:34,11/8/2018 1:17,0,107.178.131.110,100,639752,1,11/8/2018 1:17,R_2rSo2l10kcGUusv,,,,,37.75100708,-97.8219986,anonymous,EN,"2,5,6","1,2,3,4",,"1,2",,"1,2,3",,1,,"1,2,3",,"1,2,3","1,2,3",,"1,2,3",,"1,2","1,2,3,4",,"1,2,3",,"1,2,3",,"1,2,3",,"1,2,3",,"1,2",,,,,,,,,,,,,,,,,,,,,,,,,,,,,,,,,,,,,,,,,,,,,,,,,,,,,,,,,,,,,,,,,,,,,,,,,,,,,,,,,,,,,,,,,,,,,,,,,,,,,,,,,,,,,,,,,,,,,,,,,,,,,,,,,,,,,,,,,,,,,,,,,,,,,,,,,,,,,,,,,,,,,,,,,,,,,,,,,,,,,,,,13132,"<span lang=""EN-GB"">Suppose
     you want to a view a text message when you are with a very close friend at
     a restaurant&nbsp;<o:p></o:p></span>"
11/8/2018 1:31,11/8/2018 1:40,0,71.146.160.108,100,539,1,11/8/2018 1:40,R_4UAgCuLQkfk5Y53,,,,,30.68170166,-88.29450226,anonymous,EN,"1,2,4,5,6","1,2",,"1,2",,"1,2,3,4",,3,,"3,4",,"2,3","1,2,3",,"1,2,3",,"2,3","1,2,3,4",,2,,"1,2,3,4",,"1,2",,"1,2,3",,"1,2",,,,,,,,,,,,,,,,,,,,,,,,,,,,,,,,,,,,,,,,,,,,,,,,,,,,,,,,,,,,,,,,,,,,,,,,,,,,,,,,,,,,,,,,,,,,,,,,,,,,,,,,,,,,,,,,,,,,,,,,,,,,,,,,,,,,,,,,,,,,,,,,,,,,,,,,,,,,,,,,,,,,,,,,,,,,,,,,,,,,,,,,55850,"<span lang=""EN-GB"">Suppose you are alone at home when you realize today is the last day to pay one of your bills online.<o:p></o:p></span>"
11/8/2018 2:49,11/8/2018 2:50,0,71.174.216.34,100,70,1,11/8/2018 2:50,R_UYBErB9T7zewsBX,,,,,42.31820679,-71.64640045,anonymous,EN,"1,2,4",2,,1,,"1,2",,1,,1,,3,1,,1,,"1,3",1,,1,,3,,1,,1,,4,,,,,,,,,,,,,,,,,,,,,,,,,,,,,,,,,,,,,,,,,,,,,,,,,,,,,,,,,,,,,,,,,,,,,,,,,,,,,,,,,,,,,,,,,,,,,,,,,,,,,,,,,,,,,,,,,,,,,,,,,,,,,,,,,,,,,,,,,,,,,,,,,,,,,,,,,,,,,,,,,,,,,,,,,,,,,,,,,,,,,,,,71144,"<span lang=""EN-GB"">Suppose you want to browse the internet when you are with people you know (e.g., acquaintances, colleagues) at a park.<o:p></o:p></span>"
11/8/2018 3:38,11/8/2018 3:45,0,71.31.96.184,100,386,1,11/8/2018 3:45,R_2zkeCP1TVlOebF7,,,,,34.45370483,-84.15499878,anonymous,EN,"1,2,3,4",2,,5,,"1,2,3",,3,,1,,2,"1,2,3",,3,,1,"2,4",,2,,6,,2,,"1,2,3",,4,,,,,,,,,,,,,,,,,,,,,,,,,,,,,,,,,,,,,,,,,,,,,,,,,,,,,,,,,,,,,,,,,,,,,,,,,,,,,,,,,,,,,,,,,,,,,,,,,,,,,,,,,,,,,,,,,,,,,,,,,,,,,,,,,,,,,,,,,,,,,,,,,,,,,,,,,,,,,,,,,,,,,,,,,,,,,,,,,,,,,,,,13200,"<span lang=""EN-GB"">Suppose
     you want to call your mother for sharing an important update about your
     life yourself when you are with a very close friend at a park.&nbsp;<o:p></o:p></span>"
11/8/2018 3:56,11/8/2018 4:05,0,41.225.16.26,100,536,1,11/8/2018 4:05,R_3DupTTWTwzpjRGz,,,,,34,9,anonymous,EN,"1,2,3,4,5,6","1,2,5",,1,,1,,1,,1,,2,2,,2,,2,"2,4",,2,,"2,3",,2,,1,,2,,"2,4,6",,,,,,,,,,,,,,,,,,,,,,,,,,,,,,2,,"1,2",,1,,1,,1,,2,1,,2,,2,,2,,3,,2,,"2,3",,"1,2",,2,,,,,,,,,,,,,,,,,,,,,,,,,,,,,,,"1,2",,2,,1,,1,,1,,2,2,,2,,2,,"2,3",,"2,3",,1,,2,,1,,2,,,,,,,,,,,,,,,,,,,,,,,,,,,,,,,2,,"1,2",,1,,1,,1,,1,1,,2,,1,,2,,2,,1,,"2,3",,"1,2",,2,,,,,,,,,88467,"Suppose you want to find a route to a coffee shop
     when you are at home with your by your colleagues<o:p></o:p>"
11/8/2018 4:20,11/8/2018 4:20,0,71.28.199.147,100,13,1,11/8/2018 4:20,R_1GvvUgaIldJKbhi,,,,,37.65840149,-84.59690094,anonymous,EN,"2,3",,,,,,,,,,,,,,,,,,,,,,,,,,,,,,,,,,,,,,,,,,,,,,,,,,,,,,,,,,,,,,,,,,,,,,,,,,,,,,,,,,,,,,,,,,,,,,,,,,,,,,,,,,,,,,,,,,,,,,,,,,,,,,,,,,,,,,,,,,,,,,,,,,,,,,,,,,,,,,,,,,,,,,,,,,,,,,,,,,,,,,,,,,,,,,,,,,,,,,,,,,,,,,,,,,,82211,"<span lang=""EN-GB"">Suppose
     you want to read a digital document) when you are at home with people you
     know (e.g., acquaintances, colleagues).<o:p></o:p></span>"
11/1/2018 5:48,11/1/2018 5:49,0,23.88.172.215,1,19,0,11/8/2018 4:49,R_8faMQUfEmR2ECt3,,,,,,,anonymous,EN,,,,,,,,,,,,,,,,,,,,,,,,,,,,,,,,,,,,,,,,,,,,,,,,,,,,,,,,,,,,,,,,,,,,,,,,,,,,,,,,,,,,,,,,,,,,,,,,,,,,,,,,,,,,,,,,,,,,,,,,,,,,,,,,,,,,,,,,,,,,,,,,,,,,,,,,,,,,,,,,,,,,,,,,,,,,,,,,,,,,,,,,,,,,,,,,,,,,,,,,,,,,,,,,,,,,80924,"<span lang=""EN-GB"">Suppose
     you want to set up a reminder about something when you are with people you
     know (e.g., acquaintances, colleagues) at Starbucks.<o:p></o:p></span>"
11/1/2018 5:52,11/1/2018 5:53,0,172.245.17.54,77,19,0,11/8/2018 4:53,R_2YJN48lwrb5FVpP,,,,,,,anonymous,EN,"1,2,3,4",,,,,,,,,,,,,,,,,,,,,,,,,,,,,,,,,,,,,,,,,,,,,,,,,,,,,,,,,,,,,,,,,,,,,,,,,,,,,,,,,,,,,,,,,,,,,,,,,,,,,,,,,,,,,,,,,,,,,,,,,,,,,,,,,,,,,,,,,,,,,,,,,,,,,,,,,,,,,,,,,,,,,,,,,,,,,,,,,,,,,,,,,,,,,,,,,,,,,,,,,,,,,,,,,,,65337,"<span lang=""EN-GB"">Suppose you want to read a digital document when you are at Starbucks with people you know (e.g., acquaintances, colleagues).<o:p></o:p></span>"
11/8/2018 5:22,11/8/2018 5:25,0,47.220.23.57,100,204,1,11/8/2018 5:25,R_3iXsnlroeeOGZWL,,,,,30.3125,-95.45269775,anonymous,EN,"1,4",,,,,,,,,,,,,,,,,,,,,,,,,,,,,,,,,,,,,,,,,,,,,,,,,,,,,,,,,,,,,,,,,,,,,,,,,,,,,,,,,,,,,,,,,,,,,,,,,,,,,,,,,,,,,,,,,,,,,,,,,,,,,,,,,,,,,,,,,,,,,,,,,,,,,,,,,,,,,,,,,,,,,,,,,,,,,,,,,,,,,,,,,,,,,,,,,,,,,,,,,,,,,,,,,,,85154,"<span lang=""EN-GB"">Suppose
     you want to listen to some audio when you are with people you know (e.g.,
     acquaintances, colleagues) at your home.<o:p></o:p></span>"
11/1/2018 6:30,11/1/2018 6:36,0,216.107.34.72,88,354,0,11/8/2018 5:36,R_1kLWXQafxSpSljq,,,,,,,anonymous,EN,"1,2,3,4,5,6","1,2",,"1,2,3",,"1,2,3",,1,,"3,4",,"1,2,3","1,2,3",,"1,2",,"1,2,3","1,2,3",,"1,2",,"1,2,4",,"1,2",,"1,2",,"1,2",,"1,3,5,6",,,,,,,,,,,,,,,,,,,,,,,,,,,,,,,,,,,,,,,,,,,,,,,,,,,,,,,,,,,"2,3",,"1,2,3",,"2,4",,"1,2",past,"1,2,5",interesting ,4,"1,2,3",,"1,2,3",,"2,3",,"1,2,3",,"1,2,3",,"1,2",,"1,3,4",,"1,2",,4,,,,,,,,,,,,,,,,,,,,,,,,,,,,,,,"1,2,3",,"1,2,3",,"1,2,3",,3,,"1,2,3,4",,"1,2,3","1,2,3",,"1,2",,"1,2,3",,"1,2,3",,"1,2,3",,"1,2",,"1,2,3",,"1,2,3",,"1,2",,"1,2,3",,"1,3",,"1,2,3",,3,,"1,2,3",,"1,2,3","1,2,3",,5,,"1,2,3",,"1,2,3",,"1,2,3",,2,,"1,2,3",,"2,3",,"1,2",,,,,,,,,16793,"<span lang=""EN-GB"">Suppose
     you want to watch some video when you are with people you know (e.g.,
     acquaintances, colleagues) at your home.<o:p></o:p></span>"
11/8/2018 5:29,11/8/2018 5:37,0,75.97.92.12,100,482,1,11/8/2018 5:37,R_1kIANf4x1dHTfkM,,,,,40.82989502,-75.69740295,anonymous,EN,"1,2,3,4",2,,1,,"1,2",,1,,"1,3",,1,"1,2,3",,"1,2",,1,"2,3",,"1,2",,"1,2,3,4",,"1,2",,"1,2,3",,2,,"2,4",,,,,,,,,,,,,,,,,,,,,,,,,,,,,,"1,2",,1,,"1,2,3,4",,1,,3,,3,"1,3",,"1,2,3",,"1,2",,2,,"1,3",,1,,"1,3",,1,,2,,,,,,,,,,,,,,,,,,,,,,,,,,,,,,,2,,1,,"1,2,3",,1,,3,,1,"1,2,3",,3,,"1,2,3",,2,,"2,3",,1,,"3,4",,1,,2,,,,,,,,,,,,,,,,,,,,,,,,,,,,,,,,,,,,,,,,,,,,,,,,,,,,,,,,,,,,,,,,,,,8830,"<span lang=""EN-GB"">Suppose it is a regular working day, you want to track the total amount of calories&nbsp;</span>you consume and burn off during the day.&nbsp;"
11/8/2018 5:41,11/8/2018 5:52,0,174.109.68.77,100,604,1,11/8/2018 5:52,R_2qqRew0Mm69Lnme,,,,,36.02180481,-78.94779968,anonymous,EN,"1,2,3,4","2,5",,5,,"1,2,3",,1,,"2,3",,"1,2,3","1,2,3",,"2,3",,"1,2,3",3,,"1,2",,3,,"1,2",,1,,4,,2,,,,,,,,,,,,,,,,,,,,,,,,,,,,,,"2,5",,5,,"1,2,3",,3,,2,,1,"2,3",,2,,5,,3,,3,,1,,3,,1,,4,,,,,,,,,,,,,,,,,,,,,,,,,,,,,,,,,,,,,,,,,,,,,,,,,,,,,,,,,,,,,,,,,,,,,,,,,,,,,,,,,,,,,,,,,,,,,,,,,,,,,,,,,,,,,,,,,,,,,,,,,,,,,80406,"<span lang=""EN-GB"">Suppose you want to a send a text message when you are alone at a street.<o:p></o:p></span>"
11/8/2018 5:52,11/8/2018 5:54,0,172.58.185.228,100,118,1,11/8/2018 5:54,R_1mQWwCeCjNeIYb5,,,,,39.10769653,-76.87200165,anonymous,EN,"1,2,3,5","1,2",,1,,1,,1,,1,,1,"1,2",,1,,"1,2",2,,1,,"2,3",,"1,2,3",,2,,"1,2",,,,,,,,,,,,,,,,,,,,,,,,,,,,,,,,,,,,,,,,,,,,,,,,,,,,,,,,,,,,,,,,,,,,,,,,,,,,,,,,,,,,,,,,,,,,,,,,,,,,,,,,,,,,,,,,,,,,,,,,,,,,,,,,,,,,,,,,,,,,,,,,,,,,,,,,,,,,,,,,,,,,,,,,,,,,,,,,,,,,,,,,45791,"<span style=""color: rgb(0, 0, 0); font-family: Times; font-size: 16px;"">Suppose you want control some devices/appliances (e.g., smart lights) when you are with people you know (e.g., acquaintances, colleagues).</span>"
11/8/2018 6:03,11/8/2018 6:06,0,75.99.76.122,100,190,1,11/8/2018 6:06,R_2fq83T81Ml9zOUE,,,,,40.68840027,-73.37449646,anonymous,EN,"1,2,4",2,,1,,1,,1,,"1,4",,4,1,,5,,1,6,,2,,6,,2,,"1,2",,"1,2",,,,,,,,,,,,,,,,,,,,,,,,,,,,,,,,,,,,,,,,,,,,,,,,,,,,,,,,,,,,,,,,,,,,,,,,,,,,,,,,,,,,,,,,,,,,,,,,,,,,,,,,,,,,,,,,,,,,,,,,,,,,,,,,,,,,,,,,,,,,,,,,,,,,,,,,,,,,,,,,,,,,,,,,,,,,,,,,,,,,,,,,74982,"<span lang=""EN-GB"">Suppose
     you want to listen to some audio when you are with your close friends in a
     park.<o:p></o:p></span>"
11/1/2018 7:18,11/1/2018 7:19,0,74.124.130.194,1,42,0,11/8/2018 6:19,R_21G7C5vmkG4cdu2,,,,,,,anonymous,EN,"1,2,3",,,,,,,,,,,,,,,,,,,,,,,,,,,,,,,,,,,,,,,,,,,,,,,,,,,,,,,,,,,,,,,,,,,,,,,,,,,,,,,,,,,,,,,,,,,,,,,,,,,,,,,,,,,,,,,,,,,,,,,,,,,,,,,,,,,,,,,,,,,,,,,,,,,,,,,,,,,,,,,,,,,,,,,,,,,,,,,,,,,,,,,,,,,,,,,,,,,,,,,,,,,,,,,,,,,75912,"Suppose
     you want to call your mother for sharing an important update about your
     life when you are surrounded by people you
     know (e.g., acquaintances, colleagues) at a restaurant.<o:p></o:p>"
11/1/2018 7:12,11/1/2018 7:25,0,216.107.42.67,88,759,0,11/8/2018 6:25,R_3ewsAC50HC9Vb4C,,,,,,,anonymous,EN,"1,3,5,6",7,,"1,2,3",,"1,2,3,4",,1,,"1,2,3,4",,"1,2,3","1,2,3",,"1,2,3",,"1,2,3","1,2,3,4",,"1,2,3",,"2,3,4",,"1,2,3",,"1,2,3",,"1,2",,"3,5,6",,,,,,,,,,,,,,,,,,,,,,,,,,,,,,,,,,,,,,,,,,,,,,,,,,,,,,,,,,,"1,2,3,4,5",,"1,2,3",,"1,2,3,4",,1,,"1,2,3,4",,"1,2,3","1,2,3",,"1,2,3",,"1,2,3",,"1,2,3,4",,"1,2,3,4,6",,"1,2,3",,"1,2,3,4",,"1,2,3",,"1,2",,,,,,,,,,,,,,,,,,,,,,,,,,,,,,,,,,,,,,,,,,,,,,,,,,,,,,,,,,,,,,,,,,,,,,,,,,,,,,,,,,,,,,,,,,,,,,,,79061,"<span lang=""EN-GB"">Suppose
     you want to watch some video when you are with people you know (e.g.,
     acquaintances, colleagues) in a park.<o:p></o:p></span>"
11/8/2018 6:51,11/8/2018 6:56,0,186.185.87.129,100,296,1,11/8/2018 6:56,R_sZtZ6FdmfCqE3F7,,,,,10.5,-66.91670227,anonymous,EN,"1,2,3,4",4,,3,,6,,3,,1,,3,"1,2",,5,,3,6,,2,,3,,5,,3,,"1,2",,,,,,,,,,,,,,,,,,,,,,,,,,,,,,,,,,,,,,,,,,,,,,,,,,,,,,,,,,,,,,,,,,,,,,,,,,,,,,,,,,,,,,,,,,,,,,,,,,,,,,,,,,,,,,,,,,,,,,,,,,,,,,,,,,,,,,,,,,,,,,,,,,,,,,,,,,,,,,,,,,,,,,,,,,,,,,,,,,,,,,,,49252,"<span lang=""EN-GB"" style=""font-size:11.0pt;line-height:115%;
font-family:&quot;Arial&quot;,sans-serif;mso-fareast-font-family:Arial;mso-ansi-language:
EN-GB;mso-fareast-language:EN-US;mso-bidi-language:AR-SA"">Suppose you want to a
send an email when you are alone at home</span>"
11/8/2018 6:49,11/8/2018 6:57,0,50.24.54.6,100,482,1,11/8/2018 6:57,R_1T9nH03OXaZZiff,,,,,30.51179504,-96.31710052,anonymous,EN,"1,2,4",2,,3,,1,,3,,1,,3,"1,2,3",,2,,1,"1,2,3",,"1,2",,"2,3",,"1,2",,"1,2",,"1,2",,,,,,,,,,,,,,,,,,,,,,,,,,,,,,,,,,,,,,,,,,,,,,,,,,,,,,,,,,,,,,,,,,,,,,,,,,,,,,,,,,,,,,,,,,,,,,,,,,,,,,,,,,,,,,,,,,,,,,,,,,,,,,,,,,,,,,,,,,,,,,,,,,,,,,,,,,,,,,,,,,,,,,,,,,,,,,,,,,,,,,,,25614,"<span lang=""EN-GB"">Suppose you are alone at home, you want to take a break from studying/working&nbsp;</span>so you decide to play an online/digital game."
11/8/2018 6:51,11/8/2018 6:58,0,206.74.53.116,100,432,1,11/8/2018 6:58,R_1GImdXjtcdXyTGT,,,,,34.71490479,-81.21859741,anonymous,EN,"1,2,4","1,2",,3,,"1,2,3,4",,1,,1,,2,3,,1,,"2,3","1,2,3,4",,"2,3",,"2,3",,"1,3",,1,,"1,2",,,,,,,,,,,,,,,,,,,,,,,,,,,,,,,,,,,,,,,,,,,,,,,,,,,,,,,,,,,,,,,,,,,,,,,,,,,,,,,,,,,,,,,,,,,,,,,,,,,,,,,,,,,,,,,,,,,,,,,,,,,,,,,,,,,,,,,,,,,,,,,,,,,,,,,,,,,,,,,,,,,,,,,,,,,,,,,,,,,,,,,,66473,"<span lang=""EN-GB"">Suppose
     you want to watch some video when you are with people you know (e.g.,
     acquaintances, colleagues) at your home.<o:p></o:p></span>"
11/8/2018 7:00,11/8/2018 7:01,0,183.82.225.14,100,85,1,11/8/2018 7:01,R_3qJBZfBnWnYMHEA,,,,,17.34379578,78.51730347,anonymous,EN,1,,,,,,,,,,,,,,,,,,,,,,,,,,,,,,,,,,,,,,,,,,,,,,,,,,,,,,,,,,,,,,,,,,,,,,,,,,,,,,,,,,,,,,,,,,,,,,,,,,,,,,,,,,,,,,,,,,,,,,,,,,,,,,,,,,,,,,,,,,,,,,,,,,,,,,,,,,,,,,,,,,,,,,,,,,,,,,,,,,,,,,,,,,,,,,,,,,,,,,,,,,,,,,,,,,,70859,"<span lang=""EN-GB"">Suppose
     you want to a send an email when you are walking on a street.<o:p></o:p></span>"
11/8/2018 6:58,11/8/2018 7:02,0,12.207.83.2,100,205,1,11/8/2018 7:02,R_2BxLcslzFoZ32uZ,,,,,42.21960449,-83.604599,anonymous,EN,"1,2,3,4,5,6",1,,5,,1,,1,,6,,"1,2",3,,5,,4,6,,1,,7,,2,,5,,4,,,,,,,,,,,,,,,,,,,,,,,,,,,,,,,,,,,,,,,,,,,,,,,,,,,,,,,,,,,,,,,,,,,,,,,,,,,,,,,,,,,,,,,,,,,,,,,,,,,,,,,,,,,,,,,,,,,,,,,,,,,,,,,,,,,,,,,,,,,,,,,,,,,,,,,,,,,,,,,,,,,,,,,,,,,,,,,,,,,,,,,,57126,"<span lang=""EN-GB"">Suppose
     you want to call your mother for sharing an important update about your
     life yourself when you are with a very close friend at a park.&nbsp;<o:p></o:p></span>"
11/8/2018 7:01,11/8/2018 7:04,0,107.77.245.11,100,206,1,11/8/2018 7:04,R_a8El5iTl3d4wRfb,,,,,34.05439758,-118.2440033,anonymous,EN,"2,3,4","2,3",,1,,"1,3",,1,,1,,1,1,,3,,"1,2",2,,1,,1,,"1,2",,"1,2",,1,,,,,,,,,,,,,,,,,,,,,,,,,,,,,,,,,,,,,,,,,,,,,,,,,,,,,,,,,,,,,,,,,,,,,,,,,,,,,,,,,,,,,,,,,,,,,,,,,,,,,,,,,,,,,,,,,,,,,,,,,,,,,,,,,,,,,,,,,,,,,,,,,,,,,,,,,,,,,,,,,,,,,,,,,,,,,,,,,,,,,,,,74860,"<span lang=""EN-GB"">Suppose
     you want to watch some video when you are with people you know (e.g.,
     acquaintances, colleagues) in a park.<o:p></o:p></span>"
11/8/2018 6:35,11/8/2018 7:07,0,173.131.179.173,100,1908,1,11/8/2018 7:07,R_1jUIT7PfHL0mtod,,,,,33.62379456,-112.0044022,anonymous,EN,"1,2,3,4",2,,1,,"1,2",,1,,2,,2,"1,2,3",,5,,2,"1,2,3",,2,,"4,6",,2,,1,,1,,3,,,,,,,,,,,,,,,,,,,,,,,,,,,,,,,,,,,,,,,,,,,,,,,,,,,,,,,,,,,2,,1,,1,,3,,1,,2,1,,3,,2,,6,,"4,6",,"1,2",,3,,3,,1,,,,,,,,,,,,,,,,,,,,,,,,,,,,,,,,,,,,,,,,,,,,,,,,,,,,,,,,,,,,,,,,,,,,,,,,,,,,,,,,,,,,,,,,,,,,,,,,79288,"<span lang=""EN-GB"">Suppose
     you want to a view a text message when you are surrounded by people you
     know (e.g., acquaintances, colleagues) at a restaurant.<o:p></o:p></span>"
11/8/2018 7:10,11/8/2018 7:12,0,147.26.87.184,100,154,1,11/8/2018 7:12,R_5bwEtwVeyRPKvlL,,,,,29.87539673,-97.94039917,anonymous,EN,"1,2,4","2,4,5",,1,,"1,2",,1,,2,,3,"1,2,3",,2,,"2,3",2,,2,,"1,3,4",,2,,1,,"1,2",,,,,,,,,,,,,,,,,,,,,,,,,,,,,,,,,,,,,,,,,,,,,,,,,,,,,,,,,,,,,,,,,,,,,,,,,,,,,,,,,,,,,,,,,,,,,,,,,,,,,,,,,,,,,,,,,,,,,,,,,,,,,,,,,,,,,,,,,,,,,,,,,,,,,,,,,,,,,,,,,,,,,,,,,,,,,,,,,,,,,,,,94768,"<span lang=""EN-GB"">Suppose
     you want to a send a text message when you are surrounded by people you
     know (e.g., acquaintances, colleagues) at a restaurant.<o:p></o:p></span>"
11/8/2018 7:13,11/8/2018 7:13,0,138.128.60.97,100,14,1,11/8/2018 7:13,R_268vJKVJsNquk64,,,,,42.88639832,-78.87809753,anonymous,EN,1,,,,,,,,,,,,,,,,,,,,,,,,,,,,,,,,,,,,,,,,,,,,,,,,,,,,,,,,,,,,,,,,,,,,,,,,,,,,,,,,,,,,,,,,,,,,,,,,,,,,,,,,,,,,,,,,,,,,,,,,,,,,,,,,,,,,,,,,,,,,,,,,,,,,,,,,,,,,,,,,,,,,,,,,,,,,,,,,,,,,,,,,,,,,,,,,,,,,,,,,,,,,,,,,,,,47937,"<span lang=""EN-GB"">Suppose you are at a coffee shop, you have just read a book you loved and now&nbsp;</span>you want to write a review for it to share with your close family and friends."
11/8/2018 7:15,11/8/2018 7:15,0,172.245.83.209,100,20,1,11/8/2018 7:15,R_2E5HaIrL8VEzpXU,,,,,41.14649963,-85.12319946,anonymous,EN,"2,6",,,,,,,,,,,,,,,,,,,,,,,,,,,,,,,,,,,,,,,,,,,,,,,,,,,,,,,,,,,,,,,,,,,,,,,,,,,,,,,,,,,,,,,,,,,,,,,,,,,,,,,,,,,,,,,,,,,,,,,,,,,,,,,,,,,,,,,,,,,,,,,,,,,,,,,,,,,,,,,,,,,,,,,,,,,,,,,,,,,,,,,,,,,,,,,,,,,,,,,,,,,,,,,,,,,22449,"<span lang=""EN-GB"">Suppose you have planned to meet a friend next week and you want to put this on your calendar when you are surrounded by people you know (e.g., acquaintances, colleagues) at a restaurant.<o:p></o:p></span>"
11/8/2018 7:17,11/8/2018 7:17,0,63.155.70.198,100,25,1,11/8/2018 7:17,R_2coT4DAogvzVYVT,,,,,44.061203,-123.1555023,anonymous,EN,"1,2",,,,,,,,,,,,,,,,,,,,,,,,,,,,,,,,,,,,,,,,,,,,,,,,,,,,,,,,,,,,,,,,,,,,,,,,,,,,,,,,,,,,,,,,,,,,,,,,,,,,,,,,,,,,,,,,,,,,,,,,,,,,,,,,,,,,,,,,,,,,,,,,,,,,,,,,,,,,,,,,,,,,,,,,,,,,,,,,,,,,,,,,,,,,,,,,,,,,,,,,,,,,,,,,,,,89182,"<span lang=""EN-GB"">Suppose
     you want to find a route to home when you are at Starbucks with your close
     friends.<o:p></o:p></span>"
11/8/2018 7:12,11/8/2018 7:19,0,73.57.232.109,100,409,1,11/8/2018 7:19,R_1lzC0svh4aYMUXK,,,,,27.26249695,-80.37930298,anonymous,EN,"1,2,6","1,2,3,4,5",,"1,2",,"1,2,3,4",,1,,"1,2,3",,"2,3","1,2,3",,"1,2,3",,"2,3","1,2,3,4",,"1,2",,"1,2,3,4",,"1,2",,"1,2,3",,"1,2",,"2,6",,,,,,,,,,,,,,,,,,,,,,,,,,,,,,"1,2,3,4,5",,"1,2,3",,"1,2,3,4",,1,,"1,2,3",,"2,3","1,2,3",,"1,2,3",,"1,2,3",,"1,2,3,4",,"1,2,3,4",,"1,2,3",,"1,2,3,4",,"1,2,3",,"1,2",,,,,,,,,,,,,,,,,,,,,,,,,,,,,,,,,,,,,,,,,,,,,,,,,,,,,,,,,,,,,,,,,,,,,,,,,,,,,,,,,,,,,,,,,"1,2,3,4,5",,"1,2,3",,"1,2,3,4",,1,,"1,2,3",,"2,3","1,2,3",,"1,2,3",,"1,2,3",,"1,2,3,4",,"1,2,3,4",,"1,2,3",,"1,2,3,4",,"1,2,3",,"1,2",,male,29,customer service rep,4,5,,2,45369,"<span lang=""EN-GB"">Suppose
     you want to a view a text message when you are alone at Starbucks.<o:p></o:p></span>"
11/8/2018 7:21,11/8/2018 7:22,0,172.245.83.209,100,53,1,11/8/2018 7:22,R_1HitVFG2PGUs3DW,,,,,41.14649963,-85.12319946,anonymous,EN,2,,,,,,,,,,,,,,,,,,,,,,,,,,,,,,,,,,,,,,,,,,,,,,,,,,,,,,,,,,,,,,,,,,,,,,,,,,,,,,,,,,,,,,,,,,,,,,,,,,,,,,,,,,,,,,,,,,,,,,,,,,,,,,,,,,,,,,,,,,,,,,,,,,,,,,,,,,,,,,,,,,,,,,,,,,,,,,,,,,,,,,,,,,,,,,,,,,,,,,,,,,,,,,,,,,,44119,"<span lang=""EN-GB"">Suppose you are at Starbucks with your close friends and you realize today is the last day to pay one of your bills online.<o:p></o:p></span>"
11/8/2018 7:14,11/8/2018 7:23,0,66.152.198.10,100,559,1,11/8/2018 7:23,R_22Ld2yT708bqZ5s,,,,,35.72990417,-78.77349854,anonymous,EN,"1,2,3,4,6",2,,1,,"1,3",,1,,1,,"2,3","1,2",,2,,2,"2,3,4",,"1,2",,"1,2,3,4",,"1,2",,"1,2",,"1,2",,,,,,,,,,,,,,,,,,,,,,,,,,,,,,,,,,,,,,,,,,,,,,,,,,,,,,,,,,,,,,,,,,,,,,,,,,,,,,,,,,,,,,,,,,,,,,,,,,,,,,,,,,,,,,,,,,,,,,,,,,,,,,,,,,,,,,,,,,,,,,,,,,,,,,,,,,,,,,,,,,,,,,,,,,,,,,,,,,,,,,,,36775,"<span lang=""EN-GB"">Suppose
     you want to purchase something online when you are with people you know
     (e.g., acquaintances, colleagues) at your home.<o:p></o:p></span>"
11/8/2018 7:24,11/8/2018 7:24,0,172.245.83.51,100,15,1,11/8/2018 7:24,R_1kZVrTiPn1okE72,,,,,41.14649963,-85.12319946,anonymous,EN,5,,,,,,,,,,,,,,,,,,,,,,,,,,,,,,,,,,,,,,,,,,,,,,,,,,,,,,,,,,,,,,,,,,,,,,,,,,,,,,,,,,,,,,,,,,,,,,,,,,,,,,,,,,,,,,,,,,,,,,,,,,,,,,,,,,,,,,,,,,,,,,,,,,,,,,,,,,,,,,,,,,,,,,,,,,,,,,,,,,,,,,,,,,,,,,,,,,,,,,,,,,,,,,,,,,,92517,"<span lang=""EN-GB"" style=""font-size:11.0pt;line-height:115%;
font-family:&quot;Arial&quot;,sans-serif;mso-fareast-font-family:Arial;mso-ansi-language:
EN-GB;mso-fareast-language:EN-US;mso-bidi-language:AR-SA"">Suppose you have
planned to meet a friend next week and you want put this on your calendar<span style=""color:#434343""> when you with </span>people you know (e.g.,
acquaintances, colleagues)<span style=""color:#434343""> at a park</span></span>"
11/8/2018 7:27,11/8/2018 7:27,0,157.50.192.91,100,14,1,11/8/2018 7:27,R_3JFxdgH4Yo64sB8,,,,,11.1000061,77.3500061,anonymous,EN,3,,,,,,,,,,,,,,,,,,,,,,,,,,,,,,,,,,,,,,,,,,,,,,,,,,,,,,,,,,,,,,,,,,,,,,,,,,,,,,,,,,,,,,,,,,,,,,,,,,,,,,,,,,,,,,,,,,,,,,,,,,,,,,,,,,,,,,,,,,,,,,,,,,,,,,,,,,,,,,,,,,,,,,,,,,,,,,,,,,,,,,,,,,,,,,,,,,,,,,,,,,,,,,,,,,,36865,"<span lang=""EN-GB"">Suppose you want to take a click a photo when you with </span><span lang=""EN-GB"">some people you know (e.g.,
     acquaintances, colleagues)</span><span lang=""EN-GB""> at home<o:p></o:p></span>"
11/8/2018 7:16,11/8/2018 7:27,0,137.103.52.6,100,652,1,11/8/2018 7:27,R_eRIL60KIN0cSpDX,,,,,25.70219421,-80.29779816,anonymous,EN,"1,2,4",7,,5,,6,,3,,6,,4,5,,5,,4,6,,5,,7,,5,,5,,4,,1,2,,1,,"1,2,3",,1,,1,,"1,2","1,2",,3,,2,,2,,7,,2,,7,,"1,2",,2,,,,,,,,,,,,,,,,,,,,,,,,,,,,,,,,,,,,,,,,,,,,,,,,,,,,,,,,,,,,,,,,,,,,,,,,,,,,,,,,,,,,,,,,,,,,,,,,,,,,,,,,,,,,,,,,,,,,,,,,,,,,,,,,,,,,,,,,,,,,,,,,,,,,,,,,,,46541,"<span lang=""EN-GB"">Suppose
     you want to a send an email when you are surrounded by people you know
     (e.g., acquaintances, colleagues) your home.<o:p></o:p></span>"
11/8/2018 7:27,11/8/2018 7:27,0,157.50.192.91,100,32,1,11/8/2018 7:27,R_2aer6tRkbRF4xEs,,,,,11.1000061,77.3500061,anonymous,EN,1,,,,,,,,,,,,,,,,,,,,,,,,,,,,,,,,,,,,,,,,,,,,,,,,,,,,,,,,,,,,,,,,,,,,,,,,,,,,,,,,,,,,,,,,,,,,,,,,,,,,,,,,,,,,,,,,,,,,,,,,,,,,,,,,,,,,,,,,,,,,,,,,,,,,,,,,,,,,,,,,,,,,,,,,,,,,,,,,,,,,,,,,,,,,,,,,,,,,,,,,,,,,,,,,,,,47965,"<span lang=""EN-GB"">Suppose you are at sitting at Starbucks and you want to play a digital/online&nbsp;</span>game with some close friends."
11/8/2018 7:25,11/8/2018 7:29,0,107.172.135.200,100,209,1,11/8/2018 7:29,R_eQLenJJqFnAzVZL,,,,,37.55380249,-77.46029663,anonymous,EN,"2,3,5,6",3,,"2,4",2,2,,3,,2,,2,2,,2,,2,1,,3,,3,,"2,4",2,3,,1,,,,,,,,,,,,,,,,,,,,,,,,,,,,,,,,,,,,,,,,,,,,,,,,,,,,,,,,,,,,,,,,,,,,,,,,,,,,,,,,,,,,,,,,,,,,,,,,,,,,,,,,,,,,,,,,,,,,,,,,,,,,,,,,,,,,,,,,,,,,,,,,,,,,,,,,,,,,,,,,,,,,,,,,,,,,,,,,,,,,,,,,26073,"<span lang=""EN-GB"">Suppose you want to call your mother for sharing an important
     update about your life when you are surrounded by people you know (e.g.,
     acquaintances, colleagues) at your home.<o:p></o:p></span>"
11/8/2018 7:24,11/8/2018 7:29,0,172.245.83.51,100,305,1,11/8/2018 7:29,R_2aqmEllC3NnLb0s,,,,,41.14649963,-85.12319946,anonymous,EN,"1,2,3,4,5,6","1,2,3,4,5",,"1,2,3",,"1,2,3,4",,1,,"1,2,3,4",,"1,2,3","1,2,3",,"1,2,3",,"1,2,3","1,2,3,4",,"1,2,3",,"1,2,3,4",,"1,2,3",,"1,2,3",,"1,2",,4,,,,,,,,,,,,,,,,,,,,,,,,,,,,,,,,,,,,,,,,,,,,,,,,,,,,,,,,,,,,,,,,,,,,,,,,,,,,,,,,,,,,,,,,"1,2,3,4,5",,"1,2,3",,"1,2,3,4",,1,,"1,2,3,4",,"1,2,3","1,2,3",,"1,2,3",,"1,2,3",,"1,2,3,4",,"1,2,3,4",,"1,2,3",,"1,2,3,4",,"1,2,3",,"1,2",,,,,,,,,,,,,,,,,,,,,,,,,,,,,,,,,,,,,,,,,,,,,,,,,,,,,,,,,,,,female,28,business,6,1,,5,36168,"<span lang=""EN-GB"">Suppose
     you want to a send a text message when you are surrounded by people you
     know (e.g., acquaintances, colleagues) at your home.<o:p></o:p></span>"
11/8/2018 7:30,11/8/2018 7:32,0,146.255.120.37,100,72,1,11/8/2018 7:32,R_2ccRMj1XM63vWnQ,,,,,32.72540283,-97.32080078,anonymous,EN,"1,2,3","3,5",,"1,3",,"1,3",,1,,"3,4",,1,"1,2",,5,,"2,3","2,4",,"2,3",,"2,4",,"1,3",,"2,3",,2,,,,,,,,,,,,,,,,,,,,,,,,,,,,,,,,,,,,,,,,,,,,,,,,,,,,,,,,,,,,,,,,,,,,,,,,,,,,,,,,,,,,,,,,,,,,,,,,,,,,,,,,,,,,,,,,,,,,,,,,,,,,,,,,,,,,,,,,,,,,,,,,,,,,,,,,,,,,,,,,,,,,,,,,,,,,,,,,,,,,,,,,4201,"<span lang=""EN-GB"">Suppose
     you want to set up a reminder when you are alone at your home.<strong><o:p></o:p></strong></span>"
11/8/2018 7:32,11/8/2018 7:33,0,24.47.101.45,100,49,1,11/8/2018 7:33,R_2YGpOQKI6ichcD0,,,,,41.08169556,-74.18609619,anonymous,EN,"1,2",,,,,,,,,,,,,,,,,,,,,,,,,,,,,,,,,,,,,,,,,,,,,,,,,,,,,,,,,,,,,,,,,,,,,,,,,,,,,,,,,,,,,,,,,,,,,,,,,,,,,,,,,,,,,,,,,,,,,,,,,,,,,,,,,,,,,,,,,,,,,,,,,,,,,,,,,,,,,,,,,,,,,,,,,,,,,,,,,,,,,,,,,,,,,,,,,,,,,,,,,,,,,,,,,,,34138,"<span lang=""EN-GB"">Suppose you are at a park with some people you know (e.g., acquaintances, colleagues) when you realize that you have to immediately pay one of your bills online.<o:p></o:p></span>"
11/8/2018 7:27,11/8/2018 7:41,0,73.195.189.73,100,850,1,11/8/2018 7:41,R_12ur7p7stz6O1nL,,,,,39.97149658,-74.25119781,anonymous,EN,"1,2,3,4",2,,5,,"1,2",,3,,1,,1,"1,2",,5,,1,6,,"1,2",,6,,"1,2",,1,,4,,2,,,,,,,,,,,,,,,,,,,,,,,,,,,,,,2,,5,,1,,1,,1,,"1,2,3",1,,5,,5,,6,,3,,"1,2",,3,,5,,4,,,,,,,,,,,,,,,,,,,,,,,,,,,,,,,,,,,,,,,,,,,,,,,,,,,,,,,,,,,,,,,,,,,,,,,,,,,,,,,,,,,,,,,,,,,,,,,,,,,,,,,,,,,,,,,,,,,,,,Male,81,Freelance ,3,1,,3,36632,"<span lang=""EN-GB"">Suppose
     you want to a send an email when you are with a very close friend at a
     restaurant&nbsp;<o:p></o:p></span>"
11/8/2018 7:41,11/8/2018 7:42,0,157.50.199.42,100,58,1,11/8/2018 7:42,R_1g8t4g0IrHfZl82,,,,,10.99249268,76.96139526,anonymous,EN,1,,,,,,,,,,,,,,,,,,,,,,,,,,,,,,,,,,,,,,,,,,,,,,,,,,,,,,,,,,,,,,,,,,,,,,,,,,,,,,,,,,,,,,,,,,,,,,,,,,,,,,,,,,,,,,,,,,,,,,,,,,,,,,,,,,,,,,,,,,,,,,,,,,,,,,,,,,,,,,,,,,,,,,,,,,,,,,,,,,,,,,,,,,,,,,,,,,,,,,,,,,,,,,,,,,,67730,"<span lang=""EN-GB"">Suppose
     you want&nbsp; to a send a text message
     when you are walking with a very close friend on a street<o:p></o:p></span>"
11/8/2018 7:42,11/8/2018 7:42,0,157.50.199.42,100,10,1,11/8/2018 7:42,R_10JaiLVfjjRzSLz,,,,,10.99249268,76.96139526,anonymous,EN,3,,,,,,,,,,,,,,,,,,,,,,,,,,,,,,,,,,,,,,,,,,,,,,,,,,,,,,,,,,,,,,,,,,,,,,,,,,,,,,,,,,,,,,,,,,,,,,,,,,,,,,,,,,,,,,,,,,,,,,,,,,,,,,,,,,,,,,,,,,,,,,,,,,,,,,,,,,,,,,,,,,,,,,,,,,,,,,,,,,,,,,,,,,,,,,,,,,,,,,,,,,,,,,,,,,,13404,"<span lang=""EN-GB"">Suppose you want to browse the internet when you are with people you know (e.g., acquaintances, colleagues) at a restaurant.<o:p></o:p></span>"
11/8/2018 7:42,11/8/2018 7:43,0,157.50.199.42,100,8,1,11/8/2018 7:43,R_2wz7xl0ZDBp9JXb,,,,,10.99249268,76.96139526,anonymous,EN,5,,,,,,,,,,,,,,,,,,,,,,,,,,,,,,,,,,,,,,,,,,,,,,,,,,,,,,,,,,,,,,,,,,,,,,,,,,,,,,,,,,,,,,,,,,,,,,,,,,,,,,,,,,,,,,,,,,,,,,,,,,,,,,,,,,,,,,,,,,,,,,,,,,,,,,,,,,,,,,,,,,,,,,,,,,,,,,,,,,,,,,,,,,,,,,,,,,,,,,,,,,,,,,,,,,,32863,"<span lang=""EN-GB"">Suppose
     you want to take a click a photo when you are alone at home.<o:p></o:p></span>"
11/8/2018 7:43,11/8/2018 7:43,0,157.50.199.42,100,7,1,11/8/2018 7:43,R_3PuvJirozSrrHtc,,,,,10.99249268,76.96139526,anonymous,EN,4,,,,,,,,,,,,,,,,,,,,,,,,,,,,,,,,,,,,,,,,,,,,,,,,,,,,,,,,,,,,,,,,,,,,,,,,,,,,,,,,,,,,,,,,,,,,,,,,,,,,,,,,,,,,,,,,,,,,,,,,,,,,,,,,,,,,,,,,,,,,,,,,,,,,,,,,,,,,,,,,,,,,,,,,,,,,,,,,,,,,,,,,,,,,,,,,,,,,,,,,,,,,,,,,,,,91712,"<span lang=""EN-GB"">Suppose
     you want to set up a reminder when you are at home with people you are
     close to (e.g., friends, family members).<strong><o:p></o:p></strong></span>"
11/8/2018 7:43,11/8/2018 7:43,0,157.50.199.42,100,13,1,11/8/2018 7:43,R_Xzx7KYWlCh7cOzL,,,,,10.99249268,76.96139526,anonymous,EN,6,,,,,,,,,,,,,,,,,,,,,,,,,,,,,,,,,,,,,,,,,,,,,,,,,,,,,,,,,,,,,,,,,,,,,,,,,,,,,,,,,,,,,,,,,,,,,,,,,,,,,,,,,,,,,,,,,,,,,,,,,,,,,,,,,,,,,,,,,,,,,,,,,,,,,,,,,,,,,,,,,,,,,,,,,,,,,,,,,,,,,,,,,,,,,,,,,,,,,,,,,,,,,,,,,,,69932,"<span lang=""EN-GB"">Suppose you want to take a click a photo when you are with your close friends&nbsp;</span>and family members at Starbucks"
11/8/2018 7:43,11/8/2018 7:43,0,157.50.199.42,100,9,1,11/8/2018 7:43,R_T5yXeefaesIKhUZ,,,,,10.99249268,76.96139526,anonymous,EN,2,,,,,,,,,,,,,,,,,,,,,,,,,,,,,,,,,,,,,,,,,,,,,,,,,,,,,,,,,,,,,,,,,,,,,,,,,,,,,,,,,,,,,,,,,,,,,,,,,,,,,,,,,,,,,,,,,,,,,,,,,,,,,,,,,,,,,,,,,,,,,,,,,,,,,,,,,,,,,,,,,,,,,,,,,,,,,,,,,,,,,,,,,,,,,,,,,,,,,,,,,,,,,,,,,,,13846,"<span lang=""EN-GB"">Suppose you want to find a route to home while walking on a street with your close friends.<o:p></o:p></span>"
11/8/2018 7:43,11/8/2018 7:44,0,157.50.199.42,100,47,1,11/8/2018 7:44,R_3m4PcA8HNvwJIM8,,,,,10.99249268,76.96139526,anonymous,EN,"1,2,3,4,5,6",2,,1,,3,,1,,2,,3,2,,1,,1,2,,3,,3,,3,,2,,2,,,,,,,,,,,,,,,,,,,,,,,,,,,,,,,,,,,,,,,,,,,,,,,,,,,,,,,,,,,,,,,,,,,,,,,,,,,,,,,,,,,,,,,,,,,,,,,,,,,,,,,,,,,,,,,,,,,,,,,,,,,,,,,,,,,,,,,,,,,,,,,,,,,,,,,,,,,,,,,,,,,,,,,,,,,,,,,,,,,,,,,,71228,"<span lang=""EN-GB"">Suppose
     you want to a view a text message when you are with a very close friend at
     a restaurant&nbsp;<o:p></o:p></span>"
11/1/2018 8:48,11/1/2018 8:48,0,168.223.70.131,1,2,0,11/8/2018 7:48,R_afmaKOnBlg0KFH3,,,,,,,anonymous,EN,,,,,,,,,,,,,,,,,,,,,,,,,,,,,,,,,,,,,,,,,,,,,,,,,,,,,,,,,,,,,,,,,,,,,,,,,,,,,,,,,,,,,,,,,,,,,,,,,,,,,,,,,,,,,,,,,,,,,,,,,,,,,,,,,,,,,,,,,,,,,,,,,,,,,,,,,,,,,,,,,,,,,,,,,,,,,,,,,,,,,,,,,,,,,,,,,,,,,,,,,,,,,,,,,,,,61168,"<span lang=""EN-GB"">Suppose you want to a send an email when you are surrounded with people you are close to (e.g., friends, family members) at your home.<strong><o:p></o:p></strong></span>"
11/8/2018 7:48,11/8/2018 7:48,0,172.56.3.121,100,25,1,11/8/2018 7:48,R_XQTC8dsiJKlghwd,,,,,39.08399963,-77.06130219,anonymous,EN,"1,2",,,,,,,,,,,,,,,,,,,,,,,,,,,,,,,,,,,,,,,,,,,,,,,,,,,,,,,,,,,,,,,,,,,,,,,,,,,,,,,,,,,,,,,,,,,,,,,,,,,,,,,,,,,,,,,,,,,,,,,,,,,,,,,,,,,,,,,,,,,,,,,,,,,,,,,,,,,,,,,,,,,,,,,,,,,,,,,,,,,,,,,,,,,,,,,,,,,,,,,,,,,,,,,,,,,94209,"<span lang=""EN-GB"">Suppose you want to call your mother for sharing an important
     update about your life&nbsp; when you
     with people you know (e.g., acquaintances, colleagues) at a park<o:p></o:p></span>"
11/8/2018 7:47,11/8/2018 7:51,0,155.254.6.53,100,205,1,11/8/2018 7:51,R_2YQXRLrFdKji6B9,,,,,41.88580322,-87.61810303,anonymous,EN,"1,2",,,,,,,,,,,,,,,,,,,,,,,,,,,,,,,,,,,,,,,,,,,,,,,,,,,,,,,,,,,,,,,,,,,,,,,,,,,,,,,,,,,,,,,,,,,,,,,,,,,,,,,,,,,,,,,,,,,,,,,,,,,,,,,,,,,,,,,,,,,,,,,,,,,,,,,,,,,,,,,,,,,,,,,,,,,,,,,,,,,,,,,,,,,,,,,,,,,,,,,,,,,,,,,,,,,30135,"<span lang=""EN-GB"">Suppose you are alone at home, you want to take a break from studying/working&nbsp;</span>so you decide to play an online/digital game with some close friends ."
11/8/2018 7:52,11/8/2018 7:59,0,128.23.28.83,100,430,1,11/8/2018 7:59,R_wYlY5sBWWBlZ0pb,,,,,32.78619385,-79.94709778,anonymous,EN,"1,2,3,4,5","1,3,4",,"1,2,3",,"2,3",,1,,"1,2,3,4",,"2,3","1,2,3",,"2,3",,"1,2,3","1,2,3",,"1,2,3",,"1,2,3,4",,"1,2,3",,"1,3",,"1,2",,,,,,,,,,,,,,,,,,,,,,,,,,,,,,,,,,,,,,,,,,,,,,,,,,,,,,,,,,,,,,,,,,,,,,,,,,,,,,,,,,,,,,,,,,,,,,,,,,,,,,,,,,,,,,,,,,,,,,,,,,,,,,,,,,,,,,,,,,,,,,,,,,,,,,,,,,,,,,,,,,,,,,,,,,,,,,,,,,,,,,,,65076,"<span lang=""EN-GB"">Suppose you want to set up a reminder about something when you are at Starbucks with close friends.<o:p></o:p></span>"
11/8/2018 8:06,11/8/2018 8:09,0,76.124.64.173,100,178,1,11/8/2018 8:09,R_1Q5dKgLW12wuMsD,,,,,40.14959717,-75.37960052,anonymous,EN,"1,2,3,4",5,,3,,2,,1,,2,,2,2,,3,,1,1,,2,,1,,2,,2,,2,,,,,,,,,,,,,,,,,,,,,,,,,,,,,,,,,,,,,,,,,,,,,,,,,,,,,,,,,,,,,,,,,,,,,,,,,,,,,,,,,,,,,,,,,,,,,,,,,,,,,,,,,,,,,,,,,,,,,,,,,,,,,,,,,,,,,,,,,,,,,,,,,,,,,,,,,,,,,,,,,,,,,,,,,,,,,,,,,,,,,,,,35197,"<span id=""docs-internal-guid-5a7e3441-7fff-9d1f-10e6-454a1d940975""><span style=""font-size: 11pt; font-family: Arial; color: rgb(0, 0, 0); background-color: transparent; font-variant-numeric: normal; font-variant-east-asian: normal; vertical-align: baseline; white-space: pre-wrap;"">Suppose you want to call your mother for sharing an important update about your life &nbsp;when you are alone at home</span><br> <br><br></span>"
11/8/2018 7:37,11/8/2018 8:11,0,66.97.58.134,100,2049,1,11/8/2018 8:11,R_2TSGXqpWCgwRUx1,,,,,30.06030273,-90.55180359,anonymous,EN,"1,2,3",2,,1,,"1,2,3",,3,,1,,"2,3","1,3",,5,,"2,3",1,,2,,"3,4",,2,,"2,3",,"1,2",,"1,2,3",2,,1,,"2,3",,1,,1,,"2,3","1,3",,5,,5,,"1,2",,3,,2,,3,,3,,"1,2",,2,,1,,"2,3",,1,,1,,"2,3","1,3",,5,,5,,"1,2",,3,,2,,3,,3,,"1,2",,4,,3,,"1,3",,3,,2,,"2,3","1,3",,5,,5,,"1,2",,3,,2,,3,,"2,3",,"1,2",,,,,,,,,,,,,,,,,,,,,,,,,,,,,,,,,,,,,,,,,,,,,,,,,,,,,,,,,,,,,,,,,,,,,,,,,,,,,,,,,,,,,,,,,female,60,nurse,3,1,,3,56269,"<span lang=""EN-GB"">Suppose
     you want to purchase something online when you are with people you are
     close to (e.g., friends, family members) at home.<o:p></o:p></span>"
11/8/2018 8:12,11/8/2018 8:14,0,69.21.242.34,100,93,1,11/8/2018 8:14,R_3kcQqtJXvhfs5Rp,,,,,43.2328949,-86.18849945,anonymous,EN,"1,2,4,5",3,,1,,"1,2,3,4",,1,,1,,2,1,,"1,2,3",,"1,2",3,,"1,2",,"1,2,3",,"1,2",,"1,2,3",,"1,2",,,,,,,,,,,,,,,,,,,,,,,,,,,,,,,,,,,,,,,,,,,,,,,,,,,,,,,,,,,,,,,,,,,,,,,,,,,,,,,,,,,,,,,,,,,,,,,,,,,,,,,,,,,,,,,,,,,,,,,,,,,,,,,,,,,,,,,,,,,,,,,,,,,,,,,,,,,,,,,,,,,,,,,,,,,,,,,,,,,,,,,,62480,"<span lang=""EN-GB"">Suppose
     you want to set up a reminder about something when you are at Starbucks by
     yourself.<o:p></o:p></span>"
11/1/2018 16:00,11/8/2018 8:17,0,142.196.231.97,100,580617,1,11/8/2018 8:17,R_3oBiYQayJPr5E61,,,,,28.65130615,-81.20659637,anonymous,EN,"1,2,3,4,5,6","1,2",,"1,2",,"2,3",,1,,"1,2",,"1,2","1,2,3",,"1,2,3",,"2,3","2,3",,"1,2,3",,"1,2,3",,"1,2,3",,"1,2",,"1,2",,,,,,,,,,,,,,,,,,,,,,,,,,,,,,,,,,,,,,,,,,,,,,,,,,,,,,,,,,,,,,,,,,,,,,,,,,,,,,,,,,,,,,,,,,,,,,,,,,,,,,,,,,,,,,,,,,,,,,,,,,,,,,,,,,,,,,,,,,,,,,,,,,,,,,,,,,,,,,,,,,,,,,,,,,,,,,,,,,,,,,,,52889,"<span lang=""EN-GB"">Suppose
     you want to call your mother for sharing an important update about your
     life when you are alone at Starbucks.<o:p></o:p></span>"
11/8/2018 8:17,11/8/2018 8:17,0,142.196.231.97,100,11,1,11/8/2018 8:17,R_8ujj5zy1sEgfz7r,,,,,28.65130615,-81.20659637,anonymous,EN,1,,,,,,,,,,,,,,,,,,,,,,,,,,,,,,,,,,,,,,,,,,,,,,,,,,,,,,,,,,,,,,,,,,,,,,,,,,,,,,,,,,,,,,,,,,,,,,,,,,,,,,,,,,,,,,,,,,,,,,,,,,,,,,,,,,,,,,,,,,,,,,,,,,,,,,,,,,,,,,,,,,,,,,,,,,,,,,,,,,,,,,,,,,,,,,,,,,,,,,,,,,,,,,,,,,,61844,"<span lang=""EN-GB"" style=""font-size:11.0pt;line-height:115%;
font-family:&quot;Arial&quot;,sans-serif;mso-fareast-font-family:Arial;mso-ansi-language:
EN-GB;mso-fareast-language:EN-US;mso-bidi-language:AR-SA"">Suppose you want to a
view a text message when you are alone at home</span>"
11/2/2018 8:17,11/8/2018 8:31,0,192.132.44.53,100,522816,1,11/8/2018 8:31,R_3GdgqDwHQKO5233,,,,,32.74909973,-96.45980072,anonymous,EN,"1,2,3,4,5,6",2,,3,,4,,1,,4,,3,3,,2,,3,3,,3,,3,,2,,3,,2,,,,,,,,,,,,,,,,,,,,,,,,,,,,,,,,,,,,,,,,,,,,,,,,,,,,,,,,,,,,,,,,,,,,,,,,,,,,,,,,,,,,,,,,,,,,,,,,,,,,,,,,,,,,,,,,,,,,,,,,,,,,,,,,,,,,,,,,,,,,,,,,,,,,,,,,,,,,,,,,,,,,,,,,,,,,,,,,,,,,,,,,26991,"<span lang=""EN-GB"">Suppose you want to control some devices/appliances (e.g., smart lights) when you are alone at home.<o:p></o:p></span>"
11/1/2018 9:39,11/1/2018 9:40,0,128.230.139.36,77,33,0,11/8/2018 8:40,R_3nSL06OBs078rDo,,,,,,,anonymous,EN,"1,2,4,5,6",,,,,,,,,,,,,,,,,,,,,,,,,,,,,,,,,,,,,,,,,,,,,,,,,,,,,,,,,,,,,,,,,,,,,,,,,,,,,,,,,,,,,,,,,,,,,,,,,,,,,,,,,,,,,,,,,,,,,,,,,,,,,,,,,,,,,,,,,,,,,,,,,,,,,,,,,,,,,,,,,,,,,,,,,,,,,,,,,,,,,,,,,,,,,,,,,,,,,,,,,,,,,,,,,,,70345,"<span lang=""EN-GB"">Suppose you want to find a route to home while walking on a street with your close friends.<o:p></o:p></span>"
11/8/2018 8:49,11/8/2018 8:49,0,154.76.197.33,100,20,1,11/8/2018 8:49,R_22rl0dxyd0S9ABz,,,,,-1.283294678,36.81669617,anonymous,EN,4,,,,,,,,,,,,,,,,,,,,,,,,,,,,,,,,,,,,,,,,,,,,,,,,,,,,,,,,,,,,,,,,,,,,,,,,,,,,,,,,,,,,,,,,,,,,,,,,,,,,,,,,,,,,,,,,,,,,,,,,,,,,,,,,,,,,,,,,,,,,,,,,,,,,,,,,,,,,,,,,,,,,,,,,,,,,,,,,,,,,,,,,,,,,,,,,,,,,,,,,,,,,,,,,,,,13387,"<span lang=""EN-GB"">Suppose you want to listen to some audio when you are alone in a park.<o:p></o:p></span>"
11/8/2018 8:54,11/8/2018 8:54,0,76.122.83.89,100,10,1,11/8/2018 8:54,R_aYqzPPxLc3a1ndD,,,,,33.87130737,-84.46289825,anonymous,EN,1,,,,,,,,,,,,,,,,,,,,,,,,,,,,,,,,,,,,,,,,,,,,,,,,,,,,,,,,,,,,,,,,,,,,,,,,,,,,,,,,,,,,,,,,,,,,,,,,,,,,,,,,,,,,,,,,,,,,,,,,,,,,,,,,,,,,,,,,,,,,,,,,,,,,,,,,,,,,,,,,,,,,,,,,,,,,,,,,,,,,,,,,,,,,,,,,,,,,,,,,,,,,,,,,,,,88431,"<span lang=""EN-GB"" style=""font-size:11.0pt;line-height:115%;
font-family:&quot;Arial&quot;,sans-serif;mso-fareast-font-family:Arial;mso-ansi-language:
EN-GB;mso-fareast-language:EN-US;mso-bidi-language:AR-SA"">Suppose you want to
read a digital document when you are at Starbucks surrounded with your close
friends.</span>"
11/8/2018 8:52,11/8/2018 8:54,0,204.191.220.155,100,137,1,11/8/2018 8:54,R_3Emwy9q4eYO6qJu,,,,,53.55000305,-113.5,anonymous,EN,"2,3,4","1,2,3",,"1,2,3",,"1,2,3,4",,1,,"1,2,3,4",,4,"1,2,3",,"1,2,3",,4,"1,2,3,4",,"1,2,3",,"1,2,3,4",,"1,2,3",,"1,2,3",,4,,2,,,,,,,,,,,,,,,,,,,,,,,,,,,,,,"1,2,3",,"1,2,3",,"1,2,3",,1,,"1,2,3",,"1,2,3","1,2,3",,"1,2,3",,"1,2,3",,"1,2,3",,"1,2,3",,"1,2,3",,"1,2,3",,"1,2,3",,"1,2",,,,,,,,,,,,,,,,,,,,,,,,,,,,,,,,,,,,,,,,,,,,,,,,,,,,,,,,,,,,,,,,,,,,,,,,,,,,,,,,,,,,,,,,,,,,,,,,,,,,,,,,,,,,,,,,,,,,,,female,31,financial analyst,5,1,,4,4523,"<span lang=""EN-GB"">Suppose you have planned to meet a friend next week and you want to put this on your calendar when you are alone at Starbucks.<o:p></o:p></span>"
11/2/2018 21:48,11/8/2018 8:56,0,24.247.53.56,100,475689,1,11/8/2018 8:56,R_31NrpTvcKJzK8eM,,,,,42.05290222,-83.37550354,anonymous,EN,"1,2",,,,,,,,,,,,,,,,,,,,,,,,,,,,,,,,,,,,,,,,,,,,,,,,,,,,,,,,,,,,,,,,,,,,,,,,,,,,,,,,,,,,,,,,,,,,,,,,,,,,,,,,,,,,,,,,,,,,,,,,,,,,,,,,,,,,,,,,,,,,,,,,,,,,,,,,,,,,,,,,,,,,,,,,,,,,,,,,,,,,,,,,,,,,,,,,,,,,,,,,,,,,,,,,,,,44224,"<span lang=""EN-GB"">Suppose you want to call your mother for sharing an important
     update about your life&nbsp; when you
     with people you know (e.g., acquaintances, colleagues) at a park<o:p></o:p></span>"
11/8/2018 9:01,11/8/2018 9:01,0,72.237.206.161,100,21,1,11/8/2018 9:01,R_2z8gpMXz8jvDkFJ,,,,,39.85499573,-75.69999695,anonymous,EN,"2,3",,,,,,,,,,,,,,,,,,,,,,,,,,,,,,,,,,,,,,,,,,,,,,,,,,,,,,,,,,,,,,,,,,,,,,,,,,,,,,,,,,,,,,,,,,,,,,,,,,,,,,,,,,,,,,,,,,,,,,,,,,,,,,,,,,,,,,,,,,,,,,,,,,,,,,,,,,,,,,,,,,,,,,,,,,,,,,,,,,,,,,,,,,,,,,,,,,,,,,,,,,,,,,,,,,,50565,"<span lang=""EN-GB"">Suppose
     you want to purchase something online when you are alone at your home.<o:p></o:p></span>"
11/8/2018 8:54,11/8/2018 9:05,0,98.179.216.64,100,653,1,11/8/2018 9:05,R_DNwko6QEjfaZ6ff,,,,,29.94659424,-92.24160004,anonymous,EN,"1,2,3,4,5,6","2,4",,1,,"1,2,3,4",,1,,1,,3,"1,2",,5,,3,"3,4",,"1,2",,6,,"1,2",,"1,3",,2,,"1,2,4",4,,1,,"1,2,3,4",,1,,1,,"2,3","1,2,3",,5,,5,,"1,2,3",,"2,3,4",,"1,2",,"2,3",,"1,3",,2,,"2,5",,1,,"1,2,3",,1,,1,,2,"1,2,3",,5,,5,,3,,"1,2,3",,"1,2",,"2,3",,1,,2,,,,,,,,,,,,,,,,,,,,,,,,,,,,,,,"2,5",,1,,"1,2,3",,1,,1,,2,"1,2,3",,5,,5,,3,,6,,"1,2",,6,,"1,3",,2,,,,,,,,,,,,,,,,,,,,,,,,,,,,,,,,,,,,,,,,,,,,,,,,,,,,,,,,,,,,,,,,,,,28006,"<span lang=""EN-GB"" style=""font-size:11.0pt;line-height:115%;
font-family:&quot;Arial&quot;,sans-serif;mso-fareast-font-family:Arial;mso-ansi-language:
EN-GB;mso-fareast-language:EN-US;mso-bidi-language:AR-SA"">Suppose you want to
read a digital document when you are at Starbucks surrounded with your close
friends.</span>"
11/8/2018 9:01,11/8/2018 9:06,0,184.155.37.196,100,291,1,11/8/2018 9:06,R_9HMUz0T6k81lKCd,,,,,32.85040283,-109.7461014,anonymous,EN,"1,2,3,4","1,2,3,5",,"1,2",,"1,2,3,4",,1,,"1,3",,4,"1,2",,"2,3",,"1,2,3","1,2,3",,"1,2,3",,"2,3,4",,"1,2,3",,"1,2,3",,"1,2",,,,,,,,,,,,,,,,,,,,,,,,,,,,,,,,,,,,,,,,,,,,,,,,,,,,,,,,,,,,,,,,,,,,,,,,,,,,,,,,,,,,,,,,,,,,,,,,,,,,,,,,,,,,,,,,,,,,,,,,,,,,,,,,,,,,,,,,,,,,,,,,,,,,,,,,,,,,,,,,,,,,,,,,,,,,,,,,,,,,,,,,71571,"<span lang=""EN-GB"">Suppose you have planned to meet a friend next week and you want to put this on your calendar when you are alone at a park<o:p></o:p></span>"
11/8/2018 9:06,11/8/2018 9:06,0,73.182.209.236,100,16,1,11/8/2018 9:06,R_2zdXLCFdCP2DIHt,,,,,41.57609558,-72.50930023,anonymous,EN,"2,3",,,,,,,,,,,,,,,,,,,,,,,,,,,,,,,,,,,,,,,,,,,,,,,,,,,,,,,,,,,,,,,,,,,,,,,,,,,,,,,,,,,,,,,,,,,,,,,,,,,,,,,,,,,,,,,,,,,,,,,,,,,,,,,,,,,,,,,,,,,,,,,,,,,,,,,,,,,,,,,,,,,,,,,,,,,,,,,,,,,,,,,,,,,,,,,,,,,,,,,,,,,,,,,,,,,31989,"<span lang=""EN-GB"">Suppose you want to control some devices/appliances (e.g., smart lights) when you are at home with people you are close to (e.g., friends, family members)<strong><o:p></o:p></strong></span>"
11/8/2018 9:22,11/8/2018 9:22,0,73.24.103.111,100,31,1,11/8/2018 9:22,R_2Vy98B1SUHYBTSY,,,,,28.55230713,-81.17949677,anonymous,EN,"2,5,6",2,,2,,4,,1,,1,,3,1,,2,,2,2,,1,,3,,2,,1,,2,,,,,,,,,,,,,,,,,,,,,,,,,,,,,,,,,,,,,,,,,,,,,,,,,,,,,,,,,,,,,,,,,,,,,,,,,,,,,,,,,,,,,,,,,,,,,,,,,,,,,,,,,,,,,,,,,,,,,,,,,,,,,,,,,,,,,,,,,,,,,,,,,,,,,,,,,,,,,,,,,,,,,,,,,,,,,,,,,,,,,,,,9451,"<span lang=""EN-GB"">Suppose you want to browse internet when you are with your close friends at a restaurant.<o:p></o:p></span>"
11/8/2018 9:20,11/8/2018 9:23,0,64.53.149.117,100,205,1,11/8/2018 9:23,R_XttXfqREeGfvlZf,,,,,42.0144043,-88.09349823,anonymous,EN,"1,2,3,4",2,,1,,"1,2",,1,,1,,1,"1,2",,2,,"1,3","2,3",,"1,2",,"1,3",,"1,2",,"1,2,3",,"1,2",,,,,,,,,,,,,,,,,,,,,,,,,,,,,,,,,,,,,,,,,,,,,,,,,,,,,,,,,,,,,,,,,,,,,,,,,,,,,,,,,,,,,,,,,,,,,,,,,,,,,,,,,,,,,,,,,,,,,,,,,,,,,,,,,,,,,,,,,,,,,,,,,,,,,,,,,,,,,,,,,,,,,,,,,,,,,,,,,,,,,,,,96755,"<span lang=""EN-GB"">Suppose
     you want to purchase something online when you are alone at a park.<o:p></o:p></span>"
11/8/2018 9:23,11/8/2018 9:32,0,65.196.102.179,100,556,1,11/8/2018 9:32,R_33Eb3dtEzrORMl0,,,,,38.80599976,-77.05290222,anonymous,EN,"2,3,4,5,6","1,2,5",,3,,"2,3",,1,,1,,"2,3",1,,"1,2,3",,"2,3","3,4",,"1,2",,"3,4",,"1,2",,1,,2,,"2,6",,,,,,,,,,,,,,,,,,,,,,,,,,,,,,"1,2,5",,1,,"1,2,3",,1,,1,,3,"1,3",,1,,1,,3,,3,,"1,2",,"1,2,3,4",,1,,2,,,,,,,,,,,,,,,,,,,,,,,,,,,,,,,,,,,,,,,,,,,,,,,,,,,,,,,,,,,,,,,,,,,,,,,,,,,,,,,,,,,,,,,,,"2,5",,1,,2,,1,,1,,3,1,,5,,5,,3,,3,,1,,"1,3",,1,,2,,,,,,,,,37452,"Suppose
     you want to call your mother for sharing an important update about your
     life when you are surrounded by people you
     know (e.g., acquaintances, colleagues) at a restaurant.<o:p></o:p>"
11/8/2018 9:29,11/8/2018 9:33,0,216.52.85.201,100,208,1,11/8/2018 9:33,R_32XxghL4fJnzP5b,,,,,37.751297,-87.15540314,anonymous,EN,"1,2,6","1,2",,"1,2",,"1,2",,1,,"2,4",,3,2,,1,,"2,3","2,4",,2,,6,,"1,2",,"1,2,3",,"1,2",,,,,,,,,,,,,,,,,,,,,,,,,,,,,,,,,,,,,,,,,,,,,,,,,,,,,,,,,,,,,,,,,,,,,,,,,,,,,,,,,,,,,,,,,,,,,,,,,,,,,,,,,,,,,,,,,,,,,,,,,,,,,,,,,,,,,,,,,,,,,,,,,,,,,,,,,,,,,,,,,,,,,,,,,,,,,,,,,,,,,,,,96155,"<span lang=""EN-GB"">Suppose you want to read a digital document when you are at a park.<o:p></o:p></span>"
11/8/2018 9:34,11/8/2018 9:35,0,74.78.212.206,100,28,1,11/8/2018 9:35,R_3OcaoWDELp2nUbB,,,,,43.10670471,-75.23139954,anonymous,EN,"2,3",,,,,,,,,,,,,,,,,,,,,,,,,,,,,,,,,,,,,,,,,,,,,,,,,,,,,,,,,,,,,,,,,,,,,,,,,,,,,,,,,,,,,,,,,,,,,,,,,,,,,,,,,,,,,,,,,,,,,,,,,,,,,,,,,,,,,,,,,,,,,,,,,,,,,,,,,,,,,,,,,,,,,,,,,,,,,,,,,,,,,,,,,,,,,,,,,,,,,,,,,,,,,,,,,,,74414,"<span lang=""EN-GB"">Suppose you are at home with people you are close to (e.g., friends, family members) when you realize today is the last day to pay one of your bills online.<o:p></o:p></span>"
11/8/2018 9:25,11/8/2018 9:36,0,199.250.231.179,100,661,1,11/8/2018 9:36,R_3GE7fVmLuJDlmPL,,,,,31.31990051,-81.95960236,anonymous,EN,"1,2,3","1,2,3,4",,1,,"1,2,3,4",,3,,2,,"2,3","2,3",,2,,"2,3","1,2,4",,"1,2",,3,,"1,2",,"1,2,3",,"1,2",,1,"1,2,4",,1,,"1,2,3,4",,1,,1,,"2,3","1,2,3",,5,,5,,"2,3",,"2,3",,"1,2",,"2,3",,"1,2,3",,4,,,,,,,,,,,,,,,,,,,,,,,,,,,,,,,,,,,,,,,,,,,,,,,,,,,,,,,,,,,,,,,,,,,,,,,,,,,,,,,,,,,,,,,,,,,,,,,,,,,,,,,,,,,,,,,,,,,,,,,,,,,,,,,,,,,,,,,,,,,,,,,,,,,female,53,teacher,4,1,,3,44675,"<span lang=""EN-GB"">Suppose
     you want to read a digital document when you are alone at home.<strong><o:p></o:p></strong></span>"
11/8/2018 9:44,11/8/2018 9:44,0,99.101.39.20,100,9,1,11/8/2018 9:44,R_3kM3QtN6yDCkcQ2,,,,,30.0532074,-95.37729645,anonymous,EN,4,,,,,,,,,,,,,,,,,,,,,,,,,,,,,,,,,,,,,,,,,,,,,,,,,,,,,,,,,,,,,,,,,,,,,,,,,,,,,,,,,,,,,,,,,,,,,,,,,,,,,,,,,,,,,,,,,,,,,,,,,,,,,,,,,,,,,,,,,,,,,,,,,,,,,,,,,,,,,,,,,,,,,,,,,,,,,,,,,,,,,,,,,,,,,,,,,,,,,,,,,,,,,,,,,,,27497,"<span lang=""EN-GB"">Suppose you want to browse through one of your social media profiles when you&nbsp;</span>are at your home."
11/3/2018 7:50,11/8/2018 9:52,0,64.138.238.73,100,442865,1,11/8/2018 9:52,R_8iVL72Wmr1viYyR,,,,,33.55070496,-79.05280304,anonymous,EN,"1,2,4","2,3,5",,3,,6,,1,,1,,4,"1,3",,5,,3,6,,2,,3,,1,,"1,2",,4,,,,,,,,,,,,,,,,,,,,,,,,,,,,,,,,,,,,,,,,,,,,,,,,,,,,,,,,,,,,,,,,,,,,,,,,,,,,,,,,,,,,,,,,,,,,,,,,,,,,,,,,,,,,,,,,,,,,,,,,,,,,,,,,,,,,,,,,,,,,,,,,,,,,,,,,,,,,,,,,,,,,,,,,,,,,,,,,,,,,,,,,52759,"<span lang=""EN-GB"">Suppose
     you want to a view a text message when you are with a very close friend at
     a restaurant&nbsp;<o:p></o:p></span>"
11/8/2018 10:21,11/8/2018 10:22,0,76.168.192.179,100,57,1,11/8/2018 10:22,R_21nTUWtnO8OnyCU,,,,,34.02450562,-118.1560974,anonymous,EN,"1,2,3,4",3,,"1,2",,"1,2,3,4",,3,,"1,4",,2,2,,2,,3,1,,2,,2,,3,,2,,1,,,,,,,,,,,,,,,,,,,,,,,,,,,,,,,,,,,,,,,,,,,,,,,,,,,,,,,,,,,,,,,,,,,,,,,,,,,,,,,,,,,,,,,,,,,,,,,,,,,,,,,,,,,,,,,,,,,,,,,,,,,,,,,,,,,,,,,,,,,,,,,,,,,,,,,,,,,,,,,,,,,,,,,,,,,,,,,,,,,,,,,,59241,"<span lang=""EN-GB"">Suppose you are on a short vacation and you want to take a picture in front&nbsp;</span>of an iconic monument when you are surrounded by many people."
11/8/2018 10:20,11/8/2018 10:26,0,216.16.68.250,100,347,1,11/8/2018 10:26,R_2SH6rZkhF9L9tfU,,,,,43.55140686,-96.73750305,anonymous,EN,"2,3,4",2,,1,,"1,3",,1,,1,,"2,3",2,,5,,"2,3",1,,"1,2",,"1,3",,1,,5,,4,,,,,,,,,,,,,,,,,,,,,,,,,,,,,,,,,,,,,,,,,,,,,,,,,,,,,,,,,,,,,,,,,,,,,,,,,,,,,,,,,,,,,,,,,,,,,,,,,,,,,,,,,,,,,,,,,,,,,,,,,,,,,,,,,,,,,,,,,,,,,,,,,,,,,,,,,,,,,,,,,,,,,,,,,,,,,,,,,,,,,,,,20458,"<span lang=""EN-GB"">Suppose you want to find a route to home while walking on a street with people you know (e.g., acquaintances, colleagues).<o:p></o:p></span>"
11/8/2018 10:22,11/8/2018 10:27,0,192.25.7.195,100,292,1,11/8/2018 10:27,R_3OXLYkplbU2qFtD,,,,,38.92680359,-104.8463974,anonymous,EN,"1,2,3,6",2,,5,,"1,2,3",,1,,1,,3,"1,2",,5,,3,6,,2,,3,,2,,1,,2,,"1,2",2,,1,,1,,3,,1,,3,5,,5,,5,,6,,6,,2,,6,,5,,3,google maps,2,,5,,"1,2",,1,,1,,3,5,,5,,5,,3,,7,,2,,6,,1,,2,,,,,,,,,,,,,,,,,,,,,,,,,,,,,,,,,,,,,,,,,,,,,,,,,,,,,,,,,,,,,,,,,,,,,,,,,,,,,,,,,,,,,,,,,,,,,,,,,,,,,,,,,,,,,,,,,,,,,,,,,,,,,78550,"<span lang=""EN-GB"" style=""font-size:11.0pt;line-height:115%;
font-family:&quot;Arial&quot;,sans-serif;mso-fareast-font-family:Arial;mso-ansi-language:
EN-GB;mso-fareast-language:EN-US;mso-bidi-language:AR-SA"">Suppose you want to
find a route to a coffee shop when you are alone at home.</span>"
11/8/2018 10:29,11/8/2018 10:29,0,107.77.236.96,100,31,1,11/8/2018 10:29,R_2BycUMIl9YRISay,,,,,34.07969666,-83.93080139,anonymous,EN,2,,,,,,,,,,,,,,,,,,,,,,,,,,,,,,,,,,,,,,,,,,,,,,,,,,,,,,,,,,,,,,,,,,,,,,,,,,,,,,,,,,,,,,,,,,,,,,,,,,,,,,,,,,,,,,,,,,,,,,,,,,,,,,,,,,,,,,,,,,,,,,,,,,,,,,,,,,,,,,,,,,,,,,,,,,,,,,,,,,,,,,,,,,,,,,,,,,,,,,,,,,,,,,,,,,,39163,"<span lang=""EN-GB"" style=""font-size:11.0pt;line-height:115%;
font-family:&quot;Arial&quot;,sans-serif;mso-fareast-font-family:Arial;mso-ansi-language:
EN-GB;mso-fareast-language:EN-US;mso-bidi-language:AR-SA"">Suppose you want to check your social media when you are alone in a park.</span>"
11/8/2018 10:32,11/8/2018 10:38,0,76.112.167.128,100,342,1,11/8/2018 10:38,R_1FahZX8ueoPdoVw,,,,,42.3769989,-83.07959747,anonymous,EN,"1,2,3,4,6",2,,1,,2,,1,,1,,2,2,,2,,2,1,,2,,1,,2,,1,,1,,2,,,,,,,,,,,,,,,,,,,,,,,,,,,,,,2,,1,,1,,1,,1,,2,2,,3,,2,,1,,1,,2,,1,,1,,2,,,,,,,,,,,,,,,,,,,,,,,,,,,,,,,,,,,,,,,,,,,,,,,,,,,,,,,,,,,,,,,,,,,,,,,,,,,,,,,,,,,,,,,,,,,,,,,,,,,,,,,,,,,,,,,,,,,,,,,,,,,,,86128,"<span lang=""EN-GB"">Suppose you want to watch some video when you are with your close friends at Starbucks.<o:p></o:p></span>"
11/8/2018 7:43,11/8/2018 10:38,0,100.35.97.44,100,10497,1,11/8/2018 10:38,R_22WyAgVrLqOLiTv,,,,,40.74450684,-74.15080261,anonymous,EN,"1,2,3,4,5,6",2,,5,,1,,3,,1,,1,5,,5,,1,3,,2,,"2,3",,2,,2,,4,,"2,6",,,,,,,,,,,,,,,,,,,,,,,,,,,,,,2,,1,,3,,3,,1,,1,1,,5,,5,,"1,3",,3,,2,,3,,5,,4,,,,,,,,,,,,,,,,,,,,,,,,,,,,,,,,,,,,,,,,,,,,,,,,,,,,,,,,,,,,,,,,,,,,,,,,,,,,,,,,,,,,,,,,,2,,5,,"2,3",,1,,1,,1,5,,5,,5,,3,,3,,2,,3,,5,,4,,female,50,home maker,4,3,,2,47867,"<span lang=""EN-GB"">Suppose
     you want to set up a reminder when you are with people you know (e.g.,
     acquaintances, colleagues) at your home.<o:p></o:p></span>"
11/8/2018 10:38,11/8/2018 10:39,0,98.159.196.54,100,50,1,11/8/2018 10:39,R_1ltSo9s0jfm977i,,,,,34.61799622,-86.05619812,anonymous,EN,"1,2,3,4,5,6",4,,1,,1,,1,,4,,3,2,,5,,1,1,,3,,4,,5,,1,,1,,,,,,,,,,,,,,,,,,,,,,,,,,,,,,,,,,,,,,,,,,,,,,,,,,,,,,,,,,,,,,,,,,,,,,,,,,,,,,,,,,,,,,,,,,,,,,,,,,,,,,,,,,,,,,,,,,,,,,,,,,,,,,,,,,,,,,,,,,,,,,,,,,,,,,,,,,,,,,,,,,,,,,,,,,,,,,,,,,,,,,,,75910,"<span lang=""EN-GB"">Suppose you want to find a route to home while walking on a street.<o:p></o:p></span>"
11/8/2018 10:42,11/8/2018 10:43,0,174.85.255.66,100,54,1,11/8/2018 10:43,R_D8osIdKVffcyQXT,,,,,34.80360413,-86.97070313,anonymous,EN,"1,2,3,4,5,6",4,,"1,2",,1,,1,,2,,1,1,,2,,1,3,,1,,2,,"1,2",,1,,1,,,,,,,,,,,,,,,,,,,,,,,,,,,,,,,,,,,,,,,,,,,,,,,,,,,,,,,,,,,,,,,,,,,,,,,,,,,,,,,,,,,,,,,,,,,,,,,,,,,,,,,,,,,,,,,,,,,,,,,,,,,,,,,,,,,,,,,,,,,,,,,,,,,,,,,,,,,,,,,,,,,,,,,,,,,,,,,,,,,,,,,,63229,"<span lang=""EN-GB"">Suppose you are at work with some people you know (e.g., acquaintances, colleagues) when you realize that you have to immediately pay one of your bills online.<o:p></o:p></span>"
11/8/2018 10:45,11/8/2018 10:45,0,98.210.114.225,100,9,1,11/8/2018 10:45,R_1gkFD1voKQeePqm,,,,,37.9940033,-121.703598,anonymous,EN,5,,,,,,,,,,,,,,,,,,,,,,,,,,,,,,,,,,,,,,,,,,,,,,,,,,,,,,,,,,,,,,,,,,,,,,,,,,,,,,,,,,,,,,,,,,,,,,,,,,,,,,,,,,,,,,,,,,,,,,,,,,,,,,,,,,,,,,,,,,,,,,,,,,,,,,,,,,,,,,,,,,,,,,,,,,,,,,,,,,,,,,,,,,,,,,,,,,,,,,,,,,,,,,,,,,,94023,"<span lang=""EN-GB"">Suppose you want to watch some video when you are alone at your home.<strong><o:p></o:p></strong></span>"
11/8/2018 10:47,11/8/2018 10:47,0,76.31.33.122,100,20,1,11/8/2018 10:47,R_3GkxsNLpvKpDapJ,,,,,29.74220276,-95.49030304,anonymous,EN,"1,4",,,,,,,,,,,,,,,,,,,,,,,,,,,,,,,,,,,,,,,,,,,,,,,,,,,,,,,,,,,,,,,,,,,,,,,,,,,,,,,,,,,,,,,,,,,,,,,,,,,,,,,,,,,,,,,,,,,,,,,,,,,,,,,,,,,,,,,,,,,,,,,,,,,,,,,,,,,,,,,,,,,,,,,,,,,,,,,,,,,,,,,,,,,,,,,,,,,,,,,,,,,,,,,,,,,1719,"<span lang=""EN-GB"">Suppose you have planned to meet a friend next week and you want to put this on your calendar when you are with a very close friend at a park.&nbsp;<o:p></o:p></span>"
11/8/2018 10:52,11/8/2018 10:53,0,131.108.235.180,100,22,1,11/8/2018 10:53,R_sUpFmo4Hza5J9dL,,,,,37.75100708,-97.8219986,anonymous,EN,2,,,,,,,,,,,,,,,,,,,,,,,,,,,,,,,,,,,,,,,,,,,,,,,,,,,,,,,,,,,,,,,,,,,,,,,,,,,,,,,,,,,,,,,,,,,,,,,,,,,,,,,,,,,,,,,,,,,,,,,,,,,,,,,,,,,,,,,,,,,,,,,,,,,,,,,,,,,,,,,,,,,,,,,,,,,,,,,,,,,,,,,,,,,,,,,,,,,,,,,,,,,,,,,,,,,98489,"<span lang=""EN-GB"">Suppose
     you want to set up a reminder when you are at a park by yourself.<o:p></o:p></span>"
11/8/2018 10:53,11/8/2018 10:55,0,131.108.235.180,100,149,1,11/8/2018 10:56,R_6lLNcruAjWg8Imt,,,,,37.75100708,-97.8219986,anonymous,EN,"1,2,3,4","2,3,5",,"1,3",,"1,2,3,4",,1,,"1,2,4",,"1,2","1,2,3",,"1,2,3",,"1,3","2,3,4",,"1,2",,"1,3,4",,"1,2,3",,"1,2",,"1,2",,,,,,,,,,,,,,,,,,,,,,,,,,,,,,,,,,,,,,,,,,,,,,,,,,,,,,,,,,,,,,,,,,,,,,,,,,,,,,,,,,,,,,,,,,,,,,,,,,,,,,,,,,,,,,,,,,,,,,,,,,,,,,,,,,,,,,,,,,,,,,,,,,,,,,,,,,,,,,,,,,,,,,,,,,,,,,,,,,,,,,,,57864,"<span lang=""EN-GB"">Suppose
     you want to watch some video when you are with your close friends in a
     park.<o:p></o:p></span>"
11/8/2018 10:57,11/8/2018 10:57,0,24.177.221.234,100,17,1,11/8/2018 10:57,R_b7q3WfIlsxzKsjT,,,,,43.79890442,-91.21749878,anonymous,EN,"1,2",,,,,,,,,,,,,,,,,,,,,,,,,,,,,,,,,,,,,,,,,,,,,,,,,,,,,,,,,,,,,,,,,,,,,,,,,,,,,,,,,,,,,,,,,,,,,,,,,,,,,,,,,,,,,,,,,,,,,,,,,,,,,,,,,,,,,,,,,,,,,,,,,,,,,,,,,,,,,,,,,,,,,,,,,,,,,,,,,,,,,,,,,,,,,,,,,,,,,,,,,,,,,,,,,,,75016,"<span lang=""EN-GB"">Suppose
     you want to a send an email when you are with a very close friend at a
     restaurant&nbsp;<o:p></o:p></span>"
11/8/2018 10:39,11/8/2018 11:44,0,100.35.97.44,100,3885,1,11/8/2018 11:44,R_1I6ljZYfNKZfe8C,,,,,40.74450684,-74.15080261,anonymous,EN,"1,2,3,4,5,6",2,,1,,2,,3,,2,,1,5,,5,,1,3,,5,,"2,3",,5,,2,,4,,"1,2,3,4,5,6",2,,1,,3,,1,,1,,1,5,,2,,2,,3,,"2,3",,2,,"2,3",,1,,4,,2,,5,,"2,3",,3,,1,,1,5,,2,,2,,3,,"2,3",,2,,"2,3",,3,,1,,2,,3,,1,,3,,1,,1,5,,5,,5,,3,,3,,2,,3,,2,,4,,"2,3",,5,,3,,3,,1,,1,5,,"2,3",,"2,3",,3,,3,,2,,3,,5,,"1,2",,1,,5,,4,,1,,"2,3,4",,2,5,,1,,1,,4,,2,,3,,2,,5,,4,,2,,5,,"2,3",,3,,1,,1,"2,3",,5,,5,,3,,3,,2,,3,,5,,4,,female,50,home maker,3,1,,3,96728,"<span lang=""EN-GB"">Suppose you are at your gym and you want to track the amount of calories&nbsp;</span>you have burnt your workout.&nbsp;"
11/8/2018 11:44,11/8/2018 11:44,0,72.176.120.33,100,10,1,11/8/2018 11:44,R_b4qilvmYxwv74CB,,,,,27.73109436,-97.38770294,anonymous,EN,"2,3",,,,,,,,,,,,,,,,,,,,,,,,,,,,,,,,,,,,,,,,,,,,,,,,,,,,,,,,,,,,,,,,,,,,,,,,,,,,,,,,,,,,,,,,,,,,,,,,,,,,,,,,,,,,,,,,,,,,,,,,,,,,,,,,,,,,,,,,,,,,,,,,,,,,,,,,,,,,,,,,,,,,,,,,,,,,,,,,,,,,,,,,,,,,,,,,,,,,,,,,,,,,,,,,,,,11707,"<span lang=""EN-GB"">Suppose
     you want to read a digital document) when you are at home with people you
     know (e.g., acquaintances, colleagues).<o:p></o:p></span>"
11/8/2018 11:44,11/8/2018 11:49,0,100.35.97.44,100,329,1,11/8/2018 11:49,R_12tCSRX3XVJH8xh,,,,,40.74450684,-74.15080261,anonymous,EN,"1,2,3,4,5,6",2,,1,,6,,3,,1,,1,2,,5,,1,3,,2,,3,,2,,"1,2",,4,,"2,4",,,,,,,,,,,,,,,,,,,,,,,,,,,,,,2,,1,,1,,3,,1,,1,3,,5,,5,,3,,3,,2,,3,,5,,4,,,,,,,,,,,,,,,,,,,,,,,,,,,,,,,"2,3",,1,,"2,3",,1,,1,,1,5,,2,,2,,3,,3,,2,,3,,1,,4,,,,,,,,,,,,,,,,,,,,,,,,,,,,,,,,,,,,,,,,,,,,,,,,,,,,,,,,,,,,female,50,home maker,3,2,,2,62572,"<span lang=""EN-GB"">Suppose you want to browse the internet when you are with people you know (e.g., acquaintances, colleagues) at a park.<o:p></o:p></span>"
11/8/2018 11:49,11/8/2018 11:53,0,100.35.97.44,100,247,1,11/8/2018 11:53,R_pfTWp15EFxdPo2J,,,,,40.74450684,-74.15080261,anonymous,EN,"1,2,4,5",2,,1,,2,,3,,1,,1,1,,2,,1,3,,2,,2,,2,,5,,1,,2,,,,,,,,,,,,,,,,,,,,,,,,,,,,,,1,,1,,3,,1,,1,,4,5,,5,,5,,3,,2,,2,,2,,1,,4,,,,,,,,,,,,,,,,,,,,,,,,,,,,,,,,,,,,,,,,,,,,,,,,,,,,,,,,,,,,,,,,,,,,,,,,,,,,,,,,,,,,,,,,,,,,,,,,,,,,,,,,,,,,,,,,,,,,,,female,50,manager,4,2,,2,14596,"<span lang=""EN-GB"">Suppose
     you want to call your mother for sharing an important update about your
     life when you are with a very close friend at a restaurant&nbsp;<o:p></o:p></span>"
11/8/2018 12:12,11/8/2018 12:12,0,186.7.133.41,100,42,1,11/8/2018 12:12,R_2tsN4SfdPoZod7H,,,,,19.44999695,-70.69999695,anonymous,EN,"1,2,4","3,4",,3,,"2,4",,1,,"3,4",,3,"1,2",,"2,3",,4,3,,"1,3",,"3,4",,5,,"1,3",,"1,2",,,,,,,,,,,,,,,,,,,,,,,,,,,,,,,,,,,,,,,,,,,,,,,,,,,,,,,,,,,,,,,,,,,,,,,,,,,,,,,,,,,,,,,,,,,,,,,,,,,,,,,,,,,,,,,,,,,,,,,,,,,,,,,,,,,,,,,,,,,,,,,,,,,,,,,,,,,,,,,,,,,,,,,,,,,,,,,,,,,,,,,,25382,"<span lang=""EN-GB"">Suppose you have planned to meet a friend next week and you want to&nbsp;put this on your calendar </span><span lang=""EN-GB"">when</span><span lang=""EN-GB""> you are surrounded by people you know (e.g., acquaintances, colleagues) at your home.</span><span lang=""EN-GB""><o:p></o:p></span>"
11/8/2018 12:15,11/8/2018 12:17,0,160.2.247.96,100,121,1,11/8/2018 12:17,R_XSOwEfoPLZhrjtT,,,,,28.60110474,-96.62590027,anonymous,EN,"1,2,3,4,5,6",1,,1,,1,,1,,1,,1,3,,3,,1,6,,1,,2,,2,,1,,2,,,,,,,,,,,,,,,,,,,,,,,,,,,,,,,,,,,,,,,,,,,,,,,,,,,,,,,,,,,,,,,,,,,,,,,,,,,,,,,,,,,,,,,,,,,,,,,,,,,,,,,,,,,,,,,,,,,,,,,,,,,,,,,,,,,,,,,,,,,,,,,,,,,,,,,,,,,,,,,,,,,,,,,,,,,,,,,,,,,,,,,,18655,"<span lang=""EN-GB"">Suppose
     you want to call your mother for sharing an important update about your
     life&nbsp; when you are alone at a park<o:p></o:p></span>"
11/1/2018 13:20,11/1/2018 13:20,0,128.230.139.36,1,15,0,11/8/2018 12:20,R_10C3QQk2XM6o7x3,,,,,,,anonymous,EN,"1,2,3,4",,,,,,,,,,,,,,,,,,,,,,,,,,,,,,,,,,,,,,,,,,,,,,,,,,,,,,,,,,,,,,,,,,,,,,,,,,,,,,,,,,,,,,,,,,,,,,,,,,,,,,,,,,,,,,,,,,,,,,,,,,,,,,,,,,,,,,,,,,,,,,,,,,,,,,,,,,,,,,,,,,,,,,,,,,,,,,,,,,,,,,,,,,,,,,,,,,,,,,,,,,,,,,,,,,,62061,"<span lang=""EN-GB"">Suppose you want to call your mother for sharing an important
     update about your life when you are surrounded by people you know (e.g.,
     acquaintances, colleagues) at your home.<o:p></o:p></span>"
11/8/2018 11:54,11/8/2018 12:26,0,100.35.97.44,100,1951,1,11/8/2018 12:26,R_3noPWoHOzgUEdc6,,,,,40.74450684,-74.15080261,anonymous,EN,"1,2,3,4,5,6",2,,1,,2,,1,,1,,1,1,,2,,1,3,,2,,2,,2,,5,,4,,"2,6",,,,,,,,,,,,,,,,,,,,,,,,,,,,,,2,,1,,2,,3,,1,,1,1,,5,,5,,3,,3,,2,,3,,5,,4,,,,,,,,,,,,,,,,,,,,,,,,,,,,,,,,,,,,,,,,,,,,,,,,,,,,,,,,,,,,,,,,,,,,,,,,,,,,,,,,,,,,,,,,,2,,3,,"2,3",,3,,1,,1,5,,5,,5,,3,,"2,3",,2,,"2,3",,5,,4,,female,40,teacher,3,2,,2,5990,"<span lang=""EN-GB"">Suppose
     you want to a view a text message when you are with a very close friend at
     a restaurant&nbsp;<o:p></o:p></span>"
11/8/2018 12:23,11/8/2018 12:29,0,98.116.223.145,100,332,1,11/8/2018 12:29,R_3ezCHwNDds60Wxo,,,,,40.74690247,-73.63980103,anonymous,EN,"2,3,4","2,3,4",,1,,2,,1,,1,,1,"1,2,3",,5,,1,6,,1,,"1,2,3",,1,,1,,1,,2,,,,,,,,,,,,,,,,,,,,,,,,,,,,,,"2,3,4",,1,,1,,1,,1,,1,"1,2,3",,5,,5,,6,,"1,2,3",,1,,"1,2,3",,1,,1,,,,,,,,,,,,,,,,,,,,,,,,,,,,,,,,,,,,,,,,,,,,,,,,,,,,,,,,,,,,,,,,,,,,,,,,,,,,,,,,,,,,,,,,,,,,,,,,,,,,,,,,,,,,,,,,,,,,,,Male,26,na,3,1,,5,11124,"<span lang=""EN-GB"">Suppose you want to set up a reminder about something when you are at Starbucks with close friends.<o:p></o:p></span>"
11/8/2018 12:31,11/8/2018 12:32,0,76.126.230.133,100,82,1,11/8/2018 12:32,R_1DG6dILEGLNVbK3,,,,,37.665802,-121.8755035,anonymous,EN,"1,2",,,,,,,,,,,,,,,,,,,,,,,,,,,,,,,,,,,,,,,,,,,,,,,,,,,,,,,,,,,,,,,,,,,,,,,,,,,,,,,,,,,,,,,,,,,,,,,,,,,,,,,,,,,,,,,,,,,,,,,,,,,,,,,,,,,,,,,,,,,,,,,,,,,,,,,,,,,,,,,,,,,,,,,,,,,,,,,,,,,,,,,,,,,,,,,,,,,,,,,,,,,,,,,,,,,41311,"<span lang=""EN-GB"">Suppose
     you want to find a route to home when you are at Starbucks with your close
     friends.<o:p></o:p></span>"
11/1/2018 13:41,11/1/2018 13:41,0,73.151.115.85,77,42,0,11/8/2018 12:41,R_2D09IOsbw2d29Q3,,,,,,,anonymous,EN,"1,2,3",,,,,,,,,,,,,,,,,,,,,,,,,,,,,,,,,,,,,,,,,,,,,,,,,,,,,,,,,,,,,,,,,,,,,,,,,,,,,,,,,,,,,,,,,,,,,,,,,,,,,,,,,,,,,,,,,,,,,,,,,,,,,,,,,,,,,,,,,,,,,,,,,,,,,,,,,,,,,,,,,,,,,,,,,,,,,,,,,,,,,,,,,,,,,,,,,,,,,,,,,,,,,,,,,,,87167,"<span lang=""EN-GB"">Suppose
     you want to set up a reminder when you with people you know (e.g.,
     acquaintances, colleagues) at a park.<o:p></o:p></span>"
11/8/2018 13:09,11/8/2018 13:09,0,12.40.43.242,100,10,1,11/8/2018 13:09,R_2pRAVGdqAR3YGz6,,,,,39.08500671,-94.63559723,anonymous,EN,"2,3",,,,,,,,,,,,,,,,,,,,,,,,,,,,,,,,,,,,,,,,,,,,,,,,,,,,,,,,,,,,,,,,,,,,,,,,,,,,,,,,,,,,,,,,,,,,,,,,,,,,,,,,,,,,,,,,,,,,,,,,,,,,,,,,,,,,,,,,,,,,,,,,,,,,,,,,,,,,,,,,,,,,,,,,,,,,,,,,,,,,,,,,,,,,,,,,,,,,,,,,,,,,,,,,,,,55618,"<span lang=""EN-GB"">Suppose you want to take a click a photo when you are with your close friends&nbsp;</span>and family members at Starbucks"
11/8/2018 13:10,11/8/2018 13:10,0,12.40.43.242,100,58,1,11/8/2018 13:11,R_Qb06NuXWC1iP1Lj,,,,,39.08500671,-94.63559723,anonymous,EN,"1,2,3,4,5,6",4,,2,,2,,1,,4,,3,2,,3,,2,3,,2,,3,,2,,2,,2,,,,,,,,,,,,,,,,,,,,,,,,,,,,,,,,,,,,,,,,,,,,,,,,,,,,,,,,,,,,,,,,,,,,,,,,,,,,,,,,,,,,,,,,,,,,,,,,,,,,,,,,,,,,,,,,,,,,,,,,,,,,,,,,,,,,,,,,,,,,,,,,,,,,,,,,,,,,,,,,,,,,,,,,,,,,,,,,,,,,,,,,76722,"<span lang=""EN-GB"">Suppose you want to watch some video when you are with your close friends at Starbucks.<o:p></o:p></span>"
11/8/2018 13:11,11/8/2018 13:14,0,12.40.43.242,100,191,1,11/8/2018 13:14,R_1ONMzG6UIgxGZI0,,,,,39.08500671,-94.63559723,anonymous,EN,"2,3,4,5,6","1,3",,"2,3",,"2,3,4",,1,,3,,3,"1,2,3",,"2,3",,4,2,,"1,3",,"2,3",,"1,3",,2,,"1,2",,,,,,,,,,,,,,,,,,,,,,,,,,,,,,,,,,,,,,,,,,,,,,,,,,,,,,,,,,,,,,,,,,,,,,,,,,,,,,,,,,,,,,,,,,,,,,,,,,,,,,,,,,,,,,,,,,,,,,,,,,,,,,,,,,,,,,,,,,,,,,,,,,,,,,,,,,,,,,,,,,,,,,,,,,,,,,,,,,,,,,,,23616,"<span lang=""EN-GB"" style=""font-size:11.0pt;line-height:115%;
font-family:&quot;Arial&quot;,sans-serif;mso-fareast-font-family:Arial;mso-ansi-language:
EN-GB;mso-fareast-language:EN-US;mso-bidi-language:AR-SA"">Suppose you have
planned to meet a friend next week and you want put this on your calendar<span style=""color:#434343""> when you with </span>people you know (e.g.,
acquaintances, colleagues)<span style=""color:#434343""> at a park</span></span>"
11/8/2018 13:16,11/8/2018 13:20,0,24.220.27.105,100,226,1,11/8/2018 13:20,R_1ziMSKwojjVbl1T,,,,,47.38349915,-97.06030273,anonymous,EN,"1,2,4,5,6","1,2,4,5",,"1,2",,"1,4",,1,,3,,3,"1,2,3",,"1,2",,2,"2,3,4",,"2,3",,"1,2,6",,"1,2,3",,"1,3",,"1,2",,,,,,,,,,,,,,,,,,,,,,,,,,,,,,,,,,,,,,,,,,,,,,,,,,,,,,,,,,,,,,,,,,,,,,,,,,,,,,,,,,,,,,,,,,,,,,,,,,,,,,,,,,,,,,,,,,,,,,,,,,,,,,,,,,,,,,,,,,,,,,,,,,,,,,,,,,,,,,,,,,,,,,,,,,,,,,,,,,,,,,,,40127,"<span lang=""EN-GB"">Suppose
     you want to set up a reminder when you are alone at your home.<strong><o:p></o:p></strong></span>"
11/8/2018 13:23,11/8/2018 13:23,0,104.131.66.8,100,15,1,11/8/2018 13:23,R_3h5y7YpwX47Csbt,,,,,40.83439636,-74.13770294,anonymous,EN,3,,,,,,,,,,,,,,,,,,,,,,,,,,,,,,,,,,,,,,,,,,,,,,,,,,,,,,,,,,,,,,,,,,,,,,,,,,,,,,,,,,,,,,,,,,,,,,,,,,,,,,,,,,,,,,,,,,,,,,,,,,,,,,,,,,,,,,,,,,,,,,,,,,,,,,,,,,,,,,,,,,,,,,,,,,,,,,,,,,,,,,,,,,,,,,,,,,,,,,,,,,,,,,,,,,,2110,"<span lang=""EN-GB"">Suppose you want to take a click a photo when you with </span><span lang=""EN-GB"">some people you know (e.g.,
     acquaintances, colleagues)</span><span lang=""EN-GB""> at home<o:p></o:p></span>"
11/8/2018 13:25,11/8/2018 13:27,0,108.5.233.30,100,93,1,11/8/2018 13:27,R_2q96wuzADDEK8aX,,,,,40.72210693,-74.04689789,anonymous,EN,"1,2,3,4","1,2",,1,,"2,3",,1,,"2,3",,"1,2","1,2",,"1,3",,1,"1,2,3",,"1,2,3",,"1,3,4",,"1,2",,"1,3",,2,,,,,,,,,,,,,,,,,,,,,,,,,,,,,,,,,,,,,,,,,,,,,,,,,,,,,,,,,,,,,,,,,,,,,,,,,,,,,,,,,,,,,,,,,,,,,,,,,,,,,,,,,,,,,,,,,,,,,,,,,,,,,,,,,,,,,,,,,,,,,,,,,,,,,,,,,,,,,,,,,,,,,,,,,,,,,,,,,,,,,,,,56565,"<span lang=""EN-GB"" style=""font-size:11.0pt;line-height:115%;
font-family:&quot;Arial&quot;,sans-serif;mso-fareast-font-family:Arial;mso-ansi-language:
EN-GB;mso-fareast-language:EN-US;mso-bidi-language:AR-SA"">Suppose you want to check your social media when you are alone in a park.</span>"
11/8/2018 13:33,11/8/2018 13:34,0,66.26.239.197,100,14,1,11/8/2018 13:34,R_2ScUg2NL5Q8vxC5,,,,,35.86839294,-80.31500244,anonymous,EN,"1,2",,,,,,,,,,,,,,,,,,,,,,,,,,,,,,,,,,,,,,,,,,,,,,,,,,,,,,,,,,,,,,,,,,,,,,,,,,,,,,,,,,,,,,,,,,,,,,,,,,,,,,,,,,,,,,,,,,,,,,,,,,,,,,,,,,,,,,,,,,,,,,,,,,,,,,,,,,,,,,,,,,,,,,,,,,,,,,,,,,,,,,,,,,,,,,,,,,,,,,,,,,,,,,,,,,,76026,"<span lang=""EN-GB"">Suppose
     you want to purchase something online when you are alone at your home.<o:p></o:p></span>"
11/1/2018 14:35,11/1/2018 14:35,0,71.176.70.228,1,11,0,11/8/2018 13:35,R_2BmrqZcAMNVpQoA,,,,,,,anonymous,EN,"1,2,3,4,5",,,,,,,,,,,,,,,,,,,,,,,,,,,,,,,,,,,,,,,,,,,,,,,,,,,,,,,,,,,,,,,,,,,,,,,,,,,,,,,,,,,,,,,,,,,,,,,,,,,,,,,,,,,,,,,,,,,,,,,,,,,,,,,,,,,,,,,,,,,,,,,,,,,,,,,,,,,,,,,,,,,,,,,,,,,,,,,,,,,,,,,,,,,,,,,,,,,,,,,,,,,,,,,,,,,43628,"<span lang=""EN-GB"">Suppose you want to find a route to home while walking on a street with people you know (e.g., acquaintances, colleagues).<o:p></o:p></span>"
11/2/2018 11:48,11/8/2018 13:38,0,69.7.116.77,100,528615,1,11/8/2018 13:38,R_XZhRp5pvqEVZlTj,,,,,39.55889893,-106.1332016,anonymous,EN,"1,2,3",4,,5,,"1,2,3",,3,,1,,3,3,,5,,1,2,,"1,2",,3,,"1,2",,5,,4,,,,,,,,,,,,,,,,,,,,,,,,,,,,,,,,,,,,,,,,,,,,,,,,,,,,,,,,,,,,,,,,,,,,,,,,,,,,,,,,,,,,,,,,,,,,,,,,,,,,,,,,,,,,,,,,,,,,,,,,,,,,,,,,,,,,,,,,,,,,,,,,,,,,,,,,,,,,,,,,,,,,,,,,,,,,,,,,,,,,,,,,58511,"<span lang=""EN-GB"">Suppose
     you want to watch some video when you are with your close friends in a
     park.<o:p></o:p></span>"
11/8/2018 13:32,11/8/2018 13:43,0,45.27.9.77,100,660,1,11/8/2018 13:43,R_1QENUlPL3eMt4Kk,,,,,29.45970154,-98.65550232,anonymous,EN,"1,2,4,5,6",2,,5,,1,,3,,1,,2,2,,2,,2,2,,2,,6,,2,,1,,2,,2,,,,,,,,,,,,,,,,,,,,,,,,,,,,,,2,,5,,2,,1,,1,,2,2,,2,,2,,2,,3,,2,,3,,1,,2,,,,,,,,,,,,,,,,,,,,,,,,,,,,,,,,,,,,,,,,,,,,,,,,,,,,,,,,,,,,,,,,,,,,,,,,,,,,,,,,,,,,,,,,,,,,,,,,,,,,,,,,,,,,,,,,,,,,,,female,34,homemaker,5,2,,4,34214,"<span lang=""EN-GB"">Suppose you are at a park with some people you know (e.g., acquaintances, colleagues) when you realize that you have to immediately pay one of your bills online.<o:p></o:p></span>"
11/8/2018 13:47,11/8/2018 13:52,0,174.83.209.108,100,306,1,11/8/2018 13:52,R_3HTFi7xjgJ8Zd5D,,,,,38.91659546,-119.7272034,anonymous,EN,"1,2,4",2,,5,,1,,3,,1,,2,3,,5,,3,3,,2,,6,,1,,1,,1,,,,,,,,,,,,,,,,,,,,,,,,,,,,,,,,,,,,,,,,,,,,,,,,,,,,,,,,,,,,,,,,,,,,,,,,,,,,,,,,,,,,,,,,,,,,,,,,,,,,,,,,,,,,,,,,,,,,,,,,,,,,,,,,,,,,,,,,,,,,,,,,,,,,,,,,,,,,,,,,,,,,,,,,,,,,,,,,,,,,,,,,98820,"<span lang=""EN-GB"">Suppose
     you want to watch some video when
     you are at home with people you are close to (e.g., friends, family
     members)<strong><o:p></o:p></strong></span>"
11/8/2018 13:51,11/8/2018 13:52,0,208.54.87.213,100,85,1,11/8/2018 13:52,R_qIOSu3v1Uvt6VOx,,,,,40.79460144,-74.1631012,anonymous,EN,"2,5,6","1,2",,"1,3",,"1,2",,1,,"1,2,3",,"1,3","1,2",,"1,2",,"1,2","2,3",,"1,2",,4,,"1,2",,"1,2",,"1,2",,,,,,,,,,,,,,,,,,,,,,,,,,,,,,,,,,,,,,,,,,,,,,,,,,,,,,,,,,,,,,,,,,,,,,,,,,,,,,,,,,,,,,,,,,,,,,,,,,,,,,,,,,,,,,,,,,,,,,,,,,,,,,,,,,,,,,,,,,,,,,,,,,,,,,,,,,,,,,,,,,,,,,,,,,,,,,,,,,,,,,,,48808,"<span lang=""EN-GB"">Suppose
     you want to set up a reminder about something when you are with people you
     know (e.g., acquaintances, colleagues) at Starbucks.<o:p></o:p></span>"
11/8/2018 13:52,11/8/2018 13:52,0,208.54.87.213,100,10,1,11/8/2018 13:52,R_2PvPnucPT2jHjtp,,,,,40.79460144,-74.1631012,anonymous,EN,"2,3",,,,,,,,,,,,,,,,,,,,,,,,,,,,,,,,,,,,,,,,,,,,,,,,,,,,,,,,,,,,,,,,,,,,,,,,,,,,,,,,,,,,,,,,,,,,,,,,,,,,,,,,,,,,,,,,,,,,,,,,,,,,,,,,,,,,,,,,,,,,,,,,,,,,,,,,,,,,,,,,,,,,,,,,,,,,,,,,,,,,,,,,,,,,,,,,,,,,,,,,,,,,,,,,,,,73136,"<span lang=""EN-GB"">Suppose
     you want to a send a text message when you are with a very close friend at
     a restaurant&nbsp;<o:p></o:p></span>"
11/8/2018 13:46,11/8/2018 13:54,0,104.176.174.64,100,464,1,11/8/2018 13:54,R_p4VXo8hs546MB0J,,,,,34.74479675,-86.67040253,anonymous,EN,"2,3,4",4,,5,,1,,3,,1,,"1,2","1,2,3",,2,,2,"1,2,3",,1,,"1,2,3,4",,1,,5,,"1,2",,,,,,,,,,,,,,,,,,,,,,,,,,,,,,,,,,,,,,,,,,,,,,,,,,,,,,,,,,,,,,,,,,,,,,,,,,,,,,,,,,,,,,,,,,,,,,,,,,,,,,,,,,,,,,,,,,,,,,,,,,,,,,,,,,,,,,,,,,,,,,,,,,,,,,,,,,,,,,,,,,,,,,,,,,,,,,,,,,,,,,,,57744,"<span lang=""EN-GB"">Suppose
     you want to purchase something (e.g., book, household items) online when
     you are with your close friends at a park.<o:p></o:p></span>"
11/8/2018 13:57,11/8/2018 13:58,0,98.186.255.120,100,15,1,11/8/2018 13:58,R_11gv2kfoGWJhHgL,,,,,32.269104,-110.9844971,anonymous,EN,"1,2",,,,,,,,,,,,,,,,,,,,,,,,,,,,,,,,,,,,,,,,,,,,,,,,,,,,,,,,,,,,,,,,,,,,,,,,,,,,,,,,,,,,,,,,,,,,,,,,,,,,,,,,,,,,,,,,,,,,,,,,,,,,,,,,,,,,,,,,,,,,,,,,,,,,,,,,,,,,,,,,,,,,,,,,,,,,,,,,,,,,,,,,,,,,,,,,,,,,,,,,,,,,,,,,,,,17172,"<span lang=""EN-GB"">Suppose you are at a coffee shop, you have just read a book you loved and now&nbsp;</span>you want to write a review for it to share with your close family and friends."
11/8/2018 14:01,11/8/2018 14:02,0,73.11.171.41,100,57,1,11/8/2018 14:02,R_2Sfpp1a4C492lU8,,,,,47.90170288,-122.2472,anonymous,EN,"1,2,3,4,5,6","1,3",,3,,1,,1,,3,,2,2,,2,,2,3,,2,,3,,2,,2,,1,,2,,,,,,,,,,,,,,,,,,,,,,,,,,,,,,4,,1,,3,,1,,3,,1,1,,3,,1,,2,,3,,2,,3,,2,,2,,,,,,,,,,,,,,,,,,,,,,,,,,,,,,,,,,,,,,,,,,,,,,,,,,,,,,,,,,,,,,,,,,,,,,,,,,,,,,,,,,,,,,,,,,,,,,,,,,,,,,,,,,,,,,,,,,,,,,,,,,,,,43615,"<span lang=""EN-GB"">Suppose you want to a send a text message when you are alone at a street.<o:p></o:p></span>"
11/8/2018 14:02,11/8/2018 14:03,0,47.187.78.249,100,26,1,11/8/2018 14:03,R_2eP71K4YItQQLF4,,,,,33.01980591,-96.99250031,anonymous,EN,"1,2",,,,,,,,,,,,,,,,,,,,,,,,,,,,,,,,,,,,,,,,,,,,,,,,,,,,,,,,,,,,,,,,,,,,,,,,,,,,,,,,,,,,,,,,,,,,,,,,,,,,,,,,,,,,,,,,,,,,,,,,,,,,,,,,,,,,,,,,,,,,,,,,,,,,,,,,,,,,,,,,,,,,,,,,,,,,,,,,,,,,,,,,,,,,,,,,,,,,,,,,,,,,,,,,,,,66566,"<span lang=""EN-GB"">Suppose you want to find a route to home while walking on a street.<o:p></o:p></span>"
11/1/2018 15:03,11/1/2018 15:04,0,104.227.86.168,1,35,0,11/8/2018 14:04,R_3POiClNt2gyWrbv,,,,,,,anonymous,EN,,,,,,,,,,,,,,,,,,,,,,,,,,,,,,,,,,,,,,,,,,,,,,,,,,,,,,,,,,,,,,,,,,,,,,,,,,,,,,,,,,,,,,,,,,,,,,,,,,,,,,,,,,,,,,,,,,,,,,,,,,,,,,,,,,,,,,,,,,,,,,,,,,,,,,,,,,,,,,,,,,,,,,,,,,,,,,,,,,,,,,,,,,,,,,,,,,,,,,,,,,,,,,,,,,,,76070,"<span lang=""EN-GB"">Suppose you want to a send an email when you are surrounded with people you are close to (e.g., friends, family members) at your home.<strong><o:p></o:p></strong></span>"
11/8/2018 14:14,11/8/2018 14:15,0,208.54.87.213,100,55,1,11/8/2018 14:15,R_2OTnwurIUF0J6yZ,,,,,40.79460144,-74.1631012,anonymous,EN,"1,2,6","1,2",,"1,2",,"1,2",,1,,"2,3",,"1,2","1,2",,"1,2",,"2,3","1,3",,"1,2",,"2,3",,"1,2",,"1,2",,"1,2",,,,,,,,,,,,,,,,,,,,,,,,,,,,,,,,,,,,,,,,,,,,,,,,,,,,,,,,,,,,,,,,,,,,,,,,,,,,,,,,,,,,,,,,,,,,,,,,,,,,,,,,,,,,,,,,,,,,,,,,,,,,,,,,,,,,,,,,,,,,,,,,,,,,,,,,,,,,,,,,,,,,,,,,,,,,,,,,,,,,,,,,24886,"<span lang=""EN-GB"">Suppose you want to browse internet when you are with your close friends at a restaurant.<o:p></o:p></span>"
11/8/2018 14:15,11/8/2018 14:18,0,208.54.87.213,100,217,1,11/8/2018 14:18,R_3jU9VXeZ7iyGNRQ,,,,,40.79460144,-74.1631012,anonymous,EN,"1,2,3,4,5","1,2,3,4",,"1,2,3",,1,,1,,"1,2,3",,"1,2,3","1,2",,"1,2",,"1,2,3","1,2,3,4",,"1,2,3",,"1,2,3",,"1,2,3",,"1,2",,"1,2",,"1,2,3,4","2,3,4",,"1,2,3",,"1,2,3",,1,,"1,2,3",,"1,2,3","1,2,3",,"1,2,3",,"1,2,3",,"1,2,3",,"1,2,3",,"1,2,3",,"1,2,3",,"1,2",,"1,2",,"1,3,5",,"1,2,3",,"1,2,3",,1,,"1,2,3",,"1,2,3","1,2,3",,"1,2,3",,"1,2,3",,"1,2,3",,"1,2,3",,"1,2,3",,"1,2,3",,"1,2",,"1,2",,"1,2",,"1,3",,"1,3",,1,,"1,2,3",,"1,3","1,2",,"1,2,3",,"1,3",,"1,3",,"1,2,3",,"1,2",,"1,2,3",,"1,2",,"1,2",,"2,3,4",,"1,2,3",,"1,2,3",,1,,"1,2,3",,"1,2,3","1,2,3",,"1,2,3",,"1,2,3",,"1,2,3",,"1,2,3",,"1,2,3",,"1,2,3",,"1,2",,"1,2",,,,,,,,,,,,,,,,,,,,,,,,,,,,,,,,,,,,,,,,,,,,,,,,,,,,,,,,,,,,,,,,,,,708,"<span lang=""EN-GB"">Suppose
     you want to a send an email when you are walking on a street.<o:p></o:p></span>"
11/1/2018 15:19,11/1/2018 15:19,0,173.175.170.107,77,28,0,11/8/2018 14:20,R_3qe8bHSmgfZQYiQ,,,,,,,anonymous,EN,"2,3,4",,,,,,,,,,,,,,,,,,,,,,,,,,,,,,,,,,,,,,,,,,,,,,,,,,,,,,,,,,,,,,,,,,,,,,,,,,,,,,,,,,,,,,,,,,,,,,,,,,,,,,,,,,,,,,,,,,,,,,,,,,,,,,,,,,,,,,,,,,,,,,,,,,,,,,,,,,,,,,,,,,,,,,,,,,,,,,,,,,,,,,,,,,,,,,,,,,,,,,,,,,,,,,,,,,,33504,"<span lang=""EN-GB"">Suppose
     you want to a view a text message when you are surrounded with people you
     are close to (e.g., friends, family members) at your home.<strong><o:p></o:p></strong></span>"
11/1/2018 15:27,11/1/2018 15:27,0,66.56.157.154,1,10,0,11/8/2018 14:27,R_p9GngiJTgGbUxMd,,,,,,,anonymous,EN,,,,,,,,,,,,,,,,,,,,,,,,,,,,,,,,,,,,,,,,,,,,,,,,,,,,,,,,,,,,,,,,,,,,,,,,,,,,,,,,,,,,,,,,,,,,,,,,,,,,,,,,,,,,,,,,,,,,,,,,,,,,,,,,,,,,,,,,,,,,,,,,,,,,,,,,,,,,,,,,,,,,,,,,,,,,,,,,,,,,,,,,,,,,,,,,,,,,,,,,,,,,,,,,,,,,41913,"<span lang=""EN-GB"">Suppose
     you want to read a digital document when you are at home with people you
     are close to (e.g., friends, family members).<strong><o:p></o:p></strong></span>"
11/1/2018 15:34,11/1/2018 15:36,0,73.155.50.63,77,136,0,11/8/2018 14:37,R_VL56idRfPlLrdXH,,,,,,,anonymous,EN,"1,2,3,4,6",,,,,,,,,,,,,,,,,,,,,,,,,,,,,,,,,,,,,,,,,,,,,,,,,,,,,,,,,,,,,,,,,,,,,,,,,,,,,,,,,,,,,,,,,,,,,,,,,,,,,,,,,,,,,,,,,,,,,,,,,,,,,,,,,,,,,,,,,,,,,,,,,,,,,,,,,,,,,,,,,,,,,,,,,,,,,,,,,,,,,,,,,,,,,,,,,,,,,,,,,,,,,,,,,,,57097,"<span lang=""EN-GB"">Suppose it is a regular working day, you want to track the total amount of calories&nbsp;</span>you consume and burn off during the day.&nbsp;"
11/8/2018 14:46,11/8/2018 14:46,0,93.137.143.255,100,27,1,11/8/2018 14:46,R_2vZiYX75HfWRFHD,,,,,45.38059998,14.39169312,anonymous,EN,"1,2",,,,,,,,,,,,,,,,,,,,,,,,,,,,,,,,,,,,,,,,,,,,,,,,,,,,,,,,,,,,,,,,,,,,,,,,,,,,,,,,,,,,,,,,,,,,,,,,,,,,,,,,,,,,,,,,,,,,,,,,,,,,,,,,,,,,,,,,,,,,,,,,,,,,,,,,,,,,,,,,,,,,,,,,,,,,,,,,,,,,,,,,,,,,,,,,,,,,,,,,,,,,,,,,,,,62627,"<span lang=""EN-GB"">Suppose you have planned to meet a friend next week and you want to put this on your calendar when you are surrounded with people you are close to (e.g., friends, family members) at your home.<strong><o:p></o:p></strong></span>"
11/8/2018 14:54,11/8/2018 15:02,0,66.153.178.121,100,529,1,11/8/2018 15:02,R_cu8hf3Gv9TczIBP,,,,,33.78269958,-79.14730072,anonymous,EN,"1,2,4","1,2",,5,,"1,2",,1,,1,,3,5,,5,,4,"1,2,3,4",,"2,3",,"1,3,6",,"2,3",,3,,"1,2",,,,,,,,,,,,,,,,,,,,,,,,,,,,,,,,,,,,,,,,,,,,,,,,,,,,,,,,,,,,,,,,,,,,,,,,,,,,,,,,,,,,,,,,,,,,,,,,,,,,,,,,,,,,,,,,,,,,,,,,,,,,,,,,,,,,,,,,,,,,,,,,,,,,,,,,,,,,,,,,,,,,,,,,,,,,,,,,,,,,,,,,19170,"<span lang=""EN-GB"">Suppose
     you want to set up a reminder about something when you are at Starbucks by
     yourself.<o:p></o:p></span>"
11/8/2018 15:03,11/8/2018 15:09,0,108.41.222.189,100,406,1,11/8/2018 15:09,R_2zTGYW6bj4r0IDc,,,,,40.78509521,-73.80960083,anonymous,EN,"1,2,3","2,3,4,5",,"1,2,3",,"1,3",,1,,"1,3",,"2,3","1,2,3",,"2,3",,"2,3","1,2,3",,"1,2",,"3,4",,"1,2",,"1,2",,"1,2",,1,"2,3,4,5",,"1,2,3",,"1,2,3",,1,,"1,3,4",,"2,3","1,2,3",,"1,2,3",,"1,2,3",,"1,2,3",,"3,4",,"1,2",,"3,4",,"1,2,3",,"1,2",,,,,,,,,,,,,,,,,,,,,,,,,,,,,,,,,,,,,,,,,,,,,,,,,,,,,,,,,,,,,,,,,,,,,,,,,,,,,,,,,,,,,,,,,,,,,,,,,,,,,,,,,,,,,,,,,,,,,,,,,,,,,,,,,,,,,,,,,,,,,,,,,,,male,49,clerk,4,1,,3,15007,"<span lang=""EN-GB"">Suppose you want to a send a text message when you are surrounded with people you are close to (e.g., friends, family members) at your home.<strong><o:p></o:p></strong></span>"
10/31/2018 16:57,11/1/2018 16:19,0,71.114.79.37,1,84080,0,11/8/2018 15:19,R_2CB1Pim8jYxwHu3,,,,,,,anonymous,EN,,,,,,,,,,,,,,,,,,,,,,,,,,,,,,,,,,,,,,,,,,,,,,,,,,,,,,,,,,,,,,,,,,,,,,,,,,,,,,,,,,,,,,,,,,,,,,,,,,,,,,,,,,,,,,,,,,,,,,,,,,,,,,,,,,,,,,,,,,,,,,,,,,,,,,,,,,,,,,,,,,,,,,,,,,,,,,,,,,,,,,,,,,,,,,,,,,,,,,,,,,,,,,,,,,,,31123,"<span lang=""EN-GB"">Suppose
     you want to listen to some audio when you are alone at your home.<strong><o:p></o:p></strong></span>"
11/8/2018 15:26,11/8/2018 15:29,0,100.35.97.44,100,170,1,11/8/2018 15:29,R_2QEftNrELQcW7R0,,,,,40.74450684,-74.15080261,anonymous,EN,"1,2,3,4,5,6",2,,5,,2,,1,,1,,1,5,,2,,1,3,,2,,3,,2,,5,,4,,2,,,,,,,,,,,,,,,,,,,,,,,,,,,,,,"1,2",,5,,3,,1,,1,,1,2,,5,,5,,3,,"2,3",,2,,"2,3",,1,,4,,,,,,,,,,,,,,,,,,,,,,,,,,,,,,,,,,,,,,,,,,,,,,,,,,,,,,,,,,,,,,,,,,,,,,,,,,,,,,,,,,,,,,,,,,,,,,,,,,,,,,,,,,,,,,,,,,,,,,female,34,engineer,3,2,,3,5929,"<span lang=""EN-GB"">Suppose you want to call your mother for sharing an important
     update about your life&nbsp; when you
     with people you know (e.g., acquaintances, colleagues) at a park<o:p></o:p></span>"
10/31/2018 15:41,11/1/2018 16:29,0,70.119.164.58,78,89260,0,11/8/2018 15:30,R_2SfrlC8gZ187Oo1,,,,,,,anonymous,EN,"1,2,3,4",,,,,,,,,,,,,,,,,,,,,,,,,,,,,,,,,,,,,,,,,,,,,,,,,,,,,,,,,,,,,,,,,,,,,,,,,,,,,,,,,,,,,,,,,,,,,,,,,,,,,,,,,,,,,,,,,,,,,,,,,,,,,,,,,,,,,,,,,,,,,,,,,,,,,,,,,,,,,,,,,,,,,,,,,,,,,,,,,,,,,,,,,,,,,,,,,,,,,,,,,,,,,,,,,,,30239,"<span lang=""EN-GB"">Suppose you are at Starbucks with your close friends and you realize today is the last day to pay one of your bills online.<o:p></o:p></span>"
11/8/2018 15:29,11/8/2018 15:37,0,100.35.97.44,100,506,1,11/8/2018 15:37,R_XTJlGbkRBueiy2d,,,,,40.74450684,-74.15080261,anonymous,EN,"1,2,3,4,5,6",2,,5,,3,,3,,1,,1,5,,5,,1,3,,"2,3",,3,,"2,3",,5,,4,,6,,,,,,,,,,,,,,,,,,,,,,,,,,,,,,,,,,,,,,,,,,,,,,,,,,,,,,,,,,,,,,,,,,,,,,,,,,,,,,,,,,,,,,,,,,,,,,,,,,,,,,,,,,,,,,,,,,,,,,,,,,,,,,,,,,,,,,,,,,,,,,,,,,"1,2",,5,,"2,3",,3,,1,,1,5,,5,,5,,3,,"2,3",,2,,"2,3",,1,,4,,male,45,engineer,5,2,,4,40358,"<span lang=""EN-GB"">Suppose you have planned to meet a friend next week and you want to put this on your calendar when you are alone at Starbucks.<o:p></o:p></span>"
11/8/2018 15:29,11/8/2018 15:40,0,96.246.102.156,100,639,1,11/8/2018 15:40,R_10opKyxC9VDzINR,,,,,40.6006012,-73.75800323,anonymous,EN,"1,2,3,5,6",4,,3,,1,,1,,"2,4",,"1,2",3,,"1,3",,"1,2","3,4",,"1,2",,"2,3",,2,,"2,3",,1,,,,,,,,,,,,,,,,,,,,,,,,,,,,,,,,,,,,,,,,,,,,,,,,,,,,,,,,,,,,,,,,,,,,,,,,,,,,,,,,,,,,,,,,,,,,,,,,,,,,,,,,,,,,,,,,,,,,,,,,,,,,,,,,,,,,,,,,,,,,,,,,,,,,,,,,,,,,,,,,,,,,,,,,,,,,,,,,,,,,,,,,76057,"<span lang=""EN-GB"">Suppose
     you want to a send an email when you are walking on a street with people
     you know (e.g., acquaintances, colleagues)<strong>.</strong><o:p></o:p></span>"
11/8/2018 15:44,11/8/2018 15:46,0,174.26.162.40,100,100,1,11/8/2018 15:46,R_3lsrEKBXs0GDvN9,,,,,33.34249878,-111.6352997,anonymous,EN,"1,2,4,6","1,2,3,4",,"1,2,3",,"1,2,3,4",,1,,"2,3,4",,4,"1,2",,"1,2,3",,"2,3","2,3",,"1,2,3",,"1,3,4",,"2,3",,"1,3",,1,,,,,,,,,,,,,,,,,,,,,,,,,,,,,,,,,,,,,,,,,,,,,,,,,,,,,,,,,,,,,,,,,,,,,,,,,,,,,,,,,,,,,,,,,,,,,,,,,,,,,,,,,,,,,,,,,,,,,,,,,,,,,,,,,,,,,,,,,,,,,,,,,,,,,,,,,,,,,,,,,,,,,,,,,,,,,,,,,,,,,,,,69907,"<span lang=""EN-GB"">Suppose you are at sitting at Starbucks and you want to play a digital/online&nbsp;</span>game."
11/8/2018 15:55,11/8/2018 15:55,0,67.61.227.212,100,12,1,11/8/2018 15:55,R_XCga3EGPWpzbaDf,,,,,36.87640381,-94.87190247,anonymous,EN,"2,3",,,,,,,,,,,,,,,,,,,,,,,,,,,,,,,,,,,,,,,,,,,,,,,,,,,,,,,,,,,,,,,,,,,,,,,,,,,,,,,,,,,,,,,,,,,,,,,,,,,,,,,,,,,,,,,,,,,,,,,,,,,,,,,,,,,,,,,,,,,,,,,,,,,,,,,,,,,,,,,,,,,,,,,,,,,,,,,,,,,,,,,,,,,,,,,,,,,,,,,,,,,,,,,,,,,34781,"<span lang=""EN-GB"">Suppose you have planned to meet a friend next week and you want to put this on your calendar when you are surrounded by people you know (e.g., acquaintances, colleagues) at a restaurant.<o:p></o:p></span>"
11/1/2018 16:56,11/1/2018 16:57,0,73.228.132.19,77,41,0,11/8/2018 15:57,R_2TLiO5W5uVQvPdg,,,,,,,anonymous,EN,"1,2,3,6",,,,,,,,,,,,,,,,,,,,,,,,,,,,,,,,,,,,,,,,,,,,,,,,,,,,,,,,,,,,,,,,,,,,,,,,,,,,,,,,,,,,,,,,,,,,,,,,,,,,,,,,,,,,,,,,,,,,,,,,,,,,,,,,,,,,,,,,,,,,,,,,,,,,,,,,,,,,,,,,,,,,,,,,,,,,,,,,,,,,,,,,,,,,,,,,,,,,,,,,,,,,,,,,,,,3809,"<span lang=""EN-GB"">Suppose
     you want to watch some video when you are alone at Starbucks.<o:p></o:p></span>"
11/6/2018 13:49,11/8/2018 16:00,0,73.133.25.244,100,180671,1,11/8/2018 16:00,R_2c8IDzw6IjPqftq,,,,,39.37159729,-76.67440033,anonymous,EN,"1,2,3","1,2,5",,1,,"1,2,3",,1,,"1,4",,"2,3","1,2",,"2,3",,"1,2,3","1,2",,"1,2",,"1,3",,"1,2",,"1,3",,2,,,,,,,,,,,,,,,,,,,,,,,,,,,,,,,,,,,,,,,,,,,,,,,,,,,,,,,,,,,,,,,,,,,,,,,,,,,,,,,,,,,,,,,,,,,,,,,,,,,,,,,,,,,,,,,,,,,,,,,,,,,,,,,,,,,,,,,,,,,,,,,,,,,,,,,,,,,,,,,,,,,,,,,,,,,,,,,,,,,,,,,,34480,"<span lang=""EN-GB"" style=""font-size:11.0pt;line-height:115%;
font-family:&quot;Arial&quot;,sans-serif;mso-fareast-font-family:Arial;mso-ansi-language:
EN-GB;mso-fareast-language:EN-US;mso-bidi-language:AR-SA"">Suppose you want to
find a route to a coffee shop when you are alone at home.</span>"
10/29/2018 12:00,11/1/2018 17:02,0,174.70.79.15,78,277328,0,11/8/2018 16:02,R_3LcfFC8REzWwNyE,,,,,,,anonymous,EN,"1,2,4,6",,,,,,,,,,,,,,,,,,,,,,,,,,,,,,,,,,,,,,,,,,,,,,,,,,,,,,,,,,,,,,,,,,,,,,,,,,,,,,,,,,,,,,,,,,,,,,,,,,,,,,,,,,,,,,,,,,,,,,,,,,,,,,,,,,,,,,,,,,,,,,,,,,,,,,,,,,,,,,,,,,,,,,,,,,,,,,,,,,,,,,,,,,,,,,,,,,,,,,,,,,,,,,,,,,,60883,"<span lang=""EN-GB"">Suppose you want to browse internet when you are with your close friends at a restaurant.<o:p></o:p></span>"
11/8/2018 16:06,11/8/2018 16:11,0,96.231.32.39,100,249,1,11/8/2018 16:11,R_2ydsCTvB2f0iNUl,,,,,39.04550171,-76.92420197,anonymous,EN,"1,2,3,4,5,6","1,2,3,4,5",,"1,2,3",,"1,2,3,4",,1,,4,,"1,2,3",3,,"2,3",,"1,2,3","1,2,3",,"1,2,3",,"1,2,3,4",,5,,"1,2,3",,1,,,,,,,,,,,,,,,,,,,,,,,,,,,,,,,,,,,,,,,,,,,,,,,,,,,,,,,,,,,,,,,,,,,,,,,,,,,,,,,,,,,,,,,,,,,,,,,,,,,,,,,,,,,,,,,,,,,,,,,,,,,,,,,,,,,,,,,,,,,,,,,,,,,,,,,,,,,,,,,,,,,,,,,,,,,,,,,,,,,,,,,,59974,"<span lang=""EN-GB"">Suppose you want to set up a reminder when you are at a park with close friends.<o:p></o:p></span>"
11/8/2018 16:11,11/8/2018 16:11,0,96.231.32.39,100,27,1,11/8/2018 16:11,R_2tbPBZ1uTvb49zZ,,,,,39.04550171,-76.92420197,anonymous,EN,"2,3",,,,,,,,,,,,,,,,,,,,,,,,,,,,,,,,,,,,,,,,,,,,,,,,,,,,,,,,,,,,,,,,,,,,,,,,,,,,,,,,,,,,,,,,,,,,,,,,,,,,,,,,,,,,,,,,,,,,,,,,,,,,,,,,,,,,,,,,,,,,,,,,,,,,,,,,,,,,,,,,,,,,,,,,,,,,,,,,,,,,,,,,,,,,,,,,,,,,,,,,,,,,,,,,,,,3248,"<span lang=""EN-GB"">Suppose
     you want to listen to some audio when you are with people you know (e.g.,
     acquaintances, colleagues) in a park.<o:p></o:p></span>


<p><span lang=""EN-GB"" style=""color:red"">&nbsp;</span></p>"
10/26/2018 14:50,11/1/2018 17:24,0,73.11.171.41,78,527618,0,11/8/2018 16:24,R_UXs6HsQ89keLyvL,,,,,,,anonymous,EN,"1,2,3,4,5,6",,,,,,,,,,,,,,,,,,,,,,,,,,,,,,,,,,,,,,,,,,,,,,,,,,,,,,,,,,,,,,,,,,,,,,,,,,,,,,,,,,,,,,,,,,,,,,,,,,,,,,,,,,,,,,,,,,,,,,,,,,,,,,,,,,,,,,,,,,,,,,,,,,,,,,,,,,,,,,,,,,,,,,,,,,,,,,,,,,,,,,,,,,,,,,,,,,,,,,,,,,,,,,,,,,,2991,"<span lang=""EN-GB"">Suppose
     you want to set up a reminder when you are at a park by yourself.<o:p></o:p></span>"
11/8/2018 16:18,11/8/2018 16:24,0,72.184.71.123,100,371,1,11/8/2018 16:24,R_3m1CH6G4ynkMNy4,,,,,28.07240295,-81.81220245,anonymous,EN,"1,2,4,5,6",2,,1,,1,,3,,"2,3",,1,2,,1,,1,"2,4",,2,,3,,2,,2,,4,,2,,,,,,,,,,,,,,,,,,,,,,,,,,,,,,2,,1,,1,,3,,1,,2,1,,1,,1,,3,,3,,1,,3,,1,,2,,,,,,,,,,,,,,,,,,,,,,,,,,,,,,,,,,,,,,,,,,,,,,,,,,,,,,,,,,,,,,,,,,,,,,,,,,,,,,,,,,,,,,,,,,,,,,,,,,,,,,,,,,,,,,,,,,,,,,Female,24,Coordinator of Sales,4,1,,3,3189,"<span lang=""EN-GB"">Suppose
     you want to listen to some audio when you are alone at Starbucks.<o:p></o:p></span>"
11/8/2018 16:24,11/8/2018 16:29,0,174.208.22.150,100,261,1,11/8/2018 16:29,R_3nr22OFmbXpyq03,,,,,40.65310669,-111.9673996,anonymous,EN,"1,2,3,4","1,2",,"1,2",,"1,2",,1,,"1,3",,"2,3",2,,1,,2,2,,2,,"1,2",,2,,5,,2,,,,,,,,,,,,,,,,,,,,,,,,,,,,,,,,,,,,,,,,,,,,,,,,,,,,,,,,,,,,,,,,,,,,,,,,,,,,,,,,,,,,,,,,,,,,,,,,,,,,,,,,,,,,,,,,,,,,,,,,,,,,,,,,,,,,,,,,,,,,,,,,,,,,,,,,,,,,,,,,,,,,,,,,,,,,,,,,,,,,,,,,71674,"<span lang=""EN-GB"">Suppose
     you want to set up a reminder when you are at home with people you are
     close to (e.g., friends, family members).<strong><o:p></o:p></strong></span>"
10/20/2018 10:09,11/1/2018 17:31,0,98.22.7.145,88,1063355,0,11/8/2018 16:32,R_pfTYV0qKbAKLEFH,,,,,,,anonymous,EN,"1,2,3","2,4",,3,,2,,3,,1,,3,5,,5,,3,6,,2,,6,,2,,"1,3",,1,,"1,3",,,,,,,,,,,,,,,,,,,,,,,,,,,,,,,,,,,,,,,,,,,,,,,,,,,,,,,,,,,,,,,,,,,,,,,,,,,,,,,,,,,,,,,,,,,,,,,,,,,,,,,,,,,,,,,,,,,,,,,,,,,,,,,,,,,,,,,,,,,,,,,,,,,,,,,,,,,,,,,,,,,,,,,,,,,,,,,,,,,,,,36379,"<span lang=""EN-GB"" style=""font-size:11.0pt;line-height:115%;
font-family:&quot;Arial&quot;,sans-serif;mso-fareast-font-family:Arial;mso-ansi-language:
EN-GB;mso-fareast-language:EN-US;mso-bidi-language:AR-SA"">Suppose you want to a
send an email when you are alone at home</span>"
11/1/2018 17:32,11/1/2018 17:32,0,108.252.49.235,77,19,0,11/8/2018 16:33,R_3lL57lRGvi6tV29,,,,,,,anonymous,EN,"1,2,4,5",,,,,,,,,,,,,,,,,,,,,,,,,,,,,,,,,,,,,,,,,,,,,,,,,,,,,,,,,,,,,,,,,,,,,,,,,,,,,,,,,,,,,,,,,,,,,,,,,,,,,,,,,,,,,,,,,,,,,,,,,,,,,,,,,,,,,,,,,,,,,,,,,,,,,,,,,,,,,,,,,,,,,,,,,,,,,,,,,,,,,,,,,,,,,,,,,,,,,,,,,,,,,,,,,,,94713,"<span lang=""EN-GB"">Suppose
     you want to call your mother for sharing an important update about your
     life&nbsp; when you are alone at a park<o:p></o:p></span>"
11/8/2018 16:49,11/8/2018 16:56,0,100.35.97.44,100,446,1,11/8/2018 16:56,R_2fHT4oW4n8cVc09,,,,,40.74450684,-74.15080261,anonymous,EN,"1,2,3,4,5,6",2,,5,,"2,3",,3,,1,,1,5,,5,,1,3,,2,,3,,2,,5,,4,,"2,4,5",,,,,,,,,,,,,,,,,,,,,,,,,,,,,,2,,3,,"2,3",,1,,1,,1,1,,5,,5,,3,,"2,3",,2,,"2,3",,5,,4,,,,,,,,,,,,,,,,,,,,,,,,,,,,,,,3,,5,,3,,3,,1,,1,5,,5,,5,,3,,"2,3",,2,,"2,3",,5,,4,,1,,5,,4,,3,,"3,4",,"1,2",5,,5,,5,,4,,2,,3,,2,,5,,4,,,,,,,,,,,,,,,,,,,,,,,,,,,,,,,female,40,student,3,3,,2,33971,"<span lang=""EN-GB"">Suppose
     you want to set up a reminder when you are with people you know (e.g.,
     acquaintances, colleagues) at your home.<o:p></o:p></span>"
11/1/2018 17:56,11/1/2018 17:57,0,72.184.249.113,77,36,0,11/8/2018 16:57,R_2bNrMQOOsRZ0FcZ,,,,,,,anonymous,EN,"1,2,3,4,5,6",,,,,,,,,,,,,,,,,,,,,,,,,,,,,,,,,,,,,,,,,,,,,,,,,,,,,,,,,,,,,,,,,,,,,,,,,,,,,,,,,,,,,,,,,,,,,,,,,,,,,,,,,,,,,,,,,,,,,,,,,,,,,,,,,,,,,,,,,,,,,,,,,,,,,,,,,,,,,,,,,,,,,,,,,,,,,,,,,,,,,,,,,,,,,,,,,,,,,,,,,,,,,,,,,,,14108,"<span lang=""EN-GB"" style=""font-size:11.0pt;line-height:115%;
font-family:&quot;Arial&quot;,sans-serif;mso-fareast-font-family:Arial;mso-ansi-language:
EN-GB;mso-fareast-language:EN-US;mso-bidi-language:AR-SA"">Suppose you want to a
send an email when you are at Starbucks.</span>"
11/8/2018 16:56,11/8/2018 17:15,0,100.35.97.44,100,1130,1,11/8/2018 17:15,R_2akk6KxPxSWlcbT,,,,,40.74450684,-74.15080261,anonymous,EN,"1,2,3,4,5,6",2,,1,,"2,3",,3,,1,,"1,3",5,,5,,"1,3",3,,2,,3,,2,,5,,4,,"1,3,5",2,,5,,3,,3,,1,,1,5,,5,,5,,3,,"2,3",,2,,"2,3",,"1,2",,"1,2",,,,,,,,,,,,,,,,,,,,,,,,,,,,,,,4,,5,,"3,4",,3,,1,,1,3,,5,,5,,2,,"2,3",,2,,"2,3",,5,,"1,2",,,,,,,,,,,,,,,,,,,,,,,,,,,,,,,1,,2,,4,,1,,"3,4",,"1,2",5,,1,,1,,4,,2,,3,,2,,5,,4,,,,,,,,,,,,,,,,,,,,,,,,,,,,,,,female,50,home maker,3,3,,3,79106,"<span lang=""EN-GB"">Suppose
     you want to listen to some audio when you are at home with people you are
     close to (e.g., friends, family members).<strong><o:p></o:p></strong></span>"
11/8/2018 17:12,11/8/2018 17:20,0,159.118.206.152,100,478,1,11/8/2018 17:20,R_27vYpP8i6jV3BMJ,,,,,37.09689331,-94.50509644,anonymous,EN,"1,2,4","2,3,4,5",,1,,"1,2,3",,1,,1,,"2,3","1,2,3",,5,,"2,3","1,2,3",,2,,"1,3,4",,2,,1,,"1,2",,1,4,,1,,"1,2,3",,3,,2,,"1,2,3","1,2,3",,5,,5,,"1,3",,"2,3",,2,,"2,3",,"1,2,3",,"1,2",,,,,,,,,,,,,,,,,,,,,,,,,,,,,,,,,,,,,,,,,,,,,,,,,,,,,,,,,,,,,,,,,,,,,,,,,,,,,,,,,,,,,,,,,,,,,,,,,,,,,,,,,,,,,,,,,,,,,,,,,,,,,,,,,,,,,,,,,,,,,,,,,,,female,38,paralegal,5,1,,3,14983,"<span lang=""EN-GB"">Suppose you are alone at home, you want to take a break from studying/working&nbsp;</span>so you decide to play an online/digital game with some close friends ."
11/1/2018 18:30,11/1/2018 18:30,0,73.11.171.41,1,11,0,11/8/2018 17:31,R_BRMeyoFbQu39a2l,,,,,,,anonymous,EN,,,,,,,,,,,,,,,,,,,,,,,,,,,,,,,,,,,,,,,,,,,,,,,,,,,,,,,,,,,,,,,,,,,,,,,,,,,,,,,,,,,,,,,,,,,,,,,,,,,,,,,,,,,,,,,,,,,,,,,,,,,,,,,,,,,,,,,,,,,,,,,,,,,,,,,,,,,,,,,,,,,,,,,,,,,,,,,,,,,,,,,,,,,,,,,,,,,,,,,,,,,,,,,,,,,,83143,"<span lang=""EN-GB"">Suppose
     you are at a park and you realize today is the last day to pay one of your
     bills online.<o:p></o:p></span>"
11/8/2018 17:16,11/8/2018 17:37,0,100.35.97.44,100,1256,1,11/8/2018 17:37,R_31axe6yjRRB6fy7,,,,,40.74450684,-74.15080261,anonymous,EN,"1,2,3,4,5,6",2,,5,,"2,3",,1,,1,,1,5,,5,,1,3,,2,,3,,2,,1,,4,,"2,4,5,6",,,,,,,,,,,,,,,,,,,,,,,,,,,,,,2,,5,,3,,1,,1,,1,5,,5,,5,,3,,"2,3",,2,,"2,3",,5,,4,,,,,,,,,,,,,,,,,,,,,,,,,,,,,,,3,,1,,3,,1,,1,,1,5,,5,,5,,3,,3,,2,,3,,1,,"1,2",,1,,5,,4,,3,,"3,4",,1,5,,1,,1,,4,,2,,3,,2,,5,,4,,2,,1,,3,,1,,1,,1,5,,5,,5,,3,,"1,2,3",,5,,"1,2,3",,5,,4,,female,45,realtor,5,1,,2,18489,"Suppose you want to find a route to a coffee shop
     when you are at home with your by your colleagues<o:p></o:p>"
11/8/2018 17:42,11/8/2018 17:42,0,162.223.82.214,100,21,1,11/8/2018 17:42,R_21p0tWH2gBPwCki,,,,,40.21969604,-74.59390259,anonymous,EN,2,,,,,,,,,,,,,,,,,,,,,,,,,,,,,,,,,,,,,,,,,,,,,,,,,,,,,,,,,,,,,,,,,,,,,,,,,,,,,,,,,,,,,,,,,,,,,,,,,,,,,,,,,,,,,,,,,,,,,,,,,,,,,,,,,,,,,,,,,,,,,,,,,,,,,,,,,,,,,,,,,,,,,,,,,,,,,,,,,,,,,,,,,,,,,,,,,,,,,,,,,,,,,,,,,,,24648,"<span lang=""EN-GB"">Suppose you want to watch some video when you are alone in a park.<o:p></o:p></span>"
11/8/2018 17:42,11/8/2018 17:47,0,24.29.11.45,100,289,1,11/8/2018 17:47,R_1256bpj8swGyRnb,,,,,39.63209534,-84.26750183,anonymous,EN,"1,2,4,6",2,,1,,3,,1,,3,,1,2,,2,,1,2,,5,,6,,2,,1,,2,,,,,,,,,,,,,,,,,,,,,,,,,,,,,,,,,,,,,,,,,,,,,,,,,,,,,,,,,,,,,,,,,,,,,,,,,,,,,,,,,,,,,,,,,,,,,,,,,,,,,,,,,,,,,,,,,,,,,,,,,,,,,,,,,,,,,,,,,,,,,,,,,,,,,,,,,,,,,,,,,,,,,,,,,,,,,,,,,,,,,,,,53454,"<span lang=""EN-GB"">Suppose you are at Starbucks with your close friends and you realize today is the last day to pay one of your bills online.<o:p></o:p></span>"
11/8/2018 17:49,11/8/2018 17:49,0,108.75.129.138,100,9,1,11/8/2018 17:49,R_1gAOh1adJcig9wc,,,,,32.78349304,-117.0189056,anonymous,EN,3,,,,,,,,,,,,,,,,,,,,,,,,,,,,,,,,,,,,,,,,,,,,,,,,,,,,,,,,,,,,,,,,,,,,,,,,,,,,,,,,,,,,,,,,,,,,,,,,,,,,,,,,,,,,,,,,,,,,,,,,,,,,,,,,,,,,,,,,,,,,,,,,,,,,,,,,,,,,,,,,,,,,,,,,,,,,,,,,,,,,,,,,,,,,,,,,,,,,,,,,,,,,,,,,,,,33325,"<span lang=""EN-GB"">Suppose
     you want to a view a text message when you are alone at Starbucks.<o:p></o:p></span>"
11/8/2018 17:42,11/8/2018 17:50,0,99.101.100.7,100,447,1,11/8/2018 17:50,R_1r3r7ybWAIF5fb2,,,,,35.05140686,-89.92649841,anonymous,EN,"1,2,3",7,,5,,6,,3,,3,,2,"1,2",,5,,"2,3",1,,3,,7,,5,,3,,1,,,,,,,,,,,,,,,,,,,,,,,,,,,,,,,,,,,,,,,,,,,,,,,,,,,,,,,,,,,,,,,,,,,,,,,,,,,,,,,,,,,,,,,,,,,,,,,,,,,,,,,,,,,,,,,,,,,,,,,,,,,,,,,,,,,,,,,,,,,,,,,,,,,,,,,,,,,,,,,,,,,,,,,,,,,,,,,,,,,,,,,,97744,"<span lang=""EN-GB"">Suppose
     you want to listen to some audio when you are with your close friends in a
     park.<o:p></o:p></span>"
11/8/2018 17:45,11/8/2018 17:50,0,75.111.239.251,100,318,1,11/8/2018 17:50,R_3EL6ygDyWRuUXbo,,,,,33.51589966,-101.9344025,anonymous,EN,"1,2,4,6","1,2,3,4,5",,"1,2,3",,"1,2,3,4",,1,,"1,2,3",,"1,2,3","1,2,3",,"1,2,3",,"1,2,3","2,3,4",,"1,2,3",,"1,2,3",,"1,2,3",,"1,2,3",,"1,2",,2,,,,,,,,,,,,,,,,,,,,,,,,,,,,,,1,,2,,1,,1,,2,,1,1,,1,,1,,"2,3",,1,,1,,3,,3,,2,,,,,,,,,,,,,,,,,,,,,,,,,,,,,,,,,,,,,,,,,,,,,,,,,,,,,,,,,,,,,,,,,,,,,,,,,,,,,,,,,,,,,,,,,,,,,,,,,,,,,,,,,,,,,,,,,,,,,,,,,,,,,58759,"<span lang=""EN-GB"">Suppose
     you want to find a route to home when you are alone at Starbucks.<o:p></o:p></span>"
11/1/2018 18:51,11/1/2018 18:54,0,172.98.87.151,77,147,0,11/8/2018 17:54,R_vC6491shPgJLx17,,,,,,,anonymous,EN,"1,2,3,4",,,,,,,,,,,,,,,,,,,,,,,,,,,,,,,,,,,,,,,,,,,,,,,,,,,,,,,,,,,,,,,,,,,,,,,,,,,,,,,,,,,,,,,,,,,,,,,,,,,,,,,,,,,,,,,,,,,,,,,,,,,,,,,,,,,,,,,,,,,,,,,,,,,,,,,,,,,,,,,,,,,,,,,,,,,,,,,,,,,,,,,,,,,,,,,,,,,,,,,,,,,,,,,,,,,31001,"<span lang=""EN-GB"">Suppose you want to find a route to home while walking on a street with your close friends.<o:p></o:p></span>"
11/8/2018 17:54,11/8/2018 17:54,0,73.55.32.154,100,18,1,11/8/2018 17:54,R_pnoCeqL68ChIY25,,,,,27.06059265,-82.35199738,anonymous,EN,2,,,,,,,,,,,,,,,,,,,,,,,,,,,,,,,,,,,,,,,,,,,,,,,,,,,,,,,,,,,,,,,,,,,,,,,,,,,,,,,,,,,,,,,,,,,,,,,,,,,,,,,,,,,,,,,,,,,,,,,,,,,,,,,,,,,,,,,,,,,,,,,,,,,,,,,,,,,,,,,,,,,,,,,,,,,,,,,,,,,,,,,,,,,,,,,,,,,,,,,,,,,,,,,,,,,98773,"<span lang=""EN-GB"">Suppose
     you want to a send an email when you are surrounded by people you know
     (e.g., acquaintances, colleagues) your home.<o:p></o:p></span>"
11/8/2018 17:57,11/8/2018 17:58,0,75.17.157.121,100,53,1,11/8/2018 17:58,R_1litYSnfrPBgeGT,,,,,42.70599365,-87.80139923,anonymous,EN,2,,,,,,,,,,,,,,,,,,,,,,,,,,,,,,,,,,,,,,,,,,,,,,,,,,,,,,,,,,,,,,,,,,,,,,,,,,,,,,,,,,,,,,,,,,,,,,,,,,,,,,,,,,,,,,,,,,,,,,,,,,,,,,,,,,,,,,,,,,,,,,,,,,,,,,,,,,,,,,,,,,,,,,,,,,,,,,,,,,,,,,,,,,,,,,,,,,,,,,,,,,,,,,,,,,,38750,"<span lang=""EN-GB"">Suppose you have planned to meet a friend next week and you want to put this on your calendar when you are with a very close friend at a park.&nbsp;<o:p></o:p></span>"
11/8/2018 17:56,11/8/2018 17:59,0,24.163.13.47,100,208,1,11/8/2018 17:59,R_21G8E2rvrxXydZC,,,,,36.03410339,-80.39620209,anonymous,EN,"1,2,3,4,5","1,2,5",,1,,"2,3",,1,,1,,2,"1,2,3",,"2,3",,2,"1,2,3",,2,,"2,3",,"1,2,3",,"1,2",,2,,,,,,,,,,,,,,,,,,,,,,,,,,,,,,,,,,,,,,,,,,,,,,,,,,,,,,,,,,,,,,,,,,,,,,,,,,,,,,,,,,,,,,,,,,,,,,,,,,,,,,,,,,,,,,,,,,,,,,,,,,,,,,,,,,,,,,,,,,,,,,,,,,,,,,,,,,,,,,,,,,,,,,,,,,,,,,,,,,,,,,,,57889,"<span lang=""EN-GB"">Suppose
     you want to a view a text message
     when you are walking with a very close friend on a street<o:p></o:p></span>"
11/8/2018 17:53,11/8/2018 17:59,0,38.140.158.26,100,342,1,11/8/2018 17:59,R_3Rk3b300Ro03Hor,,,,,42.20930481,-70.99629974,anonymous,EN,"2,3,4",4,,5,,"2,3",,3,,1,,2,"1,3",,1,,2,6,,5,,3,,2,,5,,4,,,,,,,,,,,,,,,,,,,,,,,,,,,,,,,,,,,,,,,,,,,,,,,,,,,,,,,,,,,,,,,,,,,,,,,,,,,,,,,,,,,,,,,,,,,,,,,,,,,,,,,,,,,,,,,,,,,,,,,,,,,,,,,,,,,,,,,,,,,,,,,,,,,,,,,,,,,,,,,,,,,,,,,,,,,,,,,,,,,,,,,,32679,"<span lang=""EN-GB"">Suppose
     you want to a send a text message when you with people you know (e.g., acquaintances,
     colleagues) at a street<strong>.</strong><o:p></o:p></span>"
11/8/2018 18:01,11/8/2018 18:01,0,75.39.107.68,100,16,1,11/8/2018 18:01,R_3mlYeP5H5VeMRBL,,,,,42.4098053,-82.94409943,anonymous,EN,4,,,,,,,,,,,,,,,,,,,,,,,,,,,,,,,,,,,,,,,,,,,,,,,,,,,,,,,,,,,,,,,,,,,,,,,,,,,,,,,,,,,,,,,,,,,,,,,,,,,,,,,,,,,,,,,,,,,,,,,,,,,,,,,,,,,,,,,,,,,,,,,,,,,,,,,,,,,,,,,,,,,,,,,,,,,,,,,,,,,,,,,,,,,,,,,,,,,,,,,,,,,,,,,,,,,42828,"<span lang=""EN-GB"">Suppose
     you want&nbsp; to a send a text message
     when you are walking with a very close friend on a street<o:p></o:p></span>"
11/8/2018 18:01,11/8/2018 18:03,0,70.95.184.13,100,154,1,11/8/2018 18:03,R_72tZqtpUTnAiLcJ,,,,,32.9651947,-117.1212997,anonymous,EN,"1,2,3,4","2,3,4",,1,,"1,2,3",,1,,"2,3",,3,"2,3",,2,,"2,3","1,2",,"1,2",,"1,6",,"1,2",,"1,2,3",,"1,2",,,,,,,,,,,,,,,,,,,,,,,,,,,,,,,,,,,,,,,,,,,,,,,,,,,,,,,,,,,,,,,,,,,,,,,,,,,,,,,,,,,,,,,,,,,,,,,,,,,,,,,,,,,,,,,,,,,,,,,,,,,,,,,,,,,,,,,,,,,,,,,,,,,,,,,,,,,,,,,,,,,,,,,,,,,,,,,,,,,,,,,,80056,"<span lang=""EN-GB"">Suppose you want to read a digital document when you are at a park.<o:p></o:p></span>"
11/8/2018 17:59,11/8/2018 18:04,0,45.37.110.176,100,296,1,11/8/2018 18:04,R_PYedPDYWAZCLKKZ,,,,,35.92030334,-79.03720093,anonymous,EN,"1,2,6",1,,2,,1,,1,,1,,2,2,,3,,1,2,,1,,2,,2,,"1,3",,2,,,,,,,,,,,,,,,,,,,,,,,,,,,,,,,,,,,,,,,,,,,,,,,,,,,,,,,,,,,,,,,,,,,,,,,,,,,,,,,,,,,,,,,,,,,,,,,,,,,,,,,,,,,,,,,,,,,,,,,,,,,,,,,,,,,,,,,,,,,,,,,,,,,,,,,,,,,,,,,,,,,,,,,,,,,,,,,,,,,,,,,,11359,"<span lang=""EN-GB"">Suppose
     you want to watch some video when you are with people you know (e.g.,
     acquaintances, colleagues) in a park.<o:p></o:p></span>"
11/8/2018 18:02,11/8/2018 18:04,0,137.186.213.200,100,152,1,11/8/2018 18:04,R_3CWnoEj3sHkjzEm,,,,,51.06210327,-114.1158981,anonymous,EN,"1,2,3,4,6","1,2,3,4,5",,"2,3",,"2,3,4",,1,,"1,2,3,4",,"1,2,3","1,2,3",,"1,2,3",,"1,2,3","1,2,3,4",,"1,2,3",,"1,2,3,4",,"2,3",,"1,2,3",,"1,2",,,,,,,,,,,,,,,,,,,,,,,,,,,,,,,,,,,,,,,,,,,,,,,,,,,,,,,,,,,,,,,,,,,,,,,,,,,,,,,,,,,,,,,,,,,,,,,,,,,,,,,,,,,,,,,,,,,,,,,,,,,,,,,,,,,,,,,,,,,,,,,,,,,,,,,,,,,,,,,,,,,,,,,,,,,,,,,,,,,,,,,,60872,"<span lang=""EN-GB"">Suppose you are at your gym and you want to track the amount of calories&nbsp;</span>you have burnt your workout.&nbsp;"
11/8/2018 17:59,11/8/2018 18:05,0,76.84.25.21,100,343,1,11/8/2018 18:05,R_NXsf21cEUPKL0Xf,,,,,40.78930664,-96.69380188,anonymous,EN,"1,2,6","2,5",,2,,"1,2",,1,,1,,"1,2","2,3",,3,,"1,3","1,4",,"2,3",,"2,3",,2,,"1,3",,2,,,,,,,,,,,,,,,,,,,,,,,,,,,,,,,,,,,,,,,,,,,,,,,,,,,,,,,,,,,,,,,,,,,,,,,,,,,,,,,,,,,,,,,,,,,,,,,,,,,,,,,,,,,,,,,,,,,,,,,,,,,,,,,,,,,,,,,,,,,,,,,,,,,,,,,,,,,,,,,,,,,,,,,,,,,,,,,,,,,,,,,,60398,"<span lang=""EN-GB"">Suppose
     you want to listen to some audio when you are alone at your home.<strong><o:p></o:p></strong></span>"
11/8/2018 18:09,11/8/2018 18:09,0,172.58.175.129,100,11,1,11/8/2018 18:09,R_1hZ5lkbqPYJagc9,,,,,28.48710632,-81.40820313,anonymous,EN,3,,,,,,,,,,,,,,,,,,,,,,,,,,,,,,,,,,,,,,,,,,,,,,,,,,,,,,,,,,,,,,,,,,,,,,,,,,,,,,,,,,,,,,,,,,,,,,,,,,,,,,,,,,,,,,,,,,,,,,,,,,,,,,,,,,,,,,,,,,,,,,,,,,,,,,,,,,,,,,,,,,,,,,,,,,,,,,,,,,,,,,,,,,,,,,,,,,,,,,,,,,,,,,,,,,,86838,"<span lang=""EN-GB"">Suppose
     you want to a send a text message when you are surrounded by people you
     know (e.g., acquaintances, colleagues) at a restaurant.<o:p></o:p></span>"
11/8/2018 18:21,11/8/2018 18:25,0,137.103.52.6,100,282,1,11/8/2018 18:25,R_3k0W2O8ehuI0Z1b,,,,,25.70219421,-80.29779816,anonymous,EN,"1,2,3,4","1,2",,3,,"1,2,3",,1,,1,,1,1,,"1,2,3",,1,"1,2,3",,"1,2,3",,"1,2,3",,"1,2",,"1,2",,"1,2",,,,,,,,,,,,,,,,,,,,,,,,,,,,,,,,,,,,,,,,,,,,,,,,,,,,,,,,,,,,,,,,,,,,,,,,,,,,,,,,,,,,,,,,,,,,,,,,,,,,,,,,,,,,,,,,,,,,,,,,,,,,,,,,,,,,,,,,,,,,,,,,,,,,,,,,,,,,,,,,,,,,,,,,,,,,,,,,,,,,,,,,37996,"<span lang=""EN-GB"">Suppose you want to a view a text message when you are alone at a street.<o:p></o:p></span>"
11/8/2018 18:29,11/8/2018 18:33,0,156.40.252.4,100,214,1,11/8/2018 18:33,R_1r78J2W7HbQAfTg,,,,,38.98959351,-77.15380096,anonymous,EN,"1,2,6","1,2,3",,5,,"1,2,4",,1,,1,,1,5,,"2,3",,1,"1,3",,2,,"2,3",,2,,"1,3",,4,,2,,,,,,,,,,,,,,,,,,,,,,,,,,,,,,"2,5",,1,,"1,2,3,4",,1,,2,,2,3,,3,,"1,2",,"1,2",,2,,"1,2",,"1,3",,"1,2",,2,,,,,,,,,,,,,,,,,,,,,,,,,,,,,,,,,,,,,,,,,,,,,,,,,,,,,,,,,,,,,,,,,,,,,,,,,,,,,,,,,,,,,,,,,,,,,,,,,,,,,,,,,,,,,,,,,,,,,,,,,,,,,27048,"<span lang=""EN-GB"">Suppose you want to find a route to a coffee shop when you are
     at home </span><span lang=""EN-GB"">with
     people you are close to (e.g., friends, family members)</span><strong><span lang=""EN-GB""><o:p></o:p></span></strong>"
11/8/2018 18:33,11/8/2018 18:33,0,156.40.252.4,100,8,1,11/8/2018 18:33,R_2tummP0eu1QvKkb,,,,,38.98959351,-77.15380096,anonymous,EN,"1,2",,,,,,,,,,,,,,,,,,,,,,,,,,,,,,,,,,,,,,,,,,,,,,,,,,,,,,,,,,,,,,,,,,,,,,,,,,,,,,,,,,,,,,,,,,,,,,,,,,,,,,,,,,,,,,,,,,,,,,,,,,,,,,,,,,,,,,,,,,,,,,,,,,,,,,,,,,,,,,,,,,,,,,,,,,,,,,,,,,,,,,,,,,,,,,,,,,,,,,,,,,,,,,,,,,,17478,"<span lang=""EN-GB"">Suppose
     you want to set up a reminder when you with people you know (e.g.,
     acquaintances, colleagues) at a park.<o:p></o:p></span>"
11/8/2018 18:32,11/8/2018 18:35,0,98.207.126.44,100,183,1,11/8/2018 18:35,R_1r7z5WOTmaYOBxb,,,,,37.5605011,-121.9999008,anonymous,EN,"1,2,5","1,4,5",,2,,"3,4",,1,,4,,"1,3","1,2,3",,3,,2,4,,"2,3",,2,,"2,3",,"1,2,3",,"1,2",,,,,,,,,,,,,,,,,,,,,,,,,,,,,,,,,,,,,,,,,,,,,,,,,,,,,,,,,,,,,,,,,,,,,,,,,,,,,,,,,,,,,,,,,,,,,,,,,,,,,,,,,,,,,,,,,,,,,,,,,,,,,,,,,,,,,,,,,,,,,,,,,,,,,,,,,,,,,,,,,,,,,,,,,,,,,,,,,,,,,,,,19350,"<span lang=""EN-GB"">Suppose
     you want to watch some video when you are with people you know (e.g.,
     acquaintances, colleagues) at your home.<o:p></o:p></span>"
11/8/2018 18:36,11/8/2018 18:39,0,50.202.110.82,100,185,1,11/8/2018 18:39,R_30kPLbPSgqTKKCA,,,,,47.46479797,-122.2075043,anonymous,EN,"1,2,4,5","2,4",,1,,"2,4",,1,,"2,3,4",,"2,3","1,3",,"1,3",,"2,3","2,3",,"1,3",,"1,3,4",,2,,"2,3",,"1,2",,,,,,,,,,,,,,,,,,,,,,,,,,,,,,,,,,,,,,,,,,,,,,,,,,,,,,,,,,,,,,,,,,,,,,,,,,,,,,,,,,,,,,,,,,,,,,,,,,,,,,,,,,,,,,,,,,,,,,,,,,,,,,,,,,,,,,,,,,,,,,,,,,,,,,,,,,,,,,,,,,,,,,,,,,,,,,,,,,,,,,,,89388,"<span lang=""EN-GB"" style=""font-size:11.0pt;line-height:115%;
font-family:&quot;Arial&quot;,sans-serif;mso-fareast-font-family:Arial;mso-ansi-language:
EN-GB;mso-fareast-language:EN-US;mso-bidi-language:AR-SA"">Suppose you want to a
send an email when you are alone at home</span>"
11/8/2018 18:40,11/8/2018 18:42,0,75.183.92.49,100,141,1,11/8/2018 18:42,R_eJqburEQbIGrKM1,,,,,36.03300476,-79.59719849,anonymous,EN,"1,2,4,6","1,2,4",,"2,3",,"1,2,3",,3,,"1,2,4",,"1,2","1,2",,"1,2,3",,"1,2,3","2,3",,"1,2,3",,"1,2,3,4",,5,,"1,2",,"1,2",,,,,,,,,,,,,,,,,,,,,,,,,,,,,,,,,,,,,,,,,,,,,,,,,,,,,,,,,,,,,,,,,,,,,,,,,,,,,,,,,,,,,,,,,,,,,,,,,,,,,,,,,,,,,,,,,,,,,,,,,,,,,,,,,,,,,,,,,,,,,,,,,,,,,,,,,,,,,,,,,,,,,,,,,,,,,,,,,,,,,,,,77452,"<span lang=""EN-GB"">Suppose
     you want to a view a text message when you are alone at Starbucks.<o:p></o:p></span>"
11/8/2018 18:34,11/8/2018 18:44,0,50.108.227.58,100,565,1,11/8/2018 18:44,R_1P1S4ixeVyWJXZv,,,,,42.68589783,-75.48300171,anonymous,EN,"2,3,4","2,3,4,5",,1,,"1,2",,1,,1,,"2,3","1,2",,5,,"2,3",2,,2,,"3,6",,5,,"1,3",,2,,,,,,,,,,,,,,,,,,,,,,,,,,,,,,,,,,,,,,,,,,,,,,,,,,,,,,,,,,,,,,,,,,,,,,,,,,,,,,,,,,,,,,,,,,,,,,,,,,,,,,,,,,,,,,,,,,,,,,,,,,,,,,,,,,,,,,,,,,,,,,,,,,,,,,,,,,,,,,,,,,,,,,,,,,,,,,,,,,,,,,,,9475,"<span lang=""EN-GB"" style=""font-size:11.0pt;line-height:115%;
font-family:&quot;Arial&quot;,sans-serif;mso-fareast-font-family:Arial;mso-ansi-language:
EN-GB;mso-fareast-language:EN-US;mso-bidi-language:AR-SA"">Suppose you want to a
send an email when you are at Starbucks.</span>"
11/1/2018 19:43,11/1/2018 19:44,0,174.59.105.108,77,47,0,11/8/2018 18:44,R_TpxfBKST48jCcUx,,,,,,,anonymous,EN,"1,2,3",,,,,,,,,,,,,,,,,,,,,,,,,,,,,,,,,,,,,,,,,,,,,,,,,,,,,,,,,,,,,,,,,,,,,,,,,,,,,,,,,,,,,,,,,,,,,,,,,,,,,,,,,,,,,,,,,,,,,,,,,,,,,,,,,,,,,,,,,,,,,,,,,,,,,,,,,,,,,,,,,,,,,,,,,,,,,,,,,,,,,,,,,,,,,,,,,,,,,,,,,,,,,,,,,,,52476,"Suppose you are alone at home, you want to take a break from studying/working&nbsp;<p>so you decide to play a video game with some with some people you know (e.g., acquaintances, colleagues).<o:p></o:p></p>"
11/8/2018 18:43,11/8/2018 18:44,0,172.56.37.115,100,78,1,11/8/2018 18:44,R_1Fnu5QDX9XlpdmK,,,,,40.7664032,-74.16950226,anonymous,EN,"1,2,3,4",1,,1,,1,,1,,3,,2,"1,2,3",,2,,2,2,,2,,"1,3",,"2,3",,5,,2,,,,,,,,,,,,,,,,,,,,,,,,,,,,,,,,,,,,,,,,,,,,,,,,,,,,,,,,,,,,,,,,,,,,,,,,,,,,,,,,,,,,,,,,,,,,,,,,,,,,,,,,,,,,,,,,,,,,,,,,,,,,,,,,,,,,,,,,,,,,,,,,,,,,,,,,,,,,,,,,,,,,,,,,,,,,,,,,,,,,,,,,30307,"<span lang=""EN-GB"">Suppose
     you want to set up a reminder when you are with people you know (e.g.,
     acquaintances, colleagues) at your home.<o:p></o:p></span>"
11/8/2018 18:42,11/8/2018 18:45,0,45.36.136.242,100,168,1,11/8/2018 18:45,R_1Qgax6t7Szkyna6,,,,,36.14280701,-80.30690002,anonymous,EN,"1,2,3","2,3,5",,"1,3",,"2,3",,1,,1,,3,"1,2,3",,"2,3",,2,"2,3",,"1,2",,"1,3,4",,"1,2",,"1,2,3",,2,,,,,,,,,,,,,,,,,,,,,,,,,,,,,,,,,,,,,,,,,,,,,,,,,,,,,,,,,,,,,,,,,,,,,,,,,,,,,,,,,,,,,,,,,,,,,,,,,,,,,,,,,,,,,,,,,,,,,,,,,,,,,,,,,,,,,,,,,,,,,,,,,,,,,,,,,,,,,,,,,,,,,,,,,,,,,,,,,,,,,,,,73477,"<span lang=""EN-GB"" style=""font-size:11.0pt;line-height:115%;
font-family:&quot;Arial&quot;,sans-serif;mso-fareast-font-family:Arial;mso-ansi-language:
EN-GB;mso-fareast-language:EN-US;mso-bidi-language:AR-SA"">Suppose you want to
find a route to a coffee shop when you are alone at home.</span>"
11/8/2018 18:48,11/8/2018 18:51,0,76.102.199.150,100,128,1,11/8/2018 18:51,R_2zo9GYEegpvBj25,,,,,37.79170227,-122.4185944,anonymous,EN,"1,2,3,4,5,6","1,2",,"1,2",,"1,2",,1,,1,,"1,2","1,2",,"1,2",,"1,2,3","1,2,3",,"1,2,3",,"1,2,3",,"1,2",,"1,2,3",,"1,2",,,,,,,,,,,,,,,,,,,,,,,,,,,,,,,,,,,,,,,,,,,,,,,,,,,,,,,,,,,,,,,,,,,,,,,,,,,,,,,,,,,,,,,,,,,,,,,,,,,,,,,,,,,,,,,,,,,,,,,,,,,,,,,,,,,,,,,,,,,,,,,,,,,,,,,,,,,,,,,,,,,,,,,,,,,,,,,,,,,,,,,,12497,"<span lang=""EN-GB"">Suppose you want to find a route to a coffee shop when you are
     at home </span><span lang=""EN-GB"">with
     people you are close to (e.g., friends, family members)</span><strong><span lang=""EN-GB""><o:p></o:p></span></strong>"
11/8/2018 18:53,11/8/2018 18:53,0,24.11.71.23,100,16,1,11/8/2018 18:53,R_OIH3UU1AxjxGKgF,,,,,41.17390442,-111.9809036,anonymous,EN,"2,4",,,,,,,,,,,,,,,,,,,,,,,,,,,,,,,,,,,,,,,,,,,,,,,,,,,,,,,,,,,,,,,,,,,,,,,,,,,,,,,,,,,,,,,,,,,,,,,,,,,,,,,,,,,,,,,,,,,,,,,,,,,,,,,,,,,,,,,,,,,,,,,,,,,,,,,,,,,,,,,,,,,,,,,,,,,,,,,,,,,,,,,,,,,,,,,,,,,,,,,,,,,,,,,,,,,85230,"<span lang=""EN-GB"">Suppose
     you want to purchase something (e.g., book, household items) online when
     you are with your close friends at a park.<o:p></o:p></span>"
11/8/2018 18:56,11/8/2018 19:00,0,108.216.207.76,100,239,1,11/8/2018 19:00,R_8bKZRfmXrYfpqtb,,,,,35.42100525,-97.56159973,anonymous,EN,"1,2,3,4","1,2,4,5",,"1,2",,"1,2,3,4",,1,,"1,3",,2,"1,2,3",,"1,2,3",,"1,2","1,2,3,4",,"1,2,3",,2,,"1,2,3",,"1,2,3",,"1,2",,,,,,,,,,,,,,,,,,,,,,,,,,,,,,,,,,,,,,,,,,,,,,,,,,,,,,,,,,,,,,,,,,,,,,,,,,,,,,,,,,,,,,,,,,,,,,,,,,,,,,,,,,,,,,,,,,,,,,,,,,,,,,,,,,,,,,,,,,,,,,,,,,,,,,,,,,,,,,,,,,,,,,,,,,,,,,,,,,,,,,,,1820,"<span lang=""EN-GB"">Suppose
     you want to watch some video when
     you are at home with people you are close to (e.g., friends, family
     members)<strong><o:p></o:p></strong></span>"
11/8/2018 19:01,11/8/2018 19:03,0,108.216.207.76,100,83,1,11/8/2018 19:03,R_2tx398nOnuE1ZkE,,,,,35.42100525,-97.56159973,anonymous,EN,"1,2,3,4,5","1,2",,"1,2",,1,,1,,"1,2,3",,"1,2",2,,"1,2",,2,"2,3,4",,"1,2",,"1,2",,"1,2",,"1,2",,"1,2",,,,,,,,,,,,,,,,,,,,,,,,,,,,,,,,,,,,,,,,,,,,,,,,,,,,,,,,,,,,,,,,,,,,,,,,,,,,,,,,,,,,,,,,,,,,,,,,,,,,,,,,,,,,,,,,,,,,,,,,,,,,,,,,,,,,,,,,,,,,,,,,,,,,,,,,,,,,,,,,,,,,,,,,,,,,,,,,,,,,,,,,20752,"<span lang=""EN-GB"">Suppose you are alone at home, you want to take a break from studying/working&nbsp;</span>so you decide to play an online/digital game with some close friends ."
11/8/2018 19:06,11/8/2018 19:07,0,67.247.208.134,100,19,1,11/8/2018 19:07,R_1jJp7hjG6UIg8un,,,,,42.83709717,-78.74839783,anonymous,EN,2,,,,,,,,,,,,,,,,,,,,,,,,,,,,,,,,,,,,,,,,,,,,,,,,,,,,,,,,,,,,,,,,,,,,,,,,,,,,,,,,,,,,,,,,,,,,,,,,,,,,,,,,,,,,,,,,,,,,,,,,,,,,,,,,,,,,,,,,,,,,,,,,,,,,,,,,,,,,,,,,,,,,,,,,,,,,,,,,,,,,,,,,,,,,,,,,,,,,,,,,,,,,,,,,,,,84543,"<span lang=""EN-GB"">Suppose you want to control some devices/appliances (e.g., smart lights) when you are at home with people you are close to (e.g., friends, family members)<strong><o:p></o:p></strong></span>"
11/8/2018 19:10,11/8/2018 19:10,0,67.140.16.212,100,23,1,11/8/2018 19:10,R_1MQTAdiXa6m4tHU,,,,,31.05639648,-95.55010223,anonymous,EN,1,,,,,,,,,,,,,,,,,,,,,,,,,,,,,,,,,,,,,,,,,,,,,,,,,,,,,,,,,,,,,,,,,,,,,,,,,,,,,,,,,,,,,,,,,,,,,,,,,,,,,,,,,,,,,,,,,,,,,,,,,,,,,,,,,,,,,,,,,,,,,,,,,,,,,,,,,,,,,,,,,,,,,,,,,,,,,,,,,,,,,,,,,,,,,,,,,,,,,,,,,,,,,,,,,,,30844,"<span lang=""EN-GB"">Suppose
     you want to find a route to home when you are alone at Starbucks.<o:p></o:p></span>"
11/8/2018 19:09,11/8/2018 19:13,0,98.4.131.27,100,242,1,11/8/2018 19:13,R_12yHZQI2bfIImfq,,,,,44.82420349,-68.79180145,anonymous,EN,"1,2,4",2,,2,,4,,1,,1,,2,1,,2,,2,1,,1,,3,,1,,3,,4,,2,,,,,,,,,,,,,,,,,,,,,,,,,,,,,,3,,3,,3,,1,,1,,3,2,,2,,1,,2,,3,,1,,3,,1,,1,,,,,,,,,,,,,,,,,,,,,,,,,,,,,,,,,,,,,,,,,,,,,,,,,,,,,,,,,,,,,,,,,,,,,,,,,,,,,,,,,,,,,,,,,,,,,,,,,,,,,,,,,,,,,,,,,,,,,,,,,,,,,14787,"<span lang=""EN-GB"">Suppose you are at sitting at Starbucks and you want to play a digital/online&nbsp;</span>game."
11/8/2018 19:05,11/8/2018 19:13,0,24.192.236.194,100,495,1,11/8/2018 19:13,R_qwK3TorS4u1mUIV,,,,,34.71080017,-86.74250031,anonymous,EN,"1,2,3,4","2,5",,1,,1,,1,,1,,1,3,,2,,1,2,,2,,3,,2,,5,,2,,2,,,,,,,,,,,,,,,,,,,,,,,,,,,,,,"2,5",,1,,1,,1,,1,,1,3,,2,,2,,3,,"2,3",,2,,"2,3",,5,,2,,,,,,,,,,,,,,,,,,,,,,,,,,,,,,,,,,,,,,,,,,,,,,,,,,,,,,,,,,,,,,,,,,,,,,,,,,,,,,,,,,,,,,,,,,,,,,,,,,,,,,,,,,,,,,,,,,,,,,Male,39,Aerospace Defense Weapons Tech,3,1,,3,84731,"<span lang=""EN-GB"">Suppose
     you want to a send a text message when you are surrounded by people you
     know (e.g., acquaintances, colleagues) at your home.<o:p></o:p></span>"
